23.0	24.0
321.0	934.0
648.0	1508.0
600.0	1632.0
598.0	1237.0
173.0	487.0
0.0	0.0
281.0	782.0
341.0	648.0
541.0	1095.0
1104.0	1925.0
759.0	1441.0
0.0	350.0
0.0	171.0
982.0	2518.0
800.0	2044.0
302.0	1190.0
665.0	1925.0
60.0	210.0
17.0	196.0
579.0	817.0
1336.0	2366.0
563.0	5611.0
297.0	380.0
183.0	574.0
1621.0	4439.0
71.0	118.0
276.0	740.0
283.0	628.0
128.0	516.0
123.0	425.0
135.0	243.0
456.0	1393.0
779.0	1131.0
541.0	1395.0
1310.0	2126.0
99.0	99.0
325.0	754.0
224.0	1284.0
92.0	92.0
326.0	589.0
970.0	2023.0
242.0	775.0
59.0	202.0
200.0	501.0
681.0	1708.0
472.0	919.0
165.0	821.0
1096.0	4212.0
262.0	554.0
187.0	369.0
202.0	446.0
1651.0	3966.0
0.0	186.0
1114.0	2481.0
577.0	910.0
134.0	214.0
341.0	715.0
0.0	52.0
490.0	585.0
420.0	1192.0
0.0	131.0
230.0	404.0
220.0	335.0
1725.0	3661.0
95.0	321.0
465.0	766.0
106.0	429.0
156.0	454.0
297.0	726.0
9.0	60.0
1001.0	1910.0
861.0	2804.0
176.0	538.0
1261.0	2042.0
387.0	699.0
78.0	150.0
464.0	843.0
694.0	837.0
774.0	4395.0
199.0	582.0
660.0	1066.0
247.0	452.0
919.0	1254.0
55.0	401.0
381.0	694.0
162.0	263.0
352.0	513.0
251.0	355.0
585.0	795.0
263.0	346.0
522.0	3353.0
21.0	21.0
249.0	701.0
11.0	218.0
509.0	2004.0
520.0	1893.0
2241.0	4640.0
157.0	893.0
251.0	498.0
808.0	1750.0
249.0	2450.0
783.0	4943.0
245.0	438.0
2322.0	3612.0
220.0	415.0
91.0	271.0
915.0	1133.0
1299.0	2482.0
138.0	138.0
37.0	250.0
52.0	256.0
43.0	400.0
982.0	1664.0
1338.0	2639.0
196.0	518.0
204.0	207.0
288.0	470.0
136.0	720.0
398.0	816.0
361.0	804.0
2835.0	6569.0
272.0	1108.0
431.0	985.0
1857.0	4681.0
422.0	1254.0
77.0	309.0
1120.0	2100.0
352.0	777.0
31.0	84.0
281.0	942.0
551.0	1056.0
152.0	197.0
514.0	1082.0
397.0	1116.0
870.0	2375.0
108.0	606.0
203.0	275.0
90.0	155.0
344.0	1442.0
166.0	306.0
11024.0	46367.0
41.0	277.0
304.0	456.0
237.0	406.0
270.0	384.0
1176.0	1524.0
304.0	637.0
0.0	0.0
0.0	197.0
333.0	1230.0
115.0	433.0
483.0	732.0
1468.0	2969.0
213.0	602.0
328.0	625.0
80.0	379.0
194.0	380.0
351.0	1603.0
206.0	316.0
1935.0	4123.0
0.0	90.0
826.0	1728.0
68.0	124.0
1165.0	1955.0
85.0	435.0
38.0	369.0
451.0	1221.0
220.0	390.0
151.0	449.0
54.0	284.0
56.0	56.0
302.0	708.0
444.0	736.0
466.0	826.0
128.0	417.0
300.0	459.0
169.0	222.0
77.0	243.0
265.0	425.0
679.0	1844.0
729.0	2141.0
3340.0	9754.0
433.0	889.0
846.0	2951.0
355.0	742.0
315.0	482.0
1256.0	4593.0
564.0	1164.0
331.0	2208.0
500.0	1119.0
0.0	171.0
174.0	337.0
168.0	410.0
648.0	1717.0
1945.0	4568.0
204.0	444.0
281.0	1546.0
1694.0	3839.0
0.0	0.0
0.0	96.0
496.0	896.0
219.0	330.0
241.0	509.0
0.0	0.0
171.0	612.0
33.0	64.0
136.0	159.0
180.0	503.0
893.0	1810.0
381.0	959.0
358.0	1003.0
0.0	30.0
620.0	1263.0
519.0	1094.0
216.0	512.0
134.0	164.0
567.0	1368.0
1143.0	1966.0
64.0	826.0
1967.0	5146.0
787.0	1389.0
292.0	424.0
635.0	704.0
16.0	183.0
194.0	643.0
0.0	421.0
798.0	1675.0
198.0	266.0
0.0	0.0
213.0	876.0
141.0	218.0
4886.0	16438.0
232.0	1054.0
2299.0	4393.0
1259.0	2073.0
724.0	1820.0
1164.0	3148.0
873.0	1391.0
108.0	200.0
635.0	1173.0
172.0	326.0
429.0	1248.0
346.0	756.0
646.0	2375.0
590.0	2213.0
47.0	67.0
322.0	655.0
0.0	0.0
532.0	2071.0
152.0	438.0
409.0	930.0
83.0	139.0
340.0	402.0
259.0	388.0
15668.0	42465.0
430.0	1400.0
803.0	1523.0
144.0	522.0
258.0	1259.0
228.0	599.0
374.0	679.0
576.0	1203.0
144.0	301.0
746.0	3826.0
40.0	258.0
115.0	287.0
461.0	606.0
269.0	542.0
0.0	382.0
707.0	2044.0
380.0	673.0
250.0	681.0
443.0	554.0
83.0	126.0
162.0	513.0
865.0	1894.0
315.0	735.0
209.0	590.0
0.0	0.0
65.0	295.0
16993.0	88796.0
21.0	60.0
174.0	422.0
274.0	519.0
118.0	196.0
112.0	216.0
1463.0	3725.0
306.0	645.0
287.0	1470.0
124.0	218.0
57.0	1021.0
806.0	1254.0
335.0	1781.0
356.0	494.0
90.0	90.0
80.0	942.0
247.0	796.0
1071.0	2154.0
889.0	3386.0
19.0	815.0
373.0	1333.0
3246.0	6374.0
745.0	1479.0
426.0	1408.0
776.0	1659.0
484.0	1667.0
572.0	1660.0
364.0	724.0
352.0	525.0
165.0	452.0
580.0	1040.0
13.0	100.0
414.0	554.0
482.0	725.0
207.0	412.0
1806.0	3850.0
334.0	939.0
344.0	758.0
170.0	279.0
107.0	205.0
133.0	219.0
123.0	265.0
93.0	382.0
29.0	215.0
95.0	143.0
126.0	194.0
166.0	314.0
144.0	161.0
971.0	2949.0
249.0	362.0
164.0	226.0
366.0	1779.0
401.0	1277.0
332.0	1259.0
135.0	435.0
10.0	40.0
1204.0	1868.0
537.0	1962.0
501.0	1635.0
0.0	75.0
182.0	922.0
471.0	639.0
2069.0	3594.0
356.0	994.0
501.0	1123.0
50.0	126.0
3122.0	27350.0
8660.0	25349.0
411.0	763.0
28.0	283.0
54.0	97.0
319.0	838.0
0.0	24.0
652.0	1863.0
137.0	1077.0
533.0	1067.0
68.0	140.0
70.0	258.0
356.0	1184.0
210.0	930.0
270.0	870.0
235.0	606.0
2515.0	8139.0
892.0	1661.0
1855.0	4483.0
425.0	1035.0
57.0	133.0
38.0	645.0
249.0	439.0
624.0	1137.0
418.0	737.0
323.0	483.0
515.0	1753.0
543.0	791.0
507.0	1177.0
140.0	1267.0
205.0	479.0
531.0	1957.0
115.0	229.0
342.0	1874.0
16.0	418.0
97.0	227.0
228.0	273.0
864.0	1351.0
382.0	1029.0
280.0	881.0
400.0	448.0
1964.0	3211.0
173.0	610.0
214.0	698.0
1371.0	2692.0
671.0	1552.0
122.0	143.0
845.0	1129.0
732.0	1828.0
695.0	1914.0
0.0	0.0
2308.0	19243.0
441.0	985.0
292.0	2478.0
308.0	515.0
1330.0	2505.0
517.0	789.0
477.0	621.0
236.0	522.0
319.0	715.0
44.0	374.0
439.0	574.0
518.0	977.0
247.0	274.0
334.0	581.0
559.0	1251.0
990.0	1630.0
0.0	184.0
77.0	77.0
0.0	31.0
189.0	205.0
381.0	436.0
1490.0	5436.0
243.0	403.0
11861.0	28494.0
30.0	52.0
168.0	247.0
334.0	610.0
1000.0	4471.0
878.0	1435.0
311.0	614.0
128.0	331.0
350.0	486.0
1667.0	4736.0
575.0	1817.0
1410.0	4106.0
14.0	660.0
348.0	3704.0
1294.0	7380.0
494.0	740.0
62.0	692.0
157.0	362.0
271.0	460.0
104.0	897.0
991.0	1370.0
64.0	81.0
1104.0	2547.0
0.0	0.0
157.0	481.0
822.0	1196.0
42.0	344.0
261.0	516.0
1361.0	2806.0
541.0	1265.0
331.0	944.0
516.0	1377.0
2336.0	4792.0
0.0	0.0
5384.0	16517.0
112.0	372.0
1833.0	3410.0
207.0	611.0
0.0	204.0
95.0	220.0
350.0	954.0
210.0	810.0
262.0	1083.0
36.0	77.0
848.0	1334.0
1282.0	2876.0
165.0	184.0
300.0	404.0
1393.0	2618.0
1144.0	1906.0
57.0	57.0
25.0	62.0
0.0	297.0
351.0	428.0
304.0	784.0
763.0	1718.0
1151.0	2365.0
1342.0	2294.0
1024.0	2953.0
1923.0	7633.0
23.0	1740.0
90.0	225.0
1170.0	1778.0
125.0	490.0
0.0	0.0
133.0	899.0
477.0	1063.0
992.0	3268.0
118.0	407.0
44.0	76.0
457.0	788.0
1812.0	4325.0
185.0	598.0
567.0	843.0
476.0	825.0
765.0	901.0
343.0	587.0
2332.0	5847.0
1874.0	18987.0
243.0	465.0
0.0	54.0
0.0	78.0
0.0	352.0
654.0	1486.0
1475.0	3172.0
859.0	1523.0
243.0	529.0
220.0	544.0
294.0	594.0
0.0	0.0
1224.0	2722.0
168.0	435.0
0.0	112.0
0.0	0.0
536.0	1517.0
454.0	531.0
254.0	504.0
396.0	1162.0
238.0	494.0
144.0	193.0
29.0	44.0
715.0	1815.0
160.0	342.0
920.0	1834.0
6397.0	19844.0
2187.0	10379.0
764.0	1124.0
994.0	1582.0
807.0	2350.0
251.0	357.0
892.0	2383.0
42.0	61.0
771.0	961.0
25.0	51.0
487.0	1034.0
385.0	1415.0
728.0	1276.0
378.0	803.0
162.0	431.0
215.0	453.0
136.0	646.0
241.0	597.0
2399.0	3951.0
0.0	1188.0
78.0	176.0
855.0	1516.0
962.0	1701.0
2015.0	3480.0
236.0	458.0
427.0	733.0
212.0	552.0
717.0	1199.0
928.0	1451.0
46.0	144.0
612.0	1052.0
451.0	2720.0
695.0	1566.0
589.0	1171.0
238.0	584.0
694.0	1341.0
642.0	964.0
615.0	1808.0
212.0	510.0
2809.0	5873.0
1286.0	3265.0
415.0	1388.0
2944.0	11694.0
418.0	599.0
9452.0	25599.0
340.0	451.0
0.0	23.0
152.0	800.0
0.0	0.0
454.0	1178.0
25.0	274.0
152.0	1041.0
384.0	676.0
377.0	852.0
274.0	539.0
59.0	269.0
190.0	1682.0
263.0	882.0
70.0	99.0
757.0	1227.0
395.0	548.0
0.0	0.0
450.0	1227.0
1318.0	4204.0
270.0	682.0
402.0	918.0
302.0	442.0
55.0	62.0
532.0	1181.0
305.0	1547.0
0.0	16.0
408.0	1011.0
515.0	1378.0
1274.0	2331.0
571.0	1193.0
780.0	2739.0
0.0	15.0
509.0	1136.0
518.0	888.0
226.0	1516.0
11.0	229.0
126.0	304.0
38.0	88.0
1143.0	2407.0
157.0	302.0
225.0	1006.0
403.0	946.0
243.0	786.0
758.0	1421.0
471.0	985.0
298.0	508.0
504.0	1496.0
148.0	684.0
199.0	730.0
988.0	1856.0
148.0	579.0
153.0	514.0
339.0	540.0
342.0	977.0
404.0	1218.0
242.0	551.0
22.0	305.0
0.0	0.0
387.0	1176.0
388.0	1051.0
285.0	678.0
15240.0	48459.0
0.0	25.0
301.0	393.0
13034.0	59838.0
623.0	1166.0
734.0	2315.0
714.0	1372.0
512.0	912.0
172.0	285.0
273.0	331.0
1037.0	1592.0
73.0	280.0
293.0	926.0
274.0	927.0
472.0	763.0
311.0	3065.0
263.0	740.0
902.0	3084.0
336.0	841.0
357.0	400.0
144.0	270.0
171.0	714.0
1321.0	2343.0
533.0	1003.0
1365.0	3303.0
49.0	65.0
412.0	902.0
319.0	1539.0
1057.0	2112.0
183.0	318.0
378.0	943.0
1707.0	5136.0
368.0	1425.0
0.0	149.0
271.0	1174.0
511.0	902.0
4225.0	15932.0
0.0	0.0
142.0	462.0
0.0	159.0
5849.0	43997.0
573.0	1693.0
100.0	277.0
186.0	227.0
426.0	840.0
841.0	1366.0
635.0	831.0
562.0	1121.0
187.0	625.0
0.0	0.0
43.0	47.0
0.0	16.0
307.0	529.0
70.0	129.0
174.0	277.0
1136.0	1777.0
734.0	1145.0
231.0	303.0
113.0	530.0
411.0	1006.0
404.0	1460.0
23.0	648.0
1282.0	2877.0
173.0	412.0
287.0	2086.0
608.0	973.0
141.0	251.0
483.0	1141.0
422.0	759.0
1622.0	2690.0
198.0	1274.0
1226.0	3022.0
572.0	832.0
860.0	1472.0
848.0	1867.0
363.0	814.0
382.0	1151.0
375.0	965.0
115.0	544.0
44.0	108.0
352.0	824.0
967.0	1989.0
338.0	1116.0
724.0	1985.0
885.0	2505.0
835.0	2426.0
808.0	1947.0
619.0	1751.0
302.0	911.0
107.0	216.0
273.0	470.0
0.0	214.0
1311.0	2092.0
276.0	885.0
232.0	653.0
115.0	659.0
208.0	495.0
269.0	353.0
920.0	1739.0
508.0	557.0
714.0	1683.0
856.0	1285.0
915.0	3321.0
382.0	1708.0
77.0	77.0
912.0	2268.0
263.0	479.0
216.0	1016.0
612.0	907.0
87.0	260.0
0.0	255.0
273.0	545.0
989.0	6831.0
7019.0	26833.0
629.0	1496.0
538.0	1304.0
16.0	16.0
14.0	28.0
203.0	579.0
61.0	998.0
66.0	317.0
325.0	1062.0
786.0	1813.0
305.0	330.0
325.0	675.0
349.0	519.0
817.0	2470.0
214.0	663.0
3251.0	12165.0
225.0	231.0
334.0	389.0
0.0	0.0
240.0	777.0
51.0	169.0
335.0	865.0
19.0	345.0
841.0	1531.0
306.0	1586.0
360.0	1087.0
236.0	355.0
1031.0	1465.0
350.0	589.0
405.0	549.0
400.0	956.0
516.0	1119.0
132.0	290.0
18.0	82.0
653.0	1224.0
472.0	719.0
117.0	297.0
73.0	182.0
843.0	2634.0
0.0	54.0
171.0	498.0
0.0	42.0
496.0	843.0
655.0	912.0
131.0	442.0
283.0	1064.0
953.0	1829.0
462.0	1076.0
0.0	117.0
239.0	445.0
407.0	736.0
1115.0	2302.0
147.0	445.0
596.0	1626.0
74.0	281.0
11496.0	32767.0
89.0	477.0
180.0	577.0
708.0	2062.0
165.0	277.0
203.0	420.0
266.0	652.0
1109.0	5070.0
217.0	692.0
209.0	657.0
72.0	455.0
622.0	1289.0
324.0	653.0
799.0	2028.0
434.0	1400.0
86.0	293.0
170.0	209.0
742.0	5924.0
583.0	1029.0
0.0	34.0
30.0	618.0
161.0	372.0
3973.0	18908.0
674.0	1221.0
853.0	1365.0
1007.0	2095.0
60.0	91.0
837.0	1271.0
2084.0	4030.0
1214.0	3356.0
460.0	825.0
0.0	30.0
18.0	18.0
93.0	131.0
113.0	337.0
13.0	222.0
971.0	5028.0
1031.0	2615.0
501.0	1093.0
476.0	725.0
201.0	703.0
376.0	477.0
101.0	250.0
1074.0	4755.0
555.0	776.0
753.0	1508.0
1264.0	2061.0
345.0	376.0
467.0	1695.0
5451.0	22372.0
536.0	1177.0
0.0	482.0
1421.0	3112.0
465.0	1312.0
608.0	1032.0
336.0	825.0
779.0	1019.0
1760.0	3727.0
1377.0	1898.0
687.0	1226.0
2186.0	13353.0
748.0	2524.0
651.0	1664.0
134.0	703.0
83.0	180.0
312.0	1253.0
267.0	410.0
562.0	1015.0
227.0	743.0
54.0	343.0
280.0	1009.0
172.0	1565.0
402.0	463.0
304.0	575.0
37.0	174.0
531.0	1378.0
48.0	55.0
20.0	99.0
1082.0	4409.0
1202.0	2751.0
16268.0	44587.0
1283.0	3120.0
68.0	441.0
29.0	100.0
199.0	328.0
548.0	1283.0
0.0	0.0
588.0	1097.0
1045.0	2068.0
45.0	45.0
121.0	233.0
637.0	2303.0
2030.0	8302.0
933.0	3154.0
88.0	636.0
1195.0	3634.0
260.0	721.0
305.0	616.0
138.0	293.0
284.0	615.0
261.0	468.0
560.0	1434.0
308.0	909.0
591.0	1477.0
489.0	1869.0
319.0	452.0
402.0	553.0
998.0	2521.0
1636.0	2913.0
855.0	1731.0
159.0	448.0
198.0	543.0
342.0	1449.0
50.0	73.0
924.0	2436.0
174.0	196.0
208.0	310.0
235.0	240.0
945.0	2977.0
120.0	155.0
853.0	1114.0
0.0	201.0
592.0	1803.0
2041.0	6741.0
180.0	338.0
464.0	821.0
398.0	775.0
78.0	135.0
0.0	70.0
1028.0	2115.0
60.0	377.0
3148.0	15535.0
183.0	418.0
293.0	1179.0
19.0	19.0
149.0	211.0
1141.0	2387.0
475.0	1071.0
274.0	428.0
666.0	1978.0
128.0	128.0
69.0	108.0
728.0	1285.0
424.0	1697.0
56.0	98.0
10.0	133.0
596.0	1709.0
831.0	1252.0
231.0	391.0
0.0	0.0
634.0	1578.0
629.0	652.0
94.0	270.0
500.0	1424.0
498.0	1220.0
196.0	621.0
883.0	1865.0
1740.0	2799.0
13.0	80.0
45.0	45.0
211.0	463.0
875.0	1185.0
59.0	305.0
82.0	248.0
108.0	565.0
1282.0	2986.0
2194.0	4280.0
311.0	420.0
158.0	752.0
447.0	1013.0
766.0	1610.0
734.0	1725.0
0.0	0.0
214.0	655.0
4242.0	10582.0
272.0	737.0
1076.0	1961.0
1205.0	1450.0
50.0	78.0
1008.0	1473.0
444.0	1122.0
687.0	1115.0
848.0	1687.0
0.0	356.0
0.0	32.0
140.0	345.0
593.0	1336.0
221.0	654.0
261.0	725.0
159.0	184.0
1155.0	2758.0
946.0	1264.0
970.0	1597.0
168.0	626.0
469.0	1227.0
847.0	2799.0
17.0	715.0
539.0	806.0
180.0	433.0
584.0	1348.0
209.0	299.0
58.0	332.0
749.0	1676.0
260.0	750.0
216.0	595.0
135.0	465.0
1000.0	1877.0
557.0	1465.0
286.0	586.0
1077.0	1717.0
671.0	1842.0
205.0	591.0
289.0	500.0
670.0	1577.0
243.0	565.0
682.0	1539.0
612.0	985.0
441.0	1107.0
147.0	369.0
954.0	1975.0
0.0	95.0
622.0	1887.0
1054.0	19029.0
822.0	1598.0
181.0	339.0
2748.0	7567.0
203.0	928.0
146.0	942.0
1844.0	5009.0
106.0	242.0
120.0	257.0
442.0	984.0
496.0	2334.0
294.0	449.0
195.0	652.0
538.0	1073.0
73.0	404.0
96.0	154.0
2614.0	32101.0
1667.0	3215.0
0.0	0.0
405.0	733.0
122.0	200.0
527.0	1862.0
740.0	1722.0
272.0	331.0
13.0	355.0
688.0	2340.0
62.0	142.0
16.0	397.0
428.0	724.0
0.0	19.0
270.0	315.0
365.0	1528.0
193.0	332.0
131.0	1108.0
360.0	2112.0
353.0	895.0
727.0	2583.0
140.0	404.0
184.0	235.0
399.0	933.0
302.0	468.0
448.0	1539.0
981.0	2060.0
208.0	324.0
345.0	1066.0
59.0	59.0
218.0	248.0
236.0	322.0
418.0	574.0
307.0	606.0
22.0	220.0
85.0	882.0
13427.0	42565.0
284.0	579.0
236.0	312.0
48.0	67.0
124.0	255.0
121.0	259.0
531.0	815.0
12.0	18.0
43.0	361.0
456.0	1219.0
275.0	575.0
778.0	1161.0
743.0	1772.0
76.0	97.0
566.0	1850.0
94.0	436.0
944.0	2157.0
341.0	717.0
414.0	1136.0
0.0	167.0
336.0	651.0
84.0	375.0
446.0	1058.0
482.0	1215.0
1107.0	2701.0
501.0	1465.0
0.0	0.0
105.0	305.0
410.0	649.0
397.0	1755.0
1464.0	4994.0
198.0	800.0
554.0	1332.0
422.0	1024.0
0.0	57.0
0.0	0.0
269.0	441.0
262.0	930.0
476.0	859.0
224.0	239.0
309.0	686.0
819.0	1396.0
761.0	1153.0
694.0	1374.0
200.0	240.0
1676.0	4261.0
758.0	2050.0
127.0	132.0
121.0	269.0
320.0	698.0
26.0	27.0
412.0	1195.0
608.0	1168.0
333.0	578.0
29.0	91.0
511.0	897.0
423.0	1143.0
151.0	303.0
232.0	515.0
1006.0	2273.0
61.0	119.0
250.0	288.0
181.0	432.0
1122.0	4600.0
677.0	1446.0
980.0	2218.0
443.0	1134.0
0.0	0.0
842.0	1529.0
817.0	1488.0
326.0	662.0
334.0	844.0
150.0	590.0
7731.0	24878.0
192.0	849.0
548.0	1135.0
199.0	470.0
252.0	653.0
612.0	1704.0
1842.0	3012.0
192.0	499.0
17.0	811.0
407.0	1025.0
302.0	1048.0
344.0	1793.0
46.0	78.0
375.0	843.0
232.0	393.0
239.0	698.0
61.0	114.0
504.0	1084.0
250.0	682.0
470.0	948.0
196.0	236.0
500.0	709.0
933.0	2404.0
188.0	572.0
468.0	1064.0
1202.0	2003.0
169.0	1233.0
869.0	990.0
492.0	1289.0
109.0	417.0
98.0	1884.0
0.0	91.0
805.0	1365.0
955.0	1927.0
370.0	725.0
183.0	663.0
775.0	934.0
290.0	856.0
275.0	630.0
74.0	77.0
368.0	2640.0
3133.0	13156.0
466.0	990.0
50.0	132.0
5228.0	13469.0
1312.0	3136.0
54.0	247.0
141.0	924.0
584.0	1477.0
630.0	1386.0
208.0	438.0
428.0	1427.0
560.0	589.0
183.0	197.0
171.0	292.0
91.0	503.0
176.0	311.0
0.0	17.0
25.0	378.0
237.0	861.0
340.0	864.0
248.0	550.0
320.0	407.0
22.0	260.0
9.0	115.0
234.0	531.0
565.0	1385.0
147.0	544.0
299.0	1061.0
4500.0	15183.0
425.0	769.0
1685.0	4153.0
249.0	505.0
308.0	721.0
364.0	707.0
378.0	1349.0
264.0	622.0
295.0	508.0
463.0	1023.0
497.0	921.0
0.0	0.0
171.0	330.0
225.0	918.0
443.0	1577.0
15.0	494.0
1114.0	1851.0
755.0	1992.0
46.0	88.0
148.0	620.0
1023.0	4327.0
142.0	551.0
289.0	504.0
13.0	95.0
136.0	984.0
78.0	804.0
719.0	2301.0
345.0	1374.0
441.0	734.0
252.0	469.0
213.0	525.0
207.0	450.0
375.0	1117.0
700.0	2399.0
10.0	30.0
272.0	322.0
755.0	2339.0
0.0	0.0
528.0	1417.0
0.0	0.0
595.0	1071.0
1225.0	3235.0
0.0	324.0
200.0	458.0
772.0	2384.0
324.0	332.0
82.0	366.0
45.0	232.0
0.0	196.0
6238.0	17078.0
125.0	172.0
119.0	352.0
169.0	448.0
148.0	660.0
920.0	1959.0
24.0	97.0
716.0	1086.0
588.0	679.0
0.0	44.0
93.0	328.0
484.0	761.0
356.0	517.0
195.0	195.0
114.0	146.0
0.0	0.0
394.0	558.0
424.0	1220.0
145.0	305.0
278.0	953.0
11026.0	42472.0
189.0	398.0
468.0	1978.0
223.0	651.0
1251.0	1710.0
119.0	774.0
44.0	127.0
1415.0	2995.0
92.0	559.0
206.0	495.0
3347.0	11069.0
313.0	1247.0
0.0	99.0
717.0	1402.0
19.0	196.0
168.0	354.0
840.0	2749.0
329.0	747.0
107.0	218.0
168.0	168.0
799.0	1219.0
256.0	324.0
149.0	749.0
326.0	1586.0
833.0	2065.0
295.0	528.0
76.0	800.0
46.0	46.0
6696.0	15357.0
464.0	902.0
749.0	1344.0
513.0	1303.0
1153.0	3636.0
206.0	322.0
435.0	1013.0
119.0	433.0
0.0	17.0
36.0	117.0
20.0	20.0
372.0	943.0
138.0	305.0
238.0	505.0
1535.0	6243.0
303.0	931.0
294.0	941.0
1474.0	2768.0
9010.0	29446.0
237.0	862.0
107.0	260.0
181.0	227.0
533.0	1928.0
1027.0	4008.0
80.0	121.0
870.0	1060.0
0.0	0.0
327.0	532.0
215.0	308.0
1253.0	3243.0
396.0	431.0
99.0	201.0
0.0	0.0
209.0	447.0
26228.0	81277.0
242.0	1003.0
8556.0	28717.0
402.0	564.0
365.0	488.0
215.0	528.0
367.0	584.0
154.0	196.0
367.0	893.0
834.0	1866.0
75.0	312.0
407.0	935.0
243.0	429.0
330.0	405.0
133.0	829.0
179.0	344.0
0.0	36.0
313.0	583.0
558.0	1288.0
0.0	0.0
13416.0	56763.0
34.0	175.0
40.0	58.0
456.0	884.0
57.0	283.0
172.0	417.0
102.0	233.0
591.0	812.0
322.0	391.0
0.0	0.0
426.0	869.0
74.0	292.0
934.0	2155.0
256.0	624.0
953.0	1838.0
108.0	472.0
603.0	1948.0
3348.0	11307.0
69.0	126.0
393.0	713.0
948.0	1897.0
142.0	279.0
1078.0	1720.0
363.0	710.0
297.0	348.0
91.0	460.0
0.0	36.0
118.0	407.0
1320.0	2250.0
1158.0	3048.0
120.0	247.0
643.0	1771.0
246.0	930.0
1590.0	2929.0
318.0	1862.0
259.0	401.0
1558.0	3168.0
134.0	394.0
382.0	633.0
29.0	64.0
301.0	601.0
90.0	115.0
689.0	3131.0
24.0	57.0
862.0	1558.0
162.0	490.0
671.0	1080.0
544.0	979.0
731.0	1935.0
388.0	463.0
604.0	1360.0
880.0	1809.0
0.0	0.0
851.0	1217.0
358.0	901.0
0.0	186.0
724.0	1513.0
479.0	1890.0
274.0	1030.0
911.0	2289.0
70.0	178.0
1252.0	2837.0
493.0	1199.0
647.0	2032.0
353.0	432.0
663.0	1467.0
4359.0	15068.0
67.0	85.0
337.0	549.0
132.0	370.0
70.0	119.0
78.0	78.0
153.0	518.0
380.0	1096.0
11.0	336.0
342.0	991.0
716.0	1167.0
589.0	1283.0
10.0	22.0
1344.0	3478.0
1624.0	3580.0
332.0	938.0
162.0	732.0
440.0	932.0
1102.0	2608.0
145.0	407.0
288.0	1048.0
75.0	169.0
5006.0	11879.0
12.0	68.0
478.0	826.0
367.0	1494.0
440.0	937.0
265.0	489.0
275.0	468.0
338.0	723.0
221.0	333.0
348.0	503.0
24.0	441.0
823.0	2262.0
332.0	332.0
313.0	615.0
621.0	1276.0
227.0	897.0
587.0	1503.0
39.0	56.0
174.0	216.0
173.0	969.0
246.0	366.0
125.0	485.0
134.0	736.0
279.0	1108.0
349.0	641.0
206.0	679.0
640.0	965.0
458.0	524.0
1036.0	1735.0
120.0	1894.0
989.0	2222.0
296.0	521.0
210.0	708.0
139.0	417.0
232.0	519.0
315.0	471.0
6446.0	27091.0
298.0	501.0
851.0	3094.0
651.0	1547.0
1012.0	2790.0
2121.0	4161.0
8094.0	28390.0
436.0	1053.0
1323.0	2962.0
799.0	1636.0
851.0	1428.0
672.0	1200.0
552.0	775.0
1232.0	2641.0
664.0	1043.0
481.0	2015.0
525.0	1607.0
144.0	320.0
250.0	597.0
526.0	797.0
28.0	366.0
64.0	355.0
86.0	321.0
461.0	685.0
287.0	486.0
1006.0	2330.0
95.0	439.0
293.0	550.0
216.0	356.0
1599.0	3514.0
202.0	302.0
1174.0	4193.0
0.0	273.0
652.0	955.0
281.0	393.0
693.0	1647.0
110.0	249.0
64.0	209.0
31.0	2266.0
448.0	1139.0
775.0	1115.0
899.0	1752.0
441.0	1085.0
762.0	2232.0
169.0	946.0
6.0	16.0
214.0	746.0
33.0	53.0
369.0	527.0
1264.0	1795.0
61.0	481.0
1055.0	1770.0
52.0	123.0
333.0	775.0
50.0	114.0
588.0	981.0
0.0	16.0
184.0	200.0
589.0	1085.0
727.0	1422.0
370.0	629.0
253.0	827.0
66.0	66.0
17.0	2243.0
166.0	881.0
409.0	703.0
0.0	0.0
81.0	415.0
149.0	234.0
954.0	2019.0
234.0	264.0
92.0	174.0
0.0	0.0
0.0	132.0
1086.0	2037.0
637.0	1834.0
128.0	234.0
731.0	1476.0
391.0	722.0
832.0	2416.0
152.0	473.0
79.0	79.0
329.0	1542.0
253.0	526.0
738.0	1615.0
198.0	786.0
225.0	1988.0
31.0	119.0
74.0	563.0
20.0	135.0
71.0	174.0
202.0	273.0
0.0	0.0
92.0	200.0
978.0	1931.0
284.0	357.0
864.0	1589.0
592.0	891.0
1030.0	1463.0
1454.0	3522.0
1109.0	1946.0
5044.0	23258.0
355.0	405.0
1668.0	2346.0
224.0	445.0
415.0	1042.0
510.0	859.0
0.0	0.0
252.0	272.0
91.0	121.0
601.0	2145.0
235.0	818.0
346.0	1927.0
63.0	221.0
327.0	488.0
243.0	326.0
0.0	0.0
1049.0	2829.0
23.0	172.0
886.0	1698.0
20.0	266.0
461.0	1062.0
476.0	2096.0
515.0	1148.0
661.0	888.0
510.0	3364.0
355.0	1156.0
292.0	997.0
714.0	1294.0
3198.0	11237.0
2575.0	6373.0
665.0	1335.0
203.0	344.0
0.0	0.0
908.0	1971.0
912.0	1811.0
701.0	6372.0
39.0	168.0
23.0	23.0
242.0	525.0
320.0	1040.0
412.0	601.0
591.0	1110.0
290.0	298.0
1013.0	2373.0
615.0	821.0
33.0	334.0
58.0	316.0
845.0	2744.0
337.0	736.0
2339.0	4199.0
378.0	688.0
423.0	1821.0
839.0	2856.0
424.0	2622.0
381.0	636.0
134.0	399.0
426.0	1497.0
247.0	523.0
696.0	1403.0
209.0	237.0
105.0	145.0
262.0	333.0
513.0	1044.0
241.0	558.0
159.0	199.0
361.0	1154.0
111.0	159.0
293.0	565.0
3109.0	8538.0
11.0	290.0
248.0	611.0
717.0	2025.0
924.0	1359.0
98.0	113.0
935.0	3643.0
334.0	865.0
1483.0	2745.0
0.0	0.0
454.0	1216.0
627.0	1641.0
747.0	4015.0
146.0	455.0
231.0	349.0
192.0	299.0
871.0	2711.0
536.0	1174.0
1063.0	2530.0
154.0	434.0
466.0	894.0
521.0	1541.0
524.0	2296.0
175.0	267.0
1105.0	2504.0
173.0	226.0
233.0	713.0
171.0	318.0
118.0	353.0
984.0	2501.0
326.0	917.0
290.0	814.0
161.0	313.0
6372.0	20716.0
185.0	573.0
886.0	3051.0
29.0	55.0
446.0	887.0
891.0	1274.0
181.0	423.0
21.0	141.0
1447.0	2067.0
222.0	451.0
300.0	807.0
292.0	362.0
474.0	1190.0
207.0	411.0
225.0	245.0
367.0	1503.0
543.0	1127.0
215.0	894.0
1167.0	2459.0
315.0	1179.0
371.0	2367.0
1290.0	2617.0
311.0	1672.0
1160.0	1569.0
96.0	117.0
319.0	534.0
344.0	637.0
1461.0	3856.0
225.0	272.0
241.0	389.0
587.0	1927.0
46.0	46.0
311.0	538.0
22.0	1080.0
362.0	487.0
112.0	267.0
354.0	768.0
96.0	229.0
182.0	244.0
400.0	978.0
107.0	425.0
13974.0	57784.0
147.0	282.0
619.0	1855.0
235.0	291.0
28.0	564.0
80.0	152.0
127.0	725.0
617.0	1747.0
1480.0	1911.0
397.0	844.0
373.0	797.0
131.0	515.0
1322.0	3214.0
327.0	614.0
212.0	779.0
83.0	189.0
447.0	911.0
428.0	607.0
61.0	377.0
1030.0	2845.0
116.0	203.0
302.0	744.0
586.0	684.0
2510.0	6464.0
1061.0	2937.0
225.0	1624.0
49.0	86.0
60.0	323.0
3551.0	25163.0
256.0	325.0
180.0	588.0
16430.0	52396.0
612.0	1672.0
0.0	447.0
0.0	0.0
593.0	1610.0
2661.0	7016.0
0.0	82.0
72.0	196.0
1025.0	2394.0
62.0	171.0
415.0	1182.0
50.0	102.0
938.0	2333.0
677.0	1353.0
984.0	4592.0
1219.0	2950.0
27.0	69.0
320.0	625.0
79.0	189.0
485.0	2149.0
321.0	1077.0
73.0	248.0
271.0	370.0
129.0	317.0
507.0	931.0
152.0	259.0
4067.0	20896.0
239.0	397.0
219.0	479.0
288.0	503.0
59.0	127.0
0.0	52.0
66.0	423.0
150.0	1504.0
351.0	864.0
0.0	0.0
296.0	1311.0
810.0	1249.0
34.0	207.0
0.0	552.0
1294.0	2525.0
218.0	812.0
1152.0	2048.0
980.0	3411.0
193.0	236.0
141.0	235.0
1713.0	6222.0
149.0	359.0
471.0	976.0
0.0	0.0
153.0	796.0
2299.0	5480.0
33.0	243.0
967.0	2198.0
252.0	747.0
0.0	307.0
197.0	270.0
168.0	205.0
189.0	218.0
356.0	2114.0
72.0	496.0
429.0	1462.0
145.0	445.0
268.0	387.0
185.0	443.0
53.0	62.0
1214.0	3381.0
122.0	589.0
1520.0	3081.0
461.0	845.0
540.0	1195.0
66.0	194.0
0.0	25.0
129.0	260.0
829.0	1485.0
467.0	1351.0
1832.0	3615.0
233.0	836.0
69.0	86.0
208.0	376.0
0.0	0.0
98.0	106.0
963.0	1716.0
280.0	589.0
230.0	452.0
81.0	448.0
1047.0	1777.0
739.0	1274.0
348.0	956.0
1602.0	4375.0
120.0	120.0
263.0	507.0
0.0	0.0
239.0	443.0
110.0	1036.0
2062.0	7621.0
256.0	1556.0
152.0	477.0
560.0	1567.0
491.0	1596.0
237.0	841.0
380.0	777.0
0.0	189.0
11107.0	43728.0
119.0	255.0
34.0	233.0
59.0	96.0
705.0	1819.0
632.0	969.0
436.0	791.0
1692.0	4332.0
2838.0	7406.0
20.0	20.0
422.0	637.0
356.0	1250.0
494.0	775.0
370.0	618.0
345.0	696.0
357.0	498.0
78.0	171.0
70.0	70.0
895.0	1698.0
829.0	1896.0
254.0	613.0
214.0	214.0
196.0	260.0
152.0	602.0
1171.0	2512.0
259.0	731.0
698.0	1348.0
580.0	1261.0
118.0	536.0
211.0	343.0
474.0	1304.0
111.0	170.0
0.0	37.0
4831.0	15827.0
310.0	394.0
130.0	247.0
498.0	1227.0
133.0	1227.0
957.0	2891.0
256.0	464.0
8897.0	21079.0
419.0	560.0
178.0	323.0
0.0	198.0
184.0	534.0
365.0	876.0
683.0	1197.0
495.0	1437.0
0.0	38.0
149.0	638.0
5104.0	17574.0
594.0	901.0
545.0	634.0
599.0	1165.0
20.0	59.0
19.0	371.0
30.0	93.0
101.0	139.0
1082.0	2333.0
98.0	355.0
1053.0	3069.0
76.0	178.0
659.0	1644.0
0.0	0.0
14.0	445.0
1085.0	3436.0
470.0	1716.0
61.0	289.0
533.0	666.0
459.0	956.0
166.0	327.0
381.0	1076.0
122.0	584.0
704.0	1537.0
907.0	2651.0
270.0	600.0
248.0	813.0
1019.0	2036.0
415.0	1164.0
280.0	780.0
687.0	1491.0
2202.0	17046.0
0.0	0.0
0.0	0.0
15704.0	38131.0
332.0	532.0
59.0	219.0
374.0	745.0
226.0	334.0
1970.0	3365.0
89.0	395.0
869.0	971.0
563.0	3246.0
101.0	231.0
186.0	400.0
1089.0	1856.0
0.0	0.0
144.0	545.0
887.0	2151.0
599.0	1271.0
3603.0	5009.0
96.0	550.0
109.0	338.0
190.0	190.0
441.0	1222.0
97.0	106.0
192.0	494.0
643.0	1116.0
1155.0	2570.0
1296.0	2745.0
252.0	593.0
4484.0	10427.0
1216.0	1581.0
13249.0	37056.0
198.0	375.0
194.0	716.0
498.0	731.0
250.0	777.0
267.0	1136.0
1445.0	2352.0
360.0	465.0
181.0	459.0
75.0	141.0
540.0	1020.0
7943.0	27708.0
524.0	1318.0
1450.0	2237.0
379.0	461.0
27.0	166.0
159.0	280.0
384.0	713.0
497.0	1174.0
752.0	1865.0
263.0	463.0
145.0	229.0
325.0	665.0
0.0	535.0
510.0	1376.0
272.0	582.0
735.0	2030.0
819.0	1323.0
447.0	782.0
470.0	1103.0
578.0	803.0
529.0	960.0
56.0	88.0
109.0	604.0
670.0	1577.0
201.0	643.0
280.0	435.0
251.0	710.0
274.0	643.0
281.0	618.0
355.0	869.0
260.0	267.0
213.0	537.0
1404.0	3449.0
127.0	406.0
146.0	350.0
300.0	518.0
282.0	993.0
158.0	338.0
716.0	1280.0
286.0	1399.0
397.0	1154.0
111.0	111.0
100.0	227.0
116.0	274.0
528.0	1283.0
168.0	364.0
1194.0	2969.0
734.0	1348.0
275.0	373.0
423.0	535.0
67.0	351.0
1259.0	2019.0
321.0	1042.0
555.0	913.0
71.0	111.0
276.0	395.0
186.0	542.0
364.0	632.0
122.0	168.0
426.0	987.0
1378.0	3260.0
289.0	707.0
202.0	365.0
1246.0	1743.0
104.0	219.0
781.0	1981.0
434.0	1033.0
617.0	1008.0
160.0	197.0
1681.0	3197.0
358.0	1405.0
39.0	39.0
146.0	371.0
14348.0	35266.0
211.0	318.0
1069.0	2060.0
294.0	750.0
649.0	1233.0
525.0	1480.0
310.0	1238.0
418.0	706.0
301.0	537.0
250.0	394.0
749.0	2626.0
2162.0	4096.0
235.0	299.0
196.0	500.0
0.0	49.0
935.0	1640.0
75.0	101.0
148.0	249.0
59.0	285.0
65.0	67.0
489.0	1140.0
316.0	605.0
930.0	1270.0
808.0	1361.0
126.0	448.0
720.0	2380.0
829.0	1696.0
770.0	1815.0
544.0	1215.0
618.0	1611.0
1069.0	2657.0
617.0	1083.0
399.0	1149.0
234.0	497.0
65.0	111.0
1873.0	3810.0
4686.0	15249.0
1020.0	7564.0
61.0	219.0
461.0	940.0
79.0	470.0
151.0	255.0
87.0	87.0
353.0	1088.0
1339.0	2415.0
0.0	80.0
67.0	67.0
1035.0	1794.0
471.0	644.0
653.0	1683.0
513.0	1207.0
579.0	935.0
510.0	1239.0
425.0	828.0
847.0	1301.0
526.0	1206.0
667.0	1885.0
263.0	325.0
362.0	1003.0
217.0	552.0
1035.0	2368.0
829.0	1650.0
143.0	651.0
645.0	1496.0
237.0	398.0
33.0	39.0
154.0	369.0
190.0	655.0
0.0	46.0
613.0	1347.0
549.0	603.0
1243.0	2735.0
1175.0	2241.0
4258.0	15271.0
260.0	463.0
14.0	71.0
202.0	345.0
576.0	1503.0
59.0	239.0
190.0	295.0
280.0	388.0
832.0	1652.0
585.0	1438.0
482.0	1026.0
405.0	1540.0
750.0	1806.0
1043.0	2798.0
100.0	434.0
203.0	612.0
236.0	845.0
604.0	1600.0
91.0	390.0
199.0	555.0
1276.0	3396.0
248.0	461.0
0.0	0.0
418.0	1389.0
622.0	1832.0
0.0	15.0
179.0	627.0
353.0	370.0
817.0	1765.0
33.0	249.0
828.0	1651.0
1527.0	2762.0
7714.0	31860.0
213.0	922.0
184.0	229.0
111.0	427.0
511.0	1037.0
128.0	175.0
443.0	1050.0
22.0	37.0
501.0	628.0
101.0	175.0
211.0	542.0
21.0	300.0
1127.0	2372.0
332.0	612.0
794.0	5395.0
247.0	662.0
135.0	526.0
369.0	1085.0
53.0	267.0
530.0	1061.0
848.0	1381.0
133.0	363.0
473.0	930.0
0.0	668.0
392.0	625.0
954.0	1311.0
286.0	736.0
401.0	516.0
118.0	415.0
220.0	970.0
917.0	1381.0
87.0	951.0
42.0	321.0
525.0	1170.0
677.0	1797.0
214.0	421.0
481.0	803.0
417.0	3431.0
34.0	409.0
160.0	313.0
524.0	2189.0
0.0	41.0
328.0	362.0
310.0	694.0
309.0	545.0
481.0	1896.0
574.0	846.0
356.0	773.0
41.0	79.0
345.0	906.0
69.0	118.0
442.0	1394.0
1678.0	4481.0
196.0	442.0
0.0	0.0
677.0	1120.0
743.0	1858.0
651.0	876.0
82.0	338.0
17.0	480.0
1265.0	4880.0
273.0	767.0
760.0	882.0
501.0	658.0
0.0	36.0
57.0	256.0
356.0	936.0
145.0	212.0
1399.0	3102.0
1232.0	3222.0
127.0	384.0
134.0	361.0
795.0	1305.0
50.0	68.0
452.0	701.0
1104.0	1944.0
679.0	1237.0
876.0	2181.0
567.0	1628.0
570.0	1218.0
0.0	0.0
311.0	640.0
9294.0	30014.0
116.0	610.0
75.0	114.0
1175.0	1661.0
69.0	113.0
0.0	58.0
320.0	799.0
122.0	364.0
900.0	1423.0
579.0	872.0
76.0	449.0
202.0	1158.0
671.0	5386.0
63.0	131.0
844.0	2994.0
14.0	444.0
57.0	115.0
3092.0	14693.0
128.0	587.0
49.0	197.0
295.0	1115.0
589.0	931.0
1255.0	3286.0
636.0	1621.0
492.0	1525.0
707.0	1502.0
162.0	290.0
141.0	519.0
214.0	638.0
493.0	1575.0
596.0	858.0
786.0	1623.0
693.0	1384.0
29.0	33.0
818.0	1258.0
701.0	1554.0
62.0	151.0
3068.0	11016.0
679.0	921.0
0.0	109.0
240.0	452.0
350.0	645.0
0.0	0.0
1045.0	2895.0
58.0	130.0
181.0	2086.0
88.0	468.0
284.0	630.0
797.0	2844.0
1106.0	3834.0
73.0	73.0
426.0	557.0
0.0	82.0
1014.0	1898.0
48.0	52.0
228.0	815.0
94.0	319.0
92.0	214.0
302.0	562.0
1982.0	10139.0
503.0	1613.0
60.0	502.0
396.0	621.0
567.0	1244.0
427.0	988.0
398.0	867.0
196.0	655.0
1015.0	3021.0
944.0	2209.0
1278.0	2092.0
677.0	2234.0
617.0	1208.0
550.0	1159.0
247.0	1119.0
54.0	102.0
1848.0	4736.0
525.0	733.0
190.0	239.0
596.0	2019.0
6492.0	51393.0
31.0	256.0
103.0	744.0
767.0	1169.0
288.0	577.0
953.0	1461.0
18.0	74.0
0.0	0.0
50.0	74.0
473.0	1208.0
581.0	1163.0
1044.0	2521.0
794.0	1594.0
138.0	272.0
819.0	1617.0
92.0	637.0
389.0	652.0
573.0	1169.0
992.0	1571.0
0.0	18.0
570.0	1314.0
403.0	608.0
684.0	1094.0
242.0	295.0
253.0	836.0
227.0	262.0
291.0	686.0
323.0	438.0
600.0	1970.0
117.0	281.0
55.0	215.0
214.0	576.0
269.0	604.0
195.0	224.0
176.0	191.0
576.0	1190.0
74.0	204.0
78.0	78.0
744.0	2402.0
207.0	612.0
458.0	820.0
528.0	1664.0
211.0	440.0
200.0	679.0
475.0	838.0
5885.0	12520.0
472.0	1279.0
106.0	473.0
258.0	642.0
437.0	1017.0
268.0	736.0
575.0	1304.0
88.0	158.0
255.0	467.0
241.0	291.0
27.0	27.0
1002.0	2116.0
12536.0	49422.0
143.0	223.0
0.0	60.0
49.0	462.0
330.0	1729.0
509.0	1176.0
487.0	745.0
243.0	871.0
12273.0	30936.0
458.0	821.0
12478.0	52565.0
145.0	995.0
318.0	329.0
409.0	1414.0
401.0	840.0
31.0	31.0
49.0	788.0
297.0	444.0
0.0	25.0
376.0	1018.0
512.0	604.0
475.0	1182.0
4821.0	14397.0
0.0	0.0
433.0	841.0
357.0	756.0
345.0	1326.0
242.0	281.0
1494.0	3055.0
196.0	495.0
729.0	1765.0
29.0	68.0
160.0	248.0
202.0	645.0
111.0	280.0
158.0	420.0
417.0	907.0
0.0	61.0
286.0	1170.0
82.0	182.0
198.0	253.0
467.0	1253.0
723.0	2514.0
330.0	409.0
331.0	609.0
896.0	2220.0
378.0	550.0
103.0	186.0
369.0	700.0
1730.0	7531.0
308.0	1729.0
241.0	420.0
585.0	1240.0
669.0	1334.0
110.0	299.0
668.0	1638.0
200.0	557.0
98.0	184.0
586.0	906.0
227.0	351.0
502.0	1779.0
635.0	991.0
1735.0	2898.0
343.0	634.0
29.0	367.0
341.0	899.0
899.0	2208.0
524.0	977.0
792.0	1351.0
165.0	576.0
314.0	643.0
61.0	92.0
405.0	534.0
2222.0	6726.0
275.0	1091.0
823.0	1956.0
305.0	375.0
0.0	86.0
391.0	916.0
85.0	160.0
17487.0	85636.0
328.0	442.0
366.0	543.0
296.0	1078.0
64.0	180.0
515.0	1875.0
252.0	446.0
148.0	165.0
369.0	1238.0
155.0	1311.0
560.0	837.0
455.0	1142.0
310.0	811.0
111.0	221.0
294.0	742.0
405.0	830.0
614.0	922.0
1199.0	2434.0
361.0	992.0
278.0	575.0
629.0	1114.0
840.0	1695.0
14.0	168.0
346.0	765.0
429.0	1568.0
352.0	484.0
423.0	796.0
375.0	453.0
64.0	385.0
907.0	1788.0
337.0	692.0
36.0	325.0
463.0	1044.0
513.0	821.0
149.0	382.0
779.0	2047.0
306.0	659.0
8743.0	25147.0
192.0	748.0
1400.0	2864.0
726.0	2139.0
1004.0	2343.0
220.0	368.0
174.0	708.0
788.0	1455.0
91.0	171.0
1012.0	1300.0
905.0	1954.0
209.0	406.0
69.0	115.0
0.0	0.0
609.0	628.0
419.0	797.0
1360.0	2332.0
356.0	977.0
11791.0	30726.0
281.0	548.0
68.0	70.0
152.0	279.0
440.0	911.0
684.0	2599.0
14957.0	61663.0
578.0	1201.0
443.0	995.0
226.0	787.0
468.0	633.0
331.0	1032.0
8896.0	23810.0
232.0	964.0
260.0	515.0
143.0	1415.0
750.0	2153.0
275.0	625.0
640.0	1510.0
321.0	1187.0
235.0	704.0
517.0	598.0
231.0	536.0
529.0	1107.0
0.0	295.0
516.0	757.0
219.0	2184.0
382.0	541.0
138.0	426.0
254.0	747.0
209.0	375.0
296.0	472.0
421.0	775.0
330.0	859.0
469.0	844.0
445.0	1652.0
406.0	832.0
41.0	129.0
43.0	347.0
222.0	351.0
429.0	467.0
1124.0	2734.0
566.0	1039.0
0.0	144.0
649.0	1323.0
621.0	658.0
0.0	0.0
500.0	1383.0
266.0	340.0
987.0	1703.0
1269.0	1429.0
585.0	1773.0
199.0	405.0
433.0	647.0
26.0	77.0
504.0	1171.0
174.0	358.0
345.0	401.0
667.0	1431.0
6064.0	19924.0
1415.0	6789.0
898.0	1223.0
255.0	365.0
104.0	582.0
518.0	1086.0
25.0	627.0
470.0	1176.0
93.0	388.0
392.0	419.0
367.0	1486.0
205.0	811.0
12.0	148.0
72.0	320.0
860.0	1367.0
239.0	299.0
1889.0	3186.0
420.0	1214.0
102.0	473.0
112.0	112.0
560.0	1280.0
167.0	267.0
254.0	254.0
387.0	1175.0
34.0	51.0
0.0	289.0
206.0	920.0
91.0	210.0
1201.0	1770.0
1737.0	4589.0
424.0	856.0
477.0	1153.0
75.0	596.0
36.0	350.0
230.0	717.0
252.0	414.0
2040.0	6997.0
11931.0	54287.0
162.0	244.0
0.0	36.0
217.0	707.0
526.0	974.0
144.0	634.0
412.0	1428.0
429.0	900.0
176.0	451.0
162.0	1001.0
9442.0	43027.0
77.0	90.0
694.0	1931.0
0.0	0.0
856.0	1652.0
197.0	642.0
198.0	312.0
623.0	1523.0
1462.0	2365.0
0.0	0.0
33.0	67.0
52.0	120.0
109.0	109.0
317.0	1039.0
1375.0	3899.0
712.0	1844.0
973.0	1954.0
584.0	1330.0
5779.0	14093.0
817.0	2530.0
134.0	897.0
272.0	562.0
8444.0	41631.0
135.0	441.0
208.0	479.0
201.0	278.0
7864.0	30869.0
429.0	738.0
730.0	1843.0
111.0	351.0
193.0	948.0
922.0	1275.0
758.0	4788.0
1158.0	1736.0
2312.0	8156.0
221.0	452.0
270.0	784.0
257.0	878.0
748.0	1649.0
286.0	573.0
239.0	308.0
0.0	0.0
17782.0	55185.0
295.0	501.0
0.0	67.0
119.0	1913.0
1038.0	1726.0
336.0	1130.0
18.0	18.0
208.0	304.0
577.0	1722.0
320.0	925.0
66.0	744.0
1273.0	3072.0
0.0	49.0
1521.0	3020.0
21.0	26.0
88.0	476.0
802.0	3339.0
111.0	402.0
563.0	841.0
385.0	1696.0
2059.0	3323.0
61.0	234.0
9.0	19.0
0.0	29.0
161.0	362.0
80.0	304.0
453.0	918.0
34.0	111.0
659.0	1216.0
359.0	1713.0
84.0	308.0
333.0	862.0
36.0	207.0
893.0	1573.0
30.0	99.0
300.0	745.0
118.0	479.0
351.0	1041.0
105.0	123.0
6989.0	30280.0
1083.0	3306.0
755.0	1933.0
510.0	1985.0
0.0	17.0
659.0	2149.0
219.0	219.0
100.0	272.0
143.0	579.0
215.0	312.0
1123.0	1945.0
0.0	0.0
440.0	751.0
23.0	224.0
209.0	433.0
176.0	367.0
663.0	1275.0
199.0	467.0
488.0	1115.0
92.0	228.0
491.0	849.0
53.0	356.0
151.0	341.0
435.0	1335.0
180.0	344.0
413.0	1018.0
217.0	615.0
302.0	509.0
77.0	224.0
402.0	1105.0
581.0	1015.0
234.0	351.0
590.0	1262.0
451.0	799.0
840.0	1340.0
138.0	195.0
415.0	972.0
775.0	2392.0
291.0	618.0
927.0	1374.0
16.0	291.0
92.0	237.0
225.0	974.0
50.0	65.0
21.0	248.0
148.0	168.0
89.0	196.0
592.0	975.0
411.0	979.0
94.0	203.0
192.0	530.0
722.0	1787.0
34.0	194.0
1377.0	2300.0
386.0	961.0
804.0	1178.0
271.0	456.0
86.0	615.0
192.0	795.0
714.0	1798.0
128.0	401.0
798.0	1163.0
70.0	72.0
1061.0	1914.0
770.0	2049.0
173.0	774.0
254.0	436.0
60.0	266.0
127.0	490.0
535.0	1600.0
180.0	813.0
1627.0	4325.0
689.0	1497.0
0.0	0.0
447.0	1366.0
804.0	1426.0
199.0	739.0
477.0	811.0
0.0	72.0
87.0	307.0
136.0	313.0
78.0	123.0
1613.0	3951.0
1104.0	2722.0
192.0	448.0
685.0	1276.0
83.0	167.0
527.0	1219.0
84.0	135.0
0.0	19.0
314.0	1316.0
267.0	942.0
1520.0	3301.0
1380.0	2951.0
1380.0	1740.0
932.0	2313.0
632.0	1118.0
462.0	848.0
693.0	1499.0
5629.0	23867.0
1365.0	1931.0
535.0	713.0
111.0	111.0
441.0	1180.0
954.0	3299.0
687.0	6661.0
1222.0	13251.0
333.0	741.0
21.0	86.0
62.0	169.0
40.0	40.0
0.0	0.0
366.0	1020.0
83.0	190.0
1965.0	7214.0
92.0	92.0
128.0	472.0
425.0	1465.0
297.0	509.0
833.0	2130.0
190.0	494.0
67.0	117.0
149.0	151.0
127.0	374.0
91.0	167.0
446.0	968.0
121.0	279.0
89.0	807.0
1409.0	2748.0
318.0	1260.0
0.0	35.0
69.0	211.0
677.0	2194.0
14.0	378.0
859.0	2085.0
565.0	1320.0
614.0	1717.0
1182.0	2352.0
502.0	1192.0
427.0	803.0
714.0	984.0
1134.0	3094.0
292.0	728.0
24.0	68.0
80.0	129.0
861.0	1398.0
332.0	538.0
709.0	2201.0
108.0	321.0
64.0	215.0
380.0	964.0
86.0	431.0
548.0	1420.0
1125.0	3641.0
298.0	957.0
157.0	157.0
0.0	83.0
354.0	615.0
796.0	1566.0
13011.0	54428.0
116.0	136.0
457.0	1517.0
0.0	233.0
184.0	785.0
1086.0	1544.0
271.0	546.0
18.0	64.0
0.0	0.0
255.0	501.0
0.0	0.0
117.0	186.0
1204.0	3625.0
199.0	260.0
262.0	820.0
997.0	2103.0
186.0	524.0
180.0	222.0
1872.0	4019.0
445.0	538.0
309.0	1163.0
200.0	281.0
265.0	853.0
619.0	1152.0
50.0	339.0
1276.0	2304.0
225.0	326.0
382.0	788.0
424.0	860.0
282.0	597.0
185.0	474.0
279.0	826.0
209.0	375.0
99.0	866.0
244.0	1051.0
556.0	1030.0
570.0	940.0
391.0	683.0
1395.0	3282.0
202.0	293.0
84.0	401.0
309.0	475.0
502.0	908.0
1139.0	5341.0
478.0	1477.0
134.0	777.0
52.0	589.0
1467.0	3290.0
136.0	239.0
2978.0	8603.0
433.0	1036.0
595.0	1685.0
175.0	270.0
749.0	1379.0
888.0	2487.0
477.0	1263.0
18.0	39.0
568.0	1085.0
325.0	829.0
271.0	594.0
139.0	2639.0
523.0	1057.0
204.0	568.0
24.0	594.0
114.0	133.0
222.0	430.0
179.0	273.0
111.0	310.0
777.0	1351.0
267.0	660.0
150.0	258.0
411.0	1674.0
210.0	301.0
232.0	399.0
359.0	790.0
895.0	5090.0
633.0	1651.0
0.0	0.0
559.0	1401.0
1250.0	1778.0
5843.0	21196.0
627.0	1774.0
534.0	1067.0
754.0	866.0
193.0	462.0
0.0	102.0
1568.0	5287.0
820.0	1324.0
410.0	770.0
261.0	459.0
121.0	567.0
18.0	79.0
34.0	272.0
503.0	640.0
203.0	365.0
228.0	301.0
798.0	2438.0
59.0	134.0
421.0	1970.0
35.0	210.0
338.0	525.0
143.0	360.0
165.0	281.0
358.0	642.0
380.0	736.0
181.0	998.0
801.0	2372.0
539.0	820.0
100.0	809.0
1093.0	1568.0
208.0	482.0
31.0	237.0
179.0	451.0
173.0	1405.0
67.0	67.0
0.0	0.0
1905.0	3625.0
120.0	420.0
668.0	1594.0
33.0	79.0
399.0	613.0
50.0	147.0
120.0	335.0
425.0	803.0
209.0	389.0
0.0	0.0
179.0	567.0
5569.0	14007.0
142.0	195.0
563.0	908.0
112.0	258.0
504.0	955.0
0.0	0.0
91.0	116.0
404.0	824.0
685.0	1111.0
1444.0	2211.0
667.0	1454.0
384.0	488.0
28.0	258.0
225.0	625.0
287.0	608.0
34.0	84.0
1212.0	2292.0
306.0	797.0
846.0	1460.0
41.0	91.0
194.0	337.0
237.0	457.0
0.0	0.0
0.0	139.0
1511.0	2440.0
0.0	112.0
19431.0	75992.0
336.0	818.0
1982.0	7258.0
1013.0	2504.0
377.0	1031.0
343.0	773.0
431.0	1285.0
520.0	904.0
184.0	289.0
0.0	0.0
0.0	314.0
0.0	0.0
569.0	1516.0
86.0	103.0
2523.0	5332.0
827.0	1102.0
16.0	190.0
621.0	1149.0
39.0	273.0
115.0	135.0
471.0	868.0
1283.0	2107.0
1005.0	2739.0
580.0	2100.0
231.0	1552.0
140.0	264.0
1175.0	2286.0
203.0	522.0
63.0	63.0
1600.0	2507.0
947.0	1504.0
555.0	676.0
839.0	1553.0
215.0	417.0
804.0	5351.0
370.0	561.0
0.0	156.0
142.0	383.0
74.0	135.0
418.0	1262.0
284.0	977.0
328.0	907.0
16.0	104.0
354.0	820.0
0.0	133.0
1386.0	2987.0
2009.0	5381.0
25.0	105.0
31.0	125.0
446.0	1369.0
453.0	847.0
54.0	173.0
3705.0	12945.0
269.0	598.0
119.0	127.0
158.0	179.0
369.0	1300.0
6.0	101.0
712.0	1457.0
398.0	1317.0
604.0	1934.0
442.0	1602.0
21.0	137.0
160.0	480.0
423.0	597.0
238.0	477.0
252.0	497.0
806.0	4539.0
0.0	277.0
105.0	246.0
1081.0	2940.0
61.0	460.0
74.0	344.0
279.0	711.0
464.0	560.0
269.0	643.0
779.0	1874.0
449.0	725.0
366.0	841.0
1703.0	4187.0
207.0	539.0
167.0	290.0
554.0	1227.0
0.0	22.0
4009.0	7706.0
2365.0	5012.0
590.0	1811.0
352.0	1029.0
1614.0	3733.0
272.0	1250.0
17.0	595.0
702.0	1329.0
231.0	313.0
338.0	706.0
19.0	291.0
114.0	241.0
85.0	364.0
78.0	445.0
9147.0	34942.0
0.0	0.0
82.0	316.0
570.0	1375.0
38.0	146.0
470.0	686.0
181.0	554.0
17358.0	59268.0
571.0	1063.0
559.0	1164.0
36.0	126.0
525.0	1043.0
231.0	417.0
243.0	677.0
41.0	116.0
20.0	39.0
248.0	740.0
62.0	62.0
453.0	1042.0
489.0	723.0
353.0	582.0
55.0	55.0
502.0	1148.0
478.0	1843.0
113.0	201.0
925.0	2590.0
1824.0	6036.0
178.0	347.0
484.0	1801.0
266.0	603.0
13842.0	42432.0
767.0	1628.0
65.0	125.0
382.0	825.0
103.0	223.0
658.0	863.0
284.0	440.0
535.0	1545.0
12965.0	36790.0
569.0	1408.0
1000.0	2650.0
777.0	2178.0
2340.0	6480.0
498.0	1157.0
243.0	518.0
1204.0	1671.0
986.0	1193.0
146.0	611.0
0.0	46.0
570.0	862.0
1114.0	1642.0
719.0	1521.0
764.0	1365.0
202.0	209.0
116.0	125.0
615.0	1645.0
234.0	395.0
218.0	245.0
902.0	1510.0
0.0	0.0
456.0	1351.0
167.0	852.0
542.0	1382.0
189.0	662.0
18.0	58.0
42.0	154.0
717.0	1268.0
699.0	1393.0
6545.0	22088.0
0.0	0.0
112.0	462.0
231.0	647.0
373.0	851.0
348.0	709.0
28.0	698.0
12.0	23.0
0.0	202.0
663.0	1618.0
0.0	0.0
114.0	565.0
1619.0	2249.0
99.0	190.0
121.0	186.0
1231.0	3731.0
1444.0	1922.0
468.0	1293.0
253.0	540.0
409.0	831.0
1204.0	3899.0
0.0	20.0
77.0	284.0
17.0	17.0
0.0	31.0
796.0	1613.0
1950.0	6737.0
707.0	1133.0
335.0	804.0
234.0	281.0
1118.0	2416.0
1789.0	3314.0
507.0	882.0
566.0	1604.0
51.0	220.0
1041.0	1578.0
827.0	1667.0
211.0	748.0
52.0	814.0
1156.0	1825.0
133.0	1272.0
0.0	21.0
390.0	437.0
1303.0	2527.0
450.0	1500.0
875.0	2578.0
257.0	1213.0
327.0	555.0
707.0	1698.0
227.0	527.0
453.0	634.0
314.0	553.0
140.0	307.0
1411.0	3610.0
29.0	31.0
238.0	374.0
313.0	386.0
0.0	0.0
296.0	835.0
430.0	466.0
274.0	502.0
426.0	2079.0
137.0	860.0
0.0	0.0
147.0	452.0
411.0	1053.0
87.0	158.0
80.0	108.0
0.0	349.0
161.0	397.0
318.0	441.0
45.0	45.0
239.0	419.0
464.0	954.0
482.0	2202.0
178.0	261.0
641.0	1080.0
356.0	765.0
714.0	1029.0
91.0	666.0
154.0	176.0
787.0	1580.0
64.0	366.0
17.0	81.0
473.0	1308.0
140.0	364.0
0.0	161.0
520.0	917.0
566.0	674.0
133.0	338.0
198.0	497.0
433.0	543.0
0.0	71.0
29.0	40.0
41.0	532.0
1747.0	2798.0
724.0	1089.0
0.0	0.0
221.0	367.0
324.0	545.0
400.0	886.0
252.0	526.0
295.0	727.0
149.0	358.0
827.0	1553.0
1149.0	2914.0
725.0	1770.0
329.0	713.0
1310.0	2414.0
647.0	1417.0
110.0	150.0
837.0	2420.0
1261.0	2700.0
1135.0	2592.0
237.0	805.0
295.0	485.0
179.0	534.0
742.0	1446.0
172.0	442.0
111.0	326.0
173.0	587.0
714.0	1838.0
217.0	451.0
0.0	0.0
700.0	986.0
110.0	148.0
698.0	2107.0
221.0	328.0
69.0	90.0
400.0	667.0
1437.0	2281.0
22.0	130.0
501.0	873.0
57.0	213.0
1432.0	2615.0
0.0	19.0
12.0	65.0
528.0	1116.0
385.0	989.0
306.0	672.0
87.0	143.0
276.0	430.0
525.0	1486.0
524.0	737.0
32.0	272.0
1147.0	2545.0
153.0	539.0
331.0	872.0
40.0	104.0
0.0	0.0
532.0	1044.0
109.0	1746.0
578.0	1205.0
684.0	1815.0
76.0	106.0
37.0	73.0
48.0	196.0
436.0	596.0
9076.0	31039.0
204.0	895.0
118.0	376.0
87.0	215.0
143.0	413.0
2925.0	6688.0
130.0	187.0
253.0	561.0
986.0	2137.0
681.0	2008.0
842.0	1362.0
0.0	0.0
545.0	1195.0
279.0	560.0
150.0	232.0
54.0	54.0
756.0	1584.0
308.0	839.0
594.0	1377.0
0.0	0.0
470.0	1218.0
176.0	233.0
1304.0	2011.0
1222.0	2247.0
189.0	785.0
525.0	870.0
343.0	467.0
277.0	504.0
492.0	1090.0
286.0	642.0
246.0	533.0
158.0	698.0
1171.0	2359.0
61.0	175.0
740.0	1378.0
56.0	981.0
90.0	261.0
422.0	961.0
189.0	422.0
1284.0	12951.0
850.0	1825.0
171.0	308.0
587.0	1258.0
0.0	751.0
79.0	401.0
50.0	140.0
175.0	235.0
298.0	498.0
425.0	1860.0
167.0	431.0
762.0	1611.0
1390.0	2620.0
330.0	2154.0
1126.0	2631.0
646.0	834.0
1151.0	2769.0
285.0	847.0
259.0	581.0
1061.0	2947.0
1679.0	2234.0
919.0	1931.0
33.0	403.0
214.0	275.0
845.0	1881.0
49.0	393.0
60.0	266.0
0.0	0.0
523.0	2213.0
169.0	270.0
143.0	500.0
208.0	1327.0
624.0	2824.0
0.0	69.0
363.0	403.0
432.0	518.0
76.0	163.0
175.0	329.0
255.0	759.0
518.0	1418.0
1181.0	2633.0
799.0	1398.0
256.0	437.0
286.0	972.0
495.0	1342.0
752.0	1773.0
513.0	697.0
203.0	775.0
819.0	1395.0
106.0	926.0
0.0	0.0
0.0	0.0
393.0	699.0
137.0	384.0
17875.0	63688.0
1086.0	2584.0
115.0	917.0
301.0	1085.0
2265.0	4765.0
168.0	775.0
153.0	962.0
256.0	558.0
11455.0	26354.0
871.0	3164.0
208.0	532.0
306.0	837.0
62.0	260.0
422.0	604.0
688.0	1438.0
371.0	1115.0
12775.0	37600.0
454.0	1252.0
423.0	1065.0
415.0	856.0
0.0	0.0
41.0	120.0
9.0	17.0
916.0	1919.0
51.0	250.0
1054.0	4100.0
261.0	408.0
242.0	341.0
513.0	1000.0
1083.0	2243.0
295.0	715.0
1590.0	2523.0
99.0	250.0
56.0	338.0
0.0	64.0
556.0	1284.0
2435.0	22041.0
80.0	141.0
0.0	28.0
0.0	20.0
795.0	1515.0
89.0	177.0
580.0	1088.0
917.0	1411.0
129.0	284.0
375.0	671.0
686.0	2212.0
1483.0	3333.0
819.0	1573.0
182.0	700.0
194.0	535.0
160.0	308.0
343.0	2119.0
488.0	1212.0
77.0	1185.0
324.0	500.0
790.0	1721.0
88.0	274.0
923.0	1109.0
629.0	2009.0
0.0	0.0
608.0	1328.0
660.0	985.0
320.0	452.0
650.0	1038.0
156.0	434.0
135.0	153.0
42.0	167.0
496.0	5102.0
182.0	736.0
1190.0	2327.0
308.0	678.0
240.0	687.0
682.0	1252.0
466.0	881.0
3751.0	15768.0
1066.0	2352.0
1288.0	3462.0
89.0	173.0
795.0	1018.0
97.0	276.0
676.0	1601.0
1705.0	7335.0
173.0	400.0
764.0	2210.0
889.0	1539.0
440.0	765.0
127.0	302.0
158.0	162.0
697.0	1142.0
1090.0	2776.0
589.0	1465.0
1117.0	2728.0
17.0	47.0
231.0	330.0
145.0	152.0
1321.0	2825.0
140.0	581.0
272.0	773.0
182.0	575.0
349.0	1036.0
204.0	430.0
96.0	806.0
792.0	2390.0
529.0	4629.0
152.0	243.0
11762.0	57377.0
267.0	766.0
1223.0	3354.0
1186.0	3053.0
266.0	572.0
482.0	977.0
131.0	342.0
1542.0	2453.0
247.0	379.0
128.0	465.0
12264.0	29337.0
210.0	451.0
473.0	1178.0
626.0	1315.0
129.0	400.0
64.0	262.0
240.0	481.0
731.0	1603.0
558.0	1029.0
335.0	480.0
808.0	1184.0
55.0	72.0
255.0	840.0
1090.0	1650.0
354.0	877.0
17.0	165.0
96.0	201.0
224.0	285.0
1401.0	4812.0
1050.0	2001.0
6.0	39.0
46.0	74.0
132.0	232.0
579.0	1046.0
248.0	487.0
118.0	546.0
309.0	770.0
63.0	281.0
259.0	343.0
158.0	660.0
243.0	315.0
480.0	736.0
0.0	39.0
292.0	2624.0
0.0	202.0
203.0	790.0
2066.0	4207.0
399.0	637.0
4852.0	34105.0
218.0	473.0
140.0	177.0
6.0	83.0
266.0	856.0
543.0	1450.0
193.0	1536.0
64.0	295.0
457.0	548.0
170.0	1139.0
311.0	376.0
160.0	493.0
1991.0	10402.0
401.0	915.0
435.0	1038.0
262.0	347.0
637.0	1192.0
448.0	899.0
413.0	558.0
498.0	751.0
0.0	0.0
16.0	456.0
1078.0	1198.0
922.0	2441.0
102.0	132.0
62.0	97.0
461.0	1329.0
161.0	332.0
882.0	1702.0
1422.0	3132.0
58.0	299.0
628.0	1899.0
318.0	838.0
343.0	1007.0
129.0	280.0
107.0	527.0
150.0	174.0
150.0	276.0
1726.0	3167.0
192.0	696.0
468.0	552.0
648.0	1397.0
0.0	0.0
648.0	936.0
30.0	112.0
179.0	1179.0
594.0	1575.0
722.0	1532.0
119.0	191.0
159.0	326.0
152.0	459.0
130.0	424.0
107.0	502.0
600.0	1780.0
0.0	0.0
484.0	1988.0
734.0	983.0
38.0	38.0
4591.0	16620.0
1316.0	1936.0
1784.0	4716.0
300.0	811.0
284.0	648.0
216.0	1016.0
25.0	92.0
0.0	39.0
68.0	474.0
583.0	1317.0
85.0	370.0
584.0	1259.0
40.0	170.0
934.0	3055.0
257.0	1228.0
141.0	472.0
503.0	1361.0
352.0	1008.0
754.0	1747.0
268.0	465.0
860.0	1070.0
7.0	433.0
381.0	1627.0
196.0	1627.0
921.0	1815.0
692.0	1703.0
202.0	441.0
1153.0	2608.0
7.0	302.0
402.0	632.0
597.0	885.0
0.0	0.0
1.0	507.0
376.0	728.0
1354.0	5035.0
469.0	2110.0
161.0	400.0
509.0	2812.0
0.0	0.0
376.0	767.0
0.0	0.0
18.0	280.0
106.0	220.0
494.0	2596.0
230.0	740.0
35.0	66.0
204.0	207.0
80.0	334.0
459.0	1143.0
1454.0	2617.0
41.0	189.0
81.0	231.0
1445.0	4544.0
277.0	286.0
489.0	668.0
0.0	56.0
256.0	1131.0
0.0	97.0
1039.0	2319.0
303.0	895.0
78.0	399.0
64.0	188.0
370.0	926.0
709.0	1243.0
26.0	141.0
319.0	646.0
1222.0	2200.0
438.0	789.0
51.0	455.0
379.0	590.0
1385.0	2583.0
1578.0	2734.0
0.0	68.0
35.0	275.0
118.0	223.0
349.0	786.0
168.0	361.0
8072.0	23744.0
712.0	1279.0
215.0	781.0
424.0	852.0
424.0	674.0
341.0	497.0
229.0	770.0
462.0	754.0
128.0	1181.0
1048.0	2829.0
416.0	634.0
635.0	1589.0
903.0	1325.0
28.0	74.0
188.0	666.0
544.0	1071.0
322.0	855.0
8606.0	25102.0
1167.0	3277.0
264.0	465.0
30.0	391.0
192.0	675.0
1472.0	12077.0
1093.0	2829.0
244.0	315.0
81.0	96.0
155.0	393.0
457.0	616.0
0.0	0.0
967.0	2060.0
30.0	356.0
1100.0	2780.0
237.0	478.0
442.0	1003.0
60.0	748.0
472.0	793.0
146.0	1044.0
688.0	1648.0
221.0	1466.0
113.0	419.0
260.0	529.0
17.0	46.0
73.0	153.0
465.0	2204.0
0.0	0.0
40.0	40.0
61.0	188.0
34.0	276.0
1183.0	2574.0
352.0	1178.0
60.0	306.0
107.0	190.0
241.0	907.0
301.0	1022.0
1185.0	1886.0
1049.0	2269.0
1961.0	10360.0
7569.0	21996.0
716.0	2200.0
0.0	39.0
0.0	0.0
670.0	1186.0
712.0	1344.0
1040.0	2507.0
527.0	1329.0
2229.0	10360.0
275.0	335.0
156.0	728.0
1004.0	2270.0
423.0	526.0
243.0	284.0
68.0	161.0
34.0	342.0
855.0	2053.0
140.0	268.0
390.0	1340.0
1232.0	2870.0
0.0	15.0
172.0	489.0
1356.0	3661.0
556.0	1734.0
204.0	226.0
137.0	221.0
307.0	917.0
181.0	375.0
90.0	221.0
1324.0	2945.0
747.0	1024.0
62.0	62.0
322.0	991.0
704.0	2389.0
341.0	362.0
1199.0	1369.0
448.0	1126.0
193.0	286.0
18.0	80.0
625.0	1451.0
535.0	1453.0
44.0	222.0
395.0	595.0
78.0	132.0
898.0	1215.0
0.0	198.0
210.0	476.0
249.0	659.0
239.0	844.0
446.0	636.0
75.0	508.0
66.0	81.0
730.0	1636.0
577.0	2027.0
49.0	202.0
69.0	181.0
340.0	1299.0
537.0	945.0
185.0	450.0
24.0	215.0
771.0	1479.0
840.0	2417.0
47.0	260.0
395.0	453.0
1224.0	2945.0
121.0	146.0
183.0	459.0
244.0	469.0
105.0	202.0
626.0	1019.0
583.0	865.0
426.0	552.0
19.0	20.0
600.0	780.0
381.0	785.0
249.0	844.0
291.0	854.0
0.0	0.0
819.0	1825.0
182.0	271.0
0.0	96.0
557.0	789.0
152.0	531.0
731.0	1686.0
447.0	783.0
90.0	108.0
190.0	278.0
361.0	855.0
697.0	2317.0
19.0	42.0
105.0	242.0
771.0	1795.0
470.0	980.0
70.0	180.0
364.0	608.0
261.0	330.0
1013.0	2860.0
145.0	234.0
8.0	96.0
904.0	2308.0
1581.0	3149.0
0.0	106.0
196.0	213.0
700.0	2271.0
489.0	783.0
292.0	705.0
331.0	1478.0
450.0	999.0
38.0	107.0
469.0	1243.0
468.0	929.0
40.0	56.0
1499.0	4083.0
80.0	118.0
527.0	1183.0
202.0	880.0
491.0	782.0
736.0	1621.0
141.0	870.0
564.0	1256.0
164.0	277.0
639.0	2434.0
115.0	130.0
1968.0	3828.0
76.0	210.0
392.0	1857.0
345.0	1164.0
373.0	1591.0
522.0	1056.0
79.0	301.0
1195.0	1807.0
1156.0	1344.0
115.0	287.0
125.0	364.0
327.0	1282.0
411.0	946.0
574.0	971.0
338.0	454.0
297.0	1029.0
531.0	1734.0
2707.0	5823.0
350.0	690.0
3629.0	18991.0
134.0	238.0
630.0	1541.0
760.0	3492.0
443.0	1688.0
781.0	1334.0
198.0	300.0
15.0	18.0
980.0	2014.0
200.0	786.0
277.0	631.0
220.0	377.0
411.0	1612.0
154.0	429.0
439.0	657.0
827.0	1480.0
305.0	541.0
2105.0	4534.0
456.0	1407.0
935.0	1732.0
79.0	474.0
210.0	284.0
196.0	214.0
380.0	418.0
676.0	1007.0
468.0	757.0
238.0	599.0
47.0	284.0
330.0	868.0
21.0	21.0
0.0	57.0
1092.0	1680.0
73.0	139.0
186.0	515.0
913.0	2776.0
95.0	119.0
1392.0	3408.0
971.0	1935.0
507.0	2753.0
286.0	947.0
181.0	361.0
111.0	132.0
257.0	746.0
174.0	301.0
35.0	537.0
68.0	242.0
534.0	1396.0
249.0	412.0
171.0	656.0
488.0	1184.0
1680.0	2864.0
250.0	724.0
76.0	243.0
2082.0	6355.0
23.0	135.0
182.0	949.0
463.0	1063.0
1907.0	2762.0
20.0	122.0
323.0	395.0
73.0	477.0
596.0	1305.0
44.0	72.0
485.0	552.0
414.0	1285.0
46.0	366.0
359.0	364.0
143.0	750.0
0.0	0.0
27.0	385.0
467.0	1586.0
347.0	758.0
0.0	74.0
185.0	313.0
635.0	1289.0
79.0	267.0
272.0	559.0
81.0	356.0
130.0	156.0
510.0	1447.0
623.0	777.0
1593.0	13857.0
606.0	867.0
282.0	617.0
513.0	743.0
650.0	1192.0
390.0	815.0
175.0	771.0
499.0	1066.0
165.0	549.0
172.0	197.0
4758.0	14405.0
192.0	750.0
216.0	1931.0
56.0	104.0
1588.0	1942.0
388.0	1185.0
413.0	1138.0
416.0	798.0
115.0	248.0
323.0	1172.0
78.0	189.0
347.0	526.0
858.0	1884.0
1732.0	3206.0
159.0	286.0
675.0	1199.0
22.0	290.0
5190.0	15511.0
107.0	1181.0
653.0	1514.0
984.0	1488.0
164.0	507.0
488.0	1092.0
598.0	1160.0
89.0	382.0
318.0	575.0
564.0	1727.0
332.0	479.0
488.0	679.0
199.0	199.0
1041.0	2569.0
789.0	1860.0
0.0	104.0
9325.0	29523.0
31.0	166.0
196.0	730.0
56.0	100.0
404.0	1150.0
147.0	337.0
1858.0	3488.0
781.0	1647.0
342.0	935.0
18.0	18.0
185.0	460.0
294.0	925.0
1554.0	2937.0
121.0	248.0
456.0	1151.0
148.0	344.0
56.0	181.0
844.0	1525.0
131.0	535.0
205.0	698.0
49.0	1212.0
187.0	1052.0
323.0	932.0
7.0	215.0
892.0	2408.0
0.0	0.0
297.0	968.0
442.0	1335.0
530.0	1375.0
0.0	0.0
980.0	1359.0
1028.0	2926.0
309.0	885.0
35.0	278.0
418.0	839.0
545.0	1647.0
346.0	643.0
213.0	635.0
364.0	480.0
577.0	1693.0
12226.0	33197.0
719.0	1070.0
0.0	0.0
871.0	1166.0
655.0	2071.0
2000.0	3981.0
337.0	606.0
289.0	306.0
657.0	1468.0
399.0	574.0
386.0	923.0
782.0	2014.0
1304.0	2452.0
986.0	2511.0
440.0	915.0
256.0	793.0
45.0	102.0
444.0	956.0
247.0	575.0
375.0	1379.0
96.0	323.0
324.0	1036.0
182.0	522.0
756.0	2210.0
97.0	249.0
274.0	370.0
60.0	61.0
267.0	706.0
19.0	206.0
0.0	0.0
297.0	1396.0
73.0	207.0
744.0	2452.0
53.0	193.0
835.0	1334.0
184.0	299.0
553.0	1175.0
451.0	1362.0
111.0	176.0
0.0	52.0
64.0	160.0
83.0	285.0
407.0	687.0
18.0	205.0
260.0	400.0
148.0	409.0
112.0	258.0
691.0	944.0
295.0	354.0
15297.0	43595.0
849.0	6335.0
346.0	803.0
242.0	734.0
122.0	305.0
515.0	592.0
216.0	362.0
7.0	80.0
93.0	337.0
3128.0	6022.0
498.0	917.0
182.0	368.0
25.0	260.0
103.0	373.0
229.0	459.0
402.0	1096.0
40.0	293.0
343.0	698.0
383.0	1400.0
176.0	409.0
408.0	931.0
90.0	150.0
220.0	475.0
213.0	692.0
115.0	462.0
117.0	388.0
349.0	1643.0
17.0	1072.0
680.0	1678.0
429.0	1311.0
774.0	1544.0
106.0	136.0
7226.0	26561.0
443.0	1050.0
769.0	1415.0
1315.0	3537.0
602.0	1668.0
38.0	597.0
154.0	487.0
146.0	536.0
721.0	1338.0
444.0	780.0
58.0	235.0
585.0	824.0
20.0	41.0
718.0	1696.0
3155.0	5746.0
280.0	1027.0
166.0	315.0
0.0	0.0
236.0	590.0
395.0	732.0
587.0	892.0
191.0	628.0
277.0	1025.0
1127.0	2482.0
148.0	604.0
516.0	1218.0
131.0	160.0
71.0	452.0
629.0	1240.0
475.0	1384.0
263.0	409.0
593.0	991.0
8.0	27.0
1895.0	3849.0
96.0	435.0
110.0	229.0
1031.0	2185.0
806.0	1758.0
277.0	520.0
529.0	1327.0
87.0	183.0
298.0	746.0
145.0	489.0
1998.0	4480.0
0.0	110.0
1446.0	3438.0
129.0	242.0
98.0	140.0
27.0	99.0
716.0	1668.0
1092.0	1988.0
30.0	266.0
57.0	169.0
293.0	401.0
245.0	463.0
1174.0	3077.0
2122.0	4243.0
920.0	4287.0
1589.0	2193.0
454.0	1368.0
1724.0	3683.0
340.0	603.0
314.0	931.0
280.0	392.0
48.0	48.0
150.0	160.0
264.0	350.0
282.0	572.0
10876.0	45774.0
1038.0	1527.0
65.0	71.0
61.0	66.0
455.0	590.0
203.0	346.0
0.0	0.0
243.0	520.0
2122.0	6611.0
882.0	1694.0
365.0	827.0
542.0	1461.0
1097.0	2276.0
130.0	279.0
1505.0	2720.0
219.0	581.0
0.0	73.0
750.0	1160.0
4.0	131.0
115.0	204.0
18.0	196.0
1009.0	1623.0
106.0	251.0
466.0	798.0
319.0	1041.0
407.0	1029.0
582.0	911.0
88.0	247.0
475.0	1801.0
148.0	169.0
183.0	467.0
1476.0	4146.0
310.0	829.0
856.0	2573.0
16798.0	57335.0
719.0	1533.0
863.0	1704.0
247.0	927.0
600.0	1302.0
299.0	659.0
8562.0	24018.0
79.0	178.0
499.0	1042.0
31.0	371.0
777.0	2274.0
226.0	429.0
66.0	152.0
562.0	1034.0
723.0	1540.0
1122.0	1775.0
0.0	290.0
455.0	1540.0
297.0	1384.0
65.0	324.0
28259.0	78668.0
192.0	252.0
267.0	1209.0
963.0	1366.0
81.0	81.0
0.0	0.0
239.0	327.0
0.0	0.0
59.0	869.0
580.0	1249.0
291.0	293.0
36.0	457.0
154.0	560.0
1330.0	1804.0
420.0	775.0
462.0	1298.0
112.0	403.0
822.0	2116.0
36.0	226.0
446.0	595.0
164.0	1087.0
563.0	1301.0
624.0	1106.0
1214.0	4842.0
687.0	1348.0
237.0	350.0
470.0	1203.0
1211.0	1809.0
25.0	227.0
1061.0	1401.0
29.0	75.0
0.0	0.0
265.0	496.0
384.0	1139.0
556.0	1095.0
237.0	526.0
152.0	237.0
382.0	723.0
25.0	101.0
400.0	1145.0
10978.0	38229.0
576.0	919.0
695.0	1845.0
489.0	1829.0
121.0	420.0
367.0	380.0
658.0	1180.0
1325.0	2519.0
1896.0	4932.0
274.0	1444.0
145.0	1151.0
5841.0	20758.0
597.0	791.0
140.0	140.0
50.0	469.0
120.0	172.0
492.0	723.0
611.0	1634.0
948.0	1575.0
70.0	234.0
2067.0	3614.0
0.0	0.0
116.0	233.0
467.0	496.0
376.0	932.0
369.0	1352.0
867.0	1336.0
863.0	1340.0
98.0	448.0
1131.0	7048.0
20.0	189.0
449.0	619.0
364.0	557.0
1291.0	1622.0
709.0	1334.0
18.0	18.0
356.0	644.0
578.0	1221.0
121.0	401.0
1312.0	2526.0
72.0	112.0
407.0	901.0
132.0	1981.0
461.0	827.0
764.0	1438.0
569.0	889.0
371.0	863.0
34.0	52.0
354.0	755.0
814.0	1784.0
343.0	1006.0
536.0	826.0
489.0	658.0
0.0	0.0
164.0	369.0
991.0	1230.0
912.0	1306.0
847.0	1694.0
1592.0	4420.0
9.0	173.0
86.0	552.0
1433.0	2918.0
272.0	1245.0
2797.0	6882.0
456.0	1334.0
571.0	1422.0
74.0	476.0
253.0	462.0
336.0	336.0
405.0	1454.0
2309.0	6259.0
183.0	265.0
990.0	1497.0
0.0	0.0
122.0	219.0
273.0	1149.0
0.0	0.0
152.0	602.0
0.0	75.0
987.0	1874.0
55.0	205.0
360.0	1260.0
547.0	2206.0
81.0	124.0
222.0	312.0
158.0	270.0
213.0	608.0
188.0	425.0
241.0	456.0
0.0	0.0
416.0	1368.0
319.0	490.0
1649.0	2344.0
156.0	191.0
125.0	480.0
733.0	1298.0
173.0	421.0
522.0	880.0
398.0	1005.0
221.0	929.0
0.0	20.0
999.0	2068.0
275.0	791.0
289.0	395.0
291.0	475.0
284.0	673.0
813.0	1529.0
543.0	848.0
140.0	180.0
150.0	730.0
168.0	256.0
954.0	3622.0
918.0	4089.0
31.0	165.0
3674.0	11357.0
1128.0	3154.0
113.0	344.0
1550.0	6121.0
586.0	1484.0
694.0	907.0
2280.0	4149.0
651.0	783.0
827.0	1455.0
87.0	123.0
0.0	0.0
397.0	1929.0
171.0	303.0
148.0	328.0
2192.0	4337.0
467.0	2002.0
278.0	884.0
276.0	561.0
273.0	639.0
321.0	662.0
0.0	0.0
62.0	133.0
83.0	240.0
18.0	145.0
812.0	3723.0
118.0	362.0
337.0	482.0
322.0	935.0
306.0	415.0
0.0	78.0
80.0	255.0
514.0	826.0
715.0	1119.0
144.0	200.0
122.0	681.0
18.0	216.0
409.0	704.0
863.0	3613.0
600.0	1405.0
860.0	2231.0
41.0	136.0
541.0	1080.0
203.0	817.0
658.0	1677.0
926.0	2064.0
108.0	249.0
267.0	1113.0
127.0	503.0
14.0	162.0
11.0	77.0
358.0	1008.0
16.0	43.0
478.0	747.0
70.0	77.0
574.0	1528.0
321.0	400.0
469.0	932.0
222.0	660.0
211.0	635.0
150.0	263.0
265.0	506.0
386.0	684.0
0.0	0.0
622.0	751.0
134.0	388.0
643.0	1144.0
267.0	361.0
154.0	473.0
116.0	257.0
510.0	1173.0
266.0	528.0
0.0	50.0
518.0	2809.0
140.0	231.0
1067.0	2454.0
453.0	1223.0
0.0	92.0
0.0	24.0
355.0	1024.0
1392.0	2967.0
202.0	362.0
417.0	1011.0
478.0	598.0
207.0	449.0
471.0	1328.0
40.0	40.0
45.0	84.0
920.0	1704.0
0.0	346.0
1185.0	3717.0
144.0	737.0
752.0	1662.0
1756.0	2284.0
214.0	465.0
391.0	527.0
534.0	2048.0
890.0	2174.0
235.0	374.0
1364.0	2166.0
267.0	506.0
1215.0	2119.0
184.0	184.0
138.0	234.0
222.0	599.0
5904.0	20471.0
1011.0	2676.0
788.0	1511.0
1125.0	2621.0
310.0	560.0
492.0	908.0
1074.0	3045.0
200.0	383.0
157.0	223.0
894.0	3156.0
328.0	797.0
1279.0	2572.0
1328.0	3308.0
706.0	1265.0
375.0	622.0
151.0	469.0
158.0	490.0
635.0	1161.0
183.0	633.0
199.0	707.0
2173.0	3872.0
134.0	190.0
272.0	580.0
132.0	469.0
684.0	1713.0
286.0	893.0
271.0	1359.0
115.0	667.0
91.0	1010.0
155.0	240.0
0.0	29.0
109.0	975.0
211.0	502.0
0.0	267.0
397.0	484.0
681.0	1301.0
82.0	190.0
148.0	1487.0
251.0	1709.0
0.0	102.0
380.0	686.0
416.0	2256.0
1672.0	3411.0
1489.0	4259.0
90.0	156.0
20.0	257.0
414.0	591.0
468.0	787.0
1153.0	3457.0
297.0	566.0
0.0	0.0
151.0	694.0
637.0	1500.0
54.0	240.0
158.0	658.0
336.0	2363.0
1941.0	5264.0
1174.0	5786.0
149.0	482.0
153.0	729.0
408.0	863.0
381.0	829.0
7410.0	25248.0
12658.0	51221.0
122.0	610.0
478.0	988.0
836.0	2375.0
60.0	148.0
156.0	333.0
372.0	1675.0
357.0	879.0
908.0	1853.0
538.0	1411.0
78.0	185.0
8.0	18.0
1567.0	2842.0
638.0	1323.0
725.0	987.0
118.0	166.0
138.0	786.0
775.0	2749.0
185.0	688.0
377.0	720.0
365.0	551.0
210.0	754.0
184.0	206.0
263.0	970.0
65.0	156.0
575.0	2148.0
261.0	519.0
526.0	1128.0
175.0	340.0
173.0	289.0
843.0	1310.0
299.0	477.0
826.0	3783.0
14.0	271.0
400.0	514.0
788.0	1522.0
426.0	1289.0
839.0	1596.0
1285.0	3135.0
63.0	859.0
217.0	429.0
370.0	1242.0
245.0	676.0
1342.0	2732.0
15.0	128.0
304.0	879.0
303.0	545.0
234.0	324.0
435.0	788.0
528.0	1170.0
832.0	1533.0
266.0	582.0
55.0	60.0
424.0	1072.0
45.0	363.0
551.0	1321.0
752.0	2051.0
269.0	847.0
341.0	408.0
10.0	66.0
44.0	85.0
0.0	38.0
2579.0	6430.0
83.0	120.0
213.0	602.0
915.0	1447.0
50.0	117.0
60.0	750.0
29.0	66.0
528.0	2304.0
266.0	511.0
752.0	1927.0
304.0	1001.0
256.0	644.0
233.0	296.0
185.0	286.0
1080.0	3296.0
292.0	416.0
1217.0	2810.0
2597.0	17052.0
1102.0	2180.0
0.0	50.0
1113.0	2582.0
428.0	615.0
360.0	529.0
0.0	0.0
568.0	956.0
99.0	246.0
33261.0	139021.0
113.0	485.0
157.0	576.0
4612.0	22052.0
301.0	383.0
242.0	936.0
515.0	1218.0
42.0	113.0
436.0	1205.0
883.0	2723.0
571.0	1112.0
290.0	959.0
11311.0	37438.0
126.0	320.0
116.0	891.0
295.0	703.0
16.0	65.0
66.0	639.0
21892.0	52857.0
0.0	101.0
58.0	73.0
830.0	2792.0
161.0	264.0
2551.0	9637.0
143.0	834.0
77.0	888.0
44.0	231.0
139.0	380.0
386.0	991.0
966.0	4464.0
528.0	638.0
2190.0	3959.0
311.0	435.0
0.0	0.0
487.0	1236.0
445.0	713.0
178.0	261.0
73.0	1328.0
397.0	908.0
218.0	458.0
19.0	35.0
1611.0	2812.0
559.0	1422.0
150.0	470.0
376.0	1086.0
226.0	743.0
141.0	524.0
178.0	620.0
17.0	212.0
113.0	381.0
74.0	94.0
87.0	306.0
553.0	955.0
171.0	285.0
651.0	1187.0
211.0	426.0
109.0	155.0
566.0	2803.0
2672.0	15613.0
11.0	117.0
399.0	1465.0
161.0	267.0
208.0	1457.0
0.0	214.0
368.0	1136.0
31.0	436.0
147.0	794.0
1000.0	2273.0
52.0	64.0
316.0	488.0
0.0	0.0
199.0	219.0
434.0	1159.0
749.0	1840.0
59.0	129.0
79.0	210.0
1340.0	1890.0
187.0	331.0
185.0	458.0
5810.0	22046.0
588.0	1063.0
748.0	1376.0
92.0	592.0
2259.0	4435.0
204.0	256.0
143.0	484.0
188.0	455.0
481.0	989.0
163.0	256.0
79.0	152.0
0.0	26.0
1135.0	2707.0
855.0	2024.0
1284.0	4461.0
236.0	561.0
0.0	287.0
0.0	0.0
118.0	133.0
0.0	129.0
1259.0	1989.0
280.0	560.0
57.0	232.0
56.0	338.0
30.0	57.0
127.0	150.0
65.0	207.0
284.0	828.0
341.0	828.0
210.0	246.0
1525.0	3688.0
1088.0	2024.0
721.0	860.0
728.0	1175.0
302.0	835.0
135.0	520.0
685.0	1078.0
141.0	151.0
1697.0	2936.0
952.0	2285.0
704.0	1374.0
634.0	724.0
337.0	973.0
26.0	54.0
5684.0	15928.0
20.0	184.0
272.0	349.0
291.0	708.0
169.0	845.0
333.0	425.0
169.0	324.0
660.0	2154.0
1049.0	1259.0
643.0	1219.0
621.0	1762.0
0.0	0.0
0.0	0.0
760.0	1278.0
283.0	724.0
76.0	113.0
229.0	449.0
0.0	0.0
697.0	2177.0
764.0	1723.0
139.0	489.0
453.0	1360.0
2628.0	6261.0
2144.0	4037.0
40.0	766.0
1031.0	2132.0
290.0	378.0
505.0	854.0
120.0	429.0
740.0	895.0
193.0	968.0
353.0	471.0
0.0	0.0
296.0	784.0
394.0	774.0
168.0	676.0
2213.0	11335.0
275.0	1168.0
627.0	1543.0
584.0	913.0
220.0	393.0
0.0	0.0
226.0	267.0
419.0	716.0
606.0	799.0
26.0	211.0
178.0	178.0
1813.0	3619.0
0.0	25.0
193.0	437.0
522.0	955.0
1133.0	1425.0
161.0	359.0
663.0	1293.0
165.0	301.0
0.0	0.0
1185.0	2135.0
1062.0	2680.0
743.0	879.0
186.0	586.0
117.0	264.0
776.0	1272.0
202.0	1622.0
913.0	1993.0
195.0	404.0
130.0	188.0
14112.0	35777.0
774.0	2145.0
757.0	1361.0
30.0	88.0
80.0	80.0
297.0	1042.0
171.0	497.0
32.0	51.0
51.0	212.0
111.0	185.0
1321.0	2508.0
1029.0	2256.0
302.0	436.0
178.0	378.0
391.0	1118.0
14304.0	52280.0
125.0	251.0
294.0	595.0
1319.0	3134.0
472.0	756.0
354.0	524.0
534.0	1234.0
0.0	562.0
0.0	0.0
1227.0	2677.0
721.0	1627.0
1476.0	5258.0
254.0	460.0
341.0	448.0
772.0	1533.0
226.0	262.0
1535.0	3629.0
402.0	479.0
244.0	618.0
0.0	0.0
597.0	1551.0
770.0	1970.0
8.0	70.0
655.0	2037.0
206.0	446.0
239.0	850.0
12.0	18.0
28.0	28.0
1371.0	2993.0
713.0	1451.0
333.0	950.0
133.0	249.0
26.0	208.0
278.0	506.0
225.0	1261.0
100.0	117.0
505.0	706.0
492.0	2231.0
1885.0	4323.0
526.0	1251.0
233.0	1234.0
491.0	621.0
1275.0	1640.0
390.0	710.0
17.0	129.0
76.0	359.0
1292.0	3772.0
1559.0	3192.0
862.0	2491.0
667.0	1533.0
615.0	1133.0
65.0	242.0
1510.0	3693.0
262.0	849.0
597.0	1684.0
300.0	475.0
376.0	824.0
1176.0	2132.0
228.0	370.0
56.0	117.0
586.0	2749.0
377.0	512.0
600.0	1971.0
52.0	52.0
151.0	353.0
0.0	0.0
168.0	654.0
1114.0	2519.0
270.0	568.0
419.0	1842.0
289.0	819.0
6.0	25.0
468.0	897.0
535.0	1796.0
113.0	226.0
746.0	1628.0
531.0	1414.0
787.0	1094.0
289.0	1718.0
176.0	251.0
962.0	2225.0
269.0	1303.0
2090.0	5049.0
0.0	0.0
725.0	2152.0
438.0	619.0
54.0	385.0
294.0	1223.0
510.0	1552.0
1107.0	3238.0
91.0	430.0
63.0	112.0
40.0	42.0
7.0	127.0
36.0	46.0
206.0	1007.0
263.0	430.0
80.0	80.0
485.0	1099.0
209.0	1295.0
215.0	217.0
679.0	1409.0
350.0	684.0
578.0	2020.0
724.0	2572.0
772.0	1666.0
224.0	384.0
6.0	509.0
54.0	273.0
906.0	2878.0
1353.0	3263.0
66.0	167.0
456.0	664.0
533.0	1210.0
2730.0	5440.0
494.0	786.0
84.0	198.0
604.0	1278.0
137.0	813.0
729.0	1376.0
144.0	502.0
92.0	303.0
452.0	638.0
970.0	1860.0
80.0	217.0
15483.0	53101.0
136.0	166.0
479.0	1372.0
342.0	644.0
53.0	123.0
197.0	1319.0
507.0	1056.0
1351.0	5246.0
822.0	1569.0
62.0	278.0
258.0	458.0
586.0	829.0
1061.0	2461.0
777.0	3433.0
75.0	197.0
1479.0	2830.0
797.0	7080.0
547.0	683.0
1307.0	4094.0
4059.0	18529.0
1015.0	1769.0
594.0	2649.0
15.0	148.0
97.0	423.0
1508.0	9561.0
760.0	1537.0
829.0	1415.0
0.0	213.0
718.0	1643.0
74.0	226.0
738.0	1494.0
19.0	19.0
283.0	470.0
302.0	1129.0
1391.0	4130.0
1887.0	3876.0
205.0	354.0
3418.0	20730.0
81.0	144.0
1042.0	2688.0
0.0	0.0
21858.0	84709.0
670.0	1133.0
197.0	558.0
191.0	475.0
38.0	160.0
37.0	345.0
57.0	57.0
191.0	303.0
223.0	789.0
300.0	656.0
175.0	554.0
393.0	777.0
360.0	552.0
177.0	678.0
494.0	1163.0
7139.0	34175.0
14.0	43.0
149.0	287.0
246.0	447.0
1193.0	2583.0
171.0	927.0
780.0	1635.0
550.0	4950.0
744.0	1863.0
28.0	417.0
217.0	274.0
724.0	1248.0
470.0	1009.0
341.0	720.0
242.0	516.0
1847.0	4647.0
1319.0	2244.0
736.0	1758.0
502.0	1084.0
0.0	85.0
208.0	533.0
283.0	1006.0
492.0	802.0
1317.0	3109.0
721.0	1853.0
766.0	807.0
111.0	380.0
419.0	636.0
2381.0	4593.0
678.0	1576.0
283.0	1981.0
289.0	667.0
318.0	553.0
128.0	362.0
206.0	456.0
63.0	686.0
1163.0	2117.0
995.0	2009.0
490.0	1051.0
1235.0	3335.0
0.0	0.0
66.0	651.0
538.0	1211.0
0.0	161.0
0.0	0.0
15.0	25.0
341.0	724.0
356.0	879.0
795.0	2201.0
362.0	880.0
0.0	0.0
27.0	32.0
46.0	219.0
633.0	1956.0
87.0	207.0
218.0	1093.0
1428.0	3112.0
422.0	1329.0
74.0	309.0
453.0	2339.0
30.0	47.0
182.0	296.0
444.0	902.0
177.0	336.0
1208.0	2308.0
3663.0	18370.0
289.0	345.0
246.0	706.0
224.0	393.0
0.0	0.0
1331.0	1657.0
1560.0	2960.0
883.0	1872.0
286.0	574.0
1075.0	1966.0
161.0	810.0
116.0	170.0
168.0	314.0
346.0	711.0
497.0	932.0
782.0	1569.0
152.0	298.0
813.0	2546.0
360.0	1381.0
163.0	430.0
319.0	580.0
65.0	160.0
656.0	1075.0
0.0	0.0
188.0	216.0
86.0	251.0
356.0	734.0
362.0	644.0
1493.0	3190.0
39.0	86.0
89.0	117.0
170.0	772.0
630.0	1880.0
836.0	1847.0
336.0	1317.0
472.0	741.0
62.0	110.0
11803.0	48148.0
199.0	237.0
770.0	2068.0
309.0	1046.0
1071.0	2989.0
15.0	98.0
394.0	1022.0
1.0	56.0
0.0	0.0
460.0	1279.0
199.0	694.0
96.0	698.0
19.0	249.0
424.0	1220.0
391.0	903.0
36.0	69.0
223.0	779.0
448.0	945.0
571.0	1326.0
918.0	3030.0
539.0	1106.0
739.0	1047.0
105.0	199.0
45.0	107.0
411.0	1105.0
64.0	278.0
447.0	1082.0
1492.0	3668.0
1950.0	3660.0
0.0	0.0
4775.0	19902.0
85.0	352.0
1693.0	3935.0
316.0	1213.0
173.0	614.0
127.0	134.0
434.0	651.0
31.0	46.0
646.0	1527.0
89.0	127.0
444.0	1729.0
483.0	1849.0
324.0	1183.0
866.0	1966.0
317.0	635.0
704.0	1643.0
280.0	892.0
110.0	213.0
354.0	741.0
281.0	1115.0
144.0	848.0
251.0	930.0
61.0	143.0
934.0	1605.0
0.0	0.0
149.0	778.0
213.0	384.0
26.0	34.0
167.0	633.0
29.0	99.0
239.0	576.0
207.0	1174.0
330.0	567.0
650.0	1215.0
16.0	106.0
0.0	113.0
129.0	428.0
107.0	123.0
721.0	1542.0
443.0	541.0
1403.0	2212.0
635.0	972.0
689.0	839.0
312.0	446.0
12267.0	34949.0
179.0	1233.0
705.0	1450.0
16.0	66.0
880.0	2187.0
80.0	218.0
81.0	298.0
120.0	689.0
56.0	615.0
394.0	2089.0
438.0	664.0
59.0	155.0
229.0	770.0
1103.0	3765.0
1456.0	2691.0
237.0	438.0
230.0	441.0
0.0	496.0
899.0	1912.0
1569.0	3181.0
0.0	328.0
1042.0	2202.0
667.0	2120.0
154.0	355.0
469.0	765.0
3927.0	10334.0
196.0	551.0
0.0	0.0
61.0	176.0
870.0	1692.0
161.0	241.0
325.0	710.0
99.0	251.0
956.0	3272.0
552.0	942.0
2147.0	3813.0
885.0	2370.0
392.0	1503.0
631.0	3205.0
74.0	74.0
323.0	832.0
82.0	415.0
347.0	544.0
1503.0	4943.0
21.0	106.0
39.0	47.0
31.0	735.0
289.0	330.0
724.0	1593.0
70.0	658.0
1400.0	3250.0
451.0	579.0
343.0	940.0
138.0	494.0
313.0	889.0
254.0	315.0
227.0	349.0
493.0	752.0
419.0	721.0
17.0	17.0
480.0	582.0
140.0	359.0
8.0	19.0
546.0	777.0
328.0	1052.0
567.0	1284.0
251.0	481.0
495.0	723.0
383.0	819.0
122.0	217.0
229.0	969.0
673.0	1258.0
1315.0	3345.0
2356.0	7598.0
267.0	1638.0
211.0	420.0
203.0	203.0
412.0	1081.0
586.0	887.0
483.0	709.0
695.0	1770.0
1818.0	4621.0
742.0	1103.0
187.0	827.0
541.0	1663.0
198.0	481.0
320.0	335.0
449.0	991.0
1369.0	1898.0
451.0	856.0
149.0	333.0
234.0	662.0
260.0	351.0
332.0	533.0
251.0	410.0
317.0	481.0
104.0	175.0
288.0	988.0
854.0	2293.0
366.0	1122.0
130.0	198.0
112.0	273.0
17.0	117.0
513.0	1268.0
349.0	802.0
39.0	121.0
122.0	146.0
100.0	540.0
904.0	1806.0
75.0	2066.0
8563.0	23393.0
356.0	907.0
472.0	2115.0
240.0	454.0
160.0	267.0
0.0	0.0
205.0	382.0
1720.0	3258.0
429.0	594.0
460.0	882.0
139.0	326.0
109.0	354.0
700.0	1056.0
0.0	20.0
203.0	592.0
234.0	562.0
448.0	966.0
477.0	1025.0
0.0	106.0
751.0	1946.0
285.0	543.0
313.0	556.0
242.0	381.0
0.0	31.0
946.0	1512.0
1266.0	2887.0
553.0	1414.0
1146.0	3467.0
8902.0	37513.0
522.0	997.0
216.0	658.0
509.0	950.0
550.0	2320.0
19.0	145.0
504.0	1656.0
73.0	439.0
732.0	1463.0
828.0	1900.0
138.0	806.0
169.0	497.0
247.0	600.0
521.0	1174.0
212.0	814.0
57.0	77.0
849.0	1108.0
262.0	574.0
306.0	762.0
104.0	677.0
211.0	320.0
442.0	698.0
75.0	160.0
398.0	953.0
155.0	232.0
704.0	1860.0
2030.0	5028.0
552.0	1087.0
708.0	1464.0
596.0	973.0
0.0	75.0
701.0	1940.0
316.0	945.0
0.0	0.0
727.0	2270.0
56.0	161.0
5174.0	30380.0
987.0	1515.0
7559.0	24171.0
23.0	70.0
770.0	2621.0
745.0	1737.0
1172.0	1968.0
102.0	122.0
397.0	703.0
0.0	83.0
0.0	283.0
834.0	1544.0
140.0	1511.0
2007.0	4922.0
231.0	352.0
132.0	422.0
2226.0	5880.0
339.0	775.0
451.0	1046.0
0.0	86.0
21.0	146.0
15280.0	58861.0
29.0	62.0
54.0	54.0
28.0	72.0
487.0	1711.0
0.0	309.0
3136.0	20341.0
596.0	1466.0
554.0	782.0
299.0	933.0
645.0	770.0
80.0	270.0
140.0	159.0
147.0	315.0
203.0	424.0
273.0	734.0
107.0	299.0
0.0	19.0
406.0	645.0
65.0	455.0
302.0	512.0
402.0	1711.0
17.0	17.0
544.0	1518.0
7097.0	23093.0
270.0	624.0
1001.0	1708.0
271.0	657.0
84.0	124.0
167.0	437.0
166.0	485.0
220.0	708.0
236.0	458.0
300.0	347.0
68.0	185.0
173.0	222.0
0.0	0.0
378.0	739.0
596.0	1044.0
460.0	1492.0
548.0	998.0
437.0	587.0
321.0	660.0
0.0	0.0
98.0	632.0
8623.0	29004.0
2268.0	7716.0
846.0	2821.0
204.0	247.0
280.0	390.0
0.0	66.0
49.0	272.0
0.0	19.0
265.0	782.0
53.0	80.0
43.0	54.0
285.0	1921.0
412.0	501.0
368.0	701.0
140.0	261.0
615.0	1028.0
178.0	424.0
374.0	1589.0
854.0	1930.0
329.0	448.0
308.0	969.0
297.0	661.0
407.0	1327.0
36.0	726.0
151.0	157.0
1727.0	4304.0
70.0	94.0
0.0	0.0
743.0	1448.0
69.0	115.0
496.0	742.0
566.0	1741.0
1810.0	4431.0
696.0	1837.0
171.0	946.0
1874.0	2994.0
127.0	229.0
78.0	365.0
111.0	494.0
33.0	415.0
2703.0	7272.0
312.0	751.0
330.0	563.0
614.0	1495.0
155.0	192.0
6.0	112.0
16.0	101.0
60.0	563.0
68.0	516.0
1188.0	2649.0
789.0	1703.0
404.0	820.0
263.0	416.0
142.0	361.0
50.0	840.0
404.0	2066.0
242.0	725.0
160.0	453.0
942.0	1366.0
432.0	1892.0
20.0	149.0
34.0	34.0
175.0	252.0
512.0	843.0
1466.0	3568.0
17.0	17.0
447.0	1382.0
0.0	0.0
458.0	779.0
443.0	1348.0
1432.0	2403.0
285.0	341.0
214.0	271.0
3267.0	6674.0
1721.0	3029.0
533.0	1535.0
1647.0	4468.0
705.0	2311.0
393.0	977.0
267.0	517.0
510.0	792.0
47.0	104.0
321.0	702.0
193.0	442.0
802.0	1128.0
117.0	189.0
14.0	140.0
87.0	140.0
643.0	2078.0
1146.0	2140.0
544.0	918.0
14.0	420.0
0.0	17.0
1327.0	2572.0
52.0	142.0
193.0	334.0
366.0	677.0
330.0	762.0
201.0	397.0
77.0	77.0
0.0	133.0
577.0	661.0
446.0	1062.0
135.0	302.0
445.0	1051.0
1679.0	3183.0
1385.0	2810.0
514.0	836.0
0.0	0.0
237.0	469.0
1015.0	2026.0
1151.0	1914.0
20.0	106.0
133.0	329.0
287.0	844.0
449.0	1116.0
0.0	0.0
462.0	1236.0
228.0	248.0
226.0	498.0
125.0	612.0
696.0	1401.0
463.0	795.0
1000.0	2000.0
277.0	1363.0
105.0	422.0
30.0	45.0
1686.0	5598.0
0.0	0.0
374.0	750.0
85.0	480.0
244.0	517.0
1954.0	4096.0
239.0	294.0
767.0	995.0
726.0	1273.0
151.0	265.0
627.0	948.0
479.0	1317.0
211.0	431.0
133.0	215.0
700.0	1744.0
899.0	2486.0
702.0	2010.0
18262.0	63902.0
90.0	803.0
235.0	541.0
47.0	94.0
0.0	264.0
1426.0	2625.0
13.0	233.0
737.0	1783.0
223.0	496.0
404.0	902.0
207.0	334.0
82.0	148.0
592.0	1735.0
1147.0	2672.0
430.0	1252.0
300.0	696.0
68.0	407.0
18049.0	92400.0
220.0	717.0
405.0	791.0
840.0	2148.0
69.0	452.0
502.0	1912.0
103.0	241.0
57.0	110.0
40.0	406.0
127.0	522.0
193.0	642.0
101.0	103.0
731.0	1780.0
8.0	237.0
642.0	1262.0
648.0	1348.0
458.0	1675.0
781.0	2785.0
329.0	1005.0
13.0	493.0
38.0	88.0
248.0	751.0
273.0	1636.0
11662.0	31430.0
275.0	371.0
685.0	1765.0
23.0	198.0
0.0	822.0
226.0	524.0
1334.0	3709.0
672.0	1785.0
842.0	1997.0
46.0	188.0
1037.0	1586.0
1043.0	3342.0
419.0	2498.0
152.0	429.0
167.0	234.0
78.0	635.0
0.0	90.0
307.0	575.0
452.0	801.0
998.0	1358.0
450.0	1722.0
272.0	630.0
56.0	191.0
0.0	19.0
238.0	413.0
862.0	1621.0
237.0	396.0
8793.0	28279.0
166.0	166.0
886.0	1689.0
517.0	1498.0
271.0	740.0
160.0	185.0
593.0	794.0
290.0	702.0
397.0	399.0
265.0	419.0
521.0	1159.0
909.0	2290.0
116.0	259.0
313.0	522.0
161.0	431.0
573.0	1059.0
325.0	564.0
192.0	256.0
195.0	564.0
0.0	200.0
139.0	284.0
538.0	891.0
184.0	578.0
25.0	134.0
8931.0	21176.0
301.0	912.0
1642.0	3384.0
0.0	0.0
241.0	528.0
661.0	1387.0
234.0	642.0
1148.0	3045.0
749.0	1245.0
475.0	767.0
184.0	457.0
25.0	99.0
310.0	1397.0
725.0	1415.0
282.0	373.0
502.0	2295.0
246.0	489.0
751.0	939.0
264.0	597.0
182.0	642.0
226.0	389.0
209.0	335.0
277.0	596.0
87.0	224.0
1021.0	2035.0
116.0	1035.0
328.0	1005.0
1020.0	3801.0
628.0	2834.0
43.0	491.0
442.0	632.0
790.0	2498.0
466.0	1566.0
49.0	49.0
499.0	793.0
1844.0	16161.0
0.0	51.0
15.0	324.0
348.0	1210.0
990.0	1332.0
396.0	1406.0
446.0	610.0
170.0	329.0
0.0	0.0
1208.0	1894.0
154.0	367.0
247.0	748.0
0.0	321.0
309.0	690.0
605.0	857.0
129.0	362.0
220.0	519.0
272.0	847.0
218.0	613.0
326.0	1559.0
284.0	367.0
956.0	1355.0
934.0	1611.0
25941.0	75624.0
31.0	349.0
264.0	314.0
0.0	0.0
312.0	1506.0
154.0	433.0
548.0	1269.0
279.0	722.0
652.0	1463.0
9.0	75.0
600.0	1268.0
1514.0	3066.0
338.0	730.0
22.0	162.0
226.0	803.0
551.0	1123.0
634.0	1252.0
1044.0	2330.0
128.0	401.0
1564.0	3237.0
336.0	557.0
102.0	175.0
702.0	1658.0
124.0	539.0
555.0	1355.0
495.0	1720.0
1016.0	1818.0
133.0	474.0
1215.0	3511.0
125.0	199.0
274.0	551.0
575.0	3331.0
348.0	749.0
867.0	2118.0
56.0	84.0
1550.0	3723.0
243.0	966.0
726.0	1603.0
400.0	618.0
255.0	427.0
1560.0	3713.0
833.0	1787.0
1062.0	2456.0
376.0	1028.0
164.0	267.0
0.0	138.0
461.0	980.0
160.0	524.0
120.0	268.0
6.0	208.0
259.0	658.0
282.0	497.0
162.0	599.0
60.0	136.0
412.0	911.0
0.0	0.0
384.0	928.0
340.0	804.0
191.0	899.0
423.0	932.0
87.0	105.0
232.0	641.0
1279.0	4603.0
840.0	1754.0
0.0	37.0
23.0	293.0
168.0	260.0
444.0	552.0
342.0	691.0
400.0	639.0
711.0	1691.0
0.0	0.0
176.0	244.0
333.0	561.0
33.0	360.0
395.0	1168.0
69.0	164.0
0.0	83.0
708.0	1597.0
64.0	67.0
44.0	452.0
0.0	15.0
44.0	182.0
11.0	315.0
0.0	0.0
351.0	1253.0
238.0	923.0
884.0	2396.0
567.0	950.0
808.0	1292.0
10.0	39.0
1282.0	3514.0
26.0	141.0
183.0	263.0
1944.0	3321.0
2762.0	11854.0
121.0	229.0
192.0	580.0
70.0	172.0
147.0	391.0
19.0	257.0
97.0	516.0
0.0	0.0
343.0	425.0
23.0	25.0
683.0	1535.0
251.0	595.0
0.0	0.0
2078.0	4593.0
279.0	408.0
366.0	1261.0
598.0	1469.0
813.0	3178.0
1020.0	2032.0
158.0	186.0
703.0	1244.0
342.0	827.0
692.0	1006.0
126.0	420.0
992.0	1568.0
720.0	1649.0
298.0	1267.0
278.0	671.0
1037.0	1544.0
301.0	636.0
248.0	1148.0
314.0	513.0
4258.0	18147.0
276.0	574.0
0.0	0.0
1745.0	4456.0
7604.0	26317.0
511.0	785.0
200.0	483.0
0.0	75.0
847.0	2579.0
131.0	291.0
515.0	1261.0
0.0	0.0
280.0	463.0
610.0	1058.0
677.0	1851.0
19.0	184.0
255.0	413.0
0.0	713.0
642.0	1206.0
177.0	273.0
1645.0	3915.0
381.0	807.0
509.0	2114.0
210.0	929.0
106.0	235.0
242.0	468.0
501.0	736.0
1348.0	12135.0
521.0	863.0
528.0	1433.0
146.0	703.0
168.0	329.0
803.0	1296.0
0.0	176.0
281.0	435.0
450.0	1352.0
1275.0	2631.0
334.0	491.0
503.0	1111.0
367.0	1088.0
98.0	242.0
543.0	1294.0
1063.0	2416.0
353.0	1920.0
281.0	848.0
75.0	280.0
216.0	461.0
469.0	842.0
141.0	1040.0
792.0	1589.0
541.0	1133.0
379.0	785.0
241.0	694.0
288.0	562.0
503.0	874.0
105.0	370.0
239.0	592.0
1863.0	6980.0
1368.0	1681.0
230.0	666.0
0.0	173.0
44.0	252.0
479.0	975.0
656.0	4226.0
125.0	496.0
1283.0	2929.0
1729.0	4215.0
145.0	460.0
34.0	59.0
0.0	226.0
236.0	1030.0
210.0	572.0
17433.0	87082.0
0.0	0.0
413.0	786.0
39.0	90.0
0.0	20.0
11.0	60.0
716.0	1166.0
425.0	619.0
786.0	1075.0
50.0	177.0
33.0	104.0
78.0	234.0
258.0	545.0
0.0	472.0
96.0	670.0
114.0	452.0
925.0	1830.0
2830.0	7123.0
1193.0	2751.0
946.0	2837.0
257.0	1042.0
0.0	0.0
597.0	1483.0
217.0	508.0
67.0	314.0
77.0	1050.0
1681.0	2729.0
1029.0	3013.0
894.0	1916.0
580.0	2002.0
36.0	140.0
442.0	920.0
40.0	85.0
128.0	197.0
205.0	313.0
697.0	1747.0
558.0	864.0
0.0	0.0
383.0	721.0
201.0	609.0
988.0	2140.0
44.0	83.0
0.0	53.0
469.0	875.0
435.0	844.0
0.0	97.0
1060.0	2943.0
2445.0	12939.0
84.0	714.0
1229.0	3847.0
484.0	833.0
452.0	1080.0
142.0	356.0
177.0	457.0
95.0	293.0
317.0	791.0
1491.0	3381.0
55.0	620.0
1687.0	3197.0
1390.0	2193.0
394.0	1061.0
1382.0	4492.0
218.0	1486.0
1036.0	1557.0
108.0	328.0
0.0	0.0
0.0	0.0
317.0	967.0
24.0	24.0
167.0	301.0
227.0	811.0
189.0	266.0
866.0	1427.0
532.0	1106.0
832.0	1775.0
1883.0	16432.0
213.0	790.0
930.0	1327.0
600.0	1993.0
113.0	777.0
278.0	603.0
454.0	565.0
634.0	1471.0
7389.0	25064.0
1009.0	1811.0
635.0	1226.0
971.0	1632.0
0.0	24.0
37.0	261.0
137.0	532.0
717.0	1222.0
544.0	1045.0
168.0	168.0
80.0	101.0
590.0	875.0
462.0	869.0
839.0	1584.0
0.0	0.0
796.0	2522.0
335.0	591.0
261.0	566.0
565.0	1044.0
679.0	1234.0
853.0	2258.0
292.0	608.0
995.0	1939.0
17.0	302.0
1067.0	1974.0
308.0	696.0
153.0	616.0
72.0	234.0
18.0	36.0
0.0	17.0
169.0	276.0
188.0	290.0
494.0	1195.0
143.0	381.0
848.0	2132.0
154.0	374.0
0.0	0.0
522.0	1351.0
321.0	516.0
3191.0	10370.0
104.0	151.0
387.0	1419.0
636.0	1240.0
23295.0	91593.0
125.0	455.0
0.0	122.0
1430.0	2601.0
673.0	1328.0
299.0	858.0
579.0	825.0
597.0	1247.0
61.0	145.0
0.0	132.0
231.0	252.0
519.0	1111.0
2911.0	17728.0
6213.0	22897.0
1214.0	1637.0
704.0	786.0
189.0	341.0
213.0	305.0
0.0	0.0
987.0	2209.0
62.0	208.0
309.0	828.0
592.0	1113.0
439.0	1506.0
478.0	2181.0
580.0	1183.0
497.0	739.0
1104.0	1713.0
1125.0	5270.0
0.0	0.0
1481.0	2471.0
1820.0	4575.0
1000.0	1888.0
13709.0	39451.0
304.0	569.0
92.0	200.0
193.0	486.0
176.0	313.0
178.0	614.0
25.0	25.0
1099.0	1715.0
3731.0	17709.0
573.0	1308.0
373.0	623.0
634.0	1197.0
21.0	213.0
288.0	519.0
167.0	792.0
0.0	116.0
96.0	147.0
1174.0	3631.0
1446.0	3495.0
162.0	296.0
148.0	310.0
278.0	703.0
197.0	426.0
713.0	1355.0
520.0	1224.0
13.0	47.0
277.0	2752.0
389.0	586.0
534.0	741.0
46.0	1186.0
851.0	1219.0
81.0	183.0
0.0	213.0
35.0	102.0
190.0	750.0
829.0	1339.0
77.0	472.0
136.0	240.0
356.0	649.0
158.0	406.0
152.0	536.0
1871.0	3397.0
30.0	151.0
12111.0	41037.0
77.0	434.0
0.0	50.0
213.0	1064.0
404.0	1642.0
318.0	1224.0
705.0	1491.0
384.0	611.0
70.0	88.0
347.0	435.0
326.0	684.0
409.0	870.0
83.0	94.0
538.0	1443.0
92.0	123.0
534.0	1329.0
1426.0	2918.0
705.0	1522.0
279.0	629.0
184.0	764.0
68.0	451.0
367.0	584.0
324.0	841.0
118.0	308.0
249.0	256.0
719.0	1692.0
10772.0	29525.0
785.0	1151.0
763.0	2187.0
78.0	225.0
866.0	2983.0
556.0	1679.0
382.0	1458.0
26.0	76.0
1072.0	1482.0
325.0	1003.0
542.0	1172.0
641.0	1865.0
521.0	1937.0
21.0	21.0
0.0	24.0
142.0	162.0
394.0	1603.0
55.0	350.0
260.0	314.0
120.0	429.0
340.0	856.0
389.0	821.0
59.0	119.0
2837.0	12677.0
661.0	913.0
7046.0	24084.0
2108.0	5226.0
253.0	416.0
170.0	842.0
123.0	681.0
125.0	283.0
845.0	1620.0
506.0	680.0
215.0	673.0
308.0	912.0
193.0	270.0
1002.0	2214.0
1048.0	2373.0
1102.0	3193.0
31.0	42.0
108.0	176.0
2000.0	5245.0
246.0	383.0
0.0	0.0
0.0	129.0
281.0	524.0
0.0	0.0
178.0	564.0
0.0	0.0
152.0	228.0
571.0	933.0
37.0	37.0
388.0	1086.0
216.0	2994.0
529.0	1072.0
178.0	703.0
1361.0	4806.0
396.0	745.0
80.0	260.0
3035.0	12889.0
1498.0	3549.0
95.0	1426.0
154.0	663.0
669.0	1449.0
231.0	560.0
172.0	506.0
51.0	60.0
271.0	1726.0
377.0	573.0
355.0	631.0
343.0	1064.0
1018.0	1884.0
1084.0	2726.0
1001.0	1525.0
35.0	187.0
343.0	1825.0
385.0	420.0
200.0	252.0
442.0	1403.0
0.0	0.0
201.0	1161.0
78.0	78.0
783.0	1456.0
213.0	528.0
291.0	698.0
467.0	1219.0
1729.0	3665.0
803.0	2633.0
437.0	662.0
872.0	2113.0
896.0	1467.0
20.0	96.0
403.0	637.0
6402.0	19839.0
180.0	408.0
995.0	2263.0
2817.0	8953.0
345.0	900.0
271.0	944.0
1118.0	2786.0
496.0	608.0
2062.0	3120.0
22.0	90.0
106.0	828.0
0.0	171.0
764.0	2275.0
311.0	1415.0
741.0	1465.0
550.0	626.0
559.0	2068.0
781.0	1695.0
523.0	1170.0
810.0	1867.0
1015.0	2950.0
196.0	859.0
0.0	0.0
8962.0	22578.0
188.0	462.0
343.0	532.0
63.0	107.0
311.0	426.0
494.0	1272.0
489.0	1069.0
1125.0	2593.0
164.0	259.0
391.0	928.0
231.0	1487.0
0.0	0.0
358.0	939.0
827.0	2082.0
1029.0	4281.0
265.0	504.0
254.0	625.0
36.0	130.0
338.0	1010.0
425.0	517.0
0.0	0.0
19.0	159.0
536.0	1033.0
15.0	134.0
116.0	180.0
1282.0	2123.0
580.0	1135.0
33.0	580.0
284.0	321.0
131.0	331.0
121.0	314.0
508.0	1026.0
209.0	432.0
108.0	535.0
265.0	625.0
904.0	1369.0
255.0	499.0
668.0	981.0
469.0	907.0
376.0	678.0
960.0	1704.0
146.0	146.0
72.0	100.0
1570.0	2848.0
699.0	1431.0
1653.0	5896.0
379.0	1843.0
0.0	49.0
567.0	1272.0
60.0	324.0
479.0	1612.0
0.0	651.0
336.0	454.0
799.0	1488.0
280.0	622.0
494.0	1194.0
56.0	959.0
60.0	153.0
592.0	1013.0
89.0	118.0
475.0	986.0
46.0	184.0
63.0	102.0
0.0	23.0
0.0	51.0
197.0	1420.0
443.0	1110.0
367.0	1986.0
34.0	34.0
455.0	1214.0
222.0	287.0
1847.0	3905.0
48.0	48.0
38.0	145.0
393.0	985.0
514.0	912.0
726.0	1407.0
123.0	390.0
160.0	925.0
848.0	1767.0
33.0	584.0
231.0	623.0
303.0	976.0
331.0	826.0
68.0	137.0
142.0	325.0
0.0	67.0
1486.0	3272.0
64.0	578.0
0.0	0.0
0.0	38.0
1019.0	2370.0
552.0	1007.0
249.0	925.0
726.0	1086.0
