166.0	384.0
0.0	17.0
116.0	1620.0
126.0	213.0
14.0	25.0
1230.0	1776.0
760.0	2234.0
69.0	91.0
799.0	2044.0
1163.0	1792.0
41.0	697.0
293.0	1110.0
23.0	521.0
293.0	1201.0
19.0	19.0
0.0	0.0
272.0	790.0
51.0	178.0
0.0	0.0
0.0	16.0
95.0	120.0
6338.0	33846.0
2294.0	9408.0
191.0	788.0
299.0	381.0
3175.0	15899.0
0.0	0.0
249.0	1858.0
349.0	1076.0
43.0	1796.0
272.0	3350.0
284.0	284.0
171.0	936.0
0.0	0.0
0.0	0.0
726.0	6000.0
727.0	1891.0
6.0	93.0
57.0	142.0
0.0	30.0
665.0	5927.0
183.0	825.0
48.0	254.0
46.0	46.0
47.0	206.0
728.0	2488.0
71.0	1091.0
0.0	95.0
170.0	541.0
500.0	1630.0
1978.0	6971.0
37.0	38.0
218.0	1266.0
8.0	205.0
290.0	477.0
873.0	1432.0
0.0	0.0
45.0	264.0
1178.0	1838.0
1614.0	3263.0
859.0	5012.0
843.0	1438.0
372.0	927.0
5787.0	11631.0
26.0	376.0
0.0	0.0
0.0	59.0
87.0	345.0
418.0	2341.0
132.0	198.0
423.0	1434.0
87.0	148.0
48.0	57.0
10478.0	71818.0
0.0	0.0
1289.0	5600.0
68.0	68.0
5367.0	9735.0
580.0	2222.0
2392.0	6440.0
987.0	5553.0
330.0	982.0
701.0	1241.0
0.0	47.0
24.0	58.0
1197.0	4288.0
137.0	425.0
338.0	482.0
817.0	1285.0
443.0	1257.0
56.0	149.0
0.0	0.0
471.0	851.0
7.0	124.0
419.0	3029.0
481.0	3497.0
476.0	690.0
333.0	791.0
2779.0	5878.0
324.0	1863.0
67.0	150.0
432.0	3353.0
372.0	2820.0
0.0	0.0
131.0	283.0
8.0	193.0
933.0	2990.0
489.0	984.0
179.0	1543.0
703.0	1729.0
258.0	929.0
1229.0	3428.0
197.0	982.0
568.0	2893.0
68.0	410.0
137.0	2658.0
6.0	139.0
39.0	1142.0
131.0	403.0
1918.0	5599.0
0.0	0.0
304.0	992.0
5229.0	12011.0
390.0	639.0
4555.0	13187.0
0.0	0.0
9.0	54.0
11.0	20.0
0.0	0.0
2961.0	7976.0
0.0	48.0
3361.0	5928.0
74.0	237.0
99.0	867.0
0.0	0.0
2088.0	4722.0
171.0	352.0
699.0	2440.0
8.0	215.0
605.0	2035.0
1134.0	1483.0
24.0	45.0
0.0	304.0
2009.0	4837.0
430.0	764.0
101.0	396.0
406.0	1278.0
178.0	851.0
785.0	786.0
28.0	191.0
206.0	333.0
336.0	1149.0
2497.0	9925.0
1292.0	3752.0
135.0	303.0
7896.0	36176.0
1408.0	2111.0
6951.0	26868.0
104.0	650.0
1135.0	3876.0
540.0	874.0
41.0	64.0
227.0	908.0
15.0	31.0
0.0	0.0
89.0	2123.0
323.0	2249.0
834.0	2016.0
92.0	419.0
220.0	521.0
160.0	648.0
109.0	160.0
4432.0	10593.0
3345.0	12289.0
0.0	18.0
114.0	518.0
281.0	572.0
0.0	71.0
78.0	78.0
4350.0	7648.0
2977.0	15146.0
1039.0	4491.0
100.0	127.0
63.0	412.0
248.0	604.0
438.0	1366.0
0.0	0.0
0.0	0.0
217.0	939.0
0.0	0.0
6.0	188.0
962.0	3959.0
0.0	0.0
1939.0	11190.0
1689.0	9484.0
665.0	3875.0
0.0	0.0
272.0	467.0
17.0	17.0
26.0	41.0
191.0	1322.0
894.0	2846.0
378.0	2302.0
175.0	784.0
2045.0	8450.0
8.0	75.0
2897.0	9531.0
34.0	268.0
725.0	2127.0
0.0	0.0
0.0	0.0
0.0	140.0
304.0	1254.0
726.0	1160.0
63.0	310.0
13486.0	48761.0
758.0	3528.0
928.0	2714.0
0.0	66.0
921.0	4321.0
589.0	2788.0
545.0	2103.0
68.0	279.0
26.0	30.0
2482.0	7347.0
0.0	0.0
777.0	1599.0
191.0	348.0
0.0	40.0
368.0	606.0
0.0	0.0
0.0	211.0
108.0	560.0
131.0	530.0
1479.0	4587.0
0.0	0.0
603.0	1128.0
84.0	84.0
1083.0	5292.0
3024.0	28642.0
0.0	0.0
1.0	45.0
3091.0	31073.0
131.0	1270.0
236.0	1370.0
224.0	456.0
332.0	639.0
456.0	961.0
14.0	44.0
532.0	1135.0
129.0	1205.0
21.0	72.0
1108.0	5572.0
3065.0	6694.0
0.0	119.0
435.0	653.0
20.0	20.0
23.0	117.0
16.0	87.0
408.0	2520.0
2094.0	5242.0
0.0	32.0
34.0	34.0
28.0	28.0
155.0	862.0
166.0	408.0
10.0	61.0
631.0	986.0
4486.0	19131.0
70.0	332.0
1098.0	1457.0
0.0	0.0
0.0	18.0
142.0	790.0
112.0	233.0
154.0	233.0
1992.0	4953.0
0.0	0.0
2385.0	5237.0
422.0	443.0
0.0	0.0
61.0	756.0
0.0	0.0
145.0	712.0
262.0	398.0
457.0	1666.0
74.0	226.0
294.0	593.0
0.0	0.0
2782.0	9842.0
492.0	1740.0
446.0	1982.0
306.0	887.0
29.0	87.0
43.0	613.0
452.0	2493.0
0.0	0.0
0.0	0.0
995.0	4536.0
299.0	1396.0
1571.0	2276.0
202.0	991.0
32.0	255.0
225.0	496.0
64.0	480.0
988.0	4042.0
289.0	1093.0
3775.0	11514.0
129.0	524.0
0.0	44.0
58.0	58.0
55.0	76.0
2027.0	5257.0
89.0	461.0
0.0	0.0
34.0	551.0
242.0	1064.0
45.0	57.0
0.0	0.0
108.0	205.0
134.0	1161.0
1471.0	4084.0
320.0	2635.0
0.0	0.0
1916.0	2436.0
144.0	503.0
327.0	886.0
1026.0	1626.0
234.0	389.0
95.0	1075.0
909.0	3175.0
126.0	581.0
0.0	0.0
118.0	349.0
2031.0	9309.0
0.0	0.0
609.0	1154.0
5983.0	15506.0
71.0	71.0
14.0	213.0
3390.0	7910.0
951.0	4173.0
4612.0	16450.0
695.0	1091.0
579.0	1838.0
0.0	53.0
254.0	364.0
55.0	73.0
1330.0	6203.0
145.0	518.0
0.0	0.0
1.0	100.0
372.0	1995.0
255.0	969.0
0.0	68.0
94.0	797.0
478.0	809.0
80.0	1006.0
0.0	34.0
287.0	434.0
5395.0	13015.0
0.0	0.0
0.0	0.0
159.0	580.0
2556.0	5012.0
27.0	81.0
978.0	2450.0
71.0	371.0
481.0	1639.0
64.0	391.0
0.0	40.0
0.0	42.0
34.0	244.0
8699.0	41433.0
0.0	183.0
0.0	36.0
65.0	590.0
1464.0	2525.0
0.0	27.0
3281.0	8502.0
0.0	0.0
0.0	143.0
336.0	3859.0
154.0	604.0
93.0	799.0
544.0	3464.0
929.0	5369.0
0.0	0.0
212.0	1595.0
143.0	1176.0
988.0	4055.0
0.0	0.0
830.0	2873.0
0.0	0.0
1707.0	1969.0
40.0	120.0
0.0	0.0
1494.0	3023.0
212.0	831.0
736.0	2202.0
2131.0	8017.0
294.0	1535.0
0.0	0.0
5416.0	18444.0
47.0	464.0
9292.0	47829.0
0.0	0.0
175.0	648.0
1523.0	2295.0
803.0	2247.0
41.0	230.0
5951.0	18139.0
60.0	504.0
75.0	101.0
583.0	2480.0
108.0	2065.0
194.0	424.0
262.0	825.0
789.0	4329.0
90.0	704.0
271.0	2272.0
2718.0	13560.0
0.0	893.0
201.0	2511.0
982.0	1572.0
2604.0	7480.0
854.0	2620.0
0.0	76.0
921.0	4345.0
0.0	0.0
65.0	1209.0
242.0	414.0
0.0	63.0
222.0	1700.0
411.0	869.0
1435.0	5049.0
2539.0	6119.0
1420.0	4321.0
781.0	1444.0
94.0	481.0
120.0	136.0
3517.0	7950.0
955.0	2293.0
0.0	29.0
4440.0	17247.0
598.0	2039.0
178.0	263.0
263.0	1129.0
208.0	1124.0
327.0	1900.0
5.0	171.0
135.0	150.0
0.0	0.0
673.0	2109.0
2958.0	6564.0
0.0	0.0
996.0	3096.0
2223.0	9450.0
1401.0	5719.0
305.0	1272.0
0.0	54.0
41.0	531.0
148.0	181.0
404.0	1340.0
1233.0	7474.0
6375.0	49708.0
128.0	213.0
472.0	734.0
0.0	0.0
0.0	41.0
16.0	272.0
27.0	125.0
163.0	958.0
12.0	50.0
3270.0	18956.0
877.0	2312.0
0.0	29.0
300.0	1291.0
55.0	120.0
454.0	1221.0
0.0	124.0
229.0	1221.0
1188.0	4366.0
0.0	0.0
113.0	475.0
532.0	3940.0
0.0	0.0
0.0	0.0
1364.0	9131.0
118.0	900.0
348.0	1141.0
896.0	5685.0
0.0	131.0
172.0	852.0
23.0	94.0
21.0	21.0
127.0	1252.0
1195.0	4907.0
3888.0	16950.0
31.0	499.0
847.0	1503.0
52.0	123.0
0.0	38.0
72.0	363.0
467.0	2988.0
10.0	67.0
108.0	138.0
359.0	2736.0
33.0	88.0
0.0	0.0
151.0	593.0
81.0	594.0
0.0	0.0
3.0	149.0
569.0	1331.0
0.0	115.0
1039.0	5877.0
375.0	1817.0
0.0	30.0
5661.0	14931.0
0.0	15.0
349.0	869.0
0.0	123.0
115.0	1269.0
1675.0	4573.0
3132.0	6031.0
1357.0	4374.0
93.0	406.0
1285.0	5592.0
231.0	817.0
906.0	4024.0
29.0	438.0
0.0	53.0
6.0	120.0
922.0	1683.0
183.0	240.0
0.0	0.0
6668.0	47088.0
139.0	722.0
0.0	0.0
0.0	17.0
45.0	829.0
609.0	2162.0
269.0	990.0
2223.0	14634.0
194.0	1120.0
65.0	141.0
9.0	293.0
424.0	1113.0
670.0	1063.0
525.0	3473.0
0.0	15.0
570.0	2375.0
0.0	0.0
0.0	52.0
11.0	252.0
782.0	2989.0
206.0	448.0
31.0	338.0
130.0	1648.0
267.0	1511.0
198.0	461.0
0.0	0.0
967.0	1737.0
3669.0	13083.0
4208.0	45914.0
4982.0	16007.0
32.0	1184.0
1907.0	3262.0
0.0	0.0
110.0	608.0
54.0	375.0
1008.0	3252.0
594.0	1573.0
72.0	166.0
222.0	755.0
242.0	918.0
0.0	83.0
191.0	713.0
0.0	0.0
0.0	0.0
886.0	4061.0
6642.0	20782.0
1715.0	5433.0
25.0	25.0
750.0	4210.0
1625.0	5813.0
3022.0	12476.0
241.0	356.0
54.0	99.0
1.0	34.0
1201.0	3443.0
274.0	503.0
2734.0	9458.0
140.0	742.0
2067.0	9662.0
163.0	636.0
144.0	262.0
226.0	419.0
42.0	443.0
118.0	1871.0
2028.0	9254.0
1636.0	6074.0
593.0	2158.0
57.0	370.0
369.0	1837.0
3243.0	7266.0
258.0	1508.0
133.0	1155.0
86.0	311.0
153.0	1010.0
210.0	363.0
792.0	5196.0
144.0	382.0
86.0	176.0
4.0	81.0
0.0	44.0
5504.0	18695.0
222.0	264.0
149.0	450.0
1208.0	6195.0
135.0	219.0
2638.0	22539.0
62.0	62.0
274.0	1263.0
114.0	720.0
502.0	1807.0
202.0	1792.0
114.0	507.0
114.0	139.0
1406.0	7715.0
318.0	1367.0
0.0	0.0
1663.0	3537.0
465.0	1117.0
18.0	111.0
1677.0	4499.0
0.0	0.0
0.0	23.0
195.0	1789.0
334.0	1669.0
4.0	54.0
204.0	413.0
136.0	270.0
321.0	782.0
0.0	30.0
31.0	86.0
127.0	952.0
137.0	786.0
0.0	0.0
452.0	2157.0
14.0	148.0
197.0	1920.0
1402.0	3287.0
94.0	445.0
0.0	35.0
37.0	37.0
90.0	758.0
4728.0	22637.0
25.0	448.0
942.0	3526.0
229.0	1241.0
299.0	439.0
9.0	193.0
441.0	1308.0
26.0	325.0
2586.0	9754.0
26.0	448.0
58.0	801.0
31.0	129.0
8.0	579.0
33.0	33.0
289.0	866.0
89.0	1050.0
108.0	285.0
125.0	1485.0
24.0	1017.0
483.0	760.0
21.0	21.0
23.0	55.0
515.0	1901.0
18.0	104.0
0.0	0.0
1014.0	2965.0
108.0	163.0
190.0	657.0
0.0	429.0
730.0	2132.0
1488.0	2345.0
0.0	0.0
138.0	408.0
673.0	2610.0
53.0	282.0
272.0	1067.0
1315.0	5184.0
397.0	2293.0
105.0	106.0
516.0	3616.0
0.0	68.0
154.0	446.0
194.0	795.0
1629.0	5357.0
154.0	208.0
1449.0	5052.0
337.0	873.0
0.0	0.0
61.0	90.0
207.0	241.0
0.0	0.0
0.0	43.0
885.0	3769.0
2948.0	15884.0
8.0	92.0
218.0	758.0
224.0	907.0
115.0	1046.0
448.0	899.0
114.0	351.0
2216.0	10809.0
17.0	96.0
38.0	158.0
5221.0	20361.0
2122.0	4983.0
995.0	14505.0
494.0	1264.0
471.0	1958.0
1296.0	7588.0
2537.0	31221.0
35.0	783.0
0.0	0.0
0.0	0.0
1702.0	3758.0
149.0	420.0
0.0	0.0
1415.0	7213.0
6946.0	29134.0
2800.0	5970.0
278.0	2396.0
521.0	988.0
7.0	170.0
442.0	1750.0
40.0	40.0
114.0	300.0
27.0	982.0
2424.0	6332.0
7956.0	40987.0
93.0	520.0
0.0	0.0
1629.0	6542.0
309.0	702.0
125.0	660.0
237.0	1256.0
0.0	102.0
639.0	987.0
0.0	0.0
0.0	0.0
56.0	122.0
37.0	834.0
589.0	1654.0
416.0	1079.0
87.0	225.0
132.0	482.0
96.0	297.0
2.0	93.0
1044.0	3048.0
0.0	0.0
0.0	0.0
3796.0	9388.0
703.0	1267.0
52.0	103.0
3392.0	7537.0
1396.0	5956.0
23.0	255.0
569.0	1414.0
2085.0	7590.0
0.0	0.0
1007.0	2271.0
73.0	283.0
295.0	380.0
26.0	80.0
89.0	344.0
218.0	748.0
2680.0	36714.0
2714.0	9285.0
1495.0	8983.0
963.0	3256.0
50.0	67.0
1.0	99.0
836.0	912.0
0.0	0.0
767.0	965.0
139.0	382.0
0.0	0.0
61.0	125.0
14479.0	51632.0
14.0	109.0
125.0	1214.0
164.0	1750.0
730.0	4165.0
26.0	26.0
81.0	81.0
310.0	3256.0
7.0	109.0
80.0	386.0
119.0	862.0
0.0	0.0
183.0	668.0
1056.0	1530.0
1456.0	5949.0
1071.0	3150.0
205.0	687.0
106.0	870.0
2011.0	12011.0
1918.0	8485.0
17.0	73.0
0.0	0.0
54.0	99.0
0.0	0.0
2306.0	7714.0
89.0	268.0
0.0	23.0
0.0	0.0
537.0	1282.0
63.0	777.0
69.0	69.0
82.0	376.0
0.0	0.0
299.0	2056.0
559.0	598.0
845.0	2981.0
7552.0	26116.0
257.0	714.0
229.0	842.0
773.0	3074.0
109.0	182.0
0.0	298.0
740.0	1641.0
80.0	1080.0
0.0	16.0
0.0	0.0
684.0	1827.0
56.0	187.0
1313.0	5150.0
38.0	651.0
1117.0	3432.0
110.0	288.0
0.0	0.0
2067.0	8934.0
2890.0	10561.0
0.0	69.0
183.0	546.0
990.0	2739.0
641.0	2250.0
357.0	637.0
789.0	2946.0
246.0	1428.0
1.0	24.0
0.0	811.0
8.0	26.0
79.0	317.0
724.0	2594.0
77.0	231.0
91.0	110.0
131.0	341.0
1040.0	2674.0
95.0	911.0
558.0	4259.0
0.0	0.0
282.0	599.0
0.0	191.0
236.0	521.0
240.0	699.0
484.0	1175.0
623.0	2078.0
303.0	1340.0
20.0	229.0
1149.0	10913.0
2912.0	3689.0
366.0	1093.0
199.0	217.0
160.0	262.0
2254.0	3517.0
24.0	90.0
14.0	729.0
115.0	849.0
769.0	791.0
87.0	568.0
1558.0	2935.0
344.0	2322.0
113.0	1213.0
0.0	0.0
1078.0	2809.0
0.0	0.0
594.0	4226.0
870.0	1769.0
660.0	3441.0
30.0	660.0
323.0	2867.0
117.0	1259.0
2841.0	4352.0
175.0	1069.0
4321.0	15093.0
2746.0	4590.0
12.0	162.0
0.0	0.0
38.0	271.0
0.0	0.0
668.0	3116.0
5495.0	13810.0
116.0	583.0
10.0	148.0
999.0	4316.0
1688.0	5765.0
153.0	506.0
1453.0	3178.0
0.0	0.0
251.0	285.0
553.0	1321.0
49.0	138.0
0.0	101.0
20.0	387.0
553.0	3093.0
1451.0	3650.0
0.0	0.0
29.0	454.0
9075.0	50119.0
314.0	1328.0
699.0	1071.0
14.0	356.0
13.0	287.0
62.0	171.0
329.0	592.0
0.0	16.0
960.0	13680.0
10.0	82.0
0.0	0.0
2728.0	13558.0
172.0	624.0
0.0	0.0
221.0	541.0
107.0	492.0
152.0	1504.0
0.0	0.0
34.0	286.0
4190.0	26694.0
0.0	106.0
62.0	189.0
17.0	22.0
123.0	717.0
66.0	277.0
769.0	1774.0
0.0	110.0
1.0	25.0
0.0	0.0
0.0	459.0
360.0	546.0
65.0	112.0
44.0	299.0
14.0	235.0
114.0	185.0
0.0	0.0
0.0	20.0
3661.0	29156.0
469.0	2885.0
0.0	40.0
33.0	112.0
21.0	362.0
0.0	41.0
337.0	1442.0
2236.0	5066.0
333.0	898.0
40.0	558.0
0.0	0.0
23.0	154.0
134.0	372.0
10.0	164.0
453.0	2225.0
790.0	2421.0
267.0	713.0
59.0	487.0
6142.0	27851.0
398.0	451.0
513.0	1661.0
60.0	313.0
0.0	28.0
0.0	122.0
1459.0	3436.0
164.0	1082.0
1288.0	6664.0
6.0	177.0
0.0	41.0
1069.0	2126.0
0.0	0.0
536.0	1562.0
0.0	0.0
354.0	1601.0
55.0	55.0
171.0	1026.0
1253.0	2478.0
128.0	206.0
8716.0	30617.0
108.0	360.0
40.0	42.0
328.0	2520.0
121.0	1063.0
66.0	87.0
281.0	1395.0
2183.0	3312.0
0.0	587.0
41.0	731.0
0.0	0.0
480.0	2566.0
62.0	265.0
80.0	421.0
632.0	1395.0
0.0	131.0
222.0	400.0
1647.0	6601.0
158.0	219.0
124.0	253.0
9.0	88.0
11.0	438.0
16.0	203.0
1302.0	2396.0
2266.0	8831.0
0.0	0.0
619.0	1275.0
1295.0	4520.0
1835.0	4889.0
7658.0	49592.0
4.0	19.0
592.0	1866.0
3959.0	12028.0
2794.0	3418.0
59.0	165.0
478.0	1815.0
0.0	17.0
81.0	425.0
0.0	24.0
0.0	0.0
2.0	20.0
344.0	894.0
1568.0	4425.0
1399.0	1630.0
365.0	465.0
29.0	280.0
0.0	143.0
3.0	708.0
515.0	1115.0
1172.0	3971.0
0.0	0.0
786.0	1504.0
381.0	1603.0
153.0	569.0
3619.0	11379.0
493.0	2476.0
34.0	402.0
0.0	618.0
27.0	27.0
326.0	752.0
87.0	722.0
129.0	572.0
629.0	1937.0
0.0	0.0
19.0	39.0
1154.0	2720.0
90.0	394.0
2138.0	18556.0
136.0	1056.0
0.0	64.0
214.0	1227.0
140.0	215.0
1428.0	4328.0
0.0	18.0
1341.0	2190.0
0.0	0.0
556.0	2007.0
230.0	813.0
146.0	367.0
0.0	40.0
79.0	377.0
387.0	926.0
44.0	102.0
238.0	513.0
12.0	34.0
1763.0	8484.0
136.0	575.0
15.0	347.0
1.0	74.0
8557.0	23137.0
216.0	1681.0
174.0	813.0
227.0	498.0
0.0	68.0
22.0	152.0
198.0	414.0
3202.0	53746.0
922.0	1089.0
171.0	286.0
70.0	376.0
0.0	22.0
40.0	349.0
138.0	561.0
164.0	199.0
176.0	365.0
0.0	527.0
205.0	411.0
525.0	1108.0
3480.0	17451.0
8997.0	51463.0
887.0	4560.0
1844.0	4485.0
135.0	424.0
1500.0	5598.0
44.0	197.0
2027.0	7657.0
944.0	2245.0
0.0	0.0
6.0	118.0
347.0	1446.0
22.0	175.0
0.0	114.0
159.0	422.0
127.0	343.0
1214.0	10403.0
3260.0	22169.0
0.0	0.0
1198.0	5055.0
1419.0	6482.0
4421.0	11004.0
0.0	24.0
4485.0	23341.0
0.0	0.0
43.0	82.0
19.0	19.0
108.0	136.0
48.0	311.0
0.0	220.0
519.0	1498.0
23.0	1989.0
1404.0	4669.0
109.0	526.0
0.0	31.0
94.0	707.0
3884.0	32316.0
948.0	5707.0
6421.0	7272.0
0.0	0.0
83.0	211.0
336.0	1629.0
11.0	82.0
206.0	639.0
542.0	598.0
533.0	1140.0
888.0	1079.0
2944.0	7913.0
187.0	1280.0
8275.0	12042.0
0.0	97.0
907.0	4324.0
0.0	0.0
6541.0	36241.0
261.0	364.0
570.0	1688.0
1755.0	5558.0
152.0	541.0
20.0	575.0
189.0	449.0
177.0	361.0
110.0	110.0
0.0	0.0
0.0	30.0
0.0	0.0
1105.0	5645.0
2046.0	6077.0
15.0	397.0
0.0	61.0
384.0	1139.0
26.0	237.0
0.0	0.0
0.0	23.0
106.0	277.0
0.0	0.0
78.0	686.0
265.0	1692.0
11402.0	58371.0
420.0	1029.0
168.0	1511.0
0.0	16.0
507.0	1635.0
3657.0	9075.0
546.0	1641.0
1121.0	3520.0
857.0	1792.0
352.0	852.0
155.0	282.0
794.0	921.0
66.0	587.0
300.0	1187.0
0.0	0.0
1124.0	3122.0
186.0	221.0
1297.0	6705.0
138.0	230.0
8.0	181.0
403.0	1353.0
3957.0	8947.0
45.0	330.0
62.0	370.0
0.0	0.0
77.0	147.0
161.0	2533.0
401.0	1113.0
1386.0	5248.0
188.0	650.0
258.0	824.0
207.0	1052.0
2466.0	4072.0
0.0	0.0
171.0	337.0
42.0	193.0
19.0	44.0
654.0	1701.0
5501.0	11949.0
258.0	1198.0
360.0	3744.0
0.0	16.0
339.0	413.0
1484.0	2699.0
217.0	344.0
25.0	25.0
119.0	460.0
3518.0	19545.0
14.0	1102.0
223.0	598.0
0.0	266.0
481.0	1640.0
1094.0	2681.0
168.0	555.0
11.0	236.0
0.0	0.0
33.0	33.0
0.0	0.0
21.0	239.0
0.0	0.0
713.0	1374.0
138.0	440.0
0.0	0.0
113.0	283.0
0.0	117.0
313.0	767.0
59.0	84.0
457.0	1382.0
43.0	638.0
28.0	28.0
25.0	25.0
115.0	525.0
993.0	3305.0
1246.0	1520.0
0.0	20.0
44.0	132.0
178.0	218.0
0.0	198.0
5.0	163.0
101.0	379.0
214.0	1775.0
13340.0	80902.0
236.0	690.0
579.0	1885.0
309.0	330.0
1200.0	3306.0
1628.0	7475.0
677.0	929.0
238.0	424.0
691.0	4242.0
151.0	456.0
5101.0	15766.0
21.0	170.0
2.0	41.0
432.0	1657.0
95.0	161.0
0.0	0.0
902.0	1753.0
324.0	3677.0
72.0	78.0
25.0	26.0
127.0	926.0
95.0	719.0
980.0	3860.0
1024.0	2062.0
290.0	1561.0
161.0	802.0
0.0	16.0
238.0	1215.0
0.0	0.0
585.0	2286.0
62.0	1508.0
2416.0	8597.0
0.0	23.0
659.0	2877.0
1079.0	4768.0
2348.0	10536.0
0.0	0.0
168.0	366.0
3117.0	10919.0
179.0	917.0
618.0	1126.0
838.0	3232.0
127.0	339.0
605.0	3497.0
407.0	851.0
94.0	878.0
532.0	1781.0
0.0	0.0
563.0	1379.0
0.0	0.0
0.0	0.0
275.0	437.0
753.0	2006.0
22.0	97.0
112.0	253.0
0.0	0.0
840.0	1296.0
94.0	935.0
77.0	428.0
48.0	422.0
1513.0	4215.0
248.0	406.0
80.0	722.0
129.0	2062.0
29.0	223.0
3.0	27.0
84.0	90.0
424.0	1126.0
54.0	87.0
3647.0	21936.0
222.0	339.0
1059.0	1272.0
73.0	431.0
8.0	92.0
432.0	1498.0
8789.0	26825.0
1953.0	8926.0
764.0	3067.0
140.0	409.0
1725.0	4549.0
1634.0	4032.0
0.0	0.0
0.0	40.0
988.0	3925.0
2782.0	20468.0
326.0	647.0
5407.0	16271.0
0.0	0.0
395.0	1437.0
2156.0	7478.0
64.0	385.0
199.0	392.0
93.0	415.0
6.0	108.0
15.0	37.0
421.0	604.0
322.0	893.0
1114.0	16695.0
181.0	676.0
1975.0	6491.0
7.0	73.0
634.0	2086.0
1848.0	6677.0
5.0	103.0
664.0	2036.0
1308.0	2908.0
1956.0	4156.0
596.0	1422.0
104.0	928.0
149.0	149.0
32.0	91.0
7.0	44.0
868.0	4381.0
103.0	733.0
0.0	147.0
1246.0	5091.0
0.0	54.0
0.0	220.0
579.0	3170.0
130.0	1482.0
475.0	701.0
12.0	301.0
78.0	508.0
227.0	248.0
215.0	504.0
39.0	191.0
664.0	1984.0
149.0	314.0
256.0	1973.0
71.0	667.0
55.0	997.0
147.0	1107.0
2.0	126.0
45.0	373.0
0.0	92.0
0.0	192.0
1582.0	14689.0
2213.0	9899.0
523.0	1887.0
82.0	220.0
19.0	235.0
1337.0	7660.0
0.0	39.0
54.0	75.0
0.0	0.0
6289.0	17983.0
117.0	483.0
50.0	1393.0
119.0	212.0
0.0	0.0
426.0	2278.0
835.0	2054.0
97.0	326.0
244.0	555.0
92.0	202.0
507.0	1897.0
1130.0	4025.0
306.0	340.0
41.0	284.0
884.0	1529.0
107.0	643.0
26.0	242.0
771.0	3567.0
214.0	674.0
8494.0	29597.0
1354.0	14683.0
2778.0	5974.0
17.0	17.0
230.0	1016.0
1272.0	5748.0
0.0	122.0
9.0	159.0
1203.0	3176.0
761.0	2156.0
773.0	1364.0
0.0	30.0
0.0	126.0
856.0	4356.0
74.0	813.0
10.0	239.0
1208.0	1320.0
51.0	1074.0
1731.0	5670.0
84.0	249.0
10.0	43.0
217.0	419.0
641.0	1537.0
0.0	0.0
470.0	3044.0
21.0	275.0
613.0	2274.0
1118.0	5550.0
291.0	1098.0
12.0	568.0
44.0	91.0
297.0	484.0
14.0	32.0
3129.0	5870.0
3603.0	22219.0
7.0	235.0
31.0	279.0
288.0	1178.0
137.0	968.0
661.0	1332.0
0.0	181.0
471.0	685.0
14.0	290.0
187.0	305.0
222.0	1186.0
519.0	1426.0
5.0	179.0
487.0	719.0
843.0	2274.0
54.0	132.0
94.0	289.0
1320.0	5784.0
377.0	966.0
12597.0	36402.0
620.0	1244.0
244.0	1314.0
119.0	754.0
44.0	672.0
102.0	149.0
48.0	157.0
1185.0	6771.0
9.0	123.0
780.0	2216.0
0.0	0.0
1952.0	3759.0
2977.0	5424.0
3053.0	5680.0
78.0	180.0
26.0	62.0
609.0	1519.0
508.0	1945.0
1223.0	2841.0
3072.0	9534.0
215.0	542.0
1257.0	4874.0
0.0	0.0
3486.0	6317.0
372.0	1286.0
464.0	2858.0
395.0	702.0
0.0	191.0
0.0	0.0
1080.0	3250.0
632.0	3500.0
0.0	0.0
719.0	3398.0
33.0	165.0
761.0	3899.0
1763.0	3102.0
24.0	121.0
2679.0	14392.0
138.0	544.0
58.0	58.0
0.0	0.0
1637.0	4303.0
123.0	738.0
2727.0	4568.0
147.0	753.0
0.0	23.0
270.0	270.0
1301.0	4057.0
15471.0	44054.0
1710.0	5633.0
0.0	0.0
857.0	3543.0
136.0	724.0
481.0	2873.0
177.0	477.0
697.0	5188.0
3713.0	19048.0
86.0	114.0
281.0	860.0
175.0	881.0
27.0	43.0
0.0	26.0
47.0	110.0
10208.0	36343.0
2950.0	12310.0
392.0	870.0
370.0	630.0
1220.0	4837.0
1245.0	2520.0
98.0	853.0
0.0	0.0
107.0	1891.0
41.0	355.0
2882.0	9953.0
1764.0	7142.0
295.0	713.0
47.0	165.0
4093.0	9831.0
3.0	18.0
23.0	344.0
2816.0	12808.0
64.0	273.0
0.0	0.0
16.0	66.0
0.0	0.0
0.0	0.0
1669.0	4136.0
143.0	466.0
22.0	50.0
177.0	291.0
432.0	1665.0
1185.0	3629.0
2.0	35.0
724.0	1016.0
205.0	803.0
13.0	27.0
2667.0	12609.0
0.0	16.0
944.0	3681.0
9863.0	65733.0
1370.0	4969.0
55.0	107.0
190.0	401.0
851.0	2011.0
380.0	1190.0
224.0	951.0
34.0	578.0
37.0	459.0
773.0	1983.0
426.0	4011.0
186.0	517.0
0.0	92.0
237.0	1005.0
101.0	677.0
911.0	2294.0
904.0	2017.0
0.0	22.0
3.0	209.0
390.0	771.0
846.0	4900.0
0.0	0.0
253.0	412.0
238.0	840.0
4619.0	15629.0
2537.0	8440.0
150.0	533.0
14.0	20.0
76.0	161.0
234.0	718.0
0.0	0.0
64.0	359.0
170.0	731.0
128.0	635.0
0.0	23.0
844.0	2932.0
76.0	366.0
141.0	801.0
723.0	2592.0
845.0	3166.0
204.0	496.0
0.0	127.0
3239.0	11520.0
0.0	0.0
841.0	2243.0
1556.0	7654.0
51.0	553.0
186.0	486.0
0.0	68.0
158.0	825.0
57.0	66.0
233.0	500.0
7779.0	28736.0
735.0	2328.0
6749.0	20065.0
142.0	250.0
0.0	49.0
1818.0	5822.0
0.0	24.0
574.0	1749.0
0.0	0.0
668.0	1239.0
24.0	228.0
0.0	100.0
419.0	526.0
0.0	0.0
52.0	381.0
1053.0	2799.0
0.0	109.0
26.0	111.0
407.0	813.0
5863.0	34620.0
0.0	0.0
7386.0	15641.0
2809.0	14317.0
1137.0	3603.0
1256.0	6922.0
3284.0	18628.0
1465.0	4773.0
16.0	240.0
53.0	121.0
0.0	36.0
87.0	431.0
494.0	1080.0
6.0	92.0
22.0	72.0
1144.0	1833.0
4153.0	50829.0
0.0	0.0
26.0	26.0
2582.0	8268.0
0.0	0.0
168.0	1701.0
3.0	128.0
259.0	2670.0
213.0	446.0
840.0	5247.0
536.0	700.0
0.0	19.0
239.0	370.0
1004.0	1971.0
173.0	532.0
92.0	93.0
219.0	336.0
1714.0	6340.0
59.0	276.0
0.0	0.0
4809.0	17027.0
142.0	502.0
423.0	947.0
174.0	1365.0
198.0	265.0
5064.0	14345.0
63.0	79.0
88.0	232.0
237.0	703.0
398.0	846.0
884.0	4851.0
26.0	257.0
124.0	802.0
0.0	132.0
99.0	795.0
9567.0	46100.0
84.0	232.0
17148.0	44346.0
981.0	2512.0
409.0	1691.0
32.0	135.0
142.0	420.0
73.0	835.0
0.0	0.0
20.0	278.0
122.0	172.0
1429.0	3546.0
176.0	657.0
0.0	0.0
271.0	1951.0
287.0	341.0
0.0	0.0
15.0	30.0
0.0	270.0
48.0	89.0
5.0	31.0
341.0	1435.0
200.0	200.0
15.0	18.0
0.0	0.0
1115.0	1314.0
136.0	555.0
58.0	422.0
114.0	114.0
95.0	179.0
19.0	57.0
437.0	1645.0
929.0	2040.0
637.0	1919.0
1998.0	6499.0
0.0	0.0
11442.0	20458.0
158.0	158.0
0.0	0.0
162.0	211.0
1.0	224.0
2682.0	9365.0
114.0	172.0
165.0	270.0
1054.0	4000.0
0.0	0.0
1265.0	6961.0
143.0	369.0
499.0	1504.0
0.0	0.0
342.0	1548.0
705.0	4704.0
724.0	4134.0
0.0	0.0
0.0	0.0
0.0	17.0
30.0	182.0
0.0	54.0
189.0	533.0
21.0	194.0
26.0	26.0
0.0	0.0
156.0	1247.0
1854.0	3926.0
0.0	0.0
1319.0	6878.0
6335.0	45407.0
237.0	1396.0
2157.0	6968.0
0.0	0.0
33.0	182.0
439.0	1065.0
103.0	400.0
15.0	19.0
6639.0	37105.0
4292.0	15902.0
2459.0	9884.0
51.0	51.0
2488.0	6138.0
1658.0	5232.0
3562.0	15579.0
0.0	17.0
49.0	49.0
497.0	810.0
1439.0	4488.0
9.0	106.0
0.0	0.0
2008.0	3642.0
702.0	2273.0
136.0	203.0
104.0	404.0
6960.0	28648.0
31.0	32.0
248.0	683.0
22.0	59.0
272.0	1675.0
74.0	338.0
0.0	0.0
20.0	136.0
92.0	463.0
0.0	95.0
4735.0	11533.0
1828.0	8186.0
1533.0	7105.0
149.0	824.0
0.0	215.0
849.0	2064.0
160.0	324.0
3227.0	12514.0
5.0	73.0
147.0	448.0
2019.0	7309.0
13.0	275.0
73.0	345.0
2896.0	12675.0
90.0	355.0
19.0	131.0
791.0	3122.0
856.0	3183.0
9493.0	24204.0
99.0	899.0
0.0	23.0
1177.0	2879.0
141.0	760.0
572.0	1822.0
0.0	848.0
0.0	45.0
2928.0	11729.0
0.0	26.0
248.0	1137.0
0.0	59.0
0.0	0.0
367.0	3022.0
72.0	223.0
230.0	874.0
295.0	1558.0
0.0	0.0
130.0	270.0
3513.0	18354.0
378.0	1092.0
456.0	877.0
231.0	529.0
446.0	1611.0
496.0	1375.0
2.0	18.0
3006.0	11605.0
1177.0	3182.0
805.0	1854.0
139.0	547.0
7660.0	31396.0
724.0	2966.0
16.0	19.0
76.0	556.0
323.0	807.0
0.0	18.0
30.0	48.0
274.0	1426.0
0.0	239.0
0.0	0.0
3552.0	16254.0
116.0	801.0
8.0	678.0
543.0	2036.0
1276.0	3771.0
52.0	83.0
0.0	110.0
0.0	0.0
706.0	1726.0
1654.0	3879.0
31.0	220.0
24.0	39.0
54.0	218.0
167.0	516.0
6.0	221.0
257.0	1535.0
2398.0	3997.0
739.0	767.0
22.0	64.0
143.0	182.0
99.0	723.0
604.0	4706.0
454.0	1778.0
310.0	1548.0
335.0	406.0
1682.0	5407.0
146.0	913.0
1802.0	6655.0
478.0	920.0
1023.0	4119.0
307.0	1541.0
50.0	313.0
87.0	177.0
390.0	1528.0
33.0	343.0
0.0	0.0
1019.0	1717.0
1030.0	2886.0
0.0	0.0
0.0	55.0
112.0	407.0
70.0	866.0
0.0	18.0
641.0	1429.0
2489.0	5103.0
15.0	280.0
64.0	64.0
762.0	3331.0
72.0	350.0
59.0	142.0
44.0	44.0
59.0	116.0
0.0	23.0
39.0	471.0
30.0	181.0
3100.0	10128.0
79.0	999.0
1695.0	2584.0
30.0	947.0
0.0	0.0
345.0	1701.0
13874.0	34819.0
1001.0	1490.0
164.0	229.0
0.0	0.0
11449.0	28856.0
163.0	913.0
158.0	1664.0
702.0	3323.0
174.0	766.0
47.0	368.0
65.0	622.0
630.0	1812.0
121.0	481.0
149.0	771.0
8804.0	54874.0
309.0	927.0
1487.0	2180.0
3026.0	21353.0
857.0	4894.0
29.0	167.0
950.0	4759.0
6865.0	18785.0
509.0	1146.0
0.0	0.0
0.0	0.0
0.0	0.0
257.0	1662.0
0.0	0.0
124.0	230.0
552.0	1100.0
1529.0	12888.0
754.0	3260.0
145.0	450.0
3858.0	12066.0
3178.0	8414.0
0.0	0.0
34.0	360.0
108.0	370.0
1243.0	4763.0
469.0	1485.0
3922.0	40162.0
0.0	0.0
107.0	1885.0
5023.0	7482.0
442.0	3294.0
0.0	0.0
52.0	136.0
29.0	269.0
3450.0	12572.0
0.0	0.0
397.0	802.0
2164.0	10159.0
541.0	2947.0
25.0	245.0
9515.0	55509.0
128.0	1031.0
574.0	2791.0
2579.0	9354.0
4.0	272.0
50.0	361.0
185.0	441.0
6.0	226.0
3832.0	10000.0
0.0	0.0
1191.0	3048.0
19.0	93.0
468.0	988.0
0.0	0.0
1347.0	2910.0
570.0	1685.0
0.0	0.0
207.0	978.0
3779.0	10184.0
284.0	695.0
0.0	0.0
1071.0	4277.0
176.0	855.0
0.0	0.0
444.0	824.0
15.0	15.0
0.0	0.0
0.0	0.0
25.0	47.0
805.0	2389.0
50.0	55.0
38.0	556.0
0.0	79.0
0.0	0.0
785.0	1886.0
978.0	2428.0
48.0	332.0
37.0	920.0
13735.0	56624.0
166.0	1629.0
2414.0	11276.0
0.0	0.0
0.0	19.0
1414.0	2871.0
54.0	54.0
628.0	2653.0
48.0	393.0
127.0	179.0
475.0	775.0
71.0	290.0
76.0	423.0
0.0	0.0
504.0	653.0
1181.0	5772.0
122.0	364.0
0.0	44.0
0.0	17.0
403.0	611.0
20.0	135.0
84.0	931.0
121.0	1905.0
28.0	84.0
137.0	224.0
454.0	1033.0
193.0	287.0
4697.0	13225.0
64.0	199.0
62.0	114.0
25.0	508.0
0.0	0.0
16.0	346.0
127.0	578.0
73.0	1193.0
53.0	370.0
0.0	0.0
37.0	313.0
8.0	127.0
2393.0	9120.0
0.0	0.0
577.0	2258.0
777.0	1899.0
1670.0	9320.0
1273.0	5756.0
518.0	1243.0
0.0	0.0
0.0	0.0
0.0	0.0
92.0	441.0
57.0	88.0
24.0	247.0
3395.0	28458.0
4425.0	21191.0
773.0	2830.0
1025.0	2463.0
71.0	417.0
954.0	7039.0
182.0	197.0
278.0	1230.0
0.0	115.0
443.0	616.0
2015.0	5668.0
942.0	3037.0
1317.0	2937.0
107.0	308.0
3772.0	16744.0
0.0	38.0
1945.0	9069.0
0.0	0.0
153.0	379.0
357.0	1138.0
1314.0	2974.0
51.0	51.0
3782.0	18199.0
0.0	0.0
45.0	152.0
17.0	131.0
0.0	1743.0
6396.0	14345.0
51.0	51.0
2101.0	6581.0
179.0	1216.0
151.0	689.0
4218.0	12250.0
0.0	92.0
2368.0	6378.0
0.0	0.0
1034.0	4342.0
5819.0	12013.0
176.0	407.0
1464.0	4461.0
0.0	0.0
191.0	211.0
531.0	1898.0
30.0	403.0
119.0	450.0
201.0	313.0
1311.0	1914.0
0.0	0.0
204.0	553.0
38.0	38.0
2017.0	6345.0
177.0	663.0
1955.0	11604.0
1053.0	5007.0
148.0	1538.0
1937.0	19534.0
0.0	0.0
0.0	0.0
659.0	1465.0
0.0	0.0
0.0	0.0
4.0	193.0
53.0	509.0
1784.0	17855.0
148.0	1105.0
664.0	1362.0
169.0	535.0
90.0	581.0
21.0	290.0
0.0	19.0
67.0	249.0
2754.0	6985.0
50.0	496.0
100.0	986.0
39.0	352.0
5354.0	16297.0
1833.0	7421.0
0.0	109.0
0.0	0.0
328.0	582.0
116.0	928.0
34.0	236.0
79.0	238.0
965.0	1823.0
643.0	2161.0
4525.0	10541.0
0.0	312.0
9.0	42.0
2010.0	4451.0
1258.0	2476.0
342.0	1788.0
0.0	0.0
0.0	0.0
69.0	255.0
216.0	928.0
899.0	1979.0
45.0	90.0
392.0	2710.0
639.0	1462.0
0.0	27.0
31.0	76.0
721.0	3269.0
80.0	151.0
2082.0	8154.0
1388.0	6201.0
0.0	819.0
760.0	2213.0
107.0	1079.0
0.0	0.0
1141.0	4253.0
172.0	514.0
203.0	587.0
15.0	18.0
3007.0	5551.0
27.0	621.0
4441.0	13498.0
26.0	237.0
0.0	0.0
4.0	23.0
0.0	18.0
786.0	2929.0
50.0	253.0
0.0	0.0
706.0	1815.0
0.0	19.0
541.0	714.0
717.0	4658.0
6628.0	14888.0
13.0	659.0
1555.0	3732.0
0.0	0.0
151.0	1101.0
723.0	1422.0
247.0	391.0
2109.0	5108.0
12.0	352.0
127.0	318.0
3877.0	43787.0
1106.0	1729.0
1433.0	3229.0
906.0	1803.0
281.0	2601.0
15.0	109.0
411.0	1163.0
31.0	145.0
0.0	0.0
29.0	111.0
0.0	17.0
329.0	692.0
2.0	443.0
412.0	1878.0
830.0	4405.0
239.0	1588.0
14.0	154.0
70.0	423.0
557.0	2314.0
41.0	64.0
155.0	1638.0
284.0	1040.0
41.0	887.0
4612.0	33868.0
1236.0	1936.0
212.0	501.0
665.0	3198.0
1387.0	9129.0
5.0	191.0
0.0	59.0
43.0	497.0
671.0	2367.0
1396.0	2670.0
0.0	0.0
1821.0	3007.0
0.0	103.0
555.0	4777.0
26.0	44.0
95.0	1198.0
1061.0	4957.0
0.0	87.0
462.0	2139.0
338.0	1095.0
33.0	141.0
48.0	332.0
83.0	349.0
231.0	1204.0
41.0	398.0
45.0	625.0
159.0	413.0
18.0	291.0
0.0	17.0
550.0	1777.0
19.0	268.0
351.0	892.0
0.0	259.0
12.0	330.0
0.0	54.0
109.0	1348.0
84.0	378.0
312.0	620.0
262.0	409.0
888.0	3419.0
0.0	0.0
80.0	129.0
0.0	0.0
14.0	412.0
1417.0	2929.0
93.0	538.0
1134.0	1490.0
173.0	1701.0
128.0	371.0
418.0	1039.0
0.0	119.0
484.0	3074.0
1007.0	1702.0
226.0	829.0
0.0	0.0
1169.0	3944.0
203.0	947.0
21.0	211.0
0.0	0.0
88.0	88.0
307.0	796.0
565.0	1916.0
1083.0	3349.0
0.0	0.0
99.0	280.0
746.0	2219.0
0.0	0.0
126.0	143.0
154.0	1400.0
1787.0	4549.0
1448.0	6033.0
11287.0	38456.0
604.0	1599.0
410.0	914.0
7493.0	16955.0
99.0	247.0
0.0	0.0
767.0	2558.0
4084.0	13957.0
179.0	536.0
262.0	3238.0
1185.0	2234.0
0.0	0.0
0.0	79.0
25.0	25.0
1881.0	7941.0
328.0	1156.0
429.0	2454.0
2969.0	4648.0
0.0	0.0
1334.0	3364.0
12.0	240.0
189.0	799.0
1588.0	4529.0
56.0	612.0
0.0	207.0
576.0	1336.0
1254.0	4435.0
643.0	1799.0
122.0	496.0
368.0	2128.0
359.0	1263.0
0.0	0.0
271.0	616.0
1339.0	5149.0
35.0	1424.0
19.0	43.0
113.0	398.0
125.0	462.0
597.0	1854.0
72.0	534.0
611.0	2837.0
23.0	351.0
16.0	191.0
421.0	3331.0
170.0	622.0
2704.0	13083.0
57.0	203.0
16.0	657.0
351.0	1360.0
1913.0	6788.0
4.0	42.0
0.0	0.0
1089.0	2557.0
46.0	61.0
0.0	116.0
1838.0	4143.0
11.0	71.0
9034.0	25028.0
98.0	345.0
80.0	1395.0
710.0	4560.0
2.0	157.0
22.0	169.0
0.0	73.0
7.0	128.0
122.0	632.0
0.0	19.0
672.0	3872.0
189.0	1847.0
410.0	1196.0
6631.0	12876.0
131.0	197.0
0.0	17.0
120.0	458.0
0.0	0.0
214.0	1043.0
776.0	2744.0
0.0	77.0
27.0	113.0
394.0	410.0
1241.0	4473.0
1437.0	2922.0
2337.0	8132.0
0.0	0.0
795.0	1161.0
511.0	567.0
25.0	344.0
201.0	2159.0
0.0	184.0
0.0	23.0
586.0	1950.0
148.0	1549.0
69.0	234.0
112.0	443.0
2425.0	8551.0
4470.0	19087.0
601.0	2914.0
0.0	0.0
1001.0	1477.0
21.0	182.0
0.0	271.0
0.0	62.0
415.0	1891.0
766.0	926.0
2211.0	7461.0
696.0	3638.0
84.0	463.0
27.0	1109.0
1722.0	3855.0
0.0	0.0
208.0	467.0
0.0	39.0
599.0	2576.0
0.0	0.0
0.0	26.0
234.0	1729.0
940.0	6818.0
0.0	241.0
0.0	0.0
51.0	237.0
653.0	1761.0
0.0	0.0
491.0	1030.0
2593.0	9202.0
0.0	0.0
18.0	113.0
42.0	144.0
2980.0	8592.0
85.0	1407.0
0.0	155.0
148.0	196.0
74.0	82.0
5.0	17.0
0.0	25.0
282.0	535.0
103.0	982.0
278.0	914.0
484.0	1488.0
341.0	434.0
485.0	760.0
4858.0	12256.0
1.0	271.0
150.0	150.0
60.0	60.0
598.0	3024.0
5913.0	17241.0
268.0	368.0
142.0	259.0
0.0	0.0
58.0	216.0
100.0	462.0
183.0	476.0
65.0	314.0
218.0	1148.0
1483.0	2513.0
71.0	166.0
8.0	151.0
1149.0	5115.0
481.0	1011.0
255.0	1281.0
0.0	0.0
395.0	1731.0
320.0	1766.0
24.0	235.0
228.0	479.0
0.0	18.0
0.0	0.0
136.0	196.0
0.0	0.0
51.0	143.0
516.0	2712.0
0.0	113.0
379.0	2390.0
0.0	91.0
222.0	455.0
0.0	0.0
0.0	125.0
0.0	0.0
0.0	22.0
1815.0	4734.0
0.0	0.0
414.0	1776.0
0.0	33.0
0.0	80.0
84.0	217.0
342.0	1285.0
60.0	216.0
495.0	3001.0
26.0	65.0
0.0	56.0
70.0	208.0
29.0	29.0
8587.0	21596.0
0.0	0.0
884.0	6676.0
300.0	1541.0
429.0	1065.0
48.0	158.0
3728.0	22687.0
159.0	279.0
6.0	260.0
1342.0	4938.0
5586.0	11836.0
37.0	113.0
0.0	51.0
120.0	541.0
4284.0	7764.0
481.0	846.0
1484.0	6792.0
296.0	405.0
1386.0	2680.0
0.0	50.0
119.0	148.0
302.0	326.0
122.0	378.0
122.0	591.0
137.0	280.0
1182.0	2004.0
74.0	380.0
1280.0	7244.0
63.0	173.0
64.0	569.0
1901.0	4798.0
1293.0	3639.0
1968.0	8920.0
106.0	418.0
908.0	3322.0
0.0	174.0
0.0	23.0
0.0	239.0
1586.0	3961.0
42.0	42.0
0.0	0.0
0.0	0.0
11.0	18.0
473.0	3335.0
2336.0	9072.0
860.0	4472.0
2132.0	6706.0
164.0	524.0
0.0	0.0
273.0	751.0
1276.0	6333.0
0.0	0.0
123.0	291.0
2646.0	11133.0
0.0	0.0
0.0	31.0
1436.0	2115.0
88.0	145.0
0.0	82.0
35.0	365.0
0.0	0.0
26.0	32.0
637.0	2104.0
211.0	357.0
654.0	1298.0
539.0	2305.0
885.0	2958.0
891.0	4629.0
20.0	137.0
1028.0	6425.0
0.0	16.0
126.0	154.0
684.0	3183.0
0.0	15.0
17.0	336.0
3183.0	8950.0
646.0	932.0
0.0	0.0
188.0	1938.0
158.0	324.0
105.0	281.0
760.0	3515.0
305.0	908.0
193.0	1230.0
279.0	686.0
2.0	34.0
567.0	2514.0
278.0	1821.0
78.0	440.0
3886.0	11582.0
2064.0	6513.0
33.0	215.0
2084.0	5636.0
232.0	748.0
160.0	641.0
517.0	1673.0
0.0	0.0
17.0	172.0
38.0	202.0
2727.0	6373.0
1873.0	8351.0
596.0	1787.0
42.0	196.0
39.0	39.0
196.0	750.0
1702.0	4461.0
273.0	726.0
1487.0	3539.0
2517.0	4524.0
25.0	147.0
0.0	47.0
43.0	320.0
561.0	1033.0
1300.0	3783.0
288.0	1248.0
70.0	70.0
0.0	0.0
15.0	33.0
6296.0	24934.0
329.0	474.0
29.0	29.0
0.0	0.0
968.0	1708.0
33.0	195.0
1533.0	6729.0
487.0	973.0
103.0	318.0
116.0	116.0
169.0	305.0
158.0	540.0
1115.0	3679.0
37.0	120.0
0.0	40.0
57.0	57.0
437.0	1450.0
293.0	751.0
2398.0	10891.0
43.0	230.0
496.0	3469.0
109.0	138.0
230.0	1781.0
56.0	56.0
68.0	219.0
1039.0	2994.0
102.0	577.0
1444.0	4711.0
23223.0	86844.0
346.0	1132.0
174.0	174.0
310.0	2698.0
3274.0	11942.0
22.0	22.0
368.0	637.0
356.0	823.0
0.0	226.0
1802.0	6688.0
0.0	200.0
0.0	23.0
0.0	0.0
290.0	2368.0
92.0	551.0
4.0	908.0
367.0	749.0
2037.0	11245.0
0.0	0.0
0.0	0.0
20039.0	63289.0
9.0	97.0
16.0	125.0
0.0	0.0
69.0	195.0
3843.0	12355.0
3937.0	9610.0
2072.0	8864.0
680.0	1392.0
65.0	487.0
208.0	1126.0
39.0	120.0
70.0	550.0
0.0	0.0
376.0	1107.0
31.0	267.0
976.0	2251.0
62.0	62.0
123.0	344.0
0.0	0.0
0.0	0.0
290.0	986.0
2282.0	6595.0
25.0	50.0
2141.0	7974.0
51.0	769.0
167.0	681.0
2119.0	3864.0
67.0	472.0
977.0	5495.0
662.0	1353.0
42.0	100.0
154.0	233.0
0.0	0.0
73.0	318.0
0.0	0.0
5.0	179.0
863.0	2516.0
54.0	713.0
4341.0	12184.0
63.0	63.0
0.0	0.0
0.0	0.0
18.0	242.0
84.0	385.0
3502.0	8948.0
99.0	335.0
40.0	650.0
7475.0	13412.0
332.0	2445.0
3423.0	7638.0
12.0	226.0
619.0	3068.0
169.0	1509.0
3071.0	12600.0
450.0	1910.0
30.0	30.0
145.0	254.0
46.0	152.0
0.0	0.0
30.0	154.0
367.0	936.0
618.0	2318.0
35.0	696.0
0.0	17.0
644.0	2054.0
28.0	112.0
0.0	166.0
0.0	0.0
0.0	0.0
929.0	2457.0
151.0	559.0
451.0	1060.0
0.0	0.0
63.0	303.0
1061.0	3785.0
132.0	799.0
141.0	452.0
205.0	1614.0
0.0	51.0
5.0	21.0
1109.0	4310.0
80.0	730.0
2271.0	8971.0
42.0	237.0
7.0	208.0
179.0	556.0
8.0	89.0
1010.0	7463.0
688.0	875.0
3134.0	18990.0
0.0	0.0
15.0	106.0
59.0	59.0
116.0	668.0
1041.0	2971.0
7.0	137.0
61.0	61.0
955.0	7110.0
374.0	472.0
255.0	516.0
15.0	73.0
322.0	2417.0
867.0	3904.0
142.0	224.0
0.0	103.0
7.0	69.0
0.0	0.0
0.0	0.0
594.0	899.0
91.0	767.0
103.0	369.0
6909.0	21224.0
496.0	524.0
401.0	1164.0
238.0	731.0
7290.0	14670.0
182.0	439.0
237.0	1418.0
0.0	0.0
498.0	1866.0
2062.0	7145.0
970.0	1805.0
19812.0	89091.0
384.0	2064.0
0.0	18.0
603.0	2532.0
110.0	1420.0
232.0	749.0
946.0	2973.0
8012.0	40875.0
70.0	179.0
1075.0	4531.0
606.0	2508.0
522.0	2280.0
0.0	0.0
0.0	48.0
291.0	1609.0
0.0	68.0
975.0	2640.0
733.0	3062.0
150.0	506.0
18.0	74.0
145.0	848.0
64.0	64.0
1088.0	3428.0
267.0	625.0
1143.0	2074.0
364.0	1046.0
0.0	16.0
963.0	2856.0
54.0	806.0
168.0	931.0
571.0	2896.0
115.0	525.0
12.0	58.0
736.0	2136.0
0.0	0.0
1369.0	3856.0
42.0	247.0
226.0	613.0
762.0	1309.0
5982.0	17568.0
77.0	325.0
690.0	1107.0
676.0	2089.0
601.0	1894.0
7.0	201.0
182.0	573.0
19.0	121.0
1228.0	6778.0
183.0	834.0
0.0	109.0
0.0	198.0
284.0	1542.0
283.0	852.0
0.0	84.0
245.0	869.0
376.0	2630.0
526.0	1494.0
510.0	1654.0
2431.0	3390.0
143.0	315.0
122.0	473.0
533.0	1092.0
108.0	1101.0
155.0	1103.0
209.0	492.0
0.0	0.0
91.0	287.0
2605.0	8602.0
317.0	1628.0
167.0	450.0
476.0	1866.0
14.0	263.0
17.0	115.0
82.0	464.0
1289.0	2960.0
254.0	916.0
1368.0	3354.0
151.0	505.0
512.0	1379.0
237.0	304.0
1582.0	13281.0
110.0	709.0
0.0	0.0
2.0	516.0
199.0	1103.0
0.0	43.0
841.0	2008.0
6866.0	20892.0
1602.0	6584.0
20.0	967.0
9.0	15.0
190.0	586.0
244.0	1139.0
4895.0	15055.0
1016.0	4156.0
1333.0	6004.0
2031.0	7225.0
48.0	48.0
328.0	1349.0
1862.0	5813.0
178.0	398.0
0.0	53.0
435.0	805.0
212.0	956.0
420.0	1909.0
6.0	127.0
0.0	0.0
339.0	808.0
427.0	624.0
10342.0	19765.0
8674.0	17150.0
0.0	0.0
0.0	22.0
0.0	155.0
4251.0	14100.0
699.0	3810.0
2061.0	9649.0
3.0	23.0
1748.0	6625.0
0.0	38.0
661.0	1613.0
3328.0	4507.0
360.0	538.0
38.0	614.0
218.0	2127.0
4287.0	9318.0
105.0	584.0
33.0	93.0
57.0	96.0
1014.0	4203.0
262.0	674.0
545.0	1059.0
0.0	0.0
0.0	0.0
7391.0	27569.0
89.0	342.0
3491.0	10660.0
0.0	0.0
318.0	740.0
201.0	1722.0
149.0	393.0
0.0	0.0
449.0	3025.0
443.0	803.0
184.0	370.0
113.0	554.0
343.0	2660.0
0.0	87.0
4706.0	18181.0
19.0	125.0
41.0	518.0
227.0	1517.0
661.0	1234.0
28.0	105.0
0.0	0.0
659.0	2008.0
498.0	822.0
1037.0	4466.0
755.0	1249.0
3811.0	15566.0
495.0	1035.0
0.0	0.0
188.0	274.0
877.0	1505.0
129.0	757.0
3683.0	10639.0
67.0	259.0
1472.0	3669.0
7.0	73.0
376.0	2092.0
0.0	0.0
373.0	990.0
226.0	378.0
218.0	600.0
323.0	539.0
1653.0	5804.0
3236.0	17697.0
1235.0	3851.0
688.0	3045.0
0.0	0.0
1921.0	6857.0
79.0	1126.0
485.0	2433.0
0.0	0.0
213.0	688.0
4705.0	20751.0
2124.0	7843.0
56.0	755.0
45.0	187.0
2.0	157.0
934.0	2001.0
3757.0	5015.0
1105.0	1699.0
0.0	0.0
22.0	114.0
456.0	919.0
58.0	277.0
68.0	523.0
0.0	45.0
19.0	122.0
2357.0	5115.0
6.0	101.0
19.0	38.0
5220.0	30378.0
391.0	1337.0
0.0	0.0
0.0	52.0
1351.0	4297.0
0.0	164.0
14.0	92.0
48.0	157.0
172.0	436.0
77.0	293.0
293.0	1076.0
470.0	3459.0
3226.0	15196.0
3957.0	13695.0
882.0	5193.0
189.0	824.0
372.0	718.0
127.0	529.0
107.0	293.0
335.0	1618.0
66.0	617.0
3364.0	14186.0
586.0	1333.0
2309.0	9946.0
0.0	0.0
795.0	1759.0
325.0	668.0
26.0	194.0
88.0	1002.0
294.0	605.0
87.0	366.0
0.0	0.0
281.0	1261.0
97.0	123.0
452.0	974.0
164.0	266.0
0.0	0.0
306.0	1307.0
367.0	1145.0
1329.0	3894.0
3873.0	10609.0
0.0	0.0
1.0	48.0
400.0	3305.0
45.0	72.0
1375.0	2395.0
117.0	1667.0
0.0	0.0
56.0	450.0
513.0	2238.0
567.0	3823.0
41.0	216.0
0.0	0.0
0.0	0.0
194.0	714.0
80.0	447.0
8.0	63.0
697.0	3796.0
1352.0	2972.0
349.0	1313.0
290.0	2193.0
0.0	0.0
1004.0	4538.0
33.0	273.0
1035.0	2701.0
0.0	31.0
480.0	1012.0
72.0	159.0
1033.0	4364.0
57.0	474.0
10.0	385.0
1591.0	3482.0
0.0	0.0
293.0	1026.0
199.0	1376.0
47.0	413.0
95.0	945.0
1205.0	4466.0
1150.0	3875.0
79.0	79.0
551.0	3401.0
4.0	17.0
205.0	1071.0
110.0	395.0
520.0	3898.0
1542.0	5712.0
22.0	270.0
753.0	4578.0
106.0	131.0
0.0	163.0
100.0	396.0
615.0	1966.0
5.0	78.0
419.0	1509.0
0.0	25.0
23.0	327.0
2851.0	8699.0
419.0	650.0
981.0	4790.0
144.0	1839.0
90.0	459.0
1158.0	3678.0
312.0	710.0
173.0	635.0
256.0	1102.0
1193.0	4183.0
170.0	758.0
0.0	0.0
1564.0	6979.0
8944.0	13715.0
606.0	4445.0
293.0	293.0
0.0	118.0
986.0	5139.0
754.0	1987.0
95.0	234.0
427.0	761.0
13.0	59.0
204.0	254.0
1875.0	5664.0
2582.0	4079.0
510.0	1387.0
0.0	38.0
0.0	21.0
0.0	150.0
20.0	279.0
14.0	293.0
100.0	254.0
113.0	1366.0
39.0	147.0
53.0	53.0
0.0	51.0
788.0	2455.0
210.0	232.0
0.0	18.0
571.0	1653.0
463.0	2963.0
75.0	495.0
174.0	510.0
18.0	33.0
0.0	0.0
1262.0	2337.0
22.0	422.0
0.0	0.0
0.0	27.0
182.0	418.0
1896.0	8096.0
181.0	1511.0
13815.0	32170.0
1751.0	5153.0
1819.0	7852.0
702.0	4926.0
30.0	152.0
278.0	2223.0
1189.0	2442.0
52.0	153.0
1577.0	3299.0
806.0	1369.0
258.0	634.0
111.0	582.0
35.0	623.0
243.0	662.0
0.0	0.0
109.0	1024.0
4300.0	19796.0
264.0	1249.0
6.0	264.0
6.0	233.0
597.0	1171.0
0.0	0.0
83.0	1069.0
1189.0	6333.0
0.0	35.0
0.0	0.0
656.0	1378.0
578.0	3287.0
189.0	1188.0
20.0	849.0
0.0	23.0
18.0	26.0
1752.0	3450.0
7.0	80.0
38.0	1156.0
38.0	56.0
79.0	310.0
41.0	140.0
6888.0	17115.0
0.0	23.0
0.0	0.0
236.0	359.0
1699.0	6725.0
41.0	709.0
888.0	1391.0
2973.0	24420.0
7.0	69.0
260.0	1009.0
4682.0	10243.0
540.0	2204.0
18.0	124.0
31.0	540.0
237.0	541.0
4961.0	10573.0
1508.0	2365.0
79.0	338.0
940.0	1374.0
79.0	992.0
0.0	29.0
124.0	222.0
185.0	997.0
335.0	1573.0
2400.0	8860.0
494.0	1041.0
91.0	493.0
0.0	0.0
0.0	41.0
1365.0	7870.0
0.0	0.0
1588.0	4171.0
7.0	17.0
0.0	0.0
1338.0	5298.0
660.0	1018.0
0.0	0.0
1236.0	5780.0
7221.0	27644.0
3576.0	36899.0
658.0	1934.0
139.0	1147.0
135.0	469.0
657.0	1918.0
66.0	376.0
8.0	260.0
10.0	167.0
262.0	737.0
123.0	748.0
3491.0	15996.0
367.0	1104.0
345.0	1172.0
165.0	928.0
876.0	3741.0
211.0	806.0
2226.0	17082.0
162.0	536.0
991.0	4682.0
40.0	60.0
15.0	1054.0
1495.0	2297.0
39.0	409.0
0.0	748.0
0.0	0.0
12.0	219.0
632.0	992.0
13.0	228.0
295.0	1716.0
1134.0	1978.0
3690.0	13799.0
7.0	237.0
97.0	733.0
447.0	1923.0
1357.0	1693.0
559.0	2297.0
591.0	1540.0
339.0	1335.0
1605.0	8153.0
5756.0	15517.0
455.0	1527.0
1398.0	9359.0
1390.0	4440.0
349.0	1157.0
166.0	671.0
343.0	758.0
14.0	134.0
0.0	100.0
8063.0	29623.0
0.0	0.0
310.0	353.0
387.0	923.0
524.0	1799.0
855.0	3158.0
208.0	282.0
429.0	2557.0
41.0	43.0
373.0	1881.0
0.0	27.0
426.0	1060.0
334.0	1173.0
2469.0	4994.0
847.0	2805.0
252.0	2981.0
148.0	826.0
0.0	186.0
83.0	305.0
248.0	1474.0
145.0	278.0
65.0	86.0
148.0	512.0
0.0	0.0
240.0	795.0
145.0	1180.0
183.0	468.0
128.0	154.0
292.0	1073.0
98.0	465.0
0.0	187.0
0.0	0.0
95.0	249.0
23.0	100.0
135.0	186.0
0.0	124.0
0.0	0.0
1180.0	7104.0
1078.0	5500.0
0.0	0.0
68.0	880.0
5861.0	12339.0
9.0	58.0
195.0	357.0
0.0	0.0
0.0	0.0
324.0	731.0
2.0	473.0
547.0	2847.0
96.0	326.0
319.0	591.0
201.0	481.0
528.0	1604.0
38.0	38.0
264.0	1760.0
20.0	127.0
60.0	68.0
35.0	337.0
359.0	652.0
677.0	3629.0
0.0	0.0
0.0	0.0
523.0	1752.0
2.0	218.0
98.0	334.0
0.0	37.0
174.0	2761.0
304.0	1079.0
10391.0	19908.0
54.0	177.0
96.0	112.0
7.0	36.0
10.0	134.0
87.0	345.0
4013.0	15558.0
166.0	302.0
0.0	54.0
0.0	0.0
134.0	922.0
2166.0	8848.0
29.0	311.0
0.0	518.0
0.0	782.0
440.0	1470.0
1509.0	3942.0
2316.0	6019.0
305.0	611.0
0.0	0.0
1073.0	6335.0
0.0	41.0
258.0	677.0
3042.0	13038.0
1253.0	3244.0
32.0	274.0
653.0	3192.0
96.0	99.0
11.0	511.0
21.0	49.0
745.0	1030.0
71.0	377.0
616.0	1766.0
0.0	0.0
728.0	2416.0
12.0	17.0
602.0	635.0
0.0	125.0
261.0	752.0
1043.0	3822.0
47.0	276.0
1036.0	1779.0
68.0	1072.0
167.0	289.0
108.0	158.0
0.0	0.0
106.0	342.0
1664.0	6577.0
69.0	215.0
1178.0	6623.0
290.0	598.0
938.0	979.0
446.0	2347.0
404.0	788.0
181.0	1328.0
2192.0	7043.0
36.0	239.0
1228.0	4103.0
101.0	531.0
928.0	3462.0
0.0	1052.0
865.0	3135.0
0.0	0.0
0.0	0.0
0.0	0.0
689.0	3781.0
0.0	0.0
133.0	275.0
0.0	0.0
248.0	893.0
353.0	899.0
510.0	528.0
40.0	506.0
5758.0	11747.0
103.0	122.0
326.0	390.0
2619.0	8906.0
1283.0	2977.0
0.0	65.0
540.0	928.0
204.0	315.0
4947.0	13813.0
313.0	1824.0
0.0	0.0
435.0	2337.0
1520.0	4605.0
45.0	410.0
3199.0	18802.0
758.0	1189.0
306.0	1197.0
237.0	488.0
371.0	1928.0
155.0	2529.0
1691.0	2694.0
327.0	588.0
22.0	285.0
497.0	2140.0
572.0	2076.0
597.0	2887.0
1090.0	2203.0
0.0	0.0
142.0	512.0
448.0	1390.0
97.0	272.0
0.0	166.0
0.0	0.0
366.0	761.0
320.0	1794.0
0.0	0.0
0.0	22.0
655.0	984.0
1689.0	7881.0
355.0	616.0
0.0	0.0
619.0	2212.0
692.0	2137.0
11.0	436.0
0.0	0.0
5193.0	9609.0
84.0	298.0
155.0	240.0
64.0	351.0
427.0	2047.0
10.0	146.0
13.0	137.0
100.0	357.0
0.0	460.0
1455.0	4790.0
0.0	25.0
733.0	2538.0
1262.0	2467.0
89.0	875.0
1739.0	7847.0
0.0	0.0
277.0	882.0
0.0	0.0
255.0	1173.0
805.0	5636.0
0.0	0.0
54.0	82.0
1664.0	4510.0
8.0	39.0
444.0	1652.0
623.0	3035.0
0.0	97.0
6.0	69.0
0.0	0.0
1201.0	3882.0
81.0	689.0
0.0	0.0
658.0	860.0
2568.0	20000.0
140.0	143.0
194.0	426.0
74.0	524.0
211.0	927.0
50.0	128.0
168.0	1523.0
1405.0	3904.0
43.0	1205.0
339.0	910.0
0.0	22.0
0.0	16.0
4378.0	13883.0
755.0	4374.0
0.0	0.0
1819.0	3816.0
720.0	2770.0
34.0	64.0
139.0	975.0
146.0	424.0
331.0	1778.0
0.0	17.0
1752.0	1900.0
16.0	16.0
706.0	1443.0
1480.0	8858.0
197.0	1298.0
144.0	144.0
1430.0	6588.0
694.0	3488.0
0.0	0.0
19.0	177.0
179.0	933.0
110.0	110.0
5227.0	27819.0
0.0	0.0
7.0	52.0
19.0	278.0
20.0	331.0
0.0	131.0
29.0	565.0
3.0	28.0
292.0	1580.0
0.0	109.0
339.0	1686.0
150.0	1417.0
643.0	2621.0
0.0	84.0
0.0	0.0
490.0	1405.0
701.0	1240.0
899.0	2250.0
93.0	1313.0
69.0	370.0
1072.0	3638.0
948.0	1797.0
0.0	30.0
135.0	668.0
494.0	1889.0
0.0	0.0
0.0	0.0
0.0	0.0
0.0	0.0
11.0	159.0
120.0	683.0
204.0	1184.0
520.0	1036.0
302.0	1037.0
1443.0	2572.0
0.0	0.0
0.0	0.0
1274.0	1683.0
15.0	351.0
161.0	1370.0
519.0	2445.0
156.0	476.0
967.0	2097.0
3989.0	10108.0
888.0	1706.0
12.0	433.0
3134.0	6314.0
1.0	244.0
319.0	2640.0
1163.0	6290.0
150.0	1198.0
13.0	81.0
337.0	2736.0
0.0	0.0
1002.0	1349.0
33.0	52.0
68.0	154.0
75.0	117.0
0.0	0.0
395.0	2564.0
66.0	233.0
267.0	1064.0
329.0	1318.0
0.0	54.0
4362.0	12346.0
77.0	129.0
0.0	0.0
11581.0	30117.0
737.0	2102.0
570.0	1175.0
75.0	653.0
522.0	1535.0
149.0	753.0
4402.0	54104.0
1676.0	2733.0
0.0	130.0
34.0	34.0
5868.0	16250.0
0.0	248.0
4.0	66.0
111.0	580.0
102.0	1515.0
1003.0	4982.0
54.0	145.0
4397.0	34564.0
512.0	1283.0
260.0	321.0
114.0	776.0
294.0	1152.0
248.0	613.0
153.0	170.0
0.0	0.0
16.0	16.0
5527.0	23229.0
111.0	749.0
0.0	0.0
260.0	498.0
911.0	3365.0
0.0	0.0
4259.0	13505.0
64.0	229.0
104.0	110.0
0.0	149.0
1185.0	3703.0
39.0	847.0
2018.0	4456.0
113.0	900.0
243.0	742.0
4160.0	13958.0
408.0	877.0
156.0	1135.0
59.0	407.0
1927.0	6518.0
6845.0	16882.0
280.0	821.0
0.0	80.0
0.0	18.0
226.0	749.0
707.0	3043.0
23.0	23.0
196.0	354.0
2444.0	25387.0
265.0	420.0
3168.0	10218.0
281.0	877.0
143.0	524.0
219.0	240.0
32.0	290.0
2189.0	7846.0
123.0	271.0
0.0	0.0
289.0	3460.0
49.0	368.0
187.0	467.0
4144.0	30715.0
209.0	1207.0
519.0	1031.0
1708.0	7451.0
934.0	1771.0
2422.0	7514.0
0.0	0.0
4131.0	12504.0
62.0	1213.0
1813.0	13371.0
0.0	0.0
3092.0	14387.0
81.0	228.0
26.0	164.0
612.0	2494.0
51.0	90.0
215.0	527.0
139.0	1365.0
252.0	342.0
368.0	508.0
6885.0	16088.0
266.0	491.0
16.0	16.0
11749.0	58771.0
41.0	220.0
142.0	805.0
241.0	562.0
1642.0	5547.0
1845.0	5718.0
1379.0	4442.0
87.0	473.0
0.0	0.0
111.0	1914.0
0.0	0.0
28.0	662.0
53.0	53.0
215.0	1431.0
9.0	85.0
1014.0	4089.0
2305.0	4295.0
574.0	1226.0
2773.0	5697.0
241.0	1555.0
889.0	1972.0
163.0	315.0
54.0	54.0
608.0	3076.0
18.0	360.0
22.0	135.0
0.0	623.0
313.0	805.0
181.0	559.0
184.0	521.0
0.0	0.0
110.0	894.0
2.0	35.0
275.0	2023.0
73.0	166.0
626.0	2913.0
0.0	38.0
269.0	474.0
80.0	121.0
65.0	65.0
1493.0	4043.0
0.0	0.0
254.0	986.0
1274.0	3139.0
4.0	130.0
433.0	1654.0
5.0	125.0
223.0	358.0
0.0	18.0
280.0	1057.0
164.0	274.0
408.0	1182.0
196.0	1952.0
461.0	730.0
3657.0	11719.0
3392.0	7718.0
892.0	2926.0
365.0	1925.0
0.0	0.0
4.0	16.0
249.0	1089.0
0.0	0.0
1916.0	8508.0
633.0	1658.0
62.0	170.0
1209.0	2735.0
37.0	126.0
508.0	1829.0
75.0	75.0
86.0	636.0
27.0	173.0
178.0	756.0
31.0	108.0
830.0	2524.0
0.0	0.0
0.0	37.0
0.0	49.0
2368.0	5504.0
0.0	34.0
0.0	0.0
20.0	39.0
798.0	1442.0
232.0	614.0
2.0	381.0
311.0	537.0
152.0	569.0
44.0	148.0
2799.0	18412.0
103.0	850.0
154.0	733.0
0.0	0.0
221.0	1391.0
166.0	382.0
288.0	607.0
3076.0	21398.0
4369.0	21891.0
0.0	0.0
506.0	2062.0
20970.0	69418.0
0.0	0.0
31.0	354.0
2055.0	4044.0
5862.0	14528.0
227.0	1616.0
1763.0	3497.0
3904.0	32708.0
19.0	19.0
35.0	867.0
22.0	44.0
805.0	1871.0
6041.0	16085.0
0.0	0.0
144.0	1017.0
770.0	2675.0
776.0	5687.0
1108.0	4452.0
360.0	964.0
376.0	1261.0
0.0	16.0
55.0	709.0
75.0	119.0
2922.0	8740.0
33.0	1180.0
185.0	1180.0
31.0	195.0
374.0	2183.0
20.0	20.0
230.0	718.0
32.0	167.0
1339.0	5283.0
705.0	1306.0
6684.0	34649.0
1602.0	3077.0
0.0	59.0
1695.0	6061.0
61.0	153.0
100.0	115.0
299.0	752.0
816.0	1153.0
4.0	70.0
52.0	161.0
23.0	40.0
153.0	1051.0
923.0	2200.0
547.0	2960.0
1470.0	5307.0
934.0	1343.0
526.0	1764.0
0.0	346.0
262.0	1631.0
2288.0	27624.0
93.0	93.0
4.0	69.0
0.0	0.0
1179.0	2280.0
1067.0	2410.0
84.0	460.0
2383.0	7478.0
302.0	1694.0
44.0	514.0
100.0	1024.0
668.0	1255.0
68.0	717.0
279.0	543.0
1024.0	2339.0
138.0	404.0
1.0	67.0
120.0	457.0
86.0	1397.0
140.0	542.0
5847.0	8509.0
182.0	551.0
10677.0	19547.0
14.0	117.0
148.0	634.0
0.0	52.0
637.0	4594.0
4511.0	41037.0
0.0	0.0
52.0	468.0
0.0	0.0
494.0	1178.0
0.0	70.0
2068.0	8732.0
10795.0	42235.0
240.0	743.0
48.0	636.0
0.0	57.0
1566.0	5974.0
659.0	2535.0
301.0	709.0
164.0	579.0
1.0	25.0
763.0	1363.0
93.0	191.0
14.0	205.0
0.0	29.0
0.0	0.0
78.0	281.0
370.0	420.0
426.0	1107.0
149.0	426.0
38.0	427.0
22.0	319.0
122.0	229.0
189.0	404.0
132.0	518.0
925.0	3064.0
230.0	1087.0
1800.0	10476.0
151.0	349.0
0.0	20.0
33.0	59.0
2127.0	2333.0
0.0	20.0
5100.0	6714.0
0.0	0.0
0.0	26.0
3013.0	11686.0
245.0	716.0
0.0	0.0
0.0	0.0
105.0	268.0
573.0	1867.0
766.0	1370.0
1420.0	6866.0
0.0	0.0
0.0	0.0
65.0	351.0
3322.0	7420.0
298.0	1926.0
0.0	0.0
51.0	340.0
6483.0	23986.0
853.0	4031.0
3003.0	7416.0
809.0	2913.0
375.0	1553.0
21.0	21.0
309.0	2090.0
0.0	249.0
0.0	0.0
3143.0	14777.0
2457.0	8103.0
2616.0	12984.0
1125.0	1785.0
66.0	1108.0
387.0	780.0
712.0	1204.0
335.0	2978.0
3883.0	9472.0
175.0	1077.0
524.0	2719.0
148.0	324.0
859.0	1927.0
4437.0	29844.0
5235.0	61107.0
74.0	820.0
150.0	2574.0
242.0	468.0
109.0	1666.0
958.0	1461.0
423.0	2000.0
55.0	227.0
327.0	1312.0
39.0	39.0
2727.0	10438.0
16.0	887.0
155.0	860.0
10.0	364.0
1904.0	7144.0
72.0	353.0
2389.0	5674.0
0.0	165.0
51.0	145.0
0.0	0.0
1799.0	5796.0
20.0	20.0
726.0	4934.0
235.0	1121.0
853.0	1757.0
2814.0	6867.0
150.0	904.0
379.0	831.0
0.0	0.0
0.0	0.0
0.0	0.0
486.0	1087.0
2097.0	4283.0
0.0	0.0
1136.0	1206.0
156.0	606.0
479.0	1683.0
506.0	3412.0
125.0	151.0
33.0	66.0
1603.0	4391.0
579.0	2558.0
8249.0	23747.0
20.0	221.0
115.0	115.0
0.0	0.0
206.0	1944.0
26.0	91.0
194.0	244.0
1345.0	3224.0
312.0	1025.0
1088.0	3389.0
526.0	2118.0
43.0	120.0
99.0	369.0
95.0	660.0
3542.0	13900.0
757.0	2287.0
43.0	100.0
64.0	373.0
213.0	957.0
327.0	1653.0
4861.0	28252.0
94.0	491.0
787.0	1670.0
78.0	833.0
757.0	1213.0
12.0	78.0
0.0	48.0
38.0	79.0
1297.0	5281.0
1203.0	3701.0
566.0	1532.0
0.0	69.0
0.0	0.0
12428.0	50692.0
774.0	1602.0
644.0	3105.0
15.0	299.0
86.0	1700.0
5.0	53.0
0.0	0.0
4313.0	31518.0
1971.0	5791.0
200.0	772.0
102.0	1260.0
0.0	0.0
645.0	2328.0
340.0	607.0
341.0	2110.0
32.0	49.0
0.0	159.0
172.0	201.0
115.0	490.0
232.0	1070.0
3268.0	11790.0
58.0	637.0
76.0	228.0
10.0	191.0
789.0	922.0
62.0	107.0
437.0	698.0
10.0	125.0
72.0	544.0
289.0	578.0
316.0	400.0
5286.0	38477.0
39.0	99.0
326.0	1666.0
2082.0	2687.0
418.0	2729.0
1742.0	8747.0
97.0	462.0
340.0	1577.0
73.0	73.0
120.0	498.0
98.0	225.0
0.0	0.0
4999.0	10302.0
899.0	1982.0
234.0	348.0
871.0	890.0
1477.0	4952.0
248.0	1426.0
2865.0	45532.0
1729.0	3958.0
416.0	1451.0
0.0	69.0
0.0	0.0
84.0	155.0
0.0	0.0
2347.0	5794.0
356.0	1880.0
292.0	529.0
203.0	1615.0
183.0	466.0
0.0	0.0
0.0	36.0
1541.0	6099.0
102.0	657.0
0.0	0.0
0.0	3800.0
88.0	88.0
4070.0	15268.0
38.0	651.0
317.0	546.0
1437.0	4680.0
75.0	196.0
392.0	1075.0
0.0	0.0
362.0	1439.0
1125.0	3390.0
2916.0	13873.0
214.0	499.0
0.0	209.0
247.0	640.0
0.0	327.0
5644.0	17175.0
0.0	0.0
858.0	1472.0
170.0	827.0
114.0	674.0
0.0	0.0
625.0	1312.0
427.0	1296.0
462.0	2299.0
0.0	246.0
202.0	808.0
105.0	610.0
52.0	219.0
428.0	1067.0
211.0	2012.0
177.0	801.0
1957.0	3320.0
1972.0	5968.0
72.0	103.0
0.0	30.0
913.0	2440.0
3255.0	12561.0
76.0	728.0
0.0	0.0
1115.0	4171.0
1974.0	4445.0
1531.0	3123.0
0.0	296.0
25.0	25.0
260.0	454.0
808.0	1022.0
1129.0	4864.0
273.0	1451.0
2564.0	4061.0
3719.0	10584.0
85.0	432.0
1229.0	4949.0
18.0	161.0
0.0	0.0
318.0	2416.0
28.0	594.0
923.0	3963.0
0.0	253.0
983.0	2392.0
16.0	425.0
3213.0	21178.0
280.0	2046.0
69.0	321.0
92.0	400.0
0.0	20.0
6834.0	11986.0
3860.0	36548.0
215.0	574.0
0.0	0.0
3.0	145.0
439.0	1579.0
26.0	55.0
0.0	0.0
36.0	309.0
221.0	527.0
498.0	2013.0
84.0	358.0
1708.0	8153.0
1917.0	7915.0
339.0	1332.0
556.0	1544.0
0.0	0.0
0.0	15.0
0.0	115.0
0.0	0.0
2109.0	9499.0
337.0	2189.0
900.0	1449.0
52.0	537.0
369.0	1460.0
0.0	0.0
315.0	1005.0
4936.0	20269.0
21.0	88.0
407.0	1511.0
14.0	155.0
513.0	1782.0
1873.0	7301.0
164.0	1306.0
0.0	130.0
20.0	251.0
0.0	280.0
1217.0	3961.0
1593.0	7432.0
496.0	3681.0
479.0	1332.0
0.0	18.0
1142.0	3753.0
432.0	1587.0
1695.0	2874.0
192.0	466.0
7427.0	26199.0
107.0	123.0
3148.0	6372.0
86.0	213.0
0.0	0.0
0.0	0.0
37.0	162.0
298.0	608.0
0.0	0.0
0.0	0.0
1515.0	5611.0
5855.0	19281.0
0.0	71.0
6252.0	20294.0
313.0	2494.0
96.0	534.0
35.0	231.0
5853.0	11519.0
0.0	214.0
190.0	661.0
63.0	78.0
0.0	0.0
644.0	2082.0
1.0	149.0
35.0	35.0
722.0	2789.0
60.0	340.0
375.0	1253.0
26.0	636.0
0.0	75.0
348.0	406.0
167.0	848.0
7004.0	12073.0
154.0	897.0
190.0	999.0
182.0	1660.0
1147.0	3604.0
15.0	149.0
1242.0	5440.0
10.0	20.0
326.0	3792.0
91.0	175.0
2151.0	4974.0
217.0	625.0
105.0	490.0
173.0	310.0
421.0	2282.0
107.0	407.0
0.0	0.0
117.0	540.0
742.0	3983.0
0.0	21.0
16379.0	63187.0
87.0	254.0
0.0	0.0
46.0	194.0
438.0	2404.0
0.0	0.0
71.0	588.0
226.0	1835.0
812.0	2649.0
0.0	0.0
32.0	239.0
0.0	0.0
202.0	682.0
2183.0	11911.0
61.0	829.0
417.0	2571.0
827.0	2123.0
0.0	0.0
227.0	1967.0
0.0	0.0
335.0	2259.0
134.0	649.0
0.0	137.0
0.0	0.0
5.0	1151.0
166.0	238.0
63.0	101.0
0.0	0.0
656.0	1927.0
0.0	57.0
1487.0	2658.0
0.0	0.0
26.0	53.0
261.0	1129.0
1096.0	1381.0
109.0	772.0
161.0	1109.0
1146.0	4739.0
0.0	168.0
708.0	1686.0
31.0	93.0
82.0	141.0
277.0	1675.0
78.0	384.0
1383.0	5729.0
60.0	653.0
3214.0	8437.0
202.0	1194.0
149.0	1020.0
267.0	268.0
337.0	1912.0
36.0	277.0
0.0	41.0
2.0	190.0
254.0	353.0
186.0	596.0
468.0	3683.0
1936.0	5427.0
0.0	17.0
21.0	197.0
161.0	299.0
268.0	308.0
25.0	470.0
0.0	0.0
228.0	895.0
121.0	187.0
3046.0	11430.0
5184.0	64806.0
0.0	0.0
256.0	330.0
6.0	258.0
435.0	1625.0
0.0	0.0
78.0	834.0
1223.0	4384.0
97.0	1360.0
911.0	4552.0
1535.0	6081.0
132.0	132.0
0.0	0.0
25.0	30.0
16.0	695.0
117.0	279.0
58.0	199.0
129.0	311.0
0.0	0.0
3295.0	6579.0
0.0	378.0
3357.0	46652.0
43.0	364.0
1650.0	4348.0
30.0	355.0
5173.0	9366.0
179.0	480.0
399.0	3121.0
0.0	80.0
6592.0	36278.0
137.0	412.0
36.0	79.0
1474.0	5374.0
55.0	460.0
0.0	427.0
37.0	495.0
279.0	1078.0
1173.0	2280.0
0.0	73.0
39.0	84.0
1153.0	3297.0
124.0	753.0
14.0	64.0
1557.0	2941.0
1030.0	2479.0
1216.0	6184.0
339.0	1247.0
426.0	1596.0
39.0	324.0
384.0	1729.0
73.0	494.0
46.0	126.0
269.0	278.0
0.0	0.0
0.0	19.0
35.0	65.0
295.0	844.0
2.0	45.0
527.0	597.0
1349.0	3773.0
131.0	956.0
34.0	231.0
7060.0	13717.0
0.0	0.0
300.0	1309.0
324.0	576.0
0.0	0.0
72.0	119.0
3163.0	13481.0
551.0	1969.0
183.0	332.0
0.0	0.0
223.0	2255.0
2914.0	9761.0
71.0	260.0
3883.0	12526.0
0.0	24.0
810.0	1646.0
0.0	0.0
19.0	130.0
94.0	104.0
81.0	512.0
0.0	0.0
386.0	650.0
302.0	353.0
196.0	657.0
141.0	323.0
0.0	0.0
346.0	483.0
1608.0	6186.0
221.0	1298.0
0.0	78.0
1308.0	7692.0
134.0	199.0
60.0	426.0
0.0	0.0
11.0	481.0
0.0	63.0
52.0	139.0
7.0	213.0
804.0	2102.0
659.0	2181.0
4164.0	7268.0
14.0	39.0
58.0	62.0
53.0	74.0
420.0	1719.0
6756.0	20035.0
0.0	0.0
402.0	759.0
0.0	0.0
149.0	225.0
7.0	143.0
704.0	1213.0
885.0	4954.0
107.0	1384.0
773.0	4028.0
228.0	976.0
0.0	0.0
191.0	294.0
0.0	47.0
5.0	722.0
284.0	480.0
1523.0	5252.0
986.0	1656.0
124.0	230.0
31.0	240.0
1093.0	4262.0
0.0	259.0
4.0	181.0
43.0	600.0
