183.0	278.0
126.0	146.0
441.0	940.0
212.0	617.0
987.0	1761.0
455.0	632.0
728.0	840.0
240.0	440.0
1826.0	2787.0
652.0	705.0
1329.0	2360.0
4358.0	7505.0
361.0	370.0
55.0	55.0
785.0	2097.0
156.0	237.0
331.0	360.0
12089.0	22376.0
217.0	377.0
263.0	370.0
92.0	92.0
393.0	1109.0
4788.0	8829.0
9288.0	11183.0
395.0	553.0
104.0	104.0
1231.0	2473.0
2691.0	5563.0
212.0	212.0
83.0	83.0
411.0	555.0
30.0	32.0
330.0	330.0
552.0	554.0
279.0	408.0
5664.0	10708.0
338.0	401.0
142.0	142.0
65.0	94.0
186.0	289.0
246.0	265.0
14.0	15.0
162.0	280.0
249.0	379.0
142.0	166.0
308.0	353.0
1798.0	1949.0
221.0	384.0
512.0	752.0
380.0	381.0
270.0	270.0
0.0	0.0
650.0	663.0
355.0	355.0
978.0	988.0
0.0	0.0
1197.0	1487.0
533.0	938.0
560.0	560.0
2130.0	2826.0
50.0	50.0
136.0	136.0
59.0	73.0
21.0	65.0
167.0	214.0
521.0	698.0
71.0	266.0
55.0	55.0
8688.0	12201.0
190.0	338.0
1702.0	1768.0
1044.0	2374.0
657.0	691.0
169.0	209.0
169.0	170.0
1431.0	2726.0
73.0	92.0
549.0	581.0
124.0	143.0
158.0	158.0
1074.0	1238.0
1062.0	2519.0
766.0	1531.0
72.0	147.0
556.0	1039.0
784.0	1069.0
495.0	768.0
430.0	501.0
345.0	439.0
193.0	409.0
310.0	337.0
1050.0	1050.0
272.0	272.0
4601.0	7040.0
528.0	871.0
601.0	601.0
193.0	193.0
179.0	179.0
432.0	451.0
236.0	274.0
33.0	33.0
717.0	737.0
501.0	501.0
15.0	15.0
955.0	1334.0
476.0	493.0
534.0	633.0
239.0	239.0
435.0	539.0
512.0	598.0
57.0	57.0
20.0	20.0
126.0	185.0
141.0	250.0
53.0	317.0
139.0	165.0
692.0	860.0
892.0	1044.0
0.0	0.0
176.0	209.0
211.0	248.0
457.0	709.0
178.0	178.0
273.0	319.0
238.0	322.0
497.0	506.0
241.0	241.0
135.0	135.0
379.0	412.0
1318.0	2078.0
191.0	192.0
4276.0	9762.0
246.0	420.0
214.0	214.0
4477.0	6691.0
7508.0	10752.0
542.0	603.0
372.0	795.0
197.0	255.0
200.0	361.0
2567.0	3920.0
5492.0	7248.0
673.0	773.0
1714.0	2479.0
505.0	655.0
451.0	701.0
276.0	551.0
205.0	235.0
766.0	891.0
396.0	840.0
964.0	1466.0
1229.0	1269.0
131.0	153.0
853.0	954.0
124.0	177.0
235.0	236.0
819.0	886.0
435.0	491.0
612.0	698.0
3311.0	4778.0
59.0	276.0
140.0	156.0
169.0	169.0
544.0	714.0
226.0	243.0
0.0	0.0
125.0	173.0
25.0	25.0
79.0	125.0
127.0	218.0
15.0	50.0
2996.0	4591.0
290.0	348.0
19.0	70.0
1785.0	2371.0
323.0	749.0
111.0	111.0
53.0	53.0
552.0	552.0
142.0	142.0
278.0	344.0
201.0	454.0
1151.0	1445.0
3008.0	3775.0
6443.0	9539.0
293.0	468.0
1022.0	1040.0
48.0	48.0
413.0	432.0
626.0	930.0
406.0	447.0
366.0	500.0
260.0	483.0
127.0	223.0
1211.0	1568.0
125.0	125.0
625.0	627.0
137.0	187.0
542.0	1489.0
265.0	265.0
414.0	420.0
173.0	197.0
648.0	713.0
368.0	388.0
198.0	198.0
282.0	295.0
3652.0	4532.0
0.0	0.0
0.0	0.0
749.0	749.0
24.0	24.0
496.0	505.0
197.0	197.0
505.0	505.0
140.0	144.0
666.0	741.0
210.0	244.0
858.0	858.0
241.0	292.0
95.0	276.0
177.0	177.0
145.0	145.0
119.0	119.0
1097.0	1546.0
637.0	691.0
1096.0	1254.0
77.0	145.0
573.0	1102.0
597.0	713.0
789.0	873.0
272.0	277.0
251.0	251.0
0.0	0.0
531.0	533.0
3768.0	6871.0
116.0	137.0
345.0	352.0
35.0	133.0
668.0	668.0
36.0	127.0
61.0	84.0
378.0	651.0
6157.0	10702.0
1993.0	2514.0
18.0	18.0
480.0	791.0
2068.0	2139.0
245.0	299.0
731.0	838.0
309.0	532.0
586.0	653.0
353.0	687.0
724.0	1570.0
41.0	169.0
25.0	25.0
238.0	262.0
170.0	263.0
338.0	364.0
1056.0	1321.0
132.0	157.0
2161.0	2349.0
210.0	227.0
127.0	135.0
127.0	127.0
565.0	575.0
833.0	2285.0
72.0	72.0
543.0	927.0
518.0	733.0
30.0	30.0
229.0	229.0
368.0	389.0
389.0	500.0
236.0	236.0
139.0	371.0
483.0	1110.0
3754.0	5134.0
5161.0	7845.0
877.0	1103.0
503.0	818.0
4036.0	5544.0
0.0	0.0
764.0	1258.0
418.0	418.0
3719.0	11433.0
445.0	563.0
139.0	139.0
294.0	334.0
453.0	537.0
224.0	249.0
74.0	74.0
135.0	146.0
394.0	670.0
1550.0	2503.0
687.0	1358.0
751.0	751.0
163.0	167.0
267.0	288.0
818.0	818.0
356.0	525.0
231.0	293.0
357.0	432.0
134.0	134.0
582.0	1105.0
359.0	456.0
198.0	228.0
257.0	257.0
369.0	383.0
637.0	699.0
856.0	1690.0
125.0	125.0
932.0	1646.0
379.0	427.0
303.0	364.0
317.0	378.0
922.0	1560.0
16.0	16.0
985.0	1212.0
86.0	333.0
749.0	1219.0
414.0	486.0
169.0	206.0
268.0	432.0
490.0	507.0
1950.0	2180.0
1738.0	1909.0
51.0	51.0
151.0	151.0
373.0	468.0
809.0	840.0
350.0	391.0
468.0	498.0
2469.0	2739.0
349.0	440.0
403.0	789.0
451.0	783.0
327.0	424.0
3354.0	4907.0
24.0	34.0
732.0	826.0
183.0	183.0
116.0	116.0
328.0	361.0
41.0	78.0
85.0	85.0
1375.0	2327.0
128.0	143.0
258.0	288.0
186.0	249.0
434.0	434.0
318.0	368.0
805.0	978.0
440.0	440.0
103.0	237.0
148.0	454.0
468.0	479.0
45.0	61.0
1196.0	1272.0
417.0	548.0
810.0	1453.0
134.0	134.0
752.0	869.0
167.0	193.0
411.0	588.0
11.0	119.0
3576.0	5793.0
854.0	2447.0
80.0	80.0
261.0	314.0
17.0	17.0
185.0	185.0
349.0	806.0
577.0	624.0
2565.0	3716.0
70.0	70.0
962.0	1018.0
1100.0	1448.0
607.0	719.0
75.0	98.0
7618.0	12194.0
1620.0	2863.0
642.0	1001.0
6475.0	17060.0
625.0	633.0
464.0	464.0
249.0	249.0
537.0	594.0
127.0	360.0
5783.0	11583.0
398.0	550.0
390.0	766.0
850.0	1434.0
572.0	1613.0
345.0	463.0
167.0	167.0
245.0	352.0
156.0	156.0
137.0	296.0
670.0	691.0
750.0	750.0
561.0	943.0
1087.0	1461.0
473.0	635.0
742.0	1224.0
108.0	108.0
25.0	25.0
867.0	922.0
32.0	32.0
256.0	536.0
248.0	248.0
169.0	270.0
9157.0	13363.0
162.0	273.0
140.0	270.0
562.0	674.0
254.0	528.0
3985.0	4939.0
440.0	449.0
997.0	1331.0
537.0	537.0
205.0	205.0
257.0	402.0
44.0	44.0
823.0	1306.0
275.0	419.0
305.0	305.0
574.0	574.0
338.0	338.0
852.0	1206.0
315.0	315.0
239.0	359.0
320.0	336.0
461.0	647.0
32.0	32.0
154.0	235.0
289.0	371.0
1463.0	3783.0
5186.0	9199.0
292.0	404.0
4415.0	11819.0
521.0	578.0
135.0	226.0
142.0	157.0
821.0	881.0
32.0	32.0
54.0	137.0
82.0	82.0
4760.0	8514.0
626.0	737.0
70.0	160.0
1877.0	4679.0
747.0	1641.0
220.0	536.0
1234.0	1436.0
310.0	524.0
428.0	486.0
6278.0	8918.0
174.0	201.0
163.0	210.0
1472.0	1715.0
85.0	85.0
249.0	285.0
39.0	39.0
227.0	298.0
591.0	689.0
643.0	643.0
1683.0	4841.0
208.0	208.0
0.0	0.0
567.0	938.0
1195.0	1370.0
5408.0	11436.0
4179.0	5472.0
7325.0	8862.0
427.0	593.0
163.0	174.0
22.0	22.0
139.0	159.0
204.0	204.0
3552.0	4631.0
229.0	319.0
36.0	36.0
1702.0	2906.0
675.0	768.0
149.0	165.0
295.0	312.0
939.0	941.0
298.0	1106.0
176.0	292.0
23.0	23.0
179.0	199.0
427.0	521.0
274.0	689.0
133.0	296.0
124.0	205.0
57.0	57.0
172.0	193.0
452.0	486.0
56.0	200.0
15.0	15.0
311.0	686.0
495.0	520.0
256.0	266.0
1670.0	3431.0
568.0	1327.0
3400.0	4498.0
32.0	32.0
128.0	128.0
292.0	405.0
526.0	982.0
608.0	1409.0
429.0	659.0
0.0	0.0
92.0	101.0
615.0	1164.0
917.0	1287.0
106.0	126.0
1148.0	1393.0
231.0	231.0
145.0	227.0
856.0	1126.0
1465.0	1465.0
235.0	907.0
439.0	489.0
365.0	572.0
1782.0	2612.0
114.0	215.0
267.0	404.0
627.0	847.0
519.0	519.0
0.0	0.0
1238.0	1989.0
601.0	601.0
200.0	279.0
961.0	2655.0
604.0	960.0
638.0	638.0
894.0	1331.0
256.0	290.0
0.0	0.0
183.0	205.0
537.0	565.0
272.0	294.0
107.0	107.0
399.0	442.0
1984.0	3182.0
15.0	33.0
248.0	292.0
79.0	167.0
981.0	1091.0
1454.0	3216.0
804.0	914.0
666.0	751.0
910.0	1501.0
399.0	501.0
197.0	206.0
165.0	218.0
4491.0	4764.0
65.0	74.0
111.0	130.0
3319.0	4592.0
381.0	392.0
1140.0	2836.0
125.0	125.0
42.0	42.0
297.0	428.0
595.0	1440.0
112.0	177.0
99.0	180.0
165.0	190.0
352.0	436.0
297.0	297.0
36.0	224.0
84.0	84.0
194.0	585.0
1113.0	1113.0
1087.0	1253.0
115.0	148.0
83.0	89.0
319.0	446.0
144.0	144.0
781.0	889.0
715.0	1147.0
160.0	160.0
716.0	772.0
656.0	1352.0
53.0	53.0
474.0	489.0
312.0	340.0
256.0	256.0
348.0	350.0
411.0	901.0
155.0	159.0
47.0	79.0
180.0	180.0
263.0	520.0
238.0	275.0
394.0	465.0
353.0	355.0
820.0	919.0
0.0	0.0
722.0	743.0
401.0	575.0
1197.0	1264.0
1812.0	2294.0
510.0	574.0
519.0	1106.0
332.0	366.0
149.0	149.0
1828.0	2025.0
463.0	506.0
1084.0	1107.0
427.0	467.0
920.0	1048.0
377.0	392.0
1327.0	1355.0
333.0	421.0
448.0	473.0
312.0	422.0
294.0	484.0
1205.0	2075.0
63.0	63.0
1694.0	2496.0
304.0	505.0
876.0	1423.0
358.0	405.0
766.0	778.0
307.0	390.0
562.0	607.0
805.0	921.0
924.0	983.0
541.0	689.0
219.0	247.0
1058.0	1085.0
427.0	427.0
64.0	131.0
626.0	648.0
82.0	82.0
0.0	0.0
101.0	152.0
468.0	468.0
258.0	300.0
1843.0	2348.0
279.0	509.0
208.0	366.0
99.0	122.0
1051.0	1304.0
560.0	886.0
1314.0	1891.0
215.0	215.0
474.0	474.0
722.0	931.0
217.0	279.0
1032.0	1032.0
766.0	897.0
1036.0	1893.0
1657.0	2497.0
519.0	631.0
55.0	55.0
0.0	0.0
622.0	637.0
162.0	169.0
273.0	297.0
316.0	1982.0
1493.0	2345.0
495.0	1086.0
351.0	440.0
152.0	449.0
676.0	676.0
1143.0	1959.0
0.0	0.0
103.0	136.0
27.0	27.0
317.0	543.0
728.0	728.0
498.0	551.0
276.0	303.0
281.0	287.0
330.0	433.0
432.0	679.0
999.0	1413.0
0.0	0.0
227.0	227.0
324.0	324.0
333.0	465.0
132.0	139.0
452.0	560.0
137.0	240.0
301.0	316.0
685.0	713.0
189.0	189.0
557.0	557.0
0.0	0.0
735.0	753.0
6569.0	12347.0
621.0	645.0
214.0	237.0
87.0	260.0
5956.0	7479.0
477.0	528.0
523.0	538.0
127.0	127.0
2754.0	3892.0
197.0	197.0
283.0	341.0
59.0	297.0
34.0	34.0
403.0	1151.0
0.0	67.0
217.0	217.0
202.0	214.0
243.0	243.0
151.0	154.0
468.0	607.0
888.0	902.0
1587.0	2115.0
167.0	183.0
1107.0	2269.0
195.0	195.0
1174.0	1304.0
1075.0	1432.0
541.0	782.0
460.0	700.0
775.0	1540.0
963.0	1174.0
316.0	342.0
547.0	989.0
329.0	770.0
95.0	95.0
0.0	34.0
491.0	709.0
184.0	316.0
187.0	209.0
660.0	703.0
1842.0	2764.0
233.0	329.0
155.0	187.0
713.0	1035.0
0.0	0.0
341.0	344.0
103.0	182.0
528.0	1552.0
15.0	15.0
159.0	159.0
296.0	296.0
178.0	178.0
1919.0	2429.0
418.0	745.0
845.0	1677.0
730.0	730.0
30.0	51.0
311.0	313.0
965.0	1650.0
818.0	1172.0
161.0	182.0
347.0	347.0
1955.0	2943.0
594.0	1081.0
330.0	332.0
700.0	950.0
172.0	311.0
461.0	572.0
156.0	156.0
237.0	283.0
526.0	748.0
203.0	203.0
207.0	210.0
995.0	995.0
357.0	620.0
184.0	339.0
1307.0	1313.0
8447.0	11242.0
141.0	242.0
230.0	250.0
7522.0	13177.0
207.0	270.0
229.0	246.0
1095.0	1362.0
156.0	156.0
64.0	64.0
549.0	838.0
175.0	175.0
670.0	792.0
437.0	504.0
748.0	776.0
223.0	405.0
365.0	622.0
131.0	131.0
380.0	380.0
815.0	936.0
2547.0	2701.0
240.0	1014.0
1236.0	1375.0
527.0	1082.0
788.0	823.0
328.0	354.0
426.0	1110.0
1687.0	3909.0
105.0	105.0
386.0	536.0
212.0	339.0
105.0	263.0
2017.0	2293.0
89.0	223.0
513.0	592.0
395.0	746.0
229.0	229.0
195.0	424.0
302.0	670.0
2166.0	2627.0
1703.0	3395.0
231.0	274.0
506.0	739.0
409.0	416.0
405.0	620.0
143.0	143.0
357.0	1247.0
120.0	159.0
106.0	450.0
185.0	206.0
478.0	610.0
15.0	15.0
361.0	392.0
78.0	98.0
1455.0	1676.0
59.0	102.0
23.0	23.0
766.0	769.0
805.0	845.0
1125.0	1206.0
529.0	974.0
114.0	122.0
52.0	96.0
8222.0	11446.0
175.0	183.0
345.0	377.0
1562.0	1611.0
12743.0	15264.0
148.0	171.0
586.0	841.0
124.0	177.0
1071.0	1182.0
1121.0	1209.0
78.0	124.0
494.0	494.0
162.0	162.0
389.0	389.0
291.0	291.0
118.0	118.0
2132.0	3056.0
924.0	1254.0
1450.0	2363.0
127.0	175.0
256.0	271.0
660.0	968.0
444.0	444.0
418.0	440.0
260.0	276.0
223.0	356.0
1311.0	1699.0
854.0	1451.0
2663.0	3058.0
108.0	132.0
187.0	187.0
256.0	256.0
511.0	980.0
949.0	1176.0
840.0	1025.0
407.0	516.0
4480.0	5495.0
100.0	140.0
792.0	800.0
6033.0	13053.0
280.0	313.0
190.0	694.0
494.0	494.0
554.0	583.0
1097.0	2390.0
891.0	913.0
0.0	0.0
287.0	287.0
1262.0	1593.0
754.0	923.0
77.0	131.0
3832.0	7167.0
302.0	428.0
51.0	51.0
14517.0	19313.0
2678.0	3467.0
771.0	838.0
4336.0	5550.0
158.0	265.0
504.0	706.0
838.0	1158.0
148.0	148.0
92.0	92.0
182.0	288.0
298.0	298.0
51.0	104.0
255.0	438.0
27.0	27.0
993.0	1226.0
126.0	126.0
282.0	282.0
2693.0	6798.0
206.0	266.0
682.0	943.0
170.0	170.0
3509.0	6319.0
140.0	540.0
393.0	679.0
3053.0	4765.0
368.0	368.0
408.0	408.0
794.0	834.0
54.0	58.0
860.0	950.0
366.0	525.0
652.0	909.0
222.0	222.0
91.0	124.0
517.0	540.0
504.0	545.0
6986.0	12352.0
384.0	384.0
372.0	686.0
267.0	275.0
67.0	67.0
181.0	199.0
1210.0	1224.0
1254.0	1508.0
682.0	1429.0
91.0	110.0
17.0	17.0
208.0	397.0
566.0	617.0
152.0	243.0
186.0	241.0
411.0	544.0
1504.0	1944.0
60.0	70.0
260.0	328.0
789.0	897.0
77.0	77.0
31.0	73.0
415.0	701.0
409.0	474.0
906.0	1076.0
15.0	15.0
4839.0	6675.0
279.0	606.0
594.0	652.0
461.0	548.0
1447.0	2041.0
9446.0	19117.0
44.0	44.0
169.0	169.0
35.0	35.0
241.0	258.0
196.0	196.0
456.0	546.0
133.0	221.0
298.0	324.0
223.0	223.0
911.0	1093.0
1371.0	1422.0
27.0	27.0
97.0	110.0
5304.0	7167.0
6088.0	11317.0
27.0	227.0
588.0	671.0
472.0	590.0
51.0	51.0
113.0	149.0
2091.0	2964.0
761.0	820.0
918.0	1033.0
188.0	391.0
302.0	318.0
548.0	599.0
7160.0	11531.0
95.0	163.0
118.0	218.0
733.0	1109.0
672.0	741.0
383.0	759.0
154.0	154.0
161.0	180.0
127.0	127.0
7248.0	15211.0
854.0	1229.0
26.0	103.0
242.0	440.0
181.0	181.0
1483.0	1744.0
2135.0	2373.0
604.0	665.0
151.0	168.0
341.0	385.0
483.0	590.0
2225.0	2685.0
6331.0	9512.0
227.0	249.0
375.0	906.0
79.0	170.0
458.0	679.0
604.0	1229.0
602.0	778.0
445.0	445.0
0.0	0.0
43.0	43.0
149.0	1318.0
315.0	2132.0
399.0	399.0
894.0	917.0
831.0	977.0
222.0	234.0
597.0	1782.0
265.0	289.0
134.0	175.0
157.0	182.0
492.0	492.0
882.0	1361.0
103.0	103.0
372.0	391.0
124.0	129.0
139.0	162.0
485.0	514.0
1175.0	1784.0
585.0	696.0
1501.0	1746.0
86.0	86.0
271.0	271.0
227.0	247.0
2168.0	2773.0
3688.0	6487.0
5882.0	9141.0
437.0	1033.0
41.0	74.0
164.0	228.0
1792.0	2067.0
141.0	151.0
512.0	522.0
848.0	1920.0
81.0	81.0
279.0	916.0
5544.0	8708.0
3285.0	4534.0
562.0	1667.0
1634.0	2764.0
192.0	192.0
168.0	171.0
239.0	380.0
78.0	91.0
181.0	190.0
1666.0	2854.0
41.0	41.0
164.0	198.0
0.0	0.0
3209.0	6551.0
217.0	217.0
1001.0	1219.0
136.0	148.0
20.0	20.0
107.0	107.0
547.0	582.0
465.0	588.0
16.0	16.0
25.0	47.0
810.0	993.0
254.0	258.0
349.0	349.0
752.0	1155.0
1411.0	1533.0
25.0	25.0
596.0	596.0
266.0	554.0
70.0	324.0
26.0	26.0
120.0	120.0
417.0	589.0
624.0	1053.0
8029.0	12846.0
396.0	633.0
136.0	136.0
971.0	1198.0
19.0	19.0
202.0	239.0
49.0	66.0
1104.0	1797.0
605.0	1144.0
328.0	333.0
664.0	752.0
5170.0	7101.0
944.0	979.0
77.0	89.0
322.0	350.0
196.0	196.0
563.0	576.0
46.0	58.0
435.0	524.0
906.0	1069.0
981.0	1170.0
97.0	97.0
246.0	466.0
240.0	580.0
350.0	365.0
24.0	24.0
51.0	51.0
1641.0	2160.0
1628.0	1836.0
271.0	489.0
401.0	523.0
564.0	1974.0
489.0	496.0
902.0	1237.0
348.0	462.0
292.0	297.0
16.0	16.0
761.0	858.0
235.0	296.0
837.0	1501.0
1116.0	2377.0
338.0	734.0
62.0	62.0
824.0	1498.0
986.0	1005.0
370.0	393.0
1221.0	3091.0
121.0	142.0
237.0	419.0
0.0	0.0
116.0	158.0
62.0	62.0
85.0	85.0
308.0	524.0
209.0	225.0
1730.0	2984.0
253.0	445.0
695.0	695.0
966.0	1297.0
2856.0	4054.0
378.0	378.0
392.0	443.0
50.0	50.0
6699.0	10560.0
97.0	509.0
296.0	494.0
155.0	155.0
217.0	239.0
227.0	481.0
3137.0	3907.0
111.0	111.0
1752.0	2901.0
6928.0	11765.0
165.0	333.0
228.0	473.0
830.0	1309.0
116.0	250.0
252.0	344.0
348.0	809.0
233.0	333.0
97.0	181.0
7652.0	12180.0
8406.0	12979.0
1071.0	1462.0
16.0	16.0
0.0	0.0
449.0	486.0
298.0	922.0
422.0	422.0
769.0	1854.0
105.0	254.0
548.0	674.0
940.0	1245.0
51.0	73.0
596.0	797.0
159.0	159.0
660.0	1150.0
2438.0	7039.0
183.0	213.0
43.0	43.0
1509.0	1922.0
384.0	960.0
38.0	117.0
530.0	530.0
623.0	636.0
1190.0	1359.0
584.0	782.0
429.0	441.0
224.0	347.0
230.0	292.0
476.0	497.0
641.0	751.0
617.0	1097.0
256.0	256.0
591.0	641.0
9641.0	26658.0
176.0	176.0
490.0	503.0
394.0	431.0
321.0	322.0
205.0	205.0
48.0	48.0
448.0	452.0
170.0	195.0
198.0	198.0
1112.0	1112.0
53.0	157.0
339.0	492.0
170.0	377.0
3877.0	5370.0
0.0	0.0
646.0	711.0
356.0	359.0
68.0	83.0
880.0	1117.0
395.0	680.0
1985.0	2190.0
123.0	123.0
217.0	350.0
928.0	997.0
6602.0	12614.0
301.0	321.0
386.0	609.0
190.0	194.0
907.0	1205.0
1439.0	1715.0
533.0	614.0
143.0	145.0
722.0	1705.0
222.0	752.0
9458.0	32537.0
173.0	173.0
563.0	595.0
779.0	1076.0
24.0	24.0
869.0	906.0
1399.0	1489.0
788.0	1017.0
171.0	193.0
409.0	413.0
140.0	282.0
144.0	187.0
91.0	91.0
125.0	125.0
476.0	481.0
152.0	261.0
132.0	132.0
2820.0	7583.0
77.0	138.0
715.0	715.0
430.0	498.0
1984.0	2630.0
40.0	66.0
1248.0	1886.0
445.0	495.0
130.0	133.0
142.0	210.0
1074.0	1216.0
0.0	0.0
794.0	799.0
404.0	459.0
151.0	216.0
340.0	555.0
31.0	31.0
1339.0	4082.0
564.0	805.0
390.0	419.0
382.0	393.0
134.0	158.0
2987.0	3756.0
1470.0	1535.0
331.0	331.0
4781.0	6232.0
213.0	481.0
10646.0	18954.0
85.0	85.0
1107.0	1355.0
550.0	580.0
0.0	0.0
148.0	157.0
1809.0	3261.0
174.0	287.0
1455.0	1516.0
637.0	906.0
128.0	128.0
57.0	72.0
167.0	167.0
142.0	374.0
9799.0	16280.0
491.0	692.0
41.0	41.0
37.0	37.0
348.0	457.0
532.0	1117.0
288.0	499.0
180.0	180.0
295.0	453.0
371.0	539.0
815.0	840.0
112.0	112.0
628.0	679.0
313.0	344.0
684.0	684.0
553.0	833.0
3019.0	6029.0
656.0	693.0
1331.0	1335.0
1000.0	1016.0
748.0	1241.0
206.0	235.0
54.0	54.0
865.0	1438.0
571.0	741.0
376.0	376.0
628.0	710.0
2188.0	2897.0
65.0	65.0
3936.0	6196.0
931.0	1436.0
771.0	773.0
309.0	342.0
800.0	852.0
45.0	45.0
225.0	303.0
79.0	79.0
288.0	288.0
597.0	597.0
89.0	117.0
541.0	708.0
224.0	224.0
1023.0	1023.0
58.0	77.0
250.0	269.0
366.0	490.0
405.0	655.0
80.0	80.0
2883.0	3837.0
425.0	431.0
655.0	963.0
95.0	124.0
238.0	581.0
184.0	194.0
675.0	797.0
168.0	168.0
146.0	146.0
101.0	111.0
1311.0	2087.0
1225.0	1721.0
454.0	710.0
2976.0	3325.0
353.0	367.0
741.0	741.0
179.0	195.0
123.0	195.0
342.0	352.0
933.0	1316.0
363.0	364.0
590.0	1061.0
237.0	239.0
69.0	69.0
921.0	927.0
4643.0	8161.0
0.0	22.0
7770.0	8996.0
1348.0	2256.0
308.0	331.0
489.0	826.0
797.0	1906.0
326.0	326.0
312.0	818.0
33.0	33.0
135.0	317.0
234.0	234.0
75.0	80.0
4488.0	7660.0
449.0	451.0
130.0	311.0
60.0	90.0
71.0	71.0
323.0	574.0
3132.0	4072.0
301.0	313.0
1095.0	1318.0
203.0	232.0
375.0	648.0
541.0	545.0
309.0	309.0
3412.0	4588.0
3923.0	5560.0
18.0	18.0
207.0	207.0
24.0	24.0
196.0	196.0
1473.0	2432.0
165.0	165.0
729.0	904.0
241.0	331.0
0.0	0.0
627.0	666.0
493.0	1007.0
300.0	484.0
122.0	134.0
136.0	177.0
314.0	335.0
676.0	676.0
144.0	181.0
200.0	200.0
263.0	279.0
269.0	269.0
220.0	329.0
113.0	113.0
2719.0	3351.0
232.0	232.0
357.0	367.0
111.0	175.0
1254.0	1279.0
194.0	203.0
302.0	431.0
310.0	571.0
1379.0	1755.0
116.0	116.0
83.0	148.0
935.0	1448.0
99.0	99.0
333.0	333.0
789.0	2208.0
207.0	240.0
282.0	311.0
798.0	934.0
207.0	207.0
195.0	211.0
38.0	82.0
3085.0	3229.0
43.0	43.0
16.0	16.0
354.0	354.0
220.0	266.0
612.0	638.0
32.0	32.0
403.0	407.0
313.0	407.0
1241.0	1670.0
282.0	305.0
2081.0	3191.0
424.0	508.0
463.0	463.0
1005.0	1032.0
397.0	634.0
0.0	0.0
381.0	704.0
226.0	314.0
376.0	446.0
1986.0	2515.0
809.0	824.0
155.0	170.0
1322.0	2990.0
851.0	869.0
649.0	764.0
279.0	356.0
595.0	723.0
538.0	747.0
548.0	1023.0
2305.0	2757.0
373.0	389.0
164.0	164.0
202.0	427.0
196.0	196.0
230.0	375.0
16.0	16.0
1034.0	1473.0
490.0	570.0
155.0	171.0
637.0	755.0
3751.0	6631.0
690.0	1176.0
316.0	331.0
371.0	381.0
133.0	157.0
306.0	364.0
116.0	271.0
379.0	379.0
1080.0	1587.0
181.0	431.0
201.0	257.0
866.0	919.0
367.0	594.0
508.0	750.0
58.0	90.0
64.0	64.0
394.0	468.0
799.0	886.0
516.0	528.0
1160.0	3834.0
860.0	1514.0
100.0	183.0
452.0	452.0
193.0	336.0
381.0	398.0
38.0	713.0
1821.0	2688.0
1746.0	2536.0
581.0	952.0
2153.0	3469.0
1721.0	1975.0
72.0	72.0
189.0	327.0
141.0	141.0
505.0	569.0
3849.0	6117.0
190.0	254.0
169.0	714.0
475.0	508.0
38.0	38.0
106.0	133.0
194.0	237.0
176.0	187.0
1995.0	3473.0
57.0	57.0
189.0	202.0
266.0	447.0
786.0	1211.0
78.0	78.0
693.0	1805.0
1593.0	3133.0
616.0	1047.0
130.0	130.0
674.0	1005.0
582.0	1186.0
56.0	147.0
229.0	277.0
768.0	942.0
191.0	233.0
5604.0	7312.0
258.0	405.0
924.0	1163.0
57.0	57.0
541.0	585.0
205.0	205.0
1451.0	2052.0
6176.0	8485.0
18.0	18.0
536.0	783.0
1352.0	2205.0
529.0	596.0
0.0	29.0
422.0	762.0
83.0	83.0
89.0	94.0
266.0	448.0
4055.0	5777.0
1909.0	2278.0
605.0	605.0
1473.0	2554.0
996.0	1286.0
0.0	80.0
119.0	165.0
442.0	824.0
29.0	29.0
464.0	505.0
663.0	881.0
518.0	528.0
941.0	941.0
497.0	1039.0
177.0	177.0
76.0	76.0
184.0	184.0
1851.0	2606.0
44.0	44.0
295.0	344.0
227.0	259.0
515.0	515.0
296.0	502.0
428.0	468.0
232.0	253.0
558.0	1027.0
1374.0	1955.0
479.0	479.0
298.0	395.0
18.0	18.0
120.0	138.0
316.0	333.0
355.0	355.0
2149.0	3390.0
608.0	651.0
286.0	667.0
79.0	79.0
395.0	395.0
169.0	236.0
96.0	194.0
1050.0	1156.0
24.0	24.0
13.0	94.0
64.0	163.0
4290.0	6312.0
179.0	179.0
475.0	1237.0
644.0	644.0
38.0	38.0
608.0	673.0
41.0	41.0
147.0	152.0
6450.0	9610.0
640.0	663.0
151.0	263.0
2658.0	3770.0
631.0	667.0
166.0	213.0
74.0	74.0
721.0	781.0
340.0	340.0
290.0	290.0
190.0	190.0
102.0	138.0
523.0	672.0
0.0	0.0
599.0	1194.0
41.0	41.0
348.0	946.0
484.0	555.0
437.0	460.0
4834.0	8525.0
740.0	780.0
336.0	546.0
122.0	194.0
1619.0	1862.0
135.0	158.0
658.0	777.0
114.0	142.0
332.0	339.0
693.0	910.0
75.0	107.0
302.0	540.0
1071.0	1162.0
433.0	464.0
376.0	528.0
395.0	427.0
516.0	593.0
140.0	547.0
443.0	601.0
112.0	112.0
467.0	467.0
437.0	491.0
845.0	845.0
433.0	433.0
60.0	60.0
373.0	842.0
376.0	432.0
674.0	2736.0
77.0	77.0
757.0	818.0
43.0	43.0
2391.0	3589.0
990.0	1637.0
319.0	392.0
5512.0	8578.0
1096.0	1481.0
2129.0	2828.0
225.0	283.0
541.0	544.0
178.0	178.0
5934.0	10088.0
676.0	1047.0
155.0	577.0
365.0	379.0
601.0	667.0
707.0	835.0
936.0	1222.0
38.0	159.0
92.0	2568.0
263.0	325.0
310.0	384.0
378.0	422.0
695.0	2339.0
177.0	314.0
235.0	237.0
283.0	283.0
196.0	196.0
509.0	522.0
588.0	634.0
326.0	462.0
168.0	186.0
414.0	414.0
2465.0	2986.0
189.0	263.0
688.0	688.0
616.0	618.0
1328.0	1806.0
125.0	161.0
475.0	502.0
22.0	22.0
197.0	197.0
270.0	270.0
51.0	51.0
249.0	428.0
423.0	423.0
1157.0	1321.0
485.0	963.0
199.0	199.0
1041.0	1185.0
84.0	84.0
344.0	821.0
51.0	51.0
1008.0	2529.0
295.0	295.0
514.0	593.0
123.0	633.0
91.0	103.0
207.0	207.0
244.0	244.0
149.0	149.0
404.0	448.0
278.0	662.0
155.0	155.0
830.0	1322.0
228.0	308.0
173.0	175.0
241.0	314.0
4254.0	6520.0
400.0	667.0
1170.0	1915.0
490.0	598.0
1393.0	2145.0
185.0	232.0
932.0	1518.0
301.0	317.0
536.0	984.0
872.0	1678.0
397.0	752.0
168.0	365.0
126.0	148.0
314.0	369.0
139.0	145.0
733.0	798.0
160.0	160.0
1511.0	2091.0
307.0	307.0
27.0	27.0
133.0	188.0
1067.0	1102.0
253.0	264.0
77.0	77.0
112.0	112.0
110.0	111.0
212.0	363.0
27.0	146.0
0.0	0.0
260.0	597.0
221.0	221.0
361.0	361.0
31.0	31.0
1014.0	1069.0
865.0	866.0
1077.0	2056.0
445.0	528.0
596.0	708.0
193.0	634.0
276.0	319.0
1104.0	1278.0
214.0	217.0
471.0	674.0
356.0	435.0
321.0	631.0
263.0	598.0
1462.0	2197.0
19.0	19.0
113.0	113.0
324.0	664.0
499.0	514.0
4520.0	8685.0
551.0	580.0
81.0	165.0
423.0	728.0
352.0	473.0
186.0	186.0
963.0	1328.0
253.0	379.0
427.0	1058.0
0.0	0.0
98.0	98.0
3936.0	6320.0
50.0	50.0
605.0	1010.0
33.0	33.0
2085.0	4229.0
1048.0	1086.0
103.0	153.0
593.0	834.0
189.0	608.0
636.0	808.0
59.0	550.0
8530.0	10996.0
202.0	231.0
356.0	387.0
510.0	529.0
169.0	232.0
530.0	530.0
1584.0	1892.0
420.0	528.0
1788.0	2309.0
188.0	191.0
540.0	610.0
237.0	299.0
675.0	817.0
11876.0	15318.0
298.0	513.0
526.0	657.0
245.0	433.0
0.0	24.0
5081.0	8752.0
96.0	150.0
6209.0	12306.0
545.0	819.0
49.0	66.0
189.0	218.0
211.0	262.0
226.0	425.0
4287.0	5896.0
1016.0	1428.0
438.0	627.0
3085.0	4685.0
1105.0	1105.0
0.0	0.0
34.0	90.0
2627.0	2769.0
162.0	162.0
931.0	1536.0
631.0	1072.0
520.0	900.0
578.0	718.0
265.0	301.0
682.0	764.0
156.0	252.0
242.0	409.0
248.0	250.0
379.0	623.0
54.0	496.0
110.0	122.0
1571.0	1625.0
710.0	895.0
0.0	0.0
531.0	572.0
189.0	225.0
1461.0	1461.0
205.0	276.0
172.0	544.0
852.0	962.0
3479.0	5172.0
4133.0	7721.0
350.0	491.0
1337.0	1473.0
531.0	595.0
260.0	269.0
2138.0	2508.0
241.0	265.0
206.0	298.0
136.0	450.0
60.0	60.0
0.0	0.0
15.0	15.0
185.0	185.0
243.0	277.0
16.0	16.0
0.0	0.0
847.0	847.0
560.0	749.0
290.0	290.0
286.0	286.0
1175.0	1637.0
34.0	424.0
119.0	119.0
343.0	343.0
887.0	1031.0
506.0	1085.0
584.0	1114.0
338.0	338.0
308.0	318.0
516.0	702.0
386.0	567.0
250.0	273.0
823.0	973.0
109.0	109.0
125.0	191.0
283.0	301.0
441.0	544.0
3388.0	5951.0
87.0	380.0
507.0	512.0
789.0	805.0
197.0	197.0
100.0	315.0
634.0	689.0
276.0	276.0
299.0	377.0
149.0	238.0
145.0	355.0
192.0	231.0
104.0	137.0
39.0	39.0
539.0	1331.0
260.0	609.0
838.0	1080.0
397.0	792.0
497.0	560.0
122.0	122.0
115.0	287.0
105.0	105.0
5053.0	6341.0
703.0	823.0
39.0	39.0
239.0	239.0
153.0	153.0
345.0	352.0
292.0	363.0
2365.0	3546.0
4692.0	6572.0
848.0	934.0
9773.0	19730.0
49.0	49.0
753.0	1312.0
367.0	367.0
3008.0	3667.0
202.0	278.0
25.0	319.0
466.0	788.0
455.0	1028.0
937.0	1752.0
351.0	410.0
209.0	259.0
107.0	214.0
74.0	74.0
47.0	56.0
5767.0	6482.0
146.0	146.0
1467.0	2006.0
6566.0	10484.0
1201.0	2261.0
171.0	171.0
10164.0	12104.0
650.0	1221.0
72.0	72.0
538.0	570.0
212.0	252.0
382.0	459.0
318.0	343.0
6084.0	8419.0
71.0	71.0
791.0	932.0
2037.0	2369.0
137.0	190.0
347.0	409.0
283.0	360.0
424.0	518.0
1205.0	1403.0
290.0	293.0
836.0	842.0
262.0	291.0
257.0	749.0
518.0	705.0
196.0	323.0
247.0	279.0
405.0	486.0
129.0	129.0
601.0	774.0
255.0	255.0
1484.0	1831.0
660.0	1267.0
422.0	637.0
71.0	71.0
1642.0	1660.0
152.0	183.0
3823.0	10665.0
803.0	1906.0
2678.0	4591.0
0.0	19.0
1000.0	1094.0
438.0	561.0
195.0	285.0
1222.0	1283.0
277.0	445.0
1077.0	1141.0
882.0	1101.0
0.0	0.0
115.0	115.0
71.0	71.0
27.0	27.0
108.0	108.0
537.0	545.0
64.0	64.0
1995.0	2113.0
129.0	129.0
578.0	578.0
726.0	805.0
347.0	361.0
573.0	699.0
658.0	732.0
1890.0	2742.0
127.0	209.0
4093.0	6621.0
207.0	244.0
116.0	364.0
289.0	542.0
210.0	330.0
1971.0	2448.0
302.0	302.0
453.0	502.0
516.0	753.0
588.0	801.0
377.0	464.0
148.0	391.0
209.0	301.0
244.0	435.0
795.0	814.0
216.0	218.0
132.0	132.0
448.0	660.0
397.0	435.0
0.0	0.0
371.0	428.0
373.0	373.0
458.0	473.0
17.0	93.0
823.0	1881.0
1902.0	2609.0
163.0	163.0
236.0	262.0
2799.0	3809.0
18.0	18.0
125.0	143.0
147.0	668.0
4671.0	7141.0
5468.0	9293.0
50.0	57.0
105.0	105.0
7934.0	21478.0
162.0	190.0
298.0	516.0
197.0	368.0
153.0	153.0
1168.0	1168.0
835.0	940.0
182.0	182.0
1380.0	3045.0
5531.0	8483.0
6510.0	8909.0
711.0	1473.0
6482.0	8659.0
234.0	294.0
199.0	239.0
790.0	855.0
364.0	369.0
1082.0	1146.0
1495.0	2790.0
267.0	421.0
166.0	270.0
1520.0	3597.0
646.0	1250.0
762.0	882.0
176.0	266.0
240.0	375.0
22.0	336.0
221.0	454.0
156.0	381.0
316.0	660.0
215.0	454.0
237.0	311.0
622.0	724.0
155.0	155.0
686.0	1254.0
111.0	111.0
24.0	40.0
440.0	482.0
170.0	191.0
532.0	607.0
559.0	1106.0
95.0	97.0
127.0	127.0
99.0	104.0
587.0	1034.0
54.0	54.0
152.0	152.0
240.0	241.0
205.0	398.0
244.0	260.0
479.0	736.0
358.0	595.0
508.0	668.0
275.0	275.0
1511.0	2210.0
61.0	123.0
285.0	323.0
6293.0	12427.0
255.0	518.0
1104.0	2828.0
69.0	79.0
333.0	333.0
182.0	259.0
1143.0	1266.0
262.0	322.0
0.0	49.0
1124.0	1759.0
0.0	0.0
358.0	358.0
439.0	514.0
293.0	863.0
286.0	315.0
368.0	374.0
409.0	582.0
659.0	692.0
1924.0	3520.0
626.0	1071.0
60.0	60.0
399.0	449.0
412.0	417.0
317.0	526.0
539.0	1254.0
17.0	17.0
758.0	1152.0
298.0	410.0
619.0	832.0
1195.0	1535.0
355.0	360.0
3515.0	11335.0
216.0	260.0
252.0	273.0
394.0	738.0
695.0	1056.0
506.0	815.0
29.0	29.0
1139.0	1331.0
112.0	227.0
219.0	219.0
2437.0	3867.0
361.0	727.0
315.0	352.0
962.0	988.0
17.0	17.0
847.0	1428.0
35.0	35.0
4473.0	7198.0
1007.0	1092.0
17.0	17.0
702.0	1096.0
1026.0	1182.0
254.0	255.0
93.0	291.0
617.0	675.0
480.0	493.0
1235.0	1258.0
73.0	73.0
1820.0	2029.0
268.0	526.0
1005.0	1356.0
18.0	18.0
19.0	19.0
200.0	205.0
148.0	148.0
489.0	572.0
681.0	925.0
197.0	254.0
504.0	575.0
194.0	194.0
34.0	34.0
57.0	57.0
162.0	205.0
285.0	351.0
196.0	212.0
314.0	472.0
509.0	509.0
388.0	617.0
719.0	833.0
489.0	520.0
463.0	787.0
11726.0	14278.0
817.0	1170.0
2727.0	3519.0
17.0	22.0
536.0	600.0
573.0	679.0
2173.0	3742.0
277.0	366.0
140.0	140.0
528.0	671.0
168.0	179.0
662.0	697.0
75.0	188.0
147.0	147.0
205.0	302.0
264.0	264.0
147.0	405.0
480.0	768.0
3503.0	8537.0
847.0	1932.0
276.0	459.0
120.0	194.0
815.0	1038.0
155.0	171.0
1352.0	1379.0
358.0	393.0
391.0	524.0
274.0	421.0
93.0	117.0
155.0	879.0
82.0	98.0
615.0	771.0
15.0	15.0
769.0	820.0
219.0	219.0
854.0	1563.0
316.0	360.0
444.0	813.0
198.0	232.0
363.0	393.0
219.0	219.0
510.0	678.0
2653.0	3353.0
523.0	541.0
407.0	757.0
444.0	611.0
433.0	446.0
0.0	0.0
27.0	27.0
11821.0	14001.0
1161.0	1666.0
830.0	1204.0
370.0	744.0
819.0	914.0
237.0	325.0
922.0	1916.0
295.0	626.0
500.0	505.0
305.0	311.0
567.0	619.0
5636.0	7936.0
256.0	354.0
8362.0	11905.0
1834.0	4614.0
168.0	168.0
686.0	761.0
9469.0	17536.0
2752.0	5703.0
2597.0	3236.0
67.0	67.0
136.0	136.0
48.0	48.0
1308.0	1985.0
87.0	442.0
228.0	228.0
142.0	142.0
468.0	1157.0
329.0	421.0
184.0	184.0
184.0	184.0
219.0	260.0
216.0	371.0
124.0	124.0
577.0	671.0
1343.0	2304.0
0.0	0.0
438.0	726.0
1801.0	1811.0
581.0	623.0
28.0	90.0
109.0	217.0
332.0	351.0
305.0	393.0
444.0	453.0
1036.0	1061.0
20.0	20.0
57.0	96.0
17.0	17.0
15.0	15.0
4781.0	7343.0
4096.0	6613.0
249.0	376.0
192.0	221.0
123.0	142.0
0.0	0.0
6309.0	7077.0
15.0	35.0
712.0	736.0
592.0	933.0
264.0	395.0
284.0	284.0
360.0	427.0
449.0	516.0
197.0	314.0
383.0	511.0
243.0	404.0
1217.0	1299.0
172.0	174.0
142.0	142.0
7736.0	9469.0
11130.0	13461.0
272.0	284.0
1065.0	1930.0
304.0	465.0
462.0	462.0
234.0	239.0
0.0	0.0
289.0	473.0
267.0	367.0
258.0	276.0
12089.0	22767.0
288.0	288.0
668.0	1364.0
260.0	844.0
600.0	894.0
630.0	753.0
248.0	266.0
342.0	580.0
437.0	658.0
29.0	29.0
216.0	396.0
60.0	60.0
483.0	751.0
195.0	195.0
661.0	1384.0
189.0	330.0
925.0	1639.0
1373.0	2328.0
1702.0	2817.0
704.0	951.0
0.0	0.0
130.0	151.0
33.0	33.0
81.0	81.0
1050.0	1074.0
271.0	447.0
42.0	44.0
291.0	318.0
681.0	734.0
98.0	122.0
5116.0	6941.0
220.0	220.0
18.0	18.0
6698.0	9458.0
242.0	242.0
691.0	691.0
2760.0	4023.0
823.0	866.0
729.0	784.0
408.0	493.0
560.0	819.0
451.0	1109.0
1002.0	1293.0
265.0	268.0
240.0	240.0
1425.0	1519.0
518.0	744.0
0.0	0.0
5546.0	9571.0
432.0	576.0
48.0	48.0
411.0	661.0
251.0	251.0
745.0	1037.0
11.0	19.0
150.0	150.0
120.0	215.0
229.0	243.0
485.0	518.0
467.0	741.0
550.0	1239.0
490.0	502.0
860.0	953.0
957.0	1573.0
253.0	678.0
218.0	218.0
176.0	176.0
484.0	709.0
48.0	48.0
905.0	1394.0
113.0	113.0
52.0	52.0
645.0	742.0
5824.0	16814.0
767.0	852.0
198.0	277.0
4441.0	6601.0
91.0	133.0
454.0	525.0
62.0	101.0
4450.0	5913.0
491.0	535.0
619.0	935.0
50.0	81.0
666.0	1320.0
443.0	698.0
389.0	389.0
106.0	171.0
12567.0	21637.0
46.0	46.0
488.0	548.0
492.0	522.0
145.0	271.0
1077.0	1593.0
135.0	169.0
637.0	1204.0
0.0	0.0
377.0	423.0
268.0	268.0
264.0	264.0
738.0	1031.0
565.0	639.0
444.0	448.0
265.0	269.0
590.0	1095.0
299.0	315.0
1783.0	1927.0
503.0	510.0
2105.0	2493.0
394.0	841.0
21.0	44.0
708.0	790.0
589.0	707.0
212.0	212.0
160.0	164.0
179.0	179.0
387.0	397.0
567.0	925.0
6647.0	11470.0
783.0	1151.0
2733.0	3256.0
444.0	774.0
1555.0	1994.0
45.0	45.0
212.0	259.0
44.0	44.0
470.0	508.0
1434.0	1747.0
1297.0	2317.0
516.0	775.0
115.0	118.0
1624.0	2441.0
164.0	164.0
419.0	566.0
176.0	214.0
183.0	183.0
381.0	531.0
1898.0	2533.0
6978.0	9616.0
108.0	110.0
59.0	252.0
8153.0	11488.0
392.0	643.0
448.0	484.0
607.0	990.0
767.0	1146.0
396.0	416.0
5294.0	6593.0
402.0	402.0
1370.0	1717.0
438.0	493.0
284.0	743.0
248.0	248.0
183.0	240.0
108.0	108.0
144.0	150.0
380.0	604.0
241.0	241.0
697.0	733.0
267.0	267.0
699.0	1055.0
165.0	377.0
766.0	869.0
600.0	664.0
746.0	1172.0
168.0	168.0
85.0	85.0
144.0	203.0
936.0	1022.0
472.0	1160.0
977.0	977.0
1142.0	1162.0
86.0	99.0
63.0	87.0
239.0	244.0
232.0	340.0
2074.0	2438.0
3226.0	4654.0
77.0	247.0
594.0	594.0
303.0	481.0
254.0	255.0
97.0	162.0
198.0	228.0
108.0	120.0
456.0	476.0
705.0	1205.0
163.0	172.0
245.0	277.0
301.0	531.0
21.0	21.0
108.0	108.0
661.0	679.0
308.0	413.0
19.0	19.0
30.0	30.0
663.0	700.0
620.0	1521.0
98.0	122.0
502.0	502.0
346.0	453.0
596.0	761.0
524.0	1030.0
421.0	588.0
5891.0	11385.0
169.0	343.0
1122.0	1122.0
454.0	462.0
187.0	459.0
575.0	661.0
49.0	49.0
2273.0	2340.0
0.0	0.0
16.0	16.0
235.0	235.0
64.0	64.0
181.0	181.0
457.0	1359.0
242.0	311.0
419.0	455.0
246.0	252.0
463.0	476.0
62.0	62.0
250.0	314.0
1167.0	1872.0
1210.0	1390.0
117.0	278.0
3693.0	4723.0
45.0	45.0
226.0	234.0
7767.0	14395.0
491.0	682.0
651.0	691.0
442.0	446.0
1789.0	2273.0
351.0	382.0
650.0	764.0
70.0	337.0
1299.0	1413.0
569.0	982.0
542.0	609.0
150.0	176.0
261.0	341.0
524.0	554.0
874.0	890.0
269.0	269.0
127.0	305.0
513.0	568.0
489.0	516.0
480.0	480.0
320.0	471.0
737.0	737.0
1088.0	1227.0
15722.0	30321.0
293.0	293.0
996.0	1803.0
217.0	219.0
3851.0	6613.0
266.0	494.0
599.0	731.0
151.0	196.0
586.0	586.0
225.0	232.0
180.0	205.0
313.0	382.0
185.0	321.0
458.0	573.0
8665.0	11912.0
333.0	433.0
250.0	250.0
5702.0	7576.0
588.0	588.0
1061.0	1630.0
210.0	431.0
85.0	109.0
737.0	1043.0
137.0	162.0
233.0	483.0
305.0	305.0
1887.0	2675.0
544.0	598.0
386.0	653.0
738.0	1417.0
912.0	1020.0
6625.0	9824.0
7244.0	10852.0
1027.0	1130.0
1608.0	1775.0
742.0	821.0
438.0	449.0
145.0	145.0
311.0	351.0
256.0	348.0
125.0	125.0
568.0	663.0
120.0	360.0
61.0	143.0
260.0	260.0
308.0	308.0
675.0	976.0
25.0	46.0
674.0	674.0
553.0	596.0
776.0	786.0
2330.0	2953.0
148.0	148.0
178.0	183.0
186.0	186.0
888.0	888.0
563.0	572.0
425.0	476.0
926.0	1086.0
227.0	327.0
91.0	91.0
106.0	153.0
954.0	980.0
214.0	389.0
144.0	144.0
358.0	358.0
792.0	1240.0
575.0	809.0
245.0	246.0
183.0	209.0
517.0	584.0
714.0	966.0
425.0	433.0
629.0	653.0
245.0	249.0
338.0	433.0
89.0	154.0
111.0	170.0
512.0	862.0
499.0	499.0
500.0	833.0
1083.0	1140.0
236.0	243.0
2557.0	3183.0
445.0	719.0
173.0	178.0
545.0	715.0
32.0	32.0
1112.0	1112.0
1241.0	2156.0
51.0	51.0
1061.0	1703.0
475.0	866.0
497.0	576.0
14.0	80.0
365.0	412.0
19.0	39.0
23.0	23.0
289.0	356.0
232.0	232.0
954.0	1038.0
5430.0	10874.0
266.0	297.0
114.0	164.0
594.0	1278.0
901.0	1153.0
630.0	697.0
854.0	1341.0
323.0	792.0
161.0	161.0
690.0	1332.0
18.0	18.0
5087.0	12118.0
31.0	31.0
4432.0	9481.0
22.0	22.0
844.0	949.0
1443.0	1508.0
53.0	53.0
1895.0	2156.0
292.0	292.0
327.0	327.0
5709.0	6946.0
233.0	769.0
2138.0	2819.0
0.0	25.0
1361.0	1983.0
843.0	906.0
87.0	87.0
79.0	79.0
191.0	419.0
630.0	1091.0
663.0	726.0
85.0	109.0
121.0	215.0
259.0	305.0
18.0	18.0
351.0	632.0
262.0	262.0
970.0	1023.0
594.0	822.0
7782.0	10302.0
912.0	912.0
162.0	164.0
77.0	158.0
284.0	294.0
629.0	678.0
411.0	707.0
466.0	466.0
206.0	262.0
7398.0	13276.0
202.0	202.0
219.0	318.0
156.0	176.0
1030.0	1123.0
9134.0	11686.0
95.0	151.0
670.0	732.0
740.0	954.0
588.0	633.0
223.0	296.0
286.0	286.0
274.0	292.0
182.0	197.0
724.0	1171.0
41.0	41.0
169.0	169.0
337.0	346.0
349.0	871.0
185.0	185.0
222.0	277.0
358.0	358.0
291.0	492.0
122.0	122.0
790.0	797.0
416.0	416.0
4203.0	6484.0
99.0	126.0
266.0	483.0
179.0	324.0
130.0	163.0
439.0	439.0
568.0	675.0
306.0	827.0
424.0	646.0
386.0	390.0
367.0	605.0
176.0	191.0
995.0	1581.0
542.0	1031.0
823.0	1539.0
346.0	368.0
1016.0	1391.0
353.0	380.0
447.0	675.0
107.0	498.0
459.0	723.0
26.0	94.0
185.0	185.0
266.0	311.0
1065.0	1926.0
485.0	567.0
159.0	225.0
778.0	778.0
382.0	794.0
156.0	173.0
1060.0	1060.0
33.0	33.0
379.0	813.0
683.0	690.0
382.0	524.0
253.0	307.0
369.0	372.0
857.0	857.0
117.0	178.0
1196.0	1258.0
245.0	267.0
983.0	1234.0
2138.0	2215.0
601.0	941.0
758.0	911.0
40.0	56.0
86.0	86.0
6938.0	11749.0
946.0	1669.0
821.0	909.0
400.0	416.0
0.0	0.0
306.0	478.0
260.0	286.0
302.0	344.0
447.0	540.0
274.0	274.0
97.0	129.0
406.0	897.0
213.0	213.0
182.0	197.0
663.0	694.0
1275.0	2281.0
77.0	77.0
303.0	303.0
3982.0	7013.0
322.0	334.0
102.0	123.0
2277.0	4009.0
148.0	148.0
141.0	426.0
359.0	416.0
713.0	799.0
559.0	994.0
777.0	1331.0
172.0	172.0
3977.0	5466.0
1148.0	1180.0
44.0	44.0
437.0	437.0
591.0	757.0
586.0	729.0
6447.0	11425.0
2673.0	3878.0
301.0	315.0
4843.0	5882.0
974.0	989.0
1925.0	2289.0
233.0	242.0
1165.0	1362.0
221.0	224.0
608.0	608.0
458.0	519.0
202.0	202.0
513.0	1075.0
344.0	487.0
0.0	0.0
429.0	642.0
3277.0	5768.0
294.0	432.0
448.0	807.0
439.0	612.0
718.0	1853.0
15.0	15.0
635.0	635.0
85.0	342.0
802.0	863.0
1027.0	2159.0
36.0	36.0
140.0	251.0
0.0	59.0
22.0	189.0
204.0	257.0
759.0	1583.0
6912.0	11771.0
1420.0	1420.0
159.0	166.0
1083.0	1294.0
370.0	563.0
437.0	1074.0
22.0	22.0
522.0	638.0
1079.0	1400.0
4349.0	7524.0
8411.0	10348.0
641.0	641.0
475.0	614.0
1420.0	1568.0
855.0	1135.0
806.0	813.0
1020.0	1319.0
756.0	802.0
206.0	231.0
208.0	223.0
2863.0	3970.0
451.0	1101.0
252.0	370.0
558.0	1228.0
91.0	91.0
11.0	18.0
1076.0	1624.0
909.0	997.0
480.0	840.0
241.0	480.0
31.0	31.0
527.0	685.0
2064.0	2870.0
9843.0	26159.0
0.0	0.0
59.0	59.0
52.0	52.0
1067.0	1311.0
1498.0	1590.0
688.0	886.0
195.0	195.0
87.0	132.0
152.0	152.0
245.0	245.0
4859.0	8839.0
287.0	291.0
8089.0	10949.0
199.0	199.0
207.0	244.0
4703.0	6764.0
521.0	538.0
516.0	541.0
100.0	100.0
1060.0	2166.0
584.0	595.0
223.0	411.0
439.0	539.0
119.0	493.0
216.0	287.0
0.0	0.0
1276.0	1359.0
131.0	131.0
323.0	546.0
804.0	988.0
614.0	662.0
1084.0	1585.0
2308.0	2715.0
210.0	328.0
1118.0	2274.0
138.0	317.0
1384.0	1601.0
815.0	1192.0
115.0	125.0
4149.0	8807.0
242.0	242.0
350.0	460.0
1730.0	2057.0
199.0	328.0
889.0	919.0
512.0	558.0
320.0	390.0
718.0	922.0
140.0	210.0
2058.0	2686.0
6863.0	12099.0
491.0	622.0
856.0	856.0
126.0	126.0
223.0	339.0
330.0	391.0
1080.0	1535.0
164.0	415.0
115.0	115.0
591.0	718.0
380.0	612.0
197.0	252.0
165.0	165.0
2816.0	3202.0
767.0	810.0
168.0	168.0
280.0	485.0
221.0	245.0
58.0	76.0
193.0	243.0
855.0	950.0
737.0	860.0
3528.0	4210.0
5715.0	9143.0
139.0	139.0
684.0	839.0
1784.0	2316.0
360.0	803.0
278.0	295.0
353.0	384.0
1542.0	2917.0
546.0	1157.0
705.0	789.0
252.0	270.0
485.0	514.0
262.0	269.0
65.0	65.0
955.0	955.0
2023.0	2939.0
665.0	1099.0
431.0	544.0
45.0	45.0
9534.0	16443.0
1491.0	1571.0
147.0	223.0
641.0	917.0
210.0	247.0
134.0	134.0
311.0	311.0
621.0	717.0
110.0	113.0
195.0	428.0
122.0	149.0
95.0	95.0
195.0	195.0
122.0	122.0
218.0	257.0
610.0	630.0
222.0	263.0
95.0	124.0
3946.0	6095.0
311.0	331.0
0.0	0.0
101.0	168.0
27.0	27.0
396.0	439.0
292.0	372.0
465.0	598.0
10221.0	16937.0
1028.0	1046.0
2551.0	3182.0
88.0	125.0
593.0	985.0
659.0	973.0
178.0	323.0
405.0	511.0
358.0	414.0
416.0	449.0
285.0	300.0
65.0	65.0
642.0	836.0
281.0	322.0
187.0	345.0
65.0	113.0
234.0	354.0
96.0	137.0
40.0	40.0
2248.0	2547.0
1857.0	3195.0
720.0	730.0
934.0	1101.0
85.0	85.0
461.0	779.0
197.0	197.0
175.0	175.0
4954.0	11242.0
339.0	380.0
434.0	524.0
655.0	734.0
853.0	853.0
13032.0	17838.0
310.0	310.0
642.0	1291.0
3724.0	7671.0
270.0	271.0
2353.0	4675.0
4169.0	9108.0
200.0	258.0
508.0	948.0
168.0	245.0
1399.0	2284.0
192.0	211.0
2926.0	4766.0
453.0	496.0
271.0	377.0
306.0	345.0
440.0	572.0
1291.0	1329.0
1612.0	1760.0
206.0	206.0
282.0	607.0
755.0	1489.0
397.0	491.0
451.0	746.0
880.0	3114.0
9801.0	17336.0
339.0	343.0
889.0	1127.0
671.0	714.0
729.0	1371.0
475.0	522.0
551.0	907.0
394.0	442.0
467.0	732.0
554.0	558.0
153.0	153.0
220.0	257.0
1216.0	1367.0
905.0	1244.0
951.0	1004.0
4795.0	7444.0
4184.0	5545.0
411.0	411.0
933.0	1813.0
2365.0	4598.0
1019.0	1373.0
215.0	218.0
179.0	187.0
250.0	250.0
1585.0	3007.0
868.0	921.0
773.0	815.0
1452.0	3054.0
2489.0	3118.0
271.0	306.0
111.0	306.0
7167.0	14518.0
37.0	37.0
1003.0	1998.0
690.0	886.0
311.0	792.0
468.0	468.0
216.0	267.0
230.0	230.0
404.0	553.0
749.0	1289.0
3959.0	7868.0
171.0	280.0
71.0	139.0
8300.0	11547.0
178.0	227.0
736.0	768.0
1563.0	2087.0
141.0	141.0
524.0	664.0
528.0	783.0
655.0	676.0
277.0	407.0
324.0	401.0
833.0	1039.0
680.0	680.0
571.0	571.0
1095.0	1343.0
1128.0	1451.0
1375.0	2369.0
226.0	226.0
222.0	393.0
3697.0	6579.0
3334.0	5389.0
106.0	226.0
681.0	711.0
5516.0	10099.0
12163.0	25934.0
22.0	22.0
415.0	434.0
470.0	472.0
588.0	677.0
737.0	883.0
109.0	134.0
1633.0	1701.0
934.0	941.0
819.0	935.0
547.0	547.0
86.0	87.0
8453.0	22083.0
249.0	516.0
6349.0	9699.0
4547.0	9415.0
801.0	1539.0
43.0	43.0
0.0	40.0
182.0	229.0
817.0	1647.0
228.0	415.0
65.0	179.0
371.0	453.0
36.0	36.0
613.0	641.0
2796.0	3955.0
77.0	225.0
97.0	97.0
545.0	1038.0
298.0	896.0
9612.0	12532.0
807.0	894.0
533.0	906.0
0.0	0.0
140.0	226.0
157.0	260.0
397.0	564.0
176.0	461.0
373.0	462.0
902.0	1111.0
121.0	121.0
213.0	213.0
199.0	220.0
248.0	461.0
163.0	175.0
64.0	64.0
17.0	17.0
178.0	195.0
200.0	200.0
334.0	405.0
234.0	265.0
178.0	187.0
549.0	634.0
175.0	203.0
0.0	0.0
436.0	500.0
661.0	823.0
755.0	977.0
175.0	175.0
6862.0	16634.0
70.0	83.0
121.0	129.0
366.0	735.0
1755.0	2795.0
956.0	1337.0
69.0	69.0
8305.0	9978.0
48.0	48.0
180.0	180.0
1419.0	2251.0
117.0	117.0
450.0	857.0
390.0	542.0
174.0	204.0
284.0	385.0
84.0	84.0
1733.0	1819.0
3802.0	8259.0
774.0	876.0
237.0	237.0
216.0	217.0
388.0	425.0
1422.0	1920.0
528.0	855.0
8784.0	25067.0
241.0	371.0
813.0	837.0
553.0	613.0
1259.0	2601.0
772.0	869.0
134.0	160.0
14354.0	25387.0
424.0	437.0
135.0	166.0
344.0	620.0
143.0	143.0
189.0	189.0
165.0	176.0
449.0	604.0
542.0	573.0
359.0	451.0
246.0	246.0
709.0	709.0
123.0	136.0
696.0	746.0
2516.0	3574.0
99.0	99.0
857.0	1217.0
43.0	43.0
627.0	1137.0
81.0	81.0
77.0	163.0
218.0	231.0
856.0	917.0
176.0	176.0
375.0	383.0
283.0	283.0
2753.0	5390.0
62.0	62.0
275.0	275.0
542.0	709.0
123.0	123.0
221.0	221.0
3082.0	5179.0
504.0	536.0
26.0	26.0
871.0	1188.0
713.0	789.0
485.0	814.0
186.0	186.0
309.0	718.0
3363.0	5385.0
138.0	307.0
163.0	163.0
0.0	0.0
53.0	53.0
1066.0	1893.0
0.0	0.0
869.0	906.0
972.0	1256.0
61.0	61.0
0.0	0.0
201.0	313.0
438.0	699.0
108.0	441.0
0.0	0.0
72.0	98.0
5545.0	8368.0
509.0	606.0
1986.0	2226.0
264.0	272.0
238.0	405.0
115.0	115.0
326.0	616.0
406.0	519.0
182.0	182.0
605.0	794.0
400.0	526.0
193.0	456.0
229.0	274.0
594.0	626.0
324.0	337.0
245.0	270.0
313.0	346.0
43.0	65.0
217.0	354.0
544.0	1950.0
574.0	860.0
410.0	410.0
729.0	729.0
613.0	966.0
145.0	223.0
2140.0	2168.0
1233.0	1438.0
934.0	1511.0
485.0	966.0
114.0	114.0
1411.0	2287.0
166.0	166.0
701.0	908.0
3466.0	6065.0
225.0	225.0
1457.0	2162.0
2520.0	3489.0
378.0	378.0
639.0	725.0
412.0	749.0
346.0	376.0
89.0	146.0
36.0	36.0
7810.0	12460.0
211.0	227.0
302.0	302.0
907.0	1198.0
176.0	176.0
300.0	304.0
31.0	31.0
52.0	68.0
318.0	318.0
833.0	1056.0
194.0	253.0
375.0	375.0
229.0	229.0
210.0	554.0
17.0	78.0
23.0	23.0
771.0	935.0
286.0	312.0
393.0	845.0
3462.0	5322.0
123.0	123.0
158.0	158.0
776.0	975.0
3793.0	6356.0
27.0	32.0
2733.0	3118.0
77.0	156.0
50.0	50.0
194.0	194.0
147.0	154.0
592.0	710.0
78.0	78.0
57.0	99.0
83.0	133.0
51.0	120.0
65.0	65.0
1558.0	1804.0
90.0	90.0
518.0	623.0
664.0	728.0
287.0	287.0
105.0	105.0
324.0	648.0
1787.0	2021.0
185.0	185.0
1474.0	2745.0
896.0	1347.0
96.0	202.0
748.0	1277.0
441.0	711.0
1203.0	1431.0
106.0	122.0
242.0	400.0
178.0	178.0
470.0	704.0
223.0	326.0
2450.0	2678.0
231.0	231.0
6690.0	10228.0
795.0	1521.0
442.0	806.0
161.0	237.0
105.0	105.0
271.0	289.0
258.0	309.0
49.0	49.0
578.0	578.0
896.0	1199.0
246.0	848.0
478.0	478.0
417.0	444.0
365.0	425.0
261.0	261.0
468.0	468.0
352.0	513.0
132.0	132.0
1450.0	2213.0
1315.0	1701.0
492.0	492.0
1022.0	1849.0
542.0	1228.0
596.0	601.0
278.0	301.0
431.0	580.0
16.0	16.0
176.0	250.0
462.0	842.0
17.0	17.0
910.0	1757.0
660.0	671.0
1650.0	3653.0
299.0	324.0
691.0	706.0
395.0	542.0
646.0	1452.0
147.0	162.0
59.0	59.0
315.0	315.0
305.0	383.0
785.0	1110.0
173.0	187.0
104.0	108.0
81.0	81.0
908.0	932.0
281.0	308.0
2261.0	3905.0
1458.0	2255.0
894.0	1045.0
5719.0	9944.0
716.0	776.0
2700.0	5196.0
1089.0	2217.0
8909.0	18023.0
213.0	236.0
5807.0	10236.0
7453.0	10999.0
876.0	1181.0
0.0	927.0
184.0	184.0
1110.0	1551.0
278.0	288.0
172.0	209.0
239.0	371.0
388.0	659.0
250.0	540.0
6260.0	8826.0
115.0	115.0
660.0	917.0
407.0	487.0
20.0	35.0
597.0	597.0
386.0	614.0
85.0	112.0
616.0	625.0
0.0	0.0
842.0	1399.0
373.0	373.0
69.0	79.0
437.0	603.0
79.0	169.0
125.0	222.0
389.0	604.0
1227.0	1507.0
474.0	501.0
0.0	0.0
331.0	331.0
345.0	445.0
461.0	673.0
220.0	250.0
514.0	819.0
980.0	1400.0
1463.0	1463.0
348.0	449.0
342.0	342.0
354.0	575.0
142.0	210.0
501.0	1057.0
657.0	1498.0
378.0	801.0
115.0	133.0
613.0	642.0
1081.0	2451.0
21.0	21.0
332.0	332.0
176.0	176.0
41.0	47.0
271.0	467.0
279.0	279.0
393.0	435.0
245.0	292.0
406.0	1037.0
496.0	530.0
77.0	108.0
1226.0	1455.0
487.0	503.0
353.0	432.0
310.0	323.0
648.0	728.0
137.0	393.0
0.0	0.0
85.0	85.0
2885.0	3037.0
729.0	800.0
1012.0	1045.0
530.0	689.0
30.0	188.0
442.0	813.0
4852.0	6729.0
493.0	534.0
373.0	748.0
71.0	82.0
179.0	179.0
1199.0	1407.0
176.0	189.0
477.0	514.0
452.0	718.0
307.0	390.0
260.0	260.0
0.0	0.0
354.0	373.0
463.0	810.0
57.0	57.0
543.0	621.0
1037.0	1240.0
35.0	47.0
661.0	711.0
1029.0	1733.0
570.0	570.0
692.0	913.0
352.0	352.0
516.0	852.0
120.0	124.0
661.0	1355.0
963.0	1147.0
467.0	652.0
447.0	707.0
113.0	147.0
200.0	200.0
991.0	1357.0
287.0	300.0
203.0	261.0
3682.0	5478.0
170.0	192.0
375.0	495.0
287.0	311.0
850.0	1101.0
403.0	405.0
650.0	759.0
118.0	143.0
2416.0	2796.0
561.0	576.0
324.0	339.0
362.0	579.0
205.0	205.0
662.0	688.0
56.0	56.0
940.0	2132.0
505.0	897.0
376.0	629.0
462.0	472.0
3463.0	5007.0
243.0	295.0
200.0	260.0
2835.0	3443.0
2070.0	4913.0
4193.0	7482.0
464.0	587.0
644.0	1042.0
690.0	1312.0
295.0	327.0
474.0	572.0
310.0	732.0
186.0	186.0
129.0	129.0
1682.0	2294.0
915.0	979.0
317.0	326.0
59.0	59.0
1075.0	1111.0
1834.0	5959.0
310.0	367.0
890.0	890.0
41.0	41.0
247.0	288.0
