188.0	1272.0
232.0	583.0
294.0	1272.0
94.0	1170.0
712.0	1544.0
195.0	1483.0
392.0	1080.0
76.0	119.0
1829.0	6864.0
393.0	1111.0
32.0	372.0
1276.0	4481.0
276.0	841.0
447.0	2595.0
1238.0	3651.0
26.0	253.0
239.0	677.0
859.0	2838.0
107.0	931.0
132.0	684.0
104.0	222.0
346.0	2676.0
244.0	1491.0
130.0	514.0
76.0	657.0
227.0	1969.0
826.0	4924.0
1188.0	4182.0
705.0	1998.0
1476.0	2144.0
651.0	1430.0
0.0	0.0
307.0	1661.0
132.0	524.0
96.0	285.0
69.0	543.0
65.0	415.0
70.0	391.0
245.0	626.0
180.0	2092.0
168.0	932.0
1363.0	1988.0
442.0	732.0
264.0	1436.0
2048.0	5910.0
317.0	1712.0
16.0	77.0
364.0	1258.0
5409.0	18819.0
633.0	1958.0
203.0	2738.0
1437.0	2389.0
61.0	787.0
99.0	1398.0
130.0	613.0
237.0	2156.0
585.0	2564.0
301.0	2168.0
249.0	1631.0
291.0	920.0
251.0	1008.0
423.0	597.0
129.0	968.0
2845.0	4160.0
0.0	17.0
15.0	867.0
118.0	1473.0
1005.0	2208.0
40.0	353.0
2037.0	2882.0
212.0	491.0
176.0	402.0
515.0	905.0
442.0	1585.0
229.0	678.0
51.0	204.0
185.0	738.0
189.0	1481.0
318.0	1215.0
0.0	150.0
201.0	1320.0
181.0	725.0
239.0	3817.0
86.0	118.0
1701.0	5246.0
496.0	926.0
94.0	481.0
1031.0	2933.0
68.0	150.0
554.0	3930.0
490.0	1430.0
128.0	506.0
0.0	396.0
188.0	1070.0
3969.0	7986.0
400.0	1173.0
152.0	970.0
326.0	1346.0
22472.0	54259.0
57.0	482.0
95.0	402.0
448.0	1774.0
1651.0	4677.0
521.0	1269.0
346.0	2565.0
673.0	1586.0
214.0	2837.0
596.0	1281.0
49.0	819.0
22.0	260.0
735.0	2176.0
462.0	1070.0
276.0	1494.0
532.0	4376.0
834.0	2155.0
324.0	683.0
415.0	1904.0
672.0	2066.0
1731.0	2614.0
254.0	1118.0
155.0	680.0
110.0	525.0
275.0	2803.0
489.0	1714.0
130.0	149.0
409.0	914.0
174.0	1220.0
552.0	822.0
282.0	3153.0
64.0	2217.0
343.0	1996.0
0.0	0.0
306.0	1102.0
6951.0	21539.0
298.0	2059.0
363.0	1684.0
16.0	785.0
932.0	2388.0
61.0	233.0
218.0	1491.0
285.0	688.0
41.0	338.0
614.0	2382.0
354.0	1756.0
323.0	2343.0
351.0	1033.0
607.0	2117.0
245.0	1379.0
103.0	1450.0
911.0	1559.0
364.0	877.0
286.0	2491.0
303.0	1404.0
800.0	3877.0
280.0	2607.0
0.0	0.0
160.0	2111.0
75.0	1800.0
401.0	2875.0
249.0	942.0
362.0	841.0
134.0	876.0
15.0	170.0
0.0	0.0
105.0	1983.0
264.0	4035.0
54.0	2097.0
251.0	647.0
2646.0	4126.0
469.0	4726.0
293.0	883.0
0.0	0.0
350.0	1783.0
176.0	799.0
502.0	4233.0
255.0	1179.0
139.0	1552.0
234.0	612.0
71.0	219.0
412.0	1323.0
168.0	627.0
469.0	1198.0
141.0	1319.0
376.0	853.0
146.0	607.0
269.0	1480.0
1832.0	5575.0
263.0	2464.0
110.0	3237.0
1.0	266.0
211.0	1453.0
439.0	2430.0
237.0	2787.0
307.0	2327.0
11836.0	45062.0
248.0	754.0
301.0	1094.0
3024.0	5648.0
239.0	1224.0
415.0	2648.0
1817.0	3695.0
134.0	810.0
277.0	742.0
114.0	800.0
2151.0	8197.0
923.0	2319.0
24922.0	85844.0
821.0	2322.0
729.0	2152.0
122.0	173.0
924.0	4199.0
362.0	468.0
579.0	2925.0
151.0	758.0
706.0	1330.0
964.0	1652.0
655.0	2118.0
2398.0	5541.0
157.0	1980.0
819.0	3150.0
186.0	377.0
309.0	1056.0
362.0	2014.0
0.0	0.0
634.0	2755.0
26.0	798.0
428.0	1048.0
222.0	887.0
295.0	891.0
258.0	1245.0
0.0	566.0
1009.0	3603.0
15.0	446.0
132.0	586.0
110.0	787.0
0.0	2017.0
608.0	5806.0
2674.0	4759.0
235.0	1238.0
0.0	46.0
24.0	607.0
285.0	961.0
232.0	931.0
362.0	986.0
205.0	452.0
186.0	1041.0
229.0	1239.0
996.0	8135.0
102.0	619.0
338.0	715.0
224.0	904.0
189.0	1356.0
2205.0	5695.0
2256.0	7128.0
226.0	972.0
0.0	0.0
234.0	613.0
823.0	6296.0
0.0	0.0
729.0	5054.0
84.0	450.0
0.0	100.0
157.0	3055.0
235.0	2100.0
320.0	1118.0
35.0	379.0
50374.0	128035.0
1050.0	2308.0
248.0	1593.0
637.0	3067.0
86.0	444.0
196.0	1386.0
310.0	1517.0
314.0	2935.0
293.0	1432.0
2939.0	7317.0
942.0	2217.0
625.0	1211.0
1064.0	3731.0
294.0	1272.0
0.0	0.0
198.0	1763.0
417.0	1014.0
2214.0	3811.0
294.0	2136.0
208.0	1821.0
145.0	2975.0
133.0	448.0
0.0	0.0
409.0	1619.0
569.0	2173.0
205.0	997.0
225.0	719.0
89.0	473.0
67.0	1479.0
330.0	1961.0
476.0	1352.0
279.0	1059.0
306.0	2515.0
52.0	526.0
1029.0	2003.0
248.0	1358.0
138.0	301.0
1501.0	2623.0
327.0	1605.0
712.0	1388.0
215.0	1677.0
167.0	2461.0
623.0	1216.0
167.0	972.0
391.0	769.0
371.0	2816.0
419.0	1848.0
487.0	1949.0
0.0	31.0
1021.0	4350.0
278.0	2713.0
296.0	1405.0
290.0	1155.0
75.0	143.0
125.0	561.0
1307.0	3129.0
379.0	3172.0
0.0	140.0
246.0	1494.0
275.0	898.0
180.0	751.0
136.0	307.0
1451.0	7575.0
1460.0	4759.0
166.0	1038.0
369.0	688.0
235.0	257.0
263.0	771.0
2224.0	5246.0
2128.0	3145.0
120.0	1724.0
119.0	931.0
911.0	1703.0
111.0	1558.0
2662.0	7314.0
10026.0	33469.0
506.0	1830.0
387.0	1313.0
0.0	0.0
584.0	1701.0
376.0	1223.0
239.0	915.0
118.0	286.0
184.0	565.0
214.0	2448.0
112.0	1482.0
402.0	1697.0
65.0	458.0
98.0	429.0
140.0	690.0
0.0	377.0
342.0	620.0
321.0	1090.0
1171.0	5777.0
315.0	1209.0
434.0	3202.0
552.0	1788.0
901.0	2812.0
1559.0	7134.0
906.0	4408.0
161.0	438.0
26735.0	130347.0
635.0	2662.0
2096.0	3187.0
15592.0	40999.0
446.0	1947.0
32.0	270.0
31.0	212.0
241.0	1074.0
259.0	2185.0
239.0	1453.0
99.0	644.0
63.0	753.0
60.0	422.0
561.0	1343.0
185.0	1285.0
177.0	1176.0
600.0	1670.0
128.0	700.0
444.0	2625.0
2877.0	6581.0
120.0	454.0
1022.0	2476.0
1818.0	5463.0
315.0	1317.0
47.0	254.0
1102.0	2324.0
219.0	1981.0
641.0	1155.0
208.0	389.0
290.0	1152.0
611.0	1237.0
151.0	301.0
0.0	0.0
605.0	1948.0
480.0	2087.0
336.0	1461.0
151.0	2035.0
331.0	677.0
395.0	2234.0
212.0	638.0
110.0	348.0
139.0	1550.0
17.0	95.0
68.0	158.0
283.0	1763.0
213.0	490.0
572.0	1510.0
285.0	2331.0
158.0	453.0
276.0	1070.0
1124.0	3282.0
150.0	1433.0
638.0	5000.0
396.0	786.0
17507.0	72908.0
261.0	726.0
165.0	330.0
606.0	2694.0
1952.0	4435.0
2908.0	5423.0
444.0	1918.0
204.0	405.0
455.0	936.0
304.0	1242.0
516.0	5629.0
163.0	1469.0
260.0	1841.0
442.0	2813.0
2294.0	6872.0
358.0	3384.0
458.0	861.0
92.0	306.0
554.0	2016.0
135.0	574.0
797.0	2372.0
215.0	1798.0
2125.0	3350.0
96.0	863.0
1483.0	2134.0
82.0	320.0
618.0	1519.0
339.0	1318.0
385.0	1911.0
1.0	178.0
69.0	1177.0
0.0	0.0
745.0	1128.0
429.0	1779.0
3.0	354.0
143.0	1011.0
274.0	1282.0
1990.0	4802.0
0.0	0.0
7.0	84.0
557.0	4367.0
94.0	1125.0
87.0	422.0
90.0	3083.0
1595.0	2915.0
13.0	23.0
443.0	1204.0
98.0	308.0
726.0	2110.0
1095.0	3386.0
1663.0	3288.0
483.0	2846.0
1767.0	2739.0
445.0	1689.0
225.0	2179.0
771.0	4322.0
531.0	2437.0
852.0	3216.0
475.0	2002.0
23.0	437.0
18355.0	54989.0
29.0	815.0
557.0	1305.0
294.0	955.0
620.0	2194.0
886.0	2864.0
44.0	676.0
201.0	2997.0
125.0	1551.0
613.0	2730.0
239.0	1248.0
182.0	1548.0
54.0	321.0
880.0	2838.0
427.0	3032.0
426.0	3124.0
3625.0	7586.0
2300.0	4613.0
170.0	1409.0
162.0	705.0
1460.0	4038.0
158.0	746.0
0.0	0.0
0.0	28.0
1380.0	3531.0
22.0	235.0
314.0	946.0
245.0	1942.0
361.0	1317.0
659.0	3328.0
218.0	1609.0
136.0	686.0
1662.0	6278.0
1336.0	4156.0
880.0	2208.0
271.0	1383.0
247.0	654.0
5.0	850.0
20157.0	80630.0
753.0	2060.0
179.0	733.0
293.0	5128.0
333.0	724.0
270.0	1108.0
128.0	1469.0
141.0	1055.0
1908.0	7038.0
186.0	842.0
180.0	907.0
164.0	1305.0
843.0	3231.0
81.0	695.0
255.0	4382.0
1200.0	3034.0
181.0	1514.0
65.0	1266.0
116.0	267.0
454.0	2560.0
32.0	181.0
225.0	1096.0
661.0	2807.0
26.0	38.0
372.0	4567.0
623.0	1576.0
99.0	2760.0
213.0	882.0
301.0	1664.0
0.0	0.0
2771.0	15712.0
102.0	300.0
974.0	3566.0
439.0	1578.0
382.0	2917.0
144.0	989.0
428.0	2566.0
822.0	2272.0
223.0	2600.0
217.0	2464.0
810.0	1737.0
50.0	898.0
510.0	7249.0
49.0	208.0
14027.0	55486.0
292.0	1427.0
25.0	361.0
183.0	575.0
590.0	1841.0
184.0	551.0
379.0	764.0
0.0	72.0
697.0	1794.0
256.0	993.0
143.0	1262.0
273.0	2135.0
311.0	1642.0
603.0	1667.0
193.0	1104.0
8897.0	24789.0
349.0	500.0
441.0	1545.0
83.0	268.0
503.0	3137.0
173.0	2173.0
129.0	248.0
251.0	796.0
237.0	830.0
316.0	705.0
0.0	37.0
445.0	1207.0
11.0	356.0
825.0	5374.0
325.0	628.0
310.0	777.0
704.0	1801.0
442.0	2060.0
1216.0	2189.0
637.0	2065.0
187.0	920.0
465.0	1788.0
204.0	567.0
109.0	483.0
330.0	1844.0
3116.0	5195.0
642.0	3609.0
66.0	583.0
330.0	2085.0
301.0	1626.0
1516.0	2378.0
330.0	1923.0
0.0	0.0
68.0	400.0
86.0	1167.0
108.0	526.0
44.0	2992.0
456.0	3565.0
538.0	1429.0
366.0	1321.0
244.0	604.0
217.0	1607.0
578.0	1995.0
105.0	661.0
480.0	2557.0
1961.0	2371.0
393.0	1896.0
365.0	1537.0
219.0	1396.0
41867.0	109630.0
372.0	1647.0
1016.0	2985.0
347.0	3161.0
330.0	1721.0
308.0	1401.0
266.0	1856.0
60.0	1020.0
216.0	2099.0
419.0	2172.0
674.0	4658.0
70.0	3262.0
1276.0	1693.0
212.0	1275.0
0.0	0.0
462.0	2611.0
1822.0	2339.0
1864.0	4258.0
640.0	1381.0
90.0	302.0
2281.0	6450.0
1011.0	2459.0
554.0	2427.0
1797.0	2740.0
349.0	1991.0
113.0	891.0
338.0	1533.0
190.0	384.0
0.0	0.0
237.0	1960.0
112.0	598.0
497.0	1764.0
216.0	880.0
848.0	2534.0
493.0	2836.0
299.0	455.0
124.0	825.0
412.0	836.0
162.0	197.0
120.0	1013.0
947.0	3228.0
620.0	2247.0
242.0	1146.0
