0.0	626.0
0.0	440.0
0.0	1645.0
0.0	1920.0
0.0	155.0
0.0	99.0
8.0	6751.0
0.0	1099.0
0.0	4778.0
0.0	257.0
0.0	2009.0
0.0	3165.0
0.0	2144.0
0.0	1646.0
105.0	7681.0
0.0	164.0
17.0	1956.0
0.0	423.0
20.0	102.0
0.0	491.0
0.0	1374.0
0.0	1956.0
0.0	959.0
0.0	834.0
0.0	15.0
0.0	1119.0
8.0	470.0
0.0	361.0
0.0	3529.0
0.0	4076.0
28.0	1229.0
0.0	1508.0
135.0	2399.0
0.0	885.0
119.0	3294.0
0.0	1134.0
0.0	1274.0
0.0	427.0
0.0	477.0
0.0	491.0
0.0	2063.0
0.0	901.0
15.0	4869.0
0.0	284.0
0.0	2218.0
0.0	1211.0
0.0	2182.0
0.0	1263.0
0.0	754.0
16.0	4267.0
0.0	3831.0
0.0	1297.0
30.0	1246.0
36.0	515.0
63.0	1871.0
6.0	11023.0
0.0	2823.0
0.0	1278.0
0.0	4195.0
0.0	87.0
14.0	3858.0
0.0	18.0
0.0	2178.0
29.0	1480.0
0.0	391.0
14.0	1178.0
0.0	848.0
0.0	269.0
0.0	1340.0
0.0	501.0
0.0	340.0
0.0	257.0
21.0	931.0
0.0	961.0
0.0	192.0
0.0	1252.0
0.0	2067.0
24.0	1288.0
0.0	1931.0
0.0	1987.0
0.0	322.0
0.0	139.0
159.0	7155.0
0.0	6876.0
0.0	8188.0
0.0	1892.0
17.0	308.0
0.0	812.0
0.0	1856.0
59.0	846.0
0.0	86.0
0.0	1770.0
0.0	2903.0
0.0	143.0
0.0	801.0
0.0	617.0
0.0	3886.0
493.0	2091.0
0.0	83.0
5.0	1411.0
0.0	2338.0
0.0	5038.0
13.0	1841.0
0.0	394.0
12.0	1200.0
14.0	835.0
0.0	2217.0
0.0	639.0
0.0	254.0
0.0	842.0
34.0	909.0
0.0	1148.0
0.0	324.0
0.0	2243.0
0.0	619.0
15.0	3162.0
0.0	181.0
0.0	3685.0
0.0	1058.0
107.0	4480.0
0.0	716.0
0.0	465.0
0.0	2292.0
0.0	1350.0
0.0	1390.0
0.0	2396.0
0.0	77.0
10.0	674.0
0.0	831.0
28.0	653.0
0.0	538.0
0.0	5139.0
0.0	534.0
83.0	2067.0
34.0	6497.0
0.0	2687.0
23.0	1439.0
86.0	10561.0
105.0	1092.0
0.0	4796.0
0.0	278.0
0.0	261.0
0.0	36.0
0.0	353.0
196.0	856.0
0.0	2304.0
0.0	533.0
0.0	1091.0
10.0	1260.0
100.0	1526.0
0.0	3296.0
0.0	927.0
0.0	60.0
77.0	3662.0
0.0	6716.0
0.0	153.0
0.0	611.0
10.0	139.0
0.0	1316.0
71.0	3647.0
0.0	1330.0
0.0	636.0
7.0	1648.0
0.0	1029.0
16.0	2631.0
17.0	1964.0
0.0	678.0
0.0	1659.0
0.0	2500.0
0.0	6614.0
0.0	228.0
0.0	1432.0
5.0	61.0
19.0	2916.0
0.0	480.0
0.0	141.0
0.0	2523.0
0.0	1531.0
0.0	1471.0
0.0	1656.0
0.0	1251.0
0.0	2113.0
0.0	2157.0
31.0	573.0
0.0	90.0
0.0	60.0
0.0	344.0
0.0	2914.0
0.0	225.0
0.0	2042.0
0.0	3142.0
0.0	466.0
17.0	2727.0
0.0	1847.0
0.0	4893.0
50.0	598.0
0.0	1054.0
31.0	963.0
27.0	1161.0
0.0	431.0
0.0	295.0
19.0	638.0
0.0	753.0
18.0	1090.0
20.0	2928.0
0.0	3151.0
0.0	1139.0
0.0	3401.0
0.0	1187.0
0.0	411.0
0.0	9788.0
0.0	1852.0
64.0	1120.0
0.0	111.0
79.0	2572.0
85.0	39826.0
0.0	0.0
0.0	1240.0
0.0	295.0
14.0	1091.0
0.0	3218.0
0.0	1612.0
0.0	828.0
9.0	999.0
34.0	1060.0
14.0	11477.0
7.0	2696.0
0.0	402.0
0.0	5870.0
62.0	664.0
19.0	553.0
20.0	1719.0
146.0	1321.0
18.0	6745.0
0.0	330.0
0.0	1643.0
0.0	1446.0
0.0	1276.0
0.0	1359.0
33.0	5367.0
0.0	849.0
0.0	454.0
17.0	874.0
0.0	3040.0
0.0	968.0
0.0	213.0
0.0	273.0
0.0	678.0
0.0	1201.0
0.0	763.0
128.0	1744.0
0.0	293.0
24.0	1911.0
0.0	2014.0
89.0	1475.0
0.0	222.0
34.0	2783.0
0.0	644.0
0.0	1066.0
0.0	376.0
51.0	668.0
0.0	334.0
0.0	897.0
0.0	185.0
10.0	1674.0
0.0	174.0
0.0	46.0
0.0	3204.0
0.0	347.0
9.0	1301.0
0.0	907.0
0.0	544.0
0.0	0.0
0.0	0.0
113.0	1128.0
26.0	3513.0
0.0	1907.0
0.0	15.0
14.0	5286.0
10.0	470.0
24.0	1233.0
0.0	101.0
0.0	1804.0
38.0	71.0
0.0	146.0
32.0	1485.0
0.0	267.0
9.0	1699.0
161.0	1706.0
0.0	1175.0
0.0	409.0
0.0	2229.0
0.0	1860.0
0.0	688.0
0.0	2144.0
182.0	12309.0
0.0	200.0
12.0	1530.0
0.0	804.0
0.0	1205.0
0.0	3633.0
0.0	1430.0
0.0	425.0
0.0	332.0
17.0	6497.0
19.0	3570.0
0.0	6859.0
0.0	943.0
0.0	2805.0
0.0	1947.0
0.0	92.0
0.0	1271.0
59.0	11398.0
0.0	0.0
61.0	119.0
0.0	526.0
0.0	2181.0
0.0	3125.0
0.0	1210.0
18.0	2087.0
0.0	216.0
7.0	2147.0
0.0	2285.0
0.0	629.0
0.0	1581.0
0.0	366.0
0.0	1740.0
0.0	751.0
0.0	637.0
0.0	1110.0
15.0	5197.0
0.0	2077.0
0.0	775.0
0.0	493.0
0.0	539.0
0.0	461.0
0.0	175.0
27.0	3653.0
132.0	1571.0
0.0	744.0
0.0	505.0
0.0	684.0
0.0	1039.0
0.0	8579.0
170.0	2148.0
0.0	180.0
0.0	239.0
0.0	321.0
0.0	1225.0
9.0	2013.0
151.0	10635.0
0.0	2066.0
0.0	530.0
0.0	1183.0
0.0	483.0
0.0	677.0
0.0	725.0
0.0	1516.0
17.0	1573.0
0.0	971.0
11.0	3662.0
0.0	1031.0
7.0	953.0
12.0	1550.0
0.0	1687.0
0.0	1125.0
18.0	563.0
0.0	861.0
0.0	1804.0
254.0	893.0
20.0	1185.0
19.0	890.0
0.0	716.0
0.0	259.0
0.0	9405.0
0.0	799.0
32.0	840.0
0.0	1799.0
0.0	1126.0
18.0	9099.0
11.0	3205.0
0.0	406.0
11.0	2468.0
43.0	11220.0
5.0	4415.0
0.0	1058.0
37.0	6282.0
122.0	1684.0
0.0	546.0
0.0	44.0
0.0	2186.0
0.0	2364.0
0.0	384.0
33.0	566.0
0.0	518.0
0.0	668.0
0.0	1050.0
0.0	1439.0
0.0	734.0
10.0	3728.0
30.0	1008.0
8.0	521.0
0.0	1301.0
0.0	4198.0
0.0	718.0
0.0	1096.0
0.0	282.0
0.0	286.0
0.0	589.0
99.0	779.0
0.0	2200.0
47.0	2586.0
0.0	1027.0
0.0	1399.0
0.0	2170.0
0.0	211.0
0.0	3292.0
0.0	807.0
36.0	603.0
0.0	300.0
22.0	2799.0
0.0	713.0
62.0	18384.0
63.0	1823.0
11.0	6761.0
18.0	499.0
7.0	575.0
0.0	232.0
0.0	518.0
0.0	1470.0
0.0	1278.0
0.0	3613.0
0.0	1585.0
0.0	461.0
0.0	327.0
0.0	611.0
29.0	2572.0
25.0	2756.0
0.0	841.0
0.0	997.0
57.0	3209.0
0.0	585.0
0.0	2946.0
22.0	351.0
0.0	390.0
15.0	1184.0
0.0	1130.0
0.0	948.0
0.0	79.0
0.0	223.0
0.0	6058.0
8.0	728.0
0.0	976.0
0.0	38.0
0.0	1055.0
14.0	12433.0
160.0	2010.0
19.0	1318.0
0.0	2925.0
0.0	613.0
10.0	3471.0
48.0	578.0
0.0	2070.0
0.0	488.0
0.0	851.0
27.0	2707.0
0.0	1395.0
0.0	64.0
15.0	9087.0
0.0	1026.0
0.0	54.0
0.0	2465.0
0.0	1522.0
0.0	1701.0
0.0	1677.0
0.0	1245.0
0.0	595.0
231.0	22113.0
22.0	769.0
26.0	586.0
22.0	4516.0
0.0	152.0
7.0	687.0
182.0	57111.0
36.0	9590.0
0.0	451.0
0.0	339.0
0.0	517.0
0.0	832.0
0.0	368.0
0.0	642.0
13.0	1205.0
0.0	483.0
0.0	1855.0
0.0	76.0
0.0	903.0
16.0	3154.0
0.0	789.0
0.0	1646.0
0.0	1613.0
46.0	1248.0
0.0	1029.0
0.0	242.0
39.0	3221.0
0.0	396.0
0.0	729.0
10.0	6091.0
0.0	208.0
0.0	1349.0
0.0	294.0
0.0	1996.0
0.0	859.0
0.0	1271.0
0.0	400.0
78.0	39486.0
0.0	0.0
0.0	2609.0
0.0	497.0
29.0	3413.0
0.0	190.0
71.0	12296.0
0.0	1815.0
0.0	876.0
0.0	2190.0
0.0	1102.0
0.0	259.0
0.0	356.0
346.0	24233.0
11.0	10802.0
0.0	1537.0
46.0	1146.0
0.0	2219.0
0.0	424.0
0.0	1417.0
0.0	1969.0
0.0	1760.0
0.0	1067.0
101.0	1680.0
8.0	4205.0
0.0	2262.0
0.0	300.0
26.0	4747.0
35.0	508.0
0.0	5037.0
0.0	482.0
208.0	3797.0
0.0	43.0
0.0	7144.0
0.0	885.0
15.0	1792.0
0.0	544.0
0.0	794.0
0.0	416.0
0.0	1507.0
0.0	3867.0
0.0	1419.0
5.0	796.0
0.0	326.0
137.0	16157.0
0.0	2796.0
0.0	510.0
0.0	1798.0
84.0	21871.0
0.0	194.0
0.0	972.0
59.0	1489.0
0.0	5855.0
8.0	19.0
0.0	352.0
0.0	2491.0
0.0	615.0
76.0	2038.0
6.0	10447.0
0.0	560.0
0.0	2363.0
0.0	1137.0
0.0	334.0
0.0	2140.0
0.0	1432.0
0.0	162.0
0.0	169.0
0.0	2719.0
0.0	718.0
0.0	1013.0
0.0	1523.0
0.0	2658.0
110.0	2119.0
0.0	5764.0
0.0	622.0
0.0	2341.0
0.0	75.0
0.0	819.0
0.0	1433.0
0.0	248.0
22.0	2391.0
0.0	696.0
0.0	350.0
0.0	381.0
0.0	317.0
0.0	631.0
6.0	483.0
0.0	722.0
0.0	4581.0
13.0	1428.0
0.0	1604.0
0.0	561.0
0.0	1129.0
0.0	208.0
45.0	2405.0
0.0	448.0
0.0	3187.0
0.0	166.0
0.0	546.0
0.0	938.0
5.0	2540.0
0.0	871.0
25.0	1717.0
0.0	366.0
0.0	0.0
0.0	4192.0
0.0	99.0
0.0	1030.0
0.0	2333.0
0.0	1593.0
0.0	1546.0
0.0	395.0
25.0	6724.0
0.0	1256.0
0.0	522.0
0.0	303.0
22.0	5527.0
0.0	454.0
36.0	5930.0
0.0	5841.0
0.0	1525.0
0.0	3805.0
0.0	602.0
103.0	20572.0
0.0	3796.0
0.0	475.0
142.0	25798.0
11.0	1648.0
0.0	883.0
0.0	1110.0
0.0	621.0
38.0	710.0
0.0	522.0
0.0	651.0
0.0	1138.0
31.0	3543.0
6.0	824.0
0.0	1038.0
0.0	1815.0
12.0	1629.0
25.0	1562.0
0.0	35.0
0.0	6472.0
10.0	1009.0
0.0	549.0
0.0	435.0
0.0	1613.0
0.0	636.0
10.0	4527.0
0.0	881.0
8.0	8326.0
0.0	1410.0
0.0	184.0
36.0	2072.0
0.0	319.0
0.0	5598.0
306.0	3878.0
0.0	286.0
37.0	411.0
0.0	2321.0
0.0	3156.0
44.0	531.0
0.0	87.0
0.0	837.0
0.0	2508.0
0.0	18.0
116.0	1187.0
20.0	768.0
0.0	479.0
29.0	997.0
20.0	1032.0
0.0	598.0
0.0	3579.0
10.0	563.0
0.0	1911.0
42.0	2215.0
0.0	737.0
0.0	1435.0
22.0	1918.0
0.0	826.0
0.0	74.0
153.0	346.0
13.0	326.0
0.0	313.0
0.0	1509.0
0.0	526.0
0.0	1598.0
26.0	1096.0
0.0	240.0
0.0	1604.0
0.0	71.0
0.0	2519.0
38.0	1533.0
22.0	1929.0
0.0	2660.0
23.0	4357.0
48.0	1722.0
0.0	73.0
0.0	1394.0
6.0	5897.0
23.0	1353.0
0.0	33.0
0.0	824.0
53.0	15089.0
0.0	1690.0
0.0	3418.0
0.0	1633.0
39.0	3754.0
41.0	7000.0
0.0	869.0
0.0	401.0
0.0	289.0
0.0	75.0
0.0	469.0
19.0	581.0
0.0	327.0
0.0	661.0
0.0	5264.0
0.0	2691.0
31.0	6650.0
16.0	2599.0
270.0	35539.0
0.0	353.0
0.0	130.0
44.0	10244.0
0.0	2458.0
9.0	543.0
0.0	2150.0
0.0	1449.0
0.0	1235.0
0.0	1208.0
0.0	509.0
0.0	220.0
20.0	1430.0
0.0	1348.0
40.0	8265.0
0.0	2451.0
0.0	1999.0
0.0	806.0
9.0	922.0
269.0	27695.0
46.0	3323.0
0.0	661.0
0.0	2308.0
10.0	1454.0
0.0	927.0
0.0	633.0
0.0	1759.0
0.0	1371.0
0.0	1749.0
0.0	992.0
13.0	919.0
34.0	10265.0
0.0	364.0
0.0	1359.0
17.0	3105.0
0.0	1016.0
0.0	539.0
0.0	584.0
6.0	4138.0
44.0	1743.0
39.0	2065.0
0.0	566.0
0.0	7005.0
0.0	285.0
0.0	101.0
0.0	277.0
15.0	4011.0
0.0	2887.0
0.0	496.0
0.0	241.0
0.0	1250.0
0.0	589.0
0.0	2192.0
10.0	1499.0
0.0	2647.0
0.0	1477.0
0.0	134.0
0.0	3861.0
0.0	326.0
0.0	40.0
85.0	1530.0
0.0	444.0
0.0	1808.0
0.0	7238.0
0.0	1394.0
58.0	23960.0
0.0	405.0
0.0	2549.0
0.0	8242.0
0.0	2669.0
0.0	978.0
0.0	2403.0
9.0	635.0
0.0	2110.0
0.0	1766.0
10.0	922.0
0.0	3024.0
0.0	518.0
0.0	758.0
0.0	1261.0
0.0	1368.0
0.0	622.0
0.0	1877.0
0.0	1801.0
0.0	1098.0
0.0	2879.0
0.0	456.0
0.0	1796.0
0.0	1023.0
0.0	2467.0
0.0	335.0
24.0	235.0
13.0	1247.0
23.0	1328.0
0.0	1388.0
89.0	7968.0
176.0	1996.0
0.0	132.0
0.0	1070.0
0.0	1196.0
0.0	2803.0
0.0	1816.0
0.0	2751.0
106.0	743.0
0.0	1704.0
21.0	2544.0
0.0	1524.0
22.0	7310.0
0.0	1815.0
0.0	1250.0
172.0	1059.0
0.0	374.0
0.0	652.0
0.0	563.0
14.0	6953.0
0.0	3601.0
18.0	1727.0
0.0	391.0
0.0	598.0
21.0	880.0
0.0	176.0
19.0	29731.0
64.0	21991.0
0.0	4083.0
0.0	1486.0
0.0	703.0
0.0	1271.0
0.0	836.0
0.0	0.0
0.0	1612.0
0.0	2688.0
12.0	468.0
0.0	518.0
0.0	1707.0
0.0	1668.0
0.0	1552.0
64.0	1048.0
0.0	2960.0
0.0	154.0
0.0	3568.0
0.0	631.0
0.0	403.0
0.0	2227.0
0.0	729.0
0.0	541.0
0.0	816.0
0.0	304.0
0.0	395.0
18.0	2194.0
29.0	6286.0
0.0	1144.0
0.0	511.0
38.0	1891.0
0.0	61.0
0.0	1254.0
0.0	3894.0
0.0	67.0
67.0	2847.0
53.0	53.0
0.0	964.0
0.0	1930.0
0.0	105.0
0.0	986.0
0.0	9577.0
21.0	2227.0
0.0	2278.0
15.0	254.0
10.0	994.0
0.0	1828.0
0.0	1092.0
0.0	745.0
0.0	976.0
100.0	8645.0
0.0	505.0
0.0	357.0
0.0	8561.0
35.0	3322.0
0.0	192.0
15.0	447.0
0.0	1122.0
0.0	260.0
16.0	2471.0
91.0	9143.0
