0.0	384.0
0.0	17.0
29.0	1620.0
21.0	213.0
0.0	25.0
0.0	1776.0
165.0	2234.0
0.0	91.0
48.0	2044.0
0.0	1792.0
10.0	697.0
0.0	1110.0
0.0	521.0
53.0	1201.0
0.0	19.0
0.0	0.0
10.0	790.0
0.0	178.0
0.0	0.0
0.0	16.0
0.0	120.0
1680.0	33846.0
111.0	9408.0
0.0	788.0
0.0	381.0
1604.0	15899.0
0.0	0.0
499.0	1858.0
93.0	1076.0
61.0	1796.0
120.0	3350.0
0.0	284.0
0.0	936.0
0.0	0.0
0.0	0.0
34.0	6000.0
70.0	1891.0
0.0	93.0
21.0	142.0
0.0	30.0
487.0	5927.0
10.0	825.0
0.0	254.0
0.0	46.0
0.0	206.0
7.0	2488.0
0.0	1091.0
0.0	95.0
0.0	541.0
70.0	1630.0
103.0	6971.0
0.0	38.0
0.0	1266.0
2.0	205.0
0.0	477.0
0.0	1432.0
0.0	0.0
47.0	264.0
107.0	1838.0
720.0	3263.0
241.0	5012.0
0.0	1438.0
17.0	927.0
294.0	11631.0
0.0	376.0
0.0	0.0
0.0	59.0
134.0	345.0
14.0	2341.0
0.0	198.0
0.0	1434.0
0.0	148.0
0.0	57.0
1430.0	71818.0
0.0	0.0
1185.0	5600.0
0.0	68.0
141.0	9735.0
0.0	2222.0
121.0	6440.0
428.0	5553.0
2.0	982.0
50.0	1241.0
16.0	47.0
0.0	58.0
90.0	4288.0
100.0	425.0
0.0	482.0
0.0	1285.0
0.0	1257.0
0.0	149.0
0.0	0.0
0.0	851.0
0.0	124.0
91.0	3029.0
507.0	3497.0
0.0	690.0
105.0	791.0
16.0	5878.0
0.0	1863.0
0.0	150.0
298.0	3353.0
10.0	2820.0
0.0	0.0
0.0	283.0
0.0	193.0
46.0	2990.0
22.0	984.0
0.0	1543.0
0.0	1729.0
127.0	929.0
651.0	3428.0
0.0	982.0
47.0	2893.0
0.0	410.0
346.0	2658.0
16.0	139.0
0.0	1142.0
45.0	403.0
221.0	5599.0
0.0	0.0
84.0	992.0
923.0	12011.0
0.0	639.0
670.0	13187.0
0.0	0.0
0.0	54.0
0.0	20.0
0.0	0.0
433.0	7976.0
0.0	48.0
255.0	5928.0
0.0	237.0
0.0	867.0
0.0	0.0
284.0	4722.0
0.0	352.0
56.0	2440.0
0.0	215.0
0.0	2035.0
0.0	1483.0
0.0	45.0
0.0	304.0
515.0	4837.0
31.0	764.0
0.0	396.0
0.0	1278.0
0.0	851.0
0.0	786.0
0.0	191.0
0.0	333.0
1.0	1149.0
0.0	9925.0
186.0	3752.0
45.0	303.0
488.0	36176.0
21.0	2111.0
1379.0	26868.0
0.0	650.0
303.0	3876.0
65.0	874.0
0.0	64.0
217.0	908.0
0.0	31.0
0.0	0.0
31.0	2123.0
3.0	2249.0
14.0	2016.0
60.0	419.0
0.0	521.0
0.0	648.0
0.0	160.0
469.0	10593.0
312.0	12289.0
0.0	18.0
0.0	518.0
0.0	572.0
0.0	71.0
0.0	78.0
371.0	7648.0
1080.0	15146.0
106.0	4491.0
0.0	127.0
20.0	412.0
0.0	604.0
0.0	1366.0
0.0	0.0
0.0	0.0
0.0	939.0
0.0	0.0
0.0	188.0
185.0	3959.0
0.0	0.0
374.0	11190.0
323.0	9484.0
487.0	3875.0
0.0	0.0
0.0	467.0
0.0	17.0
0.0	41.0
130.0	1322.0
324.0	2846.0
0.0	2302.0
0.0	784.0
410.0	8450.0
0.0	75.0
771.0	9531.0
0.0	268.0
17.0	2127.0
0.0	0.0
0.0	0.0
0.0	140.0
0.0	1254.0
0.0	1160.0
53.0	310.0
2448.0	48761.0
37.0	3528.0
209.0	2714.0
4.0	66.0
362.0	4321.0
315.0	2788.0
215.0	2103.0
0.0	279.0
0.0	30.0
1438.0	7347.0
0.0	0.0
72.0	1599.0
0.0	348.0
21.0	40.0
0.0	606.0
0.0	0.0
0.0	211.0
0.0	560.0
0.0	530.0
42.0	4587.0
0.0	0.0
58.0	1128.0
0.0	84.0
695.0	5292.0
643.0	28642.0
0.0	0.0
0.0	45.0
597.0	31073.0
301.0	1270.0
0.0	1370.0
0.0	456.0
0.0	639.0
126.0	961.0
0.0	44.0
17.0	1135.0
376.0	1205.0
0.0	72.0
168.0	5572.0
0.0	6694.0
0.0	119.0
0.0	653.0
0.0	20.0
0.0	117.0
0.0	87.0
59.0	2520.0
318.0	5242.0
0.0	32.0
0.0	34.0
0.0	28.0
0.0	862.0
0.0	408.0
0.0	61.0
0.0	986.0
1274.0	19131.0
0.0	332.0
33.0	1457.0
0.0	0.0
0.0	18.0
5.0	790.0
0.0	233.0
0.0	233.0
350.0	4953.0
0.0	0.0
55.0	5237.0
0.0	443.0
0.0	0.0
88.0	756.0
0.0	0.0
35.0	712.0
0.0	398.0
60.0	1666.0
0.0	226.0
0.0	593.0
0.0	0.0
433.0	9842.0
120.0	1740.0
2.0	1982.0
0.0	887.0
0.0	87.0
56.0	613.0
153.0	2493.0
0.0	0.0
0.0	0.0
1039.0	4536.0
24.0	1396.0
26.0	2276.0
16.0	991.0
0.0	255.0
0.0	496.0
0.0	480.0
830.0	4042.0
76.0	1093.0
16.0	11514.0
24.0	524.0
0.0	44.0
0.0	58.0
0.0	76.0
61.0	5257.0
0.0	461.0
0.0	0.0
0.0	551.0
60.0	1064.0
0.0	57.0
0.0	0.0
86.0	205.0
267.0	1161.0
244.0	4084.0
3.0	2635.0
0.0	0.0
29.0	2436.0
0.0	503.0
0.0	886.0
43.0	1626.0
0.0	389.0
1.0	1075.0
184.0	3175.0
0.0	581.0
0.0	0.0
0.0	349.0
1423.0	9309.0
0.0	0.0
0.0	1154.0
244.0	15506.0
0.0	71.0
0.0	213.0
355.0	7910.0
1105.0	4173.0
305.0	16450.0
0.0	1091.0
133.0	1838.0
0.0	53.0
0.0	364.0
0.0	73.0
219.0	6203.0
9.0	518.0
0.0	0.0
0.0	100.0
0.0	1995.0
0.0	969.0
0.0	68.0
0.0	797.0
2.0	809.0
39.0	1006.0
0.0	34.0
0.0	434.0
29.0	13015.0
0.0	0.0
0.0	0.0
0.0	580.0
117.0	5012.0
0.0	81.0
75.0	2450.0
8.0	371.0
0.0	1639.0
0.0	391.0
0.0	40.0
0.0	42.0
81.0	244.0
1613.0	41433.0
0.0	183.0
0.0	36.0
0.0	590.0
0.0	2525.0
0.0	27.0
579.0	8502.0
0.0	0.0
32.0	143.0
554.0	3859.0
35.0	604.0
141.0	799.0
524.0	3464.0
754.0	5369.0
0.0	0.0
18.0	1595.0
2.0	1176.0
17.0	4055.0
0.0	0.0
10.0	2873.0
0.0	0.0
3.0	1969.0
0.0	120.0
0.0	0.0
68.0	3023.0
0.0	831.0
173.0	2202.0
35.0	8017.0
0.0	1535.0
0.0	0.0
2076.0	18444.0
68.0	464.0
1470.0	47829.0
0.0	0.0
0.0	648.0
99.0	2295.0
309.0	2247.0
0.0	230.0
609.0	18139.0
0.0	504.0
0.0	101.0
11.0	2480.0
359.0	2065.0
0.0	424.0
0.0	825.0
979.0	4329.0
100.0	704.0
218.0	2272.0
162.0	13560.0
11.0	893.0
799.0	2511.0
0.0	1572.0
751.0	7480.0
11.0	2620.0
0.0	76.0
254.0	4345.0
0.0	0.0
869.0	1209.0
93.0	414.0
0.0	63.0
0.0	1700.0
39.0	869.0
338.0	5049.0
277.0	6119.0
275.0	4321.0
104.0	1444.0
0.0	481.0
0.0	136.0
295.0	7950.0
157.0	2293.0
0.0	29.0
2026.0	17247.0
33.0	2039.0
0.0	263.0
43.0	1129.0
102.0	1124.0
3.0	1900.0
0.0	171.0
0.0	150.0
0.0	0.0
0.0	2109.0
154.0	6564.0
0.0	0.0
160.0	3096.0
2337.0	9450.0
134.0	5719.0
136.0	1272.0
0.0	54.0
30.0	531.0
0.0	181.0
9.0	1340.0
217.0	7474.0
827.0	49708.0
0.0	213.0
0.0	734.0
0.0	0.0
0.0	41.0
21.0	272.0
0.0	125.0
56.0	958.0
0.0	50.0
124.0	18956.0
3.0	2312.0
0.0	29.0
296.0	1291.0
0.0	120.0
11.0	1221.0
0.0	124.0
27.0	1221.0
36.0	4366.0
0.0	0.0
0.0	475.0
70.0	3940.0
0.0	0.0
0.0	0.0
291.0	9131.0
81.0	900.0
0.0	1141.0
544.0	5685.0
0.0	131.0
101.0	852.0
56.0	94.0
0.0	21.0
84.0	1252.0
866.0	4907.0
948.0	16950.0
0.0	499.0
53.0	1503.0
0.0	123.0
0.0	38.0
0.0	363.0
351.0	2988.0
0.0	67.0
0.0	138.0
174.0	2736.0
0.0	88.0
0.0	0.0
0.0	593.0
4.0	594.0
0.0	0.0
0.0	149.0
27.0	1331.0
0.0	115.0
768.0	5877.0
177.0	1817.0
0.0	30.0
1374.0	14931.0
0.0	15.0
45.0	869.0
68.0	123.0
5.0	1269.0
292.0	4573.0
413.0	6031.0
0.0	4374.0
0.0	406.0
22.0	5592.0
36.0	817.0
210.0	4024.0
37.0	438.0
0.0	53.0
0.0	120.0
237.0	1683.0
0.0	240.0
0.0	0.0
604.0	47088.0
0.0	722.0
0.0	0.0
0.0	17.0
0.0	829.0
42.0	2162.0
17.0	990.0
217.0	14634.0
27.0	1120.0
0.0	141.0
87.0	293.0
0.0	1113.0
0.0	1063.0
3.0	3473.0
0.0	15.0
380.0	2375.0
0.0	0.0
0.0	52.0
7.0	252.0
8.0	2989.0
0.0	448.0
38.0	338.0
242.0	1648.0
0.0	1511.0
0.0	461.0
0.0	0.0
11.0	1737.0
196.0	13083.0
825.0	45914.0
1166.0	16007.0
145.0	1184.0
90.0	3262.0
0.0	0.0
15.0	608.0
2.0	375.0
24.0	3252.0
0.0	1573.0
0.0	166.0
27.0	755.0
193.0	918.0
0.0	83.0
17.0	713.0
0.0	0.0
0.0	0.0
698.0	4061.0
941.0	20782.0
270.0	5433.0
0.0	25.0
365.0	4210.0
32.0	5813.0
639.0	12476.0
0.0	356.0
6.0	99.0
0.0	34.0
28.0	3443.0
0.0	503.0
408.0	9458.0
0.0	742.0
522.0	9662.0
28.0	636.0
0.0	262.0
0.0	419.0
0.0	443.0
148.0	1871.0
711.0	9254.0
194.0	6074.0
200.0	2158.0
0.0	370.0
3.0	1837.0
455.0	7266.0
91.0	1508.0
713.0	1155.0
0.0	311.0
84.0	1010.0
0.0	363.0
408.0	5196.0
141.0	382.0
0.0	176.0
0.0	81.0
0.0	44.0
2699.0	18695.0
0.0	264.0
0.0	450.0
84.0	6195.0
0.0	219.0
2904.0	22539.0
0.0	62.0
77.0	1263.0
0.0	720.0
73.0	1807.0
0.0	1792.0
0.0	507.0
0.0	139.0
542.0	7715.0
20.0	1367.0
0.0	0.0
8.0	3537.0
0.0	1117.0
0.0	111.0
330.0	4499.0
0.0	0.0
0.0	23.0
0.0	1789.0
117.0	1669.0
0.0	54.0
0.0	413.0
0.0	270.0
30.0	782.0
0.0	30.0
0.0	86.0
0.0	952.0
0.0	786.0
0.0	0.0
116.0	2157.0
0.0	148.0
14.0	1920.0
102.0	3287.0
0.0	445.0
0.0	35.0
0.0	37.0
23.0	758.0
1475.0	22637.0
0.0	448.0
181.0	3526.0
0.0	1241.0
0.0	439.0
0.0	193.0
204.0	1308.0
107.0	325.0
566.0	9754.0
2.0	448.0
281.0	801.0
0.0	129.0
152.0	579.0
0.0	33.0
223.0	866.0
0.0	1050.0
0.0	285.0
6.0	1485.0
0.0	1017.0
90.0	760.0
0.0	21.0
0.0	55.0
3.0	1901.0
0.0	104.0
0.0	0.0
21.0	2965.0
0.0	163.0
0.0	657.0
66.0	429.0
0.0	2132.0
1.0	2345.0
0.0	0.0
0.0	408.0
95.0	2610.0
3.0	282.0
29.0	1067.0
180.0	5184.0
104.0	2293.0
0.0	106.0
811.0	3616.0
0.0	68.0
84.0	446.0
190.0	795.0
130.0	5357.0
0.0	208.0
16.0	5052.0
0.0	873.0
0.0	0.0
0.0	90.0
0.0	241.0
0.0	0.0
0.0	43.0
74.0	3769.0
1205.0	15884.0
0.0	92.0
0.0	758.0
0.0	907.0
144.0	1046.0
0.0	899.0
20.0	351.0
197.0	10809.0
0.0	96.0
72.0	158.0
1023.0	20361.0
124.0	4983.0
944.0	14505.0
51.0	1264.0
0.0	1958.0
454.0	7588.0
52.0	31221.0
326.0	783.0
0.0	0.0
0.0	0.0
288.0	3758.0
0.0	420.0
0.0	0.0
222.0	7213.0
1067.0	29134.0
66.0	5970.0
21.0	2396.0
0.0	988.0
0.0	170.0
8.0	1750.0
0.0	40.0
1.0	300.0
129.0	982.0
154.0	6332.0
3702.0	40987.0
0.0	520.0
0.0	0.0
736.0	6542.0
144.0	702.0
11.0	660.0
0.0	1256.0
0.0	102.0
29.0	987.0
0.0	0.0
0.0	0.0
0.0	122.0
39.0	834.0
165.0	1654.0
0.0	1079.0
0.0	225.0
0.0	482.0
0.0	297.0
0.0	93.0
114.0	3048.0
0.0	0.0
0.0	0.0
324.0	9388.0
0.0	1267.0
0.0	103.0
0.0	7537.0
52.0	5956.0
36.0	255.0
56.0	1414.0
1088.0	7590.0
0.0	0.0
19.0	2271.0
24.0	283.0
0.0	380.0
34.0	80.0
0.0	344.0
10.0	748.0
692.0	36714.0
137.0	9285.0
1362.0	8983.0
632.0	3256.0
0.0	67.0
0.0	99.0
44.0	912.0
0.0	0.0
0.0	965.0
19.0	382.0
0.0	0.0
0.0	125.0
1285.0	51632.0
37.0	109.0
0.0	1214.0
0.0	1750.0
295.0	4165.0
0.0	26.0
0.0	81.0
1012.0	3256.0
0.0	109.0
0.0	386.0
0.0	862.0
0.0	0.0
12.0	668.0
0.0	1530.0
127.0	5949.0
147.0	3150.0
20.0	687.0
70.0	870.0
522.0	12011.0
446.0	8485.0
35.0	73.0
0.0	0.0
0.0	99.0
0.0	0.0
367.0	7714.0
0.0	268.0
0.0	23.0
0.0	0.0
0.0	1282.0
0.0	777.0
0.0	69.0
0.0	376.0
0.0	0.0
243.0	2056.0
23.0	598.0
167.0	2981.0
268.0	26116.0
18.0	714.0
0.0	842.0
136.0	3074.0
0.0	182.0
0.0	298.0
34.0	1641.0
481.0	1080.0
0.0	16.0
0.0	0.0
25.0	1827.0
0.0	187.0
33.0	5150.0
0.0	651.0
1655.0	3432.0
0.0	288.0
0.0	0.0
763.0	8934.0
275.0	10561.0
19.0	69.0
125.0	546.0
163.0	2739.0
86.0	2250.0
0.0	637.0
200.0	2946.0
0.0	1428.0
0.0	24.0
0.0	811.0
0.0	26.0
51.0	317.0
46.0	2594.0
0.0	231.0
0.0	110.0
0.0	341.0
290.0	2674.0
18.0	911.0
31.0	4259.0
0.0	0.0
0.0	599.0
0.0	191.0
1.0	521.0
0.0	699.0
0.0	1175.0
430.0	2078.0
39.0	1340.0
37.0	229.0
302.0	10913.0
29.0	3689.0
307.0	1093.0
0.0	217.0
33.0	262.0
489.0	3517.0
0.0	90.0
0.0	729.0
106.0	849.0
0.0	791.0
22.0	568.0
90.0	2935.0
292.0	2322.0
124.0	1213.0
0.0	0.0
52.0	2809.0
0.0	0.0
129.0	4226.0
65.0	1769.0
180.0	3441.0
0.0	660.0
79.0	2867.0
12.0	1259.0
137.0	4352.0
0.0	1069.0
128.0	15093.0
49.0	4590.0
25.0	162.0
0.0	0.0
0.0	271.0
0.0	0.0
19.0	3116.0
228.0	13810.0
12.0	583.0
0.0	148.0
521.0	4316.0
312.0	5765.0
0.0	506.0
50.0	3178.0
0.0	0.0
0.0	285.0
0.0	1321.0
21.0	138.0
47.0	101.0
181.0	387.0
28.0	3093.0
66.0	3650.0
0.0	0.0
0.0	454.0
2532.0	50119.0
49.0	1328.0
0.0	1071.0
0.0	356.0
0.0	287.0
0.0	171.0
64.0	592.0
1.0	16.0
233.0	13680.0
23.0	82.0
0.0	0.0
778.0	13558.0
98.0	624.0
0.0	0.0
0.0	541.0
86.0	492.0
0.0	1504.0
0.0	0.0
0.0	286.0
703.0	26694.0
0.0	106.0
0.0	189.0
0.0	22.0
91.0	717.0
0.0	277.0
129.0	1774.0
0.0	110.0
0.0	25.0
0.0	0.0
0.0	459.0
0.0	546.0
0.0	112.0
0.0	299.0
0.0	235.0
0.0	185.0
0.0	0.0
20.0	20.0
983.0	29156.0
37.0	2885.0
0.0	40.0
0.0	112.0
0.0	362.0
0.0	41.0
0.0	1442.0
582.0	5066.0
0.0	898.0
0.0	558.0
0.0	0.0
0.0	154.0
77.0	372.0
0.0	164.0
60.0	2225.0
6.0	2421.0
7.0	713.0
108.0	487.0
1433.0	27851.0
29.0	451.0
0.0	1661.0
0.0	313.0
0.0	28.0
0.0	122.0
109.0	3436.0
613.0	1082.0
843.0	6664.0
0.0	177.0
0.0	41.0
50.0	2126.0
0.0	0.0
70.0	1562.0
0.0	0.0
904.0	1601.0
0.0	55.0
79.0	1026.0
64.0	2478.0
0.0	206.0
1581.0	30617.0
0.0	360.0
0.0	42.0
155.0	2520.0
230.0	1063.0
21.0	87.0
28.0	1395.0
0.0	3312.0
523.0	587.0
43.0	731.0
0.0	0.0
0.0	2566.0
0.0	265.0
65.0	421.0
0.0	1395.0
0.0	131.0
15.0	400.0
321.0	6601.0
0.0	219.0
0.0	253.0
0.0	88.0
0.0	438.0
0.0	203.0
24.0	2396.0
952.0	8831.0
0.0	0.0
28.0	1275.0
344.0	4520.0
62.0	4889.0
2099.0	49592.0
0.0	19.0
165.0	1866.0
349.0	12028.0
58.0	3418.0
0.0	165.0
25.0	1815.0
0.0	17.0
80.0	425.0
0.0	24.0
0.0	0.0
0.0	20.0
0.0	894.0
950.0	4425.0
58.0	1630.0
0.0	465.0
0.0	280.0
0.0	143.0
0.0	708.0
274.0	1115.0
223.0	3971.0
0.0	0.0
2.0	1504.0
27.0	1603.0
0.0	569.0
914.0	11379.0
59.0	2476.0
4.0	402.0
254.0	618.0
0.0	27.0
0.0	752.0
0.0	722.0
0.0	572.0
1.0	1937.0
0.0	0.0
0.0	39.0
4.0	2720.0
0.0	394.0
574.0	18556.0
27.0	1056.0
0.0	64.0
89.0	1227.0
0.0	215.0
237.0	4328.0
0.0	18.0
52.0	2190.0
0.0	0.0
15.0	2007.0
43.0	813.0
15.0	367.0
0.0	40.0
14.0	377.0
0.0	926.0
0.0	102.0
136.0	513.0
0.0	34.0
3176.0	8484.0
0.0	575.0
0.0	347.0
0.0	74.0
679.0	23137.0
0.0	1681.0
30.0	813.0
0.0	498.0
68.0	68.0
0.0	152.0
56.0	414.0
632.0	53746.0
0.0	1089.0
0.0	286.0
6.0	376.0
10.0	22.0
137.0	349.0
0.0	561.0
0.0	199.0
0.0	365.0
20.0	527.0
3.0	411.0
45.0	1108.0
413.0	17451.0
2356.0	51463.0
52.0	4560.0
1182.0	4485.0
0.0	424.0
217.0	5598.0
0.0	197.0
1818.0	7657.0
0.0	2245.0
0.0	0.0
0.0	118.0
0.0	1446.0
0.0	175.0
89.0	114.0
0.0	422.0
0.0	343.0
24.0	10403.0
884.0	22169.0
0.0	0.0
110.0	5055.0
295.0	6482.0
658.0	11004.0
0.0	24.0
411.0	23341.0
0.0	0.0
0.0	82.0
0.0	19.0
0.0	136.0
0.0	311.0
0.0	220.0
242.0	1498.0
522.0	1989.0
263.0	4669.0
0.0	526.0
0.0	31.0
0.0	707.0
786.0	32316.0
474.0	5707.0
24.0	7272.0
0.0	0.0
38.0	211.0
209.0	1629.0
0.0	82.0
106.0	639.0
0.0	598.0
22.0	1140.0
0.0	1079.0
608.0	7913.0
0.0	1280.0
400.0	12042.0
82.0	97.0
35.0	4324.0
0.0	0.0
1820.0	36241.0
6.0	364.0
74.0	1688.0
293.0	5558.0
0.0	541.0
207.0	575.0
68.0	449.0
0.0	361.0
0.0	110.0
0.0	0.0
0.0	30.0
0.0	0.0
270.0	5645.0
260.0	6077.0
1.0	397.0
0.0	61.0
0.0	1139.0
33.0	237.0
0.0	0.0
0.0	23.0
0.0	277.0
0.0	0.0
17.0	686.0
5.0	1692.0
1386.0	58371.0
71.0	1029.0
321.0	1511.0
0.0	16.0
20.0	1635.0
1812.0	9075.0
45.0	1641.0
202.0	3520.0
0.0	1792.0
38.0	852.0
0.0	282.0
0.0	921.0
199.0	587.0
124.0	1187.0
0.0	0.0
0.0	3122.0
0.0	221.0
406.0	6705.0
0.0	230.0
13.0	181.0
5.0	1353.0
164.0	8947.0
0.0	330.0
0.0	370.0
0.0	0.0
0.0	147.0
0.0	2533.0
263.0	1113.0
493.0	5248.0
53.0	650.0
102.0	824.0
48.0	1052.0
391.0	4072.0
0.0	0.0
9.0	337.0
0.0	193.0
0.0	44.0
29.0	1701.0
1113.0	11949.0
297.0	1198.0
166.0	3744.0
0.0	16.0
0.0	413.0
0.0	2699.0
37.0	344.0
0.0	25.0
78.0	460.0
3863.0	19545.0
4.0	1102.0
0.0	598.0
161.0	266.0
542.0	1640.0
110.0	2681.0
0.0	555.0
0.0	236.0
0.0	0.0
0.0	33.0
0.0	0.0
0.0	239.0
0.0	0.0
16.0	1374.0
0.0	440.0
0.0	0.0
0.0	283.0
0.0	117.0
7.0	767.0
0.0	84.0
45.0	1382.0
0.0	638.0
0.0	28.0
0.0	25.0
0.0	525.0
0.0	3305.0
0.0	1520.0
0.0	20.0
0.0	132.0
0.0	218.0
61.0	198.0
40.0	163.0
130.0	379.0
43.0	1775.0
3176.0	80902.0
15.0	690.0
53.0	1885.0
0.0	330.0
0.0	3306.0
542.0	7475.0
0.0	929.0
0.0	424.0
618.0	4242.0
0.0	456.0
81.0	15766.0
0.0	170.0
0.0	41.0
150.0	1657.0
4.0	161.0
0.0	0.0
20.0	1753.0
355.0	3677.0
0.0	78.0
0.0	26.0
105.0	926.0
49.0	719.0
329.0	3860.0
254.0	2062.0
348.0	1561.0
0.0	802.0
0.0	16.0
0.0	1215.0
0.0	0.0
229.0	2286.0
316.0	1508.0
842.0	8597.0
23.0	23.0
23.0	2877.0
161.0	4768.0
470.0	10536.0
0.0	0.0
4.0	366.0
701.0	10919.0
0.0	917.0
0.0	1126.0
104.0	3232.0
3.0	339.0
674.0	3497.0
0.0	851.0
4.0	878.0
28.0	1781.0
0.0	0.0
0.0	1379.0
0.0	0.0
0.0	0.0
5.0	437.0
118.0	2006.0
0.0	97.0
0.0	253.0
0.0	0.0
0.0	1296.0
1.0	935.0
9.0	428.0
0.0	422.0
377.0	4215.0
0.0	406.0
0.0	722.0
219.0	2062.0
0.0	223.0
0.0	27.0
0.0	90.0
1.0	1126.0
0.0	87.0
414.0	21936.0
0.0	339.0
0.0	1272.0
0.0	431.0
0.0	92.0
66.0	1498.0
507.0	26825.0
440.0	8926.0
317.0	3067.0
1.0	409.0
143.0	4549.0
1013.0	4032.0
0.0	0.0
0.0	40.0
180.0	3925.0
2660.0	20468.0
70.0	647.0
601.0	16271.0
0.0	0.0
108.0	1437.0
88.0	7478.0
94.0	385.0
19.0	392.0
0.0	415.0
0.0	108.0
0.0	37.0
0.0	604.0
0.0	893.0
314.0	16695.0
15.0	676.0
83.0	6491.0
0.0	73.0
197.0	2086.0
545.0	6677.0
0.0	103.0
4.0	2036.0
0.0	2908.0
26.0	4156.0
0.0	1422.0
0.0	928.0
0.0	149.0
19.0	91.0
0.0	44.0
532.0	4381.0
0.0	733.0
0.0	147.0
0.0	5091.0
0.0	54.0
66.0	220.0
35.0	3170.0
0.0	1482.0
0.0	701.0
7.0	301.0
0.0	508.0
0.0	248.0
57.0	504.0
0.0	191.0
0.0	1984.0
0.0	314.0
230.0	1973.0
0.0	667.0
0.0	997.0
0.0	1107.0
23.0	126.0
0.0	373.0
0.0	92.0
0.0	192.0
731.0	14689.0
312.0	9899.0
0.0	1887.0
0.0	220.0
0.0	235.0
414.0	7660.0
0.0	39.0
0.0	75.0
0.0	0.0
747.0	17983.0
115.0	483.0
157.0	1393.0
2.0	212.0
0.0	0.0
16.0	2278.0
874.0	2054.0
0.0	326.0
0.0	555.0
106.0	202.0
42.0	1897.0
160.0	4025.0
0.0	340.0
116.0	284.0
53.0	1529.0
0.0	643.0
3.0	242.0
101.0	3567.0
0.0	674.0
1679.0	29597.0
1703.0	14683.0
847.0	5974.0
0.0	17.0
8.0	1016.0
295.0	5748.0
0.0	122.0
0.0	159.0
85.0	3176.0
20.0	2156.0
7.0	1364.0
0.0	30.0
0.0	126.0
267.0	4356.0
18.0	813.0
0.0	239.0
0.0	1320.0
0.0	1074.0
158.0	5670.0
43.0	249.0
0.0	43.0
0.0	419.0
78.0	1537.0
0.0	0.0
34.0	3044.0
0.0	275.0
0.0	2274.0
138.0	5550.0
0.0	1098.0
56.0	568.0
0.0	91.0
0.0	484.0
0.0	32.0
719.0	5870.0
247.0	22219.0
20.0	235.0
89.0	279.0
2.0	1178.0
65.0	968.0
62.0	1332.0
47.0	181.0
0.0	685.0
6.0	290.0
0.0	305.0
175.0	1186.0
1.0	1426.0
0.0	179.0
15.0	719.0
83.0	2274.0
0.0	132.0
1.0	289.0
184.0	5784.0
0.0	966.0
2095.0	36402.0
0.0	1244.0
0.0	1314.0
1.0	754.0
44.0	672.0
15.0	149.0
0.0	157.0
237.0	6771.0
0.0	123.0
48.0	2216.0
0.0	0.0
155.0	3759.0
90.0	5424.0
268.0	5680.0
0.0	180.0
0.0	62.0
0.0	1519.0
0.0	1945.0
64.0	2841.0
304.0	9534.0
0.0	542.0
382.0	4874.0
0.0	0.0
319.0	6317.0
0.0	1286.0
136.0	2858.0
0.0	702.0
0.0	191.0
0.0	0.0
6.0	3250.0
265.0	3500.0
0.0	0.0
21.0	3398.0
0.0	165.0
607.0	3899.0
233.0	3102.0
0.0	121.0
1837.0	14392.0
5.0	544.0
0.0	58.0
0.0	0.0
99.0	4303.0
15.0	738.0
87.0	4568.0
0.0	753.0
0.0	23.0
0.0	270.0
0.0	4057.0
3608.0	44054.0
59.0	5633.0
0.0	0.0
467.0	3543.0
35.0	724.0
61.0	2873.0
33.0	477.0
94.0	5188.0
901.0	19048.0
0.0	114.0
0.0	860.0
0.0	881.0
0.0	43.0
0.0	26.0
0.0	110.0
2723.0	36343.0
859.0	12310.0
0.0	870.0
0.0	630.0
424.0	4837.0
0.0	2520.0
0.0	853.0
0.0	0.0
30.0	1891.0
0.0	355.0
112.0	9953.0
187.0	7142.0
6.0	713.0
0.0	165.0
423.0	9831.0
0.0	18.0
0.0	344.0
625.0	12808.0
0.0	273.0
0.0	0.0
0.0	66.0
0.0	0.0
0.0	0.0
52.0	4136.0
0.0	466.0
0.0	50.0
2.0	291.0
50.0	1665.0
0.0	3629.0
17.0	35.0
8.0	1016.0
0.0	803.0
0.0	27.0
684.0	12609.0
0.0	16.0
206.0	3681.0
1932.0	65733.0
82.0	4969.0
0.0	107.0
0.0	401.0
164.0	2011.0
0.0	1190.0
0.0	951.0
165.0	578.0
0.0	459.0
35.0	1983.0
97.0	4011.0
9.0	517.0
0.0	92.0
0.0	1005.0
119.0	677.0
226.0	2294.0
0.0	2017.0
12.0	22.0
0.0	209.0
8.0	771.0
177.0	4900.0
0.0	0.0
16.0	412.0
24.0	840.0
300.0	15629.0
212.0	8440.0
37.0	533.0
0.0	20.0
0.0	161.0
0.0	718.0
0.0	0.0
0.0	359.0
122.0	731.0
25.0	635.0
0.0	23.0
102.0	2932.0
5.0	366.0
25.0	801.0
41.0	2592.0
19.0	3166.0
0.0	496.0
0.0	127.0
308.0	11520.0
0.0	0.0
69.0	2243.0
535.0	7654.0
4.0	553.0
142.0	486.0
0.0	68.0
0.0	825.0
0.0	66.0
38.0	500.0
1114.0	28736.0
0.0	2328.0
1447.0	20065.0
0.0	250.0
0.0	49.0
487.0	5822.0
0.0	24.0
118.0	1749.0
0.0	0.0
0.0	1239.0
0.0	228.0
16.0	100.0
0.0	526.0
0.0	0.0
0.0	381.0
221.0	2799.0
0.0	109.0
0.0	111.0
0.0	813.0
1406.0	34620.0
0.0	0.0
2019.0	15641.0
529.0	14317.0
320.0	3603.0
905.0	6922.0
763.0	18628.0
380.0	4773.0
5.0	240.0
0.0	121.0
0.0	36.0
0.0	431.0
186.0	1080.0
0.0	92.0
0.0	72.0
99.0	1833.0
1087.0	50829.0
0.0	0.0
0.0	26.0
253.0	8268.0
0.0	0.0
31.0	1701.0
0.0	128.0
48.0	2670.0
0.0	446.0
902.0	5247.0
0.0	700.0
0.0	19.0
0.0	370.0
1.0	1971.0
0.0	532.0
0.0	93.0
0.0	336.0
353.0	6340.0
83.0	276.0
0.0	0.0
232.0	17027.0
0.0	502.0
0.0	947.0
67.0	1365.0
0.0	265.0
167.0	14345.0
0.0	79.0
0.0	232.0
2.0	703.0
0.0	846.0
820.0	4851.0
9.0	257.0
72.0	802.0
0.0	132.0
108.0	795.0
6916.0	46100.0
0.0	232.0
5259.0	44346.0
52.0	2512.0
6.0	1691.0
1.0	135.0
11.0	420.0
74.0	835.0
0.0	0.0
0.0	278.0
0.0	172.0
0.0	3546.0
0.0	657.0
0.0	0.0
24.0	1951.0
0.0	341.0
0.0	0.0
0.0	30.0
0.0	270.0
0.0	89.0
0.0	31.0
4.0	1435.0
0.0	200.0
0.0	18.0
0.0	0.0
15.0	1314.0
276.0	555.0
3.0	422.0
0.0	114.0
12.0	179.0
0.0	57.0
8.0	1645.0
108.0	2040.0
0.0	1919.0
1173.0	6499.0
0.0	0.0
1268.0	20458.0
0.0	158.0
0.0	0.0
16.0	211.0
0.0	224.0
881.0	9365.0
18.0	172.0
0.0	270.0
55.0	4000.0
0.0	0.0
82.0	6961.0
0.0	369.0
2.0	1504.0
0.0	0.0
15.0	1548.0
117.0	4704.0
365.0	4134.0
0.0	0.0
0.0	0.0
0.0	17.0
0.0	182.0
0.0	54.0
0.0	533.0
0.0	194.0
0.0	26.0
0.0	0.0
129.0	1247.0
22.0	3926.0
0.0	0.0
160.0	6878.0
1185.0	45407.0
0.0	1396.0
441.0	6968.0
0.0	0.0
0.0	182.0
7.0	1065.0
73.0	400.0
0.0	19.0
2176.0	37105.0
668.0	15902.0
708.0	9884.0
0.0	51.0
103.0	6138.0
198.0	5232.0
1087.0	15579.0
0.0	17.0
0.0	49.0
35.0	810.0
16.0	4488.0
18.0	106.0
0.0	0.0
19.0	3642.0
0.0	2273.0
31.0	203.0
0.0	404.0
524.0	28648.0
0.0	32.0
0.0	683.0
0.0	59.0
44.0	1675.0
0.0	338.0
0.0	0.0
0.0	136.0
0.0	463.0
35.0	95.0
190.0	11533.0
165.0	8186.0
122.0	7105.0
40.0	824.0
4.0	215.0
124.0	2064.0
0.0	324.0
967.0	12514.0
0.0	73.0
59.0	448.0
541.0	7309.0
0.0	275.0
0.0	345.0
782.0	12675.0
87.0	355.0
0.0	131.0
88.0	3122.0
248.0	3183.0
1984.0	24204.0
0.0	899.0
0.0	23.0
21.0	2879.0
50.0	760.0
0.0	1822.0
125.0	848.0
0.0	45.0
242.0	11729.0
0.0	26.0
0.0	1137.0
0.0	59.0
0.0	0.0
1722.0	3022.0
0.0	223.0
240.0	874.0
1.0	1558.0
0.0	0.0
0.0	270.0
979.0	18354.0
0.0	1092.0
0.0	877.0
0.0	529.0
211.0	1611.0
20.0	1375.0
0.0	18.0
743.0	11605.0
90.0	3182.0
105.0	1854.0
0.0	547.0
4167.0	31396.0
309.0	2966.0
0.0	19.0
0.0	556.0
0.0	807.0
0.0	18.0
6.0	48.0
670.0	1426.0
82.0	239.0
0.0	0.0
210.0	16254.0
0.0	801.0
41.0	678.0
82.0	2036.0
86.0	3771.0
0.0	83.0
5.0	110.0
0.0	0.0
0.0	1726.0
226.0	3879.0
0.0	220.0
0.0	39.0
0.0	218.0
119.0	516.0
10.0	221.0
70.0	1535.0
0.0	3997.0
0.0	767.0
0.0	64.0
0.0	182.0
2.0	723.0
72.0	4706.0
164.0	1778.0
0.0	1548.0
0.0	406.0
361.0	5407.0
636.0	913.0
56.0	6655.0
0.0	920.0
589.0	4119.0
10.0	1541.0
0.0	313.0
0.0	177.0
0.0	1528.0
70.0	343.0
0.0	0.0
0.0	1717.0
17.0	2886.0
0.0	0.0
0.0	55.0
0.0	407.0
0.0	866.0
0.0	18.0
130.0	1429.0
52.0	5103.0
151.0	280.0
0.0	64.0
0.0	3331.0
0.0	350.0
0.0	142.0
0.0	44.0
0.0	116.0
0.0	23.0
39.0	471.0
0.0	181.0
165.0	10128.0
835.0	999.0
676.0	2584.0
708.0	947.0
0.0	0.0
69.0	1701.0
2118.0	34819.0
0.0	1490.0
0.0	229.0
0.0	0.0
330.0	28856.0
10.0	913.0
106.0	1664.0
370.0	3323.0
0.0	766.0
13.0	368.0
0.0	622.0
6.0	1812.0
17.0	481.0
0.0	771.0
1230.0	54874.0
43.0	927.0
51.0	2180.0
237.0	21353.0
358.0	4894.0
0.0	167.0
151.0	4759.0
1099.0	18785.0
4.0	1146.0
0.0	0.0
0.0	0.0
0.0	0.0
0.0	1662.0
0.0	0.0
0.0	230.0
42.0	1100.0
13.0	12888.0
400.0	3260.0
15.0	450.0
498.0	12066.0
337.0	8414.0
0.0	0.0
0.0	360.0
0.0	370.0
1334.0	4763.0
0.0	1485.0
755.0	40162.0
0.0	0.0
17.0	1885.0
239.0	7482.0
228.0	3294.0
0.0	0.0
0.0	136.0
5.0	269.0
969.0	12572.0
0.0	0.0
0.0	802.0
756.0	10159.0
234.0	2947.0
61.0	245.0
2109.0	55509.0
0.0	1031.0
64.0	2791.0
186.0	9354.0
2.0	272.0
0.0	361.0
12.0	441.0
49.0	226.0
1073.0	10000.0
0.0	0.0
0.0	3048.0
0.0	93.0
215.0	988.0
0.0	0.0
21.0	2910.0
45.0	1685.0
0.0	0.0
17.0	978.0
684.0	10184.0
0.0	695.0
0.0	0.0
161.0	4277.0
169.0	855.0
0.0	0.0
20.0	824.0
0.0	15.0
0.0	0.0
0.0	0.0
0.0	47.0
110.0	2389.0
0.0	55.0
0.0	556.0
0.0	79.0
0.0	0.0
0.0	1886.0
90.0	2428.0
0.0	332.0
62.0	920.0
2538.0	56624.0
115.0	1629.0
545.0	11276.0
0.0	0.0
0.0	19.0
42.0	2871.0
0.0	54.0
79.0	2653.0
72.0	393.0
0.0	179.0
46.0	775.0
0.0	290.0
0.0	423.0
0.0	0.0
0.0	653.0
714.0	5772.0
0.0	364.0
0.0	44.0
0.0	17.0
87.0	611.0
0.0	135.0
11.0	931.0
123.0	1905.0
0.0	84.0
23.0	224.0
0.0	1033.0
38.0	287.0
766.0	13225.0
0.0	199.0
0.0	114.0
0.0	508.0
0.0	0.0
0.0	346.0
0.0	578.0
0.0	1193.0
0.0	370.0
0.0	0.0
142.0	313.0
0.0	127.0
1209.0	9120.0
0.0	0.0
218.0	2258.0
48.0	1899.0
576.0	9320.0
392.0	5756.0
19.0	1243.0
0.0	0.0
0.0	0.0
0.0	0.0
0.0	441.0
0.0	88.0
0.0	247.0
599.0	28458.0
1195.0	21191.0
308.0	2830.0
0.0	2463.0
0.0	417.0
538.0	7039.0
0.0	197.0
664.0	1230.0
0.0	115.0
31.0	616.0
130.0	5668.0
315.0	3037.0
0.0	2937.0
54.0	308.0
297.0	16744.0
0.0	38.0
214.0	9069.0
0.0	0.0
0.0	379.0
89.0	1138.0
187.0	2974.0
0.0	51.0
206.0	18199.0
0.0	0.0
0.0	152.0
0.0	131.0
66.0	1743.0
1996.0	14345.0
0.0	51.0
240.0	6581.0
47.0	1216.0
28.0	689.0
379.0	12250.0
0.0	92.0
198.0	6378.0
0.0	0.0
257.0	4342.0
1304.0	12013.0
0.0	407.0
244.0	4461.0
0.0	0.0
0.0	211.0
0.0	1898.0
0.0	403.0
73.0	450.0
11.0	313.0
0.0	1914.0
0.0	0.0
21.0	553.0
0.0	38.0
452.0	6345.0
90.0	663.0
141.0	11604.0
60.0	5007.0
202.0	1538.0
1314.0	19534.0
0.0	0.0
0.0	0.0
43.0	1465.0
0.0	0.0
0.0	0.0
0.0	193.0
0.0	509.0
469.0	17855.0
10.0	1105.0
0.0	1362.0
0.0	535.0
48.0	581.0
0.0	290.0
0.0	19.0
0.0	249.0
740.0	6985.0
0.0	496.0
0.0	986.0
46.0	352.0
279.0	16297.0
347.0	7421.0
0.0	109.0
0.0	0.0
0.0	582.0
0.0	928.0
0.0	236.0
0.0	238.0
33.0	1823.0
112.0	2161.0
138.0	10541.0
64.0	312.0
0.0	42.0
195.0	4451.0
25.0	2476.0
34.0	1788.0
0.0	0.0
0.0	0.0
61.0	255.0
0.0	928.0
0.0	1979.0
0.0	90.0
230.0	2710.0
0.0	1462.0
0.0	27.0
0.0	76.0
52.0	3269.0
0.0	151.0
282.0	8154.0
422.0	6201.0
3.0	819.0
1.0	2213.0
20.0	1079.0
0.0	0.0
68.0	4253.0
0.0	514.0
156.0	587.0
0.0	18.0
267.0	5551.0
555.0	621.0
614.0	13498.0
0.0	237.0
0.0	0.0
0.0	23.0
0.0	18.0
21.0	2929.0
28.0	253.0
0.0	0.0
0.0	1815.0
0.0	19.0
64.0	714.0
429.0	4658.0
230.0	14888.0
199.0	659.0
272.0	3732.0
0.0	0.0
0.0	1101.0
0.0	1422.0
0.0	391.0
285.0	5108.0
0.0	352.0
0.0	318.0
458.0	43787.0
0.0	1729.0
8.0	3229.0
250.0	1803.0
6.0	2601.0
0.0	109.0
104.0	1163.0
0.0	145.0
0.0	0.0
0.0	111.0
0.0	17.0
0.0	692.0
0.0	443.0
0.0	1878.0
536.0	4405.0
0.0	1588.0
0.0	154.0
92.0	423.0
99.0	2314.0
0.0	64.0
95.0	1638.0
251.0	1040.0
0.0	887.0
2579.0	33868.0
79.0	1936.0
3.0	501.0
2.0	3198.0
75.0	9129.0
0.0	191.0
0.0	59.0
19.0	497.0
172.0	2367.0
291.0	2670.0
0.0	0.0
57.0	3007.0
53.0	103.0
551.0	4777.0
0.0	44.0
41.0	1198.0
212.0	4957.0
0.0	87.0
9.0	2139.0
3.0	1095.0
0.0	141.0
0.0	332.0
0.0	349.0
274.0	1204.0
4.0	398.0
86.0	625.0
0.0	413.0
0.0	291.0
0.0	17.0
49.0	1777.0
0.0	268.0
53.0	892.0
3.0	259.0
127.0	330.0
0.0	54.0
12.0	1348.0
48.0	378.0
0.0	620.0
15.0	409.0
24.0	3419.0
0.0	0.0
0.0	129.0
0.0	0.0
0.0	412.0
523.0	2929.0
320.0	538.0
76.0	1490.0
0.0	1701.0
28.0	371.0
6.0	1039.0
0.0	119.0
2035.0	3074.0
182.0	1702.0
52.0	829.0
0.0	0.0
248.0	3944.0
192.0	947.0
0.0	211.0
0.0	0.0
0.0	88.0
0.0	796.0
228.0	1916.0
57.0	3349.0
0.0	0.0
84.0	280.0
57.0	2219.0
0.0	0.0
0.0	143.0
0.0	1400.0
329.0	4549.0
687.0	6033.0
94.0	38456.0
0.0	1599.0
6.0	914.0
1830.0	16955.0
0.0	247.0
0.0	0.0
6.0	2558.0
306.0	13957.0
0.0	536.0
95.0	3238.0
0.0	2234.0
0.0	0.0
0.0	79.0
0.0	25.0
216.0	7941.0
0.0	1156.0
37.0	2454.0
68.0	4648.0
0.0	0.0
298.0	3364.0
0.0	240.0
0.0	799.0
43.0	4529.0
0.0	612.0
0.0	207.0
17.0	1336.0
305.0	4435.0
31.0	1799.0
20.0	496.0
1.0	2128.0
0.0	1263.0
0.0	0.0
38.0	616.0
453.0	5149.0
52.0	1424.0
0.0	43.0
0.0	398.0
0.0	462.0
84.0	1854.0
0.0	534.0
263.0	2837.0
0.0	351.0
0.0	191.0
806.0	3331.0
49.0	622.0
378.0	13083.0
0.0	203.0
149.0	657.0
72.0	1360.0
929.0	6788.0
0.0	42.0
0.0	0.0
891.0	2557.0
15.0	61.0
0.0	116.0
302.0	4143.0
0.0	71.0
1509.0	25028.0
0.0	345.0
147.0	1395.0
195.0	4560.0
6.0	157.0
0.0	169.0
0.0	73.0
0.0	128.0
0.0	632.0
0.0	19.0
370.0	3872.0
0.0	1847.0
176.0	1196.0
410.0	12876.0
0.0	197.0
0.0	17.0
38.0	458.0
0.0	0.0
0.0	1043.0
80.0	2744.0
0.0	77.0
28.0	113.0
0.0	410.0
152.0	4473.0
0.0	2922.0
228.0	8132.0
0.0	0.0
25.0	1161.0
0.0	567.0
0.0	344.0
3.0	2159.0
0.0	184.0
0.0	23.0
0.0	1950.0
0.0	1549.0
0.0	234.0
0.0	443.0
458.0	8551.0
784.0	19087.0
0.0	2914.0
0.0	0.0
6.0	1477.0
0.0	182.0
0.0	271.0
0.0	62.0
127.0	1891.0
44.0	926.0
467.0	7461.0
374.0	3638.0
46.0	463.0
9.0	1109.0
146.0	3855.0
0.0	0.0
55.0	467.0
1.0	39.0
12.0	2576.0
0.0	0.0
0.0	26.0
19.0	1729.0
1846.0	6818.0
0.0	241.0
0.0	0.0
67.0	237.0
469.0	1761.0
0.0	0.0
0.0	1030.0
103.0	9202.0
0.0	0.0
0.0	113.0
0.0	144.0
65.0	8592.0
146.0	1407.0
50.0	155.0
0.0	196.0
0.0	82.0
0.0	17.0
0.0	25.0
0.0	535.0
0.0	982.0
0.0	914.0
673.0	1488.0
0.0	434.0
118.0	760.0
677.0	12256.0
0.0	271.0
0.0	150.0
0.0	60.0
123.0	3024.0
839.0	17241.0
65.0	368.0
16.0	259.0
0.0	0.0
0.0	216.0
21.0	462.0
0.0	476.0
0.0	314.0
2.0	1148.0
48.0	2513.0
0.0	166.0
0.0	151.0
739.0	5115.0
27.0	1011.0
165.0	1281.0
0.0	0.0
476.0	1731.0
38.0	1766.0
0.0	235.0
0.0	479.0
0.0	18.0
0.0	0.0
60.0	196.0
0.0	0.0
0.0	143.0
56.0	2712.0
0.0	113.0
42.0	2390.0
0.0	91.0
0.0	455.0
0.0	0.0
0.0	125.0
0.0	0.0
0.0	22.0
286.0	4734.0
0.0	0.0
0.0	1776.0
0.0	33.0
31.0	80.0
0.0	217.0
129.0	1285.0
0.0	216.0
0.0	3001.0
0.0	65.0
0.0	56.0
0.0	208.0
0.0	29.0
1283.0	21596.0
0.0	0.0
664.0	6676.0
220.0	1541.0
0.0	1065.0
12.0	158.0
1288.0	22687.0
0.0	279.0
0.0	260.0
767.0	4938.0
524.0	11836.0
0.0	113.0
0.0	51.0
0.0	541.0
125.0	7764.0
0.0	846.0
643.0	6792.0
0.0	405.0
806.0	2680.0
50.0	50.0
0.0	148.0
23.0	326.0
23.0	378.0
45.0	591.0
0.0	280.0
94.0	2004.0
35.0	380.0
572.0	7244.0
2.0	173.0
3.0	569.0
0.0	4798.0
22.0	3639.0
1232.0	8920.0
0.0	418.0
127.0	3322.0
0.0	174.0
0.0	23.0
101.0	239.0
131.0	3961.0
0.0	42.0
0.0	0.0
0.0	0.0
0.0	18.0
143.0	3335.0
65.0	9072.0
150.0	4472.0
144.0	6706.0
66.0	524.0
0.0	0.0
0.0	751.0
18.0	6333.0
0.0	0.0
0.0	291.0
136.0	11133.0
0.0	0.0
0.0	31.0
0.0	2115.0
0.0	145.0
0.0	82.0
0.0	365.0
0.0	0.0
0.0	32.0
0.0	2104.0
34.0	357.0
0.0	1298.0
277.0	2305.0
24.0	2958.0
23.0	4629.0
51.0	137.0
113.0	6425.0
0.0	16.0
0.0	154.0
138.0	3183.0
0.0	15.0
9.0	336.0
399.0	8950.0
0.0	932.0
0.0	0.0
312.0	1938.0
0.0	324.0
0.0	281.0
8.0	3515.0
23.0	908.0
756.0	1230.0
0.0	686.0
0.0	34.0
132.0	2514.0
206.0	1821.0
0.0	440.0
133.0	11582.0
1243.0	6513.0
0.0	215.0
156.0	5636.0
259.0	748.0
0.0	641.0
0.0	1673.0
0.0	0.0
0.0	172.0
0.0	202.0
516.0	6373.0
519.0	8351.0
104.0	1787.0
0.0	196.0
0.0	39.0
0.0	750.0
259.0	4461.0
0.0	726.0
345.0	3539.0
31.0	4524.0
0.0	147.0
12.0	47.0
0.0	320.0
191.0	1033.0
154.0	3783.0
0.0	1248.0
0.0	70.0
0.0	0.0
0.0	33.0
384.0	24934.0
0.0	474.0
0.0	29.0
0.0	0.0
3.0	1708.0
8.0	195.0
53.0	6729.0
0.0	973.0
59.0	318.0
0.0	116.0
0.0	305.0
0.0	540.0
76.0	3679.0
0.0	120.0
16.0	40.0
0.0	57.0
357.0	1450.0
0.0	751.0
875.0	10891.0
0.0	230.0
59.0	3469.0
0.0	138.0
205.0	1781.0
0.0	56.0
12.0	219.0
102.0	2994.0
0.0	577.0
755.0	4711.0
7014.0	86844.0
0.0	1132.0
0.0	174.0
411.0	2698.0
154.0	11942.0
0.0	22.0
0.0	637.0
15.0	823.0
0.0	226.0
137.0	6688.0
0.0	200.0
0.0	23.0
0.0	0.0
2.0	2368.0
32.0	551.0
764.0	908.0
16.0	749.0
1260.0	11245.0
0.0	0.0
0.0	0.0
2462.0	63289.0
0.0	97.0
0.0	125.0
0.0	0.0
12.0	195.0
1239.0	12355.0
493.0	9610.0
420.0	8864.0
99.0	1392.0
0.0	487.0
57.0	1126.0
0.0	120.0
25.0	550.0
0.0	0.0
0.0	1107.0
0.0	267.0
360.0	2251.0
0.0	62.0
25.0	344.0
0.0	0.0
0.0	0.0
96.0	986.0
1207.0	6595.0
0.0	50.0
169.0	7974.0
515.0	769.0
0.0	681.0
428.0	3864.0
0.0	472.0
386.0	5495.0
0.0	1353.0
0.0	100.0
0.0	233.0
0.0	0.0
0.0	318.0
0.0	0.0
40.0	179.0
168.0	2516.0
16.0	713.0
1189.0	12184.0
0.0	63.0
0.0	0.0
0.0	0.0
13.0	242.0
0.0	385.0
791.0	8948.0
0.0	335.0
239.0	650.0
523.0	13412.0
545.0	2445.0
80.0	7638.0
34.0	226.0
27.0	3068.0
0.0	1509.0
138.0	12600.0
0.0	1910.0
0.0	30.0
0.0	254.0
0.0	152.0
0.0	0.0
0.0	154.0
0.0	936.0
49.0	2318.0
166.0	696.0
0.0	17.0
0.0	2054.0
0.0	112.0
2.0	166.0
0.0	0.0
0.0	0.0
0.0	2457.0
0.0	559.0
17.0	1060.0
0.0	0.0
65.0	303.0
651.0	3785.0
0.0	799.0
0.0	452.0
203.0	1614.0
0.0	51.0
0.0	21.0
243.0	4310.0
132.0	730.0
538.0	8971.0
0.0	237.0
10.0	208.0
0.0	556.0
12.0	89.0
1303.0	7463.0
0.0	875.0
85.0	18990.0
0.0	0.0
0.0	106.0
0.0	59.0
0.0	668.0
154.0	2971.0
0.0	137.0
0.0	61.0
1059.0	7110.0
0.0	472.0
26.0	516.0
10.0	73.0
1147.0	2417.0
363.0	3904.0
0.0	224.0
0.0	103.0
0.0	69.0
0.0	0.0
0.0	0.0
0.0	899.0
1.0	767.0
0.0	369.0
1431.0	21224.0
0.0	524.0
0.0	1164.0
76.0	731.0
870.0	14670.0
0.0	439.0
719.0	1418.0
0.0	0.0
0.0	1866.0
158.0	7145.0
15.0	1805.0
6763.0	89091.0
114.0	2064.0
0.0	18.0
21.0	2532.0
7.0	1420.0
0.0	749.0
0.0	2973.0
2881.0	40875.0
0.0	179.0
22.0	4531.0
300.0	2508.0
1038.0	2280.0
0.0	0.0
0.0	48.0
206.0	1609.0
0.0	68.0
198.0	2640.0
64.0	3062.0
74.0	506.0
0.0	74.0
86.0	848.0
0.0	64.0
119.0	3428.0
45.0	625.0
0.0	2074.0
0.0	1046.0
0.0	16.0
113.0	2856.0
0.0	806.0
93.0	931.0
39.0	2896.0
0.0	525.0
0.0	58.0
414.0	2136.0
0.0	0.0
92.0	3856.0
0.0	247.0
134.0	613.0
0.0	1309.0
667.0	17568.0
96.0	325.0
39.0	1107.0
317.0	2089.0
75.0	1894.0
33.0	201.0
77.0	573.0
0.0	121.0
651.0	6778.0
250.0	834.0
0.0	109.0
0.0	198.0
12.0	1542.0
55.0	852.0
0.0	84.0
23.0	869.0
0.0	2630.0
0.0	1494.0
505.0	1654.0
105.0	3390.0
0.0	315.0
16.0	473.0
99.0	1092.0
100.0	1101.0
278.0	1103.0
0.0	492.0
0.0	0.0
0.0	287.0
697.0	8602.0
224.0	1628.0
0.0	450.0
150.0	1866.0
0.0	263.0
0.0	115.0
0.0	464.0
1003.0	2960.0
0.0	916.0
86.0	3354.0
12.0	505.0
0.0	1379.0
0.0	304.0
842.0	13281.0
0.0	709.0
0.0	0.0
8.0	516.0
0.0	1103.0
43.0	43.0
9.0	2008.0
1570.0	20892.0
330.0	6584.0
746.0	967.0
0.0	15.0
0.0	586.0
0.0	1139.0
2648.0	15055.0
28.0	4156.0
326.0	6004.0
151.0	7225.0
0.0	48.0
51.0	1349.0
1091.0	5813.0
0.0	398.0
11.0	53.0
0.0	805.0
12.0	956.0
282.0	1909.0
0.0	127.0
0.0	0.0
0.0	808.0
0.0	624.0
1945.0	19765.0
1022.0	17150.0
0.0	0.0
0.0	22.0
0.0	155.0
711.0	14100.0
33.0	3810.0
595.0	9649.0
0.0	23.0
343.0	6625.0
0.0	38.0
187.0	1613.0
474.0	4507.0
0.0	538.0
0.0	614.0
90.0	2127.0
388.0	9318.0
0.0	584.0
0.0	93.0
0.0	96.0
113.0	4203.0
177.0	674.0
0.0	1059.0
0.0	0.0
0.0	0.0
1070.0	27569.0
0.0	342.0
26.0	10660.0
0.0	0.0
52.0	740.0
0.0	1722.0
0.0	393.0
0.0	0.0
140.0	3025.0
18.0	803.0
0.0	370.0
0.0	554.0
242.0	2660.0
20.0	87.0
3047.0	18181.0
78.0	125.0
0.0	518.0
51.0	1517.0
0.0	1234.0
0.0	105.0
0.0	0.0
13.0	2008.0
74.0	822.0
69.0	4466.0
24.0	1249.0
1202.0	15566.0
25.0	1035.0
0.0	0.0
0.0	274.0
97.0	1505.0
259.0	757.0
522.0	10639.0
0.0	259.0
204.0	3669.0
0.0	73.0
121.0	2092.0
0.0	0.0
27.0	990.0
9.0	378.0
0.0	600.0
0.0	539.0
39.0	5804.0
1002.0	17697.0
388.0	3851.0
327.0	3045.0
0.0	0.0
91.0	6857.0
67.0	1126.0
645.0	2433.0
0.0	0.0
18.0	688.0
597.0	20751.0
160.0	7843.0
16.0	755.0
0.0	187.0
0.0	157.0
223.0	2001.0
204.0	5015.0
0.0	1699.0
0.0	0.0
0.0	114.0
0.0	919.0
0.0	277.0
0.0	523.0
0.0	45.0
0.0	122.0
139.0	5115.0
0.0	101.0
0.0	38.0
953.0	30378.0
0.0	1337.0
0.0	0.0
0.0	52.0
37.0	4297.0
0.0	164.0
0.0	92.0
38.0	157.0
0.0	436.0
0.0	293.0
206.0	1076.0
138.0	3459.0
946.0	15196.0
643.0	13695.0
350.0	5193.0
1.0	824.0
118.0	718.0
0.0	529.0
0.0	293.0
0.0	1618.0
96.0	617.0
1696.0	14186.0
134.0	1333.0
720.0	9946.0
0.0	0.0
109.0	1759.0
0.0	668.0
0.0	194.0
0.0	1002.0
0.0	605.0
0.0	366.0
0.0	0.0
426.0	1261.0
0.0	123.0
77.0	974.0
0.0	266.0
0.0	0.0
60.0	1307.0
3.0	1145.0
240.0	3894.0
1065.0	10609.0
0.0	0.0
0.0	48.0
180.0	3305.0
0.0	72.0
0.0	2395.0
102.0	1667.0
0.0	0.0
0.0	450.0
129.0	2238.0
733.0	3823.0
4.0	216.0
0.0	0.0
0.0	0.0
0.0	714.0
0.0	447.0
0.0	63.0
1.0	3796.0
63.0	2972.0
0.0	1313.0
54.0	2193.0
0.0	0.0
21.0	4538.0
0.0	273.0
0.0	2701.0
0.0	31.0
109.0	1012.0
0.0	159.0
0.0	4364.0
0.0	474.0
0.0	385.0
110.0	3482.0
0.0	0.0
0.0	1026.0
0.0	1376.0
0.0	413.0
696.0	945.0
325.0	4466.0
30.0	3875.0
0.0	79.0
28.0	3401.0
0.0	17.0
42.0	1071.0
3.0	395.0
175.0	3898.0
534.0	5712.0
0.0	270.0
524.0	4578.0
0.0	131.0
0.0	163.0
75.0	396.0
215.0	1966.0
0.0	78.0
23.0	1509.0
0.0	25.0
0.0	327.0
693.0	8699.0
49.0	650.0
46.0	4790.0
116.0	1839.0
0.0	459.0
0.0	3678.0
0.0	710.0
39.0	635.0
35.0	1102.0
18.0	4183.0
0.0	758.0
0.0	0.0
474.0	6979.0
936.0	13715.0
243.0	4445.0
0.0	293.0
67.0	118.0
383.0	5139.0
109.0	1987.0
0.0	234.0
0.0	761.0
0.0	59.0
0.0	254.0
71.0	5664.0
16.0	4079.0
282.0	1387.0
0.0	38.0
0.0	21.0
0.0	150.0
0.0	279.0
0.0	293.0
0.0	254.0
88.0	1366.0
0.0	147.0
0.0	53.0
0.0	51.0
355.0	2455.0
0.0	232.0
0.0	18.0
64.0	1653.0
986.0	2963.0
28.0	495.0
0.0	510.0
0.0	33.0
0.0	0.0
44.0	2337.0
13.0	422.0
0.0	0.0
0.0	27.0
0.0	418.0
22.0	8096.0
854.0	1511.0
2080.0	32170.0
1.0	5153.0
1077.0	7852.0
180.0	4926.0
0.0	152.0
90.0	2223.0
845.0	2442.0
0.0	153.0
6.0	3299.0
0.0	1369.0
253.0	634.0
0.0	582.0
65.0	623.0
79.0	662.0
0.0	0.0
0.0	1024.0
632.0	19796.0
168.0	1249.0
0.0	264.0
156.0	233.0
114.0	1171.0
0.0	0.0
176.0	1069.0
637.0	6333.0
0.0	35.0
0.0	0.0
232.0	1378.0
560.0	3287.0
0.0	1188.0
34.0	849.0
0.0	23.0
0.0	26.0
51.0	3450.0
0.0	80.0
948.0	1156.0
0.0	56.0
0.0	310.0
0.0	140.0
1291.0	17115.0
0.0	23.0
0.0	0.0
0.0	359.0
212.0	6725.0
0.0	709.0
2.0	1391.0
956.0	24420.0
0.0	69.0
0.0	1009.0
92.0	10243.0
201.0	2204.0
0.0	124.0
0.0	540.0
0.0	541.0
104.0	10573.0
256.0	2365.0
168.0	338.0
46.0	1374.0
0.0	992.0
0.0	29.0
7.0	222.0
128.0	997.0
36.0	1573.0
148.0	8860.0
0.0	1041.0
190.0	493.0
0.0	0.0
0.0	41.0
211.0	7870.0
0.0	0.0
162.0	4171.0
0.0	17.0
0.0	0.0
51.0	5298.0
31.0	1018.0
0.0	0.0
477.0	5780.0
2204.0	27644.0
1419.0	36899.0
33.0	1934.0
12.0	1147.0
0.0	469.0
32.0	1918.0
0.0	376.0
11.0	260.0
0.0	167.0
143.0	737.0
0.0	748.0
136.0	15996.0
72.0	1104.0
0.0	1172.0
82.0	928.0
185.0	3741.0
96.0	806.0
1160.0	17082.0
91.0	536.0
633.0	4682.0
0.0	60.0
724.0	1054.0
22.0	2297.0
0.0	409.0
0.0	748.0
0.0	0.0
0.0	219.0
44.0	992.0
83.0	228.0
16.0	1716.0
381.0	1978.0
901.0	13799.0
0.0	237.0
17.0	733.0
7.0	1923.0
45.0	1693.0
70.0	2297.0
0.0	1540.0
16.0	1335.0
185.0	8153.0
973.0	15517.0
40.0	1527.0
531.0	9359.0
200.0	4440.0
195.0	1157.0
11.0	671.0
0.0	758.0
6.0	134.0
28.0	100.0
1565.0	29623.0
0.0	0.0
30.0	353.0
0.0	923.0
353.0	1799.0
488.0	3158.0
0.0	282.0
0.0	2557.0
0.0	43.0
9.0	1881.0
0.0	27.0
0.0	1060.0
232.0	1173.0
56.0	4994.0
343.0	2805.0
392.0	2981.0
0.0	826.0
41.0	186.0
0.0	305.0
10.0	1474.0
2.0	278.0
0.0	86.0
0.0	512.0
0.0	0.0
0.0	795.0
181.0	1180.0
0.0	468.0
0.0	154.0
166.0	1073.0
248.0	465.0
0.0	187.0
0.0	0.0
0.0	249.0
6.0	100.0
0.0	186.0
0.0	124.0
0.0	0.0
7.0	7104.0
465.0	5500.0
0.0	0.0
98.0	880.0
573.0	12339.0
0.0	58.0
0.0	357.0
0.0	0.0
0.0	0.0
12.0	731.0
0.0	473.0
133.0	2847.0
193.0	326.0
0.0	591.0
44.0	481.0
0.0	1604.0
0.0	38.0
116.0	1760.0
0.0	127.0
0.0	68.0
0.0	337.0
0.0	652.0
0.0	3629.0
0.0	0.0
0.0	0.0
15.0	1752.0
0.0	218.0
0.0	334.0
0.0	37.0
609.0	2761.0
0.0	1079.0
1505.0	19908.0
0.0	177.0
0.0	112.0
0.0	36.0
0.0	134.0
103.0	345.0
327.0	15558.0
0.0	302.0
0.0	54.0
0.0	0.0
82.0	922.0
248.0	8848.0
0.0	311.0
247.0	518.0
0.0	782.0
566.0	1470.0
439.0	3942.0
176.0	6019.0
0.0	611.0
0.0	0.0
278.0	6335.0
20.0	41.0
0.0	677.0
2041.0	13038.0
27.0	3244.0
0.0	274.0
148.0	3192.0
0.0	99.0
130.0	511.0
0.0	49.0
2.0	1030.0
5.0	377.0
565.0	1766.0
0.0	0.0
488.0	2416.0
0.0	17.0
0.0	635.0
0.0	125.0
58.0	752.0
1419.0	3822.0
0.0	276.0
608.0	1779.0
165.0	1072.0
0.0	289.0
26.0	158.0
0.0	0.0
0.0	342.0
182.0	6577.0
49.0	215.0
1430.0	6623.0
20.0	598.0
0.0	979.0
113.0	2347.0
103.0	788.0
0.0	1328.0
427.0	7043.0
41.0	239.0
248.0	4103.0
43.0	531.0
227.0	3462.0
652.0	1052.0
0.0	3135.0
0.0	0.0
0.0	0.0
0.0	0.0
299.0	3781.0
0.0	0.0
0.0	275.0
0.0	0.0
12.0	893.0
0.0	899.0
0.0	528.0
0.0	506.0
1296.0	11747.0
0.0	122.0
0.0	390.0
281.0	8906.0
161.0	2977.0
0.0	65.0
117.0	928.0
0.0	315.0
664.0	13813.0
659.0	1824.0
0.0	0.0
0.0	2337.0
526.0	4605.0
0.0	410.0
403.0	18802.0
0.0	1189.0
181.0	1197.0
0.0	488.0
241.0	1928.0
801.0	2529.0
22.0	2694.0
62.0	588.0
0.0	285.0
56.0	2140.0
88.0	2076.0
54.0	2887.0
37.0	2203.0
0.0	0.0
7.0	512.0
30.0	1390.0
0.0	272.0
0.0	166.0
0.0	0.0
0.0	761.0
14.0	1794.0
0.0	0.0
0.0	22.0
0.0	984.0
388.0	7881.0
0.0	616.0
0.0	0.0
366.0	2212.0
6.0	2137.0
25.0	436.0
0.0	0.0
513.0	9609.0
0.0	298.0
0.0	240.0
25.0	351.0
107.0	2047.0
0.0	146.0
0.0	137.0
0.0	357.0
0.0	460.0
12.0	4790.0
0.0	25.0
85.0	2538.0
0.0	2467.0
0.0	875.0
394.0	7847.0
0.0	0.0
7.0	882.0
0.0	0.0
0.0	1173.0
45.0	5636.0
0.0	0.0
0.0	82.0
0.0	4510.0
0.0	39.0
12.0	1652.0
612.0	3035.0
0.0	97.0
0.0	69.0
0.0	0.0
54.0	3882.0
26.0	689.0
0.0	0.0
0.0	860.0
1142.0	20000.0
0.0	143.0
0.0	426.0
49.0	524.0
107.0	927.0
0.0	128.0
0.0	1523.0
261.0	3904.0
191.0	1205.0
0.0	910.0
0.0	22.0
0.0	16.0
370.0	13883.0
415.0	4374.0
0.0	0.0
18.0	3816.0
251.0	2770.0
0.0	64.0
88.0	975.0
221.0	424.0
0.0	1778.0
0.0	17.0
95.0	1900.0
0.0	16.0
0.0	1443.0
860.0	8858.0
96.0	1298.0
0.0	144.0
715.0	6588.0
174.0	3488.0
0.0	0.0
63.0	177.0
3.0	933.0
0.0	110.0
167.0	27819.0
0.0	0.0
0.0	52.0
35.0	278.0
0.0	331.0
0.0	131.0
0.0	565.0
0.0	28.0
29.0	1580.0
0.0	109.0
43.0	1686.0
16.0	1417.0
396.0	2621.0
0.0	84.0
0.0	0.0
53.0	1405.0
80.0	1240.0
87.0	2250.0
101.0	1313.0
48.0	370.0
491.0	3638.0
32.0	1797.0
7.0	30.0
0.0	668.0
20.0	1889.0
0.0	0.0
0.0	0.0
0.0	0.0
0.0	0.0
0.0	159.0
147.0	683.0
0.0	1184.0
0.0	1036.0
29.0	1037.0
0.0	2572.0
0.0	0.0
0.0	0.0
16.0	1683.0
0.0	351.0
108.0	1370.0
101.0	2445.0
0.0	476.0
210.0	2097.0
1384.0	10108.0
0.0	1706.0
0.0	433.0
240.0	6314.0
0.0	244.0
17.0	2640.0
331.0	6290.0
39.0	1198.0
0.0	81.0
54.0	2736.0
0.0	0.0
17.0	1349.0
0.0	52.0
0.0	154.0
0.0	117.0
0.0	0.0
192.0	2564.0
0.0	233.0
0.0	1064.0
0.0	1318.0
0.0	54.0
576.0	12346.0
0.0	129.0
0.0	0.0
3692.0	30117.0
52.0	2102.0
105.0	1175.0
35.0	653.0
0.0	1535.0
0.0	753.0
1307.0	54104.0
77.0	2733.0
0.0	130.0
0.0	34.0
1717.0	16250.0
0.0	248.0
0.0	66.0
270.0	580.0
0.0	1515.0
19.0	4982.0
0.0	145.0
66.0	34564.0
30.0	1283.0
0.0	321.0
0.0	776.0
263.0	1152.0
0.0	613.0
0.0	170.0
0.0	0.0
0.0	16.0
225.0	23229.0
14.0	749.0
0.0	0.0
0.0	498.0
330.0	3365.0
0.0	0.0
483.0	13505.0
0.0	229.0
0.0	110.0
0.0	149.0
0.0	3703.0
720.0	847.0
458.0	4456.0
73.0	900.0
48.0	742.0
1439.0	13958.0
53.0	877.0
0.0	1135.0
0.0	407.0
195.0	6518.0
735.0	16882.0
26.0	821.0
0.0	80.0
2.0	18.0
246.0	749.0
147.0	3043.0
0.0	23.0
0.0	354.0
621.0	25387.0
0.0	420.0
282.0	10218.0
0.0	877.0
7.0	524.0
7.0	240.0
0.0	290.0
127.0	7846.0
0.0	271.0
0.0	0.0
169.0	3460.0
0.0	368.0
16.0	467.0
1045.0	30715.0
17.0	1207.0
172.0	1031.0
84.0	7451.0
0.0	1771.0
400.0	7514.0
0.0	0.0
205.0	12504.0
765.0	1213.0
359.0	13371.0
0.0	0.0
1157.0	14387.0
0.0	228.0
8.0	164.0
0.0	2494.0
0.0	90.0
0.0	527.0
134.0	1365.0
0.0	342.0
19.0	508.0
372.0	16088.0
67.0	491.0
0.0	16.0
2176.0	58771.0
0.0	220.0
163.0	805.0
0.0	562.0
1472.0	5547.0
149.0	5718.0
57.0	4442.0
0.0	473.0
0.0	0.0
210.0	1914.0
0.0	0.0
28.0	662.0
0.0	53.0
322.0	1431.0
0.0	85.0
124.0	4089.0
356.0	4295.0
201.0	1226.0
59.0	5697.0
125.0	1555.0
42.0	1972.0
0.0	315.0
0.0	54.0
188.0	3076.0
0.0	360.0
18.0	135.0
0.0	623.0
0.0	805.0
11.0	559.0
0.0	521.0
0.0	0.0
201.0	894.0
0.0	35.0
224.0	2023.0
0.0	166.0
92.0	2913.0
0.0	38.0
0.0	474.0
0.0	121.0
0.0	65.0
313.0	4043.0
0.0	0.0
71.0	986.0
316.0	3139.0
0.0	130.0
32.0	1654.0
15.0	125.0
0.0	358.0
0.0	18.0
34.0	1057.0
0.0	274.0
172.0	1182.0
313.0	1952.0
0.0	730.0
244.0	11719.0
662.0	7718.0
172.0	2926.0
40.0	1925.0
0.0	0.0
0.0	16.0
0.0	1089.0
0.0	0.0
329.0	8508.0
0.0	1658.0
76.0	170.0
174.0	2735.0
7.0	126.0
7.0	1829.0
0.0	75.0
0.0	636.0
0.0	173.0
0.0	756.0
0.0	108.0
361.0	2524.0
0.0	0.0
0.0	37.0
27.0	49.0
403.0	5504.0
0.0	34.0
0.0	0.0
0.0	39.0
79.0	1442.0
6.0	614.0
30.0	381.0
0.0	537.0
0.0	569.0
7.0	148.0
959.0	18412.0
46.0	850.0
0.0	733.0
0.0	0.0
33.0	1391.0
17.0	382.0
38.0	607.0
868.0	21398.0
397.0	21891.0
0.0	0.0
294.0	2062.0
3386.0	69418.0
0.0	0.0
12.0	354.0
93.0	4044.0
89.0	14528.0
103.0	1616.0
0.0	3497.0
2099.0	32708.0
0.0	19.0
1.0	867.0
0.0	44.0
0.0	1871.0
924.0	16085.0
0.0	0.0
522.0	1017.0
24.0	2675.0
483.0	5687.0
416.0	4452.0
0.0	964.0
113.0	1261.0
0.0	16.0
241.0	709.0
0.0	119.0
205.0	8740.0
54.0	1180.0
174.0	1180.0
0.0	195.0
112.0	2183.0
0.0	20.0
0.0	718.0
0.0	167.0
288.0	5283.0
37.0	1306.0
2160.0	34649.0
100.0	3077.0
0.0	59.0
553.0	6061.0
0.0	153.0
0.0	115.0
9.0	752.0
56.0	1153.0
0.0	70.0
0.0	161.0
0.0	40.0
205.0	1051.0
53.0	2200.0
476.0	2960.0
37.0	5307.0
0.0	1343.0
32.0	1764.0
228.0	346.0
100.0	1631.0
304.0	27624.0
0.0	93.0
16.0	69.0
0.0	0.0
0.0	2280.0
0.0	2410.0
109.0	460.0
644.0	7478.0
254.0	1694.0
13.0	514.0
1.0	1024.0
0.0	1255.0
0.0	717.0
0.0	543.0
223.0	2339.0
36.0	404.0
0.0	67.0
0.0	457.0
232.0	1397.0
224.0	542.0
497.0	8509.0
25.0	551.0
578.0	19547.0
100.0	117.0
0.0	634.0
0.0	52.0
225.0	4594.0
110.0	41037.0
0.0	0.0
0.0	468.0
0.0	0.0
4.0	1178.0
0.0	70.0
2343.0	8732.0
1927.0	42235.0
162.0	743.0
0.0	636.0
0.0	57.0
29.0	5974.0
128.0	2535.0
37.0	709.0
35.0	579.0
0.0	25.0
96.0	1363.0
77.0	191.0
0.0	205.0
2.0	29.0
0.0	0.0
0.0	281.0
0.0	420.0
0.0	1107.0
0.0	426.0
2.0	427.0
0.0	319.0
0.0	229.0
0.0	404.0
27.0	518.0
1000.0	3064.0
673.0	1087.0
171.0	10476.0
0.0	349.0
0.0	20.0
0.0	59.0
0.0	2333.0
0.0	20.0
0.0	6714.0
0.0	0.0
0.0	26.0
885.0	11686.0
0.0	716.0
0.0	0.0
0.0	0.0
0.0	268.0
16.0	1867.0
0.0	1370.0
43.0	6866.0
0.0	0.0
0.0	0.0
0.0	351.0
102.0	7420.0
689.0	1926.0
0.0	0.0
0.0	340.0
1830.0	23986.0
110.0	4031.0
15.0	7416.0
90.0	2913.0
38.0	1553.0
0.0	21.0
1217.0	2090.0
0.0	249.0
0.0	0.0
567.0	14777.0
632.0	8103.0
768.0	12984.0
74.0	1785.0
584.0	1108.0
0.0	780.0
0.0	1204.0
15.0	2978.0
176.0	9472.0
12.0	1077.0
37.0	2719.0
52.0	324.0
310.0	1927.0
879.0	29844.0
1058.0	61107.0
106.0	820.0
677.0	2574.0
0.0	468.0
0.0	1666.0
0.0	1461.0
28.0	2000.0
0.0	227.0
28.0	1312.0
0.0	39.0
89.0	10438.0
66.0	887.0
173.0	860.0
0.0	364.0
240.0	7144.0
73.0	353.0
143.0	5674.0
0.0	165.0
0.0	145.0
0.0	0.0
929.0	5796.0
0.0	20.0
16.0	4934.0
101.0	1121.0
1.0	1757.0
789.0	6867.0
3.0	904.0
0.0	831.0
0.0	0.0
0.0	0.0
0.0	0.0
24.0	1087.0
111.0	4283.0
0.0	0.0
0.0	1206.0
10.0	606.0
186.0	1683.0
132.0	3412.0
0.0	151.0
0.0	66.0
287.0	4391.0
194.0	2558.0
1101.0	23747.0
86.0	221.0
0.0	115.0
0.0	0.0
14.0	1944.0
0.0	91.0
0.0	244.0
259.0	3224.0
10.0	1025.0
70.0	3389.0
0.0	2118.0
0.0	120.0
0.0	369.0
5.0	660.0
62.0	13900.0
199.0	2287.0
0.0	100.0
55.0	373.0
0.0	957.0
48.0	1653.0
915.0	28252.0
0.0	491.0
0.0	1670.0
0.0	833.0
59.0	1213.0
0.0	78.0
0.0	48.0
0.0	79.0
43.0	5281.0
62.0	3701.0
0.0	1532.0
0.0	69.0
0.0	0.0
1404.0	50692.0
25.0	1602.0
122.0	3105.0
100.0	299.0
186.0	1700.0
5.0	53.0
0.0	0.0
964.0	31518.0
106.0	5791.0
206.0	772.0
238.0	1260.0
0.0	0.0
10.0	2328.0
0.0	607.0
79.0	2110.0
0.0	49.0
13.0	159.0
0.0	201.0
144.0	490.0
0.0	1070.0
125.0	11790.0
0.0	637.0
0.0	228.0
0.0	191.0
0.0	922.0
0.0	107.0
0.0	698.0
6.0	125.0
0.0	544.0
0.0	578.0
0.0	400.0
1851.0	38477.0
60.0	99.0
14.0	1666.0
75.0	2687.0
0.0	2729.0
70.0	8747.0
88.0	462.0
7.0	1577.0
0.0	73.0
0.0	498.0
0.0	225.0
0.0	0.0
194.0	10302.0
0.0	1982.0
0.0	348.0
0.0	890.0
40.0	4952.0
0.0	1426.0
371.0	45532.0
8.0	3958.0
60.0	1451.0
0.0	69.0
0.0	0.0
0.0	155.0
0.0	0.0
72.0	5794.0
22.0	1880.0
22.0	529.0
114.0	1615.0
0.0	466.0
0.0	0.0
0.0	36.0
377.0	6099.0
227.0	657.0
0.0	0.0
501.0	3800.0
0.0	88.0
2017.0	15268.0
1.0	651.0
13.0	546.0
345.0	4680.0
0.0	196.0
49.0	1075.0
0.0	0.0
0.0	1439.0
289.0	3390.0
710.0	13873.0
0.0	499.0
0.0	209.0
0.0	640.0
20.0	327.0
2689.0	17175.0
0.0	0.0
121.0	1472.0
0.0	827.0
0.0	674.0
0.0	0.0
0.0	1312.0
12.0	1296.0
427.0	2299.0
0.0	246.0
3.0	808.0
6.0	610.0
0.0	219.0
41.0	1067.0
903.0	2012.0
0.0	801.0
187.0	3320.0
646.0	5968.0
0.0	103.0
0.0	30.0
0.0	2440.0
1291.0	12561.0
129.0	728.0
0.0	0.0
126.0	4171.0
55.0	4445.0
270.0	3123.0
89.0	296.0
0.0	25.0
173.0	454.0
69.0	1022.0
144.0	4864.0
0.0	1451.0
34.0	4061.0
386.0	10584.0
0.0	432.0
1061.0	4949.0
0.0	161.0
0.0	0.0
627.0	2416.0
0.0	594.0
538.0	3963.0
0.0	253.0
0.0	2392.0
16.0	425.0
868.0	21178.0
0.0	2046.0
29.0	321.0
0.0	400.0
0.0	20.0
220.0	11986.0
364.0	36548.0
92.0	574.0
0.0	0.0
0.0	145.0
148.0	1579.0
0.0	55.0
0.0	0.0
0.0	309.0
54.0	527.0
22.0	2013.0
15.0	358.0
521.0	8153.0
219.0	7915.0
52.0	1332.0
101.0	1544.0
0.0	0.0
0.0	15.0
19.0	115.0
0.0	0.0
590.0	9499.0
155.0	2189.0
284.0	1449.0
0.0	537.0
511.0	1460.0
0.0	0.0
0.0	1005.0
1721.0	20269.0
0.0	88.0
10.0	1511.0
0.0	155.0
0.0	1782.0
286.0	7301.0
236.0	1306.0
0.0	130.0
0.0	251.0
174.0	280.0
158.0	3961.0
128.0	7432.0
54.0	3681.0
141.0	1332.0
7.0	18.0
88.0	3753.0
14.0	1587.0
0.0	2874.0
0.0	466.0
1704.0	26199.0
0.0	123.0
118.0	6372.0
0.0	213.0
0.0	0.0
0.0	0.0
0.0	162.0
0.0	608.0
0.0	0.0
0.0	0.0
204.0	5611.0
294.0	19281.0
0.0	71.0
557.0	20294.0
274.0	2494.0
42.0	534.0
127.0	231.0
868.0	11519.0
1.0	214.0
4.0	661.0
0.0	78.0
0.0	0.0
32.0	2082.0
34.0	149.0
0.0	35.0
82.0	2789.0
99.0	340.0
38.0	1253.0
130.0	636.0
0.0	75.0
0.0	406.0
4.0	848.0
333.0	12073.0
85.0	897.0
3.0	999.0
47.0	1660.0
20.0	3604.0
0.0	149.0
481.0	5440.0
0.0	20.0
257.0	3792.0
0.0	175.0
94.0	4974.0
0.0	625.0
47.0	490.0
0.0	310.0
162.0	2282.0
0.0	407.0
0.0	0.0
19.0	540.0
105.0	3983.0
0.0	21.0
1316.0	63187.0
0.0	254.0
0.0	0.0
0.0	194.0
703.0	2404.0
0.0	0.0
0.0	588.0
424.0	1835.0
285.0	2649.0
0.0	0.0
0.0	239.0
0.0	0.0
26.0	682.0
122.0	11911.0
99.0	829.0
4.0	2571.0
252.0	2123.0
0.0	0.0
653.0	1967.0
0.0	0.0
142.0	2259.0
0.0	649.0
0.0	137.0
0.0	0.0
249.0	1151.0
0.0	238.0
0.0	101.0
0.0	0.0
321.0	1927.0
0.0	57.0
50.0	2658.0
0.0	0.0
0.0	53.0
51.0	1129.0
15.0	1381.0
46.0	772.0
26.0	1109.0
85.0	4739.0
74.0	168.0
0.0	1686.0
2.0	93.0
0.0	141.0
241.0	1675.0
57.0	384.0
114.0	5729.0
0.0	653.0
589.0	8437.0
53.0	1194.0
68.0	1020.0
0.0	268.0
25.0	1912.0
0.0	277.0
34.0	41.0
0.0	190.0
13.0	353.0
19.0	596.0
129.0	3683.0
223.0	5427.0
0.0	17.0
0.0	197.0
0.0	299.0
0.0	308.0
54.0	470.0
0.0	0.0
0.0	895.0
0.0	187.0
272.0	11430.0
545.0	64806.0
0.0	0.0
22.0	330.0
0.0	258.0
328.0	1625.0
0.0	0.0
5.0	834.0
43.0	4384.0
2.0	1360.0
735.0	4552.0
200.0	6081.0
0.0	132.0
0.0	0.0
0.0	30.0
3.0	695.0
4.0	279.0
0.0	199.0
0.0	311.0
0.0	0.0
75.0	6579.0
6.0	378.0
35.0	46652.0
25.0	364.0
52.0	4348.0
0.0	355.0
174.0	9366.0
0.0	480.0
24.0	3121.0
0.0	80.0
3049.0	36278.0
0.0	412.0
1.0	79.0
280.0	5374.0
119.0	460.0
12.0	427.0
0.0	495.0
0.0	1078.0
53.0	2280.0
0.0	73.0
0.0	84.0
218.0	3297.0
0.0	753.0
0.0	64.0
56.0	2941.0
45.0	2479.0
137.0	6184.0
0.0	1247.0
66.0	1596.0
16.0	324.0
0.0	1729.0
0.0	494.0
0.0	126.0
0.0	278.0
0.0	0.0
0.0	19.0
0.0	65.0
0.0	844.0
14.0	45.0
0.0	597.0
9.0	3773.0
11.0	956.0
5.0	231.0
355.0	13717.0
0.0	0.0
10.0	1309.0
4.0	576.0
0.0	0.0
0.0	119.0
776.0	13481.0
202.0	1969.0
0.0	332.0
0.0	0.0
48.0	2255.0
379.0	9761.0
0.0	260.0
834.0	12526.0
0.0	24.0
0.0	1646.0
0.0	0.0
108.0	130.0
0.0	104.0
108.0	512.0
0.0	0.0
0.0	650.0
0.0	353.0
0.0	657.0
0.0	323.0
0.0	0.0
0.0	483.0
128.0	6186.0
11.0	1298.0
0.0	78.0
803.0	7692.0
0.0	199.0
0.0	426.0
0.0	0.0
11.0	481.0
28.0	63.0
0.0	139.0
0.0	213.0
0.0	2102.0
74.0	2181.0
190.0	7268.0
21.0	39.0
0.0	62.0
0.0	74.0
5.0	1719.0
594.0	20035.0
0.0	0.0
0.0	759.0
0.0	0.0
0.0	225.0
0.0	143.0
0.0	1213.0
1.0	4954.0
24.0	1384.0
349.0	4028.0
0.0	976.0
0.0	0.0
0.0	294.0
0.0	47.0
132.0	722.0
0.0	480.0
255.0	5252.0
18.0	1656.0
0.0	230.0
0.0	240.0
0.0	4262.0
22.0	259.0
11.0	181.0
74.0	600.0
