0.0	326.0
520.0	2731.0
44.0	4125.0
610.0	19201.0
0.0	348.0
29.0	1063.0
0.0	250.0
1740.0	16852.0
483.0	1767.0
51.0	1774.0
0.0	523.0
192.0	1650.0
100.0	348.0
257.0	3736.0
21.0	1098.0
0.0	102.0
0.0	1318.0
3398.0	9713.0
0.0	875.0
0.0	586.0
13.0	167.0
76.0	4708.0
0.0	36.0
711.0	8127.0
0.0	243.0
124.0	607.0
424.0	24708.0
0.0	164.0
41.0	1091.0
11.0	3219.0
0.0	1063.0
31.0	222.0
239.0	2625.0
0.0	915.0
608.0	6245.0
2823.0	8123.0
0.0	1036.0
8.0	936.0
104.0	1986.0
69.0	3066.0
138.0	818.0
985.0	6428.0
82.0	1050.0
0.0	1005.0
632.0	1501.0
120.0	2339.0
0.0	1435.0
0.0	148.0
23.0	4461.0
261.0	6905.0
20.0	1911.0
28.0	930.0
41.0	312.0
0.0	298.0
0.0	842.0
401.0	4804.0
0.0	1737.0
28.0	700.0
987.0	7606.0
590.0	29282.0
20.0	6986.0
747.0	3128.0
2061.0	13770.0
0.0	618.0
0.0	1146.0
7.0	2557.0
0.0	265.0
0.0	70.0
2672.0	7835.0
41.0	1720.0
106.0	2083.0
149.0	6056.0
0.0	1093.0
66.0	1043.0
0.0	853.0
215.0	2041.0
151.0	5286.0
0.0	983.0
53.0	862.0
62.0	1115.0
167.0	6038.0
0.0	634.0
31.0	553.0
0.0	702.0
1863.0	5843.0
307.0	4659.0
0.0	24.0
56.0	3318.0
0.0	211.0
2672.0	9190.0
0.0	882.0
22.0	948.0
0.0	71.0
119.0	696.0
38.0	1907.0
17.0	1445.0
0.0	719.0
0.0	22.0
13.0	3739.0
0.0	525.0
0.0	603.0
0.0	739.0
0.0	87.0
89.0	2492.0
0.0	449.0
0.0	226.0
0.0	339.0
28.0	1902.0
0.0	1136.0
95.0	667.0
0.0	406.0
0.0	263.0
19.0	450.0
216.0	4246.0
0.0	1129.0
35.0	1590.0
70.0	1241.0
112.0	2146.0
7.0	810.0
0.0	1020.0
67.0	3988.0
0.0	873.0
0.0	228.0
62.0	1182.0
0.0	414.0
0.0	931.0
0.0	1470.0
26.0	2222.0
0.0	1486.0
42.0	1249.0
704.0	1490.0
316.0	5237.0
0.0	1660.0
0.0	96.0
0.0	0.0
0.0	271.0
0.0	1065.0
0.0	47.0
43.0	1162.0
0.0	6875.0
0.0	2441.0
0.0	1392.0
5.0	711.0
0.0	786.0
0.0	3456.0
0.0	484.0
7.0	127.0
0.0	489.0
0.0	697.0
5178.0	80666.0
0.0	145.0
0.0	922.0
89.0	3627.0
0.0	0.0
0.0	426.0
51.0	1677.0
1911.0	4735.0
77.0	10599.0
682.0	6962.0
94.0	2768.0
801.0	5283.0
17.0	2197.0
269.0	3421.0
49.0	1617.0
1044.0	2832.0
8.0	287.0
0.0	729.0
11.0	1501.0
413.0	512.0
69.0	960.0
0.0	440.0
53.0	1723.0
0.0	39.0
106.0	2909.0
110.0	2350.0
0.0	1033.0
2130.0	5290.0
45.0	1586.0
0.0	36.0
65.0	938.0
5.0	3430.0
390.0	11925.0
10.0	2080.0
96.0	2947.0
0.0	1050.0
0.0	93.0
15.0	2474.0
266.0	1042.0
0.0	380.0
14.0	893.0
1157.0	3025.0
0.0	274.0
21.0	1446.0
63.0	2056.0
148.0	1738.0
0.0	357.0
0.0	769.0
130.0	3619.0
0.0	217.0
18.0	327.0
0.0	2493.0
0.0	180.0
0.0	679.0
53.0	330.0
0.0	226.0
145.0	2019.0
279.0	1095.0
0.0	537.0
0.0	520.0
50.0	111.0
47.0	872.0
0.0	292.0
0.0	611.0
476.0	10515.0
0.0	227.0
19.0	2436.0
0.0	1184.0
0.0	1244.0
0.0	606.0
117.0	7759.0
40.0	536.0
0.0	16.0
322.0	2050.0
0.0	532.0
0.0	2335.0
0.0	744.0
107.0	690.0
61.0	508.0
0.0	291.0
4146.0	11751.0
0.0	1172.0
0.0	203.0
1422.0	5939.0
68.0	1694.0
0.0	1512.0
0.0	232.0
0.0	280.0
0.0	179.0
145.0	3609.0
97.0	1027.0
83.0	2037.0
143.0	2886.0
0.0	1148.0
9.0	1501.0
0.0	352.0
30.0	1196.0
0.0	316.0
0.0	588.0
0.0	949.0
203.0	1925.0
0.0	1158.0
0.0	325.0
150.0	6011.0
1261.0	5080.0
460.0	1156.0
517.0	5078.0
19.0	2110.0
76.0	1827.0
302.0	3851.0
0.0	1000.0
32.0	2570.0
87.0	1381.0
60.0	3223.0
128.0	2158.0
0.0	15.0
19.0	1519.0
0.0	1833.0
335.0	1946.0
30.0	460.0
0.0	609.0
0.0	395.0
92.0	2335.0
5.0	762.0
0.0	522.0
19.0	131.0
71.0	1283.0
0.0	647.0
0.0	893.0
0.0	1045.0
120.0	8174.0
87.0	1506.0
15.0	895.0
228.0	2850.0
1766.0	6112.0
43.0	4496.0
0.0	1824.0
15.0	1146.0
0.0	193.0
98.0	3977.0
0.0	421.0
189.0	1641.0
0.0	428.0
0.0	213.0
0.0	683.0
94.0	2717.0
261.0	2153.0
679.0	3918.0
0.0	560.0
162.0	1483.0
29.0	2240.0
9.0	3522.0
0.0	236.0
0.0	16.0
11.0	191.0
482.0	9061.0
124.0	6258.0
77.0	894.0
725.0	31829.0
61.0	429.0
772.0	5252.0
0.0	201.0
1756.0	6552.0
45.0	265.0
0.0	123.0
2.0	888.0
70.0	794.0
89.0	2714.0
8.0	560.0
0.0	879.0
17990.0	123010.0
375.0	5566.0
0.0	308.0
1054.0	16799.0
0.0	145.0
124.0	1290.0
0.0	478.0
0.0	161.0
0.0	902.0
0.0	1779.0
107.0	1196.0
0.0	349.0
397.0	5273.0
54.0	3939.0
11.0	476.0
0.0	2060.0
0.0	335.0
35.0	1534.0
735.0	4002.0
72.0	542.0
0.0	862.0
160.0	2321.0
13.0	2900.0
28.0	301.0
664.0	1167.0
10.0	2450.0
80.0	1471.0
52.0	976.0
20.0	2427.0
0.0	285.0
0.0	36.0
567.0	42615.0
0.0	1162.0
3503.0	16967.0
22.0	799.0
314.0	2770.0
0.0	1290.0
0.0	523.0
153.0	947.0
68.0	709.0
0.0	718.0
38.0	2715.0
2445.0	11019.0
1.0	1260.0
553.0	6557.0
0.0	643.0
0.0	339.0
62.0	610.0
0.0	239.0
40.0	1961.0
33.0	495.0
0.0	814.0
146.0	494.0
24.0	1079.0
42.0	139.0
35.0	429.0
61.0	1316.0
33.0	3311.0
0.0	194.0
192.0	6430.0
36.0	572.0
0.0	1302.0
0.0	515.0
24.0	895.0
0.0	573.0
0.0	1756.0
0.0	355.0
269.0	10856.0
1177.0	9036.0
58.0	3725.0
0.0	165.0
679.0	1184.0
73.0	1827.0
4757.0	16765.0
0.0	212.0
0.0	1542.0
494.0	4505.0
0.0	0.0
17.0	1741.0
0.0	537.0
253.0	2257.0
0.0	948.0
0.0	604.0
0.0	436.0
22.0	613.0
142.0	903.0
140.0	10969.0
0.0	0.0
32.0	863.0
1026.0	5040.0
47.0	1841.0
0.0	1366.0
0.0	47.0
0.0	187.0
78.0	900.0
146.0	2408.0
79.0	2252.0
19.0	2113.0
149.0	4465.0
653.0	3697.0
173.0	1866.0
113.0	1616.0
0.0	809.0
0.0	860.0
54.0	2266.0
0.0	541.0
0.0	903.0
788.0	2173.0
170.0	5420.0
44.0	2459.0
0.0	102.0
56.0	2385.0
18.0	931.0
778.0	4355.0
0.0	772.0
0.0	530.0
0.0	1099.0
0.0	38.0
10.0	875.0
60.0	1490.0
274.0	4142.0
305.0	4009.0
703.0	2053.0
0.0	854.0
0.0	305.0
0.0	372.0
80.0	354.0
0.0	42.0
0.0	316.0
814.0	1960.0
14.0	551.0
11.0	1422.0
5.0	835.0
0.0	824.0
0.0	696.0
0.0	293.0
0.0	486.0
1377.0	6882.0
213.0	1048.0
57.0	3595.0
155.0	3972.0
73.0	2950.0
33.0	2286.0
325.0	5739.0
21.0	581.0
181.0	3279.0
685.0	3025.0
0.0	880.0
19.0	1088.0
0.0	878.0
38.0	3402.0
0.0	17.0
0.0	543.0
6.0	3419.0
0.0	303.0
1638.0	7871.0
0.0	573.0
243.0	5197.0
83.0	471.0
421.0	3463.0
0.0	289.0
0.0	1805.0
0.0	2489.0
0.0	617.0
16.0	947.0
0.0	297.0
0.0	1164.0
268.0	4442.0
437.0	10530.0
219.0	3043.0
67.0	3441.0
245.0	4144.0
19.0	4011.0
0.0	2581.0
865.0	18984.0
1.0	1229.0
41.0	1537.0
0.0	887.0
140.0	1128.0
0.0	286.0
276.0	2136.0
999.0	5038.0
69.0	970.0
0.0	1413.0
651.0	7178.0
12.0	1110.0
0.0	366.0
686.0	7150.0
333.0	6897.0
275.0	969.0
0.0	901.0
0.0	156.0
3.0	692.0
0.0	184.0
1807.0	2542.0
468.0	4639.0
0.0	1361.0
0.0	264.0
18.0	1182.0
71.0	998.0
0.0	248.0
0.0	252.0
31.0	1262.0
0.0	1322.0
0.0	2258.0
31.0	4139.0
0.0	66.0
11.0	891.0
44.0	1795.0
97.0	3331.0
23.0	1016.0
63.0	3996.0
29.0	3385.0
62.0	998.0
290.0	1743.0
62.0	1062.0
7.0	341.0
0.0	1589.0
0.0	1472.0
0.0	2851.0
1329.0	8036.0
668.0	4146.0
3639.0	14179.0
60.0	4625.0
96.0	3231.0
0.0	480.0
0.0	260.0
83.0	1354.0
0.0	2250.0
270.0	1578.0
7.0	1682.0
60.0	484.0
32.0	1325.0
0.0	1670.0
0.0	1473.0
41.0	1787.0
114.0	4295.0
0.0	162.0
0.0	2874.0
182.0	4246.0
8.0	423.0
72.0	5772.0
0.0	147.0
1009.0	10437.0
0.0	482.0
316.0	6665.0
275.0	5884.0
0.0	988.0
176.0	5359.0
0.0	421.0
9.0	704.0
47.0	543.0
0.0	601.0
11.0	552.0
113.0	1471.0
99.0	3066.0
31.0	450.0
1267.0	8261.0
568.0	1933.0
73.0	1994.0
199.0	2554.0
399.0	5210.0
0.0	417.0
140.0	2982.0
0.0	542.0
0.0	229.0
3524.0	81325.0
155.0	5404.0
0.0	3178.0
0.0	234.0
238.0	1319.0
10.0	795.0
974.0	4193.0
0.0	154.0
0.0	426.0
31.0	774.0
0.0	3295.0
0.0	595.0
2.0	612.0
65.0	320.0
76.0	2506.0
0.0	283.0
98.0	2046.0
14.0	1661.0
717.0	4409.0
134.0	2178.0
0.0	694.0
0.0	153.0
0.0	2621.0
0.0	546.0
3251.0	11653.0
2491.0	10895.0
17.0	1879.0
358.0	7344.0
125.0	1391.0
0.0	791.0
20.0	2159.0
0.0	848.0
0.0	1356.0
0.0	705.0
28.0	2310.0
356.0	2559.0
0.0	1292.0
0.0	592.0
0.0	66.0
0.0	3811.0
23.0	1207.0
0.0	676.0
1577.0	6988.0
6.0	642.0
1057.0	6357.0
0.0	164.0
22.0	627.0
0.0	634.0
2677.0	9995.0
0.0	380.0
7.0	838.0
3212.0	10269.0
63.0	576.0
417.0	2316.0
672.0	1473.0
0.0	115.0
0.0	2419.0
0.0	1959.0
99.0	14117.0
11711.0	101058.0
0.0	141.0
0.0	1350.0
6.0	1129.0
51.0	3757.0
40.0	431.0
71.0	3406.0
44.0	471.0
51.0	2821.0
36.0	972.0
0.0	765.0
46.0	1831.0
630.0	3462.0
26.0	2417.0
1.0	1101.0
46.0	2389.0
24.0	850.0
1962.0	11849.0
411.0	2822.0
141.0	2607.0
1475.0	3772.0
183.0	1513.0
142.0	1868.0
185.0	819.0
180.0	9921.0
37.0	2368.0
1115.0	10937.0
55.0	184.0
29.0	1268.0
411.0	2941.0
34.0	2623.0
91.0	1245.0
1.0	1231.0
292.0	4311.0
110.0	1213.0
12.0	1135.0
78.0	599.0
105.0	5450.0
269.0	8397.0
136.0	1458.0
86.0	1108.0
43.0	906.0
71.0	1207.0
0.0	1095.0
165.0	3841.0
439.0	1369.0
0.0	110.0
96.0	4039.0
74.0	1858.0
17.0	888.0
164.0	1600.0
0.0	246.0
256.0	1779.0
0.0	611.0
222.0	1500.0
32.0	730.0
2689.0	14690.0
60.0	1916.0
199.0	2666.0
19.0	926.0
0.0	381.0
34.0	1080.0
114.0	3076.0
0.0	607.0
0.0	1381.0
0.0	433.0
0.0	648.0
928.0	3877.0
0.0	688.0
0.0	1225.0
100.0	1783.0
0.0	50.0
0.0	843.0
0.0	318.0
0.0	1140.0
0.0	665.0
394.0	4192.0
16.0	748.0
24.0	2969.0
115.0	892.0
25.0	1582.0
58.0	2506.0
241.0	3768.0
0.0	681.0
77.0	2480.0
228.0	1693.0
0.0	4073.0
77.0	1374.0
0.0	314.0
0.0	82.0
0.0	119.0
138.0	3244.0
188.0	2068.0
126.0	3566.0
0.0	549.0
61.0	3919.0
12.0	4476.0
1929.0	3570.0
48.0	561.0
0.0	449.0
837.0	5809.0
1513.0	12200.0
151.0	5105.0
0.0	32.0
265.0	3426.0
93.0	2093.0
45.0	1344.0
6953.0	20690.0
41.0	4187.0
0.0	777.0
143.0	4371.0
19.0	151.0
41.0	522.0
33.0	1084.0
35.0	2770.0
0.0	97.0
4830.0	68934.0
181.0	774.0
1137.0	4729.0
0.0	1635.0
0.0	388.0
391.0	5713.0
265.0	2556.0
16.0	378.0
65.0	4983.0
0.0	400.0
0.0	1196.0
0.0	16.0
0.0	500.0
45.0	1168.0
0.0	284.0
0.0	45.0
929.0	8529.0
63.0	1738.0
13.0	1350.0
140.0	1397.0
6082.0	104359.0
22.0	1230.0
83.0	895.0
0.0	1016.0
156.0	952.0
0.0	1271.0
0.0	1397.0
25.0	1243.0
0.0	678.0
151.0	1994.0
0.0	856.0
0.0	0.0
0.0	630.0
0.0	650.0
24.0	605.0
0.0	971.0
775.0	66156.0
75.0	4013.0
317.0	7885.0
141.0	2796.0
1263.0	9527.0
0.0	264.0
0.0	457.0
109.0	9472.0
970.0	3190.0
83.0	4280.0
119.0	1493.0
525.0	5118.0
1453.0	5380.0
0.0	1408.0
25.0	940.0
59.0	1152.0
72.0	3001.0
44.0	512.0
42.0	6711.0
55.0	1662.0
367.0	2596.0
0.0	192.0
187.0	2772.0
19.0	682.0
61.0	377.0
0.0	123.0
2.0	383.0
1384.0	3936.0
23.0	1679.0
0.0	485.0
458.0	3554.0
26.0	403.0
0.0	1197.0
0.0	1685.0
0.0	95.0
542.0	2526.0
45.0	3284.0
20.0	849.0
112.0	658.0
129.0	1551.0
1729.0	6442.0
0.0	485.0
448.0	37844.0
0.0	2082.0
0.0	759.0
119.0	14416.0
0.0	1568.0
0.0	75.0
0.0	113.0
0.0	487.0
0.0	1044.0
0.0	567.0
124.0	1406.0
0.0	528.0
54.0	1686.0
0.0	1438.0
50.0	787.0
35.0	3892.0
20.0	644.0
0.0	368.0
13.0	424.0
134.0	5136.0
315.0	3072.0
2602.0	10927.0
140.0	1196.0
17.0	199.0
0.0	1871.0
346.0	2283.0
0.0	1408.0
167.0	4533.0
0.0	271.0
102.0	1700.0
22.0	1073.0
26.0	1020.0
105.0	906.0
15.0	2100.0
108.0	8587.0
166.0	7653.0
105.0	1730.0
52.0	992.0
26.0	375.0
0.0	1233.0
26.0	6098.0
13.0	1287.0
26.0	1943.0
129.0	3155.0
53.0	1316.0
345.0	6695.0
9.0	543.0
11.0	3500.0
0.0	1388.0
68.0	5625.0
0.0	2064.0
1524.0	31626.0
15.0	350.0
0.0	163.0
0.0	1375.0
0.0	280.0
39.0	520.0
0.0	951.0
0.0	815.0
0.0	756.0
81.0	1063.0
0.0	542.0
140.0	2594.0
0.0	571.0
0.0	836.0
182.0	8022.0
0.0	657.0
0.0	0.0
1.0	856.0
95.0	1789.0
67.0	4617.0
25.0	4691.0
69.0	2689.0
40.0	569.0
53.0	2429.0
0.0	0.0
52.0	695.0
113.0	3025.0
164.0	3210.0
0.0	193.0
0.0	148.0
236.0	4486.0
524.0	23299.0
3.0	151.0
115.0	1800.0
0.0	345.0
0.0	15.0
1109.0	2708.0
0.0	128.0
52.0	2789.0
1034.0	9494.0
260.0	8393.0
270.0	6989.0
46.0	2601.0
2439.0	7722.0
1732.0	6399.0
633.0	3531.0
143.0	4444.0
9.0	1436.0
40.0	795.0
448.0	6069.0
25.0	1355.0
0.0	1754.0
100.0	592.0
271.0	3454.0
30.0	1181.0
0.0	425.0
0.0	838.0
95.0	2916.0
4.0	1241.0
15.0	944.0
0.0	2872.0
79.0	1351.0
0.0	120.0
4586.0	15746.0
1821.0	4357.0
30.0	2387.0
16.0	1925.0
0.0	1154.0
193.0	7113.0
0.0	1181.0
282.0	17301.0
28.0	2212.0
871.0	1865.0
409.0	619.0
31.0	193.0
19.0	707.0
0.0	521.0
167.0	571.0
20.0	922.0
0.0	344.0
0.0	0.0
14.0	597.0
2.0	776.0
51.0	1583.0
19.0	990.0
2801.0	11239.0
0.0	560.0
0.0	295.0
2739.0	6960.0
0.0	1281.0
57.0	870.0
86.0	2282.0
286.0	1929.0
539.0	6934.0
0.0	815.0
71.0	666.0
0.0	608.0
0.0	1305.0
0.0	3467.0
14.0	725.0
0.0	493.0
0.0	110.0
0.0	417.0
0.0	608.0
0.0	516.0
50.0	2284.0
0.0	1247.0
627.0	5721.0
52.0	2519.0
0.0	1381.0
124.0	2489.0
56.0	2851.0
10.0	2494.0
55.0	710.0
677.0	5803.0
1201.0	5809.0
71.0	6070.0
560.0	3715.0
0.0	608.0
7.0	2240.0
20.0	937.0
30.0	1309.0
0.0	567.0
961.0	7514.0
6.0	553.0
61.0	931.0
0.0	118.0
0.0	530.0
0.0	418.0
0.0	62.0
118.0	1598.0
0.0	1608.0
0.0	1084.0
0.0	496.0
206.0	5909.0
53.0	1124.0
19.0	2652.0
20.0	512.0
0.0	0.0
20.0	375.0
42.0	3455.0
13.0	794.0
974.0	7882.0
0.0	1031.0
783.0	8393.0
321.0	1796.0
13.0	6263.0
939.0	3840.0
118.0	663.0
0.0	1086.0
0.0	1230.0
250.0	8492.0
25.0	299.0
383.0	2579.0
8740.0	60369.0
128.0	398.0
306.0	4719.0
0.0	185.0
708.0	3764.0
4123.0	12368.0
44.0	1082.0
952.0	4785.0
85.0	554.0
11.0	5282.0
23.0	467.0
18.0	97.0
0.0	613.0
0.0	487.0
23.0	175.0
66.0	3568.0
0.0	1396.0
105.0	2746.0
0.0	1692.0
2.0	1061.0
33.0	467.0
64.0	2880.0
276.0	2414.0
0.0	0.0
129.0	989.0
0.0	673.0
0.0	851.0
176.0	3279.0
0.0	1233.0
0.0	2117.0
241.0	3834.0
0.0	196.0
45.0	2604.0
108.0	1431.0
0.0	118.0
44.0	731.0
51.0	213.0
0.0	1540.0
30.0	5591.0
0.0	331.0
28.0	591.0
36.0	1717.0
0.0	168.0
173.0	5280.0
0.0	0.0
62.0	2090.0
130.0	1813.0
7.0	6657.0
63.0	1628.0
321.0	4264.0
199.0	1741.0
15.0	3702.0
126.0	3682.0
0.0	0.0
82.0	863.0
173.0	793.0
0.0	799.0
58.0	1021.0
0.0	77.0
0.0	864.0
0.0	171.0
41.0	614.0
0.0	749.0
0.0	1340.0
0.0	696.0
29.0	1217.0
0.0	2015.0
15.0	1067.0
0.0	20.0
48.0	962.0
3777.0	46902.0
1561.0	19740.0
0.0	441.0
0.0	185.0
22.0	971.0
141.0	1612.0
3856.0	13125.0
0.0	226.0
13.0	1706.0
53.0	343.0
521.0	4168.0
78.0	2098.0
14.0	1040.0
19.0	3055.0
0.0	136.0
31.0	266.0
1758.0	5626.0
345.0	5013.0
877.0	2757.0
172.0	1294.0
1181.0	2912.0
21.0	795.0
0.0	187.0
0.0	0.0
75.0	1615.0
0.0	280.0
37.0	5564.0
0.0	1310.0
99.0	3623.0
3703.0	17190.0
15.0	12503.0
0.0	163.0
0.0	864.0
40.0	458.0
56.0	1645.0
0.0	775.0
26.0	1074.0
2203.0	24703.0
4.0	1266.0
26.0	2422.0
0.0	895.0
1342.0	4038.0
0.0	0.0
89.0	2032.0
0.0	87.0
871.0	5656.0
0.0	849.0
0.0	1566.0
0.0	1072.0
108.0	908.0
164.0	3615.0
0.0	211.0
716.0	6601.0
409.0	2043.0
61.0	744.0
316.0	2591.0
0.0	891.0
0.0	1034.0
9.0	694.0
0.0	472.0
0.0	544.0
1525.0	8915.0
51.0	2023.0
0.0	519.0
0.0	0.0
32.0	6740.0
0.0	1225.0
616.0	3073.0
0.0	0.0
21.0	2609.0
198.0	1383.0
0.0	370.0
41.0	735.0
54.0	3554.0
0.0	586.0
106.0	8315.0
0.0	1309.0
0.0	1551.0
0.0	0.0
0.0	0.0
0.0	406.0
47.0	247.0
25.0	1088.0
12.0	898.0
46.0	929.0
319.0	8680.0
0.0	715.0
134.0	5878.0
0.0	734.0
163.0	3207.0
126.0	3827.0
0.0	952.0
0.0	181.0
154.0	292.0
98.0	935.0
0.0	854.0
0.0	361.0
857.0	3239.0
0.0	508.0
2224.0	48848.0
44.0	1180.0
0.0	261.0
0.0	184.0
0.0	0.0
14.0	826.0
0.0	438.0
78.0	2329.0
0.0	788.0
0.0	1517.0
73.0	2455.0
0.0	1976.0
19.0	60.0
16.0	961.0
7.0	1796.0
0.0	557.0
570.0	1839.0
0.0	0.0
0.0	79.0
2396.0	5729.0
444.0	7715.0
0.0	1069.0
0.0	223.0
9.0	1179.0
33.0	1782.0
0.0	506.0
0.0	241.0
120.0	2571.0
0.0	339.0
15.0	2702.0
0.0	24.0
0.0	218.0
0.0	730.0
710.0	2779.0
0.0	1011.0
347.0	3772.0
42.0	2428.0
32.0	687.0
0.0	3344.0
30.0	850.0
0.0	340.0
1015.0	9300.0
42.0	694.0
1382.0	26702.0
0.0	483.0
0.0	211.0
90.0	2856.0
128.0	3099.0
0.0	210.0
0.0	885.0
0.0	496.0
0.0	474.0
46.0	1933.0
0.0	110.0
253.0	4388.0
0.0	1751.0
1377.0	3850.0
24.0	1109.0
53.0	1085.0
12.0	1792.0
24.0	282.0
515.0	4140.0
0.0	229.0
15.0	431.0
0.0	198.0
12.0	6267.0
0.0	32.0
301.0	4894.0
227.0	1875.0
3419.0	10217.0
0.0	420.0
59.0	936.0
40.0	1520.0
393.0	8204.0
0.0	686.0
253.0	484.0
0.0	4473.0
40.0	4482.0
0.0	1159.0
0.0	412.0
44.0	3306.0
84.0	3118.0
0.0	0.0
80.0	342.0
0.0	258.0
0.0	1842.0
0.0	827.0
310.0	8600.0
152.0	2102.0
18.0	4252.0
20.0	1815.0
0.0	54.0
295.0	5022.0
101.0	4661.0
0.0	123.0
1.0	698.0
0.0	2034.0
0.0	1038.0
0.0	3275.0
43.0	1331.0
17.0	189.0
0.0	654.0
0.0	146.0
66.0	2412.0
6.0	1456.0
30.0	401.0
58.0	420.0
0.0	434.0
0.0	336.0
68.0	662.0
180.0	6891.0
689.0	5249.0
0.0	365.0
9.0	225.0
64.0	2272.0
203.0	9498.0
0.0	1045.0
0.0	2690.0
25.0	1168.0
0.0	786.0
47.0	465.0
793.0	3310.0
0.0	500.0
25.0	910.0
8.0	448.0
0.0	195.0
14.0	494.0
113.0	1222.0
0.0	907.0
12.0	1498.0
0.0	2163.0
120.0	6024.0
4.0	270.0
527.0	2282.0
0.0	704.0
5094.0	17505.0
33.0	2208.0
144.0	891.0
142.0	579.0
0.0	66.0
9.0	453.0
0.0	832.0
380.0	8577.0
0.0	3536.0
978.0	13510.0
180.0	3631.0
196.0	10790.0
202.0	928.0
199.0	5277.0
12.0	2292.0
2935.0	10382.0
0.0	317.0
0.0	2223.0
0.0	2467.0
0.0	22.0
205.0	9139.0
915.0	2873.0
42.0	2264.0
16.0	808.0
368.0	5484.0
0.0	954.0
30.0	254.0
886.0	14629.0
13.0	332.0
0.0	1538.0
47.0	1600.0
49.0	1885.0
78.0	5288.0
3445.0	15581.0
0.0	80.0
0.0	456.0
0.0	0.0
0.0	892.0
519.0	9446.0
0.0	461.0
2329.0	6940.0
718.0	9749.0
0.0	0.0
0.0	196.0
9.0	543.0
14.0	8611.0
0.0	51.0
0.0	715.0
6.0	1042.0
0.0	323.0
132.0	3429.0
10.0	1744.0
0.0	255.0
0.0	419.0
0.0	474.0
0.0	468.0
10.0	710.0
24.0	899.0
35.0	11645.0
0.0	858.0
0.0	6177.0
284.0	6134.0
0.0	1473.0
6.0	2456.0
544.0	2007.0
0.0	735.0
0.0	713.0
0.0	4201.0
207.0	2438.0
0.0	196.0
0.0	1751.0
60.0	1573.0
104.0	1799.0
707.0	1629.0
0.0	2063.0
0.0	578.0
24.0	2090.0
97.0	1203.0
0.0	0.0
962.0	25198.0
74.0	635.0
54.0	3440.0
372.0	1179.0
0.0	3014.0
0.0	595.0
115.0	1931.0
47.0	1210.0
0.0	268.0
116.0	7128.0
260.0	4045.0
94.0	2627.0
0.0	1503.0
139.0	568.0
263.0	4896.0
2797.0	10278.0
0.0	6019.0
0.0	906.0
32.0	2024.0
0.0	660.0
21.0	5253.0
5.0	423.0
137.0	2287.0
47.0	5222.0
0.0	1728.0
0.0	268.0
50.0	588.0
46.0	971.0
0.0	59.0
531.0	3629.0
653.0	797.0
2176.0	91133.0
5.0	1187.0
31.0	826.0
0.0	0.0
572.0	1013.0
4.0	1048.0
0.0	876.0
1045.0	6786.0
0.0	330.0
24.0	191.0
10.0	369.0
39.0	856.0
236.0	3590.0
179.0	6887.0
73.0	2912.0
253.0	6024.0
0.0	2029.0
16.0	2383.0
12.0	504.0
133.0	1671.0
0.0	2599.0
148.0	765.0
0.0	2319.0
0.0	940.0
0.0	738.0
0.0	237.0
1846.0	9201.0
139.0	6491.0
130.0	1282.0
41.0	494.0
683.0	2053.0
1402.0	5985.0
145.0	1100.0
71.0	3355.0
1847.0	4495.0
0.0	2224.0
0.0	827.0
7.0	1131.0
928.0	7504.0
23.0	253.0
0.0	800.0
0.0	319.0
0.0	371.0
0.0	715.0
0.0	1725.0
0.0	515.0
0.0	1133.0
0.0	223.0
226.0	2277.0
0.0	197.0
55.0	2267.0
227.0	4158.0
1710.0	73071.0
0.0	60.0
146.0	3489.0
228.0	3275.0
0.0	1754.0
100.0	494.0
140.0	380.0
0.0	374.0
0.0	144.0
91.0	574.0
62.0	3191.0
579.0	3368.0
22.0	833.0
0.0	402.0
535.0	3560.0
97.0	2484.0
0.0	266.0
248.0	1124.0
0.0	145.0
81.0	1093.0
64.0	3085.0
0.0	666.0
0.0	990.0
6.0	695.0
65.0	6317.0
152.0	1159.0
68.0	1511.0
0.0	164.0
1981.0	6649.0
14.0	465.0
121.0	862.0
21.0	2280.0
0.0	0.0
0.0	1042.0
3060.0	11226.0
246.0	2167.0
101.0	1945.0
0.0	42.0
27.0	722.0
0.0	407.0
20.0	3266.0
3589.0	11289.0
0.0	21.0
292.0	4268.0
0.0	463.0
160.0	917.0
599.0	2296.0
76.0	2653.0
0.0	1950.0
0.0	777.0
2055.0	7934.0
0.0	241.0
0.0	432.0
34.0	497.0
165.0	3945.0
0.0	690.0
0.0	947.0
0.0	389.0
171.0	563.0
156.0	1331.0
0.0	1179.0
0.0	1298.0
108.0	899.0
71.0	4283.0
0.0	305.0
56.0	2015.0
229.0	2186.0
127.0	4368.0
47.0	756.0
0.0	272.0
34.0	1553.0
0.0	1496.0
0.0	48.0
0.0	552.0
0.0	583.0
178.0	1571.0
126.0	3341.0
2146.0	6366.0
107.0	2601.0
439.0	6151.0
0.0	89.0
2.0	774.0
17888.0	88660.0
992.0	5663.0
1054.0	6436.0
515.0	2705.0
821.0	4435.0
0.0	5663.0
13.0	1898.0
169.0	425.0
0.0	39.0
840.0	7765.0
241.0	5102.0
19.0	412.0
568.0	3450.0
1244.0	3615.0
63.0	3441.0
6.0	1506.0
66.0	3180.0
0.0	1153.0
0.0	2533.0
0.0	430.0
473.0	3409.0
0.0	780.0
1.0	1126.0
298.0	2641.0
0.0	640.0
684.0	3995.0
57.0	8558.0
94.0	2198.0
1.0	1490.0
59.0	2855.0
121.0	1440.0
37.0	1588.0
0.0	371.0
13.0	4165.0
34.0	382.0
0.0	1026.0
97.0	396.0
174.0	6184.0
34.0	847.0
537.0	6371.0
39.0	445.0
0.0	2483.0
69.0	1283.0
0.0	166.0
36.0	285.0
66.0	2605.0
16.0	1179.0
54.0	140.0
121.0	6338.0
314.0	3022.0
287.0	3543.0
0.0	264.0
0.0	322.0
0.0	256.0
828.0	2436.0
0.0	155.0
0.0	1362.0
0.0	106.0
363.0	3575.0
7.0	446.0
88.0	911.0
171.0	3397.0
64.0	6177.0
28.0	359.0
25.0	650.0
0.0	1440.0
44.0	257.0
46.0	1162.0
1407.0	4868.0
1369.0	5523.0
71.0	1240.0
0.0	402.0
0.0	380.0
412.0	5643.0
0.0	62.0
0.0	1141.0
1.0	515.0
312.0	3525.0
11.0	1094.0
57.0	1264.0
594.0	3721.0
33.0	257.0
0.0	181.0
0.0	17.0
0.0	1692.0
291.0	3474.0
0.0	517.0
12.0	288.0
273.0	4154.0
122.0	2582.0
42.0	1644.0
121.0	4640.0
416.0	4576.0
2992.0	7017.0
2803.0	7606.0
239.0	3066.0
0.0	167.0
9.0	1927.0
88.0	1096.0
85.0	1487.0
332.0	4026.0
0.0	862.0
8.0	891.0
178.0	1598.0
1715.0	4766.0
0.0	411.0
12.0	292.0
7636.0	140911.0
15.0	1503.0
114.0	2364.0
0.0	545.0
0.0	97.0
0.0	414.0
121.0	4633.0
0.0	72.0
0.0	2340.0
0.0	891.0
30.0	1896.0
181.0	786.0
0.0	312.0
35.0	258.0
0.0	404.0
316.0	4832.0
23.0	1705.0
12.0	618.0
0.0	685.0
0.0	434.0
63.0	1435.0
40.0	716.0
27.0	1789.0
70.0	1761.0
185.0	761.0
18.0	600.0
0.0	3273.0
0.0	470.0
0.0	374.0
26.0	1429.0
7.0	605.0
13.0	2389.0
0.0	840.0
178.0	1993.0
1051.0	4726.0
22.0	333.0
0.0	44.0
0.0	406.0
0.0	243.0
48.0	1183.0
43.0	409.0
4960.0	124672.0
2485.0	10097.0
0.0	417.0
92.0	4204.0
60.0	721.0
61.0	1516.0
43.0	2094.0
0.0	289.0
74.0	3857.0
85.0	612.0
69.0	1803.0
0.0	787.0
714.0	7337.0
134.0	2297.0
0.0	323.0
24.0	2153.0
7.0	680.0
165.0	1326.0
0.0	117.0
0.0	174.0
58.0	535.0
138.0	1102.0
0.0	1608.0
34.0	7371.0
28.0	1343.0
0.0	231.0
0.0	527.0
113.0	2099.0
2184.0	7676.0
199.0	831.0
242.0	991.0
82.0	1131.0
758.0	4065.0
0.0	864.0
16.0	4035.0
0.0	173.0
3145.0	37346.0
0.0	465.0
22.0	631.0
3.0	2263.0
0.0	1409.0
17.0	634.0
22.0	1830.0
5.0	624.0
13.0	1496.0
0.0	131.0
25.0	849.0
67.0	2353.0
0.0	465.0
0.0	1164.0
12.0	1170.0
2292.0	9528.0
0.0	1030.0
1669.0	7272.0
0.0	0.0
62.0	1941.0
3.0	371.0
83.0	200.0
20.0	3329.0
68.0	963.0
630.0	6145.0
0.0	326.0
0.0	115.0
0.0	204.0
30.0	2650.0
0.0	410.0
0.0	576.0
0.0	1325.0
38.0	1075.0
21.0	2409.0
43.0	1339.0
8.0	1909.0
180.0	8351.0
235.0	1570.0
6.0	1630.0
0.0	0.0
0.0	434.0
0.0	255.0
38.0	4637.0
0.0	272.0
260.0	3678.0
0.0	0.0
16.0	796.0
0.0	1999.0
0.0	96.0
0.0	145.0
10.0	796.0
37.0	267.0
158.0	1413.0
20.0	416.0
0.0	1709.0
23.0	1468.0
0.0	2575.0
0.0	184.0
0.0	1496.0
30.0	601.0
675.0	1193.0
19.0	443.0
673.0	1306.0
1385.0	6905.0
67.0	6713.0
60.0	1266.0
10.0	603.0
0.0	664.0
2289.0	5747.0
524.0	2626.0
0.0	808.0
6089.0	110731.0
2023.0	22303.0
15.0	2473.0
2634.0	66025.0
188.0	532.0
0.0	1279.0
20.0	701.0
1.0	1196.0
22.0	1705.0
0.0	1159.0
230.0	5085.0
1846.0	9820.0
112.0	1618.0
0.0	2646.0
662.0	6938.0
99.0	546.0
160.0	1125.0
0.0	219.0
39.0	2066.0
494.0	4512.0
0.0	1178.0
93.0	1952.0
32.0	1156.0
0.0	498.0
213.0	3415.0
124.0	3548.0
0.0	1144.0
9.0	504.0
0.0	992.0
99.0	1851.0
103.0	1026.0
0.0	927.0
15.0	1174.0
246.0	4136.0
191.0	2082.0
77.0	1261.0
57.0	558.0
53.0	2201.0
4.0	1308.0
12.0	866.0
44.0	596.0
17.0	693.0
0.0	190.0
186.0	2095.0
3489.0	12520.0
60.0	680.0
0.0	872.0
6.0	2068.0
925.0	2718.0
0.0	1252.0
7.0	851.0
329.0	5938.0
0.0	0.0
87.0	774.0
335.0	2338.0
0.0	610.0
16.0	2225.0
0.0	215.0
37.0	100.0
126.0	3113.0
0.0	1531.0
196.0	2865.0
6.0	796.0
6.0	574.0
0.0	260.0
172.0	1851.0
88.0	1337.0
0.0	504.0
43.0	388.0
285.0	7247.0
7.0	610.0
0.0	4660.0
439.0	8170.0
5.0	3009.0
7.0	4487.0
244.0	3550.0
2276.0	7984.0
908.0	7173.0
113.0	1376.0
130.0	2144.0
19.0	1729.0
190.0	366.0
0.0	1172.0
7.0	2391.0
3.0	1144.0
876.0	3261.0
0.0	224.0
0.0	3277.0
0.0	0.0
335.0	1728.0
230.0	5657.0
21.0	862.0
203.0	2239.0
4.0	348.0
314.0	4439.0
18.0	1297.0
215.0	1715.0
68.0	643.0
11.0	6583.0
1253.0	2321.0
734.0	5378.0
1105.0	1549.0
3712.0	56555.0
0.0	945.0
5.0	643.0
0.0	4581.0
298.0	4556.0
334.0	1425.0
0.0	829.0
0.0	180.0
366.0	2401.0
7.0	1473.0
0.0	712.0
15.0	508.0
0.0	3216.0
21.0	1802.0
0.0	249.0
0.0	707.0
167.0	879.0
0.0	502.0
4.0	797.0
94.0	2621.0
2839.0	9966.0
249.0	3099.0
0.0	1812.0
359.0	2903.0
13.0	513.0
1.0	245.0
0.0	363.0
2660.0	9247.0
134.0	1744.0
559.0	1236.0
31.0	757.0
0.0	162.0
19.0	868.0
288.0	1266.0
9.0	694.0
514.0	4249.0
57.0	987.0
0.0	402.0
228.0	1161.0
78.0	957.0
1.0	410.0
67.0	2425.0
14.0	1866.0
90.0	1429.0
55.0	1426.0
0.0	2002.0
8.0	400.0
183.0	5959.0
71.0	1002.0
50.0	7217.0
667.0	1413.0
11.0	1180.0
80.0	3082.0
9.0	1535.0
0.0	442.0
0.0	116.0
151.0	1452.0
48.0	1688.0
0.0	2165.0
0.0	69.0
0.0	291.0
39.0	5186.0
0.0	809.0
0.0	1415.0
152.0	1947.0
185.0	1667.0
0.0	480.0
0.0	0.0
4.0	550.0
82.0	1649.0
0.0	303.0
0.0	1747.0
0.0	1092.0
73.0	656.0
0.0	613.0
0.0	142.0
0.0	154.0
0.0	921.0
161.0	2353.0
141.0	859.0
1383.0	4522.0
131.0	520.0
0.0	1983.0
0.0	467.0
9024.0	109394.0
0.0	180.0
607.0	6555.0
47.0	1531.0
0.0	1667.0
0.0	0.0
21216.0	135370.0
16.0	3462.0
92.0	1864.0
126.0	714.0
103.0	1163.0
0.0	2584.0
60.0	1676.0
0.0	1080.0
25.0	615.0
0.0	990.0
42.0	4014.0
11.0	2541.0
111.0	1138.0
0.0	310.0
18.0	1371.0
369.0	1965.0
272.0	4137.0
0.0	1002.0
0.0	294.0
0.0	4098.0
205.0	3931.0
0.0	633.0
83.0	3244.0
46.0	3380.0
0.0	331.0
130.0	5477.0
0.0	186.0
1238.0	3545.0
112.0	596.0
3598.0	52287.0
13.0	3322.0
69.0	1159.0
0.0	508.0
0.0	416.0
0.0	174.0
0.0	1453.0
185.0	2823.0
116.0	619.0
9.0	1113.0
56.0	1147.0
47.0	811.0
173.0	5028.0
5.0	904.0
0.0	2007.0
77.0	1393.0
13.0	497.0
0.0	77.0
0.0	837.0
900.0	2064.0
0.0	1000.0
31.0	772.0
217.0	3525.0
0.0	1439.0
0.0	694.0
411.0	5513.0
88.0	2448.0
0.0	643.0
1497.0	6005.0
0.0	373.0
0.0	1450.0
94.0	3288.0
0.0	269.0
77.0	2492.0
0.0	213.0
39.0	1407.0
0.0	594.0
29.0	1348.0
101.0	414.0
0.0	890.0
0.0	517.0
182.0	43940.0
0.0	193.0
49.0	4294.0
0.0	125.0
74.0	406.0
0.0	42.0
170.0	9272.0
8.0	1264.0
193.0	2031.0
4613.0	12802.0
0.0	65.0
5.0	421.0
319.0	3073.0
0.0	969.0
64.0	564.0
154.0	10722.0
17.0	1211.0
0.0	1470.0
668.0	5733.0
0.0	240.0
0.0	315.0
955.0	58990.0
132.0	3665.0
46.0	2496.0
0.0	54.0
0.0	261.0
363.0	2835.0
1006.0	4265.0
11.0	1609.0
25.0	945.0
120.0	1775.0
0.0	136.0
241.0	5327.0
92.0	1113.0
0.0	385.0
0.0	17.0
0.0	1298.0
421.0	4264.0
179.0	2136.0
14.0	263.0
1006.0	8979.0
8.0	519.0
91.0	2514.0
25203.0	147859.0
0.0	2857.0
619.0	5645.0
4.0	1456.0
485.0	1860.0
47.0	925.0
9.0	1966.0
346.0	6724.0
88.0	671.0
0.0	409.0
34.0	6280.0
1417.0	5932.0
151.0	2110.0
21.0	3733.0
0.0	465.0
7.0	815.0
12.0	1389.0
773.0	3274.0
0.0	421.0
0.0	1203.0
2611.0	8988.0
0.0	1039.0
108.0	1696.0
0.0	3405.0
0.0	495.0
34.0	2689.0
7.0	1690.0
17.0	501.0
18751.0	102535.0
0.0	505.0
0.0	674.0
54.0	3195.0
0.0	271.0
0.0	383.0
186.0	1985.0
723.0	5165.0
6.0	304.0
266.0	1953.0
930.0	5166.0
0.0	461.0
133.0	3350.0
82.0	1546.0
7190.0	100126.0
0.0	223.0
52.0	5558.0
119.0	2221.0
108.0	802.0
150.0	1000.0
4.0	1907.0
0.0	1541.0
0.0	1615.0
0.0	229.0
45.0	99.0
0.0	626.0
0.0	109.0
0.0	532.0
0.0	160.0
24.0	395.0
0.0	46.0
176.0	1991.0
11.0	522.0
0.0	432.0
529.0	777.0
85.0	573.0
32.0	507.0
290.0	4939.0
64.0	2391.0
620.0	5132.0
838.0	2243.0
0.0	1263.0
18.0	1416.0
0.0	3153.0
489.0	4111.0
693.0	2855.0
0.0	201.0
36.0	2508.0
103.0	1799.0
0.0	387.0
2.0	779.0
65.0	855.0
61.0	272.0
2725.0	95749.0
49.0	4194.0
0.0	511.0
0.0	28.0
129.0	2682.0
24.0	3764.0
46.0	3438.0
111.0	1366.0
34.0	1734.0
103.0	3578.0
0.0	276.0
0.0	511.0
55.0	2313.0
45.0	1778.0
12.0	1168.0
48.0	2831.0
0.0	823.0
12.0	3619.0
0.0	108.0
0.0	61.0
0.0	773.0
647.0	1522.0
228.0	1907.0
0.0	84.0
33.0	819.0
0.0	842.0
714.0	1853.0
20.0	166.0
0.0	0.0
33.0	3545.0
56.0	729.0
14.0	723.0
0.0	450.0
1146.0	5927.0
0.0	294.0
31.0	530.0
844.0	10310.0
52.0	4062.0
11.0	769.0
1131.0	35013.0
0.0	290.0
190.0	2323.0
243.0	1661.0
0.0	0.0
0.0	728.0
779.0	2826.0
13.0	1331.0
0.0	1089.0
7.0	1074.0
278.0	5581.0
0.0	1078.0
26.0	545.0
25.0	689.0
0.0	1077.0
10.0	1062.0
72.0	288.0
66.0	896.0
50.0	1082.0
0.0	559.0
109.0	231.0
45.0	3513.0
49.0	9896.0
0.0	1294.0
0.0	185.0
0.0	0.0
585.0	5407.0
27.0	672.0
0.0	1853.0
25.0	178.0
0.0	104.0
163.0	778.0
0.0	1023.0
0.0	1193.0
0.0	454.0
3.0	713.0
3522.0	8517.0
0.0	130.0
203.0	6590.0
4476.0	13514.0
46.0	1240.0
76.0	1272.0
0.0	846.0
9.0	968.0
0.0	1434.0
3694.0	8225.0
11.0	1458.0
1355.0	20422.0
24.0	2853.0
61.0	483.0
26.0	1286.0
0.0	1718.0
1.0	126.0
0.0	123.0
26.0	822.0
0.0	1817.0
171.0	895.0
72.0	647.0
94.0	2694.0
19.0	785.0
0.0	297.0
1543.0	3954.0
1043.0	3506.0
34.0	1015.0
345.0	5629.0
1010.0	6237.0
172.0	2156.0
0.0	352.0
1805.0	5900.0
593.0	4501.0
169.0	2436.0
0.0	492.0
115.0	3971.0
171.0	1236.0
0.0	70.0
0.0	1176.0
13.0	1062.0
0.0	232.0
0.0	203.0
0.0	110.0
1996.0	5789.0
5.0	667.0
2.0	208.0
25.0	1596.0
102.0	7109.0
0.0	262.0
81.0	5818.0
120.0	4009.0
104.0	2033.0
0.0	139.0
914.0	7767.0
0.0	151.0
35.0	549.0
515.0	4935.0
0.0	337.0
120.0	4487.0
38.0	4299.0
206.0	2640.0
334.0	12294.0
3207.0	49257.0
159.0	5200.0
186.0	6310.0
0.0	247.0
88.0	2430.0
58.0	1855.0
28.0	555.0
40.0	1914.0
1061.0	26169.0
0.0	3269.0
0.0	254.0
7.0	2179.0
5.0	2107.0
0.0	78.0
179.0	2665.0
260.0	4956.0
0.0	228.0
28.0	1127.0
672.0	3173.0
523.0	2497.0
1467.0	8414.0
0.0	109.0
0.0	17.0
0.0	895.0
1949.0	47017.0
1733.0	8398.0
0.0	925.0
103.0	1164.0
206.0	1805.0
61.0	1456.0
91.0	2837.0
3162.0	12842.0
0.0	660.0
13.0	1944.0
37.0	2448.0
7.0	128.0
0.0	2264.0
248.0	3815.0
0.0	726.0
0.0	905.0
9.0	574.0
6.0	1758.0
0.0	3157.0
28.0	3001.0
0.0	256.0
0.0	274.0
0.0	478.0
856.0	14064.0
1363.0	1867.0
1035.0	7909.0
39.0	1925.0
74.0	1729.0
0.0	203.0
0.0	319.0
0.0	123.0
9.0	1090.0
0.0	248.0
0.0	966.0
84.0	1520.0
186.0	5586.0
13.0	2057.0
0.0	481.0
222.0	1184.0
83.0	1438.0
0.0	324.0
111.0	682.0
136.0	3907.0
30.0	4974.0
182.0	2907.0
0.0	636.0
2955.0	12216.0
0.0	1565.0
17.0	3054.0
0.0	348.0
100.0	762.0
291.0	8424.0
0.0	393.0
330.0	3385.0
579.0	3318.0
23.0	858.0
0.0	143.0
0.0	0.0
1010.0	5294.0
0.0	1166.0
16.0	434.0
0.0	3351.0
454.0	2397.0
363.0	5851.0
0.0	2009.0
1139.0	8785.0
878.0	16981.0
24.0	3714.0
2238.0	22017.0
117.0	902.0
313.0	5750.0
14.0	989.0
241.0	2659.0
2928.0	7836.0
183.0	1489.0
253.0	3130.0
0.0	632.0
0.0	333.0
144.0	2469.0
0.0	847.0
0.0	240.0
0.0	408.0
0.0	675.0
0.0	29.0
14.0	1288.0
103.0	500.0
2677.0	10192.0
948.0	3999.0
234.0	2370.0
16.0	362.0
120.0	1492.0
8.0	765.0
76.0	3452.0
0.0	595.0
0.0	627.0
67.0	4462.0
95.0	3271.0
656.0	3387.0
0.0	1569.0
291.0	2120.0
57.0	371.0
0.0	1153.0
147.0	1145.0
0.0	803.0
15.0	949.0
403.0	13307.0
35.0	2004.0
0.0	1588.0
87.0	670.0
0.0	179.0
8.0	3288.0
110.0	1363.0
88.0	1721.0
0.0	914.0
281.0	1375.0
0.0	1159.0
91.0	2022.0
102.0	1641.0
0.0	499.0
67.0	2190.0
0.0	41.0
87.0	1341.0
74.0	1114.0
490.0	1838.0
358.0	1686.0
0.0	1922.0
689.0	6973.0
0.0	303.0
0.0	2359.0
267.0	7448.0
45.0	3130.0
15.0	155.0
0.0	622.0
1762.0	6708.0
0.0	433.0
52.0	996.0
70.0	550.0
593.0	20498.0
63.0	3097.0
0.0	400.0
76.0	1689.0
29.0	3184.0
0.0	533.0
0.0	0.0
0.0	232.0
64.0	6069.0
0.0	1843.0
0.0	387.0
606.0	5775.0
1149.0	6540.0
0.0	602.0
0.0	105.0
49.0	5787.0
160.0	469.0
0.0	3049.0
0.0	2741.0
233.0	2051.0
0.0	1535.0
0.0	0.0
579.0	4791.0
2472.0	9643.0
74.0	2836.0
0.0	1022.0
269.0	13356.0
56.0	653.0
85.0	953.0
0.0	191.0
467.0	3834.0
0.0	548.0
2198.0	11641.0
0.0	659.0
70.0	718.0
0.0	189.0
45.0	1924.0
77.0	527.0
8.0	1382.0
0.0	0.0
156.0	2054.0
390.0	4339.0
456.0	2806.0
22.0	1958.0
79.0	1828.0
0.0	1447.0
164.0	3427.0
0.0	353.0
0.0	904.0
381.0	7039.0
467.0	7128.0
0.0	1449.0
149.0	1173.0
122.0	616.0
0.0	679.0
0.0	1559.0
0.0	368.0
2626.0	11206.0
68.0	428.0
57.0	4483.0
0.0	19.0
36.0	1420.0
954.0	4002.0
0.0	107.0
0.0	108.0
0.0	75.0
0.0	528.0
7.0	251.0
0.0	403.0
130.0	1448.0
21.0	2607.0
158.0	3009.0
0.0	544.0
42.0	325.0
249.0	1985.0
0.0	130.0
0.0	934.0
0.0	232.0
144.0	739.0
90.0	4900.0
29.0	351.0
68.0	4662.0
12.0	2377.0
606.0	6123.0
0.0	2208.0
1929.0	5730.0
0.0	218.0
0.0	1736.0
0.0	697.0
0.0	279.0
0.0	898.0
264.0	2393.0
0.0	226.0
785.0	4697.0
0.0	372.0
0.0	388.0
0.0	438.0
110.0	1134.0
32.0	1004.0
0.0	637.0
57.0	3284.0
14.0	2166.0
1191.0	5735.0
4.0	631.0
70.0	5716.0
101.0	207.0
62.0	171.0
0.0	1003.0
0.0	839.0
0.0	453.0
0.0	570.0
38.0	444.0
90.0	1171.0
8.0	532.0
3056.0	11910.0
41.0	2103.0
0.0	1434.0
0.0	110.0
29.0	1733.0
73.0	769.0
216.0	4329.0
127.0	3006.0
154.0	478.0
223.0	3551.0
67.0	1161.0
51.0	686.0
11.0	2879.0
0.0	1367.0
43.0	2337.0
1647.0	10272.0
124.0	2429.0
49.0	1247.0
0.0	59.0
164.0	1320.0
0.0	510.0
78.0	3082.0
30.0	799.0
61.0	1890.0
0.0	2365.0
94.0	4016.0
0.0	2851.0
0.0	424.0
16.0	1415.0
607.0	10879.0
298.0	25950.0
0.0	231.0
0.0	314.0
105.0	5462.0
50.0	1418.0
23.0	1027.0
69.0	2941.0
0.0	536.0
137.0	3413.0
0.0	84.0
28.0	752.0
0.0	916.0
0.0	596.0
1660.0	6472.0
20.0	4243.0
18.0	1178.0
0.0	1698.0
0.0	411.0
2352.0	9069.0
1344.0	5728.0
175.0	5401.0
260.0	5292.0
0.0	1421.0
30.0	971.0
71.0	1482.0
0.0	480.0
131.0	1257.0
456.0	3927.0
40.0	1567.0
0.0	0.0
24.0	3887.0
28.0	169.0
0.0	687.0
0.0	267.0
0.0	219.0
2320.0	49779.0
7.0	2206.0
30.0	1251.0
192.0	4153.0
53.0	4087.0
71.0	1898.0
160.0	865.0
0.0	2571.0
541.0	5087.0
0.0	1302.0
0.0	785.0
0.0	0.0
0.0	1004.0
0.0	520.0
22.0	528.0
0.0	0.0
0.0	495.0
711.0	5820.0
0.0	685.0
3.0	468.0
1.0	1441.0
730.0	4652.0
0.0	39.0
45.0	1825.0
0.0	600.0
66.0	2761.0
2960.0	11946.0
8.0	71.0
275.0	6088.0
29.0	1611.0
2233.0	46574.0
39.0	1121.0
57.0	504.0
0.0	134.0
128.0	2606.0
35.0	221.0
0.0	283.0
0.0	947.0
0.0	395.0
114.0	1928.0
20.0	1514.0
362.0	4058.0
37.0	207.0
10021.0	162990.0
0.0	0.0
0.0	34.0
22.0	622.0
281.0	7351.0
296.0	2340.0
425.0	3669.0
0.0	528.0
0.0	980.0
0.0	574.0
116.0	1143.0
41.0	1146.0
461.0	2602.0
54.0	2581.0
201.0	4483.0
0.0	142.0
12.0	465.0
0.0	638.0
0.0	134.0
0.0	442.0
0.0	274.0
104.0	486.0
124.0	1916.0
1798.0	6270.0
25.0	1531.0
136.0	1984.0
0.0	507.0
32.0	1494.0
0.0	144.0
615.0	3924.0
0.0	61.0
0.0	219.0
0.0	143.0
1281.0	2699.0
0.0	374.0
0.0	265.0
85.0	2094.0
5.0	2691.0
30.0	2185.0
3398.0	54855.0
7.0	182.0
0.0	26.0
27.0	1351.0
35.0	197.0
0.0	446.0
79.0	2380.0
68.0	4562.0
0.0	1487.0
21.0	428.0
0.0	931.0
1237.0	7712.0
0.0	738.0
0.0	904.0
66.0	2189.0
0.0	418.0
98.0	2486.0
97.0	3595.0
58.0	764.0
205.0	3552.0
50.0	6144.0
153.0	6849.0
0.0	2037.0
273.0	2114.0
11.0	1419.0
0.0	1703.0
23.0	1324.0
0.0	376.0
143.0	869.0
0.0	200.0
19.0	766.0
0.0	437.0
0.0	29.0
0.0	1741.0
54.0	213.0
709.0	3026.0
526.0	3090.0
0.0	1921.0
0.0	785.0
0.0	0.0
0.0	25.0
117.0	1784.0
30.0	2808.0
0.0	1574.0
0.0	669.0
0.0	2008.0
342.0	3779.0
417.0	4380.0
6.0	3071.0
2893.0	11373.0
93.0	664.0
367.0	4826.0
0.0	113.0
85.0	1716.0
105.0	12375.0
0.0	651.0
160.0	2545.0
5.0	1213.0
0.0	55.0
37.0	1087.0
73.0	598.0
0.0	653.0
16.0	1682.0
0.0	725.0
0.0	1007.0
368.0	5623.0
0.0	773.0
14.0	2455.0
96.0	4540.0
0.0	77.0
108.0	2886.0
0.0	498.0
32.0	2089.0
0.0	832.0
266.0	7022.0
0.0	22.0
3074.0	14201.0
0.0	189.0
229.0	3126.0
69.0	2039.0
416.0	1943.0
0.0	1019.0
0.0	922.0
1005.0	8400.0
2065.0	6237.0
0.0	860.0
19.0	2190.0
0.0	301.0
0.0	326.0
32.0	1383.0
148.0	2426.0
0.0	447.0
0.0	294.0
0.0	855.0
0.0	1149.0
0.0	1942.0
61.0	672.0
0.0	939.0
0.0	180.0
0.0	890.0
0.0	961.0
0.0	18.0
4.0	1212.0
0.0	668.0
815.0	14320.0
11.0	567.0
24.0	1026.0
45.0	186.0
181.0	1379.0
20.0	1494.0
88.0	2523.0
0.0	0.0
61.0	741.0
45.0	739.0
342.0	8068.0
0.0	426.0
0.0	385.0
75.0	1151.0
0.0	375.0
337.0	5824.0
207.0	3528.0
0.0	616.0
29.0	2089.0
0.0	108.0
0.0	549.0
67.0	1172.0
0.0	492.0
2.0	456.0
127.0	974.0
38.0	464.0
0.0	318.0
194.0	3841.0
149.0	530.0
0.0	880.0
0.0	810.0
29.0	3102.0
0.0	313.0
720.0	2141.0
94.0	7495.0
0.0	186.0
0.0	1074.0
1.0	1635.0
169.0	3831.0
0.0	858.0
3663.0	9986.0
688.0	11059.0
2.0	880.0
33.0	583.0
43.0	4545.0
117.0	1494.0
0.0	1051.0
155.0	2530.0
542.0	1809.0
261.0	3043.0
14.0	473.0
0.0	126.0
685.0	37292.0
0.0	110.0
23.0	1053.0
857.0	15303.0
3082.0	10616.0
82.0	637.0
0.0	800.0
595.0	1441.0
40.0	3062.0
74.0	548.0
0.0	151.0
0.0	698.0
0.0	744.0
11.0	3922.0
6.0	1131.0
3546.0	14477.0
0.0	709.0
0.0	1792.0
132.0	1511.0
35.0	1368.0
26.0	4498.0
304.0	3325.0
0.0	613.0
0.0	294.0
3.0	452.0
0.0	366.0
49.0	3349.0
1051.0	22220.0
167.0	2447.0
0.0	147.0
0.0	2432.0
23.0	1295.0
17.0	1449.0
191.0	2799.0
34.0	332.0
7.0	497.0
729.0	6930.0
0.0	59.0
238.0	1691.0
6.0	433.0
0.0	549.0
0.0	1598.0
53.0	2550.0
0.0	522.0
176.0	2807.0
0.0	1556.0
273.0	5065.0
0.0	90.0
0.0	38.0
0.0	419.0
84.0	1452.0
0.0	236.0
123.0	4318.0
181.0	2478.0
16.0	303.0
32.0	332.0
45.0	186.0
125.0	1700.0
93.0	2097.0
17.0	525.0
0.0	887.0
2616.0	7737.0
30.0	719.0
0.0	585.0
3.0	2719.0
12.0	547.0
280.0	3261.0
1545.0	9542.0
62.0	542.0
262.0	2469.0
59.0	2146.0
21.0	1351.0
0.0	355.0
0.0	3099.0
990.0	7381.0
378.0	1116.0
183.0	3880.0
162.0	6965.0
9.0	601.0
0.0	121.0
0.0	374.0
122.0	2254.0
0.0	642.0
16.0	1650.0
5.0	684.0
0.0	355.0
66.0	3418.0
10.0	598.0
0.0	1056.0
262.0	3924.0
57.0	695.0
0.0	369.0
0.0	184.0
56.0	2034.0
99.0	1913.0
466.0	5044.0
30.0	696.0
216.0	5509.0
0.0	512.0
51.0	650.0
0.0	325.0
3069.0	7861.0
45.0	1134.0
135.0	1234.0
0.0	444.0
22.0	2271.0
15.0	1844.0
44.0	563.0
0.0	1453.0
33.0	1758.0
19.0	1341.0
947.0	5232.0
1050.0	3336.0
325.0	3138.0
2.0	3524.0
146.0	2552.0
0.0	506.0
1000.0	5123.0
111.0	3613.0
47.0	5669.0
939.0	2341.0
0.0	275.0
38.0	889.0
11.0	291.0
0.0	786.0
71.0	2253.0
0.0	224.0
77.0	2368.0
0.0	743.0
43.0	2561.0
98.0	1999.0
382.0	3415.0
0.0	310.0
89.0	3036.0
76.0	1358.0
166.0	1133.0
6.0	1025.0
0.0	403.0
21.0	1333.0
0.0	1077.0
599.0	5144.0
1038.0	4507.0
0.0	329.0
0.0	1223.0
28.0	1009.0
42.0	2999.0
0.0	204.0
2553.0	8724.0
32.0	1675.0
0.0	299.0
74.0	731.0
175.0	1786.0
11.0	2836.0
25.0	1062.0
31.0	1684.0
126.0	4599.0
0.0	4594.0
1109.0	6874.0
13.0	2140.0
0.0	605.0
1898.0	9581.0
0.0	240.0
0.0	70.0
0.0	103.0
0.0	407.0
118.0	1870.0
233.0	652.0
0.0	988.0
75.0	1611.0
847.0	3195.0
25.0	387.0
0.0	269.0
3.0	281.0
5783.0	106230.0
19.0	229.0
227.0	1360.0
0.0	114.0
0.0	601.0
477.0	1112.0
0.0	1028.0
0.0	1422.0
0.0	185.0
13.0	1360.0
0.0	1185.0
8.0	1647.0
7.0	2167.0
182.0	1286.0
0.0	632.0
3461.0	76337.0
603.0	2047.0
75.0	1482.0
0.0	545.0
110.0	2226.0
15.0	3120.0
105.0	842.0
0.0	176.0
0.0	134.0
0.0	43.0
0.0	444.0
7.0	1061.0
0.0	319.0
62.0	2592.0
0.0	459.0
0.0	170.0
114.0	1347.0
96.0	3304.0
0.0	1284.0
76.0	1424.0
40.0	588.0
31.0	690.0
0.0	482.0
35.0	701.0
65.0	934.0
13.0	471.0
0.0	316.0
107.0	2070.0
514.0	5307.0
4363.0	14539.0
7.0	980.0
1004.0	6719.0
0.0	655.0
34.0	532.0
0.0	457.0
46.0	1100.0
0.0	560.0
39.0	281.0
0.0	970.0
45.0	1432.0
21.0	602.0
0.0	315.0
0.0	72.0
14.0	1125.0
0.0	427.0
249.0	2812.0
50.0	292.0
0.0	2678.0
0.0	1225.0
30.0	519.0
0.0	582.0
0.0	365.0
0.0	882.0
217.0	2878.0
263.0	4912.0
0.0	2126.0
0.0	2361.0
1617.0	26227.0
113.0	1451.0
378.0	2258.0
57.0	3148.0
212.0	3076.0
905.0	26975.0
0.0	279.0
11.0	1184.0
0.0	625.0
0.0	292.0
295.0	4260.0
17.0	2298.0
88.0	2183.0
0.0	164.0
87.0	1758.0
37.0	1239.0
0.0	269.0
940.0	8008.0
104.0	6768.0
1.0	1024.0
31.0	766.0
643.0	5875.0
683.0	4352.0
52.0	744.0
0.0	293.0
0.0	1052.0
791.0	2587.0
35.0	1951.0
0.0	111.0
1084.0	5801.0
0.0	614.0
2.0	591.0
1049.0	9151.0
37.0	721.0
64.0	1574.0
0.0	964.0
87.0	3408.0
106.0	6564.0
138.0	1904.0
2502.0	7055.0
0.0	751.0
0.0	709.0
1663.0	5839.0
64.0	3045.0
0.0	247.0
230.0	2189.0
0.0	1203.0
101.0	2650.0
14.0	395.0
44.0	2255.0
17.0	89.0
0.0	79.0
0.0	23.0
0.0	605.0
25.0	4670.0
0.0	612.0
0.0	543.0
128.0	1291.0
842.0	5821.0
109.0	2747.0
41.0	581.0
42.0	1365.0
0.0	667.0
0.0	261.0
39.0	787.0
0.0	532.0
81.0	893.0
0.0	148.0
23.0	858.0
37.0	2849.0
3690.0	15051.0
9.0	563.0
55.0	3770.0
2294.0	11193.0
2904.0	52209.0
36.0	845.0
0.0	1448.0
1.0	847.0
258.0	2981.0
62.0	1047.0
0.0	3211.0
70.0	2238.0
146.0	1213.0
0.0	499.0
0.0	243.0
301.0	5361.0
0.0	678.0
13.0	428.0
82.0	1104.0
4618.0	91084.0
7.0	797.0
89.0	305.0
24.0	2238.0
19.0	733.0
3741.0	11044.0
22.0	1086.0
0.0	132.0
0.0	99.0
0.0	603.0
0.0	507.0
187.0	2057.0
1369.0	3708.0
4.0	3354.0
74.0	3991.0
40.0	1539.0
0.0	299.0
17.0	2177.0
17.0	2378.0
25.0	5006.0
442.0	4992.0
0.0	785.0
202.0	4051.0
9.0	5072.0
66.0	7609.0
42.0	3654.0
59.0	326.0
152.0	743.0
13.0	1069.0
0.0	218.0
16.0	682.0
199.0	2824.0
0.0	521.0
4.0	945.0
0.0	1579.0
57.0	1938.0
13461.0	135218.0
28.0	1326.0
0.0	91.0
2810.0	24856.0
124.0	1170.0
0.0	860.0
339.0	3566.0
0.0	375.0
941.0	4364.0
129.0	1848.0
956.0	33151.0
0.0	669.0
0.0	343.0
0.0	233.0
0.0	1541.0
215.0	2345.0
192.0	5333.0
0.0	180.0
551.0	5328.0
86.0	3290.0
20.0	1197.0
0.0	115.0
0.0	1804.0
0.0	0.0
0.0	555.0
1022.0	5283.0
0.0	892.0
49.0	536.0
79.0	3233.0
57.0	2207.0
0.0	1138.0
0.0	2354.0
142.0	896.0
2445.0	62836.0
16.0	1432.0
0.0	546.0
31.0	2939.0
3.0	269.0
21.0	1868.0
79.0	631.0
30.0	2055.0
85.0	1502.0
25.0	1891.0
2133.0	5826.0
66.0	1758.0
0.0	1106.0
0.0	754.0
287.0	3146.0
21.0	4669.0
0.0	495.0
0.0	23.0
0.0	452.0
475.0	8447.0
0.0	252.0
853.0	7970.0
49.0	6608.0
776.0	5077.0
0.0	738.0
0.0	450.0
11.0	2241.0
0.0	1050.0
405.0	3275.0
0.0	249.0
155.0	1293.0
285.0	8548.0
10.0	1582.0
36.0	2134.0
116.0	2905.0
34.0	2654.0
143.0	4958.0
214.0	1532.0
95.0	1645.0
51.0	2902.0
147.0	2104.0
0.0	2758.0
17.0	493.0
629.0	1649.0
27.0	674.0
244.0	2419.0
0.0	1045.0
21.0	1429.0
27.0	1522.0
0.0	20.0
0.0	163.0
22.0	1121.0
4411.0	57200.0
80.0	1073.0
33.0	231.0
2588.0	6054.0
0.0	1099.0
0.0	1447.0
63.0	401.0
94.0	3766.0
120.0	2234.0
0.0	2602.0
39.0	960.0
14.0	1547.0
0.0	102.0
23.0	1146.0
78.0	3723.0
0.0	226.0
0.0	1752.0
0.0	800.0
0.0	22.0
12.0	1113.0
0.0	382.0
722.0	5237.0
0.0	1933.0
0.0	922.0
26.0	237.0
35.0	407.0
2.0	6621.0
127.0	1557.0
0.0	555.0
18.0	1217.0
15.0	684.0
2389.0	7942.0
0.0	224.0
0.0	607.0
26.0	2191.0
3351.0	67940.0
1346.0	5981.0
0.0	1374.0
400.0	4371.0
1.0	183.0
0.0	197.0
98.0	5949.0
73.0	376.0
12.0	1822.0
6860.0	15049.0
10.0	1360.0
0.0	21.0
36.0	852.0
352.0	3684.0
0.0	2494.0
0.0	250.0
0.0	237.0
15.0	913.0
0.0	875.0
14.0	3299.0
90.0	2128.0
327.0	4928.0
542.0	4123.0
748.0	3738.0
217.0	2024.0
28.0	2225.0
133.0	1234.0
151.0	3001.0
0.0	813.0
0.0	475.0
300.0	2594.0
0.0	703.0
45.0	365.0
470.0	1969.0
149.0	1458.0
10.0	2373.0
10.0	397.0
49.0	989.0
100.0	3593.0
24.0	2112.0
2997.0	63437.0
1088.0	4550.0
46.0	1054.0
0.0	3508.0
206.0	986.0
37.0	5514.0
0.0	469.0
0.0	187.0
109.0	2712.0
0.0	2935.0
0.0	458.0
0.0	822.0
30.0	65.0
127.0	2092.0
0.0	971.0
82.0	2576.0
10.0	930.0
63.0	1558.0
118.0	2515.0
1215.0	5623.0
9869.0	117522.0
4.0	98.0
0.0	516.0
2882.0	9102.0
38.0	163.0
1.0	1040.0
22.0	386.0
578.0	5209.0
0.0	1510.0
68.0	1942.0
28.0	919.0
0.0	684.0
58.0	1385.0
0.0	1707.0
0.0	930.0
0.0	269.0
0.0	24.0
0.0	323.0
0.0	614.0
0.0	27.0
0.0	636.0
0.0	1119.0
0.0	278.0
1748.0	8567.0
112.0	1943.0
299.0	1976.0
48.0	1489.0
0.0	460.0
58.0	743.0
0.0	198.0
297.0	3618.0
19.0	157.0
0.0	448.0
0.0	123.0
16.0	135.0
1927.0	4115.0
1058.0	12280.0
140.0	1646.0
0.0	338.0
82.0	3476.0
28.0	1660.0
16.0	314.0
0.0	139.0
45.0	320.0
386.0	4283.0
400.0	3010.0
50.0	687.0
56.0	1245.0
124.0	7011.0
0.0	326.0
0.0	918.0
0.0	2462.0
1010.0	1809.0
0.0	1631.0
36.0	2242.0
127.0	1434.0
60.0	691.0
85.0	6346.0
32.0	3669.0
497.0	6393.0
0.0	1065.0
40.0	2171.0
0.0	193.0
0.0	1416.0
34.0	524.0
46.0	4258.0
67.0	2756.0
17.0	1439.0
20.0	650.0
2.0	457.0
0.0	215.0
55.0	874.0
15.0	3083.0
0.0	644.0
215.0	4109.0
0.0	667.0
34.0	1509.0
62.0	3175.0
1037.0	18909.0
32.0	898.0
0.0	588.0
14.0	1745.0
4025.0	109517.0
36.0	1134.0
117.0	2705.0
589.0	6250.0
0.0	2690.0
0.0	447.0
28.0	2381.0
267.0	3400.0
0.0	1053.0
143.0	2446.0
48.0	982.0
0.0	110.0
0.0	1325.0
76.0	525.0
7721.0	99710.0
1.0	1796.0
0.0	369.0
0.0	106.0
0.0	801.0
0.0	172.0
1979.0	9656.0
83.0	1977.0
0.0	1993.0
6018.0	66598.0
47.0	4003.0
29.0	2140.0
349.0	2004.0
50.0	4867.0
912.0	5167.0
9.0	750.0
0.0	1352.0
25.0	518.0
294.0	1502.0
0.0	215.0
247.0	6304.0
237.0	1387.0
31.0	7237.0
25.0	1090.0
96.0	1245.0
0.0	76.0
1.0	334.0
35.0	1495.0
0.0	79.0
24.0	2858.0
75.0	3039.0
25.0	3445.0
19.0	1156.0
361.0	5192.0
0.0	684.0
84.0	4920.0
0.0	822.0
9530.0	120496.0
133.0	2842.0
14.0	1352.0
4.0	913.0
0.0	176.0
80.0	2005.0
0.0	1573.0
224.0	2492.0
47.0	233.0
284.0	5431.0
0.0	201.0
466.0	4928.0
197.0	997.0
197.0	1175.0
0.0	272.0
46.0	4173.0
22.0	2509.0
0.0	383.0
0.0	1164.0
466.0	2997.0
272.0	7736.0
45.0	759.0
5.0	2787.0
0.0	248.0
45.0	895.0
2.0	3365.0
54.0	3414.0
31.0	938.0
20.0	1781.0
34.0	2515.0
0.0	448.0
60.0	723.0
107.0	1842.0
0.0	585.0
357.0	1479.0
62.0	3405.0
0.0	610.0
500.0	8779.0
1614.0	4657.0
43.0	2870.0
0.0	118.0
687.0	1085.0
76.0	1139.0
0.0	239.0
0.0	133.0
18.0	1966.0
287.0	944.0
890.0	5883.0
43.0	2691.0
0.0	1480.0
2209.0	48108.0
30.0	453.0
0.0	398.0
28.0	1136.0
0.0	334.0
16.0	820.0
183.0	1910.0
21.0	1138.0
352.0	2541.0
630.0	6791.0
0.0	2723.0
0.0	292.0
0.0	1339.0
0.0	953.0
0.0	740.0
0.0	348.0
0.0	0.0
961.0	4079.0
376.0	2263.0
57.0	720.0
120.0	2012.0
0.0	2148.0
194.0	770.0
0.0	850.0
67.0	1942.0
0.0	1137.0
87.0	1920.0
0.0	24.0
6.0	1324.0
11.0	770.0
146.0	3734.0
0.0	809.0
0.0	2628.0
8.0	796.0
620.0	5373.0
0.0	302.0
13.0	1422.0
12.0	121.0
0.0	122.0
64.0	678.0
0.0	272.0
0.0	146.0
0.0	833.0
92.0	6026.0
0.0	243.0
696.0	3078.0
26.0	1919.0
0.0	412.0
0.0	196.0
71.0	3313.0
0.0	1027.0
0.0	226.0
0.0	701.0
41.0	470.0
2234.0	7936.0
446.0	3449.0
21.0	1947.0
37.0	5619.0
211.0	1225.0
0.0	2461.0
1.0	787.0
0.0	309.0
15.0	471.0
160.0	6162.0
0.0	951.0
113.0	670.0
167.0	3339.0
44.0	1461.0
11.0	624.0
3754.0	10638.0
0.0	5544.0
0.0	0.0
58.0	241.0
88.0	3376.0
0.0	2161.0
0.0	1061.0
0.0	2274.0
0.0	74.0
106.0	799.0
3762.0	21165.0
1.0	423.0
0.0	1145.0
0.0	672.0
0.0	0.0
0.0	21.0
0.0	0.0
17.0	342.0
213.0	9669.0
0.0	191.0
1965.0	82221.0
15.0	2279.0
17.0	157.0
11.0	291.0
99.0	1421.0
0.0	4896.0
0.0	298.0
0.0	400.0
0.0	505.0
574.0	2399.0
0.0	295.0
163.0	1835.0
65.0	1895.0
546.0	3122.0
0.0	932.0
90.0	535.0
17.0	2868.0
49.0	1191.0
33.0	334.0
18.0	1795.0
69.0	449.0
0.0	770.0
169.0	1153.0
330.0	4953.0
0.0	784.0
46.0	412.0
367.0	7421.0
0.0	323.0
0.0	32.0
174.0	1983.0
0.0	0.0
65.0	3791.0
655.0	2889.0
158.0	5441.0
972.0	3615.0
54.0	4670.0
0.0	1867.0
0.0	237.0
184.0	2294.0
3356.0	8423.0
0.0	403.0
663.0	7041.0
6139.0	13168.0
9.0	928.0
0.0	57.0
0.0	273.0
22.0	743.0
0.0	151.0
79.0	3303.0
8.0	2789.0
89.0	1828.0
133.0	7055.0
10.0	1030.0
41.0	1034.0
13.0	1439.0
0.0	410.0
0.0	935.0
92.0	1649.0
469.0	13998.0
0.0	108.0
235.0	5226.0
163.0	4878.0
0.0	4355.0
140.0	4517.0
55.0	930.0
23.0	4100.0
65.0	2088.0
86.0	4189.0
0.0	280.0
505.0	5816.0
40.0	3438.0
0.0	509.0
1074.0	8167.0
0.0	2740.0
0.0	631.0
59.0	2048.0
6.0	1087.0
85.0	469.0
0.0	305.0
34.0	1565.0
8427.0	118248.0
0.0	495.0
99.0	4712.0
0.0	18.0
0.0	1591.0
1230.0	3309.0
421.0	4204.0
0.0	1046.0
0.0	657.0
0.0	495.0
0.0	54.0
45.0	2999.0
20.0	1844.0
120.0	3141.0
1033.0	27471.0
60.0	2659.0
0.0	483.0
0.0	999.0
0.0	703.0
25.0	199.0
85.0	865.0
9.0	484.0
0.0	615.0
138.0	986.0
88.0	3843.0
0.0	6579.0
3927.0	15287.0
30.0	2812.0
12.0	308.0
45.0	2706.0
18.0	373.0
25.0	1574.0
12.0	1171.0
0.0	3271.0
8.0	784.0
122.0	4091.0
0.0	668.0
391.0	6688.0
106.0	1475.0
597.0	4770.0
431.0	7474.0
40.0	1661.0
0.0	317.0
54.0	2246.0
249.0	1383.0
496.0	2490.0
0.0	571.0
11.0	1741.0
167.0	8055.0
0.0	105.0
1555.0	5831.0
0.0	2011.0
2.0	388.0
0.0	60.0
0.0	549.0
0.0	441.0
0.0	3108.0
0.0	0.0
55.0	723.0
726.0	9914.0
810.0	5690.0
0.0	123.0
39.0	162.0
0.0	375.0
0.0	41.0
0.0	218.0
0.0	755.0
0.0	549.0
53.0	1219.0
21.0	2021.0
69.0	534.0
7.0	648.0
64.0	2014.0
123.0	2895.0
0.0	2122.0
909.0	40939.0
152.0	3067.0
19.0	1679.0
0.0	218.0
159.0	964.0
61.0	3612.0
148.0	1830.0
0.0	178.0
0.0	1317.0
423.0	24883.0
0.0	385.0
348.0	920.0
62.0	803.0
112.0	1316.0
220.0	1347.0
5094.0	114231.0
28.0	2220.0
0.0	450.0
138.0	5949.0
268.0	3217.0
30.0	2015.0
100.0	1620.0
0.0	3979.0
0.0	1509.0
59.0	309.0
31.0	1908.0
805.0	3359.0
219.0	1402.0
113.0	2754.0
31.0	1030.0
21.0	747.0
0.0	477.0
0.0	67.0
0.0	1411.0
1029.0	2868.0
0.0	524.0
89.0	4039.0
44.0	734.0
0.0	331.0
30.0	685.0
68.0	4087.0
0.0	266.0
0.0	483.0
0.0	1485.0
0.0	777.0
119.0	2808.0
308.0	8131.0
71.0	6897.0
20.0	538.0
113.0	952.0
1280.0	3626.0
1584.0	18600.0
109.0	2311.0
434.0	4796.0
409.0	4263.0
0.0	2759.0
0.0	0.0
0.0	159.0
0.0	345.0
211.0	5177.0
76.0	5099.0
9.0	2208.0
234.0	5351.0
43.0	1510.0
160.0	2974.0
0.0	441.0
154.0	1666.0
0.0	666.0
0.0	1801.0
0.0	2091.0
3369.0	6917.0
463.0	3787.0
0.0	1116.0
161.0	1000.0
0.0	431.0
0.0	144.0
29.0	226.0
21.0	530.0
215.0	3683.0
0.0	17.0
19.0	999.0
229.0	1752.0
11.0	2602.0
140.0	687.0
30.0	1145.0
0.0	131.0
3.0	486.0
11.0	1707.0
0.0	298.0
15.0	132.0
0.0	372.0
0.0	233.0
77.0	2017.0
70.0	853.0
38.0	765.0
70.0	514.0
64.0	5822.0
414.0	3904.0
16.0	109.0
0.0	304.0
720.0	24933.0
0.0	155.0
49.0	150.0
17.0	590.0
74.0	399.0
896.0	6703.0
263.0	4352.0
477.0	6957.0
67.0	373.0
0.0	393.0
681.0	2177.0
0.0	907.0
57.0	560.0
0.0	71.0
176.0	569.0
0.0	1025.0
0.0	541.0
1040.0	4185.0
250.0	3266.0
0.0	0.0
1.0	823.0
0.0	350.0
74.0	2055.0
0.0	106.0
81.0	6255.0
0.0	1120.0
1084.0	6375.0
0.0	349.0
45.0	2860.0
2363.0	6851.0
97.0	404.0
0.0	396.0
0.0	406.0
15.0	349.0
12.0	1240.0
25.0	958.0
3945.0	12333.0
80.0	2316.0
109.0	1800.0
0.0	3343.0
0.0	616.0
144.0	4938.0
70.0	2757.0
89.0	499.0
0.0	2929.0
0.0	891.0
0.0	581.0
11.0	646.0
0.0	80.0
0.0	49.0
22.0	2260.0
509.0	7798.0
2.0	1020.0
5037.0	140023.0
33.0	478.0
10.0	1139.0
163.0	10527.0
91.0	4482.0
69.0	1024.0
0.0	1274.0
0.0	316.0
367.0	23638.0
750.0	3894.0
0.0	18.0
256.0	3301.0
16.0	3533.0
0.0	954.0
0.0	596.0
5.0	1240.0
0.0	231.0
91.0	2483.0
106.0	4155.0
52.0	2042.0
60.0	441.0
0.0	563.0
0.0	437.0
0.0	503.0
0.0	1091.0
0.0	358.0
0.0	1177.0
0.0	481.0
0.0	284.0
0.0	373.0
351.0	1801.0
16.0	805.0
0.0	1582.0
447.0	3978.0
27.0	2024.0
159.0	2742.0
27.0	197.0
0.0	464.0
8403.0	67650.0
0.0	428.0
67.0	766.0
0.0	3926.0
0.0	476.0
0.0	1426.0
100.0	1100.0
0.0	160.0
43.0	1036.0
62.0	1435.0
55.0	151.0
9.0	1698.0
25.0	1247.0
48.0	695.0
58.0	934.0
0.0	298.0
43.0	2090.0
38.0	2323.0
0.0	598.0
431.0	8460.0
76.0	1837.0
7.0	762.0
0.0	188.0
0.0	2006.0
59.0	951.0
53.0	2772.0
756.0	1481.0
80.0	479.0
233.0	6936.0
0.0	701.0
11.0	587.0
32.0	5080.0
0.0	879.0
0.0	1830.0
135.0	2550.0
84.0	2556.0
748.0	4302.0
0.0	0.0
0.0	576.0
0.0	319.0
227.0	1440.0
22.0	562.0
817.0	3758.0
0.0	408.0
0.0	722.0
15.0	2451.0
231.0	7500.0
0.0	1755.0
236.0	5414.0
0.0	381.0
21.0	2706.0
0.0	651.0
505.0	5464.0
20.0	643.0
557.0	2965.0
24.0	813.0
51.0	3390.0
0.0	193.0
619.0	3007.0
0.0	867.0
8.0	517.0
20.0	395.0
113.0	1252.0
35.0	3817.0
22.0	2492.0
46.0	934.0
199.0	1550.0
1335.0	20107.0
88.0	2227.0
58.0	1813.0
0.0	843.0
4.0	1733.0
39.0	964.0
0.0	737.0
0.0	1032.0
9208.0	79901.0
10.0	398.0
38.0	760.0
3.0	2367.0
0.0	1918.0
129.0	5886.0
0.0	749.0
327.0	4379.0
4586.0	47542.0
439.0	6538.0
29.0	812.0
0.0	260.0
0.0	58.0
572.0	5413.0
219.0	8120.0
0.0	0.0
283.0	2154.0
1774.0	4329.0
396.0	7587.0
148.0	2117.0
341.0	1556.0
0.0	64.0
0.0	202.0
2205.0	8911.0
2539.0	5990.0
11.0	2595.0
67.0	112.0
130.0	5164.0
18.0	977.0
0.0	618.0
14.0	2715.0
15.0	783.0
0.0	0.0
0.0	2224.0
430.0	2479.0
11.0	555.0
0.0	674.0
0.0	135.0
0.0	376.0
0.0	1837.0
163.0	2385.0
1231.0	10401.0
0.0	181.0
308.0	3463.0
0.0	930.0
26.0	2278.0
202.0	9801.0
26.0	3404.0
0.0	886.0
52.0	455.0
179.0	1457.0
0.0	0.0
0.0	249.0
55.0	616.0
14.0	507.0
0.0	471.0
74.0	2115.0
284.0	6982.0
0.0	0.0
78.0	1193.0
41.0	769.0
0.0	1358.0
187.0	691.0
0.0	154.0
52.0	1153.0
10.0	874.0
0.0	220.0
975.0	5784.0
6379.0	12713.0
6143.0	86206.0
69.0	1591.0
15.0	7119.0
0.0	4635.0
0.0	1600.0
179.0	2666.0
97.0	5761.0
17.0	2158.0
105.0	1598.0
0.0	1563.0
0.0	86.0
61.0	1327.0
3570.0	44856.0
0.0	1045.0
74.0	551.0
239.0	7803.0
0.0	468.0
0.0	2671.0
0.0	856.0
45.0	549.0
0.0	554.0
5756.0	90068.0
2590.0	12934.0
58.0	3379.0
101.0	1833.0
69.0	1717.0
12.0	447.0
155.0	3577.0
66.0	662.0
0.0	114.0
2.0	469.0
242.0	2899.0
81.0	1015.0
18.0	1229.0
0.0	1555.0
1912.0	10322.0
146.0	1324.0
0.0	540.0
13.0	479.0
23.0	584.0
1880.0	6764.0
4.0	530.0
71.0	1424.0
95.0	7491.0
0.0	1014.0
146.0	1320.0
200.0	2107.0
417.0	3331.0
9.0	842.0
0.0	180.0
0.0	2047.0
241.0	994.0
407.0	4022.0
0.0	228.0
208.0	3389.0
0.0	2655.0
63.0	5354.0
100.0	399.0
371.0	4433.0
0.0	142.0
0.0	493.0
0.0	144.0
0.0	540.0
1013.0	4014.0
5760.0	117502.0
21.0	9890.0
129.0	8257.0
1.0	861.0
14.0	105.0
197.0	776.0
3186.0	8496.0
0.0	751.0
21.0	3068.0
106.0	1181.0
771.0	4291.0
126.0	4831.0
22.0	615.0
13.0	503.0
0.0	0.0
0.0	1030.0
19.0	604.0
0.0	398.0
92.0	5991.0
21.0	4236.0
722.0	4439.0
30.0	1526.0
12.0	490.0
128.0	1534.0
0.0	0.0
0.0	382.0
3006.0	45842.0
917.0	3557.0
0.0	551.0
31.0	1614.0
244.0	5333.0
146.0	4330.0
37.0	5051.0
0.0	359.0
0.0	6455.0
0.0	897.0
3197.0	37472.0
33.0	907.0
217.0	476.0
24.0	2568.0
5.0	391.0
78.0	2468.0
0.0	521.0
0.0	1731.0
0.0	2300.0
182.0	2044.0
0.0	3992.0
25.0	596.0
181.0	4732.0
5.0	1400.0
667.0	3728.0
18.0	710.0
0.0	341.0
1951.0	5414.0
0.0	599.0
4109.0	13869.0
705.0	3872.0
7.0	986.0
2036.0	6982.0
38.0	1816.0
9.0	619.0
7.0	482.0
2254.0	7100.0
106.0	2094.0
0.0	785.0
76.0	738.0
3.0	693.0
0.0	1121.0
0.0	1435.0
154.0	1357.0
505.0	7598.0
0.0	536.0
0.0	344.0
121.0	4508.0
304.0	6666.0
78.0	1129.0
0.0	403.0
50.0	2520.0
0.0	2148.0
0.0	2057.0
14.0	1198.0
0.0	1546.0
0.0	385.0
4664.0	15311.0
168.0	1640.0
0.0	258.0
0.0	623.0
0.0	1513.0
334.0	3519.0
38.0	915.0
55.0	555.0
0.0	15.0
0.0	3552.0
985.0	8134.0
196.0	4509.0
0.0	264.0
0.0	607.0
0.0	187.0
123.0	3135.0
78.0	2325.0
0.0	899.0
0.0	2210.0
134.0	1162.0
19.0	126.0
68.0	327.0
84.0	781.0
0.0	123.0
18.0	867.0
477.0	4362.0
191.0	7606.0
137.0	2885.0
896.0	2328.0
0.0	633.0
140.0	3173.0
16.0	1781.0
81.0	3933.0
0.0	306.0
0.0	1116.0
455.0	19539.0
62.0	6963.0
647.0	11787.0
5.0	1093.0
0.0	268.0
0.0	1192.0
14.0	1431.0
0.0	459.0
0.0	187.0
0.0	1360.0
77.0	1715.0
71.0	2964.0
337.0	6357.0
123.0	843.0
104.0	1561.0
27.0	1625.0
0.0	289.0
0.0	283.0
0.0	222.0
37.0	3468.0
0.0	1152.0
33.0	2155.0
75.0	1514.0
20.0	2092.0
79.0	3608.0
18.0	1943.0
0.0	769.0
152.0	1631.0
0.0	1867.0
0.0	1023.0
0.0	107.0
710.0	2205.0
16.0	1229.0
0.0	484.0
0.0	768.0
206.0	1911.0
146.0	1158.0
779.0	6491.0
0.0	303.0
188.0	1022.0
25.0	1040.0
0.0	192.0
0.0	758.0
0.0	134.0
104.0	3636.0
18.0	379.0
0.0	619.0
1430.0	6620.0
16.0	653.0
172.0	4333.0
0.0	492.0
0.0	1634.0
0.0	422.0
50.0	1606.0
179.0	593.0
0.0	1939.0
91.0	2085.0
4568.0	88529.0
309.0	1649.0
3658.0	62418.0
0.0	90.0
5253.0	70893.0
824.0	6996.0
227.0	2646.0
2.0	2245.0
0.0	78.0
89.0	754.0
0.0	1761.0
6.0	3166.0
0.0	407.0
0.0	52.0
7.0	699.0
0.0	796.0
309.0	6619.0
0.0	1280.0
51.0	2987.0
326.0	3044.0
100.0	724.0
0.0	637.0
51.0	1398.0
0.0	241.0
88.0	1633.0
0.0	2493.0
0.0	1182.0
42.0	352.0
0.0	525.0
26.0	1616.0
103.0	1304.0
43.0	546.0
67.0	3060.0
19.0	8178.0
219.0	2036.0
59.0	390.0
107.0	3342.0
73.0	3170.0
84.0	3482.0
0.0	635.0
0.0	770.0
95.0	4534.0
175.0	979.0
0.0	269.0
38.0	291.0
235.0	333.0
0.0	0.0
503.0	7279.0
49.0	1998.0
0.0	381.0
10.0	1423.0
454.0	3884.0
232.0	1927.0
47.0	589.0
0.0	1413.0
92.0	2300.0
30.0	843.0
133.0	2750.0
0.0	3498.0
17.0	1186.0
83.0	452.0
56.0	1619.0
40.0	903.0
32.0	128.0
0.0	392.0
0.0	56.0
0.0	320.0
0.0	1207.0
0.0	1054.0
30.0	1920.0
0.0	94.0
691.0	12021.0
0.0	495.0
0.0	907.0
71.0	1598.0
0.0	812.0
32.0	1153.0
4238.0	70935.0
0.0	959.0
115.0	346.0
22.0	118.0
0.0	1953.0
0.0	233.0
69.0	709.0
33.0	1567.0
43.0	861.0
922.0	2563.0
52.0	3219.0
129.0	1253.0
0.0	0.0
27.0	360.0
2693.0	10921.0
161.0	4619.0
23.0	729.0
0.0	2128.0
18.0	1500.0
18.0	694.0
0.0	46.0
6.0	1119.0
51.0	336.0
995.0	6627.0
2153.0	51672.0
0.0	611.0
1.0	945.0
621.0	4019.0
46.0	690.0
0.0	167.0
991.0	3727.0
468.0	3246.0
108.0	2281.0
5.0	938.0
381.0	4103.0
0.0	3634.0
639.0	1538.0
0.0	265.0
0.0	173.0
1984.0	24765.0
39.0	964.0
76.0	1373.0
45.0	1708.0
24.0	561.0
900.0	2818.0
200.0	2626.0
7.0	410.0
2284.0	6933.0
6.0	2052.0
68.0	767.0
31.0	3650.0
0.0	375.0
0.0	292.0
38.0	2840.0
0.0	153.0
54.0	3702.0
0.0	558.0
66.0	4570.0
0.0	184.0
0.0	592.0
181.0	849.0
4.0	1194.0
168.0	1183.0
0.0	507.0
987.0	20102.0
0.0	268.0
0.0	244.0
74.0	1281.0
0.0	372.0
37.0	746.0
24.0	4752.0
0.0	1304.0
0.0	0.0
0.0	1404.0
5.0	5309.0
233.0	5724.0
0.0	1368.0
228.0	645.0
0.0	666.0
2249.0	43716.0
0.0	156.0
499.0	5197.0
169.0	2036.0
26.0	708.0
30.0	2149.0
4038.0	10785.0
455.0	4073.0
138.0	3838.0
2.0	6059.0
0.0	4410.0
32.0	1651.0
7.0	854.0
5.0	1171.0
29.0	2078.0
0.0	144.0
21.0	1387.0
237.0	7341.0
0.0	361.0
46.0	5680.0
0.0	1001.0
0.0	1868.0
0.0	226.0
0.0	331.0
157.0	725.0
0.0	992.0
0.0	1185.0
12.0	527.0
84.0	3320.0
242.0	863.0
136.0	1315.0
82.0	419.0
0.0	793.0
6625.0	67673.0
0.0	648.0
0.0	498.0
0.0	876.0
12.0	1024.0
2.0	922.0
48.0	904.0
23.0	1678.0
0.0	694.0
0.0	144.0
0.0	346.0
0.0	494.0
733.0	1702.0
0.0	374.0
35.0	1113.0
0.0	361.0
147.0	435.0
0.0	1057.0
201.0	4180.0
130.0	539.0
94.0	3094.0
0.0	244.0
37.0	2377.0
0.0	573.0
127.0	2591.0
26.0	416.0
181.0	4213.0
0.0	731.0
1333.0	8103.0
237.0	3304.0
629.0	6887.0
36.0	688.0
159.0	1752.0
0.0	253.0
0.0	504.0
2727.0	5801.0
0.0	498.0
70.0	2678.0
57.0	679.0
0.0	223.0
82.0	1508.0
93.0	1186.0
0.0	726.0
26.0	626.0
83.0	3235.0
0.0	5427.0
0.0	1206.0
0.0	1718.0
0.0	54.0
676.0	2712.0
634.0	4660.0
110.0	1459.0
0.0	228.0
0.0	183.0
15.0	691.0
148.0	7347.0
143.0	1909.0
350.0	8294.0
35.0	1212.0
51.0	4708.0
375.0	13093.0
8.0	1919.0
2999.0	12228.0
79.0	1687.0
0.0	972.0
0.0	400.0
27.0	1664.0
0.0	124.0
0.0	163.0
321.0	2795.0
37.0	938.0
168.0	868.0
364.0	4647.0
106.0	3671.0
2960.0	8594.0
236.0	5712.0
0.0	525.0
23.0	279.0
50.0	2086.0
0.0	159.0
71.0	6426.0
532.0	4231.0
0.0	1053.0
83.0	739.0
0.0	487.0
2200.0	14324.0
0.0	2386.0
0.0	8325.0
14.0	268.0
334.0	4748.0
739.0	5676.0
0.0	29.0
184.0	1645.0
0.0	154.0
0.0	0.0
0.0	692.0
0.0	519.0
1730.0	6584.0
30.0	598.0
0.0	628.0
0.0	1051.0
0.0	133.0
0.0	248.0
0.0	1085.0
944.0	4549.0
0.0	329.0
0.0	718.0
0.0	1475.0
17.0	579.0
94.0	1651.0
0.0	513.0
0.0	254.0
0.0	692.0
0.0	492.0
4.0	682.0
23.0	646.0
0.0	1021.0
54.0	849.0
5898.0	89611.0
0.0	1408.0
29.0	1554.0
13.0	1035.0
20.0	892.0
53.0	674.0
170.0	3511.0
41.0	1419.0
139.0	3171.0
0.0	289.0
85.0	1995.0
0.0	1192.0
511.0	2602.0
9.0	2469.0
437.0	3550.0
440.0	3894.0
205.0	832.0
114.0	5447.0
0.0	45.0
11.0	5008.0
229.0	1080.0
866.0	4375.0
491.0	4407.0
208.0	4660.0
0.0	515.0
73.0	1833.0
0.0	1024.0
182.0	5105.0
24.0	1913.0
0.0	287.0
24.0	2347.0
54.0	2205.0
1.0	840.0
0.0	25.0
154.0	8245.0
3195.0	9601.0
0.0	1150.0
0.0	0.0
0.0	702.0
201.0	5139.0
88.0	790.0
3588.0	17588.0
0.0	1583.0
125.0	3037.0
0.0	1044.0
0.0	1137.0
0.0	1090.0
211.0	870.0
48.0	2206.0
770.0	7431.0
139.0	3283.0
0.0	81.0
30.0	3428.0
0.0	171.0
25.0	1885.0
84.0	1128.0
0.0	427.0
0.0	1355.0
170.0	1246.0
0.0	37.0
1142.0	24440.0
191.0	2232.0
133.0	1782.0
0.0	2473.0
0.0	850.0
0.0	859.0
0.0	1026.0
76.0	572.0
0.0	312.0
79.0	807.0
0.0	4547.0
4.0	329.0
0.0	245.0
6.0	1985.0
0.0	2003.0
815.0	5577.0
0.0	101.0
426.0	4939.0
503.0	4647.0
67.0	1509.0
12.0	1630.0
0.0	912.0
7.0	2263.0
0.0	222.0
0.0	1201.0
94.0	1040.0
78.0	2466.0
0.0	273.0
0.0	0.0
0.0	821.0
22.0	375.0
2772.0	7246.0
0.0	653.0
0.0	545.0
169.0	2472.0
73.0	4786.0
0.0	1073.0
53.0	3799.0
2230.0	40054.0
303.0	3737.0
0.0	1344.0
160.0	7584.0
0.0	526.0
18.0	212.0
2932.0	11298.0
63.0	754.0
0.0	273.0
0.0	1565.0
23.0	1293.0
1234.0	4344.0
68.0	1096.0
10.0	2191.0
3.0	499.0
0.0	50.0
30.0	500.0
857.0	4541.0
93.0	3092.0
0.0	504.0
111.0	858.0
29.0	1533.0
0.0	174.0
1041.0	3997.0
72.0	1741.0
0.0	42.0
156.0	2826.0
217.0	2934.0
147.0	937.0
1268.0	3397.0
9.0	903.0
0.0	71.0
131.0	3089.0
0.0	313.0
0.0	337.0
0.0	932.0
0.0	94.0
456.0	7067.0
64.0	5088.0
236.0	3496.0
8.0	2055.0
7.0	1427.0
64.0	443.0
312.0	4325.0
7.0	186.0
0.0	973.0
148.0	1567.0
66.0	781.0
139.0	2330.0
0.0	361.0
726.0	1276.0
227.0	3909.0
0.0	292.0
3027.0	7655.0
1414.0	12054.0
0.0	1816.0
38.0	2341.0
0.0	1583.0
4.0	1615.0
7.0	1916.0
7.0	2019.0
0.0	224.0
78.0	1361.0
46.0	497.0
0.0	184.0
0.0	365.0
135.0	3683.0
3.0	818.0
77.0	5511.0
1076.0	2479.0
28.0	854.0
0.0	112.0
91.0	1915.0
0.0	600.0
0.0	4158.0
0.0	412.0
0.0	139.0
0.0	867.0
0.0	2161.0
386.0	4131.0
39.0	1407.0
0.0	470.0
41.0	4116.0
0.0	106.0
101.0	4732.0
0.0	1665.0
19.0	1761.0
0.0	484.0
0.0	683.0
178.0	5064.0
78.0	483.0
0.0	1384.0
0.0	657.0
56.0	1067.0
2232.0	9253.0
11.0	2977.0
0.0	102.0
0.0	1252.0
0.0	173.0
0.0	321.0
55.0	2213.0
162.0	8212.0
0.0	2620.0
132.0	3110.0
0.0	56.0
64.0	3589.0
12.0	123.0
0.0	631.0
0.0	594.0
17.0	1345.0
0.0	552.0
6.0	1457.0
54.0	649.0
4.0	1018.0
55.0	3029.0
0.0	4461.0
20.0	933.0
0.0	421.0
41.0	4368.0
0.0	357.0
16.0	474.0
0.0	248.0
204.0	657.0
95.0	6448.0
293.0	4335.0
34.0	1344.0
181.0	3043.0
0.0	786.0
0.0	708.0
28.0	836.0
164.0	1981.0
16.0	1302.0
123.0	3654.0
33.0	1838.0
50.0	634.0
0.0	2037.0
0.0	393.0
88.0	561.0
57.0	1559.0
0.0	754.0
181.0	4286.0
45.0	3929.0
0.0	815.0
0.0	632.0
940.0	22734.0
966.0	5977.0
0.0	321.0
109.0	27256.0
153.0	5530.0
2946.0	88442.0
2104.0	7145.0
2614.0	7900.0
0.0	1722.0
732.0	1648.0
0.0	77.0
98.0	447.0
13.0	729.0
146.0	2139.0
2.0	4173.0
8.0	380.0
0.0	471.0
0.0	770.0
0.0	23.0
550.0	3789.0
28.0	1807.0
27.0	1869.0
0.0	328.0
0.0	498.0
0.0	452.0
0.0	2198.0
26.0	2537.0
97.0	5506.0
21423.0	108266.0
0.0	568.0
195.0	1361.0
44.0	794.0
0.0	509.0
0.0	454.0
99.0	1662.0
72.0	2433.0
332.0	6943.0
0.0	0.0
268.0	1855.0
0.0	42.0
56.0	258.0
0.0	110.0
38.0	2769.0
0.0	213.0
0.0	1084.0
11.0	3858.0
729.0	1484.0
0.0	49.0
0.0	647.0
0.0	1292.0
1.0	1818.0
65.0	3891.0
0.0	0.0
6020.0	88500.0
0.0	681.0
136.0	1080.0
109.0	495.0
1306.0	7778.0
496.0	6810.0
92.0	3715.0
0.0	275.0
39.0	390.0
246.0	8069.0
13.0	1030.0
0.0	267.0
37.0	793.0
186.0	4260.0
14.0	839.0
0.0	485.0
10.0	225.0
234.0	2764.0
33.0	161.0
634.0	15284.0
158.0	2625.0
0.0	553.0
2168.0	10390.0
38.0	1360.0
25.0	292.0
0.0	2548.0
2.0	594.0
0.0	196.0
205.0	4207.0
81.0	1206.0
1402.0	23383.0
139.0	1357.0
0.0	103.0
0.0	820.0
0.0	136.0
13.0	1078.0
89.0	357.0
27.0	6235.0
10.0	264.0
460.0	24861.0
0.0	275.0
437.0	5423.0
79.0	1770.0
267.0	1580.0
32.0	924.0
0.0	341.0
0.0	508.0
0.0	647.0
0.0	535.0
15.0	783.0
48.0	2604.0
267.0	3344.0
1106.0	12752.0
80.0	2605.0
161.0	2470.0
45.0	1011.0
0.0	714.0
0.0	518.0
3.0	170.0
0.0	575.0
42.0	575.0
124.0	4377.0
1090.0	14206.0
3190.0	7286.0
0.0	199.0
26.0	3771.0
0.0	123.0
325.0	6009.0
99.0	5735.0
0.0	649.0
28.0	555.0
142.0	3205.0
2.0	271.0
0.0	1892.0
0.0	655.0
65.0	1158.0
12.0	1126.0
12.0	3154.0
34.0	2348.0
185.0	3102.0
21.0	2550.0
3847.0	71231.0
297.0	5091.0
0.0	194.0
90.0	3291.0
0.0	838.0
0.0	33.0
0.0	579.0
0.0	2295.0
0.0	98.0
6.0	659.0
167.0	1923.0
3835.0	10293.0
0.0	460.0
23.0	1171.0
80.0	2226.0
95.0	1244.0
12833.0	87508.0
0.0	925.0
15.0	612.0
0.0	3007.0
2649.0	7768.0
2161.0	65761.0
0.0	151.0
0.0	838.0
714.0	4295.0
5.0	5672.0
0.0	425.0
0.0	46.0
0.0	223.0
370.0	5098.0
0.0	1526.0
0.0	894.0
0.0	540.0
25.0	2047.0
0.0	65.0
3938.0	12837.0
0.0	2253.0
0.0	1800.0
1474.0	6830.0
15.0	1358.0
52.0	2578.0
71.0	896.0
1430.0	20347.0
45.0	315.0
0.0	227.0
0.0	788.0
120.0	1099.0
0.0	827.0
66.0	898.0
284.0	7531.0
0.0	220.0
1.0	910.0
69.0	1323.0
215.0	5252.0
0.0	976.0
48.0	3033.0
45.0	749.0
147.0	2070.0
13.0	518.0
11.0	797.0
0.0	117.0
45.0	441.0
0.0	98.0
112.0	1607.0
5332.0	77231.0
1832.0	61133.0
0.0	366.0
1.0	866.0
0.0	183.0
24.0	1755.0
0.0	436.0
27.0	928.0
119.0	1334.0
0.0	726.0
529.0	4380.0
139.0	4462.0
44.0	952.0
37.0	2073.0
45.0	7325.0
0.0	939.0
169.0	8833.0
46.0	6456.0
220.0	769.0
0.0	610.0
4.0	1631.0
117.0	2140.0
18.0	2775.0
0.0	568.0
26.0	4519.0
222.0	5829.0
0.0	466.0
0.0	122.0
0.0	205.0
132.0	1722.0
433.0	1760.0
0.0	184.0
0.0	99.0
11.0	1680.0
109.0	2199.0
0.0	0.0
0.0	2776.0
49.0	795.0
4002.0	61000.0
126.0	2342.0
0.0	3906.0
38.0	1230.0
0.0	937.0
30.0	2916.0
21.0	2557.0
343.0	8538.0
33.0	741.0
0.0	326.0
111.0	1004.0
58.0	1143.0
100.0	637.0
0.0	3189.0
0.0	335.0
0.0	208.0
227.0	399.0
36.0	2180.0
0.0	357.0
9.0	614.0
0.0	294.0
1427.0	5855.0
72.0	515.0
44.0	1586.0
139.0	1512.0
0.0	99.0
8.0	3315.0
95.0	2810.0
183.0	1022.0
0.0	182.0
3579.0	10913.0
0.0	421.0
0.0	1152.0
0.0	749.0
0.0	228.0
0.0	329.0
0.0	621.0
2836.0	10977.0
0.0	395.0
0.0	289.0
13.0	144.0
26.0	350.0
449.0	7414.0
53.0	359.0
107.0	2878.0
74.0	1905.0
69.0	2233.0
0.0	598.0
88.0	717.0
0.0	908.0
0.0	338.0
44.0	1090.0
2770.0	6464.0
0.0	232.0
29.0	204.0
23.0	312.0
319.0	3093.0
166.0	3440.0
17.0	375.0
70.0	1266.0
0.0	759.0
56.0	2844.0
0.0	450.0
7764.0	67106.0
336.0	10365.0
0.0	378.0
166.0	6668.0
0.0	729.0
2348.0	12201.0
13.0	1072.0
0.0	267.0
0.0	755.0
102.0	594.0
0.0	674.0
0.0	67.0
0.0	218.0
117.0	3248.0
0.0	464.0
0.0	1859.0
17.0	904.0
107.0	2446.0
0.0	350.0
800.0	20645.0
8.0	589.0
279.0	1068.0
0.0	1566.0
13167.0	108704.0
92.0	1058.0
5.0	156.0
67.0	760.0
0.0	417.0
106.0	568.0
100.0	577.0
27.0	813.0
5165.0	16703.0
132.0	2637.0
0.0	643.0
37.0	8373.0
5.0	1091.0
19.0	4331.0
128.0	583.0
70.0	1462.0
78.0	1103.0
0.0	1096.0
13.0	2881.0
12.0	4726.0
0.0	64.0
0.0	204.0
111.0	2842.0
162.0	2124.0
29.0	5516.0
2704.0	7829.0
0.0	3374.0
112.0	1866.0
4517.0	50667.0
0.0	851.0
0.0	1259.0
0.0	1876.0
76.0	1548.0
0.0	699.0
69.0	2516.0
2339.0	6137.0
20.0	821.0
3141.0	104040.0
64.0	1089.0
39.0	781.0
9.0	611.0
15.0	812.0
406.0	6392.0
0.0	2269.0
0.0	463.0
0.0	932.0
0.0	769.0
12.0	467.0
104.0	5785.0
77.0	1010.0
16.0	1926.0
17.0	666.0
13.0	260.0
349.0	6751.0
14.0	4007.0
10.0	992.0
0.0	2166.0
153.0	1513.0
0.0	784.0
0.0	354.0
0.0	40.0
0.0	2241.0
0.0	591.0
67.0	1503.0
0.0	926.0
0.0	822.0
0.0	390.0
45.0	366.0
0.0	591.0
95.0	3822.0
773.0	6056.0
0.0	370.0
272.0	2366.0
757.0	1065.0
0.0	1268.0
10.0	4023.0
48.0	781.0
0.0	805.0
1268.0	8526.0
50.0	600.0
114.0	1364.0
2.0	1788.0
116.0	1443.0
0.0	385.0
0.0	1333.0
190.0	1594.0
42.0	2192.0
2838.0	80812.0
22.0	397.0
123.0	1172.0
51.0	1241.0
139.0	2660.0
184.0	1636.0
0.0	15.0
0.0	313.0
0.0	160.0
64.0	624.0
183.0	2446.0
59.0	2175.0
14.0	1040.0
155.0	3775.0
16.0	941.0
56.0	1940.0
61.0	1235.0
24.0	1753.0
44.0	491.0
508.0	2382.0
737.0	1222.0
0.0	477.0
46.0	3131.0
0.0	298.0
460.0	1063.0
0.0	1039.0
164.0	5566.0
251.0	3775.0
72.0	1108.0
0.0	434.0
0.0	214.0
63.0	279.0
2097.0	12383.0
0.0	318.0
56.0	1175.0
0.0	2357.0
136.0	5071.0
0.0	226.0
318.0	4439.0
164.0	1748.0
0.0	4082.0
0.0	169.0
180.0	904.0
0.0	1493.0
0.0	449.0
64.0	1163.0
150.0	5152.0
308.0	966.0
4.0	869.0
0.0	970.0
111.0	591.0
51.0	539.0
0.0	1654.0
47.0	1549.0
0.0	147.0
0.0	164.0
7.0	678.0
59.0	1199.0
15.0	2011.0
0.0	0.0
27.0	1868.0
0.0	0.0
329.0	1330.0
191.0	2648.0
1995.0	11616.0
0.0	377.0
2530.0	10008.0
0.0	3825.0
7950.0	92465.0
0.0	1186.0
0.0	1149.0
0.0	374.0
0.0	1240.0
69.0	6074.0
857.0	1968.0
859.0	7487.0
5506.0	105691.0
619.0	3644.0
0.0	297.0
1020.0	5136.0
150.0	2023.0
81.0	4139.0
0.0	1740.0
50.0	242.0
0.0	686.0
0.0	363.0
385.0	4502.0
0.0	569.0
0.0	0.0
0.0	1006.0
0.0	526.0
0.0	28.0
40.0	1436.0
398.0	9581.0
83.0	4076.0
78.0	2660.0
48.0	1863.0
414.0	3055.0
66.0	1258.0
94.0	2677.0
226.0	4115.0
40.0	2296.0
26.0	2142.0
23.0	1754.0
49.0	4422.0
453.0	4911.0
9.0	4878.0
113.0	2264.0
9.0	985.0
2223.0	49834.0
100.0	594.0
0.0	532.0
50.0	1112.0
672.0	27271.0
0.0	1469.0
0.0	936.0
8.0	825.0
293.0	4499.0
0.0	177.0
74.0	1722.0
0.0	51.0
19.0	487.0
0.0	1380.0
0.0	282.0
0.0	180.0
1962.0	9598.0
112.0	4872.0
328.0	3212.0
45.0	1494.0
5851.0	82991.0
17.0	2177.0
4415.0	117898.0
0.0	384.0
83.0	2126.0
43.0	169.0
0.0	658.0
94.0	699.0
0.0	1273.0
0.0	246.0
72.0	634.0
0.0	251.0
1176.0	6323.0
24.0	2119.0
247.0	2235.0
19.0	1208.0
75.0	449.0
0.0	4387.0
240.0	4296.0
48.0	1479.0
132.0	753.0
8.0	297.0
13.0	824.0
994.0	3344.0
60.0	4003.0
0.0	534.0
1109.0	2517.0
9.0	709.0
0.0	1739.0
0.0	146.0
42.0	423.0
1341.0	7865.0
0.0	2352.0
0.0	128.0
1298.0	43533.0
0.0	302.0
3140.0	7973.0
0.0	1187.0
0.0	0.0
0.0	582.0
103.0	345.0
0.0	331.0
76.0	1037.0
5.0	1498.0
61.0	2256.0
0.0	434.0
0.0	3313.0
34.0	454.0
320.0	3024.0
26.0	2161.0
0.0	293.0
40.0	435.0
0.0	243.0
175.0	2622.0
186.0	2262.0
1907.0	7383.0
18.0	954.0
0.0	1063.0
10.0	267.0
65.0	2362.0
490.0	2760.0
0.0	245.0
1171.0	5046.0
92.0	448.0
0.0	1651.0
391.0	1815.0
36.0	630.0
0.0	271.0
0.0	0.0
1110.0	4183.0
59.0	866.0
43.0	2286.0
0.0	1232.0
19.0	280.0
2.0	1200.0
0.0	339.0
67.0	2068.0
0.0	198.0
0.0	44.0
116.0	3695.0
148.0	4344.0
19.0	381.0
29.0	1757.0
0.0	243.0
0.0	391.0
441.0	3397.0
294.0	2944.0
0.0	660.0
420.0	1982.0
75.0	957.0
0.0	25.0
301.0	2281.0
202.0	2086.0
0.0	78.0
261.0	457.0
263.0	834.0
6280.0	117206.0
0.0	1356.0
0.0	1060.0
0.0	152.0
0.0	652.0
44.0	484.0
0.0	367.0
42.0	1163.0
0.0	42.0
0.0	925.0
9.0	887.0
0.0	777.0
62.0	684.0
0.0	124.0
0.0	0.0
19.0	465.0
638.0	2332.0
0.0	384.0
0.0	207.0
1303.0	6707.0
4391.0	63164.0
74.0	257.0
0.0	503.0
92.0	571.0
0.0	1363.0
1260.0	5715.0
142.0	3053.0
108.0	1152.0
0.0	1523.0
0.0	100.0
32.0	623.0
32.0	792.0
184.0	3838.0
0.0	76.0
0.0	1216.0
50.0	2739.0
0.0	573.0
0.0	154.0
0.0	283.0
0.0	1334.0
174.0	2634.0
1428.0	7984.0
31.0	798.0
0.0	44.0
0.0	345.0
0.0	1479.0
16.0	422.0
0.0	227.0
0.0	526.0
212.0	9105.0
2496.0	73845.0
6.0	317.0
477.0	2158.0
22.0	1256.0
192.0	5624.0
2721.0	45959.0
0.0	399.0
0.0	592.0
0.0	259.0
62.0	11255.0
13.0	6068.0
0.0	4411.0
316.0	4638.0
0.0	3007.0
0.0	4181.0
107.0	1636.0
0.0	741.0
0.0	344.0
7692.0	96837.0
41.0	502.0
42.0	557.0
27.0	1965.0
124.0	3124.0
0.0	785.0
0.0	414.0
0.0	1548.0
80.0	1163.0
0.0	1637.0
688.0	3058.0
0.0	140.0
55.0	2565.0
35.0	282.0
0.0	571.0
0.0	38.0
0.0	868.0
61.0	625.0
0.0	444.0
13.0	4984.0
0.0	289.0
0.0	2145.0
10.0	3901.0
7.0	661.0
61.0	3669.0
101.0	1819.0
71.0	1026.0
0.0	959.0
0.0	572.0
37.0	83.0
117.0	4203.0
85.0	1376.0
46.0	872.0
24.0	357.0
17.0	405.0
125.0	5928.0
9.0	419.0
2915.0	64863.0
1234.0	5998.0
0.0	662.0
123.0	3668.0
368.0	1613.0
0.0	164.0
38.0	1318.0
10.0	1473.0
76.0	3084.0
77.0	1264.0
842.0	5635.0
27.0	1580.0
5.0	1159.0
41.0	694.0
0.0	1548.0
35.0	508.0
0.0	2198.0
1509.0	3321.0
377.0	5417.0
0.0	30.0
65.0	2330.0
0.0	916.0
864.0	4409.0
0.0	874.0
44.0	1372.0
27.0	407.0
0.0	408.0
0.0	405.0
55.0	798.0
0.0	2263.0
0.0	178.0
0.0	0.0
80.0	5434.0
96.0	2091.0
79.0	1799.0
1050.0	5976.0
231.0	4419.0
0.0	801.0
0.0	123.0
1.0	76.0
15.0	3424.0
0.0	893.0
40.0	4474.0
0.0	0.0
0.0	648.0
193.0	3654.0
31.0	207.0
368.0	4177.0
59.0	1568.0
33.0	422.0
0.0	513.0
12.0	2207.0
162.0	4150.0
167.0	3921.0
176.0	1585.0
0.0	410.0
21.0	1728.0
128.0	4403.0
23.0	281.0
0.0	895.0
1966.0	7222.0
254.0	2388.0
47.0	2067.0
5.0	3533.0
0.0	1260.0
0.0	0.0
0.0	1142.0
0.0	239.0
0.0	1687.0
48.0	1333.0
15.0	736.0
0.0	350.0
0.0	339.0
568.0	3066.0
98.0	1835.0
8.0	642.0
0.0	576.0
7.0	560.0
55.0	2374.0
0.0	1571.0
175.0	9167.0
72.0	1665.0
1027.0	6292.0
0.0	96.0
95.0	5776.0
0.0	564.0
406.0	5618.0
15.0	621.0
31.0	1339.0
0.0	1419.0
0.0	1240.0
0.0	467.0
0.0	168.0
264.0	1619.0
0.0	149.0
0.0	621.0
10.0	1000.0
20.0	1517.0
17.0	2003.0
58.0	767.0
0.0	1702.0
0.0	220.0
109.0	317.0
263.0	7007.0
0.0	1058.0
0.0	2207.0
722.0	4890.0
2.0	638.0
299.0	3136.0
0.0	786.0
2361.0	8064.0
109.0	6690.0
95.0	899.0
0.0	467.0
150.0	2618.0
0.0	352.0
0.0	1019.0
0.0	0.0
0.0	1166.0
0.0	876.0
0.0	583.0
30.0	887.0
0.0	1399.0
0.0	2336.0
40.0	2682.0
13.0	2163.0
0.0	2835.0
16.0	1565.0
0.0	672.0
123.0	476.0
65.0	882.0
159.0	3476.0
0.0	1054.0
0.0	188.0
133.0	3308.0
43.0	1757.0
138.0	2474.0
102.0	1675.0
125.0	816.0
0.0	283.0
0.0	614.0
1623.0	5956.0
111.0	951.0
148.0	3846.0
10.0	703.0
1153.0	4792.0
37.0	1214.0
0.0	153.0
0.0	573.0
18.0	2332.0
12.0	2651.0
60.0	733.0
55.0	1460.0
0.0	860.0
70.0	4723.0
0.0	1139.0
298.0	4985.0
0.0	17.0
120.0	946.0
54.0	957.0
0.0	172.0
35.0	3151.0
535.0	3281.0
53.0	2317.0
41.0	372.0
110.0	26703.0
0.0	373.0
74.0	759.0
42.0	1285.0
53.0	1036.0
219.0	2734.0
28.0	1346.0
286.0	4296.0
129.0	463.0
73.0	3338.0
0.0	45.0
0.0	311.0
136.0	10568.0
60.0	296.0
13.0	705.0
32.0	2549.0
8.0	915.0
0.0	802.0
27.0	3155.0
201.0	4923.0
0.0	704.0
732.0	3803.0
0.0	629.0
0.0	321.0
97.0	4561.0
94.0	790.0
28.0	336.0
166.0	1209.0
10.0	2822.0
0.0	304.0
95.0	7692.0
0.0	338.0
24.0	653.0
0.0	145.0
70.0	387.0
129.0	2966.0
110.0	1902.0
7.0	347.0
0.0	1632.0
31.0	2092.0
192.0	558.0
0.0	238.0
39.0	2241.0
0.0	0.0
2.0	427.0
2534.0	72587.0
0.0	618.0
0.0	434.0
96.0	2719.0
93.0	3097.0
129.0	3840.0
0.0	0.0
0.0	0.0
39.0	2161.0
21.0	2817.0
38.0	3600.0
0.0	738.0
47.0	3076.0
240.0	2425.0
0.0	681.0
3576.0	58325.0
29.0	1412.0
0.0	194.0
0.0	4290.0
11062.0	96345.0
84.0	2262.0
448.0	2707.0
54.0	991.0
176.0	3832.0
0.0	129.0
0.0	887.0
607.0	665.0
35.0	454.0
0.0	54.0
65.0	564.0
90.0	4407.0
64.0	4543.0
77.0	2714.0
0.0	844.0
0.0	341.0
8.0	592.0
34.0	479.0
0.0	69.0
0.0	971.0
90.0	579.0
0.0	137.0
0.0	0.0
245.0	2485.0
12.0	1982.0
62.0	570.0
0.0	1866.0
0.0	759.0
77.0	875.0
223.0	3187.0
363.0	11515.0
3.0	275.0
127.0	3375.0
147.0	8872.0
46.0	980.0
0.0	112.0
34.0	2823.0
0.0	1179.0
1269.0	7551.0
38.0	678.0
0.0	508.0
179.0	3806.0
0.0	399.0
0.0	1119.0
162.0	2608.0
70.0	5224.0
0.0	708.0
56.0	3035.0
332.0	3000.0
0.0	802.0
59.0	2208.0
323.0	2342.0
0.0	208.0
0.0	468.0
45.0	3902.0
118.0	2074.0
7603.0	143087.0
65.0	523.0
0.0	611.0
35.0	919.0
0.0	357.0
98.0	2219.0
61.0	1221.0
4086.0	15241.0
20.0	2656.0
816.0	2227.0
33.0	2900.0
0.0	471.0
768.0	5396.0
533.0	2511.0
3730.0	63557.0
47.0	2663.0
14196.0	108529.0
151.0	5311.0
0.0	706.0
32.0	1425.0
18.0	603.0
0.0	1193.0
19.0	1782.0
0.0	1873.0
262.0	9428.0
0.0	236.0
0.0	380.0
11.0	361.0
27.0	1179.0
0.0	99.0
320.0	5542.0
60.0	1834.0
140.0	2025.0
317.0	2733.0
318.0	3127.0
0.0	1511.0
21.0	981.0
126.0	9152.0
8.0	1016.0
0.0	1455.0
76.0	910.0
27.0	456.0
103.0	2268.0
95.0	989.0
0.0	93.0
11.0	5091.0
298.0	9242.0
2052.0	10778.0
0.0	500.0
0.0	0.0
72.0	2407.0
0.0	1261.0
102.0	3630.0
181.0	2565.0
228.0	3871.0
196.0	1120.0
77.0	857.0
3813.0	13673.0
154.0	3291.0
169.0	5054.0
406.0	9007.0
0.0	228.0
0.0	169.0
66.0	2092.0
0.0	1992.0
174.0	1529.0
0.0	80.0
0.0	252.0
259.0	3305.0
0.0	1728.0
91.0	5004.0
132.0	521.0
0.0	423.0
44.0	298.0
84.0	859.0
0.0	57.0
71.0	1131.0
854.0	5069.0
0.0	916.0
2346.0	64306.0
73.0	3206.0
0.0	690.0
155.0	1622.0
71.0	4013.0
71.0	662.0
31.0	2350.0
0.0	270.0
0.0	1258.0
0.0	1319.0
61.0	8621.0
41.0	1760.0
0.0	264.0
728.0	6981.0
97.0	5295.0
59.0	1428.0
7052.0	88694.0
492.0	6017.0
144.0	788.0
3.0	1977.0
10.0	280.0
21.0	148.0
46.0	3017.0
16.0	519.0
230.0	6204.0
0.0	3392.0
0.0	1821.0
70.0	280.0
0.0	894.0
78.0	1802.0
75.0	975.0
354.0	4644.0
250.0	3803.0
0.0	118.0
0.0	429.0
150.0	1962.0
507.0	2318.0
0.0	757.0
127.0	1879.0
0.0	1800.0
0.0	1206.0
0.0	156.0
562.0	7104.0
4617.0	10220.0
154.0	5406.0
0.0	419.0
126.0	4375.0
69.0	10843.0
276.0	2756.0
15.0	608.0
0.0	2607.0
3710.0	8140.0
36.0	1357.0
134.0	6132.0
16.0	1072.0
0.0	69.0
34.0	2126.0
61.0	4356.0
0.0	414.0
0.0	1564.0
0.0	125.0
151.0	1776.0
0.0	162.0
0.0	125.0
0.0	2820.0
4222.0	76647.0
0.0	2140.0
566.0	925.0
3064.0	61597.0
0.0	795.0
0.0	833.0
460.0	5478.0
148.0	3541.0
43.0	930.0
505.0	8969.0
0.0	842.0
0.0	161.0
40.0	243.0
0.0	99.0
0.0	991.0
0.0	424.0
0.0	365.0
0.0	387.0
149.0	3293.0
34.0	488.0
0.0	415.0
667.0	4013.0
670.0	4958.0
2216.0	20423.0
67.0	352.0
35.0	924.0
35.0	5088.0
62.0	2266.0
220.0	3765.0
0.0	482.0
0.0	618.0
0.0	444.0
73.0	526.0
52.0	1565.0
17.0	738.0
0.0	373.0
68.0	270.0
0.0	748.0
153.0	2705.0
0.0	1561.0
0.0	172.0
0.0	236.0
3721.0	88814.0
204.0	2960.0
23.0	3391.0
24.0	4339.0
3.0	1107.0
0.0	1659.0
4074.0	11008.0
0.0	1107.0
447.0	6025.0
6.0	4599.0
42.0	5388.0
0.0	424.0
0.0	1198.0
258.0	1239.0
29.0	510.0
0.0	974.0
96.0	3553.0
39.0	1040.0
0.0	0.0
0.0	0.0
43.0	1829.0
57.0	1181.0
179.0	4234.0
0.0	278.0
482.0	2174.0
272.0	6236.0
401.0	3980.0
11.0	992.0
0.0	3778.0
270.0	1783.0
181.0	5142.0
76.0	2254.0
0.0	300.0
26.0	1087.0
8.0	1220.0
566.0	4642.0
78.0	5788.0
130.0	356.0
0.0	137.0
0.0	1810.0
0.0	298.0
2738.0	54546.0
90.0	3574.0
278.0	1934.0
69.0	1575.0
401.0	3619.0
0.0	2630.0
0.0	144.0
437.0	6967.0
3574.0	14042.0
129.0	1392.0
86.0	23942.0
0.0	442.0
10.0	2312.0
247.0	2526.0
4.0	2615.0
109.0	420.0
0.0	315.0
79.0	3581.0
0.0	280.0
0.0	288.0
0.0	381.0
0.0	1798.0
0.0	89.0
238.0	4453.0
0.0	609.0
8777.0	87712.0
30.0	357.0
54.0	1788.0
19.0	686.0
247.0	7568.0
0.0	84.0
26.0	3426.0
286.0	1532.0
1841.0	7682.0
23.0	122.0
13.0	6198.0
89.0	1129.0
398.0	4189.0
21.0	1825.0
2869.0	10723.0
1676.0	10097.0
6809.0	100926.0
0.0	148.0
64.0	3003.0
0.0	308.0
0.0	0.0
0.0	1419.0
0.0	157.0
105.0	3619.0
107.0	669.0
11.0	10764.0
0.0	643.0
9.0	846.0
0.0	0.0
584.0	5577.0
30.0	721.0
235.0	5697.0
117.0	2292.0
0.0	113.0
0.0	255.0
0.0	1914.0
42.0	563.0
7.0	264.0
0.0	255.0
0.0	0.0
156.0	4185.0
513.0	4866.0
32.0	588.0
2062.0	7655.0
0.0	2183.0
488.0	5292.0
0.0	80.0
37.0	19866.0
0.0	741.0
201.0	1632.0
64.0	1427.0
0.0	1145.0
608.0	2493.0
116.0	1199.0
0.0	0.0
1986.0	11607.0
7.0	107.0
46.0	1885.0
75.0	2529.0
178.0	562.0
37.0	3536.0
99.0	655.0
391.0	6509.0
125.0	2072.0
0.0	1314.0
0.0	123.0
3.0	1106.0
0.0	1167.0
22.0	1728.0
120.0	2013.0
0.0	3803.0
0.0	595.0
4872.0	71472.0
66.0	1198.0
304.0	2920.0
0.0	194.0
32.0	238.0
0.0	2349.0
93.0	2014.0
0.0	951.0
43.0	1847.0
75.0	914.0
7.0	540.0
0.0	57.0
1153.0	4938.0
125.0	1309.0
26.0	3664.0
33.0	724.0
0.0	264.0
536.0	10107.0
78.0	1392.0
0.0	893.0
0.0	0.0
80.0	1694.0
118.0	2681.0
0.0	1692.0
0.0	762.0
0.0	1104.0
0.0	201.0
0.0	1125.0
0.0	177.0
13.0	371.0
47.0	3804.0
41.0	565.0
20.0	1178.0
0.0	1135.0
0.0	307.0
75.0	1460.0
1404.0	8021.0
936.0	6960.0
8.0	3169.0
41.0	7709.0
178.0	599.0
0.0	0.0
275.0	2113.0
0.0	61.0
517.0	4512.0
259.0	3349.0
0.0	3045.0
2.0	1476.0
11.0	3302.0
0.0	690.0
0.0	302.0
57.0	1256.0
0.0	486.0
0.0	306.0
189.0	1544.0
856.0	6688.0
0.0	986.0
0.0	322.0
21.0	748.0
26.0	217.0
0.0	22.0
27.0	474.0
1425.0	8937.0
54.0	2364.0
0.0	2813.0
3.0	920.0
0.0	142.0
148.0	614.0
12.0	1924.0
550.0	1643.0
0.0	39.0
28.0	871.0
279.0	2512.0
91.0	896.0
246.0	5113.0
791.0	3886.0
0.0	768.0
197.0	1808.0
120.0	1584.0
134.0	4794.0
0.0	130.0
0.0	532.0
311.0	6338.0
0.0	257.0
0.0	113.0
491.0	4495.0
536.0	2883.0
129.0	1413.0
64.0	358.0
0.0	1118.0
172.0	2358.0
0.0	1228.0
100.0	2332.0
0.0	1948.0
66.0	591.0
1396.0	4344.0
273.0	3085.0
59.0	3537.0
15.0	218.0
69.0	1022.0
62.0	643.0
0.0	974.0
0.0	992.0
7.0	2568.0
3.0	366.0
269.0	4246.0
117.0	6826.0
36.0	3617.0
252.0	3561.0
0.0	415.0
66.0	4174.0
0.0	172.0
112.0	4258.0
588.0	4121.0
257.0	1173.0
31.0	2132.0
1027.0	4306.0
30.0	2820.0
0.0	21.0
0.0	1148.0
54.0	306.0
803.0	997.0
0.0	50.0
279.0	2665.0
0.0	318.0
0.0	18.0
107.0	1386.0
0.0	33.0
8.0	964.0
29.0	1274.0
59.0	3029.0
31.0	3707.0
0.0	984.0
143.0	3737.0
0.0	98.0
9255.0	77945.0
0.0	527.0
7.0	413.0
0.0	877.0
16.0	1371.0
40.0	2495.0
2.0	1530.0
0.0	1562.0
0.0	177.0
14.0	2451.0
124.0	1206.0
130.0	10794.0
1097.0	7043.0
70.0	2764.0
0.0	224.0
13.0	1872.0
271.0	4067.0
482.0	553.0
0.0	79.0
21.0	642.0
0.0	417.0
114.0	3237.0
38.0	345.0
0.0	86.0
203.0	1492.0
230.0	3413.0
0.0	54.0
47.0	2130.0
0.0	301.0
375.0	2266.0
7.0	5048.0
266.0	868.0
62.0	760.0
0.0	1487.0
0.0	331.0
20.0	2460.0
15.0	1243.0
0.0	861.0
277.0	2396.0
362.0	5635.0
139.0	2507.0
0.0	1494.0
12.0	4105.0
69.0	3011.0
19.0	649.0
3468.0	13110.0
0.0	0.0
0.0	158.0
4.0	4056.0
0.0	134.0
78.0	979.0
19.0	358.0
80.0	1311.0
40.0	2515.0
111.0	2605.0
20.0	158.0
92.0	6477.0
0.0	421.0
91.0	1120.0
0.0	1298.0
5007.0	59368.0
70.0	680.0
15.0	912.0
85.0	920.0
9.0	1528.0
0.0	372.0
0.0	1561.0
0.0	362.0
27.0	1139.0
0.0	0.0
28.0	2077.0
1010.0	7028.0
1405.0	6444.0
104.0	4482.0
59.0	4157.0
0.0	713.0
100.0	1948.0
6.0	498.0
0.0	305.0
1799.0	11915.0
224.0	369.0
0.0	1143.0
0.0	883.0
0.0	31.0
0.0	4990.0
0.0	143.0
90.0	5209.0
0.0	1284.0
0.0	607.0
92.0	1763.0
0.0	348.0
64.0	3266.0
1629.0	86533.0
0.0	64.0
67.0	861.0
296.0	9664.0
253.0	6210.0
1144.0	6059.0
0.0	1113.0
26.0	739.0
103.0	1342.0
103.0	1762.0
0.0	0.0
0.0	2888.0
0.0	70.0
0.0	77.0
104.0	1366.0
232.0	3900.0
3923.0	13186.0
5.0	820.0
0.0	1318.0
48.0	5055.0
34.0	8038.0
99.0	4868.0
1537.0	6243.0
654.0	1410.0
0.0	579.0
0.0	660.0
53.0	1887.0
20.0	1012.0
86.0	932.0
434.0	4891.0
0.0	1820.0
29.0	1799.0
14.0	917.0
0.0	122.0
0.0	964.0
0.0	1095.0
629.0	2353.0
12.0	447.0
0.0	408.0
9.0	1329.0
1301.0	18022.0
92.0	2431.0
213.0	2164.0
2571.0	12163.0
28.0	676.0
282.0	2374.0
9.0	1697.0
0.0	66.0
77.0	661.0
156.0	4742.0
38.0	658.0
14.0	708.0
3.0	916.0
0.0	1093.0
1127.0	18240.0
1362.0	91330.0
2382.0	7881.0
0.0	104.0
165.0	3776.0
0.0	1673.0
0.0	505.0
164.0	3358.0
0.0	1087.0
132.0	1212.0
3013.0	8857.0
277.0	1590.0
0.0	350.0
0.0	1415.0
0.0	771.0
1452.0	7820.0
0.0	215.0
73.0	865.0
0.0	3158.0
814.0	7242.0
0.0	1100.0
36.0	88.0
3799.0	108622.0
19.0	4641.0
0.0	67.0
576.0	1896.0
52.0	706.0
14.0	938.0
3835.0	14856.0
0.0	994.0
0.0	355.0
5.0	1804.0
0.0	251.0
246.0	5024.0
46.0	644.0
0.0	2790.0
206.0	6108.0
3.0	510.0
694.0	5944.0
414.0	5601.0
0.0	525.0
607.0	3474.0
846.0	9916.0
1533.0	21267.0
0.0	97.0
0.0	485.0
0.0	317.0
324.0	2274.0
29.0	764.0
35.0	103.0
14.0	245.0
81.0	4495.0
0.0	795.0
214.0	60758.0
13.0	1487.0
71.0	486.0
0.0	141.0
1799.0	8305.0
36.0	1257.0
655.0	5796.0
101.0	2677.0
0.0	618.0
0.0	818.0
0.0	372.0
12.0	1901.0
94.0	5330.0
1245.0	2375.0
628.0	7006.0
0.0	544.0
0.0	1108.0
2026.0	10631.0
0.0	268.0
0.0	3298.0
0.0	620.0
22.0	1326.0
0.0	322.0
0.0	54.0
0.0	733.0
57.0	2558.0
871.0	55652.0
1365.0	5221.0
0.0	291.0
0.0	1155.0
32.0	405.0
0.0	1739.0
74.0	1281.0
0.0	733.0
0.0	21.0
62.0	2089.0
0.0	433.0
544.0	3289.0
0.0	597.0
61.0	288.0
152.0	13578.0
0.0	1236.0
21.0	1268.0
0.0	666.0
143.0	1781.0
36.0	1351.0
83.0	1354.0
0.0	859.0
149.0	4245.0
19.0	2832.0
82.0	1263.0
137.0	647.0
0.0	1768.0
2857.0	72158.0
10.0	1076.0
0.0	583.0
0.0	530.0
8.0	210.0
0.0	551.0
11.0	2229.0
201.0	6899.0
0.0	39.0
3260.0	72957.0
0.0	2159.0
68.0	15797.0
0.0	813.0
0.0	158.0
823.0	3645.0
41.0	1436.0
624.0	3868.0
0.0	4174.0
0.0	552.0
585.0	3696.0
0.0	1167.0
792.0	4864.0
19.0	940.0
0.0	551.0
104.0	3195.0
0.0	453.0
124.0	982.0
161.0	5726.0
0.0	202.0
0.0	558.0
0.0	1480.0
0.0	385.0
0.0	239.0
0.0	126.0
37.0	1205.0
0.0	928.0
0.0	1755.0
0.0	544.0
14.0	462.0
795.0	3383.0
0.0	240.0
0.0	553.0
185.0	540.0
19.0	1904.0
77.0	3374.0
0.0	684.0
56.0	873.0
17.0	1297.0
0.0	478.0
60.0	5157.0
0.0	1485.0
150.0	921.0
104.0	955.0
134.0	7305.0
49.0	16922.0
0.0	1022.0
0.0	1047.0
0.0	351.0
27.0	446.0
0.0	1897.0
0.0	51.0
0.0	242.0
79.0	1107.0
11.0	1593.0
18.0	1407.0
143.0	772.0
0.0	3297.0
0.0	272.0
1273.0	7443.0
0.0	2163.0
0.0	330.0
393.0	5037.0
942.0	7170.0
0.0	1697.0
0.0	1192.0
25.0	5543.0
0.0	963.0
15.0	885.0
289.0	1299.0
97.0	633.0
0.0	615.0
10411.0	84904.0
0.0	2139.0
142.0	1513.0
719.0	885.0
25.0	349.0
0.0	3639.0
18.0	1413.0
0.0	763.0
0.0	360.0
0.0	936.0
0.0	583.0
0.0	179.0
223.0	4100.0
94.0	2534.0
0.0	1027.0
596.0	3785.0
134.0	3880.0
40.0	2643.0
0.0	716.0
9324.0	74323.0
0.0	113.0
31.0	2656.0
381.0	4471.0
1605.0	8445.0
88.0	1528.0
0.0	3890.0
0.0	657.0
0.0	812.0
0.0	355.0
6.0	373.0
27.0	593.0
17.0	204.0
0.0	0.0
21.0	2392.0
0.0	98.0
49.0	2501.0
0.0	946.0
57.0	1154.0
262.0	3131.0
0.0	281.0
0.0	272.0
137.0	2908.0
593.0	5616.0
26.0	1197.0
25.0	4798.0
0.0	200.0
0.0	211.0
8.0	3413.0
51.0	494.0
163.0	1967.0
49.0	1470.0
0.0	1054.0
174.0	4394.0
138.0	4433.0
50.0	3334.0
9.0	695.0
0.0	0.0
83.0	4318.0
0.0	676.0
39.0	1046.0
32.0	3785.0
0.0	21.0
671.0	2744.0
1030.0	5039.0
0.0	194.0
22.0	654.0
41.0	3465.0
229.0	1940.0
7.0	442.0
0.0	118.0
73.0	2067.0
61.0	3447.0
4174.0	15755.0
14.0	808.0
32.0	8373.0
155.0	1331.0
177.0	1305.0
0.0	300.0
0.0	5067.0
17.0	1015.0
29.0	502.0
0.0	18.0
9.0	1044.0
0.0	240.0
0.0	124.0
0.0	788.0
0.0	38.0
219.0	3158.0
3056.0	10005.0
177.0	6312.0
0.0	66.0
266.0	2185.0
0.0	582.0
0.0	1236.0
50.0	1826.0
0.0	576.0
87.0	4401.0
214.0	2299.0
200.0	956.0
53.0	1725.0
204.0	4842.0
74.0	1230.0
0.0	790.0
14.0	257.0
0.0	348.0
2271.0	7262.0
3026.0	7389.0
115.0	5566.0
17.0	1750.0
1250.0	5017.0
0.0	128.0
20.0	1866.0
2951.0	10301.0
0.0	440.0
691.0	5270.0
0.0	628.0
0.0	45.0
0.0	417.0
0.0	803.0
0.0	688.0
27.0	6731.0
0.0	917.0
0.0	2423.0
43.0	655.0
23.0	390.0
0.0	2907.0
0.0	318.0
362.0	3993.0
48.0	1576.0
52.0	363.0
0.0	944.0
40.0	3746.0
0.0	455.0
27.0	1997.0
10.0	2413.0
0.0	57.0
110.0	2159.0
583.0	3653.0
60.0	809.0
1479.0	6804.0
0.0	603.0
99.0	1951.0
0.0	226.0
131.0	4910.0
27.0	659.0
189.0	2256.0
626.0	1767.0
286.0	3424.0
83.0	1966.0
3581.0	53173.0
57.0	6595.0
0.0	262.0
0.0	160.0
102.0	1458.0
13.0	536.0
1784.0	6521.0
65.0	3080.0
12.0	1008.0
276.0	3398.0
183.0	5451.0
2410.0	7681.0
30.0	1457.0
0.0	290.0
9.0	2359.0
0.0	531.0
69.0	3481.0
0.0	1683.0
0.0	370.0
0.0	385.0
62.0	1077.0
64.0	1316.0
0.0	355.0
0.0	0.0
74.0	2631.0
0.0	104.0
392.0	11772.0
206.0	6709.0
1142.0	4954.0
66.0	3099.0
0.0	1854.0
28.0	2924.0
96.0	2019.0
1460.0	5670.0
143.0	6845.0
0.0	360.0
158.0	5429.0
20.0	1068.0
49.0	3047.0
1170.0	6062.0
0.0	2015.0
0.0	35.0
0.0	1593.0
0.0	162.0
744.0	994.0
48.0	542.0
2634.0	9945.0
784.0	885.0
0.0	910.0
17.0	357.0
0.0	277.0
0.0	402.0
28.0	1352.0
75.0	718.0
58.0	3307.0
0.0	581.0
0.0	2141.0
338.0	31654.0
0.0	254.0
20.0	1147.0
0.0	2006.0
0.0	465.0
212.0	1594.0
0.0	373.0
0.0	291.0
0.0	2018.0
14.0	996.0
0.0	3288.0
272.0	1440.0
102.0	608.0
1641.0	4827.0
367.0	10327.0
0.0	419.0
183.0	1972.0
54.0	3096.0
0.0	267.0
115.0	908.0
193.0	3210.0
20.0	1091.0
471.0	3508.0
0.0	452.0
0.0	287.0
86.0	1887.0
0.0	189.0
0.0	594.0
46.0	1891.0
1101.0	61349.0
0.0	1112.0
85.0	2356.0
26.0	430.0
0.0	575.0
17.0	2475.0
54.0	1358.0
0.0	73.0
0.0	75.0
131.0	834.0
112.0	1328.0
831.0	1984.0
0.0	18.0
0.0	1716.0
94.0	1637.0
0.0	5596.0
690.0	4695.0
7.0	668.0
0.0	4018.0
21.0	1009.0
769.0	7552.0
0.0	68.0
13.0	428.0
259.0	595.0
51.0	831.0
0.0	671.0
645.0	7118.0
0.0	508.0
0.0	142.0
0.0	247.0
490.0	2953.0
0.0	1986.0
856.0	4838.0
0.0	129.0
0.0	1784.0
0.0	29.0
116.0	2361.0
56.0	6235.0
29.0	2925.0
0.0	222.0
54.0	2810.0
53.0	872.0
8.0	2549.0
0.0	267.0
2196.0	7972.0
75.0	2138.0
4125.0	9058.0
0.0	0.0
138.0	1748.0
0.0	719.0
0.0	168.0
0.0	1686.0
0.0	169.0
0.0	547.0
295.0	5212.0
32.0	1550.0
0.0	969.0
62.0	1876.0
13.0	1212.0
0.0	362.0
46.0	832.0
21.0	728.0
59.0	2204.0
36.0	942.0
0.0	547.0
175.0	715.0
625.0	10545.0
0.0	465.0
17.0	378.0
0.0	1791.0
512.0	1315.0
268.0	3620.0
69.0	2369.0
9.0	791.0
9.0	698.0
195.0	3144.0
1293.0	8385.0
362.0	3732.0
615.0	891.0
0.0	426.0
38.0	1046.0
106.0	2769.0
0.0	201.0
39.0	182.0
685.0	24704.0
68.0	1041.0
71.0	465.0
371.0	3794.0
0.0	434.0
71.0	3971.0
308.0	3205.0
51.0	1360.0
0.0	1276.0
146.0	5582.0
0.0	585.0
3317.0	10989.0
35.0	1084.0
0.0	610.0
0.0	7743.0
0.0	103.0
110.0	1069.0
0.0	25.0
0.0	346.0
0.0	316.0
15.0	3030.0
984.0	24093.0
1117.0	1589.0
0.0	0.0
26.0	252.0
235.0	4313.0
870.0	5816.0
0.0	222.0
0.0	721.0
16.0	390.0
0.0	467.0
2278.0	7869.0
58.0	937.0
4234.0	9001.0
79.0	1607.0
0.0	54.0
9.0	1129.0
16.0	529.0
5.0	1278.0
231.0	3188.0
120.0	6100.0
88.0	1023.0
6.0	745.0
88.0	1288.0
0.0	577.0
10650.0	70697.0
0.0	933.0
48.0	1920.0
0.0	893.0
410.0	5478.0
81.0	634.0
2174.0	2471.0
18.0	3376.0
0.0	1685.0
420.0	4355.0
55.0	985.0
1924.0	6952.0
46.0	1042.0
2030.0	8945.0
554.0	7482.0
0.0	282.0
21.0	1476.0
0.0	324.0
27.0	1327.0
132.0	2249.0
109.0	1282.0
139.0	3520.0
173.0	4272.0
131.0	2427.0
0.0	751.0
73.0	1421.0
18.0	184.0
0.0	850.0
0.0	387.0
118.0	869.0
0.0	1437.0
105.0	1855.0
53.0	1109.0
0.0	297.0
0.0	132.0
0.0	1027.0
0.0	126.0
28.0	1059.0
75.0	4356.0
0.0	1614.0
2409.0	14252.0
16.0	1360.0
0.0	1022.0
0.0	195.0
264.0	6044.0
0.0	365.0
148.0	782.0
58.0	1230.0
120.0	1155.0
11.0	739.0
0.0	316.0
0.0	575.0
226.0	4135.0
0.0	151.0
0.0	62.0
113.0	2797.0
736.0	4730.0
0.0	1689.0
0.0	377.0
192.0	3198.0
210.0	25103.0
0.0	337.0
7.0	518.0
0.0	272.0
0.0	1485.0
2962.0	9051.0
0.0	3197.0
21.0	763.0
222.0	6431.0
70.0	2106.0
268.0	5049.0
0.0	327.0
78.0	437.0
98.0	5998.0
5166.0	79497.0
0.0	707.0
0.0	34.0
117.0	3212.0
25.0	1891.0
11.0	973.0
0.0	306.0
6.0	901.0
54.0	5058.0
2536.0	8799.0
0.0	305.0
0.0	1067.0
156.0	843.0
710.0	710.0
17.0	683.0
0.0	890.0
3.0	624.0
0.0	65.0
0.0	70.0
2936.0	8742.0
0.0	562.0
36.0	3879.0
43.0	770.0
6.0	279.0
0.0	737.0
0.0	2376.0
21.0	623.0
178.0	1304.0
10.0	3596.0
0.0	92.0
15.0	1192.0
36.0	465.0
0.0	116.0
7.0	3456.0
105.0	1519.0
243.0	6661.0
0.0	977.0
57.0	2395.0
16.0	53.0
0.0	340.0
1274.0	5006.0
0.0	449.0
0.0	2825.0
50.0	579.0
221.0	6477.0
0.0	98.0
26.0	1234.0
0.0	598.0
150.0	2444.0
0.0	231.0
0.0	375.0
2295.0	12742.0
121.0	576.0
0.0	61.0
9.0	1039.0
0.0	3096.0
83.0	823.0
1483.0	52966.0
0.0	434.0
0.0	342.0
0.0	512.0
29.0	79.0
70.0	652.0
54.0	843.0
264.0	3744.0
75.0	1913.0
20.0	854.0
516.0	2111.0
67.0	4995.0
0.0	566.0
0.0	1831.0
0.0	551.0
0.0	2498.0
0.0	371.0
16.0	1386.0
52.0	2253.0
136.0	1946.0
0.0	433.0
312.0	3125.0
238.0	1985.0
0.0	356.0
0.0	477.0
0.0	976.0
1.0	2929.0
141.0	5675.0
26.0	3801.0
1851.0	24586.0
53.0	2791.0
0.0	0.0
24.0	3022.0
970.0	3701.0
3576.0	9650.0
0.0	2412.0
0.0	261.0
0.0	1541.0
0.0	127.0
0.0	118.0
10.0	2999.0
0.0	842.0
226.0	5416.0
95.0	3610.0
4.0	1397.0
0.0	52.0
264.0	4505.0
8.0	315.0
68.0	617.0
30.0	2139.0
85.0	770.0
172.0	4427.0
86.0	899.0
39.0	2238.0
16.0	2636.0
0.0	1693.0
140.0	2166.0
0.0	860.0
49.0	791.0
0.0	43.0
20.0	1000.0
135.0	8167.0
0.0	182.0
1113.0	5302.0
0.0	278.0
0.0	339.0
0.0	129.0
209.0	4199.0
147.0	3312.0
0.0	107.0
763.0	4811.0
0.0	549.0
1136.0	5879.0
315.0	5980.0
0.0	0.0
18.0	1884.0
74.0	3776.0
619.0	6407.0
4.0	1785.0
182.0	7986.0
0.0	1917.0
37.0	302.0
7.0	324.0
0.0	0.0
71.0	9321.0
0.0	54.0
209.0	5286.0
0.0	411.0
152.0	5278.0
0.0	1774.0
286.0	759.0
0.0	521.0
88.0	2904.0
1868.0	63518.0
0.0	483.0
0.0	480.0
0.0	1249.0
62.0	1608.0
307.0	2804.0
162.0	2940.0
44.0	3178.0
0.0	134.0
14.0	2584.0
0.0	355.0
0.0	284.0
0.0	144.0
0.0	804.0
747.0	8514.0
0.0	1390.0
73.0	2071.0
99.0	1488.0
0.0	2222.0
29.0	1153.0
165.0	4123.0
0.0	0.0
124.0	540.0
0.0	1330.0
0.0	1141.0
40.0	514.0
976.0	2419.0
16.0	1217.0
0.0	644.0
241.0	3359.0
0.0	85.0
4.0	350.0
0.0	638.0
0.0	59.0
2.0	367.0
22.0	1985.0
0.0	381.0
0.0	451.0
185.0	557.0
13.0	1094.0
49.0	845.0
98.0	304.0
0.0	636.0
0.0	966.0
0.0	1210.0
0.0	21.0
24.0	829.0
334.0	20275.0
0.0	2062.0
0.0	807.0
445.0	3340.0
31.0	762.0
21.0	1045.0
168.0	8291.0
131.0	631.0
0.0	972.0
224.0	2137.0
7.0	3492.0
291.0	8494.0
0.0	1689.0
81.0	1524.0
0.0	410.0
138.0	810.0
54.0	2984.0
0.0	200.0
21.0	1171.0
133.0	423.0
17.0	871.0
1460.0	26903.0
43.0	916.0
0.0	833.0
42.0	464.0
133.0	3365.0
0.0	223.0
0.0	1140.0
61.0	1130.0
0.0	0.0
133.0	1253.0
0.0	3690.0
257.0	4443.0
7603.0	97032.0
888.0	8654.0
38.0	1902.0
646.0	5396.0
0.0	1205.0
80.0	6031.0
240.0	5513.0
64.0	4625.0
3493.0	11101.0
11.0	1138.0
0.0	1703.0
53.0	1477.0
0.0	166.0
0.0	383.0
0.0	568.0
127.0	197.0
1282.0	71604.0
527.0	4889.0
0.0	899.0
78.0	962.0
0.0	1112.0
240.0	4931.0
0.0	191.0
405.0	5726.0
1065.0	41140.0
1847.0	8827.0
0.0	454.0
0.0	1415.0
67.0	1582.0
8.0	2918.0
0.0	623.0
0.0	220.0
39.0	2877.0
1287.0	40019.0
126.0	538.0
48.0	894.0
0.0	27.0
5.0	3697.0
0.0	772.0
134.0	1299.0
0.0	1361.0
84.0	3340.0
24.0	1174.0
216.0	3730.0
197.0	790.0
1941.0	38024.0
0.0	98.0
1006.0	13464.0
0.0	1032.0
41.0	5052.0
0.0	891.0
3954.0	18435.0
50.0	513.0
3.0	257.0
5.0	3908.0
28.0	2095.0
8.0	262.0
31.0	2882.0
0.0	237.0
0.0	909.0
0.0	1200.0
0.0	1326.0
0.0	681.0
517.0	9764.0
1585.0	37423.0
0.0	1540.0
56.0	823.0
4.0	293.0
80.0	1835.0
0.0	637.0
417.0	5961.0
0.0	122.0
0.0	1194.0
1977.0	7065.0
207.0	3970.0
94.0	1540.0
3.0	994.0
0.0	2592.0
0.0	382.0
0.0	343.0
0.0	225.0
0.0	245.0
140.0	1445.0
8373.0	138971.0
51.0	3070.0
2283.0	11944.0
40.0	4398.0
291.0	3181.0
0.0	323.0
17.0	382.0
0.0	233.0
0.0	2417.0
0.0	156.0
0.0	814.0
0.0	219.0
0.0	4947.0
15.0	1242.0
13.0	1984.0
249.0	3075.0
793.0	1331.0
21.0	3121.0
38.0	3150.0
19.0	3076.0
0.0	604.0
0.0	146.0
51.0	481.0
294.0	2559.0
0.0	711.0
18.0	1583.0
0.0	83.0
0.0	1373.0
52.0	1410.0
67.0	1332.0
2090.0	7271.0
56.0	4242.0
70.0	3196.0
0.0	350.0
314.0	7072.0
0.0	252.0
0.0	555.0
282.0	4703.0
391.0	1792.0
0.0	457.0
109.0	1583.0
0.0	203.0
24.0	997.0
181.0	596.0
0.0	1423.0
158.0	358.0
186.0	3237.0
15.0	1571.0
0.0	572.0
0.0	3018.0
70.0	3714.0
648.0	8498.0
0.0	2222.0
391.0	9625.0
160.0	783.0
0.0	1490.0
369.0	2129.0
7.0	1811.0
0.0	447.0
0.0	885.0
241.0	8583.0
33.0	3603.0
0.0	74.0
0.0	1070.0
94.0	518.0
0.0	82.0
113.0	1120.0
0.0	1614.0
0.0	423.0
2685.0	10114.0
0.0	98.0
558.0	8414.0
1946.0	6233.0
0.0	1452.0
0.0	681.0
0.0	813.0
60.0	2356.0
117.0	2952.0
0.0	1170.0
156.0	1952.0
0.0	942.0
39.0	3764.0
0.0	314.0
70.0	1424.0
4875.0	84858.0
232.0	6365.0
0.0	866.0
208.0	4857.0
0.0	1057.0
0.0	673.0
0.0	335.0
82.0	1486.0
778.0	14548.0
0.0	2434.0
0.0	462.0
29.0	474.0
118.0	2401.0
0.0	121.0
0.0	930.0
62.0	1017.0
0.0	487.0
0.0	0.0
0.0	705.0
0.0	425.0
10.0	2416.0
78.0	3783.0
0.0	0.0
60.0	1336.0
54.0	1250.0
87.0	754.0
0.0	384.0
0.0	590.0
224.0	5558.0
19.0	347.0
27.0	1423.0
0.0	835.0
0.0	312.0
189.0	2331.0
22.0	1226.0
0.0	487.0
0.0	161.0
0.0	1373.0
0.0	309.0
347.0	2372.0
0.0	2918.0
193.0	3314.0
25.0	1693.0
0.0	300.0
11.0	2602.0
85.0	1599.0
8.0	1104.0
2562.0	9680.0
96.0	2493.0
6.0	676.0
25.0	528.0
64.0	3690.0
32.0	152.0
142.0	351.0
0.0	0.0
0.0	1446.0
0.0	0.0
1.0	814.0
4.0	1107.0
10.0	1592.0
9.0	1068.0
0.0	216.0
0.0	178.0
239.0	4021.0
6.0	464.0
0.0	109.0
0.0	476.0
0.0	409.0
0.0	732.0
0.0	53.0
0.0	245.0
647.0	3941.0
0.0	1061.0
0.0	0.0
194.0	3882.0
0.0	1915.0
0.0	0.0
4.0	808.0
126.0	2861.0
7.0	216.0
286.0	3266.0
41.0	1102.0
5100.0	63947.0
65.0	4477.0
414.0	2736.0
15240.0	95617.0
0.0	228.0
82.0	881.0
237.0	4081.0
65.0	8113.0
0.0	322.0
21.0	371.0
0.0	654.0
0.0	264.0
0.0	242.0
344.0	5400.0
0.0	0.0
267.0	3610.0
21.0	1414.0
0.0	1064.0
238.0	2573.0
44.0	1920.0
2928.0	8494.0
0.0	689.0
251.0	3640.0
39.0	966.0
0.0	1862.0
4175.0	10572.0
109.0	299.0
74.0	1077.0
3267.0	9545.0
24.0	3595.0
0.0	1245.0
16.0	410.0
141.0	1627.0
0.0	239.0
121.0	954.0
56.0	235.0
0.0	1159.0
0.0	563.0
792.0	4322.0
0.0	1275.0
0.0	252.0
36.0	473.0
0.0	1258.0
25.0	1929.0
0.0	2252.0
357.0	5044.0
0.0	0.0
164.0	2631.0
0.0	371.0
145.0	2232.0
0.0	5099.0
0.0	317.0
0.0	2355.0
30.0	952.0
384.0	4769.0
0.0	2493.0
0.0	521.0
163.0	2692.0
34.0	1708.0
7.0	1117.0
0.0	707.0
0.0	161.0
2.0	1213.0
82.0	718.0
6.0	518.0
25.0	3231.0
2626.0	14259.0
199.0	1337.0
142.0	1650.0
435.0	7913.0
95.0	5014.0
340.0	7479.0
148.0	8035.0
0.0	609.0
11.0	5612.0
308.0	2666.0
103.0	4078.0
0.0	890.0
44.0	1466.0
0.0	337.0
11.0	323.0
200.0	2787.0
0.0	872.0
0.0	1307.0
0.0	347.0
54.0	394.0
250.0	9228.0
126.0	1209.0
818.0	7613.0
19.0	730.0
1466.0	5575.0
670.0	5304.0
6.0	2055.0
40.0	271.0
50.0	1767.0
185.0	4088.0
0.0	2366.0
0.0	1076.0
106.0	2481.0
19.0	1858.0
0.0	2460.0
53.0	776.0
0.0	632.0
3.0	1310.0
0.0	381.0
2.0	357.0
0.0	20.0
0.0	2046.0
597.0	1333.0
84.0	3091.0
28.0	525.0
0.0	1115.0
0.0	266.0
143.0	9352.0
51.0	1867.0
31.0	3067.0
0.0	572.0
47.0	530.0
0.0	42.0
25.0	4632.0
12.0	1732.0
143.0	1575.0
427.0	6579.0
536.0	5656.0
0.0	941.0
20.0	1095.0
106.0	4539.0
6901.0	63143.0
56.0	486.0
69.0	3357.0
0.0	287.0
224.0	2891.0
0.0	951.0
0.0	408.0
0.0	1274.0
99.0	1174.0
146.0	2886.0
0.0	0.0
11.0	856.0
0.0	3350.0
44.0	1944.0
0.0	276.0
43.0	3862.0
0.0	703.0
0.0	41.0
0.0	1431.0
1901.0	8825.0
1136.0	10860.0
0.0	574.0
0.0	92.0
0.0	0.0
0.0	827.0
885.0	4484.0
8.0	1666.0
0.0	1095.0
490.0	5006.0
0.0	1697.0
0.0	1201.0
0.0	376.0
77.0	1683.0
151.0	2746.0
0.0	778.0
30.0	1347.0
10.0	574.0
0.0	56.0
0.0	580.0
1313.0	5785.0
24.0	1538.0
121.0	1278.0
75.0	816.0
5.0	577.0
190.0	3093.0
429.0	11837.0
27.0	1688.0
80.0	2971.0
0.0	822.0
0.0	149.0
134.0	5220.0
19.0	2364.0
0.0	608.0
35.0	1564.0
539.0	2045.0
156.0	2098.0
0.0	1051.0
922.0	11851.0
142.0	702.0
298.0	3951.0
21.0	3160.0
5233.0	12177.0
42.0	251.0
1922.0	12509.0
60.0	11156.0
29.0	1319.0
30.0	1405.0
6.0	5802.0
781.0	32406.0
1440.0	6413.0
660.0	4465.0
0.0	1103.0
0.0	572.0
20.0	354.0
163.0	7689.0
409.0	2283.0
12.0	1457.0
0.0	1620.0
0.0	439.0
614.0	5293.0
0.0	426.0
77.0	2180.0
0.0	377.0
0.0	31.0
0.0	1041.0
363.0	3520.0
54.0	1092.0
336.0	3730.0
0.0	1346.0
22.0	2469.0
0.0	115.0
0.0	799.0
14.0	489.0
0.0	761.0
0.0	120.0
1930.0	4563.0
0.0	817.0
34.0	299.0
5.0	1231.0
61.0	785.0
7.0	805.0
13.0	1149.0
81.0	8210.0
23.0	432.0
29.0	248.0
0.0	251.0
11.0	1218.0
0.0	2855.0
0.0	376.0
146.0	2665.0
0.0	1363.0
0.0	491.0
28.0	3074.0
47.0	1765.0
35.0	2050.0
112.0	915.0
119.0	531.0
68.0	1173.0
227.0	7075.0
137.0	370.0
91.0	3985.0
130.0	725.0
26.0	576.0
0.0	122.0
24.0	1505.0
97.0	717.0
76.0	953.0
6.0	1452.0
0.0	192.0
0.0	117.0
305.0	3252.0
11.0	314.0
30.0	1402.0
18.0	887.0
711.0	4713.0
0.0	81.0
1132.0	5652.0
0.0	0.0
0.0	974.0
0.0	538.0
0.0	0.0
0.0	171.0
0.0	546.0
566.0	5931.0
5491.0	98489.0
0.0	717.0
50.0	876.0
0.0	127.0
11306.0	120674.0
0.0	1269.0
0.0	56.0
0.0	1467.0
40.0	1417.0
129.0	3864.0
11.0	584.0
369.0	3304.0
0.0	1274.0
0.0	928.0
0.0	509.0
4100.0	85664.0
