10.0	187.0
775.0	10988.0
37.0	1514.0
38.0	8367.0
164.0	12827.0
54.0	3677.0
1019.0	2767.0
543.0	5673.0
0.0	3098.0
620.0	11113.0
64.0	7567.0
0.0	2172.0
78.0	1997.0
0.0	569.0
0.0	1367.0
28.0	841.0
0.0	1663.0
0.0	1285.0
52.0	6838.0
9.0	1550.0
6.0	5473.0
593.0	7172.0
124.0	2439.0
488.0	2566.0
0.0	12150.0
0.0	3083.0
128.0	1240.0
55.0	3545.0
0.0	201.0
32.0	240.0
0.0	15.0
0.0	481.0
382.0	3601.0
0.0	368.0
267.0	14999.0
0.0	20.0
140.0	3283.0
0.0	124.0
0.0	43.0
0.0	106.0
1.0	12940.0
0.0	372.0
0.0	1117.0
0.0	703.0
320.0	7581.0
0.0	714.0
68.0	6668.0
59.0	5965.0
216.0	11891.0
349.0	7729.0
0.0	4796.0
0.0	2079.0
243.0	5526.0
228.0	4285.0
10.0	1539.0
313.0	3994.0
12.0	13628.0
0.0	139.0
106.0	4150.0
43.0	101.0
361.0	9901.0
135.0	2401.0
205.0	11029.0
32.0	421.0
0.0	1595.0
1701.0	21847.0
0.0	127.0
0.0	922.0
127.0	3400.0
438.0	20752.0
0.0	3848.0
326.0	13905.0
224.0	10412.0
325.0	6468.0
14.0	5813.0
695.0	10854.0
324.0	13156.0
0.0	535.0
31.0	1586.0
0.0	0.0
622.0	19369.0
0.0	136.0
0.0	1103.0
0.0	0.0
139.0	9628.0
1315.0	27049.0
22.0	3258.0
0.0	314.0
0.0	142.0
0.0	151.0
229.0	1653.0
0.0	734.0
0.0	4218.0
54.0	1452.0
50.0	10760.0
0.0	278.0
0.0	130.0
0.0	2177.0
0.0	188.0
34.0	540.0
2147.0	12134.0
1209.0	22775.0
0.0	817.0
86.0	4326.0
686.0	15455.0
103.0	1616.0
0.0	139.0
74.0	1020.0
530.0	5255.0
25.0	6315.0
928.0	8432.0
56.0	1156.0
496.0	3367.0
0.0	901.0
587.0	19228.0
59.0	3944.0
2397.0	27631.0
342.0	7552.0
0.0	0.0
9.0	538.0
36.0	1402.0
189.0	2772.0
109.0	8688.0
61.0	10552.0
0.0	243.0
1092.0	9411.0
6.0	5426.0
220.0	4938.0
201.0	19858.0
0.0	0.0
184.0	14425.0
2349.0	18753.0
0.0	36.0
34.0	1551.0
0.0	1159.0
657.0	9711.0
100.0	538.0
471.0	17518.0
1446.0	47031.0
0.0	331.0
70.0	4662.0
0.0	2593.0
99.0	576.0
109.0	3686.0
0.0	531.0
236.0	7564.0
3916.0	69102.0
0.0	0.0
777.0	27791.0
799.0	5466.0
0.0	2698.0
0.0	43.0
95.0	1692.0
83.0	8449.0
0.0	109.0
0.0	206.0
0.0	7822.0
0.0	120.0
0.0	1288.0
41.0	1990.0
103.0	5573.0
0.0	489.0
0.0	378.0
0.0	687.0
1016.0	11516.0
0.0	355.0
0.0	401.0
0.0	0.0
304.0	8242.0
248.0	12510.0
0.0	1027.0
281.0	19469.0
0.0	136.0
0.0	1531.0
15.0	3799.0
32.0	2759.0
220.0	7263.0
561.0	1326.0
109.0	3139.0
519.0	6363.0
597.0	23030.0
0.0	214.0
53.0	3773.0
18.0	1027.0
0.0	493.0
0.0	3117.0
370.0	9795.0
34.0	1030.0
0.0	165.0
80.0	2328.0
0.0	37.0
16.0	4132.0
0.0	20.0
39.0	1033.0
44.0	1017.0
0.0	2920.0
0.0	669.0
0.0	2321.0
0.0	1229.0
0.0	2448.0
677.0	22748.0
191.0	7633.0
36.0	2234.0
1.0	4775.0
169.0	9640.0
180.0	2201.0
5.0	3860.0
43.0	1578.0
0.0	124.0
68.0	346.0
41.0	4436.0
816.0	16368.0
0.0	392.0
0.0	575.0
164.0	5055.0
0.0	1770.0
131.0	6448.0
15.0	6380.0
1516.0	15941.0
0.0	0.0
0.0	3460.0
318.0	4619.0
308.0	8795.0
479.0	23162.0
0.0	79.0
66.0	1335.0
0.0	1146.0
20.0	1835.0
0.0	781.0
185.0	6356.0
0.0	314.0
202.0	18278.0
327.0	6159.0
8.0	2070.0
549.0	16578.0
0.0	1157.0
231.0	8822.0
226.0	6198.0
0.0	234.0
11.0	5083.0
0.0	3919.0
0.0	901.0
61.0	5055.0
73.0	7501.0
75.0	8480.0
13.0	946.0
46.0	1941.0
69.0	3270.0
10.0	2428.0
174.0	1116.0
91.0	8712.0
0.0	17.0
0.0	3897.0
0.0	144.0
0.0	211.0
0.0	270.0
55.0	1326.0
142.0	1748.0
33.0	4221.0
0.0	214.0
0.0	1831.0
0.0	0.0
8.0	2191.0
1297.0	26959.0
0.0	1440.0
0.0	314.0
159.0	5108.0
0.0	3138.0
307.0	3059.0
0.0	293.0
27.0	4204.0
2332.0	48676.0
0.0	1938.0
201.0	8971.0
0.0	79.0
0.0	1396.0
44.0	11820.0
0.0	927.0
0.0	1207.0
0.0	1575.0
84.0	4683.0
0.0	606.0
0.0	291.0
0.0	4268.0
5.0	1038.0
0.0	24990.0
0.0	1730.0
94.0	2781.0
138.0	6194.0
16.0	2250.0
79.0	3654.0
192.0	3080.0
144.0	19740.0
0.0	1947.0
0.0	42.0
336.0	9632.0
0.0	1862.0
0.0	0.0
0.0	261.0
0.0	4834.0
206.0	1624.0
0.0	6757.0
71.0	6735.0
0.0	1317.0
217.0	16460.0
0.0	313.0
0.0	453.0
476.0	3099.0
66.0	4493.0
0.0	136.0
59.0	2005.0
0.0	405.0
247.0	4937.0
0.0	465.0
0.0	1417.0
46.0	521.0
0.0	1809.0
0.0	0.0
155.0	4178.0
170.0	7246.0
17.0	1226.0
15.0	3902.0
26.0	1374.0
131.0	2274.0
20.0	5652.0
0.0	2981.0
0.0	1454.0
0.0	218.0
0.0	148.0
0.0	2882.0
0.0	512.0
333.0	23311.0
123.0	8963.0
87.0	7647.0
36.0	210.0
36.0	1613.0
0.0	2611.0
19.0	3195.0
46.0	826.0
0.0	983.0
355.0	6497.0
671.0	15417.0
0.0	853.0
0.0	275.0
69.0	1738.0
454.0	8075.0
211.0	4781.0
0.0	1747.0
0.0	1521.0
0.0	94.0
514.0	24551.0
0.0	725.0
21.0	6036.0
203.0	2911.0
0.0	1193.0
0.0	678.0
485.0	7800.0
163.0	14017.0
420.0	7480.0
1522.0	47648.0
19.0	2751.0
0.0	364.0
0.0	468.0
0.0	936.0
4.0	3047.0
308.0	7799.0
22.0	1289.0
0.0	240.0
0.0	1060.0
0.0	259.0
15.0	3696.0
140.0	10630.0
56.0	853.0
444.0	19817.0
123.0	21286.0
30.0	6740.0
14.0	3174.0
239.0	1947.0
0.0	2288.0
4.0	4479.0
352.0	4410.0
0.0	1518.0
53.0	1232.0
0.0	460.0
29.0	5121.0
45.0	597.0
91.0	2054.0
105.0	665.0
0.0	1914.0
1155.0	3709.0
0.0	2032.0
326.0	5528.0
0.0	2394.0
61.0	1261.0
582.0	9129.0
0.0	495.0
0.0	553.0
0.0	2621.0
0.0	384.0
0.0	470.0
0.0	1046.0
417.0	6422.0
4.0	23.0
29.0	3092.0
632.0	2102.0
0.0	177.0
365.0	6320.0
0.0	2116.0
679.0	26110.0
93.0	2702.0
47.0	15343.0
1.0	3423.0
0.0	464.0
303.0	7563.0
94.0	485.0
43.0	10573.0
463.0	11051.0
0.0	90.0
38.0	5422.0
0.0	72.0
0.0	247.0
0.0	1151.0
204.0	9891.0
517.0	33395.0
305.0	8658.0
2269.0	54345.0
176.0	3578.0
385.0	14882.0
104.0	5065.0
83.0	3134.0
0.0	2937.0
0.0	0.0
231.0	962.0
0.0	1371.0
56.0	2074.0
1795.0	13814.0
0.0	130.0
908.0	31470.0
440.0	2317.0
0.0	0.0
38.0	6639.0
0.0	70.0
0.0	665.0
7.0	236.0
17.0	329.0
18.0	14496.0
0.0	118.0
346.0	9805.0
0.0	781.0
38.0	7144.0
0.0	1971.0
0.0	270.0
0.0	346.0
0.0	706.0
0.0	42.0
0.0	0.0
630.0	13845.0
16.0	3158.0
199.0	6563.0
216.0	8711.0
63.0	3451.0
0.0	649.0
93.0	2311.0
23.0	1725.0
87.0	4804.0
330.0	901.0
81.0	873.0
219.0	5570.0
0.0	2194.0
352.0	2664.0
15.0	776.0
0.0	166.0
0.0	428.0
1125.0	35840.0
0.0	3201.0
71.0	10147.0
79.0	6775.0
4.0	1681.0
73.0	3522.0
0.0	503.0
36.0	4501.0
24.0	497.0
33.0	253.0
56.0	3207.0
0.0	643.0
0.0	2633.0
0.0	2938.0
623.0	7588.0
0.0	336.0
0.0	1712.0
125.0	5252.0
0.0	3278.0
804.0	12036.0
12.0	3359.0
0.0	544.0
0.0	2376.0
36.0	43.0
13.0	6083.0
994.0	7266.0
0.0	361.0
0.0	0.0
129.0	6990.0
0.0	683.0
0.0	963.0
0.0	294.0
0.0	61.0
0.0	9874.0
0.0	379.0
18.0	1191.0
0.0	0.0
541.0	14853.0
52.0	2774.0
0.0	137.0
77.0	291.0
57.0	1516.0
20.0	796.0
0.0	663.0
209.0	2230.0
40.0	814.0
43.0	618.0
0.0	1307.0
94.0	5898.0
691.0	15348.0
366.0	4585.0
0.0	48.0
56.0	646.0
0.0	10116.0
242.0	5333.0
0.0	438.0
218.0	7000.0
125.0	2988.0
0.0	972.0
0.0	54.0
54.0	2157.0
0.0	13603.0
274.0	9214.0
35.0	1493.0
0.0	925.0
0.0	1481.0
0.0	190.0
0.0	728.0
71.0	1615.0
18.0	3433.0
277.0	6965.0
924.0	12444.0
0.0	235.0
16.0	673.0
0.0	5656.0
142.0	7252.0
118.0	1366.0
50.0	1490.0
415.0	8636.0
0.0	365.0
26.0	3966.0
338.0	10921.0
0.0	1376.0
102.0	11317.0
12.0	1452.0
0.0	926.0
95.0	5207.0
24.0	227.0
147.0	7019.0
0.0	1282.0
0.0	2172.0
0.0	90.0
234.0	4876.0
0.0	1191.0
702.0	17316.0
88.0	602.0
226.0	7641.0
84.0	7905.0
0.0	0.0
27.0	528.0
40.0	1804.0
0.0	3669.0
289.0	7852.0
651.0	15865.0
0.0	0.0
0.0	2458.0
0.0	1922.0
26.0	3303.0
0.0	4087.0
0.0	159.0
35.0	3500.0
0.0	3750.0
0.0	686.0
0.0	98.0
143.0	3503.0
0.0	34.0
0.0	3684.0
144.0	4553.0
0.0	616.0
0.0	9217.0
499.0	790.0
0.0	898.0
0.0	438.0
12.0	2937.0
7.0	789.0
116.0	784.0
0.0	385.0
328.0	4131.0
0.0	602.0
0.0	220.0
922.0	14269.0
62.0	1950.0
174.0	8287.0
0.0	2998.0
0.0	1100.0
47.0	694.0
555.0	14899.0
23.0	3662.0
734.0	10532.0
120.0	538.0
0.0	69.0
106.0	6246.0
20.0	4088.0
31.0	2708.0
18.0	266.0
17.0	1596.0
157.0	1372.0
190.0	4237.0
448.0	10554.0
266.0	6813.0
115.0	4056.0
1642.0	11223.0
431.0	11655.0
181.0	3465.0
135.0	2338.0
507.0	12991.0
0.0	350.0
0.0	377.0
25.0	15646.0
0.0	3601.0
0.0	0.0
34.0	495.0
393.0	12783.0
72.0	7037.0
0.0	601.0
84.0	1562.0
0.0	246.0
0.0	7937.0
0.0	1560.0
141.0	11336.0
187.0	12458.0
193.0	18700.0
0.0	332.0
0.0	266.0
0.0	3282.0
654.0	15692.0
437.0	8341.0
8.0	2315.0
0.0	351.0
192.0	7287.0
58.0	2755.0
0.0	456.0
0.0	84.0
0.0	504.0
0.0	1005.0
34.0	12047.0
216.0	4841.0
0.0	130.0
0.0	2245.0
1244.0	15440.0
135.0	3012.0
440.0	2942.0
0.0	444.0
344.0	2250.0
53.0	924.0
157.0	13762.0
0.0	2958.0
930.0	6976.0
0.0	311.0
0.0	1437.0
0.0	7547.0
164.0	3382.0
0.0	310.0
256.0	4879.0
55.0	277.0
0.0	2362.0
18.0	2705.0
0.0	143.0
227.0	9386.0
0.0	469.0
0.0	565.0
0.0	576.0
82.0	1567.0
27.0	1453.0
0.0	791.0
0.0	853.0
5.0	1447.0
558.0	7703.0
0.0	2261.0
179.0	4233.0
59.0	1892.0
0.0	192.0
850.0	33316.0
33.0	8672.0
0.0	355.0
1989.0	34460.0
0.0	1780.0
0.0	926.0
589.0	11929.0
206.0	10861.0
2.0	3295.0
24.0	970.0
0.0	578.0
0.0	5142.0
147.0	791.0
0.0	31.0
0.0	1511.0
172.0	4255.0
91.0	2164.0
9.0	5771.0
0.0	3947.0
0.0	8835.0
0.0	244.0
31.0	278.0
12.0	11282.0
67.0	1469.0
0.0	2206.0
0.0	970.0
0.0	169.0
0.0	30.0
592.0	20688.0
5.0	502.0
0.0	4472.0
595.0	34362.0
36.0	6906.0
185.0	1950.0
0.0	2105.0
0.0	20.0
187.0	6779.0
0.0	784.0
0.0	78.0
437.0	5724.0
0.0	1705.0
100.0	2868.0
0.0	10009.0
0.0	289.0
0.0	1017.0
551.0	6250.0
669.0	19231.0
0.0	337.0
293.0	6390.0
6.0	279.0
0.0	2562.0
0.0	1369.0
0.0	1669.0
0.0	723.0
317.0	14817.0
917.0	2315.0
43.0	9240.0
69.0	4191.0
326.0	18350.0
588.0	8952.0
63.0	2138.0
37.0	1275.0
267.0	8349.0
45.0	8328.0
137.0	5246.0
344.0	7352.0
554.0	13469.0
0.0	1641.0
78.0	5977.0
0.0	2671.0
114.0	20022.0
50.0	1361.0
181.0	9448.0
0.0	725.0
12.0	7045.0
440.0	11488.0
0.0	28.0
0.0	55.0
53.0	228.0
1041.0	11946.0
21.0	80.0
0.0	0.0
0.0	0.0
271.0	10539.0
51.0	237.0
0.0	403.0
282.0	23406.0
45.0	3341.0
13.0	831.0
116.0	7880.0
246.0	5979.0
18.0	1097.0
33.0	548.0
0.0	377.0
450.0	7465.0
0.0	802.0
0.0	275.0
144.0	12150.0
0.0	1015.0
0.0	2016.0
24.0	5260.0
0.0	100.0
403.0	2792.0
0.0	370.0
127.0	6647.0
69.0	2587.0
126.0	6372.0
98.0	2346.0
0.0	448.0
0.0	0.0
0.0	469.0
81.0	1946.0
41.0	741.0
50.0	14919.0
359.0	20299.0
0.0	2528.0
98.0	4743.0
0.0	1593.0
0.0	459.0
0.0	118.0
0.0	747.0
1890.0	7407.0
0.0	69.0
11.0	1685.0
13.0	1690.0
0.0	1176.0
115.0	973.0
6.0	991.0
12.0	5575.0
0.0	435.0
25.0	4667.0
651.0	6702.0
0.0	3895.0
13.0	2953.0
420.0	15348.0
0.0	992.0
26.0	4089.0
144.0	1371.0
0.0	277.0
0.0	3115.0
0.0	146.0
47.0	5790.0
84.0	6426.0
0.0	3773.0
0.0	1161.0
310.0	8266.0
187.0	1866.0
44.0	5315.0
0.0	218.0
0.0	111.0
15.0	37.0
746.0	21639.0
0.0	983.0
21.0	9162.0
0.0	217.0
0.0	179.0
362.0	4649.0
85.0	1389.0
173.0	2275.0
168.0	2255.0
143.0	3014.0
0.0	41.0
14.0	4760.0
54.0	367.0
0.0	719.0
0.0	704.0
166.0	20984.0
0.0	294.0
258.0	2559.0
1.0	1755.0
6.0	1233.0
0.0	370.0
108.0	3668.0
573.0	14534.0
44.0	3208.0
535.0	12093.0
266.0	12518.0
0.0	291.0
107.0	8959.0
0.0	328.0
0.0	456.0
2.0	8324.0
0.0	9661.0
0.0	751.0
0.0	5987.0
37.0	11549.0
44.0	365.0
71.0	742.0
0.0	359.0
250.0	3684.0
613.0	14796.0
0.0	1206.0
0.0	141.0
0.0	1745.0
0.0	18.0
75.0	3152.0
22.0	3122.0
8.0	1456.0
0.0	2570.0
124.0	2905.0
0.0	0.0
0.0	272.0
0.0	143.0
344.0	14215.0
0.0	0.0
49.0	13590.0
0.0	451.0
263.0	3216.0
0.0	2583.0
342.0	11827.0
1759.0	31336.0
416.0	14429.0
236.0	6424.0
0.0	599.0
21.0	1160.0
112.0	6635.0
0.0	360.0
407.0	10659.0
0.0	3149.0
117.0	1988.0
0.0	3001.0
0.0	1188.0
0.0	203.0
0.0	106.0
45.0	1320.0
571.0	3997.0
34.0	3039.0
76.0	1271.0
348.0	3977.0
0.0	498.0
0.0	1232.0
0.0	204.0
0.0	152.0
269.0	5963.0
1.0	609.0
136.0	3151.0
0.0	0.0
0.0	587.0
836.0	15618.0
0.0	1000.0
0.0	760.0
199.0	4180.0
551.0	5202.0
53.0	3080.0
0.0	1879.0
237.0	9675.0
0.0	47.0
0.0	0.0
35.0	2941.0
139.0	2478.0
0.0	163.0
0.0	455.0
41.0	886.0
0.0	1113.0
0.0	1910.0
0.0	241.0
0.0	73.0
0.0	854.0
0.0	763.0
21.0	7778.0
25.0	1032.0
0.0	264.0
66.0	3360.0
0.0	134.0
0.0	1228.0
7.0	5622.0
0.0	536.0
65.0	812.0
0.0	3646.0
0.0	252.0
0.0	1167.0
526.0	24300.0
0.0	549.0
0.0	3105.0
823.0	20762.0
38.0	2531.0
0.0	226.0
128.0	7509.0
2215.0	29660.0
0.0	1818.0
17.0	6924.0
8.0	757.0
112.0	8456.0
0.0	307.0
126.0	5952.0
276.0	7046.0
87.0	2940.0
79.0	8259.0
0.0	1186.0
0.0	8890.0
0.0	5102.0
0.0	17.0
757.0	8043.0
590.0	4121.0
0.0	4431.0
0.0	557.0
30.0	1241.0
0.0	0.0
43.0	137.0
45.0	9997.0
1171.0	15513.0
0.0	3487.0
125.0	1205.0
0.0	395.0
0.0	117.0
22.0	1689.0
25.0	110.0
40.0	10497.0
0.0	319.0
284.0	5601.0
10.0	4086.0
0.0	514.0
0.0	261.0
97.0	1533.0
0.0	191.0
52.0	5123.0
36.0	3652.0
810.0	30875.0
0.0	409.0
0.0	143.0
0.0	965.0
42.0	3961.0
0.0	789.0
15.0	512.0
107.0	2342.0
0.0	697.0
199.0	9971.0
0.0	0.0
394.0	4736.0
0.0	1211.0
110.0	19682.0
0.0	1701.0
56.0	23084.0
0.0	3249.0
256.0	3077.0
2.0	403.0
0.0	235.0
65.0	2359.0
204.0	3958.0
178.0	912.0
0.0	652.0
10.0	2456.0
0.0	1436.0
0.0	32.0
110.0	8162.0
53.0	1733.0
168.0	4828.0
0.0	227.0
0.0	31.0
0.0	263.0
4.0	4370.0
644.0	3039.0
0.0	370.0
0.0	942.0
0.0	450.0
421.0	3157.0
47.0	4489.0
669.0	11297.0
0.0	2312.0
23.0	882.0
0.0	217.0
369.0	15833.0
0.0	956.0
0.0	0.0
418.0	18666.0
0.0	19.0
345.0	4454.0
0.0	79.0
207.0	239.0
571.0	2123.0
0.0	750.0
0.0	2678.0
76.0	1686.0
946.0	11168.0
0.0	173.0
267.0	9126.0
0.0	246.0
784.0	9409.0
54.0	1950.0
0.0	3113.0
209.0	9727.0
180.0	8775.0
244.0	6197.0
0.0	1933.0
29.0	3037.0
0.0	2555.0
65.0	2968.0
39.0	5367.0
46.0	907.0
0.0	105.0
679.0	17207.0
19.0	1384.0
0.0	882.0
72.0	1327.0
0.0	345.0
1083.0	19642.0
0.0	462.0
0.0	4624.0
153.0	837.0
3.0	1480.0
13.0	380.0
155.0	2926.0
161.0	4662.0
0.0	358.0
213.0	1630.0
648.0	18474.0
0.0	0.0
0.0	543.0
50.0	3665.0
0.0	532.0
0.0	0.0
0.0	923.0
0.0	189.0
0.0	1377.0
424.0	11062.0
0.0	281.0
0.0	1332.0
485.0	23125.0
38.0	302.0
17.0	840.0
0.0	335.0
928.0	37058.0
39.0	852.0
0.0	0.0
77.0	6463.0
11.0	115.0
649.0	10948.0
51.0	545.0
154.0	5765.0
5.0	160.0
292.0	1924.0
0.0	1564.0
1912.0	28766.0
0.0	26.0
19.0	2689.0
76.0	16963.0
227.0	10634.0
0.0	3138.0
0.0	187.0
0.0	156.0
368.0	5618.0
0.0	2973.0
20.0	614.0
0.0	2973.0
0.0	241.0
68.0	2348.0
66.0	12986.0
52.0	3439.0
186.0	2929.0
84.0	6591.0
129.0	10281.0
0.0	393.0
0.0	691.0
94.0	7647.0
0.0	0.0
59.0	2182.0
19.0	3941.0
0.0	223.0
0.0	5935.0
0.0	144.0
83.0	210.0
27.0	2661.0
80.0	3060.0
0.0	824.0
0.0	41.0
31.0	6229.0
46.0	3536.0
0.0	558.0
0.0	3645.0
0.0	604.0
97.0	1482.0
84.0	1466.0
965.0	19681.0
349.0	6399.0
0.0	322.0
215.0	3101.0
0.0	159.0
114.0	1918.0
189.0	6964.0
105.0	9980.0
0.0	12927.0
18.0	4450.0
0.0	1598.0
70.0	4719.0
0.0	366.0
13.0	803.0
0.0	4130.0
20.0	1771.0
0.0	520.0
0.0	200.0
340.0	15451.0
4.0	9347.0
0.0	272.0
277.0	8285.0
26.0	563.0
0.0	409.0
332.0	12684.0
0.0	618.0
389.0	16629.0
14.0	2166.0
206.0	5198.0
0.0	295.0
0.0	875.0
0.0	447.0
310.0	5557.0
0.0	2542.0
0.0	1000.0
27.0	5333.0
0.0	61.0
12.0	4081.0
20.0	4117.0
0.0	91.0
0.0	3256.0
645.0	18551.0
439.0	10292.0
0.0	376.0
190.0	2602.0
0.0	815.0
84.0	6456.0
0.0	508.0
663.0	26584.0
104.0	1864.0
15.0	482.0
131.0	3372.0
0.0	289.0
0.0	300.0
0.0	215.0
176.0	9098.0
0.0	2421.0
18.0	5459.0
0.0	680.0
0.0	1347.0
0.0	188.0
36.0	3850.0
221.0	3423.0
56.0	2989.0
10.0	342.0
0.0	299.0
17.0	752.0
0.0	631.0
0.0	93.0
0.0	994.0
67.0	10647.0
120.0	3064.0
0.0	5834.0
37.0	324.0
0.0	0.0
1384.0	23713.0
0.0	552.0
0.0	1577.0
0.0	161.0
29.0	13581.0
106.0	3156.0
0.0	534.0
183.0	6559.0
0.0	97.0
0.0	2440.0
733.0	11667.0
0.0	6536.0
0.0	149.0
0.0	454.0
87.0	6558.0
586.0	2712.0
462.0	5365.0
0.0	407.0
35.0	6571.0
55.0	506.0
149.0	374.0
0.0	214.0
0.0	2094.0
0.0	11504.0
0.0	2645.0
0.0	496.0
0.0	60.0
473.0	5321.0
0.0	1154.0
0.0	798.0
0.0	17.0
783.0	9983.0
0.0	1444.0
0.0	136.0
274.0	3754.0
8.0	440.0
71.0	20246.0
0.0	1706.0
265.0	11690.0
0.0	119.0
454.0	15789.0
39.0	726.0
0.0	307.0
0.0	0.0
0.0	786.0
83.0	13708.0
193.0	5038.0
0.0	1369.0
66.0	2021.0
0.0	3133.0
0.0	197.0
0.0	153.0
0.0	1762.0
464.0	2666.0
113.0	4588.0
0.0	4535.0
87.0	3290.0
0.0	812.0
261.0	15723.0
20.0	880.0
70.0	4611.0
37.0	13174.0
0.0	2914.0
0.0	82.0
53.0	594.0
282.0	19480.0
152.0	8872.0
0.0	1033.0
388.0	6148.0
530.0	14546.0
0.0	3295.0
25.0	3704.0
326.0	7159.0
50.0	13574.0
0.0	1114.0
0.0	44.0
0.0	2409.0
86.0	5606.0
61.0	1461.0
0.0	5930.0
52.0	4275.0
432.0	8501.0
0.0	331.0
311.0	4677.0
45.0	2958.0
25.0	115.0
27.0	3934.0
44.0	674.0
0.0	225.0
0.0	1351.0
0.0	8669.0
1018.0	17129.0
0.0	749.0
0.0	1452.0
12.0	657.0
7.0	4391.0
32.0	4663.0
0.0	0.0
179.0	243.0
0.0	99.0
240.0	23956.0
9.0	1639.0
0.0	150.0
141.0	6763.0
69.0	4622.0
0.0	0.0
69.0	4129.0
2.0	3712.0
0.0	2135.0
0.0	2356.0
0.0	8828.0
0.0	1933.0
0.0	1881.0
0.0	0.0
126.0	17717.0
32.0	795.0
0.0	1059.0
0.0	2029.0
32.0	3533.0
19.0	3056.0
0.0	888.0
216.0	13798.0
0.0	361.0
0.0	256.0
0.0	52.0
0.0	391.0
0.0	216.0
0.0	97.0
0.0	7794.0
27.0	753.0
47.0	1153.0
0.0	179.0
2.0	5490.0
1367.0	29312.0
0.0	299.0
0.0	944.0
53.0	2178.0
491.0	2806.0
277.0	6703.0
0.0	824.0
0.0	1029.0
104.0	7282.0
157.0	17021.0
327.0	1687.0
6.0	5433.0
0.0	1255.0
31.0	1684.0
18.0	1957.0
0.0	2017.0
0.0	3140.0
0.0	1755.0
0.0	141.0
0.0	136.0
28.0	5277.0
116.0	7417.0
565.0	19587.0
3.0	481.0
0.0	3506.0
211.0	11066.0
0.0	1029.0
4.0	2552.0
0.0	185.0
151.0	5717.0
210.0	6169.0
236.0	3027.0
0.0	109.0
64.0	3389.0
123.0	9818.0
142.0	1087.0
0.0	953.0
174.0	6983.0
0.0	278.0
20.0	1336.0
0.0	401.0
452.0	7633.0
50.0	7577.0
16.0	1664.0
0.0	648.0
138.0	6921.0
440.0	1837.0
1937.0	33068.0
330.0	5331.0
60.0	1666.0
0.0	363.0
14.0	2210.0
0.0	0.0
0.0	4444.0
50.0	14259.0
739.0	17296.0
45.0	4974.0
83.0	330.0
791.0	14721.0
0.0	366.0
315.0	3629.0
1428.0	41006.0
53.0	824.0
10.0	854.0
0.0	1293.0
249.0	583.0
184.0	11754.0
0.0	2857.0
303.0	819.0
0.0	821.0
0.0	771.0
97.0	8158.0
0.0	0.0
275.0	5431.0
0.0	3606.0
0.0	75.0
35.0	2427.0
0.0	201.0
0.0	110.0
81.0	14200.0
216.0	5472.0
600.0	21525.0
22.0	530.0
0.0	750.0
0.0	0.0
139.0	7177.0
0.0	8462.0
85.0	108.0
77.0	6658.0
54.0	4196.0
0.0	438.0
379.0	7461.0
1223.0	5677.0
115.0	1272.0
0.0	180.0
20.0	547.0
440.0	2256.0
0.0	2934.0
29.0	287.0
9.0	3071.0
252.0	2752.0
0.0	649.0
0.0	427.0
254.0	5086.0
172.0	2068.0
31.0	1733.0
0.0	2039.0
0.0	0.0
481.0	5155.0
0.0	275.0
0.0	2415.0
373.0	6199.0
794.0	5988.0
98.0	2967.0
0.0	4526.0
132.0	5018.0
0.0	662.0
312.0	5704.0
0.0	413.0
0.0	972.0
58.0	1536.0
14.0	254.0
0.0	4978.0
192.0	1697.0
1049.0	10845.0
176.0	2277.0
98.0	1562.0
0.0	842.0
65.0	879.0
0.0	283.0
276.0	2062.0
31.0	4771.0
71.0	4765.0
24.0	2388.0
3.0	2898.0
421.0	3350.0
400.0	4882.0
456.0	9628.0
0.0	578.0
0.0	268.0
4.0	8570.0
0.0	479.0
288.0	21568.0
251.0	5565.0
188.0	4183.0
0.0	453.0
0.0	266.0
0.0	118.0
0.0	1702.0
0.0	909.0
0.0	0.0
138.0	254.0
0.0	1228.0
0.0	781.0
0.0	2407.0
0.0	984.0
13.0	1121.0
28.0	3826.0
242.0	7585.0
104.0	1214.0
350.0	15119.0
6.0	3790.0
35.0	5429.0
0.0	2462.0
21.0	20789.0
0.0	275.0
0.0	1578.0
8.0	940.0
169.0	11705.0
19.0	3378.0
631.0	28741.0
68.0	6067.0
0.0	1929.0
92.0	5018.0
3.0	635.0
3.0	309.0
0.0	400.0
0.0	336.0
0.0	758.0
0.0	146.0
64.0	7210.0
0.0	375.0
0.0	118.0
0.0	5568.0
0.0	1107.0
1215.0	26766.0
0.0	353.0
0.0	0.0
95.0	3855.0
0.0	60.0
369.0	22434.0
242.0	24627.0
0.0	1065.0
320.0	8063.0
10.0	5607.0
47.0	740.0
16.0	1102.0
0.0	159.0
0.0	100.0
1806.0	17193.0
103.0	1771.0
241.0	7856.0
0.0	4065.0
177.0	3418.0
0.0	2589.0
311.0	16814.0
16.0	2854.0
264.0	5101.0
0.0	0.0
19.0	7203.0
0.0	303.0
533.0	12401.0
106.0	2826.0
25.0	1940.0
280.0	856.0
0.0	4463.0
0.0	950.0
67.0	1936.0
2528.0	44793.0
0.0	338.0
94.0	7590.0
45.0	1835.0
14.0	895.0
0.0	510.0
43.0	1607.0
88.0	1723.0
657.0	4063.0
53.0	7724.0
386.0	9544.0
97.0	146.0
0.0	815.0
0.0	3367.0
0.0	286.0
0.0	0.0
0.0	469.0
786.0	3227.0
51.0	1986.0
239.0	17806.0
0.0	1292.0
603.0	6909.0
15.0	12015.0
0.0	207.0
0.0	1249.0
305.0	9816.0
106.0	7015.0
0.0	1022.0
0.0	153.0
357.0	2713.0
59.0	1750.0
0.0	60.0
93.0	396.0
0.0	499.0
196.0	10373.0
473.0	11838.0
7.0	1673.0
42.0	5920.0
17.0	2786.0
465.0	18207.0
0.0	356.0
129.0	5948.0
0.0	88.0
32.0	282.0
0.0	5649.0
0.0	465.0
7.0	1091.0
127.0	3277.0
263.0	3996.0
0.0	7829.0
48.0	2379.0
0.0	115.0
36.0	13745.0
55.0	10897.0
252.0	2957.0
0.0	1286.0
22.0	1157.0
22.0	681.0
0.0	2346.0
688.0	7006.0
237.0	583.0
139.0	1298.0
0.0	1045.0
0.0	9121.0
17.0	887.0
0.0	841.0
216.0	2281.0
0.0	3138.0
0.0	680.0
0.0	468.0
76.0	6054.0
0.0	559.0
526.0	6287.0
0.0	877.0
299.0	9063.0
2308.0	35419.0
0.0	4230.0
0.0	146.0
388.0	5629.0
81.0	1022.0
2.0	2635.0
0.0	639.0
0.0	19153.0
0.0	3057.0
25.0	4690.0
315.0	11050.0
1.0	1531.0
543.0	7273.0
105.0	514.0
334.0	3214.0
0.0	158.0
155.0	5834.0
0.0	1074.0
0.0	5113.0
0.0	2718.0
0.0	94.0
0.0	2182.0
106.0	6025.0
206.0	1438.0
151.0	2432.0
3.0	1543.0
0.0	597.0
0.0	248.0
0.0	0.0
0.0	382.0
426.0	5013.0
0.0	246.0
113.0	7319.0
2.0	2573.0
0.0	46.0
248.0	3658.0
0.0	90.0
0.0	1236.0
298.0	16814.0
15.0	6219.0
12.0	6475.0
749.0	17565.0
0.0	46.0
43.0	563.0
0.0	30.0
2556.0	11333.0
6.0	2076.0
0.0	0.0
35.0	616.0
3002.0	49136.0
7.0	556.0
0.0	3771.0
45.0	6883.0
201.0	9568.0
709.0	7096.0
0.0	105.0
0.0	3062.0
79.0	4434.0
138.0	8187.0
22.0	3817.0
31.0	1053.0
0.0	5800.0
0.0	788.0
339.0	5093.0
0.0	0.0
0.0	130.0
0.0	911.0
0.0	2903.0
171.0	8018.0
7.0	1307.0
0.0	4104.0
0.0	0.0
917.0	14790.0
224.0	2024.0
54.0	986.0
0.0	28.0
0.0	26.0
0.0	2997.0
0.0	12653.0
17.0	4051.0
960.0	12027.0
0.0	0.0
55.0	1655.0
0.0	534.0
261.0	11823.0
0.0	435.0
0.0	3977.0
0.0	81.0
0.0	810.0
286.0	8720.0
0.0	1320.0
0.0	7236.0
0.0	889.0
300.0	13610.0
0.0	3717.0
0.0	418.0
4.0	3277.0
0.0	74.0
0.0	560.0
0.0	2911.0
0.0	1072.0
0.0	45.0
0.0	6202.0
0.0	56.0
0.0	1026.0
449.0	26063.0
0.0	1079.0
50.0	1790.0
1337.0	12725.0
275.0	1076.0
0.0	5603.0
19.0	1875.0
208.0	6818.0
0.0	0.0
0.0	4974.0
141.0	6391.0
194.0	353.0
0.0	415.0
175.0	15485.0
12.0	5307.0
348.0	4452.0
0.0	44.0
7.0	1464.0
51.0	3551.0
0.0	12114.0
0.0	69.0
0.0	438.0
0.0	1254.0
0.0	36.0
2041.0	39801.0
0.0	863.0
122.0	5562.0
73.0	6892.0
0.0	18.0
105.0	7584.0
109.0	5014.0
804.0	9356.0
330.0	4583.0
295.0	4893.0
1044.0	4417.0
0.0	183.0
89.0	6638.0
66.0	3801.0
0.0	2244.0
35.0	3522.0
0.0	3154.0
0.0	485.0
9.0	3676.0
124.0	1681.0
129.0	1567.0
0.0	1204.0
18.0	3978.0
0.0	0.0
0.0	627.0
58.0	590.0
172.0	2911.0
32.0	7167.0
0.0	1382.0
0.0	590.0
0.0	2589.0
0.0	460.0
0.0	4791.0
306.0	7355.0
28.0	3775.0
411.0	2784.0
0.0	525.0
0.0	3787.0
0.0	772.0
0.0	5288.0
0.0	0.0
99.0	2745.0
70.0	655.0
0.0	4688.0
258.0	6417.0
0.0	169.0
141.0	946.0
0.0	214.0
0.0	621.0
0.0	593.0
0.0	1748.0
0.0	1836.0
391.0	4466.0
347.0	11989.0
106.0	3841.0
0.0	102.0
482.0	5171.0
1623.0	7415.0
0.0	77.0
30.0	643.0
547.0	8053.0
0.0	0.0
186.0	12732.0
1510.0	20994.0
40.0	602.0
0.0	43.0
317.0	8136.0
0.0	127.0
173.0	2106.0
57.0	11762.0
270.0	5724.0
220.0	1974.0
204.0	10318.0
375.0	7143.0
11.0	6034.0
32.0	6594.0
63.0	9773.0
18.0	3172.0
0.0	391.0
0.0	103.0
0.0	1359.0
79.0	852.0
722.0	7419.0
25.0	1425.0
0.0	1720.0
218.0	5428.0
23.0	6008.0
2.0	3510.0
27.0	3359.0
0.0	898.0
45.0	5819.0
428.0	5053.0
5.0	2907.0
0.0	355.0
26.0	1967.0
530.0	13301.0
98.0	5135.0
17.0	765.0
0.0	888.0
55.0	7447.0
0.0	1078.0
0.0	31.0
0.0	430.0
420.0	13404.0
0.0	0.0
146.0	9330.0
298.0	1612.0
19.0	12145.0
0.0	270.0
443.0	8810.0
0.0	1943.0
0.0	538.0
65.0	2967.0
0.0	215.0
0.0	317.0
57.0	869.0
4.0	3902.0
0.0	1850.0
482.0	2610.0
106.0	6476.0
49.0	8722.0
143.0	8128.0
0.0	2765.0
0.0	1933.0
0.0	0.0
92.0	1717.0
111.0	1268.0
8.0	945.0
133.0	5164.0
0.0	140.0
64.0	656.0
0.0	60.0
0.0	250.0
26.0	1480.0
0.0	0.0
4226.0	19955.0
0.0	4440.0
38.0	3493.0
48.0	2923.0
0.0	208.0
351.0	12202.0
0.0	2114.0
23.0	4103.0
12.0	175.0
0.0	238.0
0.0	468.0
43.0	901.0
21.0	59.0
191.0	5028.0
104.0	3336.0
0.0	636.0
0.0	1063.0
0.0	3852.0
0.0	536.0
0.0	771.0
60.0	3786.0
5.0	3066.0
0.0	571.0
834.0	30440.0
123.0	1302.0
0.0	831.0
16.0	5921.0
446.0	2733.0
0.0	2748.0
0.0	979.0
0.0	3328.0
431.0	22264.0
8.0	3278.0
0.0	3685.0
0.0	155.0
398.0	6178.0
22.0	6677.0
0.0	3228.0
0.0	745.0
0.0	4270.0
43.0	11435.0
379.0	2292.0
167.0	4200.0
716.0	10538.0
9.0	4557.0
33.0	710.0
0.0	746.0
87.0	10883.0
0.0	3894.0
12.0	568.0
0.0	659.0
47.0	2784.0
12.0	6961.0
410.0	10132.0
10.0	323.0
443.0	1264.0
453.0	21561.0
0.0	552.0
0.0	281.0
0.0	347.0
0.0	2693.0
0.0	561.0
0.0	1004.0
558.0	13005.0
34.0	4401.0
22.0	4435.0
65.0	755.0
63.0	1954.0
0.0	4141.0
15.0	2495.0
92.0	152.0
55.0	7932.0
57.0	3539.0
0.0	3109.0
0.0	250.0
208.0	12991.0
0.0	7052.0
690.0	8970.0
2.0	576.0
642.0	6863.0
448.0	3517.0
996.0	25160.0
45.0	875.0
297.0	9001.0
0.0	789.0
4.0	3015.0
0.0	135.0
0.0	4217.0
222.0	5499.0
0.0	4882.0
0.0	2448.0
27.0	5452.0
0.0	2085.0
0.0	706.0
0.0	329.0
218.0	4749.0
0.0	10737.0
0.0	61.0
0.0	1306.0
0.0	106.0
390.0	7697.0
0.0	15.0
0.0	3273.0
0.0	407.0
739.0	8480.0
0.0	295.0
65.0	2157.0
43.0	13232.0
78.0	6176.0
113.0	887.0
33.0	2526.0
0.0	100.0
400.0	4322.0
0.0	83.0
37.0	496.0
0.0	108.0
0.0	420.0
64.0	11498.0
0.0	739.0
0.0	1446.0
0.0	435.0
21.0	3058.0
97.0	2340.0
30.0	2958.0
0.0	3247.0
0.0	16.0
1358.0	18031.0
0.0	721.0
0.0	560.0
1.0	8929.0
30.0	6105.0
0.0	3656.0
779.0	21358.0
57.0	1458.0
300.0	4274.0
116.0	193.0
128.0	3235.0
289.0	3372.0
0.0	5222.0
5.0	1102.0
0.0	245.0
39.0	13618.0
0.0	381.0
104.0	2219.0
15.0	3707.0
44.0	2327.0
0.0	425.0
0.0	951.0
0.0	3763.0
131.0	18483.0
0.0	1389.0
56.0	1096.0
717.0	30964.0
0.0	4875.0
289.0	7780.0
0.0	1607.0
284.0	11590.0
16.0	4598.0
151.0	1723.0
0.0	17.0
239.0	6218.0
0.0	2896.0
0.0	19.0
0.0	142.0
269.0	4907.0
30.0	11981.0
0.0	735.0
167.0	5036.0
0.0	187.0
0.0	1568.0
0.0	2300.0
136.0	4158.0
500.0	1955.0
778.0	9416.0
0.0	36.0
219.0	2880.0
397.0	5600.0
189.0	4687.0
0.0	2414.0
17.0	492.0
51.0	3533.0
59.0	1071.0
0.0	169.0
48.0	1443.0
15.0	1537.0
371.0	5570.0
0.0	239.0
0.0	62.0
9.0	755.0
0.0	195.0
85.0	7920.0
170.0	11199.0
0.0	362.0
0.0	727.0
0.0	17.0
973.0	8400.0
231.0	17042.0
16.0	275.0
2.0	10961.0
32.0	2385.0
15.0	1504.0
0.0	256.0
0.0	116.0
842.0	10429.0
0.0	275.0
40.0	1165.0
42.0	1154.0
362.0	7947.0
196.0	7662.0
0.0	3332.0
0.0	349.0
167.0	12333.0
0.0	0.0
35.0	4200.0
562.0	21673.0
19.0	407.0
13.0	2794.0
0.0	1943.0
44.0	4908.0
96.0	2048.0
159.0	1287.0
29.0	183.0
99.0	14043.0
1127.0	11128.0
0.0	1203.0
0.0	833.0
0.0	1854.0
19.0	875.0
0.0	91.0
7.0	443.0
219.0	4103.0
93.0	1845.0
106.0	5709.0
0.0	1996.0
0.0	0.0
0.0	866.0
28.0	22114.0
54.0	2929.0
97.0	5132.0
402.0	16067.0
273.0	6781.0
37.0	8280.0
0.0	248.0
0.0	493.0
0.0	518.0
0.0	0.0
46.0	5335.0
283.0	15709.0
0.0	377.0
104.0	1283.0
27.0	12199.0
0.0	246.0
0.0	2020.0
0.0	4937.0
0.0	104.0
0.0	391.0
0.0	237.0
265.0	1843.0
0.0	207.0
0.0	1414.0
220.0	6605.0
13.0	2241.0
1021.0	10521.0
509.0	28362.0
10.0	7876.0
281.0	10602.0
0.0	290.0
261.0	2144.0
11.0	14458.0
135.0	6276.0
24.0	2949.0
0.0	63.0
0.0	648.0
184.0	3339.0
60.0	2156.0
1155.0	14831.0
6.0	1064.0
66.0	5400.0
0.0	1081.0
0.0	2766.0
71.0	1848.0
348.0	1267.0
20.0	1252.0
0.0	244.0
0.0	648.0
5.0	1490.0
147.0	1950.0
0.0	904.0
7.0	3216.0
505.0	15477.0
7.0	1103.0
0.0	199.0
0.0	265.0
0.0	1953.0
5.0	1374.0
0.0	403.0
16.0	267.0
21.0	2796.0
0.0	4182.0
0.0	2324.0
223.0	13221.0
353.0	7800.0
0.0	3138.0
0.0	0.0
0.0	536.0
0.0	731.0
204.0	3760.0
0.0	0.0
35.0	5219.0
343.0	7533.0
0.0	1133.0
0.0	362.0
0.0	125.0
0.0	1561.0
0.0	1076.0
15.0	15.0
0.0	658.0
550.0	10726.0
45.0	1378.0
27.0	9238.0
11.0	3797.0
165.0	6142.0
32.0	1267.0
16.0	5187.0
66.0	687.0
0.0	753.0
266.0	6064.0
0.0	530.0
83.0	3648.0
773.0	11106.0
5.0	1690.0
411.0	14892.0
16.0	657.0
303.0	4563.0
84.0	1986.0
523.0	13152.0
0.0	965.0
382.0	5179.0
0.0	0.0
21.0	3303.0
0.0	535.0
113.0	2760.0
18.0	7054.0
797.0	15076.0
0.0	2052.0
859.0	22968.0
0.0	399.0
509.0	8168.0
421.0	7938.0
0.0	943.0
91.0	7208.0
0.0	0.0
57.0	1544.0
258.0	10863.0
382.0	12912.0
0.0	1992.0
423.0	7771.0
0.0	3741.0
0.0	1845.0
27.0	2488.0
192.0	474.0
145.0	920.0
0.0	456.0
105.0	7994.0
0.0	0.0
355.0	8337.0
1340.0	12499.0
0.0	53.0
218.0	6638.0
0.0	85.0
25.0	5263.0
0.0	2491.0
66.0	1852.0
414.0	2268.0
0.0	2171.0
218.0	11905.0
132.0	1500.0
35.0	2606.0
32.0	2632.0
276.0	17770.0
128.0	547.0
139.0	3712.0
0.0	0.0
32.0	670.0
817.0	4545.0
337.0	12671.0
0.0	275.0
0.0	1243.0
93.0	8469.0
279.0	1601.0
0.0	0.0
247.0	12971.0
20.0	2717.0
98.0	2792.0
0.0	465.0
115.0	4626.0
34.0	4409.0
0.0	2787.0
0.0	14638.0
0.0	1753.0
3.0	1099.0
785.0	16950.0
130.0	522.0
0.0	1716.0
0.0	1846.0
82.0	3800.0
0.0	1301.0
266.0	7190.0
641.0	5110.0
7.0	7059.0
42.0	560.0
0.0	1693.0
0.0	287.0
0.0	7373.0
0.0	833.0
0.0	3062.0
0.0	38.0
0.0	7996.0
113.0	113.0
0.0	33.0
0.0	2260.0
0.0	505.0
462.0	13753.0
126.0	3244.0
0.0	194.0
71.0	8130.0
133.0	2873.0
33.0	1277.0
0.0	2354.0
37.0	4320.0
7.0	4149.0
0.0	1501.0
36.0	5194.0
0.0	22.0
0.0	252.0
182.0	9032.0
0.0	481.0
0.0	175.0
89.0	8486.0
0.0	786.0
189.0	5321.0
5.0	1848.0
154.0	18285.0
0.0	594.0
0.0	8882.0
0.0	3302.0
0.0	1697.0
0.0	213.0
129.0	5544.0
0.0	0.0
373.0	10731.0
0.0	119.0
0.0	519.0
225.0	2266.0
0.0	1314.0
0.0	2186.0
70.0	20638.0
629.0	4367.0
1053.0	20877.0
179.0	3645.0
94.0	1647.0
0.0	546.0
45.0	8761.0
0.0	848.0
86.0	1639.0
0.0	323.0
107.0	4847.0
0.0	2452.0
18.0	3947.0
0.0	295.0
45.0	9510.0
73.0	5972.0
0.0	163.0
0.0	156.0
0.0	389.0
337.0	7525.0
57.0	4007.0
0.0	52.0
0.0	1442.0
0.0	259.0
40.0	3049.0
3877.0	36539.0
0.0	188.0
0.0	2072.0
250.0	8682.0
344.0	16173.0
0.0	77.0
2.0	3874.0
13.0	4270.0
7.0	4408.0
0.0	555.0
33.0	3500.0
306.0	9430.0
0.0	102.0
70.0	2843.0
654.0	5619.0
0.0	401.0
0.0	4829.0
0.0	16.0
26.0	4111.0
200.0	1652.0
0.0	3148.0
424.0	4319.0
279.0	14478.0
18.0	3627.0
477.0	10788.0
119.0	15887.0
0.0	178.0
211.0	14475.0
0.0	269.0
0.0	1345.0
100.0	10428.0
0.0	2641.0
127.0	8907.0
0.0	846.0
259.0	8379.0
0.0	144.0
0.0	270.0
18.0	324.0
0.0	34.0
0.0	4060.0
0.0	1044.0
308.0	1445.0
0.0	0.0
0.0	195.0
355.0	19554.0
0.0	125.0
0.0	1158.0
0.0	183.0
77.0	6856.0
0.0	970.0
29.0	1778.0
52.0	525.0
0.0	473.0
0.0	15.0
0.0	269.0
1079.0	13557.0
8.0	4261.0
9.0	1689.0
0.0	2622.0
0.0	958.0
62.0	2114.0
274.0	4059.0
0.0	1759.0
193.0	5959.0
0.0	236.0
213.0	7368.0
140.0	7660.0
0.0	1614.0
0.0	743.0
116.0	459.0
107.0	2847.0
0.0	375.0
1608.0	16725.0
77.0	5053.0
0.0	844.0
0.0	345.0
66.0	807.0
36.0	4232.0
13.0	967.0
718.0	7372.0
26.0	2588.0
0.0	9470.0
0.0	0.0
0.0	39.0
447.0	12579.0
0.0	3324.0
50.0	2353.0
43.0	4812.0
420.0	2496.0
212.0	2360.0
0.0	1311.0
0.0	625.0
0.0	1305.0
101.0	3299.0
0.0	346.0
20.0	1591.0
0.0	2337.0
148.0	2723.0
62.0	462.0
52.0	1289.0
0.0	1546.0
0.0	3910.0
0.0	2980.0
39.0	4308.0
465.0	4489.0
143.0	6032.0
0.0	0.0
2.0	776.0
97.0	915.0
0.0	2884.0
0.0	1447.0
2.0	13640.0
80.0	12906.0
45.0	559.0
255.0	7547.0
18.0	2993.0
0.0	1213.0
0.0	124.0
293.0	2525.0
61.0	3286.0
0.0	236.0
0.0	168.0
0.0	439.0
35.0	393.0
0.0	832.0
287.0	4550.0
0.0	637.0
515.0	21535.0
0.0	174.0
122.0	13383.0
182.0	9444.0
0.0	180.0
0.0	234.0
1061.0	17592.0
0.0	0.0
0.0	1440.0
239.0	13923.0
186.0	6081.0
9.0	2723.0
98.0	1778.0
0.0	2027.0
0.0	462.0
0.0	393.0
620.0	16299.0
0.0	3748.0
105.0	3489.0
156.0	7805.0
0.0	1123.0
4.0	3342.0
165.0	864.0
4.0	153.0
93.0	2644.0
0.0	442.0
235.0	11773.0
0.0	135.0
4.0	3302.0
729.0	5701.0
44.0	5259.0
3.0	6408.0
220.0	13719.0
976.0	6499.0
0.0	886.0
248.0	4182.0
0.0	127.0
98.0	10135.0
353.0	17458.0
0.0	416.0
0.0	300.0
1276.0	18254.0
300.0	13146.0
0.0	286.0
0.0	2325.0
132.0	1936.0
107.0	6240.0
47.0	167.0
134.0	3188.0
0.0	1252.0
0.0	0.0
58.0	10450.0
0.0	369.0
0.0	0.0
1305.0	10935.0
75.0	708.0
170.0	6045.0
0.0	0.0
266.0	5061.0
22.0	2258.0
605.0	2305.0
0.0	332.0
0.0	270.0
74.0	1525.0
0.0	540.0
275.0	15413.0
0.0	610.0
0.0	2864.0
90.0	13369.0
328.0	1490.0
153.0	7967.0
27.0	231.0
0.0	1864.0
62.0	2564.0
2.0	1843.0
6.0	3227.0
51.0	2966.0
989.0	6704.0
0.0	4382.0
0.0	21.0
17.0	2018.0
31.0	1814.0
0.0	18.0
336.0	4726.0
114.0	3773.0
559.0	15521.0
0.0	16434.0
20.0	684.0
31.0	1145.0
481.0	5985.0
1091.0	14774.0
0.0	1271.0
842.0	11795.0
0.0	256.0
0.0	3064.0
15.0	4494.0
90.0	5546.0
162.0	4979.0
710.0	17877.0
1078.0	14756.0
0.0	1836.0
0.0	0.0
0.0	391.0
199.0	10544.0
8.0	4191.0
2.0	6899.0
480.0	1943.0
271.0	13757.0
78.0	21762.0
0.0	773.0
25.0	1523.0
0.0	1945.0
2.0	2395.0
310.0	9984.0
0.0	323.0
192.0	15719.0
0.0	372.0
0.0	1162.0
0.0	810.0
86.0	11039.0
63.0	3048.0
147.0	2700.0
209.0	7368.0
157.0	297.0
0.0	648.0
0.0	999.0
29.0	9255.0
0.0	9193.0
0.0	500.0
0.0	648.0
0.0	930.0
66.0	2749.0
0.0	2731.0
0.0	329.0
113.0	617.0
202.0	1100.0
11.0	3184.0
57.0	3667.0
0.0	3033.0
323.0	6084.0
34.0	765.0
0.0	450.0
293.0	9981.0
283.0	13453.0
461.0	5825.0
0.0	2492.0
0.0	70.0
0.0	250.0
93.0	6724.0
577.0	6267.0
0.0	55.0
124.0	6966.0
285.0	6662.0
41.0	394.0
0.0	531.0
228.0	3639.0
14.0	1695.0
97.0	3193.0
0.0	144.0
149.0	1274.0
540.0	5238.0
0.0	6353.0
0.0	921.0
0.0	520.0
26.0	2367.0
62.0	3193.0
89.0	3356.0
0.0	1814.0
0.0	405.0
224.0	4818.0
11.0	643.0
385.0	11887.0
322.0	13584.0
0.0	31.0
118.0	1743.0
719.0	7434.0
316.0	1909.0
59.0	1574.0
827.0	17243.0
0.0	466.0
681.0	17199.0
755.0	7106.0
0.0	0.0
0.0	529.0
0.0	108.0
0.0	339.0
0.0	18.0
0.0	1573.0
0.0	4519.0
0.0	1309.0
284.0	2160.0
184.0	9715.0
198.0	5999.0
316.0	5693.0
0.0	0.0
0.0	267.0
0.0	53.0
0.0	232.0
200.0	13764.0
0.0	89.0
3.0	3532.0
93.0	19913.0
56.0	514.0
227.0	5170.0
157.0	1455.0
0.0	396.0
271.0	1105.0
0.0	532.0
433.0	8888.0
14.0	220.0
22.0	1530.0
0.0	486.0
0.0	35.0
299.0	9219.0
0.0	1072.0
28.0	6025.0
127.0	3327.0
1113.0	27828.0
0.0	3262.0
0.0	39.0
0.0	75.0
877.0	4946.0
400.0	10860.0
0.0	1316.0
0.0	986.0
235.0	904.0
150.0	820.0
65.0	1130.0
10.0	856.0
0.0	70.0
8.0	6319.0
105.0	5175.0
148.0	5528.0
0.0	1342.0
0.0	248.0
105.0	1049.0
713.0	11864.0
433.0	8711.0
118.0	8870.0
307.0	2809.0
204.0	1469.0
0.0	2853.0
34.0	1333.0
0.0	411.0
0.0	240.0
68.0	68.0
81.0	2262.0
30.0	4076.0
467.0	19564.0
361.0	5950.0
465.0	2477.0
0.0	1174.0
0.0	728.0
2547.0	43614.0
321.0	8309.0
99.0	1839.0
342.0	6688.0
0.0	1107.0
291.0	1991.0
294.0	33897.0
0.0	0.0
0.0	300.0
0.0	741.0
0.0	551.0
464.0	4515.0
86.0	1829.0
0.0	237.0
90.0	999.0
10.0	860.0
0.0	1230.0
0.0	1103.0
0.0	6562.0
58.0	509.0
254.0	1031.0
149.0	2722.0
735.0	3116.0
0.0	2429.0
400.0	8856.0
424.0	21459.0
0.0	4126.0
54.0	330.0
3.0	1066.0
211.0	11185.0
0.0	13677.0
420.0	4778.0
772.0	17720.0
221.0	14653.0
0.0	1228.0
30.0	9444.0
279.0	296.0
281.0	2119.0
0.0	4891.0
0.0	1613.0
126.0	2075.0
221.0	2917.0
0.0	2641.0
0.0	41.0
371.0	6205.0
555.0	1733.0
53.0	769.0
7.0	1802.0
38.0	8431.0
29.0	4453.0
0.0	239.0
86.0	4445.0
840.0	2070.0
137.0	2732.0
671.0	2585.0
34.0	5478.0
16.0	9733.0
36.0	809.0
0.0	0.0
7.0	969.0
0.0	1082.0
259.0	9986.0
0.0	860.0
180.0	6888.0
190.0	8233.0
22.0	612.0
16.0	10787.0
124.0	12001.0
214.0	1655.0
0.0	290.0
43.0	1022.0
0.0	278.0
0.0	3206.0
0.0	2041.0
0.0	167.0
73.0	11970.0
0.0	869.0
1738.0	29340.0
0.0	3063.0
0.0	142.0
33.0	325.0
0.0	364.0
0.0	942.0
55.0	12508.0
15.0	24.0
27.0	5349.0
0.0	8459.0
195.0	579.0
144.0	3989.0
30.0	118.0
0.0	527.0
23.0	1339.0
1102.0	20767.0
154.0	7460.0
0.0	683.0
214.0	16355.0
31.0	4306.0
13.0	5225.0
0.0	800.0
26.0	526.0
0.0	181.0
0.0	4629.0
213.0	5083.0
0.0	2154.0
0.0	774.0
0.0	111.0
166.0	1191.0
91.0	1637.0
0.0	839.0
0.0	43.0
0.0	731.0
11.0	3685.0
0.0	469.0
56.0	2569.0
0.0	1287.0
18.0	115.0
203.0	4224.0
258.0	6033.0
86.0	328.0
0.0	3604.0
0.0	17650.0
0.0	2043.0
0.0	803.0
0.0	1273.0
727.0	2525.0
2.0	1922.0
0.0	5560.0
0.0	458.0
89.0	4140.0
25.0	7265.0
8.0	1314.0
0.0	0.0
151.0	764.0
0.0	352.0
40.0	452.0
11.0	859.0
333.0	14586.0
0.0	0.0
29.0	6580.0
0.0	2551.0
0.0	224.0
0.0	0.0
176.0	7907.0
693.0	856.0
0.0	2995.0
34.0	5204.0
0.0	15.0
14.0	2580.0
3.0	1243.0
0.0	5084.0
0.0	718.0
0.0	46.0
317.0	8627.0
40.0	5340.0
0.0	621.0
243.0	1724.0
207.0	11673.0
1165.0	18615.0
11.0	2681.0
2.0	3975.0
52.0	7206.0
3.0	763.0
0.0	108.0
68.0	7824.0
0.0	215.0
102.0	2726.0
27.0	1519.0
0.0	3666.0
0.0	154.0
30.0	1806.0
0.0	2279.0
0.0	379.0
0.0	655.0
13.0	4741.0
0.0	304.0
176.0	6847.0
898.0	1802.0
32.0	4343.0
0.0	0.0
189.0	2909.0
0.0	958.0
0.0	3049.0
0.0	759.0
0.0	161.0
208.0	15954.0
578.0	5331.0
0.0	3110.0
32.0	4618.0
261.0	8940.0
49.0	5717.0
57.0	524.0
117.0	2123.0
0.0	505.0
1296.0	12537.0
402.0	21403.0
0.0	0.0
0.0	388.0
93.0	5421.0
0.0	412.0
0.0	729.0
65.0	662.0
104.0	3255.0
25.0	2441.0
0.0	17567.0
8.0	2736.0
0.0	0.0
124.0	8619.0
0.0	117.0
74.0	2917.0
0.0	0.0
1216.0	27837.0
0.0	0.0
0.0	209.0
22.0	3647.0
0.0	309.0
508.0	5437.0
373.0	3212.0
385.0	2235.0
265.0	15807.0
61.0	3910.0
47.0	2504.0
0.0	11100.0
202.0	6536.0
208.0	10949.0
397.0	4758.0
0.0	348.0
7.0	2698.0
821.0	11997.0
0.0	1700.0
0.0	0.0
31.0	1219.0
0.0	2183.0
19.0	14850.0
184.0	5773.0
29.0	926.0
345.0	3221.0
310.0	21417.0
0.0	1197.0
576.0	5197.0
0.0	330.0
0.0	224.0
0.0	34.0
981.0	12779.0
0.0	1236.0
0.0	14761.0
393.0	1838.0
38.0	2472.0
0.0	1013.0
0.0	801.0
206.0	5394.0
232.0	3380.0
26.0	3117.0
44.0	114.0
417.0	15381.0
0.0	224.0
18.0	381.0
178.0	12596.0
272.0	3264.0
0.0	1867.0
2.0	1061.0
1012.0	11037.0
354.0	5049.0
83.0	1134.0
0.0	1916.0
276.0	6735.0
0.0	804.0
0.0	2265.0
0.0	6172.0
204.0	16422.0
0.0	576.0
2.0	3865.0
0.0	344.0
40.0	1387.0
0.0	2048.0
205.0	5824.0
33.0	8748.0
44.0	358.0
0.0	2471.0
0.0	1044.0
314.0	2393.0
0.0	1850.0
80.0	1024.0
58.0	1279.0
804.0	7157.0
30.0	3224.0
1091.0	14307.0
66.0	4736.0
0.0	2966.0
189.0	3789.0
0.0	211.0
216.0	910.0
23.0	1373.0
22.0	390.0
121.0	11948.0
0.0	0.0
0.0	65.0
0.0	2446.0
40.0	1129.0
68.0	10966.0
0.0	186.0
1165.0	16965.0
64.0	3627.0
466.0	10561.0
0.0	11461.0
44.0	8320.0
0.0	21.0
0.0	2820.0
383.0	1617.0
0.0	916.0
415.0	5013.0
308.0	2748.0
335.0	31739.0
15.0	5490.0
0.0	763.0
1415.0	16308.0
542.0	8287.0
23.0	3523.0
422.0	4363.0
1523.0	23321.0
13.0	4860.0
42.0	10384.0
121.0	570.0
0.0	2669.0
164.0	1357.0
347.0	4327.0
9.0	1579.0
0.0	5418.0
44.0	469.0
183.0	10414.0
0.0	420.0
0.0	3008.0
25.0	2155.0
244.0	560.0
264.0	9377.0
525.0	8378.0
48.0	1584.0
0.0	88.0
0.0	4621.0
0.0	52.0
27.0	1172.0
87.0	8582.0
0.0	0.0
0.0	1430.0
118.0	4776.0
0.0	3238.0
0.0	3328.0
25.0	5490.0
523.0	6057.0
9.0	8243.0
303.0	5789.0
37.0	1007.0
1074.0	15422.0
29.0	259.0
1546.0	10954.0
80.0	1334.0
697.0	6617.0
19.0	6174.0
87.0	2223.0
0.0	2233.0
118.0	3398.0
0.0	3209.0
0.0	0.0
241.0	1475.0
18.0	1518.0
234.0	15132.0
15.0	9238.0
0.0	3527.0
0.0	728.0
539.0	10416.0
0.0	2194.0
284.0	2930.0
33.0	4404.0
99.0	6035.0
0.0	262.0
64.0	1207.0
0.0	447.0
423.0	15231.0
111.0	8556.0
43.0	1911.0
94.0	4308.0
0.0	57.0
292.0	13721.0
126.0	9222.0
124.0	8898.0
327.0	8652.0
0.0	21.0
1.0	223.0
88.0	644.0
144.0	2746.0
186.0	13239.0
8.0	1215.0
20.0	1972.0
20.0	7460.0
0.0	5646.0
537.0	20306.0
8.0	3336.0
93.0	1671.0
0.0	1264.0
93.0	998.0
0.0	5441.0
441.0	25363.0
0.0	23.0
0.0	6339.0
0.0	389.0
0.0	702.0
810.0	21693.0
0.0	2552.0
25.0	1516.0
672.0	29747.0
0.0	932.0
42.0	5182.0
126.0	4867.0
0.0	391.0
0.0	1066.0
0.0	353.0
951.0	20023.0
41.0	19638.0
0.0	0.0
47.0	7549.0
0.0	5977.0
10.0	2784.0
114.0	532.0
555.0	7439.0
73.0	555.0
0.0	207.0
537.0	1803.0
0.0	4467.0
48.0	5091.0
155.0	9753.0
0.0	951.0
22.0	362.0
182.0	2983.0
93.0	1892.0
0.0	1309.0
0.0	3174.0
158.0	5870.0
23.0	198.0
178.0	2798.0
296.0	4925.0
0.0	92.0
20.0	1887.0
15.0	939.0
0.0	234.0
368.0	3545.0
0.0	59.0
0.0	7406.0
0.0	354.0
21.0	397.0
34.0	642.0
0.0	1118.0
466.0	1342.0
10.0	3856.0
94.0	945.0
0.0	379.0
33.0	8856.0
62.0	3387.0
0.0	899.0
0.0	3093.0
0.0	449.0
60.0	702.0
652.0	7800.0
0.0	200.0
32.0	3988.0
0.0	584.0
0.0	1434.0
36.0	4397.0
50.0	2645.0
396.0	7208.0
0.0	929.0
0.0	201.0
175.0	9401.0
0.0	4271.0
0.0	551.0
27.0	1620.0
0.0	1658.0
68.0	5187.0
0.0	38.0
16.0	16.0
0.0	525.0
0.0	16.0
576.0	5693.0
68.0	3274.0
0.0	179.0
50.0	5712.0
243.0	11795.0
197.0	6283.0
137.0	2601.0
96.0	5098.0
0.0	0.0
0.0	604.0
23.0	265.0
0.0	78.0
285.0	3700.0
204.0	4248.0
80.0	865.0
92.0	7933.0
0.0	170.0
45.0	4321.0
155.0	3618.0
152.0	2887.0
179.0	2505.0
281.0	7701.0
0.0	0.0
115.0	1070.0
283.0	15449.0
0.0	330.0
0.0	551.0
81.0	81.0
97.0	583.0
123.0	6505.0
127.0	636.0
23.0	702.0
555.0	4588.0
37.0	1635.0
0.0	124.0
56.0	5791.0
0.0	303.0
587.0	5494.0
0.0	2543.0
49.0	2557.0
47.0	9298.0
0.0	373.0
919.0	15542.0
109.0	6351.0
395.0	5119.0
44.0	1695.0
300.0	6550.0
236.0	2094.0
346.0	14434.0
0.0	331.0
71.0	4784.0
0.0	63.0
3.0	709.0
0.0	1937.0
0.0	450.0
73.0	2314.0
87.0	5593.0
0.0	1107.0
61.0	700.0
15.0	6449.0
489.0	21685.0
26.0	2511.0
105.0	2519.0
90.0	27843.0
74.0	3469.0
132.0	3720.0
211.0	13887.0
54.0	3414.0
0.0	298.0
0.0	39.0
325.0	4724.0
0.0	246.0
0.0	6153.0
7.0	7004.0
335.0	6608.0
0.0	2512.0
3.0	207.0
0.0	293.0
75.0	11779.0
319.0	4781.0
44.0	2333.0
0.0	143.0
0.0	349.0
38.0	113.0
23.0	4210.0
0.0	1658.0
998.0	1805.0
149.0	12073.0
0.0	1023.0
0.0	219.0
141.0	3263.0
0.0	1288.0
0.0	163.0
21.0	1221.0
57.0	1268.0
0.0	0.0
155.0	2070.0
716.0	11590.0
188.0	7747.0
113.0	3947.0
250.0	5652.0
151.0	1373.0
60.0	3055.0
0.0	157.0
277.0	3978.0
221.0	844.0
0.0	743.0
0.0	1383.0
96.0	417.0
60.0	4219.0
0.0	4778.0
0.0	878.0
358.0	4322.0
0.0	528.0
1132.0	25437.0
10.0	2693.0
226.0	2476.0
102.0	9879.0
38.0	3148.0
141.0	2355.0
180.0	11126.0
219.0	1689.0
61.0	1197.0
2.0	2812.0
0.0	18549.0
658.0	10564.0
356.0	20429.0
124.0	472.0
0.0	2062.0
27.0	460.0
0.0	0.0
0.0	62.0
268.0	9680.0
0.0	950.0
18.0	419.0
45.0	193.0
30.0	7445.0
0.0	675.0
21.0	1868.0
7.0	454.0
1501.0	22047.0
27.0	4561.0
239.0	2453.0
0.0	621.0
127.0	2331.0
0.0	1145.0
16.0	568.0
301.0	3929.0
0.0	520.0
283.0	13370.0
9.0	2070.0
162.0	6936.0
0.0	1792.0
0.0	1698.0
0.0	3150.0
151.0	5032.0
1530.0	14751.0
0.0	1055.0
0.0	855.0
0.0	450.0
0.0	1119.0
0.0	275.0
100.0	2473.0
248.0	5000.0
52.0	6838.0
139.0	3783.0
1934.0	25681.0
504.0	3278.0
586.0	3450.0
0.0	1146.0
65.0	1324.0
0.0	1878.0
191.0	6162.0
111.0	8589.0
0.0	4511.0
11.0	9378.0
0.0	1381.0
24.0	1865.0
0.0	1025.0
0.0	180.0
0.0	4585.0
0.0	4050.0
0.0	153.0
0.0	2202.0
159.0	1316.0
166.0	7147.0
0.0	256.0
585.0	8312.0
0.0	276.0
34.0	3627.0
10.0	1658.0
15.0	4576.0
0.0	3338.0
155.0	2744.0
27.0	905.0
0.0	6224.0
175.0	665.0
0.0	1566.0
8.0	10805.0
20.0	1164.0
33.0	5126.0
137.0	8247.0
0.0	1965.0
0.0	335.0
329.0	12292.0
161.0	10458.0
0.0	0.0
15.0	450.0
96.0	5318.0
83.0	3644.0
144.0	2046.0
0.0	1530.0
0.0	637.0
97.0	1274.0
215.0	1573.0
108.0	10229.0
0.0	144.0
801.0	24164.0
0.0	886.0
430.0	5053.0
214.0	22646.0
680.0	27534.0
404.0	3217.0
272.0	3618.0
0.0	382.0
280.0	4426.0
600.0	9899.0
0.0	163.0
0.0	2663.0
0.0	3753.0
0.0	1728.0
0.0	2801.0
142.0	6653.0
16.0	5415.0
281.0	7113.0
85.0	7841.0
0.0	34.0
109.0	12128.0
0.0	904.0
0.0	51.0
285.0	12118.0
26.0	1306.0
0.0	15.0
86.0	11988.0
277.0	15120.0
234.0	7605.0
72.0	3006.0
152.0	1730.0
0.0	386.0
0.0	1785.0
46.0	2334.0
0.0	455.0
346.0	2145.0
0.0	932.0
0.0	122.0
586.0	27496.0
221.0	2996.0
504.0	11937.0
0.0	116.0
0.0	217.0
140.0	12348.0
78.0	9235.0
0.0	6766.0
0.0	1589.0
0.0	4916.0
0.0	10314.0
0.0	44.0
169.0	7535.0
10.0	1197.0
16.0	6523.0
0.0	187.0
247.0	653.0
0.0	9065.0
0.0	1167.0
0.0	833.0
177.0	8036.0
261.0	2320.0
63.0	941.0
0.0	263.0
0.0	136.0
17.0	5927.0
0.0	1274.0
0.0	878.0
155.0	4787.0
124.0	1825.0
0.0	232.0
84.0	4042.0
84.0	1091.0
0.0	42.0
0.0	32.0
0.0	1138.0
0.0	93.0
0.0	63.0
844.0	12138.0
0.0	428.0
0.0	6991.0
239.0	10701.0
0.0	5076.0
0.0	772.0
271.0	4357.0
0.0	553.0
0.0	204.0
0.0	853.0
0.0	2078.0
0.0	511.0
0.0	167.0
0.0	576.0
0.0	26.0
0.0	420.0
1045.0	13286.0
0.0	5202.0
0.0	5631.0
0.0	457.0
133.0	5783.0
691.0	4165.0
131.0	6261.0
20.0	11128.0
73.0	9968.0
421.0	4087.0
54.0	481.0
0.0	2211.0
11.0	214.0
0.0	883.0
171.0	5676.0
667.0	24089.0
39.0	3565.0
33.0	1896.0
0.0	2058.0
393.0	5995.0
397.0	9059.0
22.0	429.0
46.0	754.0
0.0	0.0
2562.0	16442.0
0.0	1075.0
274.0	2100.0
0.0	446.0
187.0	9895.0
0.0	1216.0
138.0	13439.0
0.0	0.0
113.0	4659.0
0.0	206.0
0.0	0.0
29.0	840.0
0.0	1248.0
22.0	1031.0
90.0	5410.0
0.0	78.0
0.0	156.0
0.0	0.0
1376.0	8764.0
237.0	11380.0
0.0	15.0
0.0	1697.0
146.0	9072.0
166.0	4172.0
215.0	13028.0
0.0	48.0
0.0	78.0
925.0	9767.0
0.0	2626.0
0.0	359.0
0.0	1618.0
0.0	3701.0
0.0	1525.0
88.0	1586.0
22.0	5705.0
143.0	3878.0
459.0	2590.0
0.0	6158.0
0.0	3000.0
17.0	7707.0
221.0	8294.0
493.0	24467.0
213.0	2417.0
102.0	2889.0
122.0	7432.0
55.0	4502.0
0.0	882.0
0.0	568.0
0.0	1603.0
0.0	73.0
65.0	721.0
0.0	3358.0
751.0	6623.0
297.0	16128.0
60.0	3078.0
446.0	8428.0
61.0	2712.0
314.0	6412.0
9.0	1538.0
149.0	6444.0
0.0	0.0
0.0	3048.0
99.0	3804.0
48.0	877.0
358.0	24039.0
0.0	54.0
1632.0	22970.0
0.0	367.0
0.0	822.0
23.0	195.0
0.0	31.0
227.0	7167.0
312.0	3577.0
0.0	32.0
0.0	0.0
0.0	628.0
476.0	5587.0
64.0	4509.0
1765.0	15155.0
78.0	5089.0
0.0	0.0
0.0	4036.0
0.0	1759.0
36.0	5979.0
86.0	6941.0
667.0	5710.0
0.0	868.0
339.0	6988.0
19.0	2553.0
295.0	1027.0
0.0	754.0
0.0	2287.0
0.0	83.0
0.0	1522.0
0.0	3264.0
510.0	9669.0
0.0	1465.0
0.0	405.0
778.0	8402.0
248.0	8152.0
0.0	711.0
5.0	9750.0
60.0	13331.0
0.0	311.0
42.0	2731.0
456.0	11721.0
0.0	375.0
0.0	99.0
7.0	9447.0
222.0	3599.0
0.0	3859.0
0.0	2582.0
0.0	649.0
305.0	9609.0
29.0	166.0
22.0	5775.0
862.0	8491.0
300.0	13065.0
0.0	81.0
380.0	16282.0
0.0	1992.0
22.0	954.0
47.0	518.0
100.0	3496.0
117.0	4367.0
80.0	9914.0
429.0	5572.0
0.0	36.0
153.0	8308.0
702.0	9342.0
753.0	22885.0
371.0	5792.0
280.0	946.0
0.0	636.0
322.0	21767.0
0.0	382.0
0.0	146.0
0.0	345.0
180.0	3022.0
0.0	319.0
40.0	2024.0
293.0	1328.0
0.0	122.0
198.0	5672.0
0.0	1795.0
0.0	83.0
0.0	2655.0
99.0	2794.0
0.0	1797.0
21.0	67.0
0.0	41.0
0.0	153.0
0.0	444.0
0.0	0.0
191.0	3412.0
785.0	6087.0
0.0	1217.0
0.0	276.0
0.0	5882.0
52.0	3537.0
0.0	1994.0
274.0	16966.0
265.0	18126.0
0.0	509.0
237.0	12395.0
0.0	3244.0
26.0	2365.0
0.0	706.0
153.0	4773.0
0.0	1903.0
49.0	506.0
145.0	1608.0
0.0	51.0
1484.0	15086.0
0.0	0.0
0.0	264.0
0.0	184.0
190.0	2168.0
0.0	200.0
0.0	1812.0
54.0	3298.0
0.0	1157.0
