31.21	0.1516035147849612
26.96	0.215190120537034
39.73	0.1678366322087774
27.98	0.1889676765816372
27.69	0.2146216042722318
26.84	0.2262339571436648
39.09	0.186614999845617
34.59	0.1505213755080026
34.11	0.1522017691468073
34.88	0.1675737635083628
32.6	0.166003596624706
33.97	0.1630278275689812
31.8	0.1723963706027241
33.95	0.1512193045920755
36.55	0.1556634897360703
31.78	0.1517529429581136
26.46	0.2261243777739481
31.5	0.1635648684096338
26.6	0.22584560588386
29.61	0.1906181908366745
26.63	0.217635527589545
37.84	0.1606893640071373
26.98	0.2124006053102214
34.0	0.1595080046856696
31.33	0.1533955840283653
31.58	0.1624234354194407
27.33	0.2203982713861068
38.76	0.1755258344764517
34.14	0.1629489897123743
25.65	0.2965302411627913
31.57	0.1763066409939452
30.13	0.1909004832011691
30.74	0.1528117738187451
38.17	0.1609501361051375
31.11	0.1504377794233092
30.29	0.1533711822822499
28.92	0.1928712579023754
27.9	0.2050025974025973
29.95	0.1588515540495601
31.19	0.1788013509130111
37.89	0.1605479804023708
30.17	0.155266792317941
32.95	0.1496492484707915
31.89	0.1802114235574311
34.36	0.1497020278303675
30.86	0.191120021934334
37.41	0.1753517972344869
29.85	0.1584862573051549
31.97	0.1546042390328106
26.18	0.2370619507431919
26.42	0.2331144670044244
28.41	0.192822127073849
31.92	0.1509800096834082
25.56	0.2977145703060152
33.52	0.1510352807437781
28.3	0.190129418475221
27.32	0.219913472145615
35.92	0.1543767219295277
34.07	0.1644912824262951
33.46	0.1485062353298098
26.47	0.2314058494299153
37.58	0.160151443207961
35.52	0.1606609271205544
33.15	0.166444910979633
36.02	0.1684589519096561
32.59	0.1656821867037294
31.74	0.174021869843667
31.86	0.1833884136858476
33.42	0.1518768114386311
25.9	0.2852147684062076
38.47	0.163036849899817
30.08	0.1908039244398887
36.23	0.170101986044015
33.42	0.1666213779303871
40.72	0.1703907539900935
30.26	0.1897772796949672
32.09	0.1582523783158
38.78	0.1642999209062358
36.11	0.1689833902697608
26.46	0.2322119166436919
31.71	0.1565103626873265
38.87	0.1631678424961746
27.03	0.209532088923881
26.89	0.2180045447930776
25.63	0.2982211045915991
36.29	0.1554049110156948
34.91	0.1682992175473919
27.11	0.2074786796811293
31.52	0.1520533294826119
27.52	0.2168126520681265
39.14	0.166505267638608
30.94	0.1843053366358928
31.72	0.1646873630096043
30.57	0.1915543146436059
25.9	0.2827114770308396
31.89	0.1549230962769725
31.09	0.1525015669358109
28.64	0.1945285950232178
33.16	0.1486853203271113
35.44	0.1523867278870311
31.71	0.1521972854965131
31.85	0.1807820588897301
35.86	0.1552819724056127
29.37	0.1899046976708598
29.15	0.190020192302314
34.51	0.1496131677742127
33.81	0.1483410354538233
37.53	0.1581921978199164
35.56	0.1658510277050915
35.55	0.1668737856417236
33.73	0.1462201309560928
31.84	0.1510629945950214
27.96	0.1882630522628585
26.07	0.2715803452855245
31.79	0.1611270529336345
29.42	0.1899762259557962
27.57	0.2163579035974404
27.33	0.2005012931447364
31.55	0.1634736920747651
26.48	0.2317230553270492
29.55	0.1893414211438474
33.46	0.1680081559377248
35.05	0.15921210456787
34.11	0.1511559485403734
30.51	0.152058874802725
36.18	0.1554687135302394
32.48	0.1547850475883948
33.09	0.1658355425921108
35.38	0.1521225683625901
26.39	0.2321721332342189
30.52	0.1916707153649434
27.62	0.2159518792904234
37.35	0.1598710072223509
31.59	0.1623603947051367
32.79	0.1502694720315803
25.78	0.299171052768175
30.99	0.1844969027289468
25.88	0.2821283168850811
26.42	0.2378578708902715
32.66	0.1526809676171292
25.95	0.2810869776843745
25.85	0.2936373457667595
26.6	0.2237315429590724
40.39	0.1689772250133928
34.73	0.150370352251897
28.31	0.1915228635765724
32.13	0.1565388490114595
33.42	0.1699230732927462
34.94	0.1494193524733659
32.29	0.1498087854179507
32.45	0.1650302915351058
30.11	0.1907165623536638
35.51	0.1622370091157352
28.55	0.1932072512464153
27.21	0.2060526122957426
32.02	0.151558233931116
32.96	0.1672061924345274
30.72	0.1517025673551746
26.77	0.22670261333
26.23	0.2720220980804041
30.05	0.1568467273614577
26.11	0.2669970315043569
31.68	0.1519546287337629
36.3	0.1705148987906063
34.32	0.1519361331376325
30.24	0.1547394111255091
27.22	0.2055570483642888
34.59	0.1535019148127576
34.45	0.1635764917477782
27.64	0.2153928507702373
27.4	0.2171527318894919
33.36	0.1503324940418136
33.98	0.1474656760782573
25.97	0.2836844541349969
31.32	0.1524282486708992
33.05	0.1494575245405565
27.84	0.2065107914777683
31.86	0.1814472194329908
28.1	0.191789407709182
32.06	0.1669273368550408
28.36	0.193743140947735
25.63	0.298985618095871
34.26	0.1502873125578674
36.07	0.1533375754659879
25.67	0.2971728203241424
31.71	0.1580739239695484
31.73	0.1599962039731747
38.12	0.1625601770908324
34.13	0.1484905705051557
30.7	0.1901721227741201
34.5	0.1526538573602253
38.8	0.1652480826841413
32.84	0.1505765377423828
32.08	0.1649008493581254
25.66	0.2982345834934929
29.66	0.1890939366991148
25.79	0.2850158342130118
26.87	0.2221047722679932
31.48	0.1766660330107198
25.65	0.2976861380851406
30.32	0.191564754171782
33.54	0.1485648505120491
29.48	0.1909470534894332
31.26	0.176574744721283
37.22	0.1592066019884356
31.07	0.1887968826108134
27.03	0.2160537245444801
31.05	0.1835645751047002
37.58	0.1602828087574064
32.4	0.1538028321922687
32.76	0.1515322899367848
35.45	0.1607029371881163
31.86	0.1718273167100855
37.26	0.1734708618647251
33.51	0.1669484171621404
28.62	0.194381837172228
30.3	0.1541384860138604
36.02	0.1552896292619272
33.85	0.1516706831031606
31.96	0.1543242040829751
26.23	0.2474346661274832
30.81	0.19110550297932
32.96	0.1494965114298176
32.52	0.1535576958447566
33.44	0.1691298607266067
26.38	0.2410158458824418
32.74	0.1496427170750438
30.17	0.1544916480336709
27.2	0.197495759752569
37.63	0.159619073371471
27.33	0.2000343193547961
28.57	0.1961246317516938
32.22	0.1657738590691812
25.95	0.2815507556893856
26.63	0.2203786900807992
33.87	0.1502250666579089
32.93	0.1674462512942322
27.83	0.2127664938523796
27.82	0.1889508890074056
35.46	0.1610072092897747
25.76	0.2949225159104669
32.5	0.1494296978488348
32.27	0.1568020817960048
35.21	0.1575091867073725
36.68	0.162548587933486
36.5	0.1714112213665624
33.89	0.1469875787137319
35.78	0.1680132080147063
34.65	0.1506379892721107
38.01	0.1618902689941082
30.06	0.1571788791022955
25.81	0.2935700741251508
27.79	0.2063079863863117
31.42	0.1530454216374453
38.88	0.1645116269695982
34.63	0.1527195715573963
28.21	0.1893359190962977
34.65	0.1558657959918937
26.02	0.2711069954924898
37.16	0.1572687911413729
36.14	0.1611376068232969
27.49	0.2195840590764373
31.61	0.1531444820680207
25.58	0.2995516310956854
25.93	0.2746009868511729
33.51	0.1500731350560702
30.13	0.1564995357474466
30.6	0.1900204653166738
29.22	0.190977610601578
27.19	0.203740584533707
27.46	0.2180318477339112
26.14	0.2640558427205213
33.34	0.1677714568389809
32.86	0.1673510279142535
31.29	0.176687670459889
35.7	0.153044587103274
33.8	0.1644344000846548
28.38	0.1917668044084837
33.13	0.1509973281088599
33.12	0.1520452891481126
36.86	0.1704062315737206
31.48	0.1939562602074494
31.73	0.1659526474085472
38.53	0.1755400314720328
33.98	0.1508395406167728
29.75	0.1606952976371576
31.49	0.1525472300668334
27.51	0.2159941242394567
29.94	0.1896564777996165
32.02	0.1502295493716696
25.63	0.2963758291297892
27.76	0.2139119887947601
27.05	0.2130699935674274
33.57	0.1513072235144301
27.35	0.198149206651636
33.78	0.1473975163966404
26.99	0.2123281828313543
35.54	0.1516283512785151
36.64	0.1569138157699645
25.64	0.2974243260526514
34.91	0.1581271901699021
35.08	0.15634716562011
31.62	0.18470877907964
27.74	0.1892579005804616
30.02	0.1548141606288964
27.23	0.2061000510464523
32.17	0.1512440383909868
35.91	0.1527981129677345
36.04	0.1529920129572217
25.64	0.2996916722971365
32.5	0.1519085087931191
34.07	0.1478521654223801
25.69	0.2962164382155141
32.57	0.1672043123739072
32.85	0.1506866328377275
32.85	0.1678612869585652
32.38	0.1551385777184247
31.77	0.1775476701603737
33.97	0.146854536680358
25.7	0.2939824824502488
31.94	0.1804540624932237
25.95	0.2803753089258003
33.21	0.1682184674840698
29.57	0.1906478486091739
36.52	0.1695044861337683
34.65	0.1508797225573632
36.75	0.1570225417280079
29.45	0.1898301838610827
35.47	0.1678548158368786
27.51	0.2172215248292412
36.84	0.1640338109184013
33.65	0.1489549532353502
30.55	0.1522870946751354
31.5	0.1637789245879806
31.28	0.1765121193035209
26.32	0.242425518475629
35.9	0.1699870872532743
32.61	0.1522625025396917
34.56	0.164634900642143
27.32	0.2006758110400277
25.86	0.2837634163050925
37.71	0.1629489100297276
30.78	0.1512715415548654
34.46	0.1537168566895209
31.34	0.1755522375707753
34.1	0.1518221781055019
28.46	0.1931629013079667
27.79	0.2131666018536522
33.85	0.1476181978100422
33.13	0.1659609851384526
35.2	0.1590776423994059
30.56	0.1919480150290846
31.1	0.1876258061460496
31.15	0.190579743146006
31.54	0.1855965760204972
33.23	0.1487832181188292
31.76	0.1615741787385006
34.84	0.1698601677126279
32.01	0.1725896140122081
32.2	0.1645026846868497
32.74	0.1514823596810897
31.69	0.1619724195570413
30.54	0.1515070156268969
32.27	0.1480354763108313
33.33	0.1486208250281799
32.37	0.1489330836954036
34.35	0.1641154810130997
32.39	0.167980098671455
32.23	0.1502306483921105
35.63	0.1678889876429943
31.07	0.1920157875729734
35.52	0.1663373891955176
30.9	0.1921187071312908
26.35	0.247626693373818
32.38	0.1548452268625064
25.86	0.2954027909777832
37.6	0.1756858007446085
31.6	0.1636136017066483
28.14	0.1910045231093239
26.17	0.2635232997481108
31.89	0.1568634265005212
34.88	0.1498975164666322
26.06	0.2751572931835041
30.73	0.1509879895561357
27.87	0.1876534512121156
28.01	0.1899974455842217
33.71	0.1477363458502721
36.03	0.1613735478041874
29.14	0.1894163210556236
34.07	0.1497065572771764
35.87	0.1621179586746043
35.23	0.1584693518180232
33.7	0.171437557695921
31.18	0.1798480152918767
30.72	0.1522587299861929
35.35	0.1593643639754448
39.06	0.1649252363849593
28.77	0.1952961849266414
34.27	0.1491897116074729
31.26	0.1868434630069136
34.6	0.1497846361738836
32.72	0.1653945625433671
34.17	0.1511078421002137
32.27	0.1496027588667241
28.22	0.189923926928451
34.82	0.1679837466722712
33.27	0.1511618613400366
25.55	0.2979073410010776
35.32	0.1499983739132319
31.12	0.1904562259404657
28.85	0.1940384017728052
26.28	0.2481698215394369
31.05	0.1875312031952072
25.61	0.2964113234689683
27.59	0.2141850787811145
31.97	0.1816429001807592
38.32	0.1623243295513151
27.46	0.218157424641323
33.72	0.172970535786658
30.7	0.1514992900201247
27.33	0.2199622375140788
31.93	0.1742120343839541
35.21	0.15122564051835
33.78	0.1637131186819706
31.48	0.1526208187315369
26.54	0.2246489859594384
29.9	0.1605633802816901
31.22	0.1919469952754601
29.52	0.1897534941322168
25.57	0.2977249527995712
32.96	0.149860195799269
32.38	0.1660036126891613
31.86	0.1552228807758959
35.97	0.1542661490699183
25.92	0.2845073403788875
33.06	0.1657622482518253
31.97	0.1702466098300623
31.78	0.176259131846469
28.06	0.1890815306921602
42.25	0.1681047990576946
27.37	0.2161514549693463
28.84	0.1952091758754548
30.94	0.1911375698838243
30.75	0.1906361525265729
37.76	0.1754385964912281
36.54	0.1614182226627669
33.36	0.1677398430107654
31.42	0.1793697070665
35.51	0.1514511513830222
31.04	0.1918146911249858
29.84	0.1896358899024888
37.11	0.1728985784629304
34.77	0.1588532278211179
28.29	0.1913227577825196
31.97	0.151682435221359
31.84	0.15558757902566
36.54	0.1552279439149387
31.22	0.177397645914332
31.41	0.1835474149907029
32.86	0.1661467416668713
26.7	0.2166766425710208
28.58	0.1939888136086819
31.44	0.1931805802679836
35.54	0.1514701315990372
29.44	0.1912051154798344
31.96	0.1506064308734408
25.72	0.2977983659548474
31.31	0.17890335214837
29.67	0.1894053421253822
33.64	0.1507992053173554
35.67	0.1518023468790744
25.73	0.2983638722003437
28.66	0.1931049106235149
28.95	0.1953794403173142
27.19	0.202993632625012
34.88	0.1559391019861408
36.95	0.1570869164102115
35.96	0.1611307420494699
27.83	0.2137680777379802
35.7	0.1535462266931977
26.08	0.2768370646800576
34.2	0.163461340736171
31.47	0.1936299803099574
35.07	0.1588031097924403
27.76	0.2137618907099114
27.88	0.1894933279071262
27.16	0.2013335405824056
35.95	0.1700913591588832
33.34	0.1699656612934975
25.73	0.2843488613561417
33.87	0.1635672470635428
36.67	0.1572048612588026
35.4	0.161967890500581
26.66	0.2219957977566935
29.93	0.1900884673822477
27.24	0.2017381370544556
25.99	0.2817690735832642
31.5	0.1841752809986458
26.66	0.2265076800961629
25.59	0.2968447318290359
33.0	0.1500588096176586
34.18	0.1482793359621256
33.85	0.1517486233268104
36.26	0.154918500526747
36.96	0.1562826333439412
33.85	0.1645889716715953
25.75	0.2964434976958745
31.78	0.1722631222448005
26.28	0.2444537485418461
33.31	0.1509725830585187
26.9	0.2190734254923235
31.63	0.1619111614979257
26.32	0.2380726452516139
32.85	0.1508526885010046
31.79	0.1822735904655884
32.82	0.1498969427892109
31.91	0.1746574273496269
34.62	0.1664961960144344
30.47	0.1520243793241914
31.91	0.1757624722278327
36.96	0.1731705395381818
29.72	0.1911845947439034
30.1	0.1916351901706735
27.45	0.2166557005519611
26.18	0.2689894020086021
34.89	0.1585874539515654
27.9	0.1891028374085996
26.15	0.2704972446392437
25.73	0.2969278107646818
32.34	0.1670689312153799
31.5	0.184528792426377
33.6	0.1515241268665926
28.33	0.1914461188670613
31.29	0.186842461872028
35.75	0.1688582288252572
27.8	0.1898945588118707
34.66	0.1665553688428128
26.29	0.2471310634401983
31.46	0.1527330504912373
42.5	0.1596033101274136
31.34	0.1924080622033008
26.82	0.2319973419566979
31.95	0.1683480453972257
30.24	0.1553671836848592
32.11	0.1514133288050207
35.79	0.1609561886726495
37.16	0.1589694564824986
26.08	0.2773068675550965
34.81	0.1493931033226796
31.8	0.1773014321693042
31.92	0.1549401646798498
25.63	0.2972501523838785
34.32	0.1478210549407323
35.61	0.1594924668353914
36.39	0.1630767081858098
31.63	0.1518743668831722
27.83	0.2134604668441582
26.06	0.2760432603241186
29.02	0.1926513770060104
25.62	0.2971878639968939
34.25	0.1518858232456013
26.56	0.2229748263395516
34.32	0.1615506704960159
34.14	0.1653627166780479
36.23	0.1612675176377861
26.38	0.2351146456863641
33.32	0.1494598435683121
33.64	0.1521882417411556
25.56	0.29814948203832
27.68	0.2133776425314621
33.81	0.1747648081798562
31.99	0.1654663984132288
31.73	0.1653480424204225
31.95	0.1557650221715859
26.62	0.2195801422418692
36.16	0.1549981240285147
32.27	0.155126741553191
34.21	0.1526783401426084
26.16	0.2668836882393508
30.44	0.1898317946123688
35.09	0.1690875409180376
33.5	0.1693692164020715
31.34	0.1819821782313017
34.36	0.1644224010823208
29.96	0.1896115415067298
36.0	0.1542768355451876
40.11	0.168471434844917
31.32	0.19284441225178
36.7	0.15653110491519
30.3	0.1521422213807697
31.79	0.178991441413706
39.68	0.1672109966622402
32.78	0.151199891214593
34.65	0.1504871489387156
31.8	0.1614477770811157
30.32	0.1904593022194521
34.91	0.1679830554796392
34.83	0.1550406385832242
26.34	0.2350029412293568
31.61	0.1629933826916812
27.03	0.2160696136442742
33.35	0.1661334113409695
25.86	0.2831669767219996
28.91	0.1913838363356369
29.17	0.1902529219563951
29.78	0.159473849745736
36.59	0.1709710058386411
26.73	0.2193732886539275
34.65	0.1504390490914043
25.5	0.2960110762706129
33.87	0.1642520552217495
31.18	0.1894179344721948
27.67	0.2147079920886957
37.18	0.1631553218679271
34.44	0.1644808126410835
33.49	0.1490310830630705
31.77	0.151133045454703
38.52	0.1650957900926182
37.64	0.1599927719551861
26.55	0.2235939880442377
31.94	0.1548329006505411
31.89	0.1714297539473956
31.09	0.1823103117087225
29.2	0.1904313072816715
28.08	0.190527264729362
27.91	0.2030729925446754
27.01	0.2164914056287432
37.35	0.1647385640769758
26.77	0.2253628573123836
26.09	0.2767777908008639
32.72	0.1504395846088915
32.44	0.1664586248338084
33.84	0.1509702647712157
34.59	0.1650033172479884
36.26	0.1704397469885121
34.59	0.1487488483327779
29.96	0.1579983015778435
30.75	0.1898671859912908
30.24	0.153255658359535
32.07	0.1729839655846695
26.04	0.2800986776737505
37.0	0.1637062953821083
37.87	0.1618772398566491
34.51	0.1545030113354609
31.25	0.1905855704503586
31.84	0.1773262674590744
31.58	0.1633062449666886
31.23	0.1911189898883276
39.06	0.1599879431780787
25.93	0.2839683185861899
32.52	0.1532445107736895
32.6	0.1650006180955913
29.17	0.1910668334426192
34.9	0.1488989264601821
36.19	0.1703488191984799
34.33	0.1512044968528327
34.77	0.1663192097295516
31.5	0.1841127685307838
30.36	0.1919131150655436
26.86	0.2250021877761184
32.74	0.165278423241459
30.44	0.1534345690659858
36.25	0.1550682680508343
30.31	0.1545893323472995
27.71	0.2133271717791824
27.98	0.1886558523276015
37.01	0.1582255874319884
29.2	0.191014384975692
27.1	0.2093741275393736
26.51	0.2327659617865574
28.83	0.1948555850121821
27.31	0.2200327992935536
32.87	0.1499203729201572
32.46	0.1531136242791116
38.27	0.1636062524032056
27.55	0.2155124075399666
36.57	0.1711963925292884
31.1	0.1822635862704035
27.74	0.2145039034288269
