31.21	0.1694248214746107
26.96	0.2194117594209236
39.73	0.18557721190736
27.98	0.1943679702574238
27.69	0.2149645969998203
26.84	0.2293662249048681
39.09	0.1893091561599848
34.59	0.156723054809842
34.11	0.1570303781556211
34.88	0.1742760151776983
32.6	0.1695980268373609
33.97	0.1481195350633845
31.8	0.1832222748182403
33.95	0.1571712157095609
36.55	0.1538229175002
31.78	0.1663032543194057
26.46	0.2302585151206957
31.5	0.1604311961884885
26.6	0.2303909635327913
29.61	0.1961443249139445
26.63	0.2177804624955509
37.84	0.1725384797344144
26.98	0.217288327518386
34.0	0.1503201576160571
31.33	0.1710086737096374
31.58	0.1581870726163937
27.33	0.2190366041717393
38.76	0.1768747736561642
34.14	0.166024158314058
25.65	0.2998711304704503
31.57	0.1802297388468782
30.13	0.1953387565430478
30.74	0.1586057344293831
38.17	0.1723288088744554
31.11	0.1632363928066856
30.29	0.158711689781212
28.92	0.204116325841542
27.9	0.2042267934569981
29.95	0.164567523166186
31.19	0.18217154703291
37.89	0.1727761264121844
30.17	0.158797540468575
32.95	0.1543318101277627
31.89	0.1917988741044012
34.36	0.1534445532522387
30.86	0.1948051154520624
37.41	0.1718866909477667
29.85	0.165097111359559
31.97	0.1555554967336178
26.18	0.238652381168082
26.42	0.2401440667121651
28.41	0.2081728824341392
31.92	0.1652367675376705
25.56	0.2979492654224053
33.52	0.1573625469431362
28.3	0.1995847918655574
27.32	0.2179932592232449
35.92	0.154693613519225
34.07	0.1671394737527002
33.46	0.1544850208504178
26.47	0.2385247325042412
37.58	0.170301705083408
35.52	0.1531833790270427
33.15	0.1718988077240038
36.02	0.1654639817538613
32.59	0.1697681562967756
31.74	0.1881821856892602
31.86	0.1785673845596394
33.42	0.1574413463595521
25.9	0.2895413079789284
38.47	0.1736955867330573
30.08	0.1909212772419282
36.23	0.1646120166539884
33.42	0.1584527700947112
40.72	0.188787909472938
30.26	0.1901230326016572
32.09	0.1596655106835216
38.78	0.1785281912339666
36.11	0.1656149496685204
26.46	0.2365120335946072
31.71	0.1469271585907735
38.87	0.176664133571224
27.03	0.2139557320721996
26.89	0.2246801101515339
25.63	0.2927858376775258
36.29	0.1525004201335131
34.91	0.1701489277318266
27.11	0.2163305685843248
31.52	0.1738338572525387
27.52	0.2176925547806836
39.14	0.1808021503855132
30.94	0.1827072006822557
31.72	0.1473604663715858
30.57	0.19660669339051
25.9	0.2832759399987643
31.89	0.1521773986061964
31.09	0.1648325232586593
28.64	0.20922374400384
33.16	0.1566837315731759
35.44	0.1523801869468433
31.71	0.1677256856989004
31.85	0.1774803778728204
35.86	0.1530995899031323
29.37	0.1974050419335564
29.15	0.1978034020480476
34.51	0.1553628741845032
33.81	0.153057678501418
37.53	0.1684061520916744
35.56	0.141566526397987
35.55	0.1635351250933909
33.73	0.1426443946326035
31.84	0.1662590623918502
27.96	0.1963203412746514
26.07	0.2768351887626954
31.79	0.1430206189896275
29.42	0.1986466952447413
27.57	0.2155559556722347
27.33	0.2085331892550559
31.55	0.1622945691586332
26.48	0.2360248447204969
29.55	0.1926103134951568
33.46	0.1751329891774324
35.05	0.1486089738397991
34.11	0.1567644783326031
30.51	0.1593226696246631
36.18	0.1543722697640569
32.48	0.1598688237159611
33.09	0.1711701249885401
35.38	0.1508527835334006
26.39	0.234006209540304
30.52	0.1963501482856294
27.62	0.2137422105608396
37.35	0.1699188070288119
31.59	0.1579507692172888
32.79	0.156443858081991
25.78	0.2969139174131527
30.99	0.1848984629193313
25.88	0.2820822971925275
26.42	0.2446237860812956
32.66	0.1583642721900667
25.95	0.2859568950522604
25.85	0.2917738184519514
26.6	0.2268839366224397
40.39	0.1869243495027161
34.73	0.1503412364932054
28.31	0.2017091093451264
32.13	0.160128284900733
33.42	0.1719538915880727
34.94	0.1493883584725331
32.29	0.1591882539611828
32.45	0.1707087207841166
30.11	0.1932551055817599
35.51	0.1534948606011812
28.55	0.2115072069075872
27.21	0.2124965544744914
32.02	0.1665639396184266
32.96	0.1693567543172047
30.72	0.1563602163178932
26.77	0.2319174489570823
26.23	0.2784829168866641
30.05	0.1616652261237789
26.11	0.2720564729405336
31.68	0.1710403734345948
36.3	0.1640671102424869
34.32	0.1575764850419052
30.24	0.1584447720722789
27.22	0.2157436393986016
34.59	0.1551581195697522
34.45	0.1682939214532193
27.64	0.2139641562565532
27.4	0.2169329067036806
33.36	0.1570179841569431
33.98	0.1514359963564271
25.97	0.2855253078591798
31.32	0.1682858903087969
33.05	0.1557950286259943
27.84	0.2079144973307256
31.86	0.1714714256660565
28.1	0.1975144953013175
32.06	0.1699204755544154
28.36	0.2043110895978726
25.63	0.2958866869123279
34.26	0.1405043361492374
36.07	0.1503662038720401
25.67	0.2951587292712654
31.71	0.1574318732488458
31.73	0.1471699978346623
38.12	0.1739940705216636
34.13	0.1534884508271442
30.7	0.1936488668506579
34.5	0.1547503610295882
38.8	0.1776027858435382
32.84	0.1558670442803016
32.08	0.1740776485219058
25.66	0.296690014077681
29.66	0.1914704834687995
25.79	0.2876630478813902
26.87	0.2230898358907231
31.48	0.179204194619188
25.65	0.2939473912854597
30.32	0.1927226633657479
33.54	0.1490640607829913
29.48	0.1957435353359408
31.26	0.1807127045759698
37.22	0.1698167758058325
31.07	0.1857671571965297
27.03	0.2216116221240433
31.05	0.1841729558236792
37.58	0.1724218073795454
32.4	0.1594620269734528
32.76	0.1585890893177766
35.45	0.1541534804844503
31.86	0.1826360939826952
37.26	0.1700628784350256
33.51	0.1727893987051638
28.62	0.2099175299978229
30.3	0.1618890076559272
36.02	0.1541922305033039
33.85	0.1590135201961925
31.96	0.1574016222111146
26.23	0.2511634501509566
30.81	0.1972411751646562
32.96	0.1546702602200168
32.52	0.1575837909486839
33.44	0.173792006363094
26.38	0.2444986383774337
32.74	0.1563656350729444
30.17	0.1565026576650102
27.2	0.2039700003980235
37.63	0.1709933670570679
27.33	0.2054329323406888
28.57	0.2116044026972261
32.22	0.1723515039067604
25.95	0.2827752243379295
26.63	0.2291481838637094
33.87	0.1426675656923964
32.93	0.1699541571023605
27.83	0.2115368043706805
27.82	0.195144269416936
35.46	0.155083310131062
25.76	0.2930830666320676
32.5	0.1567633894058271
32.27	0.1590951923145738
35.21	0.1445600941618591
36.68	0.159445154721703
36.5	0.1690847515510273
33.89	0.1510483680824547
35.78	0.1616524866239803
34.65	0.1489688663234308
38.01	0.172495617001438
30.06	0.1621687610960923
25.81	0.2911096760813002
27.79	0.2059076240818831
31.42	0.1748961914192928
38.88	0.1781334060436996
34.63	0.1558548046565728
28.21	0.1958199051570132
34.65	0.1392614640498558
26.02	0.2748184491073061
37.16	0.1693790135460073
36.14	0.156385379171571
27.49	0.2175090875485182
31.61	0.171401544495013
25.58	0.2959639759839893
25.93	0.2756985315124849
33.51	0.1539288860544677
30.13	0.1613570870085611
30.6	0.1929702015898072
29.22	0.1960772123962575
27.19	0.2135338875374498
27.46	0.2150018529604606
26.14	0.2660360948032181
33.34	0.1710447625951431
32.86	0.1712647733286293
31.29	0.1815264753719804
35.7	0.1508907385003608
33.8	0.1665950111203895
28.38	0.2052706447894439
33.13	0.1555998689904365
33.12	0.157095266644493
36.86	0.1694415159893647
31.48	0.1931685196021065
31.73	0.1476791926536496
38.53	0.1774535911388985
33.98	0.1385992855045321
29.75	0.1659660734691427
31.49	0.1726404622354638
27.51	0.2179244455462537
29.94	0.1931187309693872
32.02	0.1662292425257804
25.63	0.2985993259554939
27.76	0.2155999417355522
27.05	0.2169029026079269
33.57	0.1586892921779268
27.35	0.2076003260904008
33.78	0.1531709064851308
26.99	0.2187579117184694
35.54	0.1506098935461619
36.64	0.1573247105410407
25.64	0.2956930174253516
34.91	0.1508917541076233
35.08	0.1463324037504461
31.62	0.1821924341692396
27.74	0.1961721409409589
30.02	0.158399147874883
27.23	0.2142647102067221
32.17	0.1630639209617902
35.91	0.1534992507608621
36.04	0.1510223958712335
25.64	0.2936867531521958
32.5	0.1572422365666434
34.07	0.1539864211746492
25.69	0.2974214799137334
32.57	0.1730606892825788
32.85	0.1581236626349207
32.85	0.1680429855288392
32.38	0.157505201788937
31.77	0.1864184808278586
33.97	0.1524404653523265
25.7	0.2930477258816272
31.94	0.1799413536218101
25.95	0.285852145987249
33.21	0.1731406259840039
29.57	0.1921913177784248
36.52	0.1665351775382997
34.65	0.1514739354910342
36.75	0.1571958835979939
29.45	0.1958762886597937
35.47	0.1622115093168598
27.51	0.2150604042360688
36.84	0.1576272645908406
33.65	0.1541538313309763
30.55	0.1601285568186433
31.5	0.1645509882792769
31.28	0.1796856479918394
26.32	0.2437249968174689
35.9	0.1660418865210246
32.61	0.1557426261936813
34.56	0.1638353518448535
27.32	0.2080411919368974
25.86	0.2854297953101089
37.71	0.1567373677010787
30.78	0.1587511266159652
34.46	0.1393140688442701
31.34	0.1814455871202361
34.1	0.1568907687587687
28.46	0.2118708230125718
27.79	0.2128858812013379
33.85	0.1504702299686065
33.13	0.1709433096167087
35.2	0.1547467845351268
30.56	0.19428357002337
31.1	0.1869651337007034
31.15	0.1912296675443561
31.54	0.1881383093224055
33.23	0.155265313201584
31.76	0.1469848075309907
34.84	0.1725791578811354
32.01	0.1749415400033405
32.2	0.1719010814829361
32.74	0.1594636311016785
31.69	0.1524084147060751
30.54	0.1586547847484866
32.27	0.1558544685673511
33.33	0.1578235265848708
32.37	0.1609922986704308
34.35	0.1685565703373235
32.39	0.1735101581578509
32.23	0.1620342288675607
35.63	0.1633257362309997
31.07	0.1981195596129932
35.52	0.1616818540728568
30.9	0.1965591913193664
26.35	0.2495643109820991
32.38	0.1571713207244911
25.86	0.2925962212704408
37.6	0.1748128385580621
31.6	0.1539881032851156
28.14	0.1958525889595174
26.17	0.2674286434160685
31.89	0.1587219420768441
34.88	0.1500610692768508
26.06	0.2742318337757262
30.73	0.1599579773393932
27.87	0.1947203113970284
28.01	0.1993752799315948
33.71	0.1514539560259023
36.03	0.1546941508325739
29.14	0.1972003066650784
34.07	0.1380892360901996
35.87	0.1532696673576152
35.23	0.1533645082549697
33.7	0.1756498072125198
31.18	0.1800347782625446
30.72	0.1574701032459333
35.35	0.15130904052313
39.06	0.1806734238433636
28.77	0.2106534430371104
34.27	0.1543406963358745
31.26	0.1865547214832489
34.6	0.154667413322945
32.72	0.1665664381456387
34.17	0.1386582090188591
32.27	0.1613084452997389
28.22	0.1960248909250851
34.82	0.1688045662155557
33.27	0.1577619227635999
25.55	0.2932213216385011
35.32	0.1399695551937249
31.12	0.1891312483728196
28.85	0.2079872380218934
26.28	0.2524633123689727
31.05	0.1836237324219844
25.61	0.2948098131167442
27.59	0.2148867013717538
31.97	0.1794531897265948
38.32	0.1747061687989028
27.46	0.2169374591272629
33.72	0.1745194408038444
30.7	0.1575074783082611
27.33	0.2169457405177604
31.93	0.1701700621546961
35.21	0.1443108646770237
33.78	0.167830074801124
31.48	0.1714573913043478
26.54	0.2289198012335093
29.9	0.1656486947396038
31.22	0.1883613701651871
29.52	0.1931595735804736
25.57	0.2979300218253288
32.96	0.1523212785851254
32.38	0.1731300448430493
31.86	0.1567847198050818
35.97	0.153361243532514
25.92	0.2843923321041236
33.06	0.1672885572139303
31.97	0.1731064763995609
31.78	0.1779226933231039
28.06	0.1966897883923084
42.25	0.1858638227214552
27.37	0.216159313057362
28.84	0.2057387392330059
30.94	0.1944136073453474
30.75	0.1924368390383494
37.76	0.181211370477578
36.54	0.1592017939937574
33.36	0.1720879437076564
31.42	0.1826272506732545
35.51	0.1483460178094744
31.04	0.1910235477984511
29.84	0.1983352967950949
37.11	0.1701735590314977
34.77	0.1504071674903714
28.29	0.1991545454545454
31.97	0.1664155100847778
31.84	0.1596183462380833
36.54	0.1544650865804156
31.22	0.1784347367031806
31.41	0.1839011119905937
32.86	0.1730439634899757
26.7	0.2206070841564003
28.58	0.2101735585469575
31.44	0.1887112403100775
35.54	0.1498617205649176
29.44	0.1956382477626
31.96	0.1654585176297835
25.72	0.2962361773359034
31.31	0.1780935194057874
29.67	0.19442893807619
33.64	0.1568132077949741
35.67	0.1514644914812093
25.73	0.2949043028017737
28.66	0.2092909551078842
28.95	0.2065259599017836
27.19	0.2141335164738408
34.88	0.1437144886363636
36.95	0.154815791347662
35.96	0.1515972604109383
27.83	0.2145810565947276
35.7	0.1522247974472443
26.08	0.2766336861481822
34.2	0.1647933305154501
31.47	0.1929711325348933
35.07	0.1510301334175925
27.76	0.2127427918542912
27.88	0.1950412081189925
27.16	0.210957610869068
35.95	0.1659330575170311
33.34	0.1747723561142178
25.73	0.2828332692791921
33.87	0.1636052736932816
36.67	0.1562684688883709
35.4	0.1485664639443961
26.66	0.2242593709542688
29.93	0.1929155386931484
27.24	0.2080273979710973
25.99	0.2831378152103073
31.5	0.1835726640119062
26.66	0.2295165447835239
25.59	0.2955005048462411
33.0	0.155015921544051
34.18	0.1531456113313461
33.85	0.158707277244973
36.26	0.151813452109144
36.96	0.1562830044378775
33.85	0.1667882761020621
25.75	0.2949520450467174
31.78	0.1817885967196042
26.28	0.2466950074469153
33.31	0.1572476742786394
26.9	0.2247713205315081
31.63	0.1579955160640918
26.32	0.243859649122807
32.85	0.1562171087541436
31.79	0.1780200058064346
32.82	0.1578774183033
31.91	0.1867908032292868
34.62	0.1637416838724478
30.47	0.158583492108876
31.91	0.1672148252319277
36.96	0.1687208145142769
29.72	0.1925705577405551
30.1	0.1882528389866216
27.45	0.2161934992985709
26.18	0.2703869698294709
34.89	0.1494932590654485
27.9	0.1974491429362545
26.15	0.2757462871612062
25.73	0.2968310062566088
32.34	0.1738398088405643
31.5	0.1869918398722762
33.6	0.1573765850082419
28.33	0.2026328075652022
31.29	0.1937255917613462
35.75	0.1632401012196022
27.8	0.1988526200407134
34.66	0.1693795383855984
26.29	0.2520274554125203
31.46	0.1720937471082583
42.5	0.1556990487172095
31.34	0.1910624153637818
26.82	0.2334146639014273
31.95	0.1710721670143095
30.24	0.1598983589305013
32.11	0.1638479399535612
35.79	0.1547444066028973
37.16	0.1690096595704773
26.08	0.2823986804901037
34.81	0.1497348244080724
31.8	0.1874496644295302
31.92	0.1574225761893004
25.63	0.2918783159819415
34.32	0.1534923805534972
35.61	0.155978607336709
36.39	0.1553614068391335
31.63	0.1722864406903844
27.83	0.2120860009688875
26.06	0.2766903509544029
29.02	0.1997161183357139
25.62	0.2950073992842445
34.25	0.1552024075518279
26.56	0.2270694260729929
34.32	0.1599295850806887
34.14	0.165222563648098
36.23	0.1589842577315751
26.38	0.238587325299783
33.32	0.1561759631348406
33.64	0.1582992410816325
25.56	0.2947884268431713
27.68	0.2142129774254126
33.81	0.1489225566143369
31.99	0.1729930174760345
31.73	0.1500979103516725
31.95	0.1550210260723296
26.62	0.2208125144517387
36.16	0.1554103947742118
32.27	0.1571449439687254
34.21	0.1548085191202749
26.16	0.2668295331161781
30.44	0.1923800869734536
35.09	0.1725938445633171
33.5	0.1753582279589595
31.34	0.1813121272365804
34.36	0.1663685818615396
29.96	0.186417927080062
36.0	0.149996443896541
40.11	0.187932095378441
31.32	0.1900031117443784
36.7	0.1552908556688232
30.3	0.157896654004267
31.79	0.184550226978773
39.68	0.1847127264003838
32.78	0.1576151236694004
34.65	0.1529731760160447
31.8	0.1490557841208187
30.32	0.1908190866634263
34.91	0.1697828655571455
34.83	0.1408333220306799
26.34	0.238406900455194
31.61	0.1574911166146225
27.03	0.2212441912756708
33.35	0.168573090345095
25.86	0.2854244055703742
28.91	0.2060407774786966
29.17	0.196751791563031
29.78	0.1652236632480334
36.59	0.1682292819933105
26.73	0.2223018605073744
34.65	0.1537182755181203
25.5	0.2935846981799057
33.87	0.166657008444798
31.18	0.1889346801512858
27.67	0.2148537128619427
37.18	0.1607095201225639
34.44	0.1665825511617171
33.49	0.1567273409645336
31.77	0.1657920304905573
38.52	0.1615310273159144
37.64	0.1713819996226336
26.55	0.2266857036631588
31.94	0.1537688691385543
31.89	0.1735180185467777
31.09	0.1842189045953703
29.2	0.19701317715959
28.08	0.1951157721086431
27.91	0.2035040576039792
27.01	0.2237916202965681
37.35	0.1596317141705662
26.77	0.2337525432271785
26.09	0.2771457896107477
32.72	0.1564713164152849
32.44	0.170457550099307
33.84	0.1573584739733718
34.59	0.1677046101653843
36.26	0.1647783616875983
34.59	0.1537552237251506
29.96	0.1636669726816252
30.75	0.1938410754600807
30.24	0.1584639983494945
32.07	0.1744696481043503
26.04	0.2781897474896404
37.0	0.1576022164385861
37.87	0.1568058981679093
34.51	0.1413915262010089
31.25	0.1923244931758257
31.84	0.1658336787185801
31.58	0.1554148451935643
31.23	0.1892486091561096
39.06	0.1591878973273058
25.93	0.2858529938385381
32.52	0.1587652566188754
32.6	0.1730973494297662
29.17	0.1989909375672508
34.9	0.1499773645869702
36.19	0.1638231608529468
34.33	0.1413522440716492
34.77	0.1708026306834703
31.5	0.1864070989631527
30.36	0.1968180832610581
26.86	0.228389290782073
32.74	0.1698116841841681
30.44	0.1592825215353707
36.25	0.1550246493689993
30.31	0.1600026061899469
27.71	0.2133425245098039
27.98	0.1965317586720408
37.01	0.1686406222379353
29.2	0.198659161535494
27.1	0.2138523746377005
26.51	0.2385144443794316
28.83	0.2051849833072152
27.31	0.218950883092152
32.87	0.1553316763290598
32.46	0.1601303950148913
38.27	0.1738335710050327
27.55	0.2145076948597884
36.57	0.1665316022093096
31.1	0.1826392839314116
27.74	0.2148475461164689
