31.21	0.0548292636848816
26.96	0.076828467882316
39.73	0.0699745396411865
27.98	0.0666588094056895
27.69	0.0761768408796804
26.84	0.0798859274397796
39.09	0.0640937197394986
34.59	0.0508129988856798
34.11	0.051397092075151
34.88	0.0591296362430488
32.6	0.0572304956902502
33.97	0.047149001874931
31.8	0.0622767494723169
33.95	0.0510405192917472
36.55	0.053894388886097
31.78	0.0539410984419558
26.46	0.0789289101398877
31.5	0.0505470740849407
26.6	0.0797244873723379
29.61	0.0632609536836232
26.63	0.0747090705444604
37.84	0.0704937888076634
26.98	0.0756269503223014
34.0	0.0475554813949607
31.33	0.0562215235986896
31.58	0.0508700575335024
27.33	0.077946695516167
38.76	0.0648574142141747
34.14	0.0561061012309096
25.65	0.1148058653139023
31.57	0.0626350584021901
30.13	0.0624922334178513
30.74	0.0524915201468202
38.17	0.0708843528840882
31.11	0.052837053324264
30.29	0.0522015825882583
28.92	0.0661314711461798
27.9	0.0716628118665033
29.95	0.0548746074803205
31.19	0.0646932055524874
37.89	0.0710221525933641
30.17	0.0532593752094846
32.95	0.0488366548228958
31.89	0.059980972150147
34.36	0.0504121846163162
30.86	0.0647624353179685
37.41	0.0641876149601471
29.85	0.0547539135128651
31.97	0.0489760983959931
26.18	0.0831295338926209
26.42	0.0832603832312031
28.41	0.067508650810829
31.92	0.0526850021696869
25.56	0.1155678434708634
33.52	0.0501601607268167
28.3	0.066735515216649
27.32	0.0779194759846753
35.92	0.0532619298643202
34.07	0.0570673101607023
33.46	0.0491500245227796
26.47	0.0828114482853932
37.58	0.0707224002148402
35.52	0.0537354478991406
33.15	0.0584306177309334
36.02	0.0599856544993476
32.59	0.0573840721179444
31.74	0.061509292817252
31.86	0.0615434448133452
33.42	0.0500800878382742
25.9	0.107318033953441
38.47	0.0700008840679425
30.08	0.061097925120588
36.23	0.0610938030354458
33.42	0.0539854058591816
40.72	0.0701034442868189
30.26	0.0620887215152178
32.09	0.0496778434881284
38.78	0.0698760194056582
36.11	0.0602213267576832
26.46	0.0817025428074695
31.71	0.047248329821042
38.87	0.0709452765072078
27.03	0.0740329905150157
26.89	0.0772769301229667
25.63	0.1134596803068426
36.29	0.0529737071892888
34.91	0.0589553169906098
27.11	0.0746442812172088
31.52	0.0566138033102961
27.52	0.0758870636017654
39.14	0.0704358692770856
30.94	0.0662960589554629
31.72	0.0401560010682481
30.57	0.063019365883234
25.9	0.1077817844852024
31.89	0.0479198819338547
31.09	0.0549579330994025
28.64	0.0673563053017768
33.16	0.0487571144782909
35.44	0.0527773615262672
31.71	0.0549777520008209
31.85	0.0629429598249242
35.86	0.0529051947146277
29.37	0.0646013742670907
29.15	0.0638496055240575
34.51	0.0505552691125044
33.81	0.0514290877567001
37.53	0.0698955016266798
35.56	0.0521399877667752
35.55	0.0584485923459477
33.73	0.049963187418011
31.84	0.0533980876794986
27.96	0.0658518035636679
26.07	0.1012299554459101
31.79	0.04002747435812
29.42	0.0639408900971945
27.57	0.0767317728632621
27.33	0.071734657278236
31.55	0.050842444756374
26.48	0.0814863362921835
29.55	0.0630333341169279
33.46	0.0587630041157201
35.05	0.0536395061136705
34.11	0.0509515030859406
30.51	0.0526024755311863
36.18	0.0533838260444661
32.48	0.0497761006001191
33.09	0.0579218781161856
35.38	0.0521779367902906
26.39	0.0816348801502404
30.52	0.0638791626007593
27.62	0.0757572613723521
37.35	0.0704918911961558
31.59	0.0499445516901466
32.79	0.0510524455644851
25.78	0.1136096463676244
30.99	0.066616925382007
25.88	0.1038745895942675
26.42	0.0839847545413796
32.66	0.0493440449654353
25.95	0.1033267053477072
25.85	0.1103343341901388
26.6	0.0772417745742789
40.39	0.0696292895851731
34.73	0.0496634182671432
28.31	0.065978343694731
32.13	0.050316551778425
33.42	0.0592572234304423
34.94	0.0500790644934858
32.29	0.0506961061693004
32.45	0.0578305073043308
30.11	0.0618607183136377
35.51	0.0729282578016793
28.55	0.0683096867122794
27.21	0.0727864265251282
32.02	0.0535616507718195
32.96	0.0581993805805783
30.72	0.0520817119258464
26.77	0.0802570960634374
26.23	0.101690315156384
30.05	0.0541945591458714
26.11	0.0983556327239301
31.68	0.0551136585265119
36.3	0.0616616656971889
34.32	0.0515812865523884
30.24	0.0530633274344212
27.22	0.0737470540271867
34.59	0.050847439808996
34.45	0.0580667422487307
27.64	0.0754351213396615
27.4	0.0762849038690697
33.36	0.0505644616860527
33.98	0.0511071617272683
25.97	0.1065578886362623
31.32	0.0555527189749622
33.05	0.0484599661893514
27.84	0.0732983372995505
31.86	0.0609585752324414
28.1	0.0666219471293106
32.06	0.0596034800066923
28.36	0.0673860951643405
25.63	0.1129301105773474
34.26	0.0646873861434034
36.07	0.0532706515863004
25.67	0.1142326191517271
31.71	0.0491908811441952
31.73	0.0442316029538739
38.12	0.0705978343814447
34.13	0.0511897365345641
30.7	0.0629882717439975
34.5	0.0514884854529805
38.8	0.0696808164109953
32.84	0.0490138341420411
32.08	0.0592969175995124
25.66	0.1151167612057756
29.66	0.0626683208763276
25.79	0.1085900647179239
26.87	0.0781799914046438
31.48	0.0623519002224148
25.65	0.1134735893904563
30.32	0.062753935838209
33.54	0.0513293770220449
29.48	0.0623533122845806
31.26	0.0640513862679634
37.22	0.0706583970446448
31.07	0.0665130166876549
27.03	0.0764965469811158
31.05	0.0656312103836375
37.58	0.0710492353358714
32.4	0.0493869436815554
32.76	0.0489045851789776
35.45	0.0538342231228082
31.86	0.0617188051691264
37.26	0.0638287437777396
33.51	0.0589120855017846
28.62	0.0691332089519758
30.3	0.0529176477762038
36.02	0.0528150583643746
33.85	0.0502293356856078
31.96	0.0498635313877808
26.23	0.0881117878135134
30.81	0.0641880958193989
32.96	0.049107772538226
32.52	0.04993355040202
33.44	0.0585740443182242
26.38	0.0858936917402829
32.74	0.0495071969478004
30.17	0.0528625266262493
27.2	0.0721791141286776
37.63	0.070669521621057
27.33	0.0720699877865716
28.57	0.068263017429038
32.22	0.0590998694349863
25.95	0.106119776234385
26.63	0.0769851167404168
33.87	0.0664156756290934
32.93	0.0574722225530242
27.83	0.0754325861887744
27.82	0.065859299124845
35.46	0.0541745169089586
25.76	0.1123569920370958
32.5	0.0493612046514849
32.27	0.0507891729268964
35.21	0.066496305760791
36.68	0.0562588208012985
36.5	0.0616715064888394
33.89	0.0505404983047853
35.78	0.0610635324249943
34.65	0.0509182492256671
38.01	0.070638884375104
30.06	0.054380831930377
25.81	0.1098915571746826
27.79	0.0740355563132819
31.42	0.0576282471523395
38.88	0.0698419628045053
34.63	0.0507709265321981
28.21	0.0662039112367615
34.65	0.0650231142943739
26.02	0.0995879158515401
37.16	0.0706600187838408
36.14	0.0549583936324167
27.49	0.0773206960769595
31.61	0.0556838308460533
25.58	0.1157664133634558
25.93	0.101243714679838
33.51	0.0500470724916371
30.13	0.0537105738189046
30.6	0.0628429483433845
29.22	0.0629349263141663
27.19	0.0729872457773181
27.46	0.0766396216349637
26.14	0.0962675820584624
33.34	0.0590548929913412
32.86	0.0578043025676613
31.29	0.0632529259759716
35.7	0.0519198228762406
33.8	0.057660664389941
28.38	0.0679998306495999
33.13	0.0500599974970369
33.12	0.0503598983940557
36.86	0.0633207447160935
31.48	0.0669406247710231
31.73	0.0365135355484933
38.53	0.0650981641461936
33.98	0.0653200010751821
29.75	0.0560540450664719
31.49	0.0560572079980245
27.51	0.0766242816433585
29.94	0.0630256871331122
32.02	0.0524273012712694
25.63	0.1149206845083133
27.76	0.0759592606041742
27.05	0.0752304994626393
33.57	0.0507874647532152
27.35	0.0716874169311308
33.78	0.0505304164202003
26.99	0.07559157821591
35.54	0.0523427256739262
36.64	0.0539778982658002
25.64	0.1111261928365574
34.91	0.0538908843163386
35.08	0.0661602382715172
31.62	0.065449326210031
27.74	0.0670713769956943
30.02	0.0535193241082476
27.23	0.0735382810727664
32.17	0.0515475053264827
35.91	0.0530071191572979
36.04	0.05248879285437
25.64	0.1125084567568013
32.5	0.0493768962057753
34.07	0.0510493952241411
25.69	0.1135422597889359
32.57	0.0583656968230725
32.85	0.0483497757336388
32.85	0.0584435558289757
32.38	0.0501402307118546
31.77	0.0609306996986943
33.97	0.0512493704923041
25.7	0.1097723928606033
31.94	0.0597605086383141
25.95	0.1048295880204829
33.21	0.0582729400004543
29.57	0.0634875813302272
36.52	0.0615700743077179
34.65	0.0505680007910262
36.75	0.053679673226118
29.45	0.0628725651255573
35.47	0.0590921383844057
27.51	0.0768726721992983
36.84	0.0557371329574346
33.65	0.0513167466704536
30.55	0.0524654221833305
31.5	0.0514214516474949
31.28	0.0633033561613442
26.32	0.0853226539600934
35.9	0.0607289581797113
32.61	0.0495319037240896
34.56	0.0578534196537625
27.32	0.0729342808518967
25.86	0.1078686865194005
37.71	0.0554567400885902
30.78	0.052854406198608
34.46	0.0652381037985151
31.34	0.0632909708656689
34.1	0.0505158527058696
28.46	0.0687424802245906
27.79	0.0757610646327623
33.85	0.0504762507945052
33.13	0.0580518159006515
35.2	0.0537246183956834
30.56	0.0634754244764155
31.1	0.0664274100470931
31.15	0.0673818873729808
31.54	0.0652284052842116
33.23	0.0496765120562957
31.76	0.0340853272205651
34.84	0.0594930468652657
32.01	0.0608317266021615
32.2	0.0584349313179235
32.74	0.0483797278665689
31.69	0.0388295134578703
30.54	0.0529104080546801
32.27	0.0503975468185302
33.33	0.0490518486645972
32.37	0.0503023793233784
34.35	0.0567407415155619
32.39	0.0590369191207983
32.23	0.0508578480961437
35.63	0.0603501518837364
31.07	0.0655732065974511
35.52	0.0601744450509461
30.9	0.0639624132287375
26.35	0.0890276839071094
32.38	0.0502639733731206
25.86	0.1112290947703742
37.6	0.0631182723069271
31.6	0.0431403901503038
28.14	0.0664815849130991
26.17	0.0966178282165637
31.89	0.0491685159125351
34.88	0.0500337131369374
26.06	0.1021423201857435
30.73	0.0515186195967954
27.87	0.0662419156041206
28.01	0.0665901796080038
33.71	0.0507824207138821
36.03	0.0539235212109141
29.14	0.0639579139672175
34.07	0.0649268409410583
35.87	0.0542013076630688
35.23	0.0533357579231702
33.7	0.0583072201844519
31.18	0.0650079300664934
30.72	0.0516966442296152
35.35	0.0540200160712981
39.06	0.0704919758936147
28.77	0.0677977617253955
34.27	0.0504053174112661
31.26	0.0666166457467024
34.6	0.0492245991261645
32.72	0.0578242986845958
34.17	0.0648606587724417
32.27	0.05097925212916
28.22	0.064785646176166
34.82	0.0578293736501079
33.27	0.0495953665503014
25.55	0.1144831134262171
35.32	0.0498561029287286
31.12	0.067564036613347
28.85	0.0675536718860512
26.28	0.089234433190723
31.05	0.0669142730982615
25.61	0.112822169945454
27.59	0.0756412162664486
31.97	0.0629164952694364
38.32	0.0705843244441161
27.46	0.0774091342671569
33.72	0.059968518758925
30.7	0.0522634880685619
27.33	0.0776930911138343
31.93	0.0607923497267759
35.21	0.052627398226875
33.78	0.0563101771380583
31.48	0.0552137047578005
26.54	0.0787954442896662
29.9	0.0550041356492969
31.22	0.0657410381932266
29.52	0.0626801795108033
25.57	0.114178796466995
32.96	0.0489647553544064
32.38	0.0580076570914584
31.86	0.0496359060402684
35.97	0.0527194208582813
25.92	0.1076916841517822
33.06	0.0583754026086757
31.97	0.0591827096077725
31.78	0.0621596135711948
28.06	0.0660230262889361
42.25	0.0679153305325335
27.37	0.0759277965325212
28.84	0.0668062252921499
30.94	0.0647251857429005
30.75	0.0634424246478363
37.76	0.0647828721220664
36.54	0.0562206120607311
33.36	0.0577299759286354
31.42	0.0633826309351718
35.51	0.0521531091961286
31.04	0.0674224807876833
29.84	0.0632314282486634
37.11	0.0627068460300855
34.77	0.0525711008712322
28.29	0.0667755694198819
31.97	0.0543211868262472
31.84	0.0497483994824217
36.54	0.0536055486445088
31.22	0.0638441331968803
31.41	0.0649425086499143
32.86	0.0573906093163314
26.7	0.075373292575129
28.58	0.0687066428647157
31.44	0.067012094967896
35.54	0.0523337134987411
29.44	0.063301490432682
31.96	0.0533406821499979
25.72	0.1136810318353976
31.31	0.064043468819709
29.67	0.0626394485330846
33.64	0.0498986139001812
35.67	0.0519698741129448
25.73	0.1119802311751596
28.66	0.0689646095349517
28.95	0.0666413580807288
27.19	0.0734894744638477
34.88	0.0654254040503373
36.95	0.0533575116297829
35.96	0.0535591049402482
27.83	0.076076241985432
35.7	0.0531520810740779
26.08	0.1020307551757657
34.2	0.0563519274279387
31.47	0.0670544669495209
35.07	0.0532053781609693
27.76	0.0755858785038164
27.88	0.0662430440055675
27.16	0.0726456048094436
35.95	0.0606958663690246
33.34	0.0593819195033319
25.73	0.107635394623403
33.87	0.0556007846355034
36.67	0.0531550226731227
35.4	0.0693208827176324
26.66	0.0773250013128183
29.93	0.0638852110724512
27.24	0.0735361761079553
25.99	0.1078500790672425
31.5	0.0646167919559139
26.66	0.0787334820490761
25.59	0.1137566425943589
33.0	0.0499662683521246
34.18	0.0503287591790032
33.85	0.0513408183783747
36.26	0.0530732163326173
36.96	0.0534163407612443
33.85	0.0575202243495035
25.75	0.1131186604488182
31.78	0.061904259805989
26.28	0.0880955895532617
33.31	0.0505709885418863
26.9	0.0776553965471632
31.63	0.049775836808493
26.32	0.0856497392017056
32.85	0.0498160454869341
31.79	0.0600391015731563
32.82	0.0495225926072756
31.91	0.0612673415823022
34.62	0.0573474186642333
30.47	0.0525368883834364
31.91	0.0590990724111754
36.96	0.0638888721196278
29.72	0.0626540015205503
30.1	0.0615048075798946
27.45	0.0765239319695709
26.18	0.0993881433492724
34.89	0.0526674423447281
27.9	0.0664040258338801
26.15	0.0994513626482052
25.73	0.112054805016929
32.34	0.0585689282729695
31.5	0.065679012345679
33.6	0.0508830834230622
28.33	0.067028393001406
31.29	0.0657493220584256
35.75	0.0612658819646884
27.8	0.0666266571217886
34.66	0.0583104157058344
26.29	0.0877268011436083
31.46	0.0558985377418855
42.5	0.0549971889284521
31.34	0.0663621105385088
26.82	0.081579281752446
31.95	0.059100562148657
30.24	0.0533624045952058
32.11	0.0518760600670169
35.79	0.0540081139093414
37.16	0.0696762025984508
26.08	0.103050184885668
34.81	0.0505981424333674
31.8	0.0620380935662248
31.92	0.0494444817884133
25.63	0.1137650751198774
34.32	0.0512484029684399
35.61	0.0543926383417628
36.39	0.0558999703055648
31.63	0.0562354066286716
27.83	0.0761764578697189
26.06	0.1022249082910511
29.02	0.0641129918663442
25.62	0.1146617026585934
34.25	0.0503255936328356
26.56	0.0788127950380769
34.32	0.0554817101889162
34.14	0.0567850546047828
36.23	0.0550154760430852
26.38	0.0837185360580635
33.32	0.0493141709994708
33.64	0.0507455295495845
25.56	0.1146246741501303
27.68	0.0756442859675198
33.81	0.0538032445710581
31.99	0.0583674663545933
31.73	0.0423535430641048
31.95	0.0490480391290354
26.62	0.0764491045621854
36.16	0.0532953109745592
32.27	0.0505634140493886
34.21	0.0505097665555026
26.16	0.0981206842226126
30.44	0.0624857260311515
35.09	0.0588199965056346
33.5	0.0586686147159572
31.34	0.0648278624616419
34.36	0.0570372573644435
29.96	0.0612533334708846
36.0	0.0533238386461693
40.11	0.0700608462533953
31.32	0.0651663961519779
36.7	0.0533266033425977
30.3	0.0520638632470637
31.79	0.0617520447696943
39.68	0.0704885568896799
32.78	0.0487827418142952
34.65	0.0501288888265313
31.8	0.0377704017397276
30.32	0.0623107844567971
34.91	0.0594551932279884
34.83	0.0659861701917737
26.34	0.0826236199074297
31.61	0.0496800334686541
27.03	0.0779380002177038
33.35	0.0573558297202132
25.86	0.10665620777247
28.91	0.0662250187714209
29.17	0.0639099020600766
29.78	0.0557543354582219
36.59	0.0617151734121053
26.73	0.0778525428829371
34.65	0.0498948170946928
25.5	0.1162761430352554
33.87	0.0568382627662045
31.18	0.0650372957595869
27.67	0.0760844547697309
37.18	0.0554251950008504
34.44	0.057304677157559
33.49	0.0491161376164227
31.77	0.0535941986212313
38.52	0.0569909281943519
37.64	0.0708193134330256
26.55	0.0772570099257092
31.94	0.0497457785342428
31.89	0.056222614237751
31.09	0.0662291199902011
29.2	0.0634026376682738
28.08	0.0652661696751786
27.91	0.0721227268968178
27.01	0.0769060976204058
37.35	0.0557521118377892
26.77	0.0799412535877064
26.09	0.1028231359154109
32.72	0.0480427475271893
32.44	0.0584589010195795
33.84	0.050607042451661
34.59	0.0574720325439488
36.26	0.0614509563374783
34.59	0.0511781248206508
29.96	0.0545878459687124
30.75	0.0636992089550171
30.24	0.0523041053947386
32.07	0.0576745413752144
26.04	0.1030722692930769
37.0	0.056644681278906
37.87	0.0553386704308112
34.51	0.0666895465110837
31.25	0.0642661036075338
31.84	0.059339295067021
31.58	0.0463841511522717
31.23	0.064474802519748
39.06	0.0540018522038394
25.93	0.1068406205923836
32.52	0.0490757153709799
32.6	0.0575927205974005
29.17	0.0655964549351938
34.9	0.0500655336684352
36.19	0.0607835106324097
34.33	0.0667384679403233
34.77	0.0586364807570682
31.5	0.0654741000877963
30.36	0.0631390334809679
26.86	0.0789750224660228
32.74	0.057423628203272
30.44	0.0529375569174727
36.25	0.0529000685236335
30.31	0.0530475388251457
27.71	0.0761768743710599
27.98	0.0661792634536486
37.01	0.0704225763488095
29.2	0.0633068017566881
27.1	0.0733261532938431
26.51	0.0831073524229749
28.83	0.0671033132497539
27.31	0.0776010560854376
32.87	0.0500702241354951
32.46	0.0496454124247486
38.27	0.0696228619832929
27.55	0.0766033387769914
36.57	0.0624144538735286
31.1	0.0653684071903601
27.74	0.0764506536457963
