31.21	0.152372210814052
26.96	0.2160591889439519
39.73	0.1678758417696115
27.98	0.1889265303797571
27.69	0.2147449204682642
26.84	0.2262665969089803
39.09	0.187206003251349
34.59	0.1503445955623952
34.11	0.1527192429022081
34.88	0.1677803023927739
32.6	0.1661919617871807
33.97	0.162175546945553
31.8	0.1721645897906256
33.95	0.1514164444100642
36.55	0.1556897745633607
31.78	0.1525052507333669
26.46	0.2260813711989243
31.5	0.1639276144234575
26.6	0.2268502718954964
29.61	0.1910445114381982
26.63	0.21780749271723
37.84	0.1615984078265873
26.98	0.2130353653259392
34.0	0.1598218703612073
31.33	0.1539436648103238
31.58	0.1632472243479681
27.33	0.2204358989435722
38.76	0.1756661463261751
34.14	0.1634520902448753
25.65	0.296410406885759
31.57	0.1764436843779828
30.13	0.1907244496278503
30.74	0.1532836008549516
38.17	0.1617814117460196
31.11	0.1508438463194601
30.29	0.1534883801744219
28.92	0.1935414972357082
27.9	0.2050062857684696
29.95	0.1593311229031873
31.19	0.1788203671345382
37.89	0.1612476837554045
30.17	0.1552592262391909
32.95	0.1499849124065565
31.89	0.1815046301135057
34.36	0.1497809298311611
30.86	0.191185490980363
37.41	0.1762922010135824
29.85	0.1592959914529313
31.97	0.1545225823188789
26.18	0.2379947980693332
26.42	0.2345739282364881
28.41	0.1930031657455598
31.92	0.1513130163008748
25.56	0.2975290067427763
33.52	0.150965313331037
28.3	0.1906232827668892
27.32	0.2200031412930634
35.92	0.1545327608193836
34.07	0.1645698071466358
33.46	0.1488267840770985
26.47	0.2321653189577718
37.58	0.1605427936458986
35.52	0.1610329239508741
33.15	0.1674494476741003
36.02	0.1692972496922881
32.59	0.1663424124513618
31.74	0.1749046497279712
31.86	0.1824694561155536
33.42	0.1521382740900601
25.9	0.2869408652197344
38.47	0.1635374248594144
30.08	0.1906936089259088
36.23	0.1702508960573477
33.42	0.1678918838642607
40.72	0.1707045900535293
30.26	0.1896776655373872
32.09	0.1576733210803137
38.78	0.1647223936456114
36.11	0.1692871557621716
26.46	0.2325580806866692
31.71	0.1571264055449572
38.87	0.1638038739672175
27.03	0.2095039841563792
26.89	0.2182459381166296
25.63	0.2981241724290128
36.29	0.1558154866549464
34.91	0.1682043624340035
27.11	0.2075672518769393
31.52	0.1525969264232384
27.52	0.2163072945204253
39.14	0.1670371969781786
30.94	0.1849623434938585
31.72	0.1651614573479772
30.57	0.1920626464368616
25.9	0.2823198161561372
31.89	0.1550984380651519
31.09	0.153055077596992
28.64	0.1951346308806242
33.16	0.1489538388278813
35.44	0.1523978361269411
31.71	0.1525260542599418
31.85	0.1809043172670248
35.86	0.1555973092544596
29.37	0.1905718776379103
29.15	0.1912649800266311
34.51	0.1495555608136352
33.81	0.1483862034088104
37.53	0.1589708303264519
35.56	0.1673245701919608
35.55	0.1669108253550165
33.73	0.146922488092538
31.84	0.1516115379606719
27.96	0.1887666426844942
26.07	0.2723730277693308
31.79	0.1604258443465492
29.42	0.190391520015526
27.57	0.2163157481383111
27.33	0.2005438441051184
31.55	0.1634874889963277
26.48	0.2323048407649728
29.55	0.189669414225206
33.46	0.1683150945640537
35.05	0.1593777976480495
34.11	0.1519767558654873
30.51	0.1525093968016199
36.18	0.1554515184137395
32.48	0.1547918464371859
33.09	0.1665013053383071
35.38	0.1517356910931431
26.39	0.2325983196532278
30.52	0.1906530741764908
27.62	0.2162969658999373
37.35	0.1604073871390076
31.59	0.163057215017252
32.79	0.1505335864935598
25.78	0.2996088258029706
30.99	0.1846656846991608
25.88	0.2803024975680649
26.42	0.238048234535181
32.66	0.152758654602675
25.95	0.2805990906047278
25.85	0.2934596759321447
26.6	0.224585731295892
40.39	0.1697984212906049
34.73	0.1501579313513537
28.31	0.1911344137273593
32.13	0.15663844446917
33.42	0.1708959763622143
34.94	0.1501745708466685
32.29	0.1505441184078656
32.45	0.1651095037170986
30.11	0.1902616037160134
35.51	0.1628351405999868
28.55	0.193774068951268
27.21	0.2055697261587524
32.02	0.1517584438321397
32.96	0.1675381719305584
30.72	0.1518236228166605
26.77	0.2277330585663539
26.23	0.2714278413324331
30.05	0.1570754304081568
26.11	0.2670295957491532
31.68	0.1525521893074002
36.3	0.1712773982313194
34.32	0.152057509055192
30.24	0.1550004013863535
27.22	0.2063173577806053
34.59	0.1535083770006981
34.45	0.1635570227964008
27.64	0.2151147896689298
27.4	0.2170160373784568
33.36	0.1508986600979541
33.98	0.1482678475191919
25.97	0.2844581354654057
31.32	0.1530470160927565
33.05	0.1495497683273917
27.84	0.206282984938356
31.86	0.1815196297954918
28.1	0.1922140717243809
32.06	0.1677057206734352
28.36	0.1943276484277507
25.63	0.2981049507878703
34.26	0.1506999944416115
36.07	0.1537945324417908
25.67	0.2969103359986457
31.71	0.1586210613854067
31.73	0.1594885259145187
38.12	0.1630013222404776
34.13	0.1485286343821188
30.7	0.1907494852095961
34.5	0.1533261472128118
38.8	0.1659067818456608
32.84	0.1509220762928239
32.08	0.1654882442784103
25.66	0.2984342328399493
29.66	0.1890561365297689
25.79	0.2853681601572399
26.87	0.2219955689280999
31.48	0.1772307853622732
25.65	0.2975976606549854
30.32	0.1925802946627081
33.54	0.1489425220972823
29.48	0.1915154075891927
31.26	0.1769163155302615
37.22	0.1601208259524628
31.07	0.1893805972945628
27.03	0.2166757861354296
31.05	0.1833551703285628
37.58	0.1611380696367716
32.4	0.1536469890320886
32.76	0.1515744810173929
35.45	0.161211125805213
31.86	0.1723585912486659
37.26	0.1741213225722468
33.51	0.1676870770243156
28.62	0.194279549811068
30.3	0.1548276226304713
36.02	0.1552746304825126
33.85	0.1527071923313618
31.96	0.1550128828689898
26.23	0.2489025577720193
30.81	0.1905701133838942
32.96	0.1502301352267456
32.52	0.153804042065175
33.44	0.1685924034471752
26.38	0.2415369657412306
32.74	0.1505056509085673
30.17	0.1546107949033051
27.2	0.1976624775111951
37.63	0.1604407656527576
27.33	0.2002658197076512
28.57	0.1960780956131864
32.22	0.1658818136356059
25.95	0.2820012581059418
26.63	0.2208066072890322
33.87	0.1506706631851211
32.93	0.1676675210545588
27.83	0.2128579094885413
27.82	0.1890612583353488
35.46	0.1609489223329115
25.76	0.2941945697482531
32.5	0.1498607012402748
32.27	0.1571125173087666
35.21	0.1576845088963437
36.68	0.163386620678393
36.5	0.1712941048450719
33.89	0.1479658038365966
35.78	0.1685738522263001
34.65	0.1511107474532586
38.01	0.1625228312347455
30.06	0.1573643853030093
25.81	0.2939350026347827
27.79	0.206651521851508
31.42	0.1531344049594032
38.88	0.1649038372482684
34.63	0.1529577196971208
28.21	0.1898033099289632
34.65	0.1552574360140406
26.02	0.272004488738659
37.16	0.1578577107921336
36.14	0.1622787447859908
27.49	0.2197809447399741
31.61	0.1537379067722075
25.58	0.2992909669127434
25.93	0.2751898412838569
33.51	0.1505044884819641
30.13	0.156866975024419
30.6	0.19032420673537
29.22	0.1911618258445401
27.19	0.2045960230882572
27.46	0.2181517366423026
26.14	0.2632554768295053
33.34	0.1686590221899112
32.86	0.167153280658056
31.29	0.1773413487615259
35.7	0.1530598325021233
33.8	0.1648246835826319
28.38	0.1921536758627453
33.13	0.1515046423664278
33.12	0.1522402749471499
36.86	0.1707393698093253
31.48	0.1950506612992402
31.73	0.1667452583045164
38.53	0.1754445187964534
33.98	0.1513950406269973
29.75	0.1613213278651054
31.49	0.1533113553443945
27.51	0.2163865709914148
29.94	0.1897956579594961
32.02	0.1508387363204625
25.63	0.2976221238540356
27.76	0.2140252796155603
27.05	0.2139279013928454
33.57	0.1516804211709098
27.35	0.1986648476098388
33.78	0.1475922691026279
26.99	0.2119744395581412
35.54	0.1519884474339242
36.64	0.1565867010991834
25.64	0.2978121610381777
34.91	0.1590388790957716
35.08	0.1562393192100705
31.62	0.1858032571273838
27.74	0.1895121667740879
30.02	0.1552754961956395
27.23	0.2063314296276764
32.17	0.1517555645257709
35.91	0.1533778553992101
36.04	0.1529247504025205
25.64	0.2990837820866553
32.5	0.1523731957291988
34.07	0.1478488003193163
25.69	0.2962952946076496
32.57	0.1670796506734006
32.85	0.1512592775575741
32.85	0.1681953924914676
32.38	0.1552606016968148
31.77	0.1789213028232657
33.97	0.1476024459249794
25.7	0.2942414937701987
31.94	0.1800723538841471
25.95	0.2800413888250172
33.21	0.1685586030899392
29.57	0.1909216333126238
36.52	0.1708295803286822
34.65	0.1515998463195147
36.75	0.1577102412396492
29.45	0.1900739974307254
35.47	0.1670647475815986
27.51	0.2167737219810401
36.84	0.1631006680142169
33.65	0.148786843658558
30.55	0.1526160115682923
31.5	0.1635749860175247
31.28	0.1763096221839905
26.32	0.2424953441146452
35.9	0.1700445302749372
32.61	0.1526054879100477
34.56	0.164905337950263
27.32	0.2010894308072178
25.86	0.2843165634226828
37.71	0.1628187199403188
30.78	0.1524723735326284
34.46	0.1548600587748304
31.34	0.1763138732732173
34.1	0.1519277817871485
28.46	0.1935416176299602
27.79	0.2129201336246498
33.85	0.1475217694979328
33.13	0.1665114778035838
35.2	0.1595801458227602
30.56	0.1918547832810687
31.1	0.1877399317352336
31.15	0.1905785161618539
31.54	0.1858575178649555
33.23	0.1494300988680021
31.76	0.1607590529247911
34.84	0.1700985696366758
32.01	0.1732480836996403
32.2	0.1645209069158026
32.74	0.1519132248943407
31.69	0.161794691803717
30.54	0.1520294950735349
32.27	0.148473388778929
33.33	0.1489950893535159
32.37	0.1487145163195401
34.35	0.1645900251487761
32.39	0.1683325761017719
32.23	0.1503214712829697
35.63	0.1680396854121066
31.07	0.1915122228538942
35.52	0.1666858825872315
30.9	0.1917907534437566
26.35	0.2481937343962215
32.38	0.1547949080622347
25.86	0.295386831217611
37.6	0.175988265706236
31.6	0.1633476458395025
28.14	0.190797844166198
26.17	0.2641428083182165
31.89	0.1570673873706983
34.88	0.1500352695556667
26.06	0.2746772739268121
30.73	0.1508052071104856
27.87	0.1877383653807874
28.01	0.1896559610194983
33.71	0.1479180865516121
36.03	0.1627016480551288
29.14	0.1903065160973557
34.07	0.1505931485975506
35.87	0.1625406435699069
35.23	0.1582551594746716
33.7	0.1714835196378339
31.18	0.1800316957210776
30.72	0.1525906109788679
35.35	0.159949721327073
39.06	0.1656596237964628
28.77	0.1957074998327423
34.27	0.1494915448208962
31.26	0.1864757906328504
34.6	0.1496695719842477
32.72	0.1654190106203173
34.17	0.1505328192548158
32.27	0.1502232562791572
28.22	0.1902833014858812
34.82	0.1687409827598789
33.27	0.1517198254181328
25.55	0.2976939999511728
35.32	0.1508854512050615
31.12	0.1904013788580188
28.85	0.1950149648650993
26.28	0.2480762522857716
31.05	0.1878261554518422
25.61	0.2971093687721311
27.59	0.2141295619117205
31.97	0.1814461118690314
38.32	0.1627985075229304
27.46	0.218543314313973
33.72	0.1728870178701382
30.7	0.1513090764954996
27.33	0.2199771570568102
31.93	0.1736173636520373
35.21	0.1517595917446265
33.78	0.1641724027898071
31.48	0.1531918161186287
26.54	0.2246528286973401
29.9	0.1606991634275023
31.22	0.192007117395648
29.52	0.1898989898989898
25.57	0.2982402699977895
32.96	0.1506857379386469
32.38	0.1659637928962405
31.86	0.1557389660807499
35.97	0.1548551748741098
25.92	0.2843958385674114
33.06	0.166450527012858
31.97	0.1702602188073969
31.78	0.176307233811975
28.06	0.1890291708345724
42.25	0.1683419848869768
27.37	0.2163003596992654
28.84	0.1953768490573698
30.94	0.1907828229197638
30.75	0.191193319069639
37.76	0.1752557319223985
36.54	0.161978281962982
33.36	0.1687105753607951
31.42	0.1798681142186462
35.51	0.1519487741174487
31.04	0.1924202256635736
29.84	0.1902916501409354
37.11	0.1733273971646064
34.77	0.1592672459784636
28.29	0.1909123478425088
31.97	0.1517303392631476
31.84	0.15636435250029
36.54	0.1553250324009214
31.22	0.1773497868371969
31.41	0.1843719463920173
32.86	0.1666338425179404
26.7	0.2164888298117036
28.58	0.1939463873601988
31.44	0.1950033371761422
35.54	0.1521553538147056
29.44	0.1914051285584685
31.96	0.1511480479319675
25.72	0.2985022924095771
31.31	0.1793388162603728
29.67	0.188871771093528
33.64	0.1517416282236776
35.67	0.1522909833787314
25.73	0.2974565778602673
28.66	0.1934740145377693
28.95	0.1952459658961645
27.19	0.2026342724051504
34.88	0.1559526261585993
36.95	0.157797245798096
35.96	0.1609467316365998
27.83	0.2138148146925952
35.7	0.1536930745064077
26.08	0.2771254096908495
34.2	0.1637197523047701
31.47	0.1939572405754424
35.07	0.1595147976667842
27.76	0.2133452541692515
27.88	0.1899949090324482
27.16	0.2016274549232522
35.95	0.1705119495763123
33.34	0.1704874979482409
25.73	0.2855732309380142
33.87	0.1639310769694988
36.67	0.1575842797049465
35.4	0.1616587327828682
26.66	0.2219428013903286
29.93	0.1900466372115856
27.24	0.2022782815400435
25.99	0.2824957976142601
31.5	0.1844400873071658
26.66	0.2259322953921703
25.59	0.2978077200664311
33.0	0.1503209380488482
34.18	0.1487346548912572
33.85	0.1518131009219762
36.26	0.1550874252548835
36.96	0.1562981302088581
33.85	0.1652883472212765
25.75	0.2969351535998893
31.78	0.172671655711494
26.28	0.2449750856758404
33.31	0.1510752802535576
26.9	0.2201079694264792
31.63	0.1626292044795078
26.32	0.2384386426093207
32.85	0.1515091629970532
31.79	0.1818726314413905
32.82	0.1501679525319559
31.91	0.1755206619340886
34.62	0.1666034591737057
30.47	0.1522828680705554
31.91	0.1758475434403985
36.96	0.1737421961072346
29.72	0.1911443281443524
30.1	0.1908681986520837
27.45	0.2164241171844996
26.18	0.2699077394012694
34.89	0.1595509990000405
27.9	0.1894869961474019
26.15	0.2702395897326317
25.73	0.2971643957281806
32.34	0.1672933415141932
31.5	0.185408560311284
33.6	0.1518621663049581
28.33	0.1913377314558155
31.29	0.187377999061056
35.75	0.1692292103835317
27.8	0.1908484386739044
34.66	0.1671410629767957
26.29	0.2476045995901877
31.46	0.1533860721832132
42.5	0.1594049633389734
31.34	0.1922125879772142
26.82	0.2323065045247245
31.95	0.1687150930713118
30.24	0.1554755997750734
32.11	0.1512638684533761
35.79	0.1613374949224215
37.16	0.1596141328241879
26.08	0.2777326706804179
34.81	0.1496078917394947
31.8	0.1779955649101706
31.92	0.1547819237236895
25.63	0.2973577235772357
34.32	0.1479860491155865
35.61	0.1601317822690267
36.39	0.1636699022997436
31.63	0.1525948164033715
27.83	0.2134978347637805
26.06	0.276641490096473
29.02	0.1932907701144346
25.62	0.2974177993446698
34.25	0.1527317820409949
26.56	0.224725919834338
34.32	0.1614040383350761
34.14	0.1655493094279281
36.23	0.1622120545597886
26.38	0.2356098554475917
33.32	0.1498141935869012
33.64	0.1527659486501013
25.56	0.2983007110685395
27.68	0.2138211163777476
33.81	0.1755577414088987
31.99	0.1657865144548987
31.73	0.1655385624282736
31.95	0.1563870688254724
26.62	0.2193830570902394
36.16	0.1552680420305081
32.27	0.1556117290192113
34.21	0.1528721715530925
26.16	0.2680149130907618
30.44	0.1903892044854602
35.09	0.1696437515487343
33.5	0.1693030483289427
31.34	0.1826723761728125
34.36	0.1647311645829584
29.96	0.1902566652103389
36.0	0.1540153324117129
40.11	0.1690238875929158
31.32	0.1933316670531232
36.7	0.1568440340169322
30.3	0.1523755726672257
31.79	0.1791898577612863
39.68	0.1674438525729391
32.78	0.1514162337969907
34.65	0.1508192586339945
31.8	0.1601565336082594
30.32	0.190673109807515
34.91	0.1692149077587909
34.83	0.1549749578784591
26.34	0.2360187745129557
31.61	0.1628753368376649
27.03	0.2153966998317604
33.35	0.1662445515026382
25.86	0.284293374848642
28.91	0.1909061009702351
29.17	0.1897078947813012
29.78	0.159476104034708
36.59	0.1713332004782782
26.73	0.2196686901744209
34.65	0.1504874678539899
25.5	0.2955680584345079
33.87	0.1654819559443836
31.18	0.1902327139951932
27.67	0.2145356718461961
37.18	0.1637731444366771
34.44	0.164996264940239
33.49	0.1491865150293077
31.77	0.1518770233649129
38.52	0.165186464484712
37.64	0.1608155095208924
26.55	0.2242005634359708
31.94	0.1548929852777434
31.89	0.1721185737976782
31.09	0.1820148870165391
29.2	0.1913484431000088
28.08	0.1905514333574964
27.91	0.2032719392620485
27.01	0.2164584442258332
37.35	0.1651814822864594
26.77	0.2259951935188933
26.09	0.276856005030392
32.72	0.150068422513982
32.44	0.1670549792349854
33.84	0.1513912870640672
34.59	0.1654286607371202
36.26	0.170563512465826
34.59	0.1489782101568191
29.96	0.1582904044761036
30.75	0.1902716688227684
30.24	0.1533913591766597
32.07	0.1727353671680959
26.04	0.2794181120159925
37.0	0.1643519050185069
37.87	0.162480106384115
34.51	0.1550229076104286
31.25	0.1921148077487099
31.84	0.1770804386396186
31.58	0.1628547607787306
31.23	0.1908210014692844
39.06	0.1600278453228299
25.93	0.2835574886626064
32.52	0.1534519069562185
32.6	0.1656590868115027
29.17	0.1913474134547886
34.9	0.149388994872771
36.19	0.1705881136737204
34.33	0.1519295666329444
34.77	0.1662216667613475
31.5	0.1849665514429426
30.36	0.1917736933586217
26.86	0.2258349916331238
32.74	0.1655556884079631
30.44	0.1537147114559207
36.25	0.155525238744884
30.31	0.1543832666871731
27.71	0.2132929345458597
27.98	0.1887760672562506
37.01	0.1589025532893609
29.2	0.1902494815768945
27.1	0.2087837671114572
26.51	0.2332073930358419
28.83	0.195641823644761
27.31	0.2206472166331321
32.87	0.1505198652778644
32.46	0.1533936957398832
38.27	0.163887108145396
27.55	0.2159391199898849
36.57	0.1708363434287302
31.1	0.1821641186482248
27.74	0.2144958785772056
