31.21	0.1227705905808338
26.96	0.1789561299103402
39.73	0.1535618370266404
27.98	0.1584489802470523
27.69	0.2045274499051866
26.84	0.186255002039399
39.09	0.1543765188844155
34.59	0.1235177648223518
34.11	0.1226959545023352
34.88	0.1380466528854626
32.6	0.1363224043715847
33.97	0.134154263281272
31.8	0.1387702024893182
33.95	0.1217128150235332
36.55	0.1272569893437907
31.78	0.1222317888091378
26.46	0.1886987254275016
31.5	0.1343581695902957
26.6	0.1899161180640078
29.61	0.1557439627114557
26.63	0.1828335728957642
37.84	0.15254731231715
26.98	0.1775068043374951
34.0	0.1320592903589166
31.33	0.1225927923000355
31.58	0.133394745607461
27.33	0.2009877247685232
38.76	0.1459291648970851
34.14	0.1353088959664497
25.65	0.2639720795542995
31.57	0.1773487743316845
30.13	0.1533347312218398
30.74	0.1238376896069027
38.17	0.1460724605690893
31.11	0.1215813320498564
30.29	0.1245718546541615
28.92	0.1559837254896701
27.9	0.2088746489795438
29.95	0.1295256221121193
31.19	0.1627568619116901
37.89	0.1439727778295059
30.17	0.1260439522528117
32.95	0.1223733886789411
31.89	0.147616913192888
34.36	0.1223805481518976
30.86	0.155196348451868
37.41	0.1449354268385495
29.85	0.1300031441048035
31.97	0.1257655597773091
26.18	0.1994079396806922
26.42	0.1970453735448992
28.41	0.1599186204117011
31.92	0.1216709785420788
25.56	0.2630885510267992
33.52	0.1208591845421595
28.3	0.158646405909599
27.32	0.2009601393175968
35.92	0.1276031800181419
34.07	0.1357122958951777
33.46	0.1214271303860186
26.47	0.1943821832228528
37.58	0.145937636879034
35.52	0.1298526043933308
33.15	0.1377092690894242
36.02	0.1395808317869228
32.59	0.1358999169757677
31.74	0.1392623945079619
31.86	0.14859287054409
33.42	0.1210636335690132
25.9	0.2439205594006591
38.47	0.1558126231074764
30.08	0.1535277026042824
36.23	0.1397807338445318
33.42	0.1359522342794863
40.72	0.151447825629146
30.26	0.1537413290013627
32.09	0.1267799408406136
38.78	0.1551390645686808
36.11	0.1396087288861302
26.46	0.1940316187975379
31.71	0.1251442564809862
38.87	0.1482684804226699
27.03	0.1739562411862741
26.89	0.1811074776304368
25.63	0.2660825521802273
36.29	0.1279757825915207
34.91	0.1397466875547648
27.11	0.173514594971881
31.52	0.1230538521126288
27.52	0.201494630071599
39.14	0.1518764373383652
30.94	0.1549851336777314
31.72	0.1286406681082693
30.57	0.1542865222042303
25.9	0.2423285768405101
31.89	0.1217585248244773
31.09	0.1225149295101394
28.64	0.158700077209237
33.16	0.1213322362005524
35.44	0.1256242118161247
31.71	0.1218808252790464
31.85	0.1458521235443849
35.86	0.1273316760252421
29.37	0.1561556172733848
29.15	0.1557639947723807
34.51	0.1216939199987566
33.81	0.1206085777229872
37.53	0.1530970134375373
35.56	0.1341449024543738
35.55	0.138498314874757
33.73	0.1150826291781948
31.84	0.1210294955199217
27.96	0.1571507495511192
26.07	0.2321624371889026
31.79	0.1232754625503547
29.42	0.1561847392899634
27.57	0.2014330830651888
27.33	0.1670735744434329
31.55	0.1345738918274264
26.48	0.1925656750302208
29.55	0.1561768116601105
33.46	0.1389543635281625
35.05	0.1281074129139948
34.11	0.1228327769251459
30.51	0.1244460782522924
36.18	0.1279678858392967
32.48	0.12594735708903
33.09	0.1369260871961638
35.38	0.1246871103527801
26.39	0.1939635830599404
30.52	0.1534646024349917
27.62	0.2013468770438194
37.35	0.1429973821989529
31.59	0.1317953101960491
32.79	0.1207416504374618
25.78	0.2631499425854671
30.99	0.1547567908328637
25.88	0.240461123989725
26.42	0.2004018804974218
32.66	0.1228496634255796
25.95	0.240005779656166
25.85	0.2626698601574576
26.6	0.1867013347869502
40.39	0.1545649195075194
34.73	0.1227333010722847
28.31	0.1583864918644928
32.13	0.1269279755329497
33.42	0.1366524383333963
34.94	0.1219605771472587
32.29	0.1205755137715425
32.45	0.1356451327041517
30.11	0.1533741559894883
35.51	0.1418812340254009
28.55	0.1597107143555765
27.21	0.1693361730653006
32.02	0.1208886076912172
32.96	0.1375780015203802
30.72	0.1233667936165609
26.77	0.1880514389467897
26.23	0.2332752421773193
30.05	0.1278046477201669
26.11	0.2269291228469987
31.68	0.1223441379053407
36.3	0.1410934792471807
34.32	0.1230418775938471
30.24	0.1264706662346632
27.22	0.1719585170041951
34.59	0.1235610990977815
34.45	0.1356913370182094
27.64	0.2029025288439482
27.4	0.200467909679841
33.36	0.1208997103548153
33.98	0.1180657659447645
25.97	0.2424847210264083
31.32	0.1222424030736989
33.05	0.1214202065367826
27.84	0.2104299748497479
31.86	0.1490519016144761
28.1	0.1582502455630458
32.06	0.1353084554643574
28.36	0.1595241436815296
25.63	0.2649994379029381
34.26	0.1282211538461538
36.07	0.1255665850027703
25.67	0.2638773339240317
31.71	0.129861669140914
31.73	0.1246300479578647
38.12	0.1537117960956642
34.13	0.1215602595742934
30.7	0.1543184200006482
34.5	0.1238373821137836
38.8	0.1561833126090498
32.84	0.1229743936257603
32.08	0.1368198037466547
25.66	0.2642828717713138
29.66	0.1561453704267364
25.79	0.2437997234344413
26.87	0.1817859858832057
31.48	0.2067697933640877
25.65	0.2637785357644889
30.32	0.1537722499830302
33.54	0.1180617178673615
29.48	0.1563338901361396
31.26	0.1725504764087749
37.22	0.1464641658161674
31.07	0.1548886198367365
27.03	0.1787563640710494
31.05	0.1562302340290955
37.58	0.1430263427278741
32.4	0.1241315584553616
32.76	0.1227187637438023
35.45	0.1293321647103152
31.86	0.138221106710067
37.26	0.1434096092487707
33.51	0.1383834538764116
28.62	0.1593328531683825
30.3	0.1255239056372154
36.02	0.12672099310398
33.85	0.1218904971708154
31.96	0.1252744067305296
26.23	0.2095716709624775
30.81	0.1543962379388637
32.96	0.1222188014994838
32.52	0.1242851609194923
33.44	0.1359714550659194
26.38	0.2040453128067576
32.74	0.120915120272772
30.17	0.1255577446633807
27.2	0.1657063679032287
37.63	0.1443433643918408
27.33	0.1660116791101434
28.57	0.1600293733953809
32.22	0.1367132763768587
25.95	0.2416653288382297
26.63	0.1862687096256517
33.87	0.1283851378626463
32.93	0.1369407890840607
27.83	0.2097660193331356
27.82	0.158425653079954
35.46	0.1290003199107531
25.76	0.2643217064858855
32.5	0.1194348782208207
32.27	0.1262231905595506
35.21	0.1356668626022228
36.68	0.1320391941234153
36.5	0.1415789502734985
33.89	0.1196999643484841
35.78	0.138216360774847
34.65	0.1224515585509688
38.01	0.1536194650143569
30.06	0.1284814132211287
25.81	0.2633760740015216
27.79	0.2084803779628064
31.42	0.1229050541008946
38.88	0.1546236197411643
34.63	0.1235810489030892
28.21	0.1581694801974861
34.65	0.1323516693148037
26.02	0.231574440870928
37.16	0.1431122625900349
36.14	0.1305640497445993
27.49	0.2010699192476339
31.61	0.1227150352874122
25.58	0.2644204261780017
25.93	0.2341577065731157
33.51	0.1229016565848005
30.13	0.1281212984897838
30.6	0.1522280660508193
29.22	0.157029149754889
27.19	0.1685720437335237
27.46	0.2004368641728661
26.14	0.2230644135270458
33.34	0.1354167491115736
32.86	0.1380604689428219
31.29	0.1616893801266994
35.7	0.1254855788225997
33.8	0.1320036495258607
28.38	0.1587884400919575
33.13	0.1208134140633831
33.12	0.1211623480877396
36.86	0.1414165235930042
31.48	0.1599900516956529
31.73	0.1245146950806536
38.53	0.1464250441444946
33.98	0.1285001784362025
29.75	0.131008064516129
31.49	0.122734167762211
27.51	0.2026391773150486
29.94	0.1558848725172435
32.02	0.1208944202735262
25.63	0.2628308456764786
27.76	0.2054191957569265
27.05	0.1766229574339318
33.57	0.1209167217995368
27.35	0.1648760737085725
33.78	0.1186323009950791
26.99	0.1762554406453101
35.54	0.1242050883703083
36.64	0.1300155520995334
25.64	0.2635547499530813
34.91	0.1277294600378968
35.08	0.1326222038111019
31.62	0.1523994316532473
27.74	0.1590622445862068
30.02	0.1267942489670413
27.23	0.1712450020243289
32.17	0.1212094824990437
35.91	0.1256298378267633
36.04	0.125621788093609
25.64	0.2644725146958828
32.5	0.1241832438620262
34.07	0.1201332797762216
25.69	0.264470997244626
32.57	0.1373851479736588
32.85	0.1225485594627771
32.85	0.1364607760877204
32.38	0.1273353064636144
31.77	0.1437324684431977
33.97	0.1210391129647525
25.7	0.2614730072128304
31.94	0.1491700314042171
25.95	0.2403093382103376
33.21	0.1381290170873177
29.57	0.1568227702782945
36.52	0.1408397303104067
34.65	0.123709663127016
36.75	0.1300310459994614
29.45	0.1563902862685826
35.47	0.1381024885804857
27.51	0.2003714351869717
36.84	0.1323756282865816
33.65	0.1205770460896205
30.55	0.1244735468845779
31.5	0.1343062009660949
31.28	0.1749260515256427
26.32	0.2038242878239511
35.9	0.1398827973910233
32.61	0.1237424998179227
34.56	0.1357225974199511
27.32	0.1668225553057284
25.86	0.2440396948466079
37.71	0.1347577866092766
30.78	0.1238357828252156
34.46	0.1307961824350704
31.34	0.1713571783564604
34.1	0.1216397873601408
28.46	0.1592818786922784
27.79	0.2091778151058851
33.85	0.1203903206433062
33.13	0.137553452395925
35.2	0.1291538001390393
30.56	0.1540307380403047
31.1	0.1551274166587819
31.15	0.157460164908507
31.54	0.1529645896239363
33.23	0.1218418467836076
31.76	0.1217178108193609
34.84	0.1400650081791336
32.01	0.1411024459411556
32.2	0.1355448653283567
32.74	0.1229516675925748
31.69	0.1288117261989469
30.54	0.1237916618451911
32.27	0.1199095930619146
33.33	0.1219793673076295
32.37	0.1200792542048173
34.35	0.1348228275280221
32.39	0.1364164939008275
32.23	0.1206571919660957
35.63	0.1384865996052412
31.07	0.1562651441303439
35.52	0.1381184529477967
30.9	0.154407427635172
26.35	0.2105158123357471
32.38	0.1268048427189327
25.86	0.2622576075357839
37.6	0.1446337218809129
31.6	0.128483431179712
28.14	0.1575907634881842
26.17	0.2250564357301164
31.89	0.1267183696080003
34.88	0.1214828231160947
26.06	0.2340218789875229
30.73	0.1234037600141281
27.87	0.1581572992557519
28.01	0.1584220463157447
33.71	0.1192826273670434
36.03	0.1309418995220642
29.14	0.1552895609265074
34.07	0.1285836328145507
35.87	0.1303124466615744
35.23	0.1283800011261403
33.7	0.1386322359603137
31.18	0.1792055288223528
30.72	0.1240467930672533
35.35	0.1284079529997395
39.06	0.147899860059269
28.77	0.1571948040973584
34.27	0.1204371833597033
31.26	0.1550491266375546
34.6	0.12295005901165
32.72	0.1355250330112423
34.17	0.1280590234277526
32.27	0.1210003334444815
28.22	0.1580151225201709
34.82	0.1381413567730921
33.27	0.1210763191265767
25.55	0.2645198359427335
35.32	0.1200047608342039
31.12	0.1578696551141036
28.85	0.1571832020634088
26.28	0.2118975575888832
31.05	0.1553480308134838
25.61	0.2645226890798394
27.59	0.20348971150322
31.97	0.1479986134051099
38.32	0.1541481651174919
27.46	0.2009397540903493
33.72	0.1412258601922497
30.7	0.1236721468858754
27.33	0.2005324863531546
31.93	0.1409859336688605
35.21	0.1222341896965211
33.78	0.1353823577368335
31.48	0.1218646049634094
26.54	0.1894841511622805
29.9	0.1304017761477687
31.22	0.1568146935142444
29.52	0.1558280805568657
25.57	0.2632024289482853
32.96	0.1225963592855311
32.38	0.1377282222403082
31.86	0.1263769646498223
35.97	0.1262313105750325
25.92	0.2419639176614013
33.06	0.1367697990592394
31.97	0.1364866520397821
31.78	0.1438508839354342
28.06	0.1574938882134962
42.25	0.1560789137916134
27.37	0.2013309313830932
28.84	0.1571923936766197
30.94	0.154786576148201
30.75	0.1541771748150431
37.76	0.1452876650996194
36.54	0.1324628842613159
33.36	0.1385420113671328
31.42	0.1505274074823565
35.51	0.1237152949030274
31.04	0.157669984420281
29.84	0.1560414741812955
37.11	0.1433033673624866
34.77	0.1274005084057847
28.29	0.1589248726226765
31.97	0.1214296924578127
31.84	0.1266291876454308
36.54	0.1288795752814908
31.22	0.1771616763634643
31.41	0.1517625943635342
32.86	0.1360003362777654
26.7	0.1822125452913605
28.58	0.159040208174536
31.44	0.1588970725123336
35.54	0.1242966816293996
29.44	0.1561852994849071
31.96	0.120782171516968
25.72	0.2643433977435734
31.31	0.1512736074368018
29.67	0.1557259237707303
33.64	0.1214396911389252
35.67	0.1241124817912333
25.73	0.2652034761268108
28.66	0.1588069349739867
28.95	0.1571520997371804
27.19	0.1687635096850013
34.88	0.1330379891748556
36.95	0.130021167447362
35.96	0.1304710332412597
27.83	0.2076370873218896
35.7	0.1262799095238309
26.08	0.2345553110407385
34.2	0.1341133717924859
31.47	0.1595695856926121
35.07	0.1278651626280798
27.76	0.2070963896251649
27.88	0.1584661822365053
27.16	0.1676170251812235
35.95	0.1391855720324556
33.34	0.1368809661937661
25.73	0.2428403029499307
33.87	0.13272921108742
36.67	0.1298127913573243
35.4	0.1382194902576673
26.66	0.1857586172378124
29.93	0.156097878355918
27.24	0.1681174835821751
25.99	0.2419185396642191
31.5	0.1516559284822569
26.66	0.1885684593400883
25.59	0.2644338869475309
33.0	0.1205535053006675
34.18	0.1204117415215061
33.85	0.1220699044623365
36.26	0.1277654867256637
36.96	0.1294612169066419
33.85	0.1335380724893001
25.75	0.2649553493258623
31.78	0.138521432923366
26.28	0.20703095874139
33.31	0.1214392769892537
26.9	0.1835175923609258
31.63	0.1324636925102235
26.32	0.2001008805503313
32.85	0.1207223911824676
31.79	0.1489181162494696
32.82	0.1203490783053609
31.91	0.1429239748711627
34.62	0.1357334766254701
30.47	0.1238282307853159
31.91	0.1417449356313484
36.96	0.1427403447585832
29.72	0.1563786008230452
30.1	0.1546929565765715
27.45	0.200653847753278
26.18	0.2301144205279905
34.89	0.1276484685888117
27.9	0.1580307744139648
26.15	0.2304787203626401
25.73	0.2645086216016079
32.34	0.1375412250316317
31.5	0.1526383172683764
33.6	0.121628488215975
28.33	0.158620350754581
31.29	0.1545452886872544
35.75	0.1366747809475799
27.8	0.158381312629962
34.66	0.1377556878762528
26.29	0.2102091429542697
31.46	0.1223418582309598
42.5	0.1303120018831758
31.34	0.1583700812896311
26.82	0.191700956405694
31.95	0.1362802335279399
30.24	0.1273358152561996
32.11	0.1209465807120412
35.79	0.1303940333733891
37.16	0.1520141550407262
26.08	0.2373747174566037
34.81	0.1210277060817442
31.8	0.1435814360770577
31.92	0.1257810261693295
25.63	0.2651782055540873
34.32	0.1202230147736318
35.61	0.1294440621696968
36.39	0.1319385853525891
31.63	0.1223999271850387
27.83	0.208617468051742
26.06	0.2366905871111123
29.02	0.1557574498733514
25.62	0.2645831536271888
34.25	0.1232727486442197
26.56	0.1873898935951089
34.32	0.1307020938131476
34.14	0.1355495238490904
36.23	0.1313515121467526
26.38	0.1985710430679448
33.32	0.1226626408225116
33.64	0.1216108342233946
25.56	0.2636909590942256
27.68	0.2062787871422495
33.81	0.1420525155341751
31.99	0.1360261152208025
31.73	0.1279762729716994
31.95	0.1258859407964188
26.62	0.1843604731221599
36.16	0.126768273160118
32.27	0.1259984870176351
34.21	0.1228419826582114
26.16	0.2268200655656584
30.44	0.15306759932351
35.09	0.1395364102779542
33.5	0.1383615377322715
31.34	0.1509456635667505
34.36	0.1350684684970807
29.96	0.1533122269264609
36.0	0.1266591803464393
40.11	0.1538671079429735
31.32	0.158568188245615
36.7	0.1294997759639325
30.3	0.1246914950588859
31.79	0.1476704617065075
39.68	0.1484400874345896
32.78	0.1231823487186712
34.65	0.1236312140216651
31.8	0.1211610646647329
30.32	0.1527819935691318
34.91	0.1394260081874401
34.83	0.1328156936676109
26.34	0.1970736465615347
31.61	0.1315580084308181
27.03	0.1785809862867059
33.35	0.1348674985978687
25.86	0.2422146827402007
28.91	0.1575582744607015
29.17	0.1559144524083674
29.78	0.1307924401205483
36.59	0.1424092883338121
26.73	0.1854880907155604
34.65	0.1228861393750961
25.5	0.2639743540480752
33.87	0.1352120694563051
31.18	0.1551514880336478
27.67	0.2025965064286045
37.18	0.1335071442379674
34.44	0.1357880174523784
33.49	0.1216479081282376
31.77	0.1215403711147677
38.52	0.1346607987265321
37.64	0.1438736209935374
26.55	0.1872355225784013
31.94	0.1235658139622815
31.89	0.1405911606641533
31.09	0.1544859730155097
29.2	0.1567271209906292
28.08	0.1574166298263088
27.91	0.2079608934443331
27.01	0.1804202722094186
37.35	0.13381286243289
26.77	0.1880642299944457
26.09	0.2359734175836148
32.72	0.1226902804212905
32.44	0.1362981086777975
33.84	0.1217758377187164
34.59	0.1353740809905954
36.26	0.1403086251935556
34.59	0.121767561376184
29.96	0.1281765074916284
30.75	0.1541802068738262
30.24	0.1249229017357992
32.07	0.1369126723959717
26.04	0.23907614619407
37.0	0.1326157255079378
37.87	0.1341521906673835
34.51	0.1331228064078952
31.25	0.1562455996079778
31.84	0.142397038975911
31.58	0.127808041383866
31.23	0.1560559661454252
39.06	0.1309876558165453
25.93	0.2426782500487002
32.52	0.1251389476141187
32.6	0.1365607459966222
29.17	0.1562589554619531
34.9	0.1222646470711218
36.19	0.1399532119372787
34.33	0.1292091115780509
34.77	0.136419481734465
31.5	0.1526569363752302
30.36	0.1539226763288788
26.86	0.1850423695016598
32.74	0.1356284901485618
30.44	0.1248827722835844
36.25	0.1281802356152355
30.31	0.1259314563714746
27.71	0.2058631996270077
27.98	0.1581952659613586
37.01	0.1513530114642468
29.2	0.1563195014654783
27.1	0.1729376322030639
26.51	0.196554666719897
28.83	0.1576003474686695
27.31	0.201294290278115
32.87	0.1209232967360358
32.46	0.1241326433950646
38.27	0.1572752967229355
27.55	0.202527180666004
36.57	0.1418902900235947
31.1	0.1685825242718446
27.74	0.2042506861398219
