40.9	0.1412048792412026
44.3	0.2019232594014417
31.5	0.1580615672880959
41.9	0.1794278307564114
46.5	0.2124762243239152
43.7	0.2118441741544104
31.5	0.1729372366986253
34.8	0.1408498135004488
38.4	0.1411057197173063
36.4	0.1569037200913266
38.4	0.1556051250552269
33.8	0.1525661005309173
30.4	0.1565238793868962
39.5	0.1407559235512948
33.1	0.1444740062789336
40.0	0.1407946113914532
45.4	0.212584479142391
34.3	0.1539581154340553
45.5	0.2147461121857815
37.4	0.1782868125878539
44.3	0.2057902432159749
31.8	0.1516769783383341
44.1	0.200676589621126
35.7	0.1505022308114427
40.9	0.1411930763929385
33.6	0.1523990513572013
43.7	0.2174811460224189
31.7	0.1629654697583233
36.5	0.1524308005394846
41.0	0.2887263195387458
31.5	0.1728917030005521
36.8	0.1755876637782866
40.5	0.1422434675993384
32.0	0.1514359911315486
40.8	0.140344922403458
40.4	0.1430594858878435
39.9	0.1793120260166783
47.0	0.204345491971028
40.5	0.1481036603430368
34.7	0.1731715335525043
31.9	0.1501799735655662
40.9	0.1450998887132802
34.5	0.1404892961852514
29.4	0.1660687848764377
34.5	0.1400795563832312
34.6	0.1769177338953311
32.9	0.1627808080922627
39.5	0.14927754563831
33.9	0.1445408309192329
44.5	0.2227753341870434
44.3	0.2215775537813877
40.4	0.1817000259942812
39.8	0.1398159318918351
41.2	0.2896147134524685
39.6	0.1399828471585945
41.0	0.180352861952862
43.9	0.2165604500311503
33.0	0.1451401029949771
36.8	0.1537386376602137
35.4	0.1392746660780858
44.8	0.219360823598808
31.1	0.149929375123739
35.7	0.1475985445724681
36.3	0.1568228699908261
34.4	0.1578044867580149
38.2	0.1555885343991675
28.8	0.157281211923275
29.4	0.1669259324730422
39.5	0.1399691928395784
43.9	0.2704588275723139
31.5	0.1542882822838796
36.6	0.1758910173242768
33.7	0.1579306821841442
34.8	0.1542903925299818
31.5	0.1599814762040467
37.0	0.1744863890225919
34.0	0.1449733483643704
31.2	0.1551689360383215
34.1	0.1568244600006656
45.1	0.2192178843092602
32.6	0.1440373143799974
31.5	0.1535503362518335
44.1	0.1972144310546284
44.9	0.2047977535455956
42.9	0.2927387975398518
33.2	0.1454386675318212
36.4	0.1580930477546401
44.3	0.1965408888912599
40.1	0.1411871069619514
44.3	0.2145266422406103
31.2	0.15658849794855
32.5	0.174710475445164
30.4	0.1505111409670536
35.3	0.1752945652087162
44.0	0.2682848573221074
32.6	0.1406125974693
40.6	0.1414733142247421
40.3	0.1816446640360388
35.4	0.1389570225018662
34.1	0.1428217977669614
39.8	0.1403517587939698
29.0	0.1646534526620179
33.2	0.1442776333845055
37.4	0.1781420583880306
38.9	0.1781172422803884
35.1	0.1392805103511667
35.9	0.1384143337390598
32.2	0.1490150619637749
32.1	0.1529054816568923
32.8	0.1562869945504887
34.0	0.133083080019857
39.4	0.1400598690108121
42.1	0.178988367781147
42.9	0.2597255511365133
31.8	0.1445624239145137
37.1	0.1789240032185566
44.6	0.2148347483063202
43.0	0.1888154110068255
34.6	0.1543644971942464
45.0	0.2176314653843782
37.6	0.1784139150439756
35.7	0.1573208989765655
37.1	0.1460534249747665
38.6	0.140909014686302
40.5	0.1425589086399338
33.1	0.1455095717731911
35.2	0.1448772507018077
37.7	0.1557301343818865
33.7	0.1419751639563283
44.9	0.2189749607784753
36.1	0.175375696086658
44.3	0.2143365397512131
31.4	0.1493422849222747
31.5	0.1512662223515935
39.2	0.1392096874900677
42.6	0.2910838740687335
33.4	0.1749779358962411
43.7	0.2668584848260842
44.9	0.225543395265971
34.8	0.1419778570088196
43.9	0.2661636793108239
44.1	0.2890696206969081
44.5	0.2105766059406709
31.3	0.159609459829271
33.5	0.1398682420620371
40.9	0.1804404515735426
35.2	0.1455814350727785
33.0	0.1550722280543521
33.3	0.1393701316644386
38.3	0.1388380157883658
38.5	0.154779389683922
36.5	0.1761819045476136
26.4	0.1542101739083226
40.4	0.1817873881077719
44.5	0.193576230304667
39.2	0.1393239022977808
38.7	0.156875408676264
40.4	0.1411758056947522
44.0	0.2128692141088251
43.0	0.2602924085534617
41.3	0.1463510848126232
43.5	0.2533274213748415
39.7	0.1404565926386084
33.5	0.1589869911565237
38.4	0.1417461377236345
41.1	0.1448980669331013
44.4	0.1955751078460684
38.4	0.1419295620880676
35.5	0.1530811758360302
46.1	0.2139872145749805
44.6	0.2154492219521408
39.5	0.1396816220125397
35.8	0.1360858899927736
43.7	0.2710247329833454
40.5	0.1409710134837197
35.1	0.1388861794717887
46.8	0.208224785389944
30.3	0.1660845500524859
40.8	0.1807996666942641
37.1	0.1540587588565844
40.3	0.1821279560615421
42.5	0.2924249096504845
33.7	0.1413278614742079
33.8	0.1426930298230254
42.7	0.2918780475791755
33.0	0.1490911370568037
32.5	0.1433393040118266
31.6	0.1542931673384475
35.4	0.139225546298218
35.4	0.1755988467652844
38.6	0.1419649594577908
31.1	0.1566404557610043
34.3	0.1415712455045264
36.5	0.1548244860562331
41.8	0.2908722694823237
37.5	0.1778896707918789
44.0	0.2696482421053573
44.9	0.2066244453297797
30.2	0.1908024654419244
42.6	0.2909370191918373
36.7	0.1744128675745017
35.2	0.1358747519108145
37.1	0.179395013289457
33.4	0.1722857312710474
31.4	0.1498838892897114
33.1	0.1739824191936979
44.5	0.2037583475694983
33.0	0.1753518430743428
31.5	0.1498148379311779
35.2	0.1426572065153907
34.9	0.1416729031686457
36.4	0.146699758337796
29.3	0.1563325116673324
33.3	0.1620630125161847
36.5	0.1566539853161132
40.3	0.1815985995702206
41.0	0.1449467066815538
33.3	0.1438731030814487
39.0	0.1405186588132453
34.6	0.1439795488782823
44.0	0.2355445266994071
35.5	0.1770841616601451
34.8	0.1396718395967369
35.1	0.1426884006614694
36.3	0.1555413331295493
45.0	0.2287645898720772
39.3	0.1386479515757821
40.7	0.1443596304809819
42.6	0.1879085304777935
31.7	0.1490578265957679
42.5	0.1883367346675507
40.1	0.18199173553719
38.3	0.1555623897502553
43.9	0.2674861646539549
44.3	0.2101898409687738
35.1	0.1417350476106893
35.5	0.1557832601077615
47.1	0.2119722588464464
42.4	0.1799040953862104
36.1	0.1473526755157019
43.5	0.2910575258275715
39.0	0.138657194664547
35.3	0.1449280187095176
29.5	0.1480346058328503
35.1	0.1503444619140373
33.0	0.1589652743687704
34.3	0.1362466290757538
33.2	0.1556330472103004
33.1	0.140094496167406
31.8	0.152847119201315
40.6	0.1476829189448795
44.0	0.2889530832003237
47.1	0.2067575905130306
40.5	0.1413429971294667
31.1	0.1561416082604818
38.3	0.1413458970430962
41.2	0.1789101074741051
32.0	0.1447969696467193
43.2	0.259073742794673
32.2	0.147514590797307
34.7	0.1483246720403489
44.3	0.2168590736052166
39.9	0.1413329693471648
41.2	0.2896934545716168
43.6	0.2608508499409132
34.8	0.1401104885018062
40.6	0.1472211192862642
35.4	0.1748770102440741
37.1	0.1786701952436185
44.5	0.1909718478389501
44.6	0.2155574103381244
44.3	0.2481874726102701
32.9	0.1535459367937057
38.9	0.1564422086963015
31.7	0.1712614313888233
33.9	0.1425515737207368
32.8	0.1493139802031219
40.5	0.1809006802721088
39.5	0.1397398267813923
39.5	0.1404548123733212
33.4	0.1594839401341317
32.4	0.1809718866122305
30.0	0.1492255444693905
32.3	0.1636242947228675
34.5	0.1411270472305763
39.7	0.1501872102802481
40.5	0.1412444168596983
45.1	0.2149244758142584
37.0	0.179291782865296
39.5	0.1398192548874954
41.5	0.290339705650145
46.5	0.2132946221248273
43.9	0.2005566077639509
39.5	0.1398110538972156
42.6	0.1868250092029469
33.7	0.1354848671124281
44.2	0.1992746820027789
33.6	0.1419717639149555
32.2	0.1475862324777282
42.8	0.2898234316179702
37.2	0.1460389423202913
30.4	0.1459233465376465
30.4	0.1716985727147938
42.1	0.1805125396829497
41.5	0.1456584692380705
44.5	0.1930174985270377
38.7	0.1397074029259707
33.5	0.1428183966833275
33.9	0.1424143100337932
43.2	0.2920679284260412
34.8	0.1423729008203404
35.6	0.1383574201439251
42.3	0.2898141942701544
38.4	0.1563350414360385
34.5	0.1406265300571221
39.1	0.1551154070728601
35.5	0.1455971891519038
29.0	0.1626019589216104
35.3	0.1385335812932532
43.8	0.2878125960411141
29.4	0.1671212839974699
44.0	0.2661876343604442
34.9	0.1569739442350167
37.4	0.179036436239409
33.0	0.1592037415835677
33.3	0.1413461693040603
32.4	0.1474589485120646
36.8	0.1784859188651715
33.0	0.1548748531670732
44.8	0.2152319041783834
35.2	0.1507709931045768
35.7	0.1377561731480555
40.7	0.1427873464735747
34.6	0.1534380181410318
32.5	0.1718666685132992
44.8	0.2295561676437852
33.5	0.1576042206703058
35.0	0.1423584428242086
35.6	0.1539249464568395
43.3	0.1900153918922097
44.0	0.2701105486103936
34.0	0.1515720434303405
39.9	0.1415298779755581
33.4	0.1435921952680009
31.3	0.1704653571365878
39.1	0.1409686310832375
40.2	0.1812896362331868
47.0	0.2130310460087749
33.6	0.1374798827912106
36.8	0.1566133308573963
36.7	0.147093757897397
35.7	0.1750781258220309
32.8	0.1742914519551379
34.1	0.177006552006552
30.4	0.1729594980673351
35.5	0.1396277697245806
31.6	0.1453002484592301
36.6	0.1579108156519105
31.3	0.1586357947434293
38.4	0.1539694971908553
35.0	0.1415676383846895
30.3	0.1477391725668558
40.3	0.1423759672280382
38.5	0.138573634604803
35.0	0.1390351374956207
38.4	0.1390058741886189
35.6	0.1527788653537449
37.8	0.1556864082102015
38.7	0.1395951424548375
32.9	0.1555507745266781
34.8	0.1770087643005285
32.3	0.1548206104905543
35.5	0.17676445055935
44.1	0.2347596580557761
35.9	0.1445796921439027
43.3	0.2891782177988283
32.8	0.162382581895233
31.1	0.1489067031642063
40.9	0.1799728681450253
44.1	0.251242096045125
33.9	0.1454326533785053
33.4	0.1395878630087662
43.4	0.2614611243907074
39.8	0.141108001854109
42.3	0.179903705471563
42.1	0.1792138347487031
36.0	0.1367783076811908
34.5	0.1489059725871742
38.5	0.1789204548565297
33.9	0.1411667822468793
35.1	0.1486512162251728
36.5	0.1464925322028731
31.5	0.1560717951092282
34.9	0.1759235059870561
40.0	0.1421223644775976
36.7	0.1463970949805197
31.1	0.1547752039669039
39.9	0.1801920948221689
35.2	0.1380289942323301
35.4	0.1741182828700676
34.1	0.140743799557357
38.3	0.1538162325112134
33.6	0.1408874121844463
38.8	0.1387239284355839
41.2	0.1787228537786906
35.9	0.1574108358290226
39.3	0.1395655283427672
42.0	0.2920986411675893
33.3	0.1377169859926775
34.9	0.1767811770235139
40.0	0.1791191782749402
43.9	0.2368431303805851
31.5	0.1755278806381093
42.6	0.290936245964457
46.1	0.2136679512287573
30.5	0.1664610919644476
31.7	0.1530227730650273
44.7	0.2159903086862885
30.4	0.1605455880601754
40.2	0.1418331144207298
43.8	0.2170446854856306
32.1	0.1587170628577321
33.5	0.1394123099420254
33.5	0.1535002069797159
39.9	0.1409753736648439
45.1	0.2139371251616949
39.5	0.1503869020140409
33.3	0.1786381972418097
37.7	0.1782014944601906
42.3	0.2909590507908764
35.0	0.1402836704885317
38.1	0.1562114734937637
34.0	0.1446806179467513
33.6	0.1438188545538258
44.0	0.2699401379544067
38.3	0.1566669726603631
35.2	0.1539283691202719
30.9	0.1620639026777599
42.0	0.1788923262099839
31.5	0.1589731004198402
44.5	0.21520202615149
39.7	0.1798756293510485
35.2	0.1768411533933794
35.5	0.1765100308224733
32.9	0.1641825763319319
34.8	0.1499280615822069
33.7	0.1578160081309683
31.8	0.1700472765679223
33.7	0.1413364677604144
32.3	0.1769198577108181
37.0	0.1788106686392964
33.7	0.1601678029507433
37.8	0.1457799566576711
40.6	0.1800641174657923
40.0	0.1402717019550451
33.9	0.1456957672762681
32.9	0.1462751648621921
33.8	0.1731498351329744
31.7	0.1707385746851932
38.9	0.1552791535344439
44.5	0.2066892136846725
40.6	0.1812366264337989
33.2	0.179268349750813
34.1	0.1408717391267824
37.2	0.1788623101897823
39.2	0.1393058984187335
42.5	0.2901316232033544
31.5	0.1696933870398629
37.2	0.1785499131274974
39.2	0.1398850197855564
33.9	0.1414014493295745
43.2	0.2911591872330902
40.2	0.1807406572028701
40.2	0.1789325760146191
44.6	0.1916709259620299
30.8	0.1452425234530708
32.2	0.1471783878758365
34.8	0.1487557175520489
46.5	0.213466106456886
33.7	0.1437246719049143
43.6	0.2628584806904142
36.1	0.1520701198915027
32.8	0.1793718660524597
36.8	0.1461081607607684
46.4	0.2126599530430716
41.5	0.1789268297765922
44.3	0.1915559236037173
34.1	0.1576163877122378
33.0	0.1537309532424717
43.9	0.2689605751609417
32.3	0.1507936507936508
32.3	0.1474138747749948
28.2	0.151106722842516
44.2	0.2111804667959991
36.8	0.178038905311901
43.9	0.190884063204945
44.1	0.2691267891311596
32.0	0.1713289191986502
44.5	0.2136584152257744
42.8	0.2909000249314385
39.5	0.1390953754922477
35.4	0.1384427650160974
39.5	0.1407258755752468
33.3	0.145045910740978
32.3	0.1473791428347567
33.2	0.1521248503085945
43.1	0.2914391083236437
31.0	0.1565229742205809
44.6	0.2315749939547973
39.5	0.1391696280426946
44.4	0.2075914112252929
32.9	0.151816100758123
44.8	0.2260776629853936
39.5	0.1389304753179063
29.7	0.1667193675889328
39.4	0.1391293129208893
29.0	0.1610990006511338
35.9	0.1543054805126805
40.6	0.1427906907874879
34.5	0.1590649633052459
33.7	0.1608368177664553
37.4	0.1796472479639312
36.4	0.1756940312185372
44.6	0.2148558758314856
43.2	0.2572779654488577
37.5	0.1458988391090496
42.0	0.1799417553046135
43.2	0.2579903078231204
43.0	0.2917667742378793
37.7	0.1569865514076671
30.2	0.1718213170648865
39.2	0.1403529897067107
40.6	0.1808832966443824
31.2	0.1733498281132905
33.0	0.1535990609499047
42.3	0.1798350274782033
35.9	0.1560786929693846
44.1	0.2347984970919759
40.6	0.1409635681955391
33.4	0.1472297004725417
33.3	0.1794900666649343
44.0	0.2164726967111378
34.9	0.1544462386981519
41.4	0.1462128135011086
39.1	0.1397910794765224
35.2	0.1483831551083151
31.8	0.1501495150673556
44.2	0.2647425379982085
33.1	0.1393268220727264
29.0	0.1621133287604771
34.5	0.1449756920238787
42.6	0.2931479308951598
35.4	0.1378354086837427
35.8	0.1477771039426196
34.8	0.1493371646584405
40.0	0.1411491288168836
46.8	0.212532868258653
43.9	0.2636365852403381
39.5	0.1789917754783719
41.6	0.2902229344979581
38.6	0.1417021087265044
44.8	0.2119354587415038
35.5	0.1475173210161662
36.9	0.1549578582052553
34.7	0.1495226510288085
44.6	0.2240325813835909
35.3	0.1399980882545926
39.1	0.1405773570813917
42.7	0.2907602716242701
46.5	0.2122531716013472
30.5	0.1613149409497643
37.5	0.1541795200786219
30.6	0.1492744827586206
34.5	0.1444664889925944
44.2	0.2082067450081207
33.1	0.1442911406255699
35.9	0.1440978451919743
38.0	0.1407537145561587
43.9	0.2535495649752188
36.4	0.1743949880481822
35.2	0.1573768632868069
35.3	0.157485151973914
31.9	0.1707307418256669
35.6	0.1532758862194369
36.7	0.1759714780807457
33.6	0.1439556354995652
31.4	0.1588636628904302
33.3	0.1797320414629966
33.0	0.1465358280056717
40.3	0.1429370752118028
29.1	0.1653591566560431
31.2	0.1562546149983755
34.7	0.1408929399042175
33.4	0.1413212618475031
32.1	0.1442458324964852
36.8	0.1746109485700805
35.9	0.1576634713222299
31.4	0.1457699295277549
44.5	0.2219903728088347
32.2	0.1523577372446835
44.4	0.2019315212559496
33.1	0.1526137193419526
44.1	0.2702619281140022
39.8	0.1796584943662085
38.0	0.179081072604673
39.5	0.1500729217306757
33.5	0.159379476760337
44.2	0.2094690811638958
33.6	0.1406970033296337
41.4	0.2901126277235781
32.9	0.1535704181112821
34.3	0.1765062268596432
46.0	0.2131784401577548
34.7	0.1510808771587793
35.6	0.1538901254273421
35.2	0.1391237937507284
40.2	0.1399091143921472
33.3	0.1533977556109725
31.2	0.1501310964993138
44.5	0.2119024394990136
34.5	0.1424874801795658
36.4	0.1586978443273274
35.1	0.1735855104984773
37.9	0.1790072848431647
41.8	0.179370348443843
47.0	0.2046386317332094
44.8	0.2041710194132496
34.5	0.1514980588156544
43.9	0.2122220746594065
44.1	0.2635493374609971
34.7	0.1400522304433255
38.4	0.1560419214567196
39.3	0.1403228849984275
35.7	0.1539129328887635
33.2	0.1584761045987376
35.3	0.1394592845375382
40.6	0.1475269113546462
35.5	0.1766769688951261
40.2	0.1439893377683356
36.2	0.1559798579213146
44.1	0.2651182209721368
35.1	0.150821726775847
33.4	0.151696943945089
32.6	0.1453008653652646
34.0	0.1771798844907733
33.1	0.1593953639473332
33.7	0.1481021238138273
33.6	0.1773381588614656
33.3	0.1485302481798259
44.1	0.2708198987980085
34.9	0.1429693217858014
38.5	0.1546114945558173
39.5	0.1789455198778823
33.5	0.1398958008080141
34.0	0.1582995601873013
33.7	0.14298294772236
35.8	0.1547691760969271
32.3	0.1724993924244002
36.8	0.1758732339089482
44.0	0.2107835165774104
38.8	0.1546002754725279
40.4	0.1432253294371756
33.0	0.1448260233616942
40.4	0.1446261370060126
46.5	0.2129897095397814
41.4	0.1792242706534226
32.4	0.1486632385194599
39.2	0.1784641399765654
44.3	0.1953036398262469
44.7	0.2200724639488114
39.8	0.180541511003155
43.3	0.2171967551589137
39.7	0.1393502974429252
34.9	0.1430468444328516
31.4	0.1551596922940216
45.8	0.2145048255231598
33.0	0.1596368440591356
31.5	0.1756542486238704
46.2	0.2135388651148001
