40.9	0.0527434230950258
44.3	0.0779825358785775
31.5	0.0677985570990799
41.9	0.0676048557649346
46.5	0.0818827839563847
43.7	0.0815850815850815
31.5	0.0683937630558042
34.8	0.0537962203956842
38.4	0.0520217436329251
36.4	0.0616657620434883
38.4	0.0591645647228392
33.8	0.0588033012379642
30.4	0.0641138777188355
39.5	0.0511914801988192
33.1	0.0559914439720754
40.0	0.0517727239411069
45.4	0.0830071690579916
34.3	0.054713493530499
45.5	0.083398578950459
37.4	0.0655814405141288
44.3	0.078831617243436
31.8	0.0674253548702887
44.1	0.0775188257256049
35.7	0.059384021010136
40.9	0.0535994413463641
33.6	0.0544328479231307
43.7	0.0824291355961596
31.7	0.0675639439572427
36.5	0.0589863122396349
41.0	0.1254838681233412
31.5	0.0663409675255715
36.8	0.0655211340129621
40.5	0.0524609289551078
32.0	0.067403020004825
40.8	0.0516059111982285
40.4	0.0524558291005419
39.9	0.0669893199945924
47.0	0.0777123475372703
40.5	0.0548403671682715
34.7	0.0677319562712984
31.9	0.0674694961035735
40.9	0.0530065047104472
34.5	0.0512568976088289
29.4	0.0686171241858165
34.5	0.0534233794743581
34.6	0.0672569155129315
32.9	0.0658319774829875
39.5	0.0548459061960402
33.9	0.0522677543700628
44.5	0.0884445157070394
44.3	0.0877800433125213
40.4	0.0683973323973324
39.8	0.0519096823750993
41.2	0.1264267683900374
39.6	0.050862438312255
41.0	0.0676019913721972
43.9	0.0830028912081862
33.0	0.0563720229151462
36.8	0.0588081146693959
35.4	0.0511344816164292
44.8	0.0866907340553549
31.1	0.0670984180910924
35.7	0.0552908950982303
36.3	0.0599579242636746
34.4	0.0634290170086261
38.2	0.0591345897334052
28.8	0.0638314304470388
29.4	0.0691434055826601
39.5	0.0502605356008675
43.9	0.1156926373794581
31.5	0.0676151240405232
36.6	0.0637945666439701
33.7	0.0634166571330511
34.8	0.0630182421227197
31.5	0.0671544341117364
37.0	0.0643163610973356
34.0	0.0535126127559256
31.2	0.0672817449736014
34.1	0.06363928094575
45.1	0.0853909234857354
32.6	0.0522727564637733
31.5	0.0677177677901486
44.1	0.0756657064281575
44.9	0.079102499910095
42.9	0.1253477355847794
33.2	0.0566185013664108
36.4	0.0616968357054027
44.3	0.0759500884686777
40.1	0.0533269348067884
44.3	0.0819666840664766
31.2	0.0673949554796688
32.5	0.0701564616261468
30.4	0.0537022820852816
35.3	0.0657887548550066
44.0	0.114241732136895
32.6	0.0514102984585109
40.6	0.0528966487672601
40.3	0.0688887614020997
35.4	0.051435435932239
34.1	0.0554064182053553
39.8	0.0526129217870206
29.0	0.066665345121516
33.2	0.0551764370266138
37.4	0.0658356583565835
38.9	0.0657082159972333
35.1	0.0530186471416969
35.9	0.0531485138614603
32.2	0.0662713524472267
32.1	0.061120884644383
32.8	0.0619245498248187
34.0	0.0512595815253719
39.4	0.051595364193258
42.1	0.0666378202888579
42.9	0.1069342138684277
31.8	0.0535835943152591
37.1	0.0661427007752287
44.6	0.0818851088153103
43.0	0.0735246371149749
34.6	0.0547016518796586
45.0	0.0850360175260539
37.6	0.0666569940368237
35.7	0.0602077342878939
37.1	0.053948986685204
38.6	0.0514402765330943
40.5	0.0522956822663071
33.1	0.0564025609917393
35.2	0.0527846356849905
37.7	0.0597853630283082
33.7	0.0551930531518816
44.9	0.0860290764396646
36.1	0.0653598604622697
44.3	0.0818626238061236
31.4	0.0666059059423988
31.5	0.0543997888995038
39.2	0.0502298695870848
42.6	0.1250920494981693
33.4	0.0699903121573723
43.7	0.1112147947064811
44.9	0.0893660531697341
34.8	0.0522546594690883
43.9	0.1107643418917113
44.1	0.12251945984594
44.5	0.0814867103791732
31.3	0.0675998710265618
33.5	0.0533484200821389
40.9	0.0672798539040577
35.2	0.0536610109746504
33.0	0.0600604527030664
33.3	0.0521684867394695
38.3	0.0500065524085462
38.5	0.0592906595680427
36.5	0.0644598838407721
26.4	0.0774190244651822
40.4	0.0690343770026549
44.5	0.074337906935956
39.2	0.0514889676979787
38.7	0.059678956968331
40.4	0.0518145266203422
44.0	0.0825301731554111
43.0	0.1074711408042086
41.3	0.0538171027785271
43.5	0.1033882644463227
39.7	0.0529002772483105
33.5	0.0638405979216976
38.4	0.0523738796063486
41.1	0.0531991995490808
44.4	0.0750892598537735
38.4	0.0520576496674057
35.5	0.0591923851946123
46.1	0.0816442650332166
44.6	0.0825176815945045
39.5	0.0503501878512243
35.8	0.0532417368496547
43.7	0.1136217735545698
40.5	0.0526961631716506
35.1	0.0511605712532806
46.8	0.0798141476010328
30.3	0.0678687542778918
40.8	0.0678443217073898
37.1	0.0609165920584605
40.3	0.0687114778509889
42.5	0.1247834053655719
33.7	0.0681699046398122
33.8	0.0553352116684936
42.7	0.1255913192872667
33.0	0.0532198364845078
32.5	0.0531092699006637
31.6	0.0672471967008931
35.4	0.0529251060942438
35.4	0.0658679633064314
38.6	0.0521566825371597
31.1	0.0676543394693085
34.3	0.0513673427847202
36.5	0.0604174498215947
41.8	0.1262397334573066
37.5	0.0656220379146919
44.0	0.1156931998704443
44.9	0.0799411517210056
30.2	0.0666501251017751
42.6	0.1243632458981861
36.7	0.0654260702358061
35.2	0.0532150924978563
37.1	0.0657492092363482
33.4	0.0670775322989794
31.4	0.0664622334028039
33.1	0.0698385881600876
44.5	0.0782930320690863
33.0	0.0692119911092535
31.5	0.0664270075324207
35.2	0.0522753188893898
34.9	0.051899134535208
36.4	0.0545452088576592
29.3	0.0633377581268152
33.3	0.0657538877620013
36.5	0.0606158854082234
40.3	0.0688127669398591
41.0	0.0529454062084241
33.3	0.055801066274863
39.0	0.0511032676936269
34.6	0.0522375020555829
44.0	0.0948704720492316
35.5	0.0670255741933386
34.8	0.0514325688910517
35.1	0.0524144081483741
36.3	0.0615963630943508
45.0	0.0903711050924807
39.3	0.0494303798111048
40.7	0.0527687183841241
42.6	0.0729407098949038
31.7	0.0668582300219437
42.5	0.0727462582666202
40.1	0.0687164835663186
38.3	0.0595980553441206
43.9	0.113396609228955
44.3	0.0805479452054794
35.1	0.0685726000424317
35.5	0.0599831547699683
47.1	0.0818638053768823
42.4	0.0679990774394172
36.1	0.0550011797764859
43.5	0.1235496842206099
39.0	0.0498366641045349
35.3	0.0527921346131426
29.5	0.0719729840827605
35.1	0.0577957593466696
33.0	0.0641582755318383
34.3	0.052457205963556
33.2	0.062536974097832
33.1	0.0534166519696653
31.8	0.0674263872656807
40.6	0.0543267355694227
44.0	0.1218160057306335
47.1	0.0789346971079198
40.5	0.0534235129094826
31.1	0.0677269967819401
38.3	0.0519826727941995
41.2	0.0672638022732673
32.0	0.0699776056855647
43.2	0.1057876951134474
32.2	0.0665261378068145
34.7	0.0561222658832568
44.3	0.082691396518257
39.9	0.053550676335333
41.2	0.1255389872270196
43.6	0.107534488857446
34.8	0.0513082037757476
40.6	0.0541937996085207
35.4	0.0647708829992933
37.1	0.0654146937442642
44.5	0.0740662349596915
44.6	0.0824312930776996
44.3	0.1013281952873509
32.9	0.0600078061525226
38.9	0.0591967312968622
31.7	0.0669755870746217
33.9	0.0556309625378112
32.8	0.0593506541916725
40.5	0.068211107701749
39.5	0.0498892718066113
39.5	0.0501356721826105
33.4	0.0651747401997392
32.4	0.0710142106287716
30.0	0.04654275468458
32.3	0.0670910512682664
34.5	0.0675421653299706
39.7	0.0556405326681857
40.5	0.0540377334876881
45.1	0.0824669817247685
37.0	0.0657992238988346
39.5	0.051323668876387
41.5	0.1258049691062076
46.5	0.0819807833951547
43.9	0.0777267521194219
39.5	0.0507117219606923
42.6	0.0720146842255819
33.7	0.0523027104466302
44.2	0.0775288100920559
33.6	0.054431588531835
32.2	0.0567401084101919
42.8	0.1231879345765806
37.2	0.0537787243655605
30.4	0.0716983368106558
30.4	0.0685979413599501
42.1	0.0682013735292099
41.5	0.0533279748165151
44.5	0.0745416824753586
38.7	0.0512569222314596
33.5	0.0557047491090254
33.9	0.0555421643494181
43.2	0.1236966448097136
34.8	0.0516912579459963
35.6	0.0529698369824823
42.3	0.1248884535858091
38.4	0.0593814305385793
34.5	0.051344582124967
39.1	0.0605563067413559
35.5	0.0531163861981553
29.0	0.0676372137505977
35.3	0.0527179067561787
43.8	0.1218162956949236
29.4	0.0694986760019747
44.0	0.111243258114622
34.9	0.0595278651170843
37.4	0.0656724235682813
33.0	0.0640250745941802
33.3	0.0528830859048985
32.4	0.0563859406401321
36.8	0.0654631629504151
33.0	0.0618291366108363
44.8	0.0818687139945702
35.2	0.0575276365160567
35.7	0.0532594889252613
40.7	0.0521823598426464
34.6	0.0558046752830163
32.5	0.067149096483553
44.8	0.090736932813544
33.5	0.063141903119115
35.0	0.0517399851187361
35.6	0.0596519650289098
43.3	0.0738865023739543
44.0	0.1155689501289873
34.0	0.058372697462068
39.9	0.0522240896227134
33.4	0.0686276089501896
31.3	0.0665974022132581
39.1	0.0510800801828669
40.2	0.0683474465003204
47.0	0.0821669183044267
33.6	0.0520730634040462
36.8	0.0599116148378032
36.7	0.0543583451767631
35.7	0.0644290657439446
32.8	0.0703544921953696
34.1	0.0713271103896104
30.4	0.0688115182082787
35.5	0.0516766144047888
31.6	0.0490137657929473
36.6	0.0619190030490719
31.3	0.0653942428035043
38.4	0.0600595719839195
35.0	0.0514304797951686
30.3	0.0532650760276685
40.3	0.0521921828063412
38.5	0.0501504310671756
35.0	0.0514369012911286
38.4	0.0504558911297709
35.6	0.0591266344585903
37.8	0.0592549169035964
38.7	0.0504621759017296
32.9	0.0628550273952317
34.8	0.0668074971637031
32.3	0.0622473943137958
35.5	0.0665445747055756
44.1	0.0944759653270291
35.9	0.0531585614363606
43.3	0.1228548690828162
32.8	0.0665857319706003
31.1	0.0535343146707805
40.9	0.0674982278204918
44.1	0.1026332557443986
33.9	0.052430607271281
33.4	0.0530793541551585
43.4	0.1075733405434635
39.8	0.0518560035090528
42.3	0.0678445323492712
42.1	0.0676901980291195
36.0	0.0528601979117073
34.5	0.0562047638318369
38.5	0.065660680634076
33.9	0.0686886685326281
35.1	0.0558415051432082
36.5	0.0543501921815978
31.5	0.0613880056492271
34.9	0.0684010649267593
40.0	0.0521505339065316
36.7	0.0549543189507935
31.1	0.0674975673699382
39.9	0.0680455778737051
35.2	0.0532432882213048
35.4	0.0701785702025992
34.1	0.0528790266793133
38.3	0.0595302100520958
33.6	0.0678672891296041
38.8	0.0506888002077971
41.2	0.0674728365632618
35.9	0.0610851060285519
39.3	0.049759457206779
42.0	0.1263604642259437
33.3	0.0535455431352594
34.9	0.0713132315641886
40.0	0.0672991068435997
43.9	0.0959028057245513
31.5	0.0700481617148283
42.6	0.1245402977898489
46.1	0.0818828775630714
30.5	0.0682547964999598
31.7	0.0672644555172177
44.7	0.0830539305404282
30.4	0.061560856498873
40.2	0.0520134789515396
43.8	0.0826646358027086
32.1	0.0645364196754308
33.5	0.0539522071537113
33.5	0.0586861533825523
39.9	0.0527037919300497
45.1	0.082944879501866
39.5	0.0550086959176747
33.3	0.0689334538889158
37.7	0.0657391537537747
42.3	0.1259897121403786
35.0	0.0511781732476743
38.1	0.0599934171255153
34.0	0.0520826740024831
33.6	0.0556690893401252
44.0	0.1146312428981115
38.3	0.0595062443277673
35.2	0.0623792970258787
30.9	0.0657526001993642
42.0	0.0668327565078039
31.5	0.066165041620557
44.5	0.0820741018900989
39.7	0.0677595803982361
35.2	0.0662824753029495
35.5	0.065801302024635
32.9	0.0662502479875435
34.8	0.0575041849500282
33.7	0.0598365271303429
31.8	0.066736347682461
33.7	0.0544551425890416
32.3	0.071475431617934
37.0	0.0660533101969006
33.7	0.0651744842756078
37.8	0.0532733778892872
40.6	0.0676466906805001
40.0	0.05240369531513
33.9	0.0524125838978707
32.9	0.0563724194612733
33.8	0.0671264797015643
31.7	0.0683589584838166
38.9	0.0589659097717332
44.5	0.0792995099041199
40.6	0.0680312962092155
33.2	0.0703101022176883
34.1	0.0551704727794433
37.2	0.0656823677667654
39.2	0.0515551196884996
42.5	0.1238105834367975
31.5	0.0672513219403785
37.2	0.0655551446906982
39.2	0.0507149939954099
33.9	0.0550560080051143
43.2	0.1250793840716435
40.2	0.0684939061379804
40.2	0.0667559404326634
44.6	0.074205438859012
30.8	0.0704692725007626
32.2	0.0564237710759476
34.8	0.0557733505980716
46.5	0.0821589981644628
33.7	0.0551647481343426
43.6	0.1089119170984455
36.1	0.0587919268936517
32.8	0.0704977986081522
36.8	0.0543242763274729
46.4	0.0824627690347575
41.5	0.0679072830661483
44.3	0.0743090119098005
34.1	0.0637770865407777
33.0	0.0604931312372124
43.9	0.1150258153578574
32.3	0.0586551681039869
32.3	0.0570901572284945
28.2	0.073859913630374
44.2	0.0810347920728133
36.8	0.066471694426806
43.9	0.0735292556297578
44.1	0.1134159243320422
32.0	0.0690333287033314
44.5	0.0814267379518599
42.8	0.1257321411299423
39.5	0.0495780094534207
35.4	0.0523940301195326
39.5	0.0513532935463955
33.3	0.0563293636559294
32.3	0.0565005335028877
33.2	0.0585456249696982
43.1	0.1241301078583884
31.0	0.0639562928629852
44.6	0.0930317174846402
39.5	0.0506170863920948
44.4	0.0800798932528086
32.9	0.0541426218869715
44.8	0.0898777017152526
39.5	0.0500669915861026
29.7	0.0696697631005822
39.4	0.0494828096051369
29.0	0.0653329165364176
35.9	0.0598775825976153
40.6	0.0523184630150907
34.5	0.0656922288892141
33.7	0.0649368613370065
37.4	0.0653410116619128
36.4	0.0649815364317724
44.6	0.0827362590882904
43.2	0.1055483436956373
37.5	0.0539126413012479
42.0	0.0677747073037232
43.2	0.106543464467005
43.0	0.1254534375565309
37.7	0.0597748468908032
30.2	0.0689947385258343
39.2	0.0504683878341155
40.6	0.067873730527345
31.2	0.0686125569695913
33.0	0.0624269225493333
42.3	0.0681250645474791
35.9	0.061151778375136
44.1	0.0940765642509056
40.6	0.0535439957538147
33.4	0.0569019220542429
33.3	0.0691191653534749
44.0	0.0839320336214254
34.9	0.0613199935452638
41.4	0.0535177452301071
39.1	0.0507769778466247
35.2	0.0561734543910643
31.8	0.0660441994508458
44.2	0.1108878328850736
33.1	0.0528278460980226
29.0	0.0666597193274975
34.5	0.0527149748207665
42.6	0.1242223811665695
35.4	0.0527177320114235
35.8	0.0551386947345338
34.8	0.0571177844723831
40.0	0.0530211905022653
46.8	0.0821710022953328
43.9	0.1096420553925822
39.5	0.066691738748903
41.6	0.1259647258280826
38.6	0.0519764228757589
44.8	0.0815452628913914
35.5	0.058686803991653
36.9	0.0590482707495794
34.7	0.0566072250638609
44.6	0.0888004238173102
35.3	0.0516059695659607
39.1	0.0507018146690611
42.7	0.1261911493675127
46.5	0.08175389756839
30.5	0.0651052705948848
37.5	0.0605771532619025
30.6	0.0538737354844358
34.5	0.0518359373096953
44.2	0.0809870700101216
33.1	0.0553697986379621
35.9	0.0530533969665925
38.0	0.0512998071435821
43.9	0.1048137980611452
36.4	0.0647233653406492
35.2	0.0615782437564246
35.3	0.0599962779975626
31.9	0.0674406226670722
35.6	0.0595977300174203
36.7	0.0632209709054854
33.6	0.0559103192873586
31.4	0.067562983864054
33.3	0.0694233194702193
33.0	0.0561799848893283
40.3	0.0524246007255864
29.1	0.0684072007579745
31.2	0.0674537740665324
34.7	0.0513595107621476
33.4	0.0529998882723176
32.1	0.053158087800996
36.8	0.0643501251121287
35.9	0.0611858111043531
31.4	0.0693193423202614
44.5	0.0878322285333622
32.2	0.0546246157652813
44.4	0.0781787767501778
33.1	0.0602317630866225
44.1	0.1143359640303345
39.8	0.0668981343019809
38.0	0.0654583503783293
39.5	0.0550026889232799
33.5	0.0652366536217972
44.2	0.0803843354339456
33.6	0.0530466718895802
41.4	0.1251212220903122
32.9	0.0586339066339066
34.3	0.0669746857260409
46.0	0.0815117533256861
34.7	0.0583292082549568
35.6	0.0591880485027132
35.2	0.0514648370857589
40.2	0.0524340285289501
33.3	0.0595822727953286
31.2	0.0666818596171376
44.5	0.0815618842394416
34.5	0.0519994835399526
36.4	0.0640513766996873
35.1	0.0694678764100049
37.9	0.0658440591426443
41.8	0.0669077318181695
47.0	0.0779882344954204
44.8	0.0794639137715564
34.5	0.0583711269138669
43.9	0.0821600267488613
44.1	0.1089433864103032
34.7	0.0520664803647595
38.4	0.059442952363973
39.3	0.0500899953754686
35.7	0.0598846207963979
33.2	0.0642589959009046
35.3	0.053306921652301
40.6	0.0543445863214972
35.5	0.0657325808267969
40.2	0.0520428374871875
36.2	0.0640709530508941
44.1	0.1100900167113707
35.1	0.0580054421250927
33.4	0.058843347175247
32.6	0.0699782374935563
34.0	0.0680327295615078
33.1	0.0646579742285779
33.7	0.0559689174433073
33.6	0.0677863705903392
33.3	0.056838363532278
44.1	0.1159780060321514
34.9	0.0523165063868346
38.5	0.0589839877263236
39.5	0.0660639057382186
33.5	0.0524063417997839
34.0	0.0629099582587954
33.7	0.0690756458369698
35.8	0.0601248788890085
32.3	0.0691350099892534
36.8	0.0649240194787111
44.0	0.0815964299812148
38.8	0.0587636928106496
40.4	0.0524236201710464
33.0	0.0561151820766792
40.4	0.0532315582709934
46.5	0.0820987266413097
41.4	0.0674612080020518
32.4	0.0657803993054953
39.2	0.0658285076244376
44.3	0.0754494563608362
44.7	0.0878548546330062
39.8	0.0682635337013217
43.3	0.0828797267238639
39.7	0.049892489040669
34.9	0.0523056799315792
31.4	0.0673501268945521
45.8	0.0818620244913808
33.0	0.0641968309759346
31.5	0.0696242419437948
46.2	0.0820104194451291
