40.9	0.1634677148244611
44.3	0.2192022652085349
31.5	0.1789547994403239
41.9	0.1941625441696112
46.5	0.2141110421286031
43.7	0.2276373405600087
31.5	0.1916753015699232
34.8	0.1549102395840781
38.4	0.1560983978004872
36.4	0.1724213273980504
38.4	0.1701225259189444
33.8	0.1616084726129406
30.4	0.1807419009339982
39.5	0.1578012202188213
33.1	0.1571745349678872
40.0	0.1624874631161242
45.4	0.2299908874964165
34.3	0.162263799587215
45.5	0.2291511115851708
37.4	0.1953014620301617
44.3	0.2231284561869462
31.8	0.1709281009611986
44.1	0.2167057307260212
35.7	0.1538684020245842
40.9	0.1667664580155511
33.6	0.160065680703754
43.7	0.2190140873792744
31.7	0.1810953007294033
36.5	0.1659649493455668
41.0	0.2967726344391823
31.5	0.1815952892256767
36.8	0.1957984593496456
40.5	0.1578103582578031
32.0	0.1708228683325529
40.8	0.1598708858965437
40.4	0.1578685202802974
39.9	0.2014177904732843
47.0	0.2042186594978468
40.5	0.1641870200518386
34.7	0.1822523262178434
31.9	0.1707429230577378
40.9	0.1597024089899737
34.5	0.1551022724557337
29.4	0.1864056705628315
34.5	0.1528468190248752
34.6	0.1932304507605712
32.9	0.1751123411600154
39.5	0.1641995136052861
33.9	0.1580445270281788
44.5	0.2405551556761345
44.3	0.2383445622806948
40.4	0.2037847395870543
39.8	0.1605169903178362
41.2	0.2959629170484557
39.6	0.1572463008222297
41.0	0.1991154057113515
43.9	0.2185959855729038
33.0	0.1558687421119057
36.8	0.1652291981882968
35.4	0.1546100514729054
44.8	0.2361688753863077
31.1	0.1701885261252262
35.7	0.1569013323035334
36.3	0.1728732578998206
34.4	0.1679770120975148
38.2	0.1706202709780832
28.8	0.1817984764971821
29.4	0.1861753115347748
39.5	0.1568239802073849
43.9	0.2838724860388494
31.5	0.1731579543117508
36.6	0.1920913167549938
33.7	0.1697907116257484
34.8	0.1682950397251449
31.5	0.1827066174211157
37.0	0.1941102270522025
34.0	0.1595837802688838
31.2	0.1749021866497189
34.1	0.1659922070693014
45.1	0.2367558647917153
32.6	0.154644058369039
31.5	0.1755432580555733
44.1	0.2134819272293366
44.9	0.2225773860330621
42.9	0.2949935132394534
33.2	0.1553818221658762
36.4	0.1738857063015229
44.3	0.2138354936471124
40.1	0.1664915806104028
44.3	0.2164018059699824
31.2	0.1770506419081617
32.5	0.1855161190797394
30.4	0.1615321327360819
35.3	0.1983500297843288
44.0	0.2806940119557199
32.6	0.1544274057846778
40.6	0.1623498292403755
40.3	0.2041628181327676
35.4	0.1542276163186783
34.1	0.1541887485677671
39.8	0.1644730042519234
29.0	0.1885329179084259
33.2	0.1556401204285299
37.4	0.1952725280092441
38.9	0.1973501857087422
35.1	0.155551972113194
35.9	0.1513308523616468
32.2	0.1659562466132284
32.1	0.1524935669648327
32.8	0.1664709894285574
34.0	0.1495381291748404
39.4	0.162942024097863
42.1	0.1956648297301116
42.9	0.2740757857124742
31.8	0.1462728824076946
37.1	0.1968953291845661
44.6	0.2170358590722781
43.0	0.2054702359693348
34.6	0.1640284455937613
45.0	0.2339147073926561
37.6	0.1956511047448082
35.7	0.1744321546000831
37.1	0.1566682953700217
38.6	0.1567280665442328
40.5	0.158585434776372
33.1	0.1556584856886413
35.2	0.1584775206927953
37.7	0.16910034061797
33.7	0.1522497297547462
44.9	0.233648868933566
36.1	0.193866246866072
44.3	0.2166021935841786
31.4	0.1681433012944259
31.5	0.1635459369734161
39.2	0.155613436412613
42.6	0.2970166343309691
33.4	0.1852399150743099
43.7	0.2811944052512116
44.9	0.2453519716163951
34.8	0.1549652748777714
43.9	0.2830502880460874
44.1	0.2939594596482405
44.5	0.228477883573289
31.3	0.1820142709911411
33.5	0.1522324984545346
40.9	0.1976985896738893
35.2	0.1605718944500785
33.0	0.1707331213145166
33.3	0.1515899367856458
38.3	0.1572272520932109
38.5	0.170782690150455
36.5	0.1936957605985037
26.4	0.1572628490395083
40.4	0.2059564469636412
44.5	0.210591330528863
39.2	0.1618571664030346
38.7	0.1700914679518734
40.4	0.1579012206600067
44.0	0.2323258029959576
43.0	0.275917448702325
41.3	0.1612997925760514
43.5	0.2691438369510152
39.7	0.1647806661541061
33.5	0.1693935783100984
38.4	0.1572087213659522
41.1	0.1608698118924347
44.4	0.2133966211607018
38.4	0.1557906460120927
35.5	0.1680336487907465
46.1	0.2153662855518876
44.6	0.2162494290160494
39.5	0.1555290515826895
35.8	0.1520457476997162
43.7	0.2818939937024165
40.5	0.1635266898805028
35.1	0.1547528160072508
46.8	0.2093602112709993
30.3	0.1782056298478606
40.8	0.1981020716537557
37.1	0.1713749481015768
40.3	0.2025249556113752
42.5	0.2965980169370649
33.7	0.1479319580696293
33.8	0.1563174770532883
42.7	0.2977888430547759
33.0	0.1563525734688096
32.5	0.1493241650469459
31.6	0.1728511290078681
35.4	0.1529725486940854
35.4	0.1956435851459736
38.6	0.156514680255522
31.1	0.1756016921133614
34.3	0.155550600886681
36.5	0.1718932775828169
41.8	0.2973961380924517
37.5	0.1946274086498972
44.0	0.2825091633567897
44.9	0.2212344991751256
30.2	0.1801629785739374
42.6	0.296652033638335
36.7	0.1973283386559616
35.2	0.1499904888719802
37.1	0.1936488490358344
33.4	0.1809413284004049
31.4	0.1687177326397969
33.1	0.1899324292981615
44.5	0.2181427659537761
33.0	0.1854820296081601
31.5	0.1700055998276976
35.2	0.1553273123814299
34.9	0.1556724879911044
36.4	0.1579689386014323
29.3	0.1793184255934337
33.3	0.1752482139802136
36.5	0.1742325446604152
40.3	0.2065761498918577
41.0	0.16128666931483
33.3	0.1556839292003618
39.0	0.1566548881036513
34.6	0.1574637028118421
44.0	0.2511900363281345
35.5	0.1985596326350166
34.8	0.1553157924722162
35.1	0.1597965647210118
36.3	0.1695580010004092
45.0	0.2439863273105862
39.3	0.1559001659590059
40.7	0.1593138109732997
42.6	0.2028060838801366
31.7	0.1696743658458926
42.5	0.2055823316493428
40.1	0.2048710687493638
38.3	0.1694433207828982
43.9	0.2820280849249139
44.3	0.2244606372338905
35.1	0.1497733788238725
35.5	0.172705120395011
47.1	0.211529401544337
42.4	0.1938503446283379
36.1	0.159619321657958
43.5	0.2939630569861634
39.0	0.1555881144109722
35.3	0.1615195977977239
29.5	0.153664113055488
35.1	0.1655855904947198
33.0	0.167442412344334
34.3	0.1537609915007225
33.2	0.1676560156616712
33.1	0.151756196035845
31.8	0.1715302673194818
40.6	0.1616569267789618
44.0	0.2929763954200413
47.1	0.2061691069991955
40.5	0.1672970641455443
31.1	0.175960332339731
38.3	0.1562565690015117
41.2	0.1984034543652112
32.0	0.1488902665840049
43.2	0.2756005672621009
32.2	0.1665326496555134
34.7	0.1609137796921754
44.3	0.2198914872972812
39.9	0.1645133662810288
41.2	0.2973229224762967
43.6	0.2751705202312138
34.8	0.1550184830396025
40.6	0.1614263303650699
35.4	0.196381239925838
37.1	0.1965223974308519
44.5	0.2082989571068594
44.6	0.2173229212926755
44.3	0.2621705910725248
32.9	0.1708776945608896
38.9	0.1709768643383064
31.7	0.1804070161837387
33.9	0.1540984512996315
32.8	0.1665403928459164
40.5	0.1993028345356954
39.5	0.1579940136728384
39.5	0.1571660400634436
33.4	0.1694979082146089
32.4	0.1959773731400927
30.0	0.1559797835010285
32.3	0.1783186005281493
34.5	0.1479714014329862
39.7	0.1678719689905116
40.5	0.1657533607169529
45.1	0.2182038307172368
37.0	0.1940552493270092
39.5	0.1630138413066848
41.5	0.2971960788825735
46.5	0.2155576831019626
43.9	0.2146953854574064
39.5	0.1589346076491546
42.6	0.2023566139904961
33.7	0.1514041840135764
44.2	0.2167072010753484
33.6	0.1531781595839047
32.2	0.1584262833334199
42.8	0.2961106352339453
37.2	0.1584478017734112
30.4	0.1520729778581111
30.4	0.1866931721368007
42.1	0.1960656509915293
41.5	0.1606805744563801
44.5	0.212796741868067
38.7	0.1586370798612792
33.5	0.1535521925623049
33.9	0.1549823405906001
43.2	0.2979824370418753
34.8	0.1578026233525634
35.6	0.1519406021307545
42.3	0.2963756814536194
38.4	0.1696018808272634
34.5	0.1545221706105869
39.1	0.1726241255758402
35.5	0.1574841377167492
29.0	0.1897796854974876
35.3	0.1552081405870976
43.8	0.2923725941593727
29.4	0.1837873397982554
44.0	0.2792490106709422
34.9	0.1722310226649882
37.4	0.1955259096529527
33.0	0.1690803240864946
33.3	0.1526669204116286
32.4	0.1585833521317392
36.8	0.1957215369034981
33.0	0.1648426298098394
44.8	0.2167416759060021
35.2	0.1639259683686669
35.7	0.1529101337046488
40.7	0.1592394795147333
34.6	0.1657744272636302
32.5	0.180568443661311
44.8	0.2458387090792043
33.5	0.1711795596640736
35.0	0.1567471668715689
35.6	0.1662391103733669
43.3	0.2052005918739709
44.0	0.2853467252403777
34.0	0.1636542482417791
39.9	0.1591368964939097
33.4	0.1488778636352093
31.3	0.1791090721671246
39.1	0.1578967766940119
40.2	0.205391585179869
47.0	0.2139781384564425
33.6	0.1523662852697458
36.8	0.1704466552239386
36.7	0.1588851849781755
35.7	0.1953441187177456
32.8	0.1886829252435942
34.1	0.1923670247991834
30.4	0.1877628872309723
35.5	0.1551917486967858
31.6	0.1475557982133275
36.6	0.1736295226598373
31.3	0.1761800648108382
38.4	0.1713689555158116
35.0	0.1572957020165953
30.3	0.1556598660757298
40.3	0.1573402232765704
38.5	0.1557234940815543
35.0	0.1546910435845444
38.4	0.1583680375945782
35.6	0.1685430411847716
37.8	0.1732641881078419
38.7	0.1594295701379481
32.9	0.1664307491289199
34.8	0.1942396594026786
32.3	0.1657025027125145
35.5	0.1943145410600865
44.1	0.2539693240284324
35.9	0.1567014765772529
43.3	0.2932561845826932
32.8	0.1773674219669846
31.1	0.1574870803482304
40.9	0.1962498707446258
44.1	0.2675990318168237
33.9	0.1586644324114722
33.4	0.1503748698197301
43.4	0.2749320949289874
39.8	0.1571612739377301
42.3	0.1958105924322346
42.1	0.1941986013986013
36.0	0.1504216240648232
34.5	0.1600191816896142
38.5	0.1954945738536694
33.9	0.1482341176971192
35.1	0.1584974171655823
36.5	0.1590666760511003
31.5	0.1744251504785
34.9	0.1818709486935165
40.0	0.1591268423806173
36.7	0.1567660572443717
31.1	0.1765267299476698
39.9	0.2068418605166132
35.2	0.15248327858137
35.4	0.1893266287402609
34.1	0.1531415092206705
38.3	0.1697964647061139
33.6	0.1474668486466021
38.8	0.1598853276718614
41.2	0.1949288377591852
35.9	0.1707495599537588
39.3	0.1564084249587395
42.0	0.2949538359164888
33.3	0.1454003240387371
34.9	0.1931171091700993
40.0	0.2042735402715186
43.9	0.2514991429606518
31.5	0.1867820324005891
42.6	0.2971926936941437
46.1	0.214630911957969
30.5	0.1838998050769609
31.7	0.1716673431866478
44.7	0.2188590089261606
30.4	0.1725703455009685
40.2	0.1576550587265608
43.8	0.2187313698580808
32.1	0.1811226089683286
33.5	0.1528376899470528
33.5	0.1676693315827725
39.9	0.1658027637035797
45.1	0.2280104365870529
39.5	0.1665491463932004
33.3	0.1923912385792944
37.7	0.193157599203333
42.3	0.2986413284788207
35.0	0.1541875114742059
38.1	0.1715273990297672
34.0	0.1578014394230135
33.6	0.1535778099208712
44.0	0.2850239868703446
38.3	0.1699698729121697
35.2	0.1713276061658441
30.9	0.182067353659832
42.0	0.1956384843619694
31.5	0.1805188130186996
44.5	0.2153268597712207
39.7	0.2056688442688453
35.2	0.1957838561328849
35.5	0.1950290270705652
32.9	0.1814772888071317
34.8	0.1624119281442331
33.7	0.1723969300158233
31.8	0.1822024637657983
33.7	0.1511866948850194
32.3	0.1916978730087873
37.0	0.1948702348740774
33.7	0.1741657348007768
37.8	0.1575569467521968
40.6	0.196701243664365
40.0	0.1627577909203369
33.9	0.1597196198003611
32.9	0.158149208180446
33.8	0.1808139318371865
31.7	0.1855454918185545
38.9	0.1724700202860591
44.5	0.2206276424700768
40.6	0.2062045840741738
33.2	0.1965556963115891
34.1	0.154549116493904
37.2	0.1965370687205653
39.2	0.1615366773760465
42.5	0.2960868458377277
31.5	0.1818622210343445
37.2	0.1943761616403861
39.2	0.158081924833342
33.9	0.1530816319116471
43.2	0.2963156177122861
40.2	0.2033991768533123
40.2	0.2016655780535597
44.6	0.2095696007944277
30.8	0.1507873031123173
32.2	0.1586054670421577
34.8	0.1611215148568167
46.5	0.2145252331406288
33.7	0.1542353579347732
43.6	0.2771453476081397
36.1	0.1667931181876469
32.8	0.1976784285147278
36.8	0.1566147930912612
46.4	0.2135419536113712
41.5	0.1964715675156282
44.3	0.2064754887689516
34.1	0.1684623483405193
33.0	0.1735200554062144
43.9	0.2789803680365526
32.3	0.1631288926832107
32.3	0.1578153552677321
28.2	0.1528035872546022
44.2	0.224093438482347
36.8	0.1948320563987532
43.9	0.2079322370033647
44.1	0.283100338252733
32.0	0.1862384112120554
44.5	0.2284001428859863
42.8	0.2975212964259339
39.5	0.1565755087483653
35.4	0.1541451624697401
39.5	0.1574718317416031
33.3	0.1545373604285921
32.3	0.1584929236049214
33.2	0.1677171398300503
43.1	0.2966893388858455
31.0	0.1798257989327117
44.6	0.2466905828637418
39.5	0.1572937033097905
44.4	0.2233939461364827
32.9	0.1622574736966747
44.8	0.2441193018974084
39.5	0.1573537646840845
29.7	0.1747311178247734
39.4	0.1577676398160932
29.0	0.186503876103432
35.9	0.1673607387548406
40.6	0.1589427554094768
34.5	0.1727459681783743
33.7	0.174091747533884
37.4	0.1934028963672519
36.4	0.1935141870876649
44.6	0.2160407488147324
43.2	0.2717774017378989
37.5	0.1563817097415507
42.0	0.1955673743991544
43.2	0.2709335630692117
43.0	0.2969310120921799
37.7	0.1729777135782088
30.2	0.1879377348054392
39.2	0.1577217719309523
40.6	0.198913811244662
31.2	0.193679161045174
33.0	0.1650227008560181
42.3	0.1945655320732867
35.9	0.1701903839208425
44.1	0.248657615105802
40.6	0.1657282075291751
33.4	0.161961741494677
33.3	0.1961297913183478
44.0	0.2329511342366416
34.9	0.17397331638014
41.4	0.1616884761502743
39.1	0.160317758325315
35.2	0.1581085244320617
31.8	0.1679929266136162
44.2	0.280445288076352
33.1	0.151872190518698
29.0	0.1785380140747671
34.5	0.1585846540596723
42.6	0.296660471555311
35.4	0.1523265251968688
35.8	0.1602434315823052
34.8	0.1616363803416712
40.0	0.1672041541404755
46.8	0.2141366924758145
43.9	0.2786335631488116
39.5	0.1990183592576163
41.6	0.295864166704499
38.6	0.1550569759557588
44.8	0.2274252998771358
35.5	0.1590711805555555
36.9	0.1675138718206531
34.7	0.1606567059237124
44.6	0.240971355767227
35.3	0.1550709169229054
39.1	0.1577613067544636
42.7	0.2962166350495631
46.5	0.2149574391726858
30.5	0.1687641980917764
37.5	0.1700006025185274
30.6	0.1563192628046524
34.5	0.159335195185292
44.2	0.2219780165322021
33.1	0.1557903997112695
35.9	0.1577032998439114
38.0	0.1577142109052824
43.9	0.2683967089415155
36.4	0.1956660259477924
35.2	0.1696484293738298
35.3	0.1738217676855222
31.9	0.184679503564227
35.6	0.1676094905471657
36.7	0.1916882897811558
33.6	0.156317216953903
31.4	0.1813274336283185
33.3	0.194738680740103
33.0	0.1581778553324752
40.3	0.15770256734164
29.1	0.1875101831808765
31.2	0.1792577290954224
34.7	0.1565852313899266
33.4	0.1541663953745784
32.1	0.1567181666224048
36.8	0.193544577737958
35.9	0.171898523243119
31.4	0.1495590088198236
44.5	0.2403683995516775
32.2	0.1619434696533307
44.4	0.2196626973809647
33.1	0.1704915946229084
44.1	0.2821668965900358
39.8	0.2017273058214161
38.0	0.1944282061729051
39.5	0.1656265250049345
33.5	0.1716211912092579
44.2	0.222119305733601
33.6	0.15237160606294
41.4	0.2960471641566309
32.9	0.1679053269962361
34.3	0.1958211784217618
46.0	0.2163984869426056
34.7	0.1648848204222926
35.6	0.1654832278148938
35.2	0.1536877369369098
40.2	0.1610384106919719
33.3	0.1648052753519871
31.2	0.1702411804928287
44.5	0.2283478120000809
34.5	0.1570579921635317
36.4	0.1668185556469359
35.1	0.1850229365336488
37.9	0.1971286975743674
41.8	0.1965186408174613
47.0	0.2026537534532777
44.8	0.2192007949300103
34.5	0.1664701287008103
43.9	0.2317687022765941
44.1	0.2781777819540041
34.7	0.1530747244792251
38.4	0.1689179565093533
39.3	0.1589093845450102
35.7	0.1671966940399842
33.2	0.1683824334684043
35.3	0.1548227770856111
40.6	0.1627475472218792
35.5	0.1958976993559071
40.2	0.1571976533486427
36.2	0.174331019142626
44.1	0.2800507255415575
35.1	0.162331173898974
33.4	0.1614573097349041
32.6	0.1510160847391133
34.0	0.1950488922636326
33.1	0.1681187625879744
33.7	0.161035743276582
33.6	0.1939506441059196
33.3	0.160228503182377
44.1	0.2862623104580272
34.9	0.1587424463429881
38.5	0.1716381174512573
39.5	0.1975552961841588
33.5	0.1519475890924579
34.0	0.1686752529898804
33.7	0.1489939676802574
35.8	0.168245631694565
32.3	0.186491920302405
36.8	0.195952693003807
44.0	0.2239551276840356
38.8	0.1696838324095005
40.4	0.1598897460177684
33.0	0.1568027236003515
40.4	0.1594179989781058
46.5	0.2142273513449036
41.4	0.1964258792917646
32.4	0.1667868072186238
39.2	0.1961790051147632
44.3	0.211622536727726
44.7	0.2378370510534551
39.8	0.2062069386013048
43.3	0.2202396021514626
39.7	0.158461700176822
34.9	0.1563632921169664
31.4	0.1719309276587118
45.8	0.2167031051442341
33.0	0.170861391694725
31.5	0.1851122370735668
46.2	0.2139885368219819
