31.21	0.0814782024531416
26.96	0.1215129261219994
39.73	0.0980346023790503
27.98	0.1064581504481364
27.69	0.1283760937268278
26.84	0.1275199759285881
39.09	0.104655336741388
34.59	0.0828155996143317
34.11	0.0810669146504703
34.88	0.0936553800849122
32.6	0.0921016738319184
33.97	0.093167392657125
31.8	0.0966676584349895
33.95	0.0804517989795469
36.55	0.0853908332830421
31.78	0.0814015841761286
26.46	0.1284869764784633
31.5	0.087303190973457
26.6	0.1298823564114035
29.61	0.1029732448667476
26.63	0.1232242264422173
37.84	0.0965009065009065
26.98	0.1213359928423091
34.0	0.0921923246581385
31.33	0.0821097125180009
31.58	0.0869992307852227
27.33	0.1288415704246399
38.76	0.1007768365857941
34.14	0.0902428077513033
25.65	0.1890877681547945
31.57	0.1029712477720822
30.13	0.1010405723147731
30.74	0.0818844142802728
38.17	0.0961362031481965
31.11	0.0810139200438384
30.29	0.0830845604421636
28.92	0.1049171841254519
27.9	0.1219147123277278
29.95	0.0864195922469456
31.19	0.1043922720271963
37.89	0.0960536599304744
30.17	0.0833489849964045
32.95	0.0801857562231664
31.89	0.1034717494894486
34.36	0.0818772616047401
30.86	0.1032392017405325
37.41	0.0988162954299789
29.85	0.086760279078927
31.97	0.0820685324866713
26.18	0.1368800758123847
26.42	0.1357669005465644
28.41	0.1069782135258974
31.92	0.0805233767655753
25.56	0.1889784946236559
33.52	0.079725129926063
28.3	0.1067389222911728
27.32	0.129077518566536
35.92	0.0859905617023164
34.07	0.0905383841111629
33.46	0.080071487016063
26.47	0.1335602216212383
37.58	0.0953895806189146
35.52	0.0858862090895748
33.15	0.0927812294737748
36.02	0.0952578173534893
32.59	0.0914267156103258
31.74	0.0971845011768966
31.86	0.1036151268169829
33.42	0.0793619902661215
25.9	0.1748701092142932
38.47	0.0971607039503174
30.08	0.1010815245394016
36.23	0.0956939176082564
33.42	0.0950709805963728
40.72	0.0976482137276368
30.26	0.1014560791303692
32.09	0.0833737845276763
38.78	0.0973133880677181
36.11	0.0956671018351842
26.46	0.1336278477739879
31.71	0.082728803554865
38.87	0.0969855149086048
27.03	0.1190424639367777
26.89	0.1236109617892163
25.63	0.1883468966119284
36.29	0.0857176337323984
34.91	0.0943351140092821
27.11	0.1182129880763522
31.52	0.082108064402176
27.52	0.1280514980238246
39.14	0.0975875323761183
30.94	0.1070243260850859
31.72	0.0856384850184951
30.57	0.1025572869651264
25.9	0.1708618151608342
31.89	0.0813199600162163
31.09	0.081536301090692
28.64	0.1074125385711914
33.16	0.0798347710559308
35.44	0.0849375893627418
31.71	0.0811954327169858
31.85	0.1025615488805672
35.86	0.0857175697550789
29.37	0.1034913689929471
29.15	0.1031704417864721
34.51	0.0814304758637894
33.81	0.081693627238635
37.53	0.0949149779252018
35.56	0.0925979210876524
35.55	0.0936306935342275
33.73	0.0783584906091956
31.84	0.0807040512037239
27.96	0.1059261949926679
26.07	0.1632291998724896
31.79	0.0826219495327826
29.42	0.1042828287374882
27.57	0.1283271962125197
27.33	0.114654141490433
31.55	0.087751337476482
26.48	0.132849691139391
29.55	0.1036180417838859
33.46	0.0923913361884619
35.05	0.0840870219152008
34.11	0.0807925947353196
30.51	0.0821202056539891
36.18	0.085732822540781
32.48	0.0824680587208258
33.09	0.0920316622691292
35.38	0.0841041861819286
26.39	0.1338240214118434
30.52	0.1013635706018518
27.62	0.12810925083851
37.35	0.0951198318149964
31.59	0.0859804210582735
32.79	0.078790968592155
25.78	0.1880759321200448
30.99	0.1062828817147545
25.88	0.1696605170319819
26.42	0.138052085884562
32.66	0.0815150353879501
25.95	0.1689789349591894
25.85	0.1850585431561496
26.6	0.1263986879263996
40.39	0.0982708418471597
34.73	0.081513488426709
28.31	0.1067481045119013
32.13	0.0838350598368374
33.42	0.0920219662878499
34.94	0.0813352775752525
32.29	0.0791826693269727
32.45	0.0917766882526508
30.11	0.101054622190157
35.51	0.1060007668711656
28.55	0.1066517737873956
27.21	0.1164530886326546
32.02	0.0801519453842436
32.96	0.0922750433770398
30.72	0.0814584628853122
26.77	0.1293410313680868
26.23	0.1636697160408004
30.05	0.0848877876303945
26.11	0.1596810098735039
31.68	0.081621192734492
36.3	0.0961808027158736
34.32	0.0813888234854967
30.24	0.0836403309939906
27.22	0.118236845938466
34.59	0.0813029375399901
34.45	0.0913456701877002
27.64	0.127994194386782
27.4	0.1284660415629037
33.36	0.0792535183502751
33.98	0.0809611344095351
25.97	0.1731459989181236
31.32	0.0815073027500887
33.05	0.0802674544291834
27.84	0.123886649904001
31.86	0.1049858648162426
28.1	0.1066310148767178
32.06	0.0929299215676887
28.36	0.1071948781749304
25.63	0.1889111599477716
34.26	0.0961187885137941
36.07	0.0846176684930767
25.67	0.1883983140147523
31.71	0.084519061423842
31.73	0.0831372609228005
38.12	0.0967756237503259
34.13	0.0819450088040092
30.7	0.1021115965866831
34.5	0.0816466621681579
38.8	0.0972864558754129
32.84	0.0807846643241782
32.08	0.0931940778147595
25.66	0.1892497691407652
29.66	0.1029242783106254
25.79	0.1745994892036219
26.87	0.12516455133724
31.48	0.1038686558000318
25.65	0.1876691913834135
30.32	0.1015863088906602
33.54	0.080753990566849
29.48	0.1040642915642915
31.26	0.103702799864505
37.22	0.0952437058499044
31.07	0.1063113880214437
27.03	0.1235462318880426
31.05	0.1070293216091115
37.58	0.0952411485816231
32.4	0.0816744345261605
32.76	0.0809548254620123
35.45	0.0856056351587696
31.86	0.0956123699924862
37.26	0.098754348557962
33.51	0.0931510194115492
28.62	0.1073625183495594
30.3	0.0841641563301001
36.02	0.085248558405095
33.85	0.0804224264421963
31.96	0.0823752796573174
26.23	0.1459876632362865
30.81	0.1031059600855696
32.96	0.0802934473195244
32.52	0.0817590428538884
33.44	0.0958872324380764
26.38	0.1399583994322988
32.74	0.0790508599849098
30.17	0.0828893184979779
27.2	0.1138469435322093
37.63	0.0950576894670904
27.33	0.1142887032024374
28.57	0.1072725477194814
32.22	0.0928413943064
25.95	0.1716952463642283
26.63	0.1260173065403518
33.87	0.0968080454744206
32.93	0.0921493920504372
27.83	0.1276423106421984
27.82	0.1067192840094203
35.46	0.0855051874713094
25.76	0.187414951206292
32.5	0.0788316068706413
32.27	0.0834633718817468
35.21	0.1003621934749366
36.68	0.0887408680704769
36.5	0.0966030428769018
33.89	0.0804501205111008
35.78	0.0943936998653316
34.65	0.0820082264002545
38.01	0.0965073099794853
30.06	0.0854341056165381
25.81	0.1847120404836088
27.79	0.1236544828638167
31.42	0.0822767999731033
38.88	0.0976396833193372
34.63	0.0815774507546025
28.21	0.1061000793847815
34.65	0.0986603275442432
26.02	0.1615492905173011
37.16	0.0947883786289463
36.14	0.087516878182288
27.49	0.1291908749939595
31.61	0.0821317153620705
25.58	0.1888076451793914
25.93	0.1647696476964769
33.51	0.080796989787933
30.13	0.0848994376597161
30.6	0.1018247917825606
29.22	0.1037347765738336
27.19	0.1152651870930662
27.46	0.1286743616649177
26.14	0.155515716876337
33.34	0.0909826058001807
32.86	0.0922439922061052
31.29	0.1034865737124099
35.7	0.0842468284271462
33.8	0.0894064724248657
28.38	0.106490469405723
33.13	0.0793113451683882
33.12	0.0795022447640601
36.86	0.0975949335118138
31.48	0.1094298991272809
31.73	0.0838213282214227
38.53	0.1007281184908089
33.98	0.0962289400542154
29.75	0.0875459570214066
31.49	0.0827912005264642
27.51	0.1285261627906976
29.94	0.1034117081243521
32.02	0.0803670392841263
25.63	0.188129356273454
27.76	0.1278208415709149
27.05	0.1210946228003727
33.57	0.0796107513985775
27.35	0.1127878058142163
33.78	0.0799295479325672
26.99	0.1205830843721026
35.54	0.0838196939359944
36.64	0.0869363636944996
25.64	0.1862463702435503
34.91	0.0839360726344614
35.08	0.0994655274336175
31.62	0.1044985250737463
27.74	0.1078432148292332
30.02	0.0842040425134926
27.23	0.1163603216355509
32.17	0.0795187125002199
35.91	0.0847845583304381
36.04	0.0842673417824825
25.64	0.1875842099732629
32.5	0.0811112546541694
34.07	0.0811456406173157
25.69	0.1893726901407309
32.57	0.0925834241013961
32.85	0.0805562739262988
32.85	0.0919667351306321
32.38	0.0834735075036062
31.77	0.1005909874415168
33.97	0.0810026210145648
25.7	0.1848499932123625
31.94	0.1043678568264374
25.95	0.1696693162579792
33.21	0.0927447262251081
29.57	0.103850081085951
36.52	0.0968164866219722
34.65	0.082183699642978
36.75	0.0867093603882606
29.45	0.1031824025139265
35.47	0.0938279766579514
27.51	0.1285770742467899
36.84	0.0883923629277465
33.65	0.0812030849505675
30.55	0.082342573526622
31.5	0.0870577489190383
31.28	0.1037653521791689
26.32	0.1404637909010513
35.9	0.0955985607622237
32.61	0.0812477816627523
34.56	0.0910529576930162
27.32	0.1145618940450056
25.86	0.1743979019801265
37.71	0.0903465998251729
30.78	0.0818193941279754
34.46	0.0978265708845874
31.34	0.1032465878070973
34.1	0.0802757346329532
28.46	0.1067575145331225
27.79	0.1281524751791526
33.85	0.0809019352866329
33.13	0.0929029479577527
35.2	0.0848643030918581
30.56	0.1018631797956814
31.1	0.1070422535211267
31.15	0.1089258935266183
31.54	0.1057338905684984
33.23	0.0806502544421098
31.76	0.0834110571511272
34.84	0.0939311800807337
32.01	0.0985849056603773
32.2	0.0921217377694886
32.74	0.081108903213299
31.69	0.0849100113976727
30.54	0.0820031608060055
32.27	0.0789017268212258
33.33	0.0803832669952816
32.37	0.0795714677277581
34.35	0.0899932012187444
32.39	0.0916763799234378
32.23	0.0795104019009863
35.63	0.0945582024391401
31.07	0.1040882945584304
35.52	0.0934913660978849
30.9	0.1028076437791845
26.35	0.1455913888291764
32.38	0.0831823775624666
25.86	0.1848704165290249
37.6	0.0990763147022369
31.6	0.0846400447289216
28.14	0.1062231818008777
26.17	0.1575156091525274
31.89	0.0828477535805375
34.88	0.0814248688956925
26.06	0.163547443837804
30.73	0.0818191618598957
27.87	0.1065872797356828
28.01	0.1064996714628618
33.71	0.0812672048856091
36.03	0.0864947724425282
29.14	0.1037981679262749
34.07	0.0961104460378433
35.87	0.0869438206523807
35.23	0.085010899695885
33.7	0.0937698764811659
31.18	0.1057323191110417
30.72	0.0818920920745382
35.35	0.0849206088783635
39.06	0.097012204682019
28.77	0.1055331457990552
34.27	0.0808094614042563
31.26	0.1071154178923689
34.6	0.0818290466796428
32.72	0.0918965035832842
34.17	0.0962913893017945
32.27	0.0793386499854935
28.22	0.1060145002084608
34.82	0.0928591963555142
33.27	0.0795163383222523
25.55	0.1880668761621722
35.32	0.0815548597374933
31.12	0.1085961482598079
28.85	0.104823175179069
26.28	0.1478062286640202
31.05	0.1073366535345276
25.61	0.1875058818143203
27.59	0.1281929771338465
31.97	0.1046408034340325
38.32	0.0969720265376441
27.46	0.1287059012245761
33.72	0.0947718999302919
30.7	0.0819663792268191
27.33	0.128955854951985
31.93	0.0988632449190492
35.21	0.0829581597565004
33.78	0.0905490431069997
31.48	0.0816764007444964
26.54	0.1286428791653004
29.9	0.0868731958981163
31.22	0.1061313926623107
29.52	0.1029810298102981
25.57	0.1887098460457922
32.96	0.0803507773849045
32.38	0.0932548915331605
31.86	0.0826496000825802
35.97	0.0849450101154746
25.92	0.1730095990965556
33.06	0.0921745129237924
31.97	0.0934611321419138
31.78	0.1018597589904165
28.06	0.1057513914656771
42.25	0.0967775679677274
27.37	0.1284860878639111
28.84	0.1050692649726311
30.94	0.1031630686828439
30.75	0.1025940939898415
37.76	0.0997990782640838
36.54	0.0881013839216296
33.36	0.0929862188820496
31.42	0.1034233739879485
35.51	0.0834717376898809
31.04	0.1086433034051884
29.84	0.1037536866565376
37.11	0.0978570668306586
34.77	0.0830778214839918
28.29	0.1067626027043751
31.97	0.0808407388276202
31.84	0.0828027762334331
36.54	0.0860134655188235
31.22	0.1040153363788553
31.41	0.1048374806029705
32.86	0.0915040750802667
26.7	0.1226674780475513
28.58	0.1072306600425834
31.44	0.1077426269710437
35.54	0.0842516104972234
29.44	0.1037551441780174
31.96	0.08034278902127
25.72	0.1873785139906678
31.31	0.103429381961707
29.67	0.1028078467470931
33.64	0.0799577427206935
35.67	0.0839743116176705
25.73	0.1873960162145764
28.66	0.1066740601471187
28.95	0.1047284074253029
27.19	0.1155167055786194
34.88	0.0988182903289235
36.95	0.0868660004079135
35.96	0.0865270107856956
27.83	0.1282595670907376
35.7	0.0851009997401496
26.08	0.1648261325998323
34.2	0.0900404130189868
31.47	0.1079777027483684
35.07	0.0840828388504569
27.76	0.1282420176260054
27.88	0.1067941165454769
27.16	0.1155842737628812
35.95	0.0954197672099833
33.34	0.0927003936678113
25.73	0.173708934297882
33.87	0.0902001883979313
36.67	0.0867925742892937
35.4	0.102389878163074
26.66	0.1265270422467709
29.93	0.1034433955162082
27.24	0.1155700690033552
25.99	0.1711273870325054
31.5	0.1047449872751077
26.66	0.1273003182507956
25.59	0.1880817083702037
33.0	0.0791359118713684
34.18	0.0809279443308225
33.85	0.0804232579837991
36.26	0.0859820591779354
36.96	0.0867228274086037
33.85	0.090038979068774
25.75	0.1882645827150723
31.78	0.0959575974675108
26.28	0.1436819557237779
33.31	0.0796291962230269
26.9	0.1253259864300771
31.63	0.0863628799887897
26.32	0.1389272209179375
32.85	0.0790717639112846
31.79	0.1038710962572762
32.82	0.0789531441846721
31.91	0.0987772769869248
34.62	0.0915718562023936
30.47	0.0822602714481843
31.91	0.0986232558139535
36.96	0.0979787056583586
29.72	0.1040751116560902
30.1	0.1014986275311823
27.45	0.1287601176285848
26.18	0.1608387216638362
34.89	0.083593273104627
27.9	0.1069067450683257
26.15	0.161642186181386
25.73	0.1872120702518978
32.34	0.0925655600718014
31.5	0.1048821261642386
33.6	0.0797176078836267
28.33	0.1071393934355819
31.29	0.1044587323526508
35.75	0.0940897163563663
27.8	0.1070739430849179
34.66	0.0929285122826387
26.29	0.1447166206309318
31.46	0.0819369439675355
42.5	0.0879277846773214
31.34	0.1064073946886446
26.82	0.1317118771012011
31.95	0.0928936982609253
30.24	0.0843503863958957
32.11	0.0801169317882354
35.79	0.0865176232401212
37.16	0.0951997365554626
26.08	0.1679614533807394
34.81	0.080895006097943
31.8	0.0998920650395181
31.92	0.0826877793819049
25.63	0.1879832659773399
34.32	0.0808258798366712
35.61	0.0860132934237168
36.39	0.0886218584757983
31.63	0.0817771681593906
27.83	0.1282138182276964
26.06	0.1667468891015998
29.02	0.1040887847291136
25.62	0.1896768312340889
34.25	0.0809612928794751
26.56	0.1279814385150812
34.32	0.0893439055716545
34.14	0.0906318979385686
36.23	0.0878260965161403
26.38	0.1371835921902935
33.32	0.0807634374182478
33.64	0.0798481085939761
25.56	0.1883077385004439
27.68	0.1277401719564325
33.81	0.0986299338141233
31.99	0.0919626515671471
31.73	0.0847115053085876
31.95	0.0819834716092206
26.62	0.1250929025998389
36.16	0.0851072276844896
32.27	0.0829829293906883
34.21	0.0808608398587179
26.16	0.1595448477198231
30.44	0.1017031867649211
35.09	0.0942688734400578
33.5	0.0932175975846452
31.34	0.1045887200866942
34.36	0.0907216822647828
29.96	0.1011437892536555
36.0	0.0849069748925102
40.11	0.0978494959268391
31.32	0.1065391863461766
36.7	0.0867324508599222
30.3	0.0824347850147919
31.79	0.1034547502816372
39.68	0.0972507169114109
32.78	0.0808380815390147
34.65	0.0818871596050475
31.8	0.0809722403232112
30.32	0.1018689388588917
34.91	0.0934847423385848
34.83	0.098482376588797
26.34	0.1352511157333548
31.61	0.0861129885103168
27.03	0.1228754093248089
33.35	0.0916517348821198
25.86	0.1726425868350669
28.91	0.1045653662060624
29.17	0.103296027991463
29.78	0.0869590503112289
36.59	0.0971904272300202
26.73	0.1260212217492956
34.65	0.081943830885232
25.5	0.1892020887521992
33.87	0.0903093208283872
31.18	0.1047692702865694
27.67	0.1275048649594979
37.18	0.0893070894973942
34.44	0.0905365126676602
33.49	0.080225228613866
31.77	0.0806284446780262
38.52	0.0914198052063884
37.64	0.0953479028812009
26.55	0.1278429448329637
31.94	0.0819521353859425
31.89	0.0981393545886229
31.09	0.1062412138251975
29.2	0.1043308736041828
28.08	0.1059744607327016
27.91	0.1215379172830771
27.01	0.1238771673281805
37.35	0.0895605464948814
26.77	0.1282686085046692
26.09	0.1663966897524476
32.72	0.0804705366433488
32.44	0.0914210787768163
33.84	0.0799419213642907
34.59	0.0904563919561899
36.26	0.0959755258851708
34.59	0.081911915630874
29.96	0.0858170892449262
30.75	0.1027546553171654
30.24	0.0827182330124849
32.07	0.0957091619525281
26.04	0.1677219944024972
37.0	0.0889787719617394
37.87	0.0897534943691038
34.51	0.0984961623402483
31.25	0.1048968090350916
31.84	0.099571755411721
31.58	0.0869823666407896
31.23	0.105232573976048
39.06	0.0880673710153664
25.93	0.1739179504542632
32.52	0.0821584315665206
32.6	0.0914660600262531
29.17	0.1035460299616315
34.9	0.0813835702041848
36.19	0.0959453737031547
34.33	0.0966426230548876
34.77	0.092004589579156
31.5	0.1053429493426894
30.36	0.1009364003764882
26.86	0.1266994656932762
32.74	0.0910112690146232
30.44	0.0830607569755634
36.25	0.0857507611900937
30.31	0.0838011596593803
27.71	0.1276189949693183
27.98	0.1065165672058374
37.01	0.0950454885722186
29.2	0.1034971412344843
27.1	0.118191488787252
26.51	0.135842109769672
28.83	0.1049871840256798
27.31	0.1291222650329179
32.87	0.0792507545718174
32.46	0.0811973911811708
38.27	0.0975837140120856
27.55	0.1283379728292087
36.57	0.0971323846485554
31.1	0.1073294837569043
27.74	0.1282056687904433
