40.9	0.1569152069762103
44.3	0.2182675209574077
31.5	0.1718050204967532
41.9	0.1920278305982699
46.5	0.2145879109489656
43.7	0.2256903684624414
31.5	0.19021147959829
34.8	0.1529179796484068
38.4	0.1542125986929349
36.4	0.1714233505784538
38.4	0.1674011133249343
33.8	0.1651680358476475
30.4	0.1762361057876581
39.5	0.1556142358919629
33.1	0.1570143144735232
40.0	0.1569283943231451
45.4	0.2262688005299529
34.3	0.1646349654942507
45.5	0.2294015491909474
37.4	0.1913681368136813
44.3	0.2189798125010678
31.8	0.1648386670317944
44.1	0.2141566585184398
35.7	0.1590787502674941
40.9	0.1577476269507843
33.6	0.1647869153407222
43.7	0.2221366679717314
31.7	0.1801865809959224
36.5	0.1647299517002678
41.0	0.2962750159364486
31.5	0.1784420592540116
36.8	0.1937006586093299
40.5	0.1561733832791338
32.0	0.1653884799146964
40.8	0.1536700894896215
40.4	0.1560105394913896
39.9	0.1989603339365209
47.0	0.2049251943465079
40.5	0.1623844869309256
34.7	0.1814778275765061
31.9	0.1649985913386456
40.9	0.1574810450651524
34.5	0.1528988868274582
29.4	0.1846995708154506
34.5	0.1518705864676716
34.6	0.191233150274588
32.9	0.1777189255260324
39.5	0.1618188249853001
33.9	0.1568025891036384
44.5	0.2384623571341427
44.3	0.2365327656423546
40.4	0.2001730344101205
39.8	0.1567249659979598
41.2	0.2951780419717837
39.6	0.1548347255905865
41.0	0.1958635158697532
43.9	0.2197737623035111
33.0	0.1564477373505619
36.8	0.1661305147058823
35.4	0.151122057721343
44.8	0.2340885460123487
31.1	0.1635781915524903
35.7	0.1611485921569239
36.3	0.1703038106761092
34.4	0.1729907570305565
38.2	0.1688270103511764
28.8	0.1758725757772675
29.4	0.1840634381418865
39.5	0.1553388382687927
43.9	0.2860150995364393
31.5	0.1666278065147713
36.6	0.193868626578491
33.7	0.1700454484395289
34.8	0.1671289701876702
31.5	0.1755169710394553
37.0	0.1918355416991426
34.0	0.1589538969221897
31.2	0.1684650380773415
34.1	0.1699713216187851
45.1	0.2336195920686209
32.6	0.1571435200476043
31.5	0.1687992457404538
44.1	0.211738835797364
44.9	0.2208725605361571
42.9	0.2975475045084444
33.2	0.1562258281556998
36.4	0.170662680563965
44.3	0.2109972762592116
40.1	0.1583244717000743
44.3	0.2162046931447107
31.2	0.1709348626913767
32.5	0.1864984200848572
30.4	0.1633115110472192
35.3	0.1928778436738841
44.0	0.2832306594322128
32.6	0.1547070053846205
40.6	0.1554467651312202
40.3	0.1999276944827363
35.4	0.1524142396610845
34.1	0.1548230545241653
39.8	0.1575053233583252
29.0	0.182945223877513
33.2	0.1570310214725903
37.4	0.1937381815032406
38.9	0.1944198581560284
35.1	0.1518758699482657
35.9	0.1513558031142839
32.2	0.162107954784469
32.1	0.1610393744652911
32.8	0.1680534353006589
34.0	0.1487607427232076
39.4	0.1570918239232092
42.1	0.1925930798939754
42.9	0.2728932779783984
31.8	0.1591278040141676
37.1	0.1935982339955849
44.6	0.2173327323537365
43.0	0.2022388680592272
34.6	0.1653351469951133
45.0	0.2319510574687189
37.6	0.1924669009662626
35.7	0.1716117127179138
37.1	0.1598265576144242
38.6	0.1546596990748302
40.5	0.1540735051188434
33.1	0.15694491468039
35.2	0.1577176268476784
37.7	0.1688162797363141
33.7	0.1537703231018547
44.9	0.2328540783492517
36.1	0.1932087621031373
44.3	0.216729123411151
31.4	0.1637765854709108
31.5	0.1640916504792345
39.2	0.1546067150467548
42.6	0.2980448025152289
33.4	0.1868288609411079
43.7	0.2810390636749402
44.9	0.2398143212738761
34.8	0.1541444952409503
43.9	0.2825366694927761
44.1	0.2956194077973577
44.5	0.2243370875370218
31.3	0.1739546229182056
33.5	0.1519507532263891
40.9	0.1952736811689452
35.2	0.1578667238928539
33.0	0.1703580097087378
33.3	0.1518016081546882
38.3	0.1537782954633047
38.5	0.1680901035550336
36.5	0.19303035369807
26.4	0.1619164651923487
40.4	0.1980370640952128
44.5	0.2058443960379762
39.2	0.1561150121468268
38.7	0.1687275297808066
40.4	0.1532508100278866
44.0	0.2285747146266425
43.0	0.2736711720908707
41.3	0.1596512542238405
43.5	0.2689974439998706
39.7	0.1575432549306198
33.5	0.1727004824200156
38.4	0.1552157849406477
41.1	0.1576875118879049
44.4	0.2101276588694334
38.4	0.1551536105548356
35.5	0.1669579620437642
46.1	0.2157691382311732
44.6	0.2171030373796799
39.5	0.153960238174211
35.8	0.1501576590146813
43.7	0.2837662337662338
40.5	0.1578953817388877
35.1	0.1521958471678477
46.8	0.2080574076166798
30.3	0.1817807089859852
40.8	0.1925882850496933
37.1	0.1699603612439213
40.3	0.1985813975499995
42.5	0.2959405445915563
33.7	0.1517272119456206
33.8	0.1552796335980503
42.7	0.2983333820415472
33.0	0.1604256370714342
32.5	0.1587635207874096
31.6	0.1664880986149494
35.4	0.1521239401361199
35.4	0.1945151404975848
38.6	0.1551922614043472
31.1	0.1701267020555529
34.3	0.1535694804309286
36.5	0.1683581503536648
41.8	0.2978628036540227
37.5	0.191694364227465
44.0	0.2864224177917412
44.9	0.223253437779386
30.2	0.1772693843244378
42.6	0.2970133258782965
36.7	0.1949865494718592
35.2	0.1514419292199499
37.1	0.1937524562566356
33.4	0.1773880617552357
31.4	0.1637588411405561
33.1	0.1886637499813352
44.5	0.2180559626614957
33.0	0.1852255498771906
31.5	0.1646029444549094
35.2	0.1560329866086474
34.9	0.1542346688779164
36.4	0.1595367399130165
29.3	0.1773397922648014
33.3	0.1765078626863936
36.5	0.1712088735765194
40.3	0.200161847184361
41.0	0.1567582872684763
33.3	0.155731416804619
39.0	0.1541914518555639
34.6	0.1559922269833217
44.0	0.2521547801321241
35.5	0.1943282194328219
34.8	0.152029735094282
35.1	0.1559428767159381
36.3	0.1691987468348998
45.0	0.2449993301794857
39.3	0.1536115263313512
40.7	0.156726769024666
42.6	0.2019697448054067
31.7	0.16396969225909
42.5	0.2014824653484436
40.1	0.200093972150599
38.3	0.1680233084749856
43.9	0.2829656121527686
44.3	0.2217212137891718
35.1	0.1519555105527956
35.5	0.1709450849986014
47.1	0.2121596317645484
42.4	0.1922923419609196
36.1	0.1618251727680649
43.5	0.2959957088551505
39.0	0.152115262186324
35.3	0.1585719542969297
29.5	0.1592011905635264
35.1	0.1646584236930751
33.0	0.1732134431723891
34.3	0.1506406761823948
33.2	0.1689827080306526
33.1	0.1532881785726201
31.8	0.1659482827533502
40.6	0.160681564838898
44.0	0.2934217454633317
47.1	0.2070807225755895
40.5	0.1594839127618224
31.1	0.1688561858107088
38.3	0.1548147482800882
41.2	0.1938324509603338
32.0	0.1544683364948377
43.2	0.2714664028487957
32.2	0.1620157967203662
34.7	0.1623615929898719
44.3	0.2211112093930152
39.9	0.1590905450551462
41.2	0.2991266251315752
43.6	0.2773699418740866
34.8	0.1524158975134917
40.6	0.1597095419564242
35.4	0.1919716141126062
37.1	0.1937437369504761
44.5	0.2059571376679985
44.6	0.2178135278786293
44.3	0.2681551084875985
32.9	0.1690285878271732
38.9	0.1683200053054209
31.7	0.1788486035325208
33.9	0.1543832364333103
32.8	0.165118718559298
40.5	0.1957694175450624
39.5	0.1539639508616784
39.5	0.1540643935342196
33.4	0.1721372784900862
32.4	0.1966624929290104
30.0	0.1623012401584933
32.3	0.1792398528903887
34.5	0.1530816168303764
39.7	0.1635566214866872
40.5	0.1579470990577318
45.1	0.2164030177658796
37.0	0.191462775605627
39.5	0.1557142754311709
41.5	0.2986809741102956
46.5	0.2136294432705338
43.9	0.2137036975322013
39.5	0.1541459632877525
42.6	0.2001824611260919
33.7	0.1507674779814594
44.2	0.2138848680547823
33.6	0.1544084195201844
32.2	0.1593900925677488
42.8	0.294641210108836
37.2	0.1604078188013158
30.4	0.1569062976093859
30.4	0.1863386609476996
42.1	0.1936114313289188
41.5	0.1583376228702007
44.5	0.2120523983647638
38.7	0.1543043697237145
33.5	0.1548258212643937
33.9	0.1548432943066063
43.2	0.2967218454091809
34.8	0.1543255072976843
35.6	0.1516315625172154
42.3	0.2974346491406007
38.4	0.169358074222668
34.5	0.1536355924933998
39.1	0.1714509628302731
35.5	0.1577752690859264
29.0	0.179676873874205
35.3	0.1515122387640345
43.8	0.2942799915081365
29.4	0.1849957374254049
44.0	0.2808731717965509
34.9	0.1716045692449258
37.4	0.1924352374332937
33.0	0.1711748363301553
33.3	0.1522583968142858
32.4	0.1589279407428528
36.8	0.1923997951650667
33.0	0.1685749311320843
44.8	0.2178512606106676
35.2	0.1653603563540416
35.7	0.150854844116661
40.7	0.1563353446652529
34.6	0.1645807733733824
32.5	0.1784823132247174
44.8	0.2433657415776553
33.5	0.1712173328991288
35.0	0.1558989927682893
35.6	0.1666267908513486
43.3	0.2038541505715625
44.0	0.284582577216076
34.0	0.1661503799887547
39.9	0.1550254655988108
33.4	0.1543580870322633
31.3	0.1768453717153043
39.1	0.1534575749306868
40.2	0.1969989942855825
47.0	0.2137486723684946
33.6	0.14975220246642
36.8	0.1690427644077683
36.7	0.1614725489098371
35.7	0.1937296877864968
32.8	0.1924476869402125
34.1	0.1913156086473916
30.4	0.1858647025929305
35.5	0.1524648502117717
31.6	0.1582381440746896
36.6	0.1709987552410901
31.3	0.1762375314626643
38.4	0.1673378795676788
35.0	0.1541119908927355
30.3	0.1598059295571298
40.3	0.1551299690865916
38.5	0.1530455984730634
35.0	0.151444523994705
38.4	0.1532357439476511
35.6	0.1645781519035775
37.8	0.170458150043391
38.7	0.1542696156330046
32.9	0.170056734487203
34.8	0.1943899226600154
32.3	0.168694718941507
35.5	0.1940545716719464
44.1	0.2521092658368266
35.9	0.1575077212400069
43.3	0.2934186622431356
32.8	0.1770579223381062
31.1	0.1617689403949999
40.9	0.1944133797769479
44.1	0.2646084381505263
33.9	0.1580977836052346
33.4	0.1514664002958253
43.4	0.2764194786825621
39.8	0.1547201052922071
42.3	0.192330203666592
42.1	0.1922492173063328
36.0	0.1500450606479537
34.5	0.1618753947706339
38.5	0.1945868449536908
33.9	0.1510789006956487
35.1	0.1617624705307261
36.5	0.1599634875090533
31.5	0.1733179501651754
34.9	0.1803911280547539
40.0	0.1556435329562873
36.7	0.1605590474432581
31.1	0.1697291321171918
39.9	0.1999498744165489
35.2	0.1503276263236336
35.4	0.188250508673311
34.1	0.1517476713086784
38.3	0.1696374166982021
33.6	0.1526593721063222
38.8	0.1548149512506634
41.2	0.1921156373193167
35.9	0.1710208798305142
39.3	0.1543120825845982
42.0	0.2967256479192475
33.3	0.1517397703371354
34.9	0.1910462570915674
40.0	0.1990096429502215
43.9	0.2519714167853198
31.5	0.1868903133439625
42.6	0.2975833647965932
46.1	0.2144314537820409
30.5	0.1797966833720408
31.7	0.166492383031126
44.7	0.2178301282051281
30.4	0.17388793786249
40.2	0.1557230555968117
43.8	0.2208748891412924
32.1	0.173848554312022
33.5	0.1518736944590197
33.5	0.1667668682937575
39.9	0.1574609833749266
45.1	0.2285833607978202
39.5	0.1634060407293591
33.3	0.1939069453569294
37.7	0.1931332393962552
42.3	0.2969147676431032
35.0	0.1516268846801692
38.1	0.1689895470383275
34.0	0.1581293456988031
33.6	0.1559434706216017
44.0	0.2845273230832631
38.3	0.1689151350201046
35.2	0.1723220226214238
30.9	0.1808909823959123
42.0	0.191724478324056
31.5	0.1726042408635143
44.5	0.2157521025782434
39.7	0.1990217675798289
35.2	0.1918306737837974
35.5	0.1946282332623845
32.9	0.180406115767024
34.8	0.1652219068060652
33.7	0.1723699798056679
31.8	0.1816827257375584
33.7	0.1537552634936838
32.3	0.1923359461401228
37.0	0.1923589092239892
33.7	0.1764072186736802
37.8	0.1596732248847038
40.6	0.1947856541734318
40.0	0.1560211423524147
33.9	0.1580982741708862
32.9	0.1567040921797134
33.8	0.1774035871755481
31.7	0.1853555221540608
38.9	0.1696407387520135
44.5	0.2204891439980034
40.6	0.200648747483686
33.2	0.1940398264681986
34.1	0.1539806054995745
37.2	0.1928019215110595
39.2	0.1565659933810718
42.5	0.2970689703388645
31.5	0.1809549240614254
37.2	0.1927198316681841
39.2	0.1548683661589741
33.9	0.152664153028782
43.2	0.2936788919098685
40.2	0.1982618513511505
40.2	0.1976419826034381
44.6	0.2052076486487223
30.8	0.1561489080813068
32.2	0.1596441369084393
34.8	0.1605848345261091
46.5	0.2139821692917061
33.7	0.1550773173540008
43.6	0.2773089229976071
36.1	0.1658142755626559
32.8	0.1954107885099741
36.8	0.1605432976053185
46.4	0.2141345274595234
41.5	0.1929407868663782
44.3	0.205222761069864
34.1	0.1710435505402886
33.0	0.1713346064078081
43.9	0.2859677035899124
32.3	0.1663906757531367
32.3	0.159519712194345
28.2	0.1582166978779299
44.2	0.2224925861151243
36.8	0.1921609240443735
43.9	0.2027779877133695
44.1	0.2835911868064567
32.0	0.187404293649602
44.5	0.2275799565690021
42.8	0.3000696597966149
39.5	0.1544093666906612
35.4	0.1511315762593207
39.5	0.155304432733655
33.3	0.1561408345421711
32.3	0.1591108477936401
33.2	0.1653432067643506
43.1	0.2961502943415316
31.0	0.177407583322714
44.6	0.2462194373226317
39.5	0.155624313017101
44.4	0.221544305738126
32.9	0.1634186248657808
44.8	0.2407466032820236
39.5	0.1545015319349516
29.7	0.1818947368421052
39.4	0.1537917834521867
29.0	0.1804447024299005
35.9	0.1691299966409136
40.6	0.1546624118633926
34.5	0.1755815630601858
33.7	0.1755346541937601
37.4	0.1930157251875656
36.4	0.1935279075473176
44.6	0.2175340356864636
43.2	0.2714212236058473
37.5	0.1615554089778281
42.0	0.1937997733938339
43.2	0.2714967830149675
43.0	0.2954906715969937
37.7	0.1699184531583474
30.2	0.1870304071132285
39.2	0.1543258054880978
40.6	0.1949110685961157
31.2	0.189005360035525
33.0	0.1702140153986689
42.3	0.1935845386681465
35.9	0.169881603931643
44.1	0.2486840375463413
40.6	0.1585051695454406
33.4	0.1607439141823204
33.3	0.1949345304000385
44.0	0.2319379853857121
34.9	0.1701117365511662
41.4	0.1583143580235599
39.1	0.1552111716621253
35.2	0.161947132814224
31.8	0.1634325232761675
44.2	0.2802131384031154
33.1	0.1520135871466214
29.0	0.1771561771561771
34.5	0.1576169153916634
42.6	0.2982692355377024
35.4	0.1506921606118546
35.8	0.1617773451725896
34.8	0.1634549396275717
40.0	0.1593588926621119
46.8	0.2142793079025927
43.9	0.2803941747846559
39.5	0.1960027158955329
41.6	0.2963095862430649
38.6	0.1535383556501063
44.8	0.2260721449345072
35.5	0.1633421422174062
36.9	0.167908997370527
34.7	0.1616125727923515
44.6	0.2402994190957647
35.3	0.1519875784769986
39.1	0.1554886336902822
42.7	0.2979980299902547
46.5	0.2130657376860388
30.5	0.1762329519746622
37.5	0.1700408376053523
30.6	0.1612358227168636
34.5	0.1577440052687775
44.2	0.2220514686717777
33.1	0.1562205543394749
35.9	0.158963267195994
38.0	0.1556320668927691
43.9	0.2671068909561221
36.4	0.1928928947320072
35.2	0.1707653118441499
35.3	0.1720291216533583
31.9	0.1848725518732588
35.6	0.1674495798544639
36.7	0.1923441052592344
33.6	0.1556152321951655
31.4	0.1735559873961112
33.3	0.1949087270301413
33.0	0.1583874043957035
40.3	0.1557757155558896
29.1	0.1830260418879306
31.2	0.1711698747685281
34.7	0.1533762387790657
33.4	0.1528365179821091
32.1	0.1589750294156098
36.8	0.1944454507346205
35.9	0.16975901401159
31.4	0.1548429107033418
44.5	0.2365230357877416
32.2	0.1642805991818636
44.4	0.2167424261590921
33.1	0.1684274438372799
44.1	0.2811591699623577
39.8	0.1963781900419722
38.0	0.1929828579280652
39.5	0.1620886316290063
33.5	0.174030625802737
44.2	0.2223004896486556
33.6	0.1526553687035131
41.4	0.2970870237593139
32.9	0.1665106263458477
34.3	0.1927487504097611
46.0	0.2152117769506236
34.7	0.1655169768084213
35.6	0.1652901543142795
35.2	0.1517203707831094
40.2	0.1573457394711067
33.3	0.1649137406073565
31.2	0.1640163708737138
44.5	0.2240622788393489
34.5	0.1547892526771674
36.4	0.1713426853707414
35.1	0.1844884776536312
37.9	0.1950824249367456
41.8	0.1935586426152464
47.0	0.2034323258869908
44.8	0.219019093972295
34.5	0.1650344898855504
43.9	0.2291037448219198
44.1	0.2789339806430939
34.7	0.1538841386288894
38.4	0.1696091163291332
39.3	0.1547731726233727
35.7	0.1683155794956108
33.2	0.1724930142287591
35.3	0.1519696839782136
40.6	0.1604001603763877
35.5	0.1933980656648696
40.2	0.1560801335559265
36.2	0.1730571911158818
44.1	0.2777714386777652
35.1	0.1631208500334629
33.4	0.1639868481725776
32.6	0.1550631019793339
34.0	0.1938514938848017
33.1	0.1721332616872649
33.7	0.1634086925522117
33.6	0.194769787781631
33.3	0.1606952919126869
44.1	0.2840730428103359
34.9	0.1552372226922259
38.5	0.1693711449115672
39.5	0.1946935138588448
33.5	0.1509670646304242
34.0	0.1720656181572969
33.7	0.1527820581890213
35.8	0.1687975778546712
32.3	0.1862486578088136
36.8	0.1932442172179386
44.0	0.225121303931842
38.8	0.1690450819175859
40.4	0.1558555414093309
33.0	0.1573217585442643
40.4	0.1574608595034325
46.5	0.2144837833683456
41.4	0.1925080638603529
32.4	0.1623094228724496
39.2	0.1948781078690427
44.3	0.2109032410168222
44.7	0.2369797204678512
39.8	0.1992895387149916
43.3	0.2217423642792651
39.7	0.1533480603247395
34.9	0.1562190215172896
31.4	0.1675948916929681
45.8	0.2164175191068245
33.0	0.1723699204531625
31.5	0.1828184237824348
46.2	0.2152208583616262
