40.9	0.1133483824755359
44.3	0.167580281102407
31.5	0.1493797068316299
41.9	0.1473389175603037
46.5	0.1951710533509084
43.7	0.1743469174503657
31.5	0.1437600762128096
34.8	0.1150509961970808
38.4	0.1134713421315927
36.4	0.1291318310171086
38.4	0.1267825543874258
33.8	0.1259459758051151
30.4	0.1289734489245747
39.5	0.1130634577981063
33.1	0.118963479203093
40.0	0.1125638340332192
45.4	0.1778317372794669
34.3	0.1249948092519892
45.5	0.1795621682170165
37.4	0.1454615523990026
44.3	0.1712149754161483
31.8	0.1496004423761077
44.1	0.1661162340680843
35.7	0.1245683399229267
40.9	0.1138659210438719
33.6	0.1237493662766034
43.7	0.1891138235585988
31.7	0.1367589265832536
36.5	0.1253033561549237
41.0	0.2530769550691085
31.5	0.1737556318386612
36.8	0.1424328078106989
40.5	0.1146510969259928
32.0	0.1416677259438159
40.8	0.1135216818518969
40.4	0.1159436186254091
39.9	0.1454206591329007
47.0	0.2008174434821334
40.5	0.1204575048308395
34.7	0.1579389257529599
31.9	0.1397580188958029
40.9	0.1168878957615144
34.5	0.1135660509771789
29.4	0.1373523008307087
34.5	0.1139455328602402
34.6	0.1451720045471348
32.9	0.1342390093460135
39.5	0.1203848280437907
33.9	0.1167119190649903
44.5	0.1884231054135361
44.3	0.1863581518208112
40.4	0.1483269427050288
39.8	0.11270245513481
41.2	0.2524673055763206
39.6	0.1124428902164586
41.0	0.1480287843601701
43.9	0.1898616312942156
33.0	0.1191612032122125
36.8	0.1262159950208526
35.4	0.1128203110432145
44.8	0.183604322460354
31.1	0.1421507624954638
35.7	0.1200993769507659
36.3	0.1280988403038758
34.4	0.1305469726761509
38.2	0.1265686927011194
28.8	0.129262434362663
29.4	0.1381371377060103
39.5	0.1120610764623755
43.9	0.2311100732481629
31.5	0.1521227166720326
36.6	0.1418707503073767
33.7	0.1306936735346255
34.8	0.1278675093632958
31.5	0.1466032133822873
37.0	0.1422143255689575
34.0	0.1174183890283948
31.2	0.1515270590212389
34.1	0.1293246089049338
45.1	0.1829382554108498
32.6	0.1155035728251981
31.5	0.1440805240453746
44.1	0.1629627251592467
44.9	0.1694889393249977
42.9	0.2542798573420752
33.2	0.1191498020644492
36.4	0.1299890004197907
44.3	0.1623507330377543
40.1	0.1137418777583786
44.3	0.1919404921118458
31.2	0.1477802600194846
32.5	0.1451759316592823
30.4	0.1188322328316866
35.3	0.1428205347228154
44.0	0.2300122544468788
32.6	0.1122787472926884
40.6	0.1135044668800024
40.3	0.1483230016496911
35.4	0.1131983814710448
34.1	0.1177529045267354
39.8	0.1127581350092877
29.0	0.1357733877033928
33.2	0.1183672371962965
37.4	0.1454802142590208
38.9	0.1454785752514936
35.1	0.1131852729682001
35.9	0.1126932707735693
32.2	0.149709894505629
32.1	0.1252169165675512
32.8	0.1283903073603353
34.0	0.1081490705246917
39.4	0.1121821502306322
42.1	0.146319858056038
42.9	0.220705460342766
31.8	0.1152326909184125
37.1	0.1455425140120984
44.6	0.19201426731398
43.0	0.1560482129604009
34.6	0.1251015814993278
45.0	0.181121948347594
37.6	0.144646976730939
35.7	0.1290445919362088
37.1	0.1183753237579467
38.6	0.1133323018264448
40.5	0.1149789007874986
33.1	0.119072267183955
35.2	0.1172479994837377
37.7	0.1274137978556269
33.7	0.116582798665016
44.9	0.1827468785471056
36.1	0.1429792284866468
44.3	0.1921313224352831
31.4	0.1386021723563711
31.5	0.1224226804123711
39.2	0.1120805159809376
42.6	0.2521073027276576
33.4	0.146108576899251
43.7	0.2293790796784808
44.9	0.188472532166063
34.8	0.1148609518856886
43.9	0.2271534471208942
44.1	0.250605400237447
44.5	0.1749350086655112
31.3	0.1511995130940506
33.5	0.1140409642447269
40.9	0.1479759681252239
35.2	0.1180702195753666
33.0	0.1275235327945761
33.3	0.1130855515946968
38.3	0.1116756682862904
38.5	0.1267026557251015
36.5	0.1420225558407211
26.4	0.1347009276142174
40.4	0.1485975263147578
44.5	0.1595348616149934
39.2	0.1126014242865613
38.7	0.1281575751581191
40.4	0.1142923545439974
44.0	0.1773535962851255
43.0	0.2201381363345562
41.3	0.1184340998187535
43.5	0.2152399904646414
39.7	0.113256952846386
33.5	0.1313857719307943
38.4	0.1137476186010982
41.1	0.1180323498044792
44.4	0.1618675859272026
38.4	0.1140951620224977
35.5	0.1264731778209167
46.1	0.1931938937472804
44.6	0.1901465216577226
39.5	0.1117117690596361
35.8	0.1102489827456416
43.7	0.2302628990281111
40.5	0.113315945134021
35.1	0.1130128888421811
46.8	0.2015369625716374
30.3	0.1391366813912596
40.8	0.1478760882769791
37.1	0.1263563956345708
40.3	0.1484542612814828
42.5	0.2539649303915506
33.7	0.1224272816906122
33.8	0.1176667078641552
42.7	0.2532288354671018
33.0	0.1204176323610795
32.5	0.1147382768183537
31.6	0.1501719497975469
35.4	0.113071405278196
35.4	0.1426852139185342
38.6	0.114601320642639
31.1	0.1523320177724824
34.3	0.1142327762232473
36.5	0.1275472566643257
41.8	0.2537976280595509
37.5	0.1445903754951576
44.0	0.2323260318879451
44.9	0.1715386962773166
30.2	0.2028145594892769
42.6	0.2535444216613166
36.7	0.1419353151197311
35.2	0.1095331660279231
37.1	0.1453908202393127
33.4	0.169140286931629
31.4	0.1428124021296586
33.1	0.1449069834959912
44.5	0.1681443340986591
33.0	0.1471932267379379
31.5	0.138557998491376
35.2	0.1152604607560625
34.9	0.1141648690785378
36.4	0.1194671355439908
29.3	0.1280318459544528
33.3	0.1330313931823241
36.5	0.1285311807534029
40.3	0.1486289282562954
41.0	0.1167542257657063
33.3	0.1183832534814817
39.0	0.1130321628942839
34.6	0.1158892017092307
44.0	0.197438008636332
35.5	0.1437341654145233
34.8	0.1133715240525415
35.1	0.1154323567387521
36.3	0.1273808575071724
45.0	0.19217847302462
39.3	0.1117929727383714
40.7	0.1165913989707367
42.6	0.1547235263903694
31.7	0.1403068766547189
42.5	0.1553697092267371
40.1	0.1493989744504889
38.3	0.1276059489730939
43.9	0.2303046461698217
44.3	0.1744519683231952
35.1	0.122702813829597
35.5	0.1273251609384818
47.1	0.2012828852161614
42.4	0.1477634167417403
36.1	0.1195781629815194
43.5	0.252746080109707
39.0	0.1112829374470378
35.3	0.1166664920862706
29.5	0.1279821835055156
35.1	0.123048775210453
33.0	0.1320200194633671
34.3	0.1108110689712408
33.2	0.1286877752846339
33.1	0.114078531007832
31.8	0.1497600777171566
40.6	0.1192735347510373
44.0	0.2520674229394833
47.1	0.2000856308235592
40.5	0.1136039658066278
31.1	0.1510925339381475
38.3	0.1138325347648154
41.2	0.1471434943032072
32.0	0.1251608059066449
43.2	0.219639552595385
32.2	0.1390568780153104
34.7	0.1214741950860163
44.3	0.1898667623211729
39.9	0.1132654360280076
41.2	0.2545617346025098
43.6	0.2223747609534085
34.8	0.1140257242033802
40.6	0.1188038269766237
35.4	0.1427676262392931
37.1	0.1451254903919251
44.5	0.1582629775799373
44.6	0.1888291743560941
44.3	0.2112535499247044
32.9	0.1253863378327236
38.9	0.1280770419198681
31.7	0.1568300436415047
33.9	0.1171738616850407
32.8	0.1219733543602294
40.5	0.147804540739887
39.5	0.1118172235557079
39.5	0.1121759271584888
33.4	0.1312676269614431
32.4	0.1496843445507436
30.0	0.1172295007381684
32.3	0.1362432511966176
34.5	0.1227563377219256
39.7	0.1216400606438954
40.5	0.1136100738380192
45.1	0.19312585140941
37.0	0.1454614999852885
39.5	0.1123432697524358
41.5	0.252377862492227
46.5	0.1959680028544042
43.9	0.1653370154444103
39.5	0.1122938301771533
42.6	0.1543112261404076
33.7	0.1104573819130221
44.2	0.1648643068400292
33.6	0.1165096864464874
32.2	0.1214114480514005
42.8	0.2518175731465249
37.2	0.1181176893966309
30.4	0.1264128574884059
30.4	0.1432759562631291
42.1	0.1482062386916186
41.5	0.1177748239747692
44.5	0.160585715266736
38.7	0.1120791722792512
33.5	0.1175003406294833
33.9	0.116796608632267
43.2	0.2536532245919301
34.8	0.1157213413446296
35.6	0.112465895969198
42.3	0.2527347597393072
38.4	0.1271015572493631
34.5	0.1137735869533759
39.1	0.1268833745471274
35.5	0.1179945231233863
29.0	0.1338560869640477
35.3	0.1129162263121752
43.8	0.2504458334834456
29.4	0.1385385962190554
44.0	0.2276668857279704
34.9	0.128771572919418
37.4	0.1454048697621744
33.0	0.1319312565939252
33.3	0.1148627316811554
32.4	0.1211071272165679
36.8	0.14505620613533
33.0	0.1286905674846626
44.8	0.1901182891526666
35.2	0.1232460121321051
35.7	0.1123262004978841
40.7	0.1147725122912426
34.6	0.1245572001822644
32.5	0.1703489602569582
44.8	0.1916218258303638
33.5	0.1311543833175477
35.0	0.1151881443781225
35.6	0.1268285604255153
43.3	0.1570678169107804
44.0	0.2328923619596677
34.0	0.1242672424032073
39.9	0.1140609888414754
33.4	0.1246215208664968
31.3	0.1665207341718572
39.1	0.1130109378164877
40.2	0.14900430689992
47.0	0.2007800008965528
33.6	0.1122498972216837
36.8	0.1275926217051826
36.7	0.1189176980651891
35.7	0.1431067302237045
32.8	0.1449706476454993
34.1	0.1479902046794778
30.4	0.1433455389188993
35.5	0.1131554453439209
31.6	0.1148503815484866
36.6	0.1299556425448627
31.3	0.1313095967106989
38.4	0.1271028156129294
35.0	0.114366803942348
30.3	0.1189709008769598
40.3	0.1148769522359343
38.5	0.1109396518154793
35.0	0.112995635818374
38.4	0.1116293519240085
35.6	0.1256674524975317
37.8	0.1270290720357519
38.7	0.1116892610313662
32.9	0.12850137120822
34.8	0.1451011159056195
32.3	0.1278200808808721
35.5	0.1440795230802887
44.1	0.197906978541635
35.9	0.1179913266382321
43.3	0.2515953982569713
32.8	0.1355677002007584
31.1	0.118804224543004
40.9	0.1472409441207271
44.1	0.213452475326268
33.9	0.1177109437558962
33.4	0.1133801481796052
43.4	0.2223460291734197
39.8	0.1144662568667852
42.3	0.1477566799915842
42.1	0.1478422157704395
36.0	0.1113563686357318
34.5	0.1217634378385573
38.5	0.1446689937475683
33.9	0.1219084910940797
35.1	0.1215043542291706
36.5	0.1186299715316351
31.5	0.1284962406015037
34.9	0.1756069605084922
40.0	0.114896960270808
36.7	0.1187255927801341
31.1	0.1433537696599674
39.9	0.1467933264658093
35.2	0.1122903621535006
35.4	0.1456707492696575
34.1	0.1146035925396741
38.3	0.1258196417083188
33.6	0.121582026140371
38.8	0.1118094662078773
41.2	0.1470465321867716
35.9	0.1288733174541627
39.3	0.1120148602658744
42.0	0.2529914799704337
33.3	0.1114737634948531
34.9	0.1479410994159256
40.0	0.1463396395722724
43.9	0.1998277213831806
31.5	0.1456177290454151
42.6	0.2527312763246161
46.1	0.1937785292404704
30.5	0.1384548523377332
31.7	0.1508424692811419
44.7	0.1897393814696077
30.4	0.131880068409078
40.2	0.1147705698012215
43.8	0.189383415854553
32.1	0.1318480642804967
33.5	0.1143523467861321
33.5	0.1264700535581938
39.9	0.1133396831593862
45.1	0.1774263147942535
39.5	0.121042922149797
33.3	0.1467950648715923
37.7	0.1452266715524053
42.3	0.2532342007434944
35.0	0.1131953485804051
38.1	0.1283448230796876
34.0	0.1172486453943407
33.6	0.1180161303925767
44.0	0.2301802835392153
38.3	0.127258518114925
35.2	0.1266189917417583
30.9	0.1358204966691481
42.0	0.1467005805445731
31.5	0.1522671014725388
44.5	0.1917108050847456
39.7	0.1463100629316387
35.2	0.1438648854037027
35.5	0.1434098236298122
32.9	0.1363458517354832
34.8	0.1230863877817851
33.7	0.1283135223650057
31.8	0.1410581530030666
33.7	0.1152244377598719
32.3	0.1479433591529854
37.0	0.1458716107120984
33.7	0.1335411045257985
37.8	0.1175332297052945
40.6	0.1478299884003414
40.0	0.1123258147987155
33.9	0.1180633627007264
32.9	0.1198490964981094
33.8	0.1729983558367794
31.7	0.1421083704613948
38.9	0.126604908174874
44.5	0.1708722959158289
40.6	0.1485549278372417
33.2	0.1491560544675713
34.1	0.1159272668596266
37.2	0.1457313711828029
39.2	0.1119787913461693
42.5	0.253081175070021
31.5	0.1419173455564422
37.2	0.1450453412155577
39.2	0.1129526222747314
33.9	0.115867070720828
43.2	0.2526667306225189
40.2	0.1477208467009749
40.2	0.1458139772184121
44.6	0.1578310152113622
30.8	0.1264669999244231
32.2	0.1211417159835366
34.8	0.1210123836963093
46.5	0.1993521912326677
33.7	0.117791621420815
43.6	0.2227045468543715
36.1	0.1252326226355431
32.8	0.1485728603101628
36.8	0.1181794398684321
46.4	0.1983761020435164
41.5	0.1480959358452838
44.3	0.1571776398297747
34.1	0.1301383623857334
33.0	0.1263473053892215
43.9	0.231118879068158
32.3	0.1236829105098269
32.3	0.1209140783420722
28.2	0.1316799332860619
44.2	0.1747617697309946
36.8	0.1451680095017771
43.9	0.157157911760563
44.1	0.2298119461297904
32.0	0.1424371297762926
44.5	0.1765057165937328
42.8	0.253135105907309
39.5	0.1113884902608758
35.4	0.1127660334545884
39.5	0.1132770823149348
33.3	0.1191580641072585
32.3	0.1209108273851412
33.2	0.1255153910571317
43.1	0.2539997947627177
31.0	0.1286751918158567
44.6	0.196740237864848
39.5	0.1129645628770406
44.4	0.171477037854396
32.9	0.1229581686286434
44.8	0.1897220295739069
39.5	0.1115642112340206
29.7	0.1392590618336887
39.4	0.1114623047595621
29.0	0.1325050546488118
35.9	0.1268892794376098
40.6	0.1143996065806252
34.5	0.1320268863012401
33.7	0.1340499206463713
37.4	0.1456406017329722
36.4	0.1423508234762452
44.6	0.1903423013688275
43.2	0.2170383553682986
37.5	0.1176279079234836
42.0	0.1482481279467504
43.2	0.2180215240617366
43.0	0.2538860346728599
37.7	0.127918657547651
30.2	0.1427525917172476
39.2	0.1125015513175857
40.6	0.1486048038518356
31.2	0.1436972843839891
33.0	0.127888528891983
42.3	0.1483650074305909
35.9	0.1287593984962405
44.1	0.1964489793826584
40.6	0.1135114983212428
33.4	0.1208218637024975
33.3	0.146721704302977
44.0	0.1793364517931143
34.9	0.1267620141832732
41.4	0.1177986687931559
39.1	0.1123109539492316
35.2	0.1200603252791129
31.8	0.1486133826525732
44.2	0.2265101861503282
33.1	0.1131417065970267
29.0	0.1329986799138469
34.5	0.1171078418643159
42.6	0.2538415356015653
35.4	0.1120086553400806
35.8	0.120431910314799
34.8	0.1225251353199069
40.0	0.1132500886280379
46.8	0.1997800838430348
43.9	0.2246978648032746
39.5	0.1454347761407988
41.6	0.2526391355475017
38.6	0.114206466811049
44.8	0.1765169710646552
35.5	0.1211088657666179
36.9	0.1265404652938465
34.7	0.1221182089284513
44.6	0.1877717056127111
35.3	0.1135701805474665
39.1	0.1124761298535964
42.7	0.2534244320469607
46.5	0.1970558580967675
30.5	0.1323020316116397
37.5	0.1265292553191489
30.6	0.1189470339730992
34.5	0.1164312644195599
44.2	0.1729497174109482
33.1	0.1185114602111769
35.9	0.1172529738625166
38.0	0.1143056425052396
43.9	0.2146895413919112
36.4	0.1421009323850504
35.2	0.1295811174060105
35.3	0.129011648639011
31.9	0.141847437746889
35.6	0.1259381710713754
36.7	0.1422078638721393
33.6	0.1177820984904078
31.4	0.1498603486468265
33.3	0.1484498970437887
33.0	0.1204344127383352
40.3	0.1153255662394384
29.1	0.1373807891292152
31.2	0.1433019017378067
34.7	0.1141731834334377
33.4	0.114872964593029
32.1	0.1125657703940009
36.8	0.1423889885986545
35.9	0.1301277795313299
31.4	0.1264166118300796
44.5	0.1855085650294833
32.2	0.1223960036704037
44.4	0.1679345516937157
33.1	0.1250394335588348
44.1	0.2311910039994365
39.8	0.1454959568733153
38.0	0.1457928949607249
39.5	0.121226304895314
33.5	0.1330695590877049
44.2	0.1740496746612495
33.6	0.1139500219202104
41.4	0.2541232248173669
32.9	0.125892470791865
34.3	0.1452971835164896
46.0	0.192846587814892
34.7	0.1232643330544172
35.6	0.1262887611598991
35.2	0.1130158532083378
40.2	0.1127602473552549
33.3	0.1259736701050495
31.2	0.1397987036569059
44.5	0.1758200490127635
34.5	0.1145133066445099
36.4	0.1303704872133604
35.1	0.1457066223414302
37.9	0.145283728753541
41.8	0.1473989984019326
47.0	0.2003374056731096
44.8	0.1691926120511908
34.5	0.1240625265482966
43.9	0.1757549826091757
44.1	0.2242573921539359
34.7	0.1138135025398152
38.4	0.1268672617333717
39.3	0.1124573966733449
35.7	0.1265564475383147
33.2	0.1303144916314253
35.3	0.1134514025289046
40.6	0.1194239309052497
35.5	0.143612306403004
40.2	0.116201786806776
36.2	0.1284197422378441
44.1	0.2259574817818201
35.1	0.1231761976273293
33.4	0.1247481745388779
32.6	0.1259762481202676
34.0	0.1453286323743489
33.1	0.1338676464650543
33.7	0.1181762504253147
33.6	0.1454722069710334
33.3	0.1210937037972914
44.1	0.2309002032185423
34.9	0.1162861076053896
38.5	0.1267140099744502
39.5	0.1461320614100462
33.5	0.1140466902557422
34.0	0.1311839881425243
33.7	0.1233093154915079
35.8	0.1268826066340009
32.3	0.1434281239990034
36.8	0.142832219728256
44.0	0.1739945850655448
38.8	0.1255567928730512
40.4	0.116230017304012
33.0	0.1201173168983219
40.4	0.1162270088512625
46.5	0.1964131746852905
41.4	0.1475655034816273
32.4	0.1481243032780264
39.2	0.1448877248769438
44.3	0.1614450691140903
44.7	0.1855716607020028
39.8	0.1469109911461614
43.3	0.1893398979697104
39.7	0.1113743577558699
34.9	0.1153543011559825
31.4	0.1544595850108392
45.8	0.1928825048418334
33.0	0.1326337450899024
31.5	0.1640004276245456
46.2	0.1948098265174776
