31.21	0.162235518305927
26.96	0.2192873319381933
39.73	0.1779794740913724
27.98	0.1937687325303368
27.69	0.2141177217287668
26.84	0.2278339797205738
39.09	0.191288825419493
34.59	0.1553135298372928
34.11	0.1555674284717375
34.88	0.1723529514019666
32.6	0.1700591574476322
33.97	0.1594739072329606
31.8	0.1788824960771382
33.95	0.1571676096862254
36.55	0.1566618404852022
31.78	0.1612089197640075
26.46	0.2283272997213691
31.5	0.1626009991981743
26.6	0.2291205086215201
29.61	0.1937572725336658
26.63	0.2233177492688016
37.84	0.1703954401948827
26.98	0.2162042578295619
34.0	0.1563110645407946
31.33	0.1654234602944088
31.58	0.1610867020074802
27.33	0.2187964110163658
38.76	0.1805665839278233
34.14	0.1660834179044038
25.65	0.2966360137497429
31.57	0.1814784053156146
30.13	0.1956274523865628
30.74	0.1576442144778045
38.17	0.1712456348550967
31.11	0.1596336265278102
30.29	0.1574045258630976
28.92	0.2002175575093881
27.9	0.2036321936251487
29.95	0.1646738384069581
31.19	0.1821053164517523
37.89	0.1698035893357308
30.17	0.1603741606753459
32.95	0.1548563394784261
31.89	0.1849522532312885
34.36	0.1538580914340956
30.86	0.1935168872713785
37.41	0.1756969578110978
29.85	0.1643598457404422
31.97	0.1574053964170939
26.18	0.2393843905797882
26.42	0.2378316303227237
28.41	0.2030756666064987
31.92	0.1605995219798505
25.56	0.2963479512425768
33.52	0.1576823434031009
28.3	0.1999198427058314
27.32	0.2189084978187374
35.92	0.1562509903343368
34.07	0.1654855842557218
33.46	0.1539424350284695
26.47	0.236253820556419
37.58	0.1691285226407213
35.52	0.1581005549595369
33.15	0.1730657176153371
36.02	0.1692653673163418
32.59	0.1697760139653754
31.74	0.1815490797546012
31.86	0.1873731608320649
33.42	0.1573619255904572
25.9	0.2822803021220477
38.47	0.1724927572260414
30.08	0.1923640207327788
36.23	0.1697403871084106
33.42	0.1685569337831018
40.72	0.1820887792157928
30.26	0.1947403649146472
32.09	0.1602329437144646
38.78	0.1742040547887256
36.11	0.1667102365007675
26.46	0.2359403857993023
31.71	0.1562892909856229
38.87	0.1751936181883053
27.03	0.2132213292301752
26.89	0.2215682770626653
25.63	0.2945495853348875
36.29	0.1561866353477607
34.91	0.1735627710441454
27.11	0.2128908735601628
31.52	0.1650342523325208
27.52	0.2161079394952004
39.14	0.1764297830550843
30.94	0.1850749592253109
31.72	0.1610603203777351
30.57	0.1980438241935789
25.9	0.2821617538224375
31.89	0.1559747635394031
31.09	0.1616669348574286
28.64	0.202765297843225
33.16	0.1540207024089413
35.44	0.1545793141462262
31.71	0.1639796715060999
31.85	0.1882450294097912
35.86	0.1553004886310049
29.37	0.1946345307288056
29.15	0.1976631641175141
34.51	0.1550119273049209
33.81	0.1519962694580283
37.53	0.1662311899985936
35.56	0.1539067550096962
35.55	0.1666861512981635
33.73	0.1500487807281632
31.84	0.1623361910817784
27.96	0.195067264573991
26.07	0.2730890427443232
31.79	0.1513002667213787
29.42	0.1968339947799348
27.57	0.2165488784188224
27.33	0.2041926149241907
31.55	0.1645581997775048
26.48	0.2350810101087358
29.55	0.195424184355045
33.46	0.1741061924738588
35.05	0.1581000341944107
34.11	0.1562755271378924
30.51	0.1583444562586249
36.18	0.1560908839683581
32.48	0.1586288112285116
33.09	0.1699330219593524
35.38	0.1525973332105862
26.39	0.2330329597907677
30.52	0.1946906394261749
27.62	0.2167955079655262
37.35	0.1682238718023393
31.59	0.1637948050922645
32.79	0.1554274520435692
25.78	0.2963698525499533
30.99	0.1856563620198542
25.88	0.2802196129990443
26.42	0.2457173091699969
32.66	0.1551065870816457
25.95	0.2831334292554493
25.85	0.293852408582527
26.6	0.2288475693989291
40.39	0.1806767397318578
34.73	0.153370123617162
28.31	0.1968417038389534
32.13	0.1604615869762308
33.42	0.1716182647949625
34.94	0.1514185239747184
32.29	0.1564968790203459
32.45	0.1703756176785652
30.11	0.1941912390662571
35.51	0.1577787248778018
28.55	0.2053281155930162
27.21	0.2106016387922325
32.02	0.1609382878009858
32.96	0.1694262020581574
30.72	0.1580383900779383
26.77	0.230772856490551
26.23	0.2752203062986299
30.05	0.1613418993797249
26.11	0.2707006104443957
31.68	0.1635842698226871
36.3	0.1691351199051603
34.32	0.1572506375168515
30.24	0.1612849260107375
27.22	0.2128211311761451
34.59	0.1563404412627208
34.45	0.1683068806379486
27.64	0.2149678451355136
27.4	0.2165788692827333
33.36	0.1557355120118534
33.98	0.151673259148672
25.97	0.2798697193332554
31.32	0.1626608808630361
33.05	0.1545049101330055
27.84	0.209786597079918
31.86	0.1786250853630776
28.1	0.1974121113419385
32.06	0.1712936462507155
28.36	0.2027194541022023
25.63	0.296777495168916
34.26	0.1490796616240941
36.07	0.1560247001390191
25.67	0.2975344405471574
31.71	0.1569718991165192
31.73	0.1501313641184521
38.12	0.1720481059616405
34.13	0.1531896656534954
30.7	0.1960942980396922
34.5	0.156481276469452
38.8	0.1751879126460132
32.84	0.1546177270295426
32.08	0.1714426785989816
25.66	0.2983714102596395
29.66	0.1943899685030011
25.79	0.2818379160636758
26.87	0.2217911636848576
31.48	0.1795027594916151
25.65	0.2973056217340371
30.32	0.1972195738220747
33.54	0.1502942711614261
29.48	0.193529196826806
31.26	0.180071941195892
37.22	0.1687226811484174
31.07	0.1908730648245235
27.03	0.2188141514990364
31.05	0.1858111877708143
37.58	0.169622681510515
32.4	0.1557743010353465
32.76	0.1558757803201438
35.45	0.1586950060888271
31.86	0.1793197797250026
37.26	0.1761362632443797
33.51	0.1737579199901576
28.62	0.2056211936662606
30.3	0.1610204699510537
36.02	0.1566303320716915
33.85	0.1564134361531817
31.96	0.157409144366121
26.23	0.2517009729834394
30.81	0.1987176744729944
32.96	0.1545626952253458
32.52	0.1590733678123196
33.44	0.1703046429296232
26.38	0.2442110174928814
32.74	0.1556564312343064
30.17	0.1594939578126274
27.2	0.2027975284025548
37.63	0.1690200374926034
27.33	0.2057128968286848
28.57	0.2046412433838006
32.22	0.1696029515543945
25.95	0.2826447230740385
26.63	0.2252711152636457
33.87	0.1511805290711784
32.93	0.1726556268147155
27.83	0.2115286142823372
27.82	0.1936888399014035
35.46	0.1595335815853902
25.76	0.2940537241970121
32.5	0.1550604439811558
32.27	0.1604916545964019
35.21	0.1543458215928583
36.68	0.1660259674291357
36.5	0.1664593475883072
33.89	0.1526911266343794
35.78	0.1687633963019062
34.65	0.1526875581819958
38.01	0.1713603849115195
30.06	0.161656170694991
25.81	0.2924019861979976
27.79	0.2058670394213752
31.42	0.1660363588110403
38.88	0.1761063153800694
34.63	0.1558269060851533
28.21	0.1988634241502256
34.65	0.1504801547353776
26.02	0.2752596883455341
37.16	0.1665145663995491
36.14	0.1613731923371934
27.49	0.2195356919112519
31.61	0.1638713473458544
25.58	0.2974597662576419
25.93	0.2758844586946154
33.51	0.1542403583648571
30.13	0.1616826988765068
30.6	0.1971181850148841
29.22	0.196683023567676
27.19	0.2078521361815754
27.46	0.2172806860051208
26.14	0.2624999318210329
33.34	0.1701512300508746
32.86	0.1709555903510563
31.29	0.1802330071593516
35.7	0.1536000120025405
33.8	0.1669260887704997
28.38	0.1990950094572966
33.13	0.1576545611351375
33.12	0.1568976645257279
36.86	0.1706529538387945
31.48	0.1963699740382968
31.73	0.1571173889193637
38.53	0.1781829755150976
33.98	0.1491660631975815
29.75	0.1675833981382291
31.49	0.1651799263897852
27.51	0.2173932636962837
29.94	0.1933067378711308
32.02	0.1615860574291505
25.63	0.2977466675061098
27.76	0.2151665287981604
27.05	0.2143335413947681
33.57	0.1581381201630454
27.35	0.2023398595094925
33.78	0.151859857189944
26.99	0.21641513979226
35.54	0.1526953281630497
36.64	0.1595700695647979
25.64	0.2960385253410582
34.91	0.1590709421340447
35.08	0.1521574522106531
31.62	0.1875832828588734
27.74	0.1961362630880401
30.02	0.1610349363074539
27.23	0.212816462355605
32.17	0.1587101983170702
35.91	0.1540030609685559
36.04	0.1557290243235856
25.64	0.2973693278617023
32.5	0.1572845721976782
34.07	0.1519041102354773
25.69	0.2971452605015509
32.57	0.169413424992917
32.85	0.1545291830154908
32.85	0.1725540858431992
32.38	0.1580723582484427
31.77	0.1885327891809706
33.97	0.1545785133974351
25.7	0.2924045669688284
31.94	0.185926458258474
25.95	0.2792465340206555
33.21	0.1714036168723565
29.57	0.1962635069586386
36.52	0.1696455846807689
34.65	0.1527563252354649
36.75	0.1583699053310091
29.45	0.1935316070575284
35.47	0.1653623113427177
27.51	0.2170580458201859
36.84	0.1646346068289473
33.65	0.1536960715538407
30.55	0.1591005571928697
31.5	0.1656506096342194
31.28	0.1811328280813721
26.32	0.2463772716451075
35.9	0.1713101152342445
32.61	0.1559902230073932
34.56	0.167446438911407
27.32	0.2045858012708841
25.86	0.2851737478476294
37.71	0.1647268682374355
30.78	0.1588889633778438
34.46	0.1509963468439183
31.34	0.1788606054655309
34.1	0.15835144584877
28.46	0.2049182035432731
27.79	0.2138368015278212
33.85	0.152253621746463
33.13	0.1708127689981222
35.2	0.1595126488369861
30.56	0.1955426579064695
31.1	0.189737286833615
31.15	0.1929777508279304
31.54	0.1868541271039726
33.23	0.1546443802499639
31.76	0.1517236208221643
34.84	0.1741601747892363
32.01	0.1763136527085025
32.2	0.1705982361066836
32.74	0.1575979689354283
31.69	0.1574313240075163
30.54	0.156793219607514
32.27	0.1554194393967214
33.33	0.1550118495276878
32.37	0.1575795201675486
34.35	0.1686946215634316
32.39	0.1733595744290113
32.23	0.1586650343639415
35.63	0.1676307681755045
31.07	0.1939234527123009
35.52	0.1664416526677041
30.9	0.1948687889657648
26.35	0.2548869690696116
32.38	0.1567481723464129
25.86	0.2936723263780158
37.6	0.1764911379705713
31.6	0.1592837182491447
28.14	0.1956794775182115
26.17	0.2676588019802788
31.89	0.1585293818809294
34.88	0.1504741021980878
26.06	0.274194841258481
30.73	0.1564589227973934
27.87	0.195103346863245
28.01	0.1942534907206227
33.71	0.1512703882236433
36.03	0.1608999755214454
29.14	0.1944393929616876
34.07	0.1495830611545769
35.87	0.1593090956139216
35.23	0.160422615708091
33.7	0.1744882933928064
31.18	0.1823989810112792
30.72	0.1582566090561567
35.35	0.1588882351436392
39.06	0.1758638092086655
28.77	0.2065439390974314
34.27	0.1529518425683963
31.26	0.1889733786662528
34.6	0.1530120300695329
32.72	0.1693518821603928
34.17	0.1488881139013264
32.27	0.1585936413486182
28.22	0.1948657384385878
34.82	0.1716011821974965
33.27	0.1558319004145173
25.55	0.2952197291354571
35.32	0.1471038195941205
31.12	0.1934866351276076
28.85	0.2033744557329463
26.28	0.2521553169852126
31.05	0.1882060521135688
25.61	0.2962726047723661
27.59	0.214608125847339
31.97	0.1836062322321881
38.32	0.1714767580376993
27.46	0.2191607885271173
33.72	0.1722283980759041
30.7	0.1579421579132404
27.33	0.2189429801182244
31.93	0.1814784053156146
35.21	0.1531784693508029
33.78	0.1678031329105055
31.48	0.1647334674746431
26.54	0.2281344975637995
29.9	0.1661859860047104
31.22	0.1940379795207876
29.52	0.1930505379026569
25.57	0.2981611932400701
32.96	0.1534482889690482
32.38	0.1712986746121442
31.86	0.1581414722811269
35.97	0.154785159699605
25.92	0.2848983995458637
33.06	0.1699540285229513
31.97	0.1702205749629968
31.78	0.182093316519546
28.06	0.1952464435843362
42.25	0.1792742367182877
27.37	0.2150813383533423
28.84	0.204611006955615
30.94	0.1967890039068069
30.75	0.1948525734354334
37.76	0.1816089354053822
36.54	0.1633914908856757
33.36	0.1711272137721067
31.42	0.1824294550184492
35.51	0.1519298936589208
31.04	0.1934960688264108
29.84	0.1952146034902544
37.11	0.1746975226784645
34.77	0.1597227137923038
28.29	0.1970873081558276
31.97	0.1623131334790118
31.84	0.1585477101174559
36.54	0.1582506663735539
31.22	0.1803560290622208
31.41	0.1864299444204377
32.86	0.1719978790143805
26.7	0.2216650969117136
28.58	0.2054867544483128
31.44	0.1963318683199031
35.54	0.1540160382332733
29.44	0.1959809859556719
31.96	0.1615135698352444
25.72	0.2959526057768177
31.31	0.1819623865603774
29.67	0.1943118149363483
33.64	0.1579768143872724
35.67	0.1535871183076992
25.73	0.2964959248869079
28.66	0.2034084223943524
28.95	0.2023143456302829
27.19	0.2084038950042336
34.88	0.1518825718338338
36.95	0.158695346301312
35.96	0.1616257088846881
27.83	0.2137705163348456
35.7	0.1544745897425384
26.08	0.2765217990734065
34.2	0.1663645208108495
31.47	0.1967511942237707
35.07	0.1573383547546583
27.76	0.2130101235956597
27.88	0.1948704425908706
27.16	0.2062088649444928
35.95	0.1690958584874388
33.34	0.1734158623583717
25.73	0.2797225017211248
33.87	0.1631592864421427
36.67	0.1589568423913333
35.4	0.1542207113546101
26.66	0.2240920464211631
29.93	0.194282149644202
27.24	0.20691096172846
25.99	0.2834544292286777
31.5	0.1860793046587249
26.66	0.2280719865999417
25.59	0.2973749535244844
33.0	0.1566766461129726
34.18	0.1546345469056974
33.85	0.155982568199782
36.26	0.1561161003082309
36.96	0.1584392952510949
33.85	0.167958343424558
25.75	0.2965742511538842
31.78	0.1813069779330323
26.28	0.247543112431664
33.31	0.1575249057841276
26.9	0.2238190925505271
31.63	0.16318815079973
26.32	0.2444129292119845
32.85	0.1568653525887996
31.79	0.1757330154946364
32.82	0.1574406290669368
31.91	0.1858358401375161
34.62	0.1682189455188707
30.47	0.1584795111559752
31.91	0.1722250726868479
36.96	0.1737045021615394
29.72	0.1940508568059491
30.1	0.193338751022087
27.45	0.215989814993876
26.18	0.2725122299282029
34.89	0.1572301010647842
27.9	0.1947055155287803
26.15	0.2701056051990252
25.73	0.2972248162834246
32.34	0.1729198577606503
31.5	0.1879844269028824
33.6	0.1565577616034717
28.33	0.1991225797436442
31.29	0.1927726819928328
35.75	0.1647757070312999
27.8	0.1943046597738784
34.66	0.1704147329147328
26.29	0.2479306700712933
31.46	0.1645041626322158
42.5	0.1629416450469543
31.34	0.1963591598061091
26.82	0.2344955949141148
31.95	0.1747097625329815
30.24	0.161897341007125
32.11	0.1597689826540463
35.79	0.1597549841822544
37.16	0.1672881826498427
26.08	0.2805282461711527
34.81	0.1518474732210532
31.8	0.1773562180066245
31.92	0.1590144462279293
25.63	0.2967234328637358
34.32	0.1527627049419452
35.61	0.1611056372489856
36.39	0.1622856687136135
31.63	0.166001084611485
27.83	0.2139260589529969
26.06	0.27878271602792
29.02	0.1975279120478704
25.62	0.2961044536265325
34.25	0.1552945850541681
26.56	0.227632905921337
34.32	0.160890497490354
34.14	0.167170491575955
36.23	0.1620395435538726
26.38	0.2421266803540421
33.32	0.1542303629132488
33.64	0.1578658243493785
25.56	0.2960886411238961
27.68	0.2146919825664247
33.81	0.1729235314168844
31.99	0.1692561785829054
31.73	0.1590838145778055
31.95	0.1587583663830739
26.62	0.2219415943172849
36.16	0.1558356489559636
32.27	0.1578267596769117
34.21	0.1569996250907177
26.16	0.2695669540143409
30.44	0.1961043187452541
35.09	0.1699579980715067
33.5	0.1736518180487401
31.34	0.1849226895273664
34.36	0.1675007063528286
29.96	0.1929530743331386
36.0	0.1566970550078986
40.11	0.1800694726646218
31.32	0.1956581751184092
36.7	0.1584952817737891
30.3	0.1574545205854192
31.79	0.1856116412430019
39.68	0.1781694876179132
32.78	0.1567626841175945
34.65	0.1545514283603504
31.8	0.1586291281322855
30.32	0.1937618316934404
34.91	0.1724317488655805
34.83	0.1503574467144735
26.34	0.2401286566820999
31.61	0.1626482809804793
27.03	0.2203071137574428
33.35	0.170007290400972
25.86	0.2830144142045211
28.91	0.200664685173923
29.17	0.1947742282178755
29.78	0.1659387743255597
36.59	0.1726714511779258
26.73	0.2220487010583968
34.65	0.1530201342281879
25.5	0.2963847379898844
33.87	0.1680078867756032
31.18	0.195477747012146
27.67	0.2161832646549135
37.18	0.1650785441851444
34.44	0.1654619872855525
33.49	0.1535901601560523
31.77	0.1605323519774153
38.52	0.1659234515404706
37.64	0.1700965097362833
26.55	0.2273922147380105
31.94	0.1568340461288694
31.89	0.1649124349029862
31.09	0.1846327382787321
29.2	0.1969810161904228
28.08	0.1965629962234137
27.91	0.2025114827187821
27.01	0.2193640637317237
37.35	0.1670779881951423
26.77	0.2317276525035982
26.09	0.2783091098413587
32.72	0.1533650273925254
32.44	0.1680514307264413
33.84	0.1581804297562734
34.59	0.1674971893006043
36.26	0.1694683424998419
34.59	0.1537955185261065
29.96	0.1627512101168301
30.75	0.1955708208705402
30.24	0.1576753617383467
32.07	0.1742274929012861
26.04	0.2804421833986353
37.0	0.164234732430698
37.87	0.1609714527436332
34.51	0.1524716496213722
31.25	0.1938188232778589
31.84	0.1684877276326207
31.58	0.1612712591259962
31.23	0.1956322220026896
39.06	0.1601309850635149
25.93	0.2857675795154616
32.52	0.1580934403020292
32.6	0.1707265940286165
29.17	0.1967014058732469
34.9	0.1519534897818678
36.19	0.1695191773349036
34.33	0.1492740285832737
34.77	0.1685730634685606
31.5	0.1861782957922552
30.36	0.195421595601913
26.86	0.2245282362759643
32.74	0.1687344379207525
30.44	0.1597042653709712
36.25	0.1571023551489733
30.31	0.1599180290747701
27.71	0.214168389656473
27.98	0.1973693371542833
37.01	0.1669247110503006
29.2	0.1961104581489675
27.1	0.2110641247052393
26.51	0.2376980817347789
28.83	0.2073425713914812
27.31	0.2198330793738744
32.87	0.1584018217360562
32.46	0.1557938403787911
38.27	0.1718220630114527
27.55	0.2169653300296962
36.57	0.1711649513928098
31.1	0.1855507718156043
27.74	0.2136867970052868
