40.9	0.1526836498669695
44.3	0.2163003209294428
31.5	0.1695075588236345
41.9	0.1898856858170374
46.5	0.2148431071369795
43.7	0.2257380032096923
31.5	0.1877716819200712
34.8	0.1508676833056129
38.4	0.1526792074685826
36.4	0.168657405322646
38.4	0.1669199454248982
33.8	0.1603387171740646
30.4	0.1738570028548297
39.5	0.1527198431631906
33.1	0.156091125909524
40.0	0.1528093165738737
45.4	0.2255237942989598
34.3	0.1641150176293268
45.5	0.228807477551592
37.4	0.1900546555042512
44.3	0.2170521165120251
31.8	0.162789395369674
44.1	0.2140027555311605
35.7	0.1571342168928158
40.9	0.1546153482955082
33.6	0.1631370959570372
43.7	0.2217244763755569
31.7	0.1749996994939478
36.5	0.1635494253320627
41.0	0.295964535702955
31.5	0.1759235968146583
36.8	0.1922549506415188
40.5	0.1523658302743797
32.0	0.1634929017427231
40.8	0.1519294607899666
40.4	0.1544775755209604
39.9	0.1938232483551728
47.0	0.2045443683288194
40.5	0.1585567869988323
34.7	0.1794820594740722
31.9	0.1630924246716841
40.9	0.156635348734387
34.5	0.1519101080725316
29.4	0.1819279365541933
34.5	0.1499322662073764
34.6	0.1922031187524989
32.9	0.1762201695853608
39.5	0.1600123304562268
33.9	0.1555153411974341
44.5	0.2374741608426026
44.3	0.2365382390373713
40.4	0.1947262124229142
39.8	0.152716923332161
41.2	0.2971139979497397
39.6	0.1533493981583667
41.0	0.19265323480942
43.9	0.2198373584934582
33.0	0.1564549679851789
36.8	0.1652962270334882
35.4	0.1498843212441892
44.8	0.2337666337307036
31.1	0.1618947206480169
35.7	0.1605856982867491
36.3	0.1692057392032065
34.4	0.1685281529919017
38.2	0.1670282327995636
28.8	0.1742897526501766
29.4	0.1799200741341364
39.5	0.1524513169022722
43.9	0.2860305254572993
31.5	0.1649889516327031
36.6	0.1914888698828044
33.7	0.1714420806459832
34.8	0.1689518132141083
31.5	0.1720659778259128
37.0	0.1910385084644333
34.0	0.1586528478097661
31.2	0.166105787969608
34.1	0.1700226098372428
45.1	0.2321261100480041
32.6	0.1566818541250894
31.5	0.1653227527910004
44.1	0.2101086863876692
44.9	0.2174711613842535
42.9	0.2996344989631001
33.2	0.1562279200752768
36.4	0.1691328304712994
44.3	0.2090284378311648
40.1	0.1552745275545999
44.3	0.2163529142497478
31.2	0.1689164265437807
32.5	0.1852844872585773
30.4	0.1644599027706414
35.3	0.1918236867513543
44.0	0.2840068213835545
32.6	0.154513520678685
40.6	0.1537641995343258
40.3	0.1957106193995797
35.4	0.1500823793813951
34.1	0.1537589394732251
39.8	0.1532423278960464
29.0	0.1802841560846028
33.2	0.1549959999346928
37.4	0.1923085728021427
38.9	0.192510919117027
35.1	0.1495030162229232
35.9	0.1492225676406502
32.2	0.1608933072182386
32.1	0.167261570546242
32.8	0.1671830115981529
34.0	0.1479866295739063
39.4	0.1522790292802437
42.1	0.1895946809317032
42.9	0.273390171244274
31.8	0.1607637762999308
37.1	0.1925356353106605
44.6	0.2168708505574344
43.0	0.1997766818647064
34.6	0.1649227075904814
45.0	0.2317213238627777
37.6	0.1897609223656102
35.7	0.1698367207739758
37.1	0.1588836943429352
38.6	0.1539672627431282
40.5	0.1528758678512079
33.1	0.1563600779502564
35.2	0.1550492492536872
37.7	0.1675619168362637
33.7	0.152311538056335
44.9	0.2315723894165363
36.1	0.1907882140197852
44.3	0.2158326404518543
31.4	0.1617020577100102
31.5	0.1638365911652083
39.2	0.1522132827840003
42.6	0.296480515384496
33.4	0.1852299972741888
43.7	0.2801112656467316
44.9	0.237292332453785
34.8	0.1526939639652614
43.9	0.2815705178667018
44.1	0.2955933647400472
44.5	0.224097567501282
31.3	0.1713447689647373
33.5	0.15038870617922
40.9	0.191140902108644
35.2	0.1576127967713796
33.0	0.1692713891589789
33.3	0.1503828144481284
38.3	0.1502782321299091
38.5	0.1672621518234746
36.5	0.1917145831017512
26.4	0.163519005498446
40.4	0.1968974610590548
44.5	0.2045913677297242
39.2	0.1534132270284992
38.7	0.1679111037855062
40.4	0.1528662509551836
44.0	0.2281297989293454
43.0	0.2733204348776401
41.3	0.1584215789128581
43.5	0.2674550975629914
39.7	0.1540849751914832
33.5	0.1715267886783966
38.4	0.1529394503489193
41.1	0.1560836477495655
44.4	0.209223303635635
38.4	0.1541603551106909
35.5	0.1652864613844301
46.1	0.215385397065677
44.6	0.2178768329319093
39.5	0.151744394618834
35.8	0.1495726567176157
43.7	0.2856059147220325
40.5	0.1535418636989578
35.1	0.1502583506086631
46.8	0.2074256687482524
30.3	0.1803103151441348
40.8	0.1914365591990194
37.1	0.1690643402752464
40.3	0.1955472216801432
42.5	0.2971583781865795
33.7	0.1522042765605126
33.8	0.1549406632826308
42.7	0.2967932145203331
33.0	0.1586109024125553
32.5	0.1580808928421582
31.6	0.1637901584681143
35.4	0.149102253189434
35.4	0.1923410444279794
38.6	0.1539248419242951
31.1	0.1673077992387287
34.3	0.1515922458682564
36.5	0.1674703869127059
41.8	0.2982133999117525
37.5	0.1891682287206329
44.0	0.2853249942777252
44.9	0.22161059565125
30.2	0.1770396954084371
42.6	0.2973079906904577
36.7	0.1931927323527777
35.2	0.1491644732416615
37.1	0.1921789893485117
33.4	0.1769398002500309
31.4	0.1618455910806243
33.1	0.188276907906532
44.5	0.216376720463914
33.0	0.1846631563497597
31.5	0.1629926484528047
35.2	0.1544200661071589
34.9	0.1522817304982306
36.4	0.1620159119445974
29.3	0.1739305718309556
33.3	0.1756705966705793
36.5	0.170202617496586
40.3	0.1961163296375104
41.0	0.1571638439323571
33.3	0.1552809839230547
39.0	0.1533391086428538
34.6	0.1551483275037922
44.0	0.2506333757799228
35.5	0.1910647240123284
34.8	0.1511560677258994
35.1	0.1554024169734497
36.3	0.1680090343475667
45.0	0.2427848854507587
39.3	0.1520438087689591
40.7	0.1554707054640393
42.6	0.1997695159835655
31.7	0.1615777502487764
42.5	0.2010621873975616
40.1	0.1955713643894887
38.3	0.1675991388873897
43.9	0.2815121533074721
44.3	0.2220068409455619
35.1	0.1522810389906575
35.5	0.1678668718925984
47.1	0.2131866224598375
42.4	0.1899245567609773
36.1	0.1613089695452649
43.5	0.2961325966850828
39.0	0.1504568527918781
35.3	0.1571705969361491
29.5	0.1580451648180384
35.1	0.1640455611439696
33.0	0.1715400506175777
34.3	0.1492812070028941
33.2	0.1692552186238295
33.1	0.15233790292701
31.8	0.1636889292090539
40.6	0.1583381495113236
44.0	0.2947853629997988
47.1	0.2062567575168586
40.5	0.1551489723958762
31.1	0.1671873022302103
38.3	0.1534118713185319
41.2	0.1905311778290992
32.0	0.1543711407214819
43.2	0.2711539925815539
32.2	0.1594247287218287
34.7	0.1628771005553889
44.3	0.2204276055006708
39.9	0.1556684209629894
41.2	0.2998283801950745
43.6	0.2750123227053461
34.8	0.1509012267459553
40.6	0.1585498464687819
35.4	0.1912609204840685
37.1	0.1920647092148256
44.5	0.2050458179406256
44.6	0.2188128056240506
44.3	0.263571020024091
32.9	0.1698099037001185
38.9	0.1684458209094552
31.7	0.1769428387925497
33.9	0.1539654050987622
32.8	0.1641597471149628
40.5	0.1939834550645635
39.5	0.1520697469034725
39.5	0.1521484648557001
33.4	0.1717607309472211
32.4	0.1950821210699202
30.0	0.1665649629139414
32.3	0.1771456575727145
34.5	0.1512528676209247
39.7	0.1621497432201099
40.5	0.1556528315517377
45.1	0.2166144295099752
37.0	0.1912166749233959
39.5	0.1522868331696698
41.5	0.298203656462585
46.5	0.2146610902797808
43.9	0.2138292398178528
39.5	0.1530478865163194
42.6	0.1993679717421176
33.7	0.1475607241232011
44.2	0.2124795287835624
33.6	0.1518338325723368
32.2	0.157028676565143
42.8	0.2953662182361734
37.2	0.1610754597909371
30.4	0.1558857590615511
30.4	0.1851074540174249
42.1	0.1906401569847088
41.5	0.1567871472816271
44.5	0.2063278705474849
38.7	0.1515401478133616
33.5	0.1546842819192157
33.9	0.1540604949906886
43.2	0.2958838151069744
34.8	0.1539453542327747
35.6	0.1488994224229098
42.3	0.2974310392564563
38.4	0.1669471115925415
34.5	0.151988999503737
39.1	0.1693066535035695
35.5	0.156155864347488
29.0	0.1788963283723299
35.3	0.148435690726525
43.8	0.2947254106047519
29.4	0.1801794982698961
44.0	0.2811271562687879
34.9	0.1690270687608753
37.4	0.1911480009489305
33.0	0.1715770200860909
33.3	0.1524780588538978
32.4	0.1578175747020171
36.8	0.1909951942447723
33.0	0.1673570442317764
44.8	0.2176114249843064
35.2	0.1635278534438889
35.7	0.1490038910212706
40.7	0.1541932106779015
34.6	0.1638124782374727
32.5	0.1768571554683335
44.8	0.241485428617745
33.5	0.1721778116362026
35.0	0.1531060429304713
35.6	0.1663208263881802
43.3	0.201246615235273
44.0	0.2835950416997798
34.0	0.1635714304485048
39.9	0.1522481597624923
33.4	0.1554341284702824
31.3	0.1771325392231953
39.1	0.1534580747094007
40.2	0.1961120312688051
47.0	0.2130387731123616
33.6	0.1482981706623522
36.8	0.16782519696792
36.7	0.1608439061751824
35.7	0.1922556704357529
32.8	0.1887794560979844
34.1	0.1911575732837468
30.4	0.1865050190352096
35.5	0.1498034251277067
31.6	0.1624243907555679
36.6	0.169641942216733
31.3	0.1742241031841999
38.4	0.1665441246987066
35.0	0.1531083435011559
30.3	0.1618605195543492
40.3	0.1533522405782317
38.5	0.1510214747244393
35.0	0.1495788264006539
38.4	0.1507523534652385
35.6	0.1656083331246713
37.8	0.1682787026731028
38.7	0.1523427211234248
32.9	0.1691228354289812
34.8	0.1923129309610964
32.3	0.1680044342419694
35.5	0.1924815807099799
44.1	0.2475824909780649
35.9	0.1559274954986605
43.3	0.2948455933135068
32.8	0.1757542467466444
31.1	0.1629365853658536
40.9	0.1909594931911984
44.1	0.2634944944680626
33.9	0.1566539961839096
33.4	0.1499076110448739
43.4	0.2765415438847732
39.8	0.1513738513382077
42.3	0.189575064176212
42.1	0.190625
36.0	0.1490629972167325
34.5	0.1616463318575019
38.5	0.1919473462973986
33.9	0.152042153665857
35.1	0.1614017669855614
36.5	0.1596239566133906
31.5	0.1738721804511278
34.9	0.1806745360316551
40.0	0.1531013982164482
36.7	0.1606138034401541
31.1	0.1669692521631644
39.9	0.1965986048169458
35.2	0.1499083329695752
35.4	0.1874708080336291
34.1	0.1494775165528813
38.3	0.1665510084346394
33.6	0.1515994436717663
38.8	0.1512370439877656
41.2	0.1908217453191722
35.9	0.1692911837573946
39.3	0.1521647059071547
42.0	0.2967015429226807
33.3	0.1520020744056554
34.9	0.1905801835196888
40.0	0.1958164903548677
43.9	0.250282387005425
31.5	0.1866328047571853
42.6	0.2987321446492489
46.1	0.214460144902464
30.5	0.1809070885062074
31.7	0.1641842827174439
44.7	0.2198158041054308
30.4	0.1723491073098957
40.2	0.1532509523626624
43.8	0.2197075216983209
32.1	0.1747017892644135
33.5	0.1519731034427911
33.5	0.1661431471524196
39.9	0.1542963855641262
45.1	0.2240393432519812
39.5	0.1610740023044509
33.3	0.1926050420168067
37.7	0.1908340195131776
42.3	0.2994961661307494
35.0	0.1507230235328394
38.1	0.1665040775166608
34.0	0.1565539834881488
33.6	0.155233342834869
44.0	0.2845459800903772
38.3	0.1682546208076621
35.2	0.1708992411081649
30.9	0.1776465065331351
42.0	0.1887563921109285
31.5	0.1693044768494111
44.5	0.217792214842831
39.7	0.1957157243015388
35.2	0.1900956893374336
35.5	0.1924203320590143
32.9	0.1752320379960381
34.8	0.1628090808427194
33.7	0.1705670134086946
31.8	0.180515566766775
33.7	0.152818241425462
32.3	0.1928712119989021
37.0	0.1911676035836312
33.7	0.1747231903368263
37.8	0.1601103966925379
40.6	0.1918644181615196
40.0	0.1527112518516629
33.9	0.157397779409518
32.9	0.1558208562019758
33.8	0.1777677573079175
31.7	0.1834352338973411
38.9	0.167690577139396
44.5	0.218265019952076
40.6	0.1967616243830634
33.2	0.1948298547194061
34.1	0.1527854076292391
37.2	0.1922656762071226
39.2	0.152466229744599
42.5	0.2975719056229955
31.5	0.1792644299541139
37.2	0.1904477755878222
39.2	0.1521060699659093
33.9	0.1530166665795075
43.2	0.2956323688284235
40.2	0.1948238929662534
40.2	0.19464644944097
44.6	0.2034964280900391
30.8	0.1556657140595111
32.2	0.1583706874457933
34.8	0.1613296099955501
46.5	0.2139387223979972
33.7	0.1539711335273713
43.6	0.2756135389106833
36.1	0.1641695459733606
32.8	0.194853212589512
36.8	0.1613302156460693
46.4	0.2136488015978694
41.5	0.1904142990644166
44.3	0.2034036898860325
34.1	0.1708168471867886
33.0	0.1701036008410723
43.9	0.2857589661214066
32.3	0.1653144785229555
32.3	0.1576607965404341
28.2	0.1610831780595307
44.2	0.224248727486296
36.8	0.1913763728181996
43.9	0.2024612697000712
44.1	0.2821948261338999
32.0	0.1837486136783733
44.5	0.22590997210988
42.8	0.299097656701222
39.5	0.1516554030274729
35.4	0.1496801117496172
39.5	0.1537139122369653
33.3	0.1568669543714044
32.3	0.1575725001002767
33.2	0.1655273692682366
43.1	0.2971375441582095
31.0	0.1731693081309208
44.6	0.2444002212905645
39.5	0.1525218650984846
44.4	0.2212386385748408
32.9	0.1639510797747967
44.8	0.2398885325528536
39.5	0.1522010923617557
29.7	0.1803084223013048
39.4	0.1513540766349755
29.0	0.1784817369742823
35.9	0.1668178295686117
40.6	0.1524209633814954
34.5	0.1734493971280269
33.7	0.1764865157586916
37.4	0.1914641375222288
36.4	0.1907813686715894
44.6	0.2171433552957586
43.2	0.2722557550805416
37.5	0.1600525097899608
42.0	0.191434871734488
43.2	0.2720830843923417
43.0	0.2973617460409312
37.7	0.1687560600311959
30.2	0.1848473084886129
39.2	0.1525399739923669
40.6	0.1915901986487849
31.2	0.1876387039502884
33.0	0.1685762535723564
42.3	0.1919401324771198
35.9	0.1690440094282204
44.1	0.2468923725464365
40.6	0.1550946425305446
33.4	0.1594592390252534
33.3	0.1910661797452569
44.0	0.2321242335682769
34.9	0.1704213931637506
41.4	0.1572432612950083
39.1	0.1521926010584113
35.2	0.1615800989781423
31.8	0.1612250350262969
44.2	0.2773925807387706
33.1	0.150139367159639
29.0	0.1763570208658201
34.5	0.1548982458634613
42.6	0.2963650494280014
35.4	0.1489352311318315
35.8	0.1619622880183421
34.8	0.1634340590749056
40.0	0.1548344731178125
46.8	0.212325996391882
43.9	0.2784966956502283
39.5	0.1945464545843449
41.6	0.2977383979788644
38.6	0.1537837100473512
44.8	0.2253705665030754
35.5	0.162152018537254
36.9	0.1661626481405803
34.7	0.1625740336844315
44.6	0.2368982041176152
35.3	0.1510850249042624
39.1	0.1525181392998463
42.7	0.2970512173501487
46.5	0.2128648019742224
30.5	0.1797877328332125
37.5	0.1673666857798165
30.6	0.1654581461773676
34.5	0.1564591320803067
44.2	0.2226548007264064
33.1	0.1549666307162507
35.9	0.1570282886870691
38.0	0.153712287466415
43.9	0.2672029922623952
36.4	0.1908224760222444
35.2	0.1697763065503059
35.3	0.1703456270400536
31.9	0.1840022166881037
35.6	0.1658802274297252
36.7	0.1913525571630088
33.6	0.1550039263589564
31.4	0.1701952992330059
33.3	0.1949717508995228
33.0	0.1578689831530672
40.3	0.1526456401429343
29.1	0.1820250046962075
31.2	0.1683147253046497
34.7	0.152484509056244
33.4	0.1511239975385726
32.1	0.1591328812581157
36.8	0.1924976683843336
35.9	0.1697214804352144
31.4	0.155334899069477
44.5	0.235605001233857
32.2	0.1632413513043142
44.4	0.2176655448325049
33.1	0.1674296379523274
44.1	0.2836782019265073
39.8	0.1924887913922284
38.0	0.1899532901745472
39.5	0.1603173105612549
33.5	0.1715911354030669
44.2	0.2198120028922632
33.6	0.1509942508126366
41.4	0.2979612332465393
32.9	0.1645421815704972
34.3	0.1905229935580567
46.0	0.2151161126605209
34.7	0.163911828497824
35.6	0.1663978372483983
35.2	0.1499157320115392
40.2	0.1532014923039324
33.3	0.1648960937937898
31.2	0.1621269825965385
44.5	0.2244281185055588
34.5	0.1560794066355765
36.4	0.172317510969286
35.1	0.1816353948655144
37.9	0.193702546289684
41.8	0.1907022060624534
47.0	0.2035797513844342
44.8	0.2192088941359466
34.5	0.1636882852169054
43.9	0.2262322567811421
44.1	0.2764978383453362
34.7	0.1512497828678219
38.4	0.1678400344162035
39.3	0.1527933321176486
35.7	0.1675463021077016
33.2	0.1710110400929692
35.3	0.1507292995123202
40.6	0.158947159559205
35.5	0.1917613055949789
40.2	0.1534181849337272
36.2	0.1726002316046446
44.1	0.2780443258250659
35.1	0.1637707897137887
33.4	0.1633253349544333
32.6	0.1548157599659745
34.0	0.1944671437410256
33.1	0.1742858364693807
33.7	0.1640243543737866
33.6	0.1914970626722721
33.3	0.160650277557494
44.1	0.2853912622143261
34.9	0.1544403379719307
38.5	0.1672151261739577
39.5	0.1927383562674304
33.5	0.1507963817672946
34.0	0.1711760109396366
33.7	0.1545382401821615
35.8	0.1672504628465634
32.3	0.1866234621031846
36.8	0.1920431184439408
44.0	0.2252521817975745
38.8	0.166134644523366
40.4	0.1540433150501268
33.0	0.1557448659814234
40.4	0.1551171513468751
46.5	0.213371870803638
41.4	0.1895231386120315
32.4	0.1598354971149578
39.2	0.1908968129098731
44.3	0.2080173942645048
44.7	0.2356009540865083
39.8	0.1971020450107902
43.3	0.221691156161962
39.7	0.1519986555964958
34.9	0.1532716737880639
31.4	0.1655294297957124
45.8	0.2166106348899019
33.0	0.1714071773560715
31.5	0.1818500207542694
46.2	0.2145210906147195
