40.9	0.0603632209248098
44.3	0.089895092912968
31.5	0.0747881991094924
41.9	0.0775691847623301
46.5	0.0937352651278021
43.7	0.0939030441327767
31.5	0.077879540321675
34.8	0.0610294623460255
38.4	0.0594347726296605
36.4	0.0701469004341501
38.4	0.0683479293292377
33.8	0.0680698611733094
30.4	0.071280724450194
39.5	0.0596495200757063
33.1	0.063436319142366
40.0	0.0604995804690253
45.4	0.0941601678632327
34.3	0.0633456364431062
45.5	0.0958007612554053
37.4	0.0755283106390224
44.3	0.0899828110095603
31.8	0.0745102642816415
44.1	0.0891952388040775
35.7	0.0691783406966676
40.9	0.0610997432193869
33.6	0.0627440494896338
43.7	0.0953865419350308
31.7	0.0753831138915157
36.5	0.0673253961558121
41.0	0.1430540709458473
31.5	0.0758165866279049
36.8	0.0744329701279375
40.5	0.0601452100467027
32.0	0.0741342432170781
40.8	0.0592802337919412
40.4	0.0606289502081085
39.9	0.0769676819734941
47.0	0.0899328130501114
40.5	0.0631220344665415
34.7	0.0768913617804819
31.9	0.0740916454524415
40.9	0.0613869692888525
34.5	0.059131818629702
29.4	0.0771878808612542
34.5	0.0607042445848441
34.6	0.0771249809247672
32.9	0.0742727066871655
39.5	0.063349968808484
33.9	0.0597351792986022
44.5	0.1015710286466655
44.3	0.1003044217255638
40.4	0.0790348972459029
39.8	0.0597232897770945
41.2	0.143121522624742
39.6	0.0584534703496889
41.0	0.0778128169151049
43.9	0.0946993785504594
33.0	0.0638753888721632
36.8	0.0678449939326423
35.4	0.0590280709432739
44.8	0.0987152159387409
31.1	0.0732557042921573
35.7	0.0636644613271284
36.3	0.068946032222127
34.4	0.0710710217315106
38.2	0.0682812145255535
28.8	0.0733467193471079
29.4	0.0779339731591732
39.5	0.0581091968269707
43.9	0.1310813870243347
31.5	0.0745202223232076
36.6	0.0736734209177614
33.7	0.0716910594512636
34.8	0.0710917262603228
31.5	0.0744529355502526
37.0	0.0734645694892194
34.0	0.0604016361217353
31.2	0.0746276991809381
34.1	0.0713505244755244
45.1	0.0983732000357756
32.6	0.0602628001812415
31.5	0.0743924343987806
44.1	0.0880748012375926
44.9	0.0909242580548287
42.9	0.1421177227812086
33.2	0.0641569502544781
36.4	0.070289635684731
44.3	0.0874197469428377
40.1	0.0612551492091443
44.3	0.0943783998425705
31.2	0.0743340144900613
32.5	0.0801268849858914
30.4	0.0613329449023127
35.3	0.0747355977452418
44.0	0.1306928402356333
32.6	0.0596945837049795
40.6	0.0602897013283827
40.3	0.0791306401534571
35.4	0.0587428842237104
34.1	0.0630669546436285
39.8	0.0605388637347386
29.0	0.0766544228337448
33.2	0.0633755127002372
37.4	0.0758557672032051
38.9	0.0763489938837666
35.1	0.0603170682561245
35.9	0.0602576011515349
32.2	0.072704329587504
32.1	0.0690634033198899
32.8	0.0699657128799643
34.0	0.058664303664269
39.4	0.0592950784191405
42.1	0.0769799126353907
42.9	0.1209932905950996
31.8	0.0598620793124326
37.1	0.075532077436295
44.6	0.0940793186239287
43.0	0.0842606681051621
34.6	0.0639811411686993
45.0	0.0975958906993389
37.6	0.0756915047839953
35.7	0.0690972160874456
37.1	0.062068390788633
38.6	0.0593638822650907
40.5	0.0603571749514388
33.1	0.0637713020157905
35.2	0.0607610351189311
37.7	0.0680959966137188
33.7	0.0624891129077365
44.9	0.0983406183824675
36.1	0.0746951416387057
44.3	0.0947564342766985
31.4	0.0732725012117252
31.5	0.0619373206211345
39.2	0.0575849250724167
42.6	0.1419157060463005
33.4	0.0782932558393301
43.7	0.1276721638009314
44.9	0.1017826749081788
34.8	0.0597244413755449
43.9	0.1270219325388489
44.1	0.1396114102717776
44.5	0.0931875075950905
31.3	0.0744958924570575
33.5	0.0598361876810797
40.9	0.0780788425387163
35.2	0.0608540491274013
33.0	0.068859649122807
33.3	0.0598676253341723
38.3	0.0586299255493009
38.5	0.0686066496106411
36.5	0.0735395307231817
26.4	0.0852549267983727
40.4	0.0794261399574492
44.5	0.0857246355263478
39.2	0.0596766314966784
38.7	0.0690834473324213
40.4	0.0601174044363612
44.0	0.0946344890893534
43.0	0.1207188733471809
41.3	0.062246199334672
43.5	0.1186692598390335
39.7	0.0605098027133335
33.5	0.0724034030485643
38.4	0.0600044737596788
41.1	0.0609300864064116
44.4	0.0863704497661803
38.4	0.059713694970706
35.5	0.06759385539239
46.1	0.0940481429551013
44.6	0.0946219585615482
39.5	0.0583243312757201
35.8	0.0601558537058661
43.7	0.1296804550962625
40.5	0.0604395971584568
35.1	0.0587169995849183
46.8	0.0908281004004765
30.3	0.0777196495080626
40.8	0.0778213325563112
37.1	0.0690851181020651
40.3	0.078397657242716
42.5	0.1424495816535523
33.7	0.0755068266446007
33.8	0.0626494743591048
42.7	0.1440193386969653
33.0	0.0616430855157686
32.5	0.0611555862338032
31.6	0.0744369255630744
35.4	0.060444095060425
35.4	0.0754121201768059
38.6	0.0599740938624157
31.1	0.0748319864416655
34.3	0.0592497084629053
36.5	0.0697632259769309
41.8	0.1445748537382003
37.5	0.0753484049873186
44.0	0.132511138175035
44.9	0.0917456799703019
30.2	0.0764101485053151
42.6	0.1421200195488335
36.7	0.0745852609397257
35.2	0.060775436065924
37.1	0.0752576463955262
33.4	0.0764867784751517
31.4	0.0733502105997287
33.1	0.0793965934531372
44.5	0.0904135754622965
33.0	0.0792190422701462
31.5	0.0734336038073679
35.2	0.059598573234245
34.9	0.0597335740320736
36.4	0.0631793454875912
29.3	0.0716301800229392
33.3	0.0737091728416234
36.5	0.0689918073036466
40.3	0.0791783428622657
41.0	0.0611203170822495
33.3	0.063434820778763
39.0	0.0592347750678461
34.6	0.0601072629823074
44.0	0.1076379565425702
35.5	0.0764666854151934
34.8	0.0591140355078417
35.1	0.0597261001114708
36.3	0.0718261431203814
45.0	0.1045295090327466
39.3	0.0576524008767911
40.7	0.0608854208781434
42.6	0.0830891348636143
31.7	0.0732472655549578
42.5	0.0831951303488497
40.1	0.0788817856755878
38.3	0.0695511773659787
43.9	0.1272547837052469
44.3	0.0926822570387928
35.1	0.0765206634592231
35.5	0.06895702390067
47.1	0.0937570840541669
42.4	0.0779935973813769
36.1	0.0630693671766342
43.5	0.1402456329878785
39.0	0.0577827859512294
35.3	0.0604006742320947
29.5	0.0796480758758395
35.1	0.0659849910931992
33.0	0.0722831838689912
34.3	0.0594029264144014
33.2	0.0710269920230771
33.1	0.0600714014578198
31.8	0.0739739524108851
40.6	0.0625963206977336
44.0	0.1391293673908919
47.1	0.0912178858599725
40.5	0.0615848409442464
31.1	0.0745408193344493
38.3	0.0596048043120804
41.2	0.0775294977550381
32.0	0.0770160112233859
43.2	0.1221265877345402
32.2	0.0729321095723044
34.7	0.0641608137976941
44.3	0.0949273221684428
39.9	0.0607589648682277
41.2	0.1439264483597972
43.6	0.1226899972173571
34.8	0.0593399120854212
40.6	0.0622407015210937
35.4	0.0746972404208854
37.1	0.0764948022834943
44.5	0.0848625142168997
44.6	0.0944547062217592
44.3	0.1154633596861594
32.9	0.0679378407068344
38.9	0.0685209022425713
31.7	0.0761536631779257
33.9	0.0630845764713675
32.8	0.066681833778401
40.5	0.0779634693757838
39.5	0.0581086375332616
39.5	0.0580627863231507
33.4	0.0728278873185807
32.4	0.0807774066201032
30.0	0.058500866775337
32.3	0.0754425279966691
34.5	0.0757691776315019
39.7	0.0648528387362754
40.5	0.0616941537646739
45.1	0.0944411725987154
37.0	0.075433019041667
39.5	0.058771686596867
41.5	0.1429471798045915
46.5	0.0939734443188934
43.9	0.0889805004740899
39.5	0.0583370607392068
42.6	0.0830024029678386
33.7	0.0590534574393296
44.2	0.0888756900860263
33.6	0.0628484948842304
32.2	0.0645552502273919
42.8	0.1400089276019737
37.2	0.0617087041573995
30.4	0.0786750709894841
30.4	0.0782651733034037
42.1	0.0788473902624349
41.5	0.0615059599743237
44.5	0.0852970166376714
38.7	0.0589437631071021
33.5	0.0629937640074175
33.9	0.0631358273474826
43.2	0.1409707017239519
34.8	0.0593152843099068
35.6	0.0600062421354048
42.3	0.1422201316515719
38.4	0.0681794611188317
34.5	0.0590873356856866
39.1	0.0684572775147461
35.5	0.0606515729290234
29.0	0.0758516382054483
35.3	0.0606780562634534
43.8	0.1388112902933226
29.4	0.0782861259963074
44.0	0.1269611164961099
34.9	0.0688936397648316
37.4	0.0755598011006992
33.0	0.0721070596761433
33.3	0.0603089724680759
32.4	0.0644529695359773
36.8	0.0756790373434381
33.0	0.0702234935995954
44.8	0.0944416933081847
35.2	0.0655399637178529
35.7	0.0602966808778762
40.7	0.0601390025942084
34.6	0.0638058636250565
32.5	0.0764380765512755
44.8	0.103827819189479
33.5	0.0719693151615145
35.0	0.0595539873938065
35.6	0.0683713734810098
43.3	0.0842530497966802
44.0	0.1299253131244212
34.0	0.0667183445427103
39.9	0.059946194909644
33.4	0.0766301607903289
31.3	0.0758985690545171
39.1	0.0592605721490701
40.2	0.0779457407108764
47.0	0.0942285714285714
33.6	0.0593455931436938
36.8	0.0687770176690309
36.7	0.062132771533256
35.7	0.0738182072314354
32.8	0.0800028983640345
34.1	0.0810868852202976
30.4	0.078994328194648
35.5	0.0593773789013983
31.6	0.0611833570148884
36.6	0.0701449507487787
31.3	0.0744329211773553
38.4	0.068799640539719
35.0	0.0595287780447467
30.3	0.0619292754223038
40.3	0.0605406548364535
38.5	0.0577884232209782
35.0	0.0589198846767348
38.4	0.0582334323669669
35.6	0.0677330983740207
37.8	0.0689244353597594
38.7	0.058961715637597
32.9	0.0707505262090883
34.8	0.0763385356795472
32.3	0.0697782982719354
35.5	0.0759622765356688
44.1	0.1073311261576531
35.9	0.0607817306688115
43.3	0.1402303603620346
32.8	0.0747206996735256
31.1	0.0616762968252937
40.9	0.0774663646535491
44.1	0.1165930046284459
33.9	0.0601054645956698
33.4	0.0596632359915778
43.4	0.1224202154434712
39.8	0.0599023159265741
42.3	0.0777126177949008
42.1	0.077777537598556
36.0	0.0598555475873373
34.5	0.0642765590486852
38.5	0.0757910596293423
33.9	0.0760805043547677
35.1	0.0639487890709313
36.5	0.0626032216713078
31.5	0.0698826812999668
34.9	0.0785776462707365
40.0	0.0602309085735305
36.7	0.0626558008466372
31.1	0.0746402774097669
39.9	0.0785779233072642
35.2	0.0600153514559101
35.4	0.0803914920705211
34.1	0.0607172245595942
38.3	0.0683020787454327
33.6	0.0755590291106624
38.8	0.0582058614394612
41.2	0.077343231991652
35.9	0.0691719505582666
39.3	0.0583161958193942
42.0	0.1436429331429618
33.3	0.0614229114508641
34.9	0.0812705719694886
40.0	0.0770769259797354
43.9	0.1091965506362393
31.5	0.0801981541802388
42.6	0.1416071798518094
46.1	0.0939026238929556
30.5	0.0773057787983161
31.7	0.0745285542329811
44.7	0.0946277379832443
30.4	0.0707461008852044
40.2	0.0600177727586191
43.8	0.0948691661409204
32.1	0.0752890513326216
33.5	0.0612997561033364
33.5	0.067015128335883
39.9	0.0609794254290319
45.1	0.094453019723141
39.5	0.064035812298871
33.3	0.0785301993966722
37.7	0.0761007264545914
42.3	0.1426466532931768
35.0	0.059219357725536
38.1	0.0687918059034538
34.0	0.0601530574940491
33.6	0.0628181228927891
44.0	0.1303260260266293
38.3	0.0681888004468649
35.2	0.0708806990128864
30.9	0.0761848656455475
42.0	0.0774000021697386
31.5	0.073429389412691
44.5	0.0940596066049408
39.7	0.0770901514218225
35.2	0.077066677599661
35.5	0.0755971547843432
32.9	0.0756475524813775
34.8	0.0656880846334911
33.7	0.0692978163089328
31.8	0.0763095706971248
33.7	0.0621225899398187
32.3	0.0815332310626477
37.0	0.0755025178535975
33.7	0.0738909650079568
37.8	0.0612865114300207
40.6	0.0774585918442362
40.0	0.0600898087941801
33.9	0.0606090215192201
32.9	0.0640649027531559
33.8	0.0767933273534908
31.7	0.0781812301742942
38.9	0.0675919315610517
44.5	0.0908448815805855
40.6	0.0788350332392314
33.2	0.0797117640487096
34.1	0.0620577559764559
37.2	0.0757269078131929
39.2	0.059090120560481
42.5	0.1423321622597762
31.5	0.0762703389951572
37.2	0.0755762292393475
39.2	0.0584209014841985
33.9	0.0625942226856132
43.2	0.1412621504618269
40.2	0.0781123527459281
40.2	0.0773386810091476
44.6	0.0851227549004099
30.8	0.0776322009860201
32.2	0.064484810779394
34.8	0.0638348702413119
46.5	0.0941424370910354
33.7	0.0631269846375839
43.6	0.1234283646769564
36.1	0.0674257277209027
32.8	0.0802978127713362
36.8	0.0618994866673947
46.4	0.0941617917972916
41.5	0.0777957424599897
44.3	0.0844931110277167
34.1	0.0720323119835909
33.0	0.0695648514434812
43.9	0.1299820848389153
32.3	0.06664128664241
32.3	0.06440800594701
28.2	0.0812877175592548
44.2	0.0917571267206555
36.8	0.0760662549777803
43.9	0.0848306873940049
44.1	0.1290364124975315
32.0	0.0786498743506897
44.5	0.093890813690345
42.8	0.1427286107172016
39.5	0.0576995052530941
35.4	0.0600428609496215
39.5	0.0588840873293859
33.3	0.0636719632502447
32.3	0.0640168324765577
33.2	0.0669748568476342
43.1	0.1426928921434989
31.0	0.0726482296249738
44.6	0.1064005935876908
39.5	0.057921288635142
44.4	0.0919615479307952
32.9	0.0624404553415061
44.8	0.1030757251313996
39.5	0.0582815940455884
29.7	0.0787037037037037
39.4	0.057672392312414
29.0	0.0753338898163605
35.9	0.0687255030608693
40.6	0.0599663577981121
34.5	0.0737111127454585
33.7	0.0742914083259521
37.4	0.0758028210606247
36.4	0.073793834883287
44.6	0.0947879011568369
43.2	0.1200238795921534
37.5	0.0617344887438996
42.0	0.0779337763968161
43.2	0.1205078249084093
43.0	0.1425091700371568
37.7	0.068381895172286
30.2	0.0787158258872108
39.2	0.0584991601225994
40.6	0.0782762193912749
31.2	0.0778490024061627
33.0	0.0707320618100378
42.3	0.0789512336464072
35.9	0.0692992805038135
44.1	0.1078120352929513
40.6	0.060998069211347
33.4	0.0643492354781024
33.3	0.0784728793426271
44.0	0.0961378373021491
34.9	0.0696234134398556
41.4	0.0612305784309748
39.1	0.0591839933742451
35.2	0.0631320161652447
31.8	0.0731867595263739
44.2	0.1250722343659707
33.1	0.059443444999476
29.0	0.0750465452141079
34.5	0.0606763678406703
42.6	0.1418849856780101
35.4	0.0596488479830715
35.8	0.0633661746844341
34.8	0.0656038588683098
40.0	0.0611456824379926
46.8	0.0939261014038825
43.9	0.1253269706120889
39.5	0.0759526852124905
41.6	0.1432405825879898
38.6	0.0593554859801767
44.8	0.0938641049282323
35.5	0.0671279842789647
36.9	0.0676007924387349
34.7	0.0648889664092526
44.6	0.1008391133530581
35.3	0.0593432697696849
39.1	0.058868282264743
42.7	0.1429688992148274
46.5	0.0939647113429694
30.5	0.0724648012831937
37.5	0.0690387948853705
30.6	0.0615905326007937
34.5	0.060194873029872
44.2	0.0908191857590242
33.1	0.0628997387622736
35.9	0.060775056903729
38.0	0.0592938266179317
43.9	0.1185517311656855
36.4	0.0743700124648222
35.2	0.0699605580114884
35.3	0.0694025164827203
31.9	0.0774086263641087
35.6	0.0676691529035695
36.7	0.0729446658633793
33.6	0.0630881491238174
31.4	0.0745741451730869
33.3	0.0792317729144448
33.0	0.0642939937432228
40.3	0.0605069624275482
29.1	0.0776709311192069
31.2	0.0745350693084356
34.7	0.0591535414049666
33.4	0.0603847167129875
32.1	0.0598295433118376
36.8	0.0742543052368825
35.9	0.0699424476056032
31.4	0.0779324541293157
44.5	0.1008308300455273
32.2	0.061897710445381
44.4	0.0902414124264246
33.1	0.0686451612903225
44.1	0.1295075254011964
39.8	0.0765391515522786
38.0	0.0755329343986449
39.5	0.0637503267327432
33.5	0.0737645516035521
44.2	0.0926800273373954
33.6	0.0603024035375508
41.4	0.1431377370142494
32.9	0.0676913015042511
34.3	0.0766221099376503
46.0	0.0944867004562966
34.7	0.0663924459597875
35.6	0.0672767649872181
35.2	0.0587946903961116
40.2	0.0594634190061221
33.3	0.0673952530076394
31.2	0.0735404446869458
44.5	0.0925462755707807
34.5	0.0595011065968479
36.4	0.0735742355985814
35.1	0.0785472890477725
37.9	0.0757580440762834
41.8	0.0770899926402494
47.0	0.0895364148670105
44.8	0.0905575916808336
34.5	0.0665830986246528
43.9	0.0941760928089388
44.1	0.1236207088720463
34.7	0.0587922838749055
38.4	0.0685739630561578
39.3	0.0587446416409598
35.7	0.0680838855574181
33.2	0.0718589232989764
35.3	0.0608263184070437
40.6	0.0625903632820835
35.5	0.074561728918472
40.2	0.0606993755079641
36.2	0.072770431642104
44.1	0.1266409744993971
35.1	0.0661282735230292
33.4	0.0668302679114164
32.6	0.0781382510322009
34.0	0.0776788447012773
33.1	0.0745285206368836
33.7	0.0634081560497745
33.6	0.0775573798871992
33.3	0.0656726637104342
44.1	0.130362255471567
34.9	0.0603626321547885
38.5	0.0682142797596883
39.5	0.0770224495673281
33.5	0.0598594977069695
34.0	0.0714240586302754
33.7	0.076035660929924
35.8	0.0689056909086765
32.3	0.079185536703576
36.8	0.0743440714418113
44.0	0.093294656745281
38.8	0.0673766802935874
40.4	0.0611219034153689
33.0	0.0638498864340284
40.4	0.0608103095856823
46.5	0.0946864252244766
41.4	0.0772469427437368
32.4	0.0731056545015873
39.2	0.075768409935975
44.3	0.0865767498107061
44.7	0.0998807665297502
39.8	0.0782414626435395
43.3	0.0950961625566675
39.7	0.05778133707336
34.9	0.0595935191019533
31.4	0.0744412702298709
45.8	0.0937649529754702
33.0	0.0729660070448752
31.5	0.0788577323971947
46.2	0.0942411502564533
