40.9	0.0623360385829588
44.3	0.09167533189188
31.5	0.0765353963724197
41.9	0.0794449564605099
46.5	0.0967555117690915
43.7	0.0956461714593575
31.5	0.0800421898794218
34.8	0.0625988597572565
38.4	0.06121643338311
36.4	0.0717821919096375
38.4	0.0702613846321052
33.8	0.0701422249568118
30.4	0.073379857445349
39.5	0.0604592448889234
33.1	0.0653528691177336
40.0	0.0621117898335516
45.4	0.0971661709041872
34.3	0.0648649697157793
45.5	0.0983580377039554
37.4	0.0780648918273472
44.3	0.0924470665605535
31.8	0.07566754578289
44.1	0.0911145408444493
35.7	0.070186692620775
40.9	0.0633814520605546
33.6	0.0642749379155167
43.7	0.09729067008906
31.7	0.0777206012055741
36.5	0.0690922764086858
41.0	0.1464075320849989
31.5	0.0776748452827303
36.8	0.0764394913559079
40.5	0.0617316137543177
32.0	0.0756620428751576
40.8	0.0610674573758339
40.4	0.0625277569600577
39.9	0.0783564598422466
47.0	0.0921833410124048
40.5	0.0646649653833409
34.7	0.0792946945589232
31.9	0.0760473085000552
40.9	0.0627808040963134
34.5	0.0604129620486243
29.4	0.0787366070470014
34.5	0.0619268653026126
34.6	0.0791043156157551
32.9	0.0764005377303496
39.5	0.0651995989941985
33.9	0.0616569453935415
44.5	0.1039160664176303
44.3	0.1026851856566078
40.4	0.0809452737722077
39.8	0.0616354441034796
41.2	0.1461529836653762
39.6	0.0599392934162188
41.0	0.080071292934004
43.9	0.0973254530226892
33.0	0.0654048383487464
36.8	0.0697014703698202
35.4	0.0605606105482122
44.8	0.1014205685321469
31.1	0.0750446115046723
35.7	0.0648142547007089
36.3	0.0706636448101225
34.4	0.0737809520158176
38.2	0.0695424688426591
28.8	0.0750925197611894
29.4	0.0808268424206111
39.5	0.0605329839106272
43.9	0.134100132833016
31.5	0.0762889126359861
36.6	0.0758700457899071
33.7	0.0735058697972251
34.8	0.0733118971061093
31.5	0.0760187890996954
37.0	0.076037733010366
34.0	0.0629550421601852
31.2	0.0757346336683577
34.1	0.0736213134524723
45.1	0.1001491795126802
32.6	0.0620164762865378
31.5	0.0764257131402376
44.1	0.0896372972265829
44.9	0.0928101855704418
42.9	0.1464359875069074
33.2	0.0657047608443638
36.4	0.0720339433356713
44.3	0.0893250638055625
40.1	0.0626655506203507
44.3	0.0973579955444087
31.2	0.0762442925770037
32.5	0.0820184404083321
30.4	0.0638733644397779
35.3	0.0774813554231943
44.0	0.1331016912626461
32.6	0.0611086807844683
40.6	0.062396428997983
40.3	0.080870078988579
35.4	0.0605739715308916
34.1	0.0651716409751831
39.8	0.0618251657567863
29.0	0.078879086663207
33.2	0.0648809866866463
37.4	0.0782548515419716
38.9	0.0781067280764562
35.1	0.0622825366715605
35.9	0.0620775524724297
32.2	0.0749094992891363
32.1	0.072525375206038
32.8	0.071980410979297
34.0	0.0605849821970923
39.4	0.06098094023838
42.1	0.0794242739289523
42.9	0.1248478330082645
31.8	0.0633805097645496
37.1	0.0780223478538763
44.6	0.0966308342746038
43.0	0.0868512770532961
34.6	0.0654080871862372
45.0	0.099705961634052
37.6	0.0780346568251924
35.7	0.0706753098815668
37.1	0.0631671853125697
38.6	0.0614810084878456
40.5	0.0617607223476298
33.1	0.0659077918048047
35.2	0.0626097047414343
37.7	0.0705662898825101
33.7	0.0645370733150492
44.9	0.1003259670313375
36.1	0.0771930098177593
44.3	0.0969671442088194
31.4	0.0746120380551704
31.5	0.0639176643400954
39.2	0.0601389078033501
42.6	0.1467803176663936
33.4	0.0810870282759379
43.7	0.1293390838093018
44.9	0.1049278443779436
34.8	0.060937668920948
43.9	0.1291812805757028
44.1	0.1436938987680662
44.5	0.0954449016095831
31.3	0.0763273173295952
33.5	0.062086734302013
40.9	0.0798649539971604
35.2	0.0630010306000738
33.0	0.0712424950095185
33.3	0.0612371354613997
38.3	0.0598011584164327
38.5	0.0697756689221439
36.5	0.0756122067022597
26.4	0.0869750187189435
40.4	0.0808021756636318
44.5	0.0874469905764024
39.2	0.0611862006972308
38.7	0.0695281692082839
40.4	0.0615309515748268
44.0	0.0971935827422899
43.0	0.1240014750710342
41.3	0.0634397898069422
43.5	0.1208646309816451
39.7	0.0623934212977939
33.5	0.0741994545947351
38.4	0.0611692426504304
41.1	0.0627887059151202
44.4	0.088489584182966
38.4	0.0615142022357128
35.5	0.0699338212643006
46.1	0.0964394725700941
44.6	0.0972381423830738
39.5	0.0599171610689156
35.8	0.0616331457522229
43.7	0.1318773964059685
40.5	0.0624624497567167
35.1	0.0604597870662907
46.8	0.094257883475184
30.3	0.0793005286701911
40.8	0.0796971979263445
37.1	0.0709028870971608
40.3	0.0807217420585924
42.5	0.1468973589838536
33.7	0.0784467953655343
33.8	0.0643503348719417
42.7	0.1461858756868222
33.0	0.0629963160049119
32.5	0.0632355882253055
31.6	0.0763302921749817
35.4	0.0621307565213987
35.4	0.0775905815487668
38.6	0.0613104178379745
31.1	0.0763568721717949
34.3	0.0607717058550807
36.5	0.0708491885585844
41.8	0.1472168683348704
37.5	0.0775282200226294
44.0	0.1348367488818206
44.9	0.094294517637059
30.2	0.0784025422723931
42.6	0.1449744288247539
36.7	0.0769333213814652
35.2	0.0621129062746711
37.1	0.0779459226852183
33.4	0.0787690985169374
31.4	0.0750883570265135
33.1	0.0818654893571829
44.5	0.0922954493331085
33.0	0.0810789631163501
31.5	0.0751644965478893
35.2	0.0618925289334993
34.9	0.0611439465064562
36.4	0.064381831642207
29.3	0.0734135829989597
33.3	0.0760009034282725
36.5	0.071277296382866
40.3	0.0811291205053309
41.0	0.0623412227311948
33.3	0.0653324995469143
39.0	0.0602823159680843
34.6	0.0616643793826555
44.0	0.1106856275692294
35.5	0.0788368838438812
34.8	0.0603549382148674
35.1	0.0609548058561425
36.3	0.0747231767850324
45.0	0.1064228496118284
39.3	0.0594348984711603
40.7	0.0625021227044467
42.6	0.0856604569049563
31.7	0.0748803403651834
42.5	0.0864575524984955
40.1	0.0817337002660832
38.3	0.0712289392410482
43.9	0.1317990062269518
44.3	0.0947146183450156
35.1	0.0778874777093896
35.5	0.070293308077071
47.1	0.0967084097820896
42.4	0.0799090219863532
36.1	0.0651405744301712
43.5	0.1441273529351228
39.0	0.0594924924093061
35.3	0.0624399336932474
29.5	0.0818251730325557
35.1	0.0674525576360695
33.0	0.0746123273754368
34.3	0.0612232638310415
33.2	0.0732332608426598
33.1	0.0616938468785751
31.8	0.0762439267780872
40.6	0.064222567752838
44.0	0.1432277269827769
47.1	0.0935538454127225
40.5	0.0634116509368798
31.1	0.0761236754620106
38.3	0.0613367484269195
41.2	0.0794172339456838
32.0	0.0786148843759147
43.2	0.1239106007086135
32.2	0.0746265590389708
34.7	0.0659028215420659
44.3	0.0972773923426896
39.9	0.0624316918376667
41.2	0.1480010459643209
43.6	0.1257698161169084
34.8	0.0609574224664363
40.6	0.0635365815414528
35.4	0.0775836603237924
37.1	0.0787243224337946
44.5	0.0872660934418972
44.6	0.0969462396136638
44.3	0.1192628053195534
32.9	0.0700610057182905
38.9	0.0701536559711122
31.7	0.0780648588224568
33.9	0.0651823631973599
32.8	0.0690050384394977
40.5	0.0799088991043608
39.5	0.0598387958739943
39.5	0.0597906499127708
33.4	0.074898669682223
32.4	0.0829471844777198
30.0	0.0611739052664753
32.3	0.0778831874915624
34.5	0.0787659784834859
39.7	0.0658652086952505
40.5	0.0628340830463381
45.1	0.0973143962061176
37.0	0.0783139245845824
39.5	0.0608885846191654
41.5	0.146585148892309
46.5	0.096981315102663
43.9	0.0913406395600897
39.5	0.0605004774348363
42.6	0.0847643521339444
33.7	0.0609856326690182
44.2	0.0907962032018427
33.6	0.0639564443353569
32.2	0.066093646469852
42.8	0.1448121117075818
37.2	0.0632193014043932
30.4	0.0802031402879373
30.4	0.0800186487431524
42.1	0.0813303929451914
41.5	0.0634301124787183
44.5	0.0884457651503946
38.7	0.0602830378501643
33.5	0.0649294513569421
33.9	0.0650241560743689
43.2	0.145046674596304
34.8	0.0610394187496611
35.6	0.0618219726391918
42.3	0.1471886326284053
38.4	0.0698960412723926
34.5	0.0608210153069413
39.1	0.0700145100349102
35.5	0.0627912068886501
29.0	0.0779319086012041
35.3	0.0619171987682379
43.8	0.14400770196659
29.4	0.0796184022824536
44.0	0.1287961248041031
34.9	0.0705817177631172
37.4	0.0786699575567447
33.0	0.0739385186940872
33.3	0.0624454229851763
32.4	0.0661832868785172
36.8	0.077873125814157
33.0	0.072181755634993
44.8	0.097197468916357
35.2	0.0675100318453133
35.7	0.0613857825533864
40.7	0.0621069500519621
34.6	0.0657277775377754
32.5	0.0784255435683451
44.8	0.1061664142100697
33.5	0.0735520423431434
35.0	0.0612694873698863
35.6	0.0701346204397116
43.3	0.0866855192485215
44.0	0.1350523212117708
34.0	0.068377388429752
39.9	0.0619038530442867
33.4	0.0788084080867586
31.3	0.0780457412553482
39.1	0.0607547704515397
40.2	0.0810138065942789
47.0	0.0971133124782759
33.6	0.0612760782618095
36.8	0.0707461149154662
36.7	0.0645977304775571
35.7	0.0769082878669784
32.8	0.082866283307686
34.1	0.0836317295513893
30.4	0.0803018014331103
35.5	0.060851800012171
31.6	0.0624849898124404
36.6	0.0721120112266377
31.3	0.0765647896169143
38.4	0.0703819455867355
35.0	0.0615040302203109
30.3	0.0633621491944657
40.3	0.0618248791486124
38.5	0.0596705076510384
35.0	0.060887783809486
38.4	0.0598929861865425
35.6	0.0692339225976891
37.8	0.070530771735591
38.7	0.0604416873449131
32.9	0.0731593746082346
34.8	0.0789931810850195
32.3	0.0723291665541726
35.5	0.0781783230377122
44.1	0.1110338803891379
35.9	0.0621614271529947
43.3	0.1429467361335324
32.8	0.0769908386187455
31.1	0.0637038580956761
40.9	0.0797822625074346
44.1	0.1208373250583138
33.9	0.0622025014050536
33.4	0.0614291959033589
43.4	0.1252014376213704
39.8	0.0618396944879804
42.3	0.080105481698872
42.1	0.0799104132419411
36.0	0.0615397539529934
34.5	0.0655821243243833
38.5	0.077384361325334
33.9	0.0776454391106567
35.1	0.0657421392283399
36.5	0.063858883920136
31.5	0.0713259143492158
34.9	0.0806467224721719
40.0	0.0621047912114324
36.7	0.0649618006001546
31.1	0.075757082477129
39.9	0.0805580389406682
35.2	0.0622037986172464
35.4	0.082163784871779
34.1	0.0624680825677126
38.3	0.0700751246921372
33.6	0.0772411159294753
38.8	0.0602714758841759
41.2	0.0799036420055528
35.9	0.0716372890941653
39.3	0.0601147360491394
42.0	0.1477227776792656
33.3	0.0631144748369512
34.9	0.082909361302442
40.0	0.07965213741218
43.9	0.1113220826833482
31.5	0.0819978523562913
42.6	0.1456061594341915
46.1	0.0968050461189924
30.5	0.080383287223086
31.7	0.0759995986819871
44.7	0.0971919331226515
30.4	0.0726230054923867
40.2	0.0615727247668224
43.8	0.0973652237902144
32.1	0.0766843653583985
33.5	0.0628200899461389
33.5	0.0692585920633651
39.9	0.0628306707965921
45.1	0.0969150146087024
39.5	0.0656698560371571
33.3	0.0804102693323101
37.7	0.0778064384499919
42.3	0.1460199119290458
35.0	0.0606144110674222
38.1	0.0704255094498996
34.0	0.0620104639719317
33.6	0.0644840753640216
44.0	0.132881927203238
38.3	0.0702649416036847
35.2	0.0727011335360796
30.9	0.0780364831180602
42.0	0.0794912387524524
31.5	0.0747615058238521
44.5	0.0970354835052715
39.7	0.0797248425141925
35.2	0.0782909191398779
35.5	0.0777168922880065
32.9	0.0772315801535464
34.8	0.0665592024842456
33.7	0.0699734791017638
31.8	0.0785669129763397
33.7	0.0640153234815521
32.3	0.0836408771203971
37.0	0.0779942368642784
33.7	0.0756373920845142
37.8	0.0631737688202583
40.6	0.079983027474276
40.0	0.0618840953231284
33.9	0.0620440103553777
32.9	0.0657172976019972
33.8	0.07950075345138
31.7	0.0805831153915341
38.9	0.0698280700272167
44.5	0.0923449138907097
40.6	0.0812440948028556
33.2	0.0820597820806849
34.1	0.0638332222848649
37.2	0.0778708471016163
39.2	0.0605002734688652
42.5	0.1450143343260338
31.5	0.0782439923415186
37.2	0.077407930957518
39.2	0.060388551348013
33.9	0.0642984424498416
43.2	0.1443544226836413
40.2	0.080151971701821
40.2	0.0788601597400839
44.6	0.0875948757078028
30.8	0.0801183750336292
32.2	0.0656702417468921
34.8	0.065418387283646
46.5	0.0969797192989212
33.7	0.0650195755392268
43.6	0.127021725351343
36.1	0.0690724431597029
32.8	0.0821100210895476
36.8	0.0628733533615752
46.4	0.0968876735897751
41.5	0.0795092248642928
44.3	0.0869602455977881
34.1	0.0735793882873626
33.0	0.0712178322816375
43.9	0.1326243173325668
32.3	0.0682538690010942
32.3	0.0662210858984684
28.2	0.0836325242754039
44.2	0.095045725684209
36.8	0.07809509901457
43.9	0.086952937610024
44.1	0.1323113720373994
32.0	0.0806804418835101
44.5	0.0966889701489926
42.8	0.1469297243538914
39.5	0.0592616877444439
35.4	0.0618773900916771
39.5	0.0608141313663725
33.3	0.0653251327528561
32.3	0.0664747972004358
33.2	0.0689471646990516
43.1	0.1458764239096261
31.0	0.0740021416423457
44.6	0.1086976307557085
39.5	0.0601593000299005
44.4	0.0942295380778918
32.9	0.0639216288147003
44.8	0.1045188172870675
39.5	0.0592199687665256
29.7	0.0802734029375331
39.4	0.0589088579664756
29.0	0.0763018160724644
35.9	0.0697806633540655
40.6	0.0621314540984174
34.5	0.0755508919202518
33.7	0.0757412634213053
37.4	0.0784034556401501
36.4	0.0762871878192582
44.6	0.0972367369521116
43.2	0.1230261446324536
37.5	0.0630961949383466
42.0	0.0805823367509536
43.2	0.1236871886535024
43.0	0.1457125248953621
37.7	0.0699664671151432
30.2	0.0806809189882397
39.2	0.060554070458115
40.6	0.0806861499364676
31.2	0.0798558279913197
33.0	0.0725632438013793
42.3	0.0805958869113514
35.9	0.0708900280105842
44.1	0.1094605343800122
40.6	0.0631580359418527
33.4	0.0666266920685851
33.3	0.081234346066403
44.0	0.0985121125852715
34.9	0.0715463900935767
41.4	0.0637786391132191
39.1	0.0609999684176173
35.2	0.0652878921774799
31.8	0.0750839754989132
44.2	0.1291375693947303
33.1	0.0609606126659595
29.0	0.0769550316751479
34.5	0.0619834710743801
42.6	0.1454714081689536
35.4	0.0617834017280844
35.8	0.0650074843780301
34.8	0.0666068082448469
40.0	0.0622255671433179
46.8	0.096770767178966
43.9	0.126783381238568
39.5	0.0785760917367539
41.6	0.1463243998063485
38.6	0.060944372992581
44.8	0.0968637456813936
35.5	0.0701997459877612
36.9	0.0689715088075212
34.7	0.0660216284722179
44.6	0.1039055316265789
35.3	0.061065225857015
39.1	0.0603650572510775
42.7	0.1463024771838331
46.5	0.0969802377211112
30.5	0.0746046544985118
37.5	0.0707492577869471
30.6	0.0639427800828224
34.5	0.0612074708367979
44.2	0.0933997360753497
33.1	0.0649258839309171
35.9	0.0620551933509182
38.0	0.0610613819426522
43.9	0.1211291000786128
36.4	0.0764938171373075
35.2	0.0725117601722167
35.3	0.0708032044165741
31.9	0.0801476055789905
35.6	0.0694888306754947
36.7	0.0760422560394637
33.6	0.0646405080517124
31.4	0.0764410957836923
33.3	0.0811928045674949
33.0	0.0658041719443055
40.3	0.0616995820567335
29.1	0.079458012713282
31.2	0.0761126110561239
34.7	0.0608800284303803
33.4	0.0628252755804846
32.1	0.0630790147658646
36.8	0.0764735310169183
35.9	0.0714072660025055
31.4	0.0797430739224115
44.5	0.1025894101254064
32.2	0.0639101952384656
44.4	0.0925475934650246
33.1	0.069946508884138
44.1	0.1330414520844773
39.8	0.0793644293378107
38.0	0.0786109259186634
39.5	0.0654679701921104
33.5	0.0749797112713888
44.2	0.0950296255427351
33.6	0.0618699301941775
41.4	0.1483700390161638
32.9	0.0689459024753834
34.3	0.0790479880072091
46.0	0.0967800565529928
34.7	0.0676846103450427
35.6	0.0699975383513667
35.2	0.0606655778511823
40.2	0.0616514914959172
33.3	0.0688244311592859
31.2	0.0751870267311376
44.5	0.0962743142509491
34.5	0.0610844316930266
36.4	0.0752017326969888
35.1	0.0807800258706953
37.9	0.0786524416921886
41.8	0.0797716229877061
47.0	0.0918261743280582
44.8	0.0937463659369929
34.5	0.0681744604316546
43.9	0.0961153867760238
44.1	0.1268756631833914
34.7	0.0603585288512726
38.4	0.0703162073635111
39.3	0.0606663287868071
35.7	0.0697007235564064
33.2	0.0739169378676141
35.3	0.0622299049265341
40.6	0.0641382217096828
35.5	0.0777763039210484
40.2	0.0620800221610484
36.2	0.074970406418519
44.1	0.1286333708045607
35.1	0.0671779093974941
33.4	0.0684661741344965
32.6	0.0797463516492735
34.0	0.0799496069738536
33.1	0.0761973031618102
33.7	0.0646847981089171
33.6	0.0802386883726319
33.3	0.0663802949129784
44.1	0.1338136163216501
34.9	0.0617872350363145
38.5	0.0698634169642906
39.5	0.0783323791183053
33.5	0.0615061940619219
34.0	0.0738902908752822
33.7	0.0784368613297386
35.8	0.0699188830163081
32.3	0.0818644461545162
36.8	0.077066056255904
44.0	0.0959509903931305
38.8	0.0697113117691437
40.4	0.0625555506666079
33.0	0.0654894284015248
40.4	0.0628992270672305
46.5	0.0971326070326307
41.4	0.0804310374853646
32.4	0.0750040175632312
39.2	0.0778890045206512
44.3	0.0890996086675907
44.7	0.1018654032821843
39.8	0.0801083560192573
43.3	0.0974948710491357
39.7	0.0594395642094539
34.9	0.0612723040186231
31.4	0.0761206638898054
45.8	0.0973987931337512
33.0	0.074815965460329
31.5	0.0811587915121874
46.2	0.0970364371381237
