40.9	0.1485713494840338
44.3	0.2101543698045996
31.5	0.1639129565738817
41.9	0.1872061212276652
46.5	0.2150271527798638
43.7	0.2217254135238116
31.5	0.1823025263055811
34.8	0.1482762382232987
38.4	0.1489474911066292
36.4	0.1647292707844382
38.4	0.164002722940776
33.8	0.1625235300631159
30.4	0.1658725582430477
39.5	0.1485686652043583
33.1	0.1519872959725645
40.0	0.1478348973425946
45.4	0.2234093126210131
34.3	0.1614479467172646
45.5	0.2240987405690762
37.4	0.1867640063578249
44.3	0.2145944986349744
31.8	0.1577426008702932
44.1	0.210276925255507
35.7	0.159827754550234
40.9	0.1493456149639827
33.6	0.1606061455646517
43.7	0.2209128218404151
31.7	0.1724217488271937
36.5	0.1607465121539224
41.0	0.2985872750399787
31.5	0.1751092428597537
36.8	0.1860667986558344
40.5	0.1493886059801491
32.0	0.1576783372010897
40.8	0.1483056169322014
40.4	0.1508816037200732
39.9	0.188150214314946
47.0	0.2066254207414658
40.5	0.1567961806932932
34.7	0.1786545949782287
31.9	0.1566360230246661
40.9	0.1526437472784954
34.5	0.1470290580321947
29.4	0.177372161070085
34.5	0.1473655465278971
34.6	0.187276604188034
32.9	0.1709682750445927
39.5	0.1571297058290209
33.9	0.1527282782352218
44.5	0.2327296004243642
44.3	0.2306946991429448
40.4	0.1893077826009922
39.8	0.1472434675609814
41.2	0.2977090111091187
39.6	0.1481778706447699
41.0	0.1884604565676316
43.9	0.2202310997907216
33.0	0.1518721204593855
36.8	0.1604263738766523
35.4	0.1461878528429498
44.8	0.2305280729611986
31.1	0.1558839496632642
35.7	0.1563266220851793
36.3	0.1643678222777126
34.4	0.1659386476108768
38.2	0.1629553322233269
28.8	0.1674187064915012
29.4	0.1770869717079986
39.5	0.1480627081471854
43.9	0.2812832657552597
31.5	0.1602328387875345
36.6	0.1865610296082989
33.7	0.1652265193370165
34.8	0.1649615168012014
31.5	0.1664576696265166
37.0	0.18700200086113
34.0	0.1531995529857635
31.2	0.1615046003501481
34.1	0.1645256944177014
45.1	0.227430239375304
32.6	0.1536301911616142
31.5	0.160149836241229
44.1	0.2062338026573754
44.9	0.2143869029573078
42.9	0.3006371469032911
33.2	0.1526400251267378
36.4	0.1652509509916164
44.3	0.2051123601543273
40.1	0.1493715778436942
44.3	0.2176025635207919
31.2	0.1632652884248499
32.5	0.1821107574197172
30.4	0.1590264212282377
35.3	0.1871077833329346
44.0	0.2795411654374732
32.6	0.1493430670944915
40.6	0.1491829824819667
40.3	0.1898645360614737
35.4	0.1466333526137624
34.1	0.1507765754584943
39.8	0.1484969418890505
29.0	0.175168799372621
33.2	0.1522794162682819
37.4	0.187591883102419
38.9	0.1874351800653082
35.1	0.1474451109321765
35.9	0.1457919605560501
32.2	0.1548000535570829
32.1	0.1615350927301115
32.8	0.1624228822416043
34.0	0.1424028773002744
39.4	0.1478960196274655
42.1	0.1867176523183037
42.9	0.2695332190745035
31.8	0.1544456088142148
37.1	0.1878480629115383
44.6	0.2169105915294298
43.0	0.1976467083705689
34.6	0.1617784555613046
45.0	0.2274232184211115
37.6	0.1871258519064284
35.7	0.1658644719241575
37.1	0.1541160925347721
38.6	0.1483748767826563
40.5	0.1502682976232572
33.1	0.1524778765429661
35.2	0.1514698982169927
37.7	0.162914714612933
33.7	0.1489481698719756
44.9	0.2277512659835932
36.1	0.1860713846765356
44.3	0.2171899081895482
31.4	0.1555854353427022
31.5	0.15890707316792
39.2	0.1478982419982466
42.6	0.2985746819237841
33.4	0.181469676557246
43.7	0.2771458088214193
44.9	0.2346703232165382
34.8	0.1496872126773513
43.9	0.2763336090510171
44.1	0.2960875617198587
44.5	0.2197322439576744
31.3	0.1657581263880476
33.5	0.1481809487457702
40.9	0.1888029797283028
35.2	0.1532242331395432
33.0	0.1640124376792077
33.3	0.1473017612808875
38.3	0.1459374150176882
38.5	0.1636333581287709
36.5	0.1860827414781536
26.4	0.1594037080154838
40.4	0.1906708790187696
44.5	0.2015742467997184
39.2	0.1474601617873115
38.7	0.1644879409015006
40.4	0.1490845170037985
44.0	0.223180365602932
43.0	0.2685473375202283
41.3	0.1544940055537038
43.5	0.2646346487395663
39.7	0.1485532539442005
33.5	0.1677422917915864
38.4	0.1497647948422016
41.1	0.1526679455486946
44.4	0.2033653988376814
38.4	0.1500670170507623
35.5	0.161938906836866
46.1	0.2161142519243652
44.6	0.2182558846741436
39.5	0.1482477058826673
35.8	0.1440374123148869
43.7	0.2802580255461246
40.5	0.149143944197844
35.1	0.1463515715061498
46.8	0.2102583361575969
30.3	0.1788790513200593
40.8	0.1881233770961244
37.1	0.1619251179245283
40.3	0.1906665450293173
42.5	0.2983701341022653
33.7	0.1474631158883766
33.8	0.150186003868064
42.7	0.2989764802102957
33.0	0.1571240353561368
32.5	0.1538486255482544
31.6	0.1597981880063276
35.4	0.1465299104760775
35.4	0.1858287909352332
38.6	0.1500669607416764
31.1	0.1627082524878485
34.3	0.148731088972503
36.5	0.1623739587900043
41.8	0.2994275958756649
37.5	0.1859044319668078
44.0	0.2818989400144543
44.9	0.2160867505395588
30.2	0.1763771541607993
42.6	0.2984523879300019
36.7	0.1869182552504038
35.2	0.1440522400902537
37.1	0.1877250362617673
33.4	0.1762334219335532
31.4	0.1559641068111828
33.1	0.1837075828313801
44.5	0.2124669752180389
33.0	0.1812547902711576
31.5	0.1566289751563933
35.2	0.1494734487952798
34.9	0.1483224870703639
36.4	0.1560116871857883
29.3	0.1651693757265515
33.3	0.16984936914798
36.5	0.1647191181197647
40.3	0.190586252832208
41.0	0.15194851351227
33.3	0.1515743970133123
39.0	0.1483615266705857
34.6	0.151639736030835
44.0	0.2449482038495119
35.5	0.1864312476531644
34.8	0.1474588825790379
35.1	0.1505027277107217
36.3	0.1643995492594977
45.0	0.2372098406615311
39.3	0.1472855509781506
40.7	0.1513332767526998
42.6	0.1962078136821333
31.7	0.1551881554595928
42.5	0.1968845375940436
40.1	0.1911532915255374
38.3	0.1630134506100374
43.9	0.2781825828966363
44.3	0.218218969478493
35.1	0.1471492135239575
35.5	0.1644908459973674
47.1	0.2152270991151568
42.4	0.1868293665218721
36.1	0.1556984425441212
43.5	0.2986992923467846
39.0	0.1465819201597858
35.3	0.1519523098595701
29.5	0.1534159659954702
35.1	0.1587292732213613
33.0	0.166097438473129
34.3	0.1444254510330324
33.2	0.1639547672090465
33.1	0.1480110190872123
31.8	0.1594251146607622
40.6	0.1550321512081059
44.0	0.2972224355990944
47.1	0.2087727987879494
40.5	0.1502858512050985
31.1	0.1614908669608302
38.3	0.1498124976017135
41.2	0.1872287679482367
32.0	0.1510036834116906
43.2	0.2687891314978662
32.2	0.1538190175763697
34.7	0.1568850839875855
44.3	0.2201083216798739
39.9	0.149455778426714
41.2	0.2990365051874023
43.6	0.2722011287282525
34.8	0.1478604046379516
40.6	0.1545171786386407
35.4	0.1850324179010068
37.1	0.1868567103230797
44.5	0.199763762807241
44.6	0.2186175389372632
44.3	0.2588378834153203
32.9	0.1627148974244264
38.9	0.1641346746048039
31.7	0.1768082424591113
33.9	0.1508045478633714
32.8	0.1584478990798196
40.5	0.1879897352856416
39.5	0.1481877871795515
39.5	0.1472814576139547
33.4	0.1667987104401933
32.4	0.1896350943511264
30.0	0.158618052221743
32.3	0.1714452776080109
34.5	0.1474053149614198
39.7	0.1581033321521351
40.5	0.1492568686900259
45.1	0.2178350236927425
37.0	0.1873411832074729
39.5	0.147903449400636
41.5	0.2989909338268504
46.5	0.2157964679487392
43.9	0.2097912155304818
39.5	0.1479322678958293
42.6	0.194181531209006
33.7	0.1443267260053119
44.2	0.2088341565735164
33.6	0.149717169632555
32.2	0.1550203384315001
42.8	0.2977605118829982
37.2	0.1546275071479991
30.4	0.1519670844852169
30.4	0.181323645672552
42.1	0.1880384407978888
41.5	0.153332083606711
44.5	0.2028784365949731
38.7	0.1470292770462385
33.5	0.1502907421078477
33.9	0.149944416648025
43.2	0.2987449447860253
34.8	0.149987178341499
35.6	0.1450091371859886
42.3	0.2986967654950612
38.4	0.1639633815200806
34.5	0.1478762728414004
39.1	0.1634271063110551
35.5	0.1531814768795455
29.0	0.1736356582464005
35.3	0.1460497280364586
43.8	0.2963218969581836
29.4	0.1776360596867066
44.0	0.2764875321227866
34.9	0.1647175689709667
37.4	0.1873989612355106
33.0	0.1661098620391188
33.3	0.1485880408738833
32.4	0.1548587364297333
36.8	0.1868049941871592
33.0	0.1631506081682433
44.8	0.2186910135412392
35.2	0.1592121566335476
35.7	0.1455696360649799
40.7	0.1503764832066192
34.6	0.1610230299129441
32.5	0.1758190764107358
44.8	0.2384361873990307
33.5	0.1657252273815222
35.0	0.1498578360755174
35.6	0.1617778220959155
43.3	0.197934373602084
44.0	0.2805919112609687
34.0	0.1608873051709599
39.9	0.1497478001503555
33.4	0.149519430492088
31.3	0.175443131077982
39.1	0.1489823518159944
40.2	0.1897990984473259
47.0	0.2146982594901356
33.6	0.1452516407647167
36.8	0.1646563704538899
36.7	0.1555482054524006
35.7	0.185762617553419
32.8	0.1845255474452554
34.1	0.1857428684919012
30.4	0.1806597497452157
35.5	0.1467578699514754
31.6	0.1546493463783606
36.6	0.1652749480084875
31.3	0.1694466027799361
38.4	0.1625067942846789
35.0	0.1496380647471736
30.3	0.1571493200628043
40.3	0.1496223625733145
38.5	0.1454828719964935
35.0	0.1471566428147382
38.4	0.1458815803280776
35.6	0.1606477768648307
37.8	0.1632199941877361
38.7	0.1470308153598658
32.9	0.1635167060411745
34.8	0.1870876268518415
32.3	0.1635558660078686
35.5	0.1864607655358997
44.1	0.2442339352444665
35.9	0.1527517672682351
43.3	0.2965699553496366
32.8	0.170841257059969
31.1	0.1587770393560929
40.9	0.1873488656706002
44.1	0.2629471539974654
33.9	0.1536701932110616
33.4	0.1467507808201129
43.4	0.2708228902220138
39.8	0.1486744471687958
42.3	0.1863887185775598
42.1	0.1874332959923304
36.0	0.1446859695850159
34.5	0.156778269859454
38.5	0.1883662646598634
33.9	0.1466915166298491
35.1	0.1563524409373034
36.5	0.1553637203732868
31.5	0.1645070178751258
34.9	0.1798313708094738
40.0	0.1496853883417852
36.7	0.1544785004502923
31.1	0.1618429687752152
39.9	0.1909259607315775
35.2	0.1457594775160946
35.4	0.1832369825491792
34.1	0.1485466641304519
38.3	0.1619518003899405
33.6	0.1467399782561217
38.8	0.1469312602291325
41.2	0.1868704039319721
35.9	0.1646633887423672
39.3	0.1480106016935309
42.0	0.2988036440054191
33.3	0.1449753531662913
34.9	0.185107717279032
40.0	0.1904700638206054
43.9	0.245854533474871
31.5	0.1841184387617765
42.6	0.2978966574592636
46.1	0.2154527865347927
30.5	0.1761152328632647
31.7	0.1593308998211147
44.7	0.2193887912802399
30.4	0.168628665324816
40.2	0.1491811859717341
43.8	0.2197790196247687
32.1	0.1701175153889199
33.5	0.1470654074311363
33.5	0.1623373392615643
39.9	0.1483443447547265
45.1	0.2227117214228804
39.5	0.1580624789096771
33.3	0.1884215849165643
37.7	0.1869624107153193
42.3	0.2988089622016442
35.0	0.1476215210145868
38.1	0.1647401803083456
34.0	0.1527614984481112
33.6	0.1507842708718604
44.0	0.2816333771936308
38.3	0.1637073553791118
35.2	0.1649798130634367
30.9	0.1737071102054304
42.0	0.1868178158376035
31.5	0.1661554481957411
44.5	0.2179574638844301
39.7	0.19051526178666
35.2	0.1861570776909376
35.5	0.1864955070603337
32.9	0.1709486222980725
34.8	0.1576680624267947
33.7	0.1655203524476835
31.8	0.1781531543015056
33.7	0.1485848470335563
32.3	0.1862425146194264
37.0	0.1878856495895839
33.7	0.1675485958063986
37.8	0.1538452648610031
40.6	0.188482262827056
40.0	0.1474133995434704
33.9	0.1537325664849766
32.9	0.1532313460972322
33.8	0.1769549607696807
31.7	0.1790965841922973
38.9	0.1617706032692296
44.5	0.215768390386016
40.6	0.1912133041496491
33.2	0.1893631536795894
34.1	0.1484121358131005
37.2	0.1886466188782242
39.2	0.1473999478215497
42.5	0.2977500608328964
31.5	0.1768601971197243
37.2	0.1867091672757051
39.2	0.1483192492950745
33.9	0.1490373187544568
43.2	0.2977538101905963
40.2	0.1892455237467207
40.2	0.1893636684512438
44.6	0.1993655933958007
30.8	0.1518742314057115
32.2	0.1543149610221414
34.8	0.1557688584887397
46.5	0.2156603449783214
33.7	0.1515313368698333
43.6	0.2734604045810861
36.1	0.1603749657600259
32.8	0.1896655970881923
36.8	0.1538119358958371
46.4	0.2151886096846391
41.5	0.1868873809034204
44.3	0.2003254345985288
34.1	0.165157637433902
33.0	0.1641248068812894
43.9	0.2806577480490524
32.3	0.1588585978528321
32.3	0.1547873869844414
28.2	0.1573485839361503
44.2	0.2193469330651016
36.8	0.18718483117132
43.9	0.1997086586952448
44.1	0.2791858148754462
32.0	0.1795899408028345
44.5	0.2221453460680354
42.8	0.2991575783552669
39.5	0.1471274335561118
35.4	0.1461385259497222
39.5	0.1491236436550115
33.3	0.1531449604460155
32.3	0.1547472139426271
33.2	0.1600674378740133
43.1	0.2997609346956824
31.0	0.1672889497501952
44.6	0.2423623987034036
39.5	0.1486183501794391
44.4	0.2165386193057726
32.9	0.1600917066447559
44.8	0.2352144099467977
39.5	0.1480209584490169
29.7	0.1776580593225586
39.4	0.1474053298791406
29.0	0.1714689265536723
35.9	0.16243246285457
40.6	0.1498622018382251
34.5	0.1696622367769696
33.7	0.1687236762728092
37.4	0.1877192617655009
36.4	0.1871731962931256
44.6	0.2171615764215702
43.2	0.2662710561593774
37.5	0.1543104138317457
42.0	0.1880266705991404
43.2	0.268442073026347
43.0	0.2980693693908158
37.7	0.1655198162273719
30.2	0.1795624598214581
39.2	0.1479929463534588
40.6	0.1895319167656504
31.2	0.1830555218814401
33.0	0.1627456696855808
42.3	0.1880583201963875
35.9	0.1641372869484006
44.1	0.2451775317795785
40.6	0.1485238329391399
33.4	0.1560720854358024
33.3	0.1892092746730083
44.0	0.2280984121366354
34.9	0.1627684371570693
41.4	0.1539788488812488
39.1	0.147366364543431
35.2	0.1560680201915056
31.8	0.1558715457030063
44.2	0.2742226912812125
33.1	0.14709754890085
29.0	0.1724254742547425
34.5	0.1526448004550194
42.6	0.3009071925127785
35.4	0.1454059716339849
35.8	0.1559714976488581
34.8	0.1574671141163384
40.0	0.1494015847080304
46.8	0.2152691357074849
43.9	0.2745993670834142
39.5	0.1895421811399866
41.6	0.299005315710666
38.6	0.1500037870354856
44.8	0.2216897788066222
35.5	0.1578732833044169
36.9	0.1616206409997984
34.7	0.157195173094075
44.6	0.2330624206360359
35.3	0.1473022884155015
39.1	0.1491859947686597
42.7	0.2985687658445158
46.5	0.2152724138611646
30.5	0.1709603734233786
37.5	0.1625858838226108
30.6	0.1583451890677648
34.5	0.1523792385658424
44.2	0.2166731488550534
33.1	0.1519575000131889
35.9	0.1510255810805822
38.0	0.1498348746910604
43.9	0.2634522224277975
36.4	0.1852490515839779
35.2	0.1650957580282245
35.3	0.1659065942222618
31.9	0.178977083804381
35.6	0.1613768882450719
36.7	0.1863474038359778
33.6	0.1509892755343425
31.4	0.1653674182482449
33.3	0.1885615067998131
33.0	0.154033510613263
40.3	0.1497761460498246
29.1	0.1772921784610507
31.2	0.1633019452497399
34.7	0.1483947212159075
33.4	0.1485759812519125
32.1	0.1533754481816629
36.8	0.1859698453483298
35.9	0.1657751982094761
31.4	0.1518521960474093
44.5	0.2309524593027229
32.2	0.1593425507366987
44.4	0.2122870197947514
33.1	0.1619279886484569
44.1	0.2793597103035525
39.8	0.1893434100761999
38.0	0.1878737952972412
39.5	0.1580016148236605
33.5	0.1680222916949843
44.2	0.2190078855675774
33.6	0.1478535628677271
41.4	0.2976070225737445
32.9	0.1612671956271742
34.3	0.1870692484410896
46.0	0.2165926140626064
34.7	0.159238209180782
35.6	0.1610653138871274
35.2	0.1465924998939464
40.2	0.1478867819067297
33.3	0.1617918949578817
31.2	0.1560067903504485
44.5	0.2201689016501294
34.5	0.1508228030966119
36.4	0.1708078886775453
35.1	0.1811485699938372
37.9	0.1878363291280562
41.8	0.186516002710244
47.0	0.2061776690134053
44.8	0.2133112416473774
34.5	0.1598378793582322
43.9	0.2230754719074939
44.1	0.273996187495868
34.7	0.1482966732187976
38.4	0.1638360868969924
39.3	0.1486070549303776
35.7	0.1608711353093141
33.2	0.1646297953312417
35.3	0.1473738668080625
40.6	0.1556707078607743
35.5	0.1864414032516454
40.2	0.1515699033130183
36.2	0.1655677928263134
44.1	0.2751740165009896
35.1	0.1592314307306098
33.4	0.1596492033610358
32.6	0.150716989049475
34.0	0.1879581716257007
33.1	0.1705089038067291
33.7	0.1572946092965703
33.6	0.1866910540451855
33.3	0.1561774501640789
44.1	0.2799860825631474
34.9	0.1503583900018379
38.5	0.1630901287553647
39.5	0.1883248481405409
33.5	0.1479786249194094
34.0	0.1667257407895003
33.7	0.1489385895713849
35.8	0.1615657055030238
32.3	0.1809077454366058
36.8	0.1853239832849061
44.0	0.2193637942929339
38.8	0.1623026512640293
40.4	0.1510369115283468
33.0	0.1531098893819964
40.4	0.1527240698564307
46.5	0.2157334538974675
41.4	0.186311627565521
32.4	0.1547999800952712
39.2	0.188514309082775
44.3	0.2042454267676018
44.7	0.2302772765880455
39.8	0.190806988242115
43.3	0.2205580846013599
39.7	0.1471420808322997
34.9	0.1500859722452435
31.4	0.1604780262864572
45.8	0.2170302226680316
33.0	0.1669376104390376
31.5	0.1814596832587586
46.2	0.2166425558174588
