60	521
80	1907
120	553
75	263
20	366
30	1110
150	879
45	383
20	2423
30	162
120	980
120	4363
180	344
90	294
30	715
90	334
120	293
45	4763
120	237
90	728
30	2806
180	724
20	1101
180	3796
20	455
30	279
60	3270
20	567
60	856
90	1960
40	89
60	459
30	946
30	542
120	407
30	7500
30	210
30	185
60	416
45	358
150	2178
15	174
30	152
75	297
45	288
45	136
90	120
180	1063
80	2122
15	267
120	371
90	325
150	1310
90	397
120	1438
40	206
20	147
60	4286
240	5374
120	215
30	399
20	295
45	269
45	84
60	521
30	1845
75	352
30	475
45	922
240	85
60	258
60	404
60	376
45	1673
150	2239
120	1232
999	448
120	509
45	814
15	136
30	679
180	1434
30	77
60	753
45	161
45	1979
90	351
60	1175
60	822
120	602
20	396
35	206
240	36
120	4120
100	359
25	849
180	733
30	147
80	817
60	171
60	553
60	500
180	1008
40	794
45	384
25	840
120	234
240	777
20	1933
150	6825
120	2567
45	3109
30	255
30	99
30	137
60	182
30	677
30	439
90	107
120	5124
30	310
90	2898
15	602
30	303
10	172
45	717
60	410
240	370
120	1109
120	316
60	324
240	472
90	222
20	167
120	772
70	741
45	209
100	427
60	392
360	260
20	315
60	3825
45	334
180	598
40	343
45	1605
75	674
30	297
120	491
30	3788
30	171
40	458
60	176
120	96
90	239
120	142
45	1000
30	435
30	595
150	518
90	905
240	288
120	1399
45	432
45	714
90	383
45	440
30	1785
60	332
30	1055
70	10360
15	285
80	1158
60	809
20	152
120	588
60	2854
45	120
75	333
75	218
480	3546
30	424
25	601
90	101
15	143
30	269
120	162
90	221
30	1308
120	3958
90	383
60	118
150	1389
75	316
10	280
45	368
180	1229
180	724
30	108
120	1083
60	670
45	374
20	1086
45	110
30	1069
45	704
45	298
120	547
90	1849
120	3397
140	250
120	1235
75	1185
60	54
120	2581
90	864
45	105
30	227
15	91
60	149
20	149
180	327
30	4221
90	1034
180	658
60	320
45	1227
45	279
75	98
40	265
150	441
60	308
20	135
120	219
30	793
80	4362
120	431
150	7465
240	3419
30	429
120	245
30	170
45	420
90	522
45	302
90	516
150	1252
20	2711
40	569
45	345
45	559
30	224
60	884
120	749
90	821
90	970
50	599
240	297
45	197
90	95
90	1045
120	891
90	8055
180	559
200	1142
90	2190
90	1259
15	379
90	1505
15	3241
10	1164
120	778
45	5937
30	224
360	439
50	625
30	169
60	1133
90	470
90	587
70	640
90	409
60	682
120	569
150	86
75	201
45	111
45	569
45	3397
30	279
180	1338
40	455
90	531
45	242
120	2074
90	228
60	226
60	244
120	1181
45	196
45	198
30	7470
40	125
120	717
60	2769
300	350
60	320
60	249
60	1071
15	496
45	118
20	305
60	227
60	721
200	353
75	351
90	118
150	101
45	344
60	192
20	2895
120	3432
20	1077
120	628
30	231
120	487
20	164
90	2060
60	250
45	709
45	1429
60	260
90	389
120	1415
60	93
45	116
120	755
120	1405
40	234
30	2724
60	393
120	2026
180	897
45	817
120	541
60	616
150	334
60	741
60	106
240	794
120	290
1000	971
150	555
120	1381
90	45
180	1848
30	250
180	1330
20	779
60	255
20	352
75	362
60	2455
240	2220
90	685
60	1677
15	165
120	221
15	189
90	507
45	626
150	523
90	677
160	478
90	234
120	11977
240	1332
90	299
120	793
120	3053
30	237
120	372
45	512
60	260
40	693
120	1617
45	1040
600	655
180	456
30	122
40	1054
60	908
150	759
45	156
40	371
70	345
45	622
40	245
45	457
40	525
120	497
180	402
45	576
120	7768
75	443
10	439
180	370
120	574
120	453
30	585
480	561
90	199
90	320
40	458
60	480
25	1745
30	227
180	1850
20	301
60	404
30	988
90	128
20	379
60	425
60	147
120	170
100	460
60	201
120	540
45	164
25	325
60	3377
10	285
360	350
60	591
70	220
240	3801
90	323
25	1460
15	251
60	756
40	468
90	446
90	1328
60	276
60	260
360	849
30	149
30	308
420	350
90	115
60	465
60	472
30	413
60	152
40	347
20	193
60	739
90	803
30	848
30	138
180	102
120	260
30	747
120	974
10	185
45	287
20	1456
90	150
20	1425
120	1416
100	439
20	421
120	474
30	393
45	199
150	4442
20	70
120	1367
10	410
60	1070
20	481
30	1034
90	2469
90	495
15	124
45	432
45	127
80	802
25	219
120	6726
20	408
240	1684
45	1408
60	1379
30	210
360	303
100	515
60	285
180	384
240	237
20	126
90	1905
90	991
90	1334
45	1575
15	731
60	884
45	110
15	184
30	1138
75	175
180	620
120	180
30	196
20	674
180	3358
60	1857
150	1124
75	306
120	866
60	73
40	508
75	31
15	193
60	962
90	954
40	364
80	1004
150	4212
120	497
60	467
60	1300
120	2454
60	612
60	1393
180	833
40	523
120	704
90	379
120	1548
0	410
120	1524
45	1084
60	925
45	1840
90	190
45	126
160	1347
150	1562
120	786
120	193
45	276
45	128
120	400
20	437
120	6156
100	493
60	229
80	430
45	337
35	503
90	230
40	1205
120	453
60	544
45	571
45	122
30	375
90	404
240	3157
180	2546
120	247
45	356
90	759
90	716
45	253
45	599
30	349
120	372
45	290
30	436
30	256
150	656
120	543
60	442
60	844
90	3591
90	88
50	336
45	185
90	370
120	1571
30	107
30	418
30	212
90	877
180	1813
120	3620
90	410
180	256
45	231
45	1546
180	5372
60	2019
15	88
120	481
120	1903
45	967
30	340
120	442
75	308
60	971
50	619
90	227
120	199
60	125
30	218
20	159
30	549
30	633
200	2239
30	286
30	548
30	158
120	427
150	1008
240	673
120	1262
60	288
150	1289
45	537
120	822
40	55
60	438
20	252
60	482
180	729
90	262
180	388
120	1139
50	199
90	1769
40	181
20	1935
45	679
120	1011
15	154
120	362
40	1391
120	928
30	445
60	434
15	1488
90	548
40	746
45	540
90	311
90	88
60	440
120	2232
60	177
30	108
90	2007
60	208
120	723
30	448
150	262
45	8376
120	2272
60	271
45	361
90	2277
150	326
75	29
60	348
90	329
60	289
240	4435
60	160
45	660
120	1070
75	570
60	580
90	362
30	881
30	1204
60	281
90	44
90	62
60	272
120	661
45	125
30	635
60	282
45	328
90	247
30	1064
90	561
20	1079
40	1108
40	580
60	821
60	348
30	154
120	492
240	2228
90	2597
60	637
120	218
90	2736
120	722
60	432
25	1199
90	42
42	2098
180	5471
150	320
90	125
15	140
30	290
120	105
20	341
30	529
240	285
90	3516
180	1243
50	828
30	148
40	470
30	326
180	492
30	2330
90	280
120	322
120	407
30	2258
30	334
90	854
45	309
120	651
180	235
120	2181
60	1058
90	351
60	1374
30	245
30	205
60	1126
180	706
180	329
90	278
40	580
60	1545
90	1292
90	39
90	45
75	115
15	278
45	131
90	381
30	555
120	712
150	2963
30	478
180	1422
90	643
90	1212
115	10384
120	521
90	4037
45	702
45	168
90	375
75	183
120	290
20	854
40	1337
60	604
15	236
360	442
45	2304
75	140
45	127
100	473
240	230
60	766
30	718
60	4271
45	136
40	190
90	272
90	642
25	412
90	32
90	792
240	5114
45	265
90	345
90	651
30	94
900	317
90	133
30	261
120	160
30	361
120	381
120	1865
20	255
120	329
90	1222
30	256
60	122
30	936
70	340
60	290
20	233
240	2161
100	707
60	141
150	1394
60	784
240	1132
15	181
30	188
40	95
90	961
90	721
120	1559
45	3383
45	824
180	214
60	2756
20	233
30	590
60	117
30	455
120	2323
30	110
180	2253
150	469
15	508
150	2216
90	1167
60	277
75	129
120	339
30	117
60	262
30	102
25	652
15	332
120	201
30	793
90	870
90	166
60	217
200	880
60	135
120	331
45	459
60	735
75	209
30	350
35	308
60	1344
60	1238
100	293
60	1064
45	102
420	243
120	695
10	118
45	1045
90	452
60	539
90	1168
60	997
30	179
45	466
30	606
60	78
900	185
45	1640
30	558
60	317
20	104
60	731
45	855
60	107
60	567
75	746
45	8370
75	921
240	203
90	332
90	483
60	1275
45	114
90	445
45	101
60	659
120	3445
20	2807
480	349
150	404
90	516
15	371
240	464
45	200
45	110
45	1425
60	515
60	4221
90	431
30	189
120	1445
150	276
120	307
30	314
80	1639
720	80
30	234
75	945
90	697
45	821
60	318
60	971
90	46
60	511
120	279
180	1053
90	371
120	466
120	263
120	339
40	101
20	643
240	224
90	952
45	265
45	83
40	83
20	446
60	686
90	476
90	34
90	141
60	1072
30	1634
15	196
60	833
75	205
80	556
90	2279
60	613
20	1611
120	254
50	131
15	2005
240	580
60	705
15	707
60	203
15	135
30	98
60	744
30	369
60	72
120	3572
90	392
30	377
120	125
90	296
75	271
40	488
60	178
300	172
240	1606
20	932
120	426
30	369
150	441
90	84
90	3412
45	718
60	1052
20	1064
45	219
40	140
120	172
60	290
100	970
35	260
150	1775
75	263
30	678
60	270
360	297
50	243
30	479
60	405
20	201
140	321
40	98
240	231
45	789
60	413
30	356
60	756
30	672
90	484
30	246
90	1437
120	6400
40	288
150	357
90	450
75	367
30	415
60	228
120	150
90	89
360	131
180	431
90	282
60	1474
45	544
25	1575
150	327
20	291
15	386
45	949
60	1585
180	2007
20	141
60	889
60	580
150	1307
45	302
15	514
30	406
90	1446
10	239
150	2135
150	2608
30	102
20	316
90	1003
60	455
50	882
180	242
30	218
0	1412
30	202
80	568
150	1060
45	571
75	275
90	700
60	198
90	1406
120	883
120	185
30	2010
60	187
20	656
15	185
60	182
30	722
20	1451
40	229
60	274
180	339
45	1271
60	76
60	458
120	303
90	1070
90	4643
120	579
45	175
180	616
45	2320
45	487
120	1079
20	387
90	127
120	123
45	71
420	350
40	78
90	1467
10	199
40	146
30	440
360	252
180	399
60	312
120	614
90	1725
100	2698
40	366
120	491
45	206
60	836
90	233
90	1290
60	372
180	739
30	1027
75	1072
45	348
150	905
90	1053
45	70
30	161
60	301
