11.0	0.665
14.0	0.605
11.0	0.475
17.0	0.505
11.0	0.58
13.0	0.39
9.0	0.66
14.0	0.5
11.0	0.625
10.0	0.605
10.0	0.575
8.0	0.575
10.0	0.625
9.0	0.62
9.0	0.56
18.0	0.66
10.0	0.515
11.0	0.725
8.0	0.48
10.0	0.57
10.0	0.565
11.0	0.49
9.0	0.57
17.0	0.5
11.0	0.6
5.0	0.29
9.0	0.57
10.0	0.645
15.0	0.465
15.0	0.625
13.0	0.67
10.0	0.56
9.0	0.525
9.0	0.605
8.0	0.57
9.0	0.64
5.0	0.36
14.0	0.685
7.0	0.53
9.0	0.53
12.0	0.66
9.0	0.345
9.0	0.595
10.0	0.415
8.0	0.505
9.0	0.6
12.0	0.635
12.0	0.61
9.0	0.54
15.0	0.605
12.0	0.52
9.0	0.57
19.0	0.645
10.0	0.56
10.0	0.55
12.0	0.74
15.0	0.535
11.0	0.545
9.0	0.6
13.0	0.7
9.0	0.63
8.0	0.55
10.0	0.615
10.0	0.575
9.0	0.495
10.0	0.47
10.0	0.475
8.0	0.58
17.0	0.72
9.0	0.65
7.0	0.39
9.0	0.675
11.0	0.595
13.0	0.645
7.0	0.72
10.0	0.6
18.0	0.465
11.0	0.735
8.0	0.61
8.0	0.59
14.0	0.635
10.0	0.625
11.0	0.675
14.0	0.62
9.0	0.435
9.0	0.69
10.0	0.36
12.0	0.605
8.0	0.38
9.0	0.445
13.0	0.605
9.0	0.575
9.0	0.51
10.0	0.645
12.0	0.63
11.0	0.725
12.0	0.57
16.0	0.535
8.0	0.595
10.0	0.655
12.0	0.5
10.0	0.58
13.0	0.45
13.0	0.675
11.0	0.6
10.0	0.605
13.0	0.545
8.0	0.53
11.0	0.615
11.0	0.615
11.0	0.49
8.0	0.58
11.0	0.65
9.0	0.595
17.0	0.54
11.0	0.545
10.0	0.63
16.0	0.615
9.0	0.55
10.0	0.61
10.0	0.6
7.0	0.305
17.0	0.5
11.0	0.59
15.0	0.54
9.0	0.555
9.0	0.58
9.0	0.57
14.0	0.535
14.0	0.585
9.0	0.62
12.0	0.705
11.0	0.505
13.0	0.54
11.0	0.475
13.0	0.51
9.0	0.56
9.0	0.64
13.0	0.645
17.0	0.71
7.0	0.37
18.0	0.58
11.0	0.655
8.0	0.44
10.0	0.625
11.0	0.715
8.0	0.43
10.0	0.58
9.0	0.615
11.0	0.495
8.0	0.47
10.0	0.65
10.0	0.475
12.0	0.49
11.0	0.64
20.0	0.595
11.0	0.6
10.0	0.525
10.0	0.57
17.0	0.665
13.0	0.605
9.0	0.45
12.0	0.515
11.0	0.585
9.0	0.58
13.0	0.455
9.0	0.65
9.0	0.56
12.0	0.395
10.0	0.58
9.0	0.435
12.0	0.66
10.0	0.5
7.0	0.525
10.0	0.575
11.0	0.425
13.0	0.55
7.0	0.475
15.0	0.505
9.0	0.615
11.0	0.625
12.0	0.64
6.0	0.46
12.0	0.66
9.0	0.5
13.0	0.59
11.0	0.585
10.0	0.4
13.0	0.62
15.0	0.61
8.0	0.47
7.0	0.425
13.0	0.605
11.0	0.64
9.0	0.52
8.0	0.51
10.0	0.6
7.0	0.38
8.0	0.525
21.0	0.56
11.0	0.645
10.0	0.595
15.0	0.485
10.0	0.615
7.0	0.305
10.0	0.64
11.0	0.73
11.0	0.655
18.0	0.565
10.0	0.715
12.0	0.565
11.0	0.62
9.0	0.635
14.0	0.515
9.0	0.65
10.0	0.635
9.0	0.58
7.0	0.325
15.0	0.6
18.0	0.6
20.0	0.63
12.0	0.57
10.0	0.675
16.0	0.625
13.0	0.62
10.0	0.635
10.0	0.48
12.0	0.585
11.0	0.5
10.0	0.65
15.0	0.675
10.0	0.65
13.0	0.525
14.0	0.58
11.0	0.655
8.0	0.53
10.0	0.52
9.0	0.705
13.0	0.64
11.0	0.61
8.0	0.52
11.0	0.635
9.0	0.33
9.0	0.625
12.0	0.75
12.0	0.585
10.0	0.385
8.0	0.585
9.0	0.55
10.0	0.59
18.0	0.57
12.0	0.65
9.0	0.645
15.0	0.47
10.0	0.675
14.0	0.625
14.0	0.57
10.0	0.51
12.0	0.59
8.0	0.58
8.0	0.55
12.0	0.58
10.0	0.605
11.0	0.685
15.0	0.605
10.0	0.615
16.0	0.66
9.0	0.56
6.0	0.34
11.0	0.625
8.0	0.57
8.0	0.46
11.0	0.67
7.0	0.585
17.0	0.49
9.0	0.625
9.0	0.525
9.0	0.545
9.0	0.515
10.0	0.73
10.0	0.575
10.0	0.62
10.0	0.515
9.0	0.555
10.0	0.625
9.0	0.605
9.0	0.515
12.0	0.735
8.0	0.58
9.0	0.64
13.0	0.475
9.0	0.445
7.0	0.58
11.0	0.53
10.0	0.505
9.0	0.54
9.0	0.485
11.0	0.625
9.0	0.56
9.0	0.605
11.0	0.6
12.0	0.67
14.0	0.595
8.0	0.565
7.0	0.475
12.0	0.52
12.0	0.69
16.0	0.66
7.0	0.495
11.0	0.63
19.0	0.58
9.0	0.45
10.0	0.525
9.0	0.645
14.0	0.645
13.0	0.605
15.0	0.665
12.0	0.565
11.0	0.55
11.0	0.615
10.0	0.72
9.0	0.53
9.0	0.615
12.0	0.5
10.0	0.495
9.0	0.585
10.0	0.665
9.0	0.655
10.0	0.615
14.0	0.695
16.0	0.55
17.0	0.66
11.0	0.68
10.0	0.52
9.0	0.69
23.0	0.45
9.0	0.635
7.0	0.485
9.0	0.405
6.0	0.53
17.0	0.615
9.0	0.57
12.0	0.71
7.0	0.525
9.0	0.595
11.0	0.685
12.0	0.645
8.0	0.46
11.0	0.75
20.0	0.57
11.0	0.78
9.0	0.605
10.0	0.655
8.0	0.6
11.0	0.45
8.0	0.64
11.0	0.635
12.0	0.595
11.0	0.59
11.0	0.63
8.0	0.4
9.0	0.66
12.0	0.705
19.0	0.505
9.0	0.545
13.0	0.45
8.0	0.61
10.0	0.66
12.0	0.66
13.0	0.595
11.0	0.68
8.0	0.59
18.0	0.645
14.0	0.61
10.0	0.385
12.0	0.67
20.0	0.65
23.0	0.55
13.0	0.65
12.0	0.62
16.0	0.685
9.0	0.53
6.0	0.47
11.0	0.41
12.0	0.7
14.0	0.48
11.0	0.62
11.0	0.67
11.0	0.625
11.0	0.625
9.0	0.65
27.0	0.55
8.0	0.605
9.0	0.57
8.0	0.585
12.0	0.655
8.0	0.655
13.0	0.52
9.0	0.515
10.0	0.615
11.0	0.63
13.0	0.515
11.0	0.61
9.0	0.545
10.0	0.705
10.0	0.555
12.0	0.615
12.0	0.575
17.0	0.635
11.0	0.645
14.0	0.525
10.0	0.595
12.0	0.57
8.0	0.4
12.0	0.47
7.0	0.55
18.0	0.545
8.0	0.61
11.0	0.54
9.0	0.49
8.0	0.575
10.0	0.62
10.0	0.575
10.0	0.635
11.0	0.725
19.0	0.55
13.0	0.45
19.0	0.6
10.0	0.595
10.0	0.73
10.0	0.685
9.0	0.675
6.0	0.66
11.0	0.675
10.0	0.65
9.0	0.575
19.0	0.705
10.0	0.6
8.0	0.455
7.0	0.375
10.0	0.535
9.0	0.5
10.0	0.54
10.0	0.62
8.0	0.6
9.0	0.605
11.0	0.65
9.0	0.535
11.0	0.755
11.0	0.65
10.0	0.64
10.0	0.655
11.0	0.61
11.0	0.61
10.0	0.54
12.0	0.45
9.0	0.645
12.0	0.565
9.0	0.69
13.0	0.575
13.0	0.72
13.0	0.46
11.0	0.58
11.0	0.61
11.0	0.7
9.0	0.505
10.0	0.71
11.0	0.68
9.0	0.55
9.0	0.58
10.0	0.655
13.0	0.72
20.0	0.5
13.0	0.595
10.0	0.65
9.0	0.585
13.0	0.675
12.0	0.45
15.0	0.61
14.0	0.575
11.0	0.585
16.0	0.395
11.0	0.68
10.0	0.625
9.0	0.55
12.0	0.61
8.0	0.37
16.0	0.545
10.0	0.47
8.0	0.645
10.0	0.545
10.0	0.565
13.0	0.655
11.0	0.625
10.0	0.52
13.0	0.695
11.0	0.44
24.0	0.7
10.0	0.52
12.0	0.565
8.0	0.57
10.0	0.645
8.0	0.44
11.0	0.59
12.0	0.595
10.0	0.58
9.0	0.58
11.0	0.62
10.0	0.71
8.0	0.58
9.0	0.64
8.0	0.44
10.0	0.415
7.0	0.505
6.0	0.465
9.0	0.51
15.0	0.635
11.0	0.64
9.0	0.44
8.0	0.5
10.0	0.375
12.0	0.565
15.0	0.595
11.0	0.665
16.0	0.65
12.0	0.61
11.0	0.545
8.0	0.525
9.0	0.62
14.0	0.58
9.0	0.55
20.0	0.585
11.0	0.725
7.0	0.58
12.0	0.69
16.0	0.645
10.0	0.565
10.0	0.49
7.0	0.375
11.0	0.655
12.0	0.52
9.0	0.605
7.0	0.61
9.0	0.545
14.0	0.55
12.0	0.67
11.0	0.46
13.0	0.69
12.0	0.655
10.0	0.455
14.0	0.625
11.0	0.525
15.0	0.7
9.0	0.6
13.0	0.625
10.0	0.45
9.0	0.58
17.0	0.68
22.0	0.585
7.0	0.485
12.0	0.645
11.0	0.67
10.0	0.675
13.0	0.705
9.0	0.59
14.0	0.67
7.0	0.43
21.0	0.49
11.0	0.58
9.0	0.57
11.0	0.695
11.0	0.47
11.0	0.61
10.0	0.695
10.0	0.58
10.0	0.72
8.0	0.55
21.0	0.68
9.0	0.56
10.0	0.485
13.0	0.51
8.0	0.56
9.0	0.37
8.0	0.55
9.0	0.545
10.0	0.44
10.0	0.625
12.0	0.61
13.0	0.51
8.0	0.465
9.0	0.64
18.0	0.725
14.0	0.485
12.0	0.595
15.0	0.6
12.0	0.475
9.0	0.635
9.0	0.625
13.0	0.625
11.0	0.44
13.0	0.675
8.0	0.52
9.0	0.585
11.0	0.61
10.0	0.63
10.0	0.665
11.0	0.665
13.0	0.605
10.0	0.6
7.0	0.475
12.0	0.425
10.0	0.645
7.0	0.51
10.0	0.555
10.0	0.465
12.0	0.595
12.0	0.72
9.0	0.615
7.0	0.385
10.0	0.49
8.0	0.36
13.0	0.5
16.0	0.56
14.0	0.47
17.0	0.69
9.0	0.49
9.0	0.655
17.0	0.495
11.0	0.47
19.0	0.59
6.0	0.585
9.0	0.55
9.0	0.635
11.0	0.585
11.0	0.635
9.0	0.565
9.0	0.56
16.0	0.615
10.0	0.545
11.0	0.695
14.0	0.46
10.0	0.58
9.0	0.565
9.0	0.615
10.0	0.67
11.0	0.565
11.0	0.655
10.0	0.505
9.0	0.57
13.0	0.655
10.0	0.44
11.0	0.71
17.0	0.62
11.0	0.595
10.0	0.67
11.0	0.65
18.0	0.64
12.0	0.72
10.0	0.395
12.0	0.655
10.0	0.645
12.0	0.645
13.0	0.67
9.0	0.545
8.0	0.63
10.0	0.575
7.0	0.35
9.0	0.645
21.0	0.67
12.0	0.615
12.0	0.645
8.0	0.555
17.0	0.57
10.0	0.585
9.0	0.625
9.0	0.435
10.0	0.62
19.0	0.68
13.0	0.59
10.0	0.49
9.0	0.65
12.0	0.71
12.0	0.505
12.0	0.68
9.0	0.67
9.0	0.675
10.0	0.585
18.0	0.5
8.0	0.575
8.0	0.47
9.0	0.55
8.0	0.55
9.0	0.53
8.0	0.615
12.0	0.525
8.0	0.55
11.0	0.72
12.0	0.65
10.0	0.63
11.0	0.65
14.0	0.465
10.0	0.41
11.0	0.65
21.0	0.63
14.0	0.485
10.0	0.645
9.0	0.44
11.0	0.585
12.0	0.585
9.0	0.37
11.0	0.71
9.0	0.475
13.0	0.575
15.0	0.565
12.0	0.6
13.0	0.59
10.0	0.635
10.0	0.695
9.0	0.635
11.0	0.7
12.0	0.59
9.0	0.625
9.0	0.65
10.0	0.525
6.0	0.475
8.0	0.455
16.0	0.63
13.0	0.595
10.0	0.61
14.0	0.57
9.0	0.625
13.0	0.66
18.0	0.575
8.0	0.62
10.0	0.59
9.0	0.56
10.0	0.61
10.0	0.545
9.0	0.625
9.0	0.64
20.0	0.725
8.0	0.555
11.0	0.62
8.0	0.4
13.0	0.405
15.0	0.525
15.0	0.5
15.0	0.62
14.0	0.62
11.0	0.645
9.0	0.575
10.0	0.455
10.0	0.515
12.0	0.575
15.0	0.56
11.0	0.54
14.0	0.64
9.0	0.685
10.0	0.41
9.0	0.555
10.0	0.72
11.0	0.605
9.0	0.745
8.0	0.5
14.0	0.63
10.0	0.625
8.0	0.645
8.0	0.505
11.0	0.63
9.0	0.49
10.0	0.525
7.0	0.505
23.0	0.8
9.0	0.38
10.0	0.655
22.0	0.52
8.0	0.535
11.0	0.41
11.0	0.625
9.0	0.6
14.0	0.57
17.0	0.665
11.0	0.575
8.0	0.655
11.0	0.61
11.0	0.505
7.0	0.455
10.0	0.64
10.0	0.55
13.0	0.43
7.0	0.46
12.0	0.48
6.0	0.385
11.0	0.435
10.0	0.64
10.0	0.545
14.0	0.615
18.0	0.565
9.0	0.625
9.0	0.61
8.0	0.595
10.0	0.63
12.0	0.71
9.0	0.56
12.0	0.505
13.0	0.56
13.0	0.585
10.0	0.66
9.0	0.575
25.0	0.645
10.0	0.58
11.0	0.675
12.0	0.505
11.0	0.755
11.0	0.66
9.0	0.7
20.0	0.68
15.0	0.645
13.0	0.56
6.0	0.515
10.0	0.46
10.0	0.57
11.0	0.515
12.0	0.73
11.0	0.655
10.0	0.665
10.0	0.645
13.0	0.53
9.0	0.43
13.0	0.53
16.0	0.525
12.0	0.68
13.0	0.475
13.0	0.665
13.0	0.58
11.0	0.56
8.0	0.6
11.0	0.655
8.0	0.49
10.0	0.625
18.0	0.61
10.0	0.72
9.0	0.575
11.0	0.63
8.0	0.37
11.0	0.52
9.0	0.55
9.0	0.56
12.0	0.69
15.0	0.61
13.0	0.65
9.0	0.505
15.0	0.5
8.0	0.59
9.0	0.64
12.0	0.525
14.0	0.62
12.0	0.38
13.0	0.555
6.0	0.445
9.0	0.56
13.0	0.705
11.0	0.605
11.0	0.625
10.0	0.53
13.0	0.7
10.0	0.545
11.0	0.635
16.0	0.685
11.0	0.545
15.0	0.64
11.0	0.635
11.0	0.445
11.0	0.635
16.0	0.455
11.0	0.62
8.0	0.64
9.0	0.525
11.0	0.595
9.0	0.515
8.0	0.58
11.0	0.485
11.0	0.75
11.0	0.64
9.0	0.505
9.0	0.575
8.0	0.505
12.0	0.565
17.0	0.625
16.0	0.57
12.0	0.525
12.0	0.415
10.0	0.67
13.0	0.58
10.0	0.59
17.0	0.53
10.0	0.38
10.0	0.51
12.0	0.595
9.0	0.595
9.0	0.455
12.0	0.68
13.0	0.735
11.0	0.565
14.0	0.54
11.0	0.6
12.0	0.625
13.0	0.62
9.0	0.465
11.0	0.43
11.0	0.625
9.0	0.54
19.0	0.66
8.0	0.62
11.0	0.67
10.0	0.55
10.0	0.535
12.0	0.72
9.0	0.635
8.0	0.6
12.0	0.5
9.0	0.605
10.0	0.665
10.0	0.535
9.0	0.675
10.0	0.6
14.0	0.675
23.0	0.62
13.0	0.49
9.0	0.62
9.0	0.455
9.0	0.505
12.0	0.515
9.0	0.665
8.0	0.425
10.0	0.66
8.0	0.47
10.0	0.62
10.0	0.535
18.0	0.745
11.0	0.66
21.0	0.625
15.0	0.575
10.0	0.705
10.0	0.645
7.0	0.435
9.0	0.415
8.0	0.57
9.0	0.59
9.0	0.595
10.0	0.6
10.0	0.5
8.0	0.565
9.0	0.6
10.0	0.62
16.0	0.515
15.0	0.625
11.0	0.58
14.0	0.525
7.0	0.4
9.0	0.72
9.0	0.56
23.0	0.49
14.0	0.665
10.0	0.62
7.0	0.465
11.0	0.52
11.0	0.635
14.0	0.57
14.0	0.57
15.0	0.48
8.0	0.515
14.0	0.595
10.0	0.55
14.0	0.7
10.0	0.47
9.0	0.63
11.0	0.565
9.0	0.47
13.0	0.645
11.0	0.53
12.0	0.575
11.0	0.68
13.0	0.435
9.0	0.565
8.0	0.625
8.0	0.58
9.0	0.61
16.0	0.6
14.0	0.815
9.0	0.705
9.0	0.62
16.0	0.57
9.0	0.615
10.0	0.6
13.0	0.465
10.0	0.605
9.0	0.45
8.0	0.535
11.0	0.555
11.0	0.595
9.0	0.55
8.0	0.575
10.0	0.615
10.0	0.705
11.0	0.66
8.0	0.635
7.0	0.555
8.0	0.545
11.0	0.665
17.0	0.53
9.0	0.67
14.0	0.63
16.0	0.52
16.0	0.675
12.0	0.525
10.0	0.7
9.0	0.575
9.0	0.64
9.0	0.715
14.0	0.615
6.0	0.335
11.0	0.72
10.0	0.63
10.0	0.47
14.0	0.73
10.0	0.605
9.0	0.54
13.0	0.625
10.0	0.695
10.0	0.35
8.0	0.45
14.0	0.635
10.0	0.66
10.0	0.655
11.0	0.635
19.0	0.58
12.0	0.49
11.0	0.69
11.0	0.675
11.0	0.525
10.0	0.57
11.0	0.655
13.0	0.475
7.0	0.49
12.0	0.61
8.0	0.56
7.0	0.435
16.0	0.54
11.0	0.705
12.0	0.64
15.0	0.52
15.0	0.69
10.0	0.61
11.0	0.695
12.0	0.56
17.0	0.52
8.0	0.465
20.0	0.59
10.0	0.53
9.0	0.605
8.0	0.58
17.0	0.63
9.0	0.575
12.0	0.405
11.0	0.495
14.0	0.75
11.0	0.7
9.0	0.65
9.0	0.55
10.0	0.68
8.0	0.505
10.0	0.62
8.0	0.555
8.0	0.63
9.0	0.6
11.0	0.58
10.0	0.66
8.0	0.585
10.0	0.62
10.0	0.63
10.0	0.615
12.0	0.61
8.0	0.45
8.0	0.6
8.0	0.61
15.0	0.53
12.0	0.615
9.0	0.61
9.0	0.47
10.0	0.585
9.0	0.635
6.0	0.345
10.0	0.455
12.0	0.565
10.0	0.42
15.0	0.48
10.0	0.65
17.0	0.555
11.0	0.655
12.0	0.64
11.0	0.66
10.0	0.565
8.0	0.535
8.0	0.535
9.0	0.575
19.0	0.53
20.0	0.675
7.0	0.495
11.0	0.505
8.0	0.515
13.0	0.5
14.0	0.725
10.0	0.665
10.0	0.63
13.0	0.695
16.0	0.65
9.0	0.625
9.0	0.655
15.0	0.67
17.0	0.715
11.0	0.71
11.0	0.52
10.0	0.705
12.0	0.62
8.0	0.43
21.0	0.665
19.0	0.605
9.0	0.525
15.0	0.52
13.0	0.59
10.0	0.645
9.0	0.615
9.0	0.405
13.0	0.6
9.0	0.63
10.0	0.425
16.0	0.65
12.0	0.575
6.0	0.51
9.0	0.615
13.0	0.66
10.0	0.4
20.0	0.53
22.0	0.64
12.0	0.585
12.0	0.53
9.0	0.635
11.0	0.585
11.0	0.65
10.0	0.615
9.0	0.65
5.0	0.37
11.0	0.705
6.0	0.595
10.0	0.5
14.0	0.52
10.0	0.63
9.0	0.565
9.0	0.62
10.0	0.635
9.0	0.53
12.0	0.48
8.0	0.48
11.0	0.62
8.0	0.535
10.0	0.455
9.0	0.575
9.0	0.595
10.0	0.625
16.0	0.535
11.0	0.67
16.0	0.72
7.0	0.375
9.0	0.605
8.0	0.415
14.0	0.655
10.0	0.635
20.0	0.61
12.0	0.74
12.0	0.635
18.0	0.655
5.0	0.275
10.0	0.575
15.0	0.52
11.0	0.58
9.0	0.605
12.0	0.475
9.0	0.605
12.0	0.645
11.0	0.49
9.0	0.53
11.0	0.7
16.0	0.465
13.0	0.485
9.0	0.49
11.0	0.64
10.0	0.655
8.0	0.57
12.0	0.48
12.0	0.48
12.0	0.67
10.0	0.42
23.0	0.62
8.0	0.46
15.0	0.71
9.0	0.46
12.0	0.61
11.0	0.625
12.0	0.675
13.0	0.58
11.0	0.75
7.0	0.575
11.0	0.635
10.0	0.65
10.0	0.595
6.0	0.29
10.0	0.585
12.0	0.62
10.0	0.635
19.0	0.68
12.0	0.705
11.0	0.51
10.0	0.645
10.0	0.695
10.0	0.545
12.0	0.505
10.0	0.38
11.0	0.63
10.0	0.475
11.0	0.64
8.0	0.47
13.0	0.535
17.0	0.53
12.0	0.64
10.0	0.66
8.0	0.53
13.0	0.535
13.0	0.67
15.0	0.62
14.0	0.605
15.0	0.505
8.0	0.62
17.0	0.58
11.0	0.6
9.0	0.655
19.0	0.69
7.0	0.435
9.0	0.725
10.0	0.49
10.0	0.6
11.0	0.445
8.0	0.595
11.0	0.71
13.0	0.525
11.0	0.72
8.0	0.64
14.0	0.55
12.0	0.44
15.0	0.68
10.0	0.595
10.0	0.65
8.0	0.55
13.0	0.49
10.0	0.695
14.0	0.55
11.0	0.435
10.0	0.595
9.0	0.62
10.0	0.69
10.0	0.615
10.0	0.625
14.0	0.555
11.0	0.68
29.0	0.7
9.0	0.485
14.0	0.57
9.0	0.6
8.0	0.46
9.0	0.545
9.0	0.625
12.0	0.63
10.0	0.37
7.0	0.46
10.0	0.67
13.0	0.585
10.0	0.345
11.0	0.655
18.0	0.655
7.0	0.52
12.0	0.655
8.0	0.53
18.0	0.635
16.0	0.74
9.0	0.58
8.0	0.57
9.0	0.45
12.0	0.675
18.0	0.645
11.0	0.73
19.0	0.565
12.0	0.51
8.0	0.575
10.0	0.6
9.0	0.595
9.0	0.665
9.0	0.585
