6.0	0.44
11.0	0.59
8.0	0.545
5.0	0.385
5.0	0.28
9.0	0.535
6.0	0.36
9.0	0.5
6.0	0.375
7.0	0.33
20.0	0.58
9.0	0.48
11.0	0.39
6.0	0.37
7.0	0.365
7.0	0.485
7.0	0.36
5.0	0.215
10.0	0.575
7.0	0.495
7.0	0.48
9.0	0.475
6.0	0.235
11.0	0.49
4.0	0.21
9.0	0.455
6.0	0.3
10.0	0.525
9.0	0.575
10.0	0.55
7.0	0.43
10.0	0.57
10.0	0.56
8.0	0.46
8.0	0.4
8.0	0.43
8.0	0.525
6.0	0.34
10.0	0.54
9.0	0.36
7.0	0.37
5.0	0.29
11.0	0.605
8.0	0.46
11.0	0.465
7.0	0.445
7.0	0.345
7.0	0.355
6.0	0.37
7.0	0.45
5.0	0.27
6.0	0.365
4.0	0.22
8.0	0.545
14.0	0.59
5.0	0.305
11.0	0.52
8.0	0.44
8.0	0.535
6.0	0.41
6.0	0.325
10.0	0.55
6.0	0.34
7.0	0.415
6.0	0.44
4.0	0.19
8.0	0.485
6.0	0.47
11.0	0.44
7.0	0.5
5.0	0.23
6.0	0.325
6.0	0.275
8.0	0.495
6.0	0.455
8.0	0.495
6.0	0.355
7.0	0.515
8.0	0.495
7.0	0.4
9.0	0.48
7.0	0.435
3.0	0.16
7.0	0.46
8.0	0.475
4.0	0.225
5.0	0.24
4.0	0.23
7.0	0.475
8.0	0.335
8.0	0.43
9.0	0.535
5.0	0.275
15.0	0.52
8.0	0.51
7.0	0.5
7.0	0.375
4.0	0.315
8.0	0.515
9.0	0.605
6.0	0.405
7.0	0.355
6.0	0.34
8.0	0.49
10.0	0.55
9.0	0.575
6.0	0.4
8.0	0.52
4.0	0.2
4.0	0.2
7.0	0.4
11.0	0.54
6.0	0.335
4.0	0.17
5.0	0.395
7.0	0.335
14.0	0.45
7.0	0.36
5.0	0.27
8.0	0.575
7.0	0.43
6.0	0.415
6.0	0.285
8.0	0.505
6.0	0.41
8.0	0.545
13.0	0.615
4.0	0.255
13.0	0.43
6.0	0.45
9.0	0.51
15.0	0.52
7.0	0.39
13.0	0.44
3.0	0.24
8.0	0.435
9.0	0.435
6.0	0.375
5.0	0.25
7.0	0.45
6.0	0.415
8.0	0.545
14.0	0.61
7.0	0.4
9.0	0.475
11.0	0.62
9.0	0.575
10.0	0.41
5.0	0.27
8.0	0.455
10.0	0.55
8.0	0.46
4.0	0.205
7.0	0.405
9.0	0.5
6.0	0.4
7.0	0.33
9.0	0.525
9.0	0.54
5.0	0.385
6.0	0.275
9.0	0.42
6.0	0.375
10.0	0.465
8.0	0.375
8.0	0.485
6.0	0.35
10.0	0.395
13.0	0.51
7.0	0.45
8.0	0.44
4.0	0.245
6.0	0.43
11.0	0.58
7.0	0.375
5.0	0.365
8.0	0.51
9.0	0.57
17.0	0.535
6.0	0.405
7.0	0.465
9.0	0.51
6.0	0.46
7.0	0.41
8.0	0.42
6.0	0.35
19.0	0.52
6.0	0.42
6.0	0.365
8.0	0.295
6.0	0.35
10.0	0.53
6.0	0.38
8.0	0.355
8.0	0.51
9.0	0.44
7.0	0.415
7.0	0.375
8.0	0.435
7.0	0.41
9.0	0.525
10.0	0.565
9.0	0.585
6.0	0.365
6.0	0.3
6.0	0.34
10.0	0.52
6.0	0.42
8.0	0.475
6.0	0.4
5.0	0.3
10.0	0.575
8.0	0.38
5.0	0.26
6.0	0.37
7.0	0.52
8.0	0.43
6.0	0.44
13.0	0.32
8.0	0.43
12.0	0.435
7.0	0.295
10.0	0.47
9.0	0.48
7.0	0.47
6.0	0.385
12.0	0.435
8.0	0.455
7.0	0.33
7.0	0.41
7.0	0.435
4.0	0.255
7.0	0.425
10.0	0.64
5.0	0.315
8.0	0.485
9.0	0.485
17.0	0.55
11.0	0.55
5.0	0.19
10.0	0.525
14.0	0.625
5.0	0.245
6.0	0.385
6.0	0.435
7.0	0.37
10.0	0.545
8.0	0.525
8.0	0.41
10.0	0.57
7.0	0.415
7.0	0.465
5.0	0.33
8.0	0.585
6.0	0.28
9.0	0.53
6.0	0.4
4.0	0.185
10.0	0.58
7.0	0.355
7.0	0.36
8.0	0.495
14.0	0.625
14.0	0.525
7.0	0.465
9.0	0.465
7.0	0.46
4.0	0.25
5.0	0.275
8.0	0.475
8.0	0.42
7.0	0.435
7.0	0.495
11.0	0.56
5.0	0.255
6.0	0.4
11.0	0.63
6.0	0.33
7.0	0.365
14.0	0.44
8.0	0.52
8.0	0.375
6.0	0.265
10.0	0.56
10.0	0.52
9.0	0.44
4.0	0.245
18.0	0.65
9.0	0.42
8.0	0.445
7.0	0.425
7.0	0.475
6.0	0.58
8.0	0.455
7.0	0.475
8.0	0.525
6.0	0.37
10.0	0.57
9.0	0.505
13.0	0.44
18.0	0.485
9.0	0.53
16.0	0.635
6.0	0.43
10.0	0.515
5.0	0.375
8.0	0.56
7.0	0.275
8.0	0.47
8.0	0.465
9.0	0.475
8.0	0.47
6.0	0.415
9.0	0.625
8.0	0.41
8.0	0.495
17.0	0.635
9.0	0.365
7.0	0.44
5.0	0.33
7.0	0.525
8.0	0.385
7.0	0.325
8.0	0.405
7.0	0.275
7.0	0.485
8.0	0.425
8.0	0.385
8.0	0.41
6.0	0.37
8.0	0.495
9.0	0.55
8.0	0.385
8.0	0.57
8.0	0.35
9.0	0.54
7.0	0.38
9.0	0.46
7.0	0.35
4.0	0.135
18.0	0.525
6.0	0.37
6.0	0.45
10.0	0.495
8.0	0.425
9.0	0.5
7.0	0.46
8.0	0.475
5.0	0.4
10.0	0.455
6.0	0.375
10.0	0.415
6.0	0.425
7.0	0.405
6.0	0.215
6.0	0.325
7.0	0.435
5.0	0.295
6.0	0.275
6.0	0.475
7.0	0.45
6.0	0.42
7.0	0.475
7.0	0.365
8.0	0.52
6.0	0.375
6.0	0.35
8.0	0.395
8.0	0.47
3.0	0.165
9.0	0.56
7.0	0.41
9.0	0.575
11.0	0.63
7.0	0.465
9.0	0.42
11.0	0.53
11.0	0.355
7.0	0.37
7.0	0.42
7.0	0.36
6.0	0.405
8.0	0.465
6.0	0.305
11.0	0.565
9.0	0.56
5.0	0.275
7.0	0.53
8.0	0.35
10.0	0.55
5.0	0.315
8.0	0.39
14.0	0.385
11.0	0.47
8.0	0.42
10.0	0.515
12.0	0.55
7.0	0.315
9.0	0.49
5.0	0.285
8.0	0.555
7.0	0.415
9.0	0.51
6.0	0.335
6.0	0.31
7.0	0.365
7.0	0.425
9.0	0.475
9.0	0.5
8.0	0.48
8.0	0.45
8.0	0.445
13.0	0.62
8.0	0.445
9.0	0.565
8.0	0.595
9.0	0.47
9.0	0.55
15.0	0.66
6.0	0.42
6.0	0.235
7.0	0.42
7.0	0.335
6.0	0.425
9.0	0.56
6.0	0.345
11.0	0.42
6.0	0.4
9.0	0.565
8.0	0.51
11.0	0.565
7.0	0.38
6.0	0.43
14.0	0.58
13.0	0.49
8.0	0.485
10.0	0.545
10.0	0.54
8.0	0.53
7.0	0.435
8.0	0.475
7.0	0.36
8.0	0.295
14.0	0.43
7.0	0.33
7.0	0.415
4.0	0.275
8.0	0.485
13.0	0.495
12.0	0.45
1.0	0.075
9.0	0.4
7.0	0.465
10.0	0.4
11.0	0.61
15.0	0.465
9.0	0.665
8.0	0.45
5.0	0.185
5.0	0.3
7.0	0.35
9.0	0.555
6.0	0.35
9.0	0.58
10.0	0.38
13.0	0.515
8.0	0.545
7.0	0.445
7.0	0.35
8.0	0.485
3.0	0.215
9.0	0.5
8.0	0.48
7.0	0.395
8.0	0.615
9.0	0.55
5.0	0.25
6.0	0.43
7.0	0.455
6.0	0.4
5.0	0.315
6.0	0.35
7.0	0.37
5.0	0.205
11.0	0.465
3.0	0.14
7.0	0.455
6.0	0.255
10.0	0.52
6.0	0.33
10.0	0.63
8.0	0.27
11.0	0.52
7.0	0.405
8.0	0.48
8.0	0.49
7.0	0.43
7.0	0.31
10.0	0.535
7.0	0.315
4.0	0.225
7.0	0.32
8.0	0.46
8.0	0.36
7.0	0.365
7.0	0.335
7.0	0.36
10.0	0.58
7.0	0.375
8.0	0.515
6.0	0.31
5.0	0.275
9.0	0.585
9.0	0.525
7.0	0.475
11.0	0.52
9.0	0.555
8.0	0.53
6.0	0.345
6.0	0.235
6.0	0.46
7.0	0.42
7.0	0.41
9.0	0.45
7.0	0.355
4.0	0.21
6.0	0.185
11.0	0.555
14.0	0.47
8.0	0.5
6.0	0.37
9.0	0.61
8.0	0.315
8.0	0.51
5.0	0.37
12.0	0.62
9.0	0.52
16.0	0.44
5.0	0.235
5.0	0.25
7.0	0.36
7.0	0.375
10.0	0.35
13.0	0.48
8.0	0.395
6.0	0.295
13.0	0.575
7.0	0.34
13.0	0.46
6.0	0.19
8.0	0.47
9.0	0.465
8.0	0.5
8.0	0.39
8.0	0.3
8.0	0.525
10.0	0.54
4.0	0.165
7.0	0.4
6.0	0.38
8.0	0.555
7.0	0.36
7.0	0.505
9.0	0.53
9.0	0.56
8.0	0.45
5.0	0.175
7.0	0.505
6.0	0.205
7.0	0.445
8.0	0.43
9.0	0.54
8.0	0.47
10.0	0.55
7.0	0.395
13.0	0.52
9.0	0.525
11.0	0.525
5.0	0.305
10.0	0.575
11.0	0.51
10.0	0.575
5.0	0.32
6.0	0.325
6.0	0.335
5.0	0.29
6.0	0.395
21.0	0.53
9.0	0.565
6.0	0.26
7.0	0.435
5.0	0.23
12.0	0.57
4.0	0.17
8.0	0.425
6.0	0.385
7.0	0.51
10.0	0.54
8.0	0.43
11.0	0.505
6.0	0.37
20.0	0.53
7.0	0.415
6.0	0.275
11.0	0.335
9.0	0.59
10.0	0.595
8.0	0.435
10.0	0.405
12.0	0.62
8.0	0.525
4.0	0.24
13.0	0.515
8.0	0.45
8.0	0.54
11.0	0.555
8.0	0.53
6.0	0.395
6.0	0.4
7.0	0.51
9.0	0.6
5.0	0.395
8.0	0.375
16.0	0.56
7.0	0.485
7.0	0.405
8.0	0.5
7.0	0.48
6.0	0.47
9.0	0.485
11.0	0.61
7.0	0.355
7.0	0.44
10.0	0.36
8.0	0.325
7.0	0.36
6.0	0.3
6.0	0.405
9.0	0.46
6.0	0.405
7.0	0.31
8.0	0.395
10.0	0.55
9.0	0.53
9.0	0.5
7.0	0.44
13.0	0.615
8.0	0.52
6.0	0.285
12.0	0.625
5.0	0.265
7.0	0.445
6.0	0.425
7.0	0.455
5.0	0.42
11.0	0.47
5.0	0.235
8.0	0.475
11.0	0.58
5.0	0.18
4.0	0.185
8.0	0.485
8.0	0.52
6.0	0.485
4.0	0.245
7.0	0.435
9.0	0.515
7.0	0.45
6.0	0.43
12.0	0.625
5.0	0.35
4.0	0.16
6.0	0.335
8.0	0.5
10.0	0.355
10.0	0.57
7.0	0.365
7.0	0.39
8.0	0.375
8.0	0.455
11.0	0.37
7.0	0.32
6.0	0.435
7.0	0.39
12.0	0.375
5.0	0.255
11.0	0.445
7.0	0.425
4.0	0.36
7.0	0.45
12.0	0.55
10.0	0.59
6.0	0.275
8.0	0.52
8.0	0.475
8.0	0.45
7.0	0.42
11.0	0.445
9.0	0.545
6.0	0.48
6.0	0.33
8.0	0.55
6.0	0.36
5.0	0.44
8.0	0.55
8.0	0.53
6.0	0.425
7.0	0.37
7.0	0.43
8.0	0.485
5.0	0.34
8.0	0.29
11.0	0.535
12.0	0.535
8.0	0.32
8.0	0.49
9.0	0.535
8.0	0.475
18.0	0.495
7.0	0.515
9.0	0.555
9.0	0.55
8.0	0.515
6.0	0.35
7.0	0.51
8.0	0.55
7.0	0.39
8.0	0.505
7.0	0.33
7.0	0.435
6.0	0.44
7.0	0.39
5.0	0.3
9.0	0.455
6.0	0.42
8.0	0.56
5.0	0.285
7.0	0.325
8.0	0.515
13.0	0.575
6.0	0.305
8.0	0.55
7.0	0.275
5.0	0.22
11.0	0.56
7.0	0.385
6.0	0.355
8.0	0.57
3.0	0.195
5.0	0.235
13.0	0.425
8.0	0.52
8.0	0.575
5.0	0.345
9.0	0.55
8.0	0.59
8.0	0.495
7.0	0.44
8.0	0.455
8.0	0.48
10.0	0.725
6.0	0.375
9.0	0.61
8.0	0.485
4.0	0.225
9.0	0.53
9.0	0.485
5.0	0.23
9.0	0.465
6.0	0.235
8.0	0.41
9.0	0.355
6.0	0.335
7.0	0.535
7.0	0.44
10.0	0.49
8.0	0.47
10.0	0.415
7.0	0.475
8.0	0.415
9.0	0.44
7.0	0.395
7.0	0.45
6.0	0.255
7.0	0.345
2.0	0.15
10.0	0.485
8.0	0.45
5.0	0.37
6.0	0.32
6.0	0.41
3.0	0.11
6.0	0.31
10.0	0.5
9.0	0.295
9.0	0.485
9.0	0.54
10.0	0.58
7.0	0.435
6.0	0.435
7.0	0.375
5.0	0.235
6.0	0.375
5.0	0.29
8.0	0.55
8.0	0.575
9.0	0.46
9.0	0.515
10.0	0.595
9.0	0.5
12.0	0.56
8.0	0.485
9.0	0.515
5.0	0.21
5.0	0.34
10.0	0.605
7.0	0.44
9.0	0.47
9.0	0.53
8.0	0.485
7.0	0.36
8.0	0.385
9.0	0.555
3.0	0.165
8.0	0.455
7.0	0.385
7.0	0.465
6.0	0.33
6.0	0.41
12.0	0.5
6.0	0.295
7.0	0.435
10.0	0.47
9.0	0.475
8.0	0.47
4.0	0.14
7.0	0.275
8.0	0.42
10.0	0.51
7.0	0.435
8.0	0.36
7.0	0.435
10.0	0.59
9.0	0.29
9.0	0.455
12.0	0.415
8.0	0.45
6.0	0.295
9.0	0.53
8.0	0.405
16.0	0.635
9.0	0.455
8.0	0.395
11.0	0.605
8.0	0.48
11.0	0.565
9.0	0.365
9.0	0.49
17.0	0.61
8.0	0.495
7.0	0.46
6.0	0.44
9.0	0.525
16.0	0.45
9.0	0.59
8.0	0.495
9.0	0.5
7.0	0.33
6.0	0.24
5.0	0.36
11.0	0.49
6.0	0.33
15.0	0.62
8.0	0.49
8.0	0.35
8.0	0.48
6.0	0.415
6.0	0.31
9.0	0.53
9.0	0.56
9.0	0.62
5.0	0.16
4.0	0.21
7.0	0.37
10.0	0.585
6.0	0.34
8.0	0.51
6.0	0.375
5.0	0.325
7.0	0.365
4.0	0.13
9.0	0.575
4.0	0.27
7.0	0.395
7.0	0.385
4.0	0.3
7.0	0.375
9.0	0.565
8.0	0.29
4.0	0.275
4.0	0.25
7.0	0.265
6.0	0.39
5.0	0.375
6.0	0.315
6.0	0.36
10.0	0.53
6.0	0.34
4.0	0.2
10.0	0.515
11.0	0.62
11.0	0.62
7.0	0.445
7.0	0.46
6.0	0.415
7.0	0.38
8.0	0.435
10.0	0.47
9.0	0.515
13.0	0.575
9.0	0.54
9.0	0.335
5.0	0.175
7.0	0.425
6.0	0.17
9.0	0.4
11.0	0.56
9.0	0.52
8.0	0.37
7.0	0.375
5.0	0.395
11.0	0.52
6.0	0.375
5.0	0.32
6.0	0.3
8.0	0.555
6.0	0.465
9.0	0.43
7.0	0.38
5.0	0.3
10.0	0.535
6.0	0.45
7.0	0.32
8.0	0.335
8.0	0.405
8.0	0.425
7.0	0.315
6.0	0.345
9.0	0.515
7.0	0.405
5.0	0.28
6.0	0.365
6.0	0.47
6.0	0.32
9.0	0.44
7.0	0.41
6.0	0.415
9.0	0.55
7.0	0.45
7.0	0.46
8.0	0.54
13.0	0.635
10.0	0.56
10.0	0.65
11.0	0.53
6.0	0.44
15.0	0.555
8.0	0.525
11.0	0.575
8.0	0.44
11.0	0.58
8.0	0.5
3.0	0.205
13.0	0.605
5.0	0.28
7.0	0.475
10.0	0.61
8.0	0.385
11.0	0.47
9.0	0.57
9.0	0.67
4.0	0.28
8.0	0.495
4.0	0.225
8.0	0.485
14.0	0.55
7.0	0.375
8.0	0.44
5.0	0.28
12.0	0.56
10.0	0.605
8.0	0.47
7.0	0.385
6.0	0.375
8.0	0.415
10.0	0.54
7.0	0.43
9.0	0.445
8.0	0.33
8.0	0.395
9.0	0.465
7.0	0.355
9.0	0.505
6.0	0.31
5.0	0.24
11.0	0.555
5.0	0.24
9.0	0.53
7.0	0.44
10.0	0.575
7.0	0.33
6.0	0.32
7.0	0.39
8.0	0.46
8.0	0.46
7.0	0.425
8.0	0.445
10.0	0.475
9.0	0.52
7.0	0.43
3.0	0.18
8.0	0.525
6.0	0.38
6.0	0.31
5.0	0.25
19.0	0.45
4.0	0.24
7.0	0.305
13.0	0.61
8.0	0.315
8.0	0.5
6.0	0.38
8.0	0.47
6.0	0.36
9.0	0.54
9.0	0.525
6.0	0.325
7.0	0.35
7.0	0.405
7.0	0.365
7.0	0.39
7.0	0.465
8.0	0.475
9.0	0.555
7.0	0.435
9.0	0.565
14.0	0.565
8.0	0.5
11.0	0.66
9.0	0.465
4.0	0.155
8.0	0.39
8.0	0.385
9.0	0.545
10.0	0.37
8.0	0.535
7.0	0.455
6.0	0.375
12.0	0.605
8.0	0.5
9.0	0.535
7.0	0.48
7.0	0.445
7.0	0.425
8.0	0.545
8.0	0.505
6.0	0.385
8.0	0.52
7.0	0.485
8.0	0.465
10.0	0.475
6.0	0.4
11.0	0.53
6.0	0.28
7.0	0.39
7.0	0.28
5.0	0.27
6.0	0.36
9.0	0.58
7.0	0.405
4.0	0.26
9.0	0.44
9.0	0.515
8.0	0.375
6.0	0.38
8.0	0.45
7.0	0.39
6.0	0.425
5.0	0.315
5.0	0.41
8.0	0.455
8.0	0.435
12.0	0.44
16.0	0.44
10.0	0.435
7.0	0.38
7.0	0.285
8.0	0.56
5.0	0.325
7.0	0.41
4.0	0.16
9.0	0.475
6.0	0.28
7.0	0.355
7.0	0.44
6.0	0.25
8.0	0.595
7.0	0.425
4.0	0.175
8.0	0.51
7.0	0.335
4.0	0.165
9.0	0.335
9.0	0.52
8.0	0.525
17.0	0.65
6.0	0.415
9.0	0.47
4.0	0.245
5.0	0.255
11.0	0.55
5.0	0.32
7.0	0.45
9.0	0.475
6.0	0.325
7.0	0.31
7.0	0.34
9.0	0.53
4.0	0.2
7.0	0.32
8.0	0.55
8.0	0.525
8.0	0.42
8.0	0.54
7.0	0.385
6.0	0.435
6.0	0.315
7.0	0.37
7.0	0.385
5.0	0.21
10.0	0.585
6.0	0.385
8.0	0.6
9.0	0.505
7.0	0.46
10.0	0.575
18.0	0.58
8.0	0.545
7.0	0.5
6.0	0.295
8.0	0.415
8.0	0.36
7.0	0.415
6.0	0.27
10.0	0.515
11.0	0.46
15.0	0.655
10.0	0.55
6.0	0.255
10.0	0.55
7.0	0.44
7.0	0.5
8.0	0.425
8.0	0.545
10.0	0.52
4.0	0.3
8.0	0.51
8.0	0.505
6.0	0.315
6.0	0.375
6.0	0.37
8.0	0.505
8.0	0.395
7.0	0.41
6.0	0.28
8.0	0.425
12.0	0.485
5.0	0.28
8.0	0.51
6.0	0.32
8.0	0.475
9.0	0.535
9.0	0.44
9.0	0.575
7.0	0.46
6.0	0.37
5.0	0.31
7.0	0.325
6.0	0.27
9.0	0.475
6.0	0.55
10.0	0.575
9.0	0.515
9.0	0.455
6.0	0.37
6.0	0.29
5.0	0.2
10.0	0.62
8.0	0.48
7.0	0.35
7.0	0.36
11.0	0.625
8.0	0.54
9.0	0.35
9.0	0.57
5.0	0.285
13.0	0.445
11.0	0.54
8.0	0.45
10.0	0.68
9.0	0.42
6.0	0.455
7.0	0.3
8.0	0.42
10.0	0.585
17.0	0.54
8.0	0.315
9.0	0.525
7.0	0.34
8.0	0.46
9.0	0.535
5.0	0.25
7.0	0.38
11.0	0.45
7.0	0.28
7.0	0.52
7.0	0.39
8.0	0.495
11.0	0.55
12.0	0.47
6.0	0.45
10.0	0.555
8.0	0.5
5.0	0.35
5.0	0.255
8.0	0.505
8.0	0.42
4.0	0.28
15.0	0.45
17.0	0.59
3.0	0.13
9.0	0.32
6.0	0.435
7.0	0.495
7.0	0.46
10.0	0.6
9.0	0.52
8.0	0.435
7.0	0.475
6.0	0.355
6.0	0.32
6.0	0.36
9.0	0.54
5.0	0.265
7.0	0.385
9.0	0.585
7.0	0.395
8.0	0.475
9.0	0.5
6.0	0.425
8.0	0.325
7.0	0.37
6.0	0.295
6.0	0.38
8.0	0.515
6.0	0.375
9.0	0.405
8.0	0.5
15.0	0.48
5.0	0.285
5.0	0.29
6.0	0.4
5.0	0.3
5.0	0.295
4.0	0.18
15.0	0.48
10.0	0.545
5.0	0.215
9.0	0.53
8.0	0.455
8.0	0.345
16.0	0.6
6.0	0.33
6.0	0.315
10.0	0.425
7.0	0.375
8.0	0.515
8.0	0.46
6.0	0.255
6.0	0.325
8.0	0.455
7.0	0.415
7.0	0.46
9.0	0.435
6.0	0.275
9.0	0.485
7.0	0.515
11.0	0.55
5.0	0.215
3.0	0.19
7.0	0.265
6.0	0.29
8.0	0.39
8.0	0.49
7.0	0.415
8.0	0.435
8.0	0.5
9.0	0.41
4.0	0.255
7.0	0.445
8.0	0.5
6.0	0.38
7.0	0.52
8.0	0.495
7.0	0.39
7.0	0.405
14.0	0.5
4.0	0.195
9.0	0.28
5.0	0.335
11.0	0.63
7.0	0.425
8.0	0.535
9.0	0.59
7.0	0.505
8.0	0.45
9.0	0.385
8.0	0.355
12.0	0.515
7.0	0.475
8.0	0.475
9.0	0.36
6.0	0.365
13.0	0.48
7.0	0.365
11.0	0.495
8.0	0.475
7.0	0.47
8.0	0.53
11.0	0.52
8.0	0.41
9.0	0.5
