11.0	0.3615
14.0	0.205
11.0	0.118
17.0	0.1335
11.0	0.257
13.0	0.06
9.0	0.2805
14.0	0.2005
11.0	0.4105
10.0	0.2355
10.0	0.377
8.0	0.18
10.0	0.261
9.0	0.2195
9.0	0.213
18.0	0.291
10.0	0.17
11.0	0.367
8.0	0.113
10.0	0.2025
10.0	0.2645
11.0	0.102
9.0	0.217
17.0	0.143
11.0	0.195
5.0	0.0235
9.0	0.2525
10.0	0.327
15.0	0.1075
15.0	0.3065
13.0	0.3095
10.0	0.3225
9.0	0.131
9.0	0.2585
8.0	0.217
9.0	0.3115
5.0	0.0385
14.0	0.3655
7.0	0.169
9.0	0.1715
12.0	0.3125
9.0	0.051
9.0	0.2095
10.0	0.082
8.0	0.1325
9.0	0.2175
12.0	0.3005
12.0	0.3315
9.0	0.2005
15.0	0.225
12.0	0.1835
9.0	0.189
19.0	0.3435
10.0	0.268
10.0	0.2435
12.0	0.5185
15.0	0.1585
11.0	0.146
9.0	0.2225
13.0	0.3935
9.0	0.345
8.0	0.1995
10.0	0.2605
10.0	0.238
9.0	0.129
10.0	0.1055
10.0	0.085
8.0	0.1515
17.0	0.3415
9.0	0.2485
7.0	0.082
9.0	0.3405
11.0	0.396
13.0	0.2565
7.0	0.3215
10.0	0.256
18.0	0.103
11.0	0.44
8.0	0.1975
8.0	0.2205
14.0	0.261
10.0	0.2415
11.0	0.318
14.0	0.245
9.0	0.1145
9.0	0.3105
10.0	0.037
12.0	0.2215
8.0	0.0525
9.0	0.103
13.0	0.2895
9.0	0.221
9.0	0.292
10.0	0.2665
12.0	0.336
11.0	0.398
12.0	0.255
16.0	0.1425
8.0	0.296
10.0	0.2605
12.0	0.138
10.0	0.1685
13.0	0.137
13.0	0.3685
11.0	0.267
10.0	0.2525
13.0	0.189
8.0	0.1165
11.0	0.257
11.0	0.2315
11.0	0.1175
8.0	0.156
11.0	0.281
9.0	0.2655
17.0	0.221
11.0	0.1875
10.0	0.2045
16.0	0.2245
9.0	0.2125
10.0	0.2945
10.0	0.2595
7.0	0.0345
17.0	0.1095
11.0	0.235
15.0	0.2295
9.0	0.196
9.0	0.246
9.0	0.185
14.0	0.186
14.0	0.326
9.0	0.1865
12.0	0.42
11.0	0.145
13.0	0.174
11.0	0.092
13.0	0.15
9.0	0.2025
9.0	0.302
13.0	0.2995
17.0	0.3365
7.0	0.056
18.0	0.1385
11.0	0.402
8.0	0.0805
10.0	0.2475
11.0	0.383
8.0	0.0995
10.0	0.23
9.0	0.209
11.0	0.1635
8.0	0.089
10.0	0.2765
10.0	0.1155
12.0	0.125
11.0	0.326
20.0	0.225
11.0	0.2885
10.0	0.138
10.0	0.211
17.0	0.2815
13.0	0.2575
9.0	0.0935
12.0	0.1255
11.0	0.217
9.0	0.2205
13.0	0.046
9.0	0.228
9.0	0.184
12.0	0.0755
10.0	0.324
9.0	0.098
12.0	0.245
10.0	0.176
7.0	0.159
10.0	0.147
11.0	0.081
13.0	0.1905
7.0	0.1315
15.0	0.133
9.0	0.19
11.0	0.2965
12.0	0.2595
6.0	0.1115
12.0	0.298
9.0	0.173
13.0	0.2555
11.0	0.2115
10.0	0.1205
13.0	0.23
15.0	0.216
8.0	0.127
7.0	0.0755
13.0	0.2715
11.0	0.3465
9.0	0.1715
8.0	0.145
10.0	0.177
7.0	0.1325
8.0	0.173
21.0	0.129
11.0	0.3015
10.0	0.1715
15.0	0.14
10.0	0.193
7.0	0.0335
10.0	0.2695
11.0	0.5195
11.0	0.3725
18.0	0.159
10.0	0.4095
12.0	0.244
11.0	0.276
9.0	0.2665
14.0	0.1725
9.0	0.339
10.0	0.2655
9.0	0.2165
7.0	0.036
15.0	0.2035
18.0	0.2675
20.0	0.267
12.0	0.1725
10.0	0.2995
16.0	0.2595
13.0	0.238
10.0	0.313
10.0	0.1445
12.0	0.146
11.0	0.148
10.0	0.262
15.0	0.3705
10.0	0.246
13.0	0.171
14.0	0.165
11.0	0.3805
8.0	0.232
10.0	0.1625
9.0	0.236
13.0	0.281
11.0	0.2575
8.0	0.117
11.0	0.3065
9.0	0.05
9.0	0.1915
12.0	0.423
12.0	0.1785
10.0	0.0635
8.0	0.2065
9.0	0.178
10.0	0.2055
18.0	0.1665
12.0	0.218
9.0	0.352
15.0	0.1375
10.0	0.33
14.0	0.252
14.0	0.159
10.0	0.1105
12.0	0.246
8.0	0.182
8.0	0.175
12.0	0.1635
10.0	0.2665
11.0	0.375
15.0	0.2655
10.0	0.301
16.0	0.3265
9.0	0.207
6.0	0.021
11.0	0.259
8.0	0.255
8.0	0.105
11.0	0.487
7.0	0.203
17.0	0.107
9.0	0.302
9.0	0.173
9.0	0.17
9.0	0.13
10.0	0.1965
10.0	0.2485
10.0	0.25
10.0	0.152
9.0	0.1835
10.0	0.2875
9.0	0.224
9.0	0.132
12.0	0.46
8.0	0.1815
9.0	0.2345
13.0	0.1455
9.0	0.1125
7.0	0.2255
11.0	0.2815
10.0	0.12
9.0	0.1875
9.0	0.131
11.0	0.2
9.0	0.1835
9.0	0.2945
11.0	0.25
12.0	0.2465
14.0	0.2475
8.0	0.1685
7.0	0.117
12.0	0.179
12.0	0.3975
16.0	0.3365
7.0	0.11
11.0	0.3205
19.0	0.2345
9.0	0.1165
10.0	0.147
9.0	0.3355
14.0	0.3045
13.0	0.3045
15.0	0.3205
12.0	0.1805
11.0	0.227
11.0	0.259
10.0	0.48
9.0	0.1375
9.0	0.2305
12.0	0.1465
10.0	0.179
9.0	0.2275
10.0	0.324
9.0	0.223
10.0	0.3015
14.0	0.4195
16.0	0.1825
17.0	0.4805
11.0	0.282
10.0	0.153
9.0	0.3485
23.0	0.1915
9.0	0.2605
7.0	0.0955
9.0	0.063
6.0	0.208
17.0	0.244
9.0	0.261
12.0	0.38
7.0	0.163
9.0	0.22
11.0	0.3775
12.0	0.322
8.0	0.1045
11.0	0.4825
20.0	0.187
11.0	0.4985
9.0	0.2195
10.0	0.3365
8.0	0.274
11.0	0.09
8.0	0.332
11.0	0.227
12.0	0.244
11.0	0.234
11.0	0.335
8.0	0.0565
9.0	0.3375
12.0	0.4195
19.0	0.1625
9.0	0.2445
13.0	0.123
8.0	0.2
10.0	0.309
12.0	0.288
13.0	0.219
11.0	0.322
8.0	0.2445
18.0	0.3885
14.0	0.296
10.0	0.0555
12.0	0.2955
20.0	0.2995
23.0	0.179
13.0	0.278
12.0	0.2695
16.0	0.392
9.0	0.1565
6.0	0.127
11.0	0.1005
12.0	0.374
14.0	0.142
11.0	0.275
11.0	0.3045
11.0	0.285
11.0	0.207
9.0	0.3195
27.0	0.205
8.0	0.2345
9.0	0.207
8.0	0.129
12.0	0.2745
8.0	0.1255
13.0	0.1905
9.0	0.1445
10.0	0.201
11.0	0.254
13.0	0.196
11.0	0.232
9.0	0.163
10.0	0.5005
10.0	0.1715
12.0	0.33
12.0	0.169
17.0	0.295
11.0	0.305
14.0	0.1915
10.0	0.196
12.0	0.2225
8.0	0.0985
12.0	0.095
7.0	0.1945
18.0	0.207
8.0	0.2905
11.0	0.1725
9.0	0.1325
8.0	0.1905
10.0	0.3135
10.0	0.1945
10.0	0.3085
11.0	0.315
19.0	0.151
13.0	0.1
19.0	0.2475
10.0	0.1795
10.0	0.418
10.0	0.3525
9.0	0.352
6.0	0.294
11.0	0.402
10.0	0.326
9.0	0.1815
19.0	0.3235
10.0	0.1695
8.0	0.116
7.0	0.131
10.0	0.171
9.0	0.1055
10.0	0.163
10.0	0.22
8.0	0.2245
9.0	0.1985
11.0	0.258
9.0	0.144
11.0	0.4655
11.0	0.378
10.0	0.24
10.0	0.3215
11.0	0.2355
11.0	0.229
10.0	0.116
12.0	0.117
9.0	0.276
12.0	0.1495
9.0	0.2655
13.0	0.2425
13.0	0.389
13.0	0.1055
11.0	0.272
11.0	0.198
11.0	0.3275
9.0	0.2025
10.0	0.287
11.0	0.3655
9.0	0.301
9.0	0.232
10.0	0.2965
13.0	0.405
20.0	0.1455
13.0	0.192
10.0	0.341
9.0	0.242
13.0	0.358
12.0	0.082
15.0	0.306
14.0	0.264
11.0	0.263
16.0	0.091
11.0	0.339
10.0	0.278
9.0	0.186
12.0	0.2825
8.0	0.0625
16.0	0.1495
10.0	0.0805
8.0	0.308
10.0	0.2015
10.0	0.2455
13.0	0.27
11.0	0.351
10.0	0.2015
13.0	0.3005
11.0	0.0925
24.0	0.3125
10.0	0.1725
12.0	0.1935
8.0	0.1745
10.0	0.283
8.0	0.0945
11.0	0.1905
12.0	0.2415
10.0	0.185
9.0	0.173
11.0	0.24
10.0	0.2815
8.0	0.22
9.0	0.3375
8.0	0.113
10.0	0.0885
7.0	0.13
6.0	0.106
9.0	0.179
15.0	0.297
11.0	0.2505
9.0	0.063
8.0	0.143
10.0	0.066
12.0	0.279
15.0	0.2035
11.0	0.293
16.0	0.2895
12.0	0.2255
11.0	0.183
8.0	0.198
9.0	0.2225
14.0	0.206
9.0	0.184
20.0	0.2325
11.0	0.3585
7.0	0.207
12.0	0.3905
16.0	0.3655
10.0	0.2055
10.0	0.1625
7.0	0.0725
11.0	0.2855
12.0	0.1735
9.0	0.2645
7.0	0.2855
9.0	0.1855
14.0	0.194
12.0	0.3035
11.0	0.1525
13.0	0.429
12.0	0.309
10.0	0.1265
14.0	0.2675
11.0	0.144
15.0	0.48
9.0	0.1585
13.0	0.192
10.0	0.105
9.0	0.212
17.0	0.305
22.0	0.1635
7.0	0.199
12.0	0.367
11.0	0.3395
10.0	0.3175
13.0	0.3675
9.0	0.239
14.0	0.358
7.0	0.095
21.0	0.1315
11.0	0.1955
9.0	0.1525
11.0	0.422
11.0	0.1235
11.0	0.2785
10.0	0.2815
10.0	0.249
10.0	0.325
8.0	0.159
21.0	0.4075
9.0	0.2325
10.0	0.1315
13.0	0.1355
8.0	0.1765
9.0	0.057
8.0	0.122
9.0	0.215
10.0	0.1155
10.0	0.1735
12.0	0.238
13.0	0.1365
8.0	0.102
9.0	0.231
18.0	0.398
14.0	0.128
12.0	0.2525
15.0	0.221
12.0	0.1215
9.0	0.2645
9.0	0.326
13.0	0.1775
11.0	0.083
13.0	0.371
8.0	0.1845
9.0	0.271
11.0	0.25
10.0	0.3315
10.0	0.342
11.0	0.407
13.0	0.202
10.0	0.1715
7.0	0.07
12.0	0.079
10.0	0.254
7.0	0.118
10.0	0.1855
10.0	0.1125
12.0	0.2165
12.0	0.3605
9.0	0.263
7.0	0.0745
10.0	0.1075
8.0	0.057
13.0	0.095
16.0	0.2245
14.0	0.126
17.0	0.299
9.0	0.171
9.0	0.331
17.0	0.1325
11.0	0.142
19.0	0.156
6.0	0.2075
9.0	0.21
9.0	0.2725
11.0	0.1615
11.0	0.314
9.0	0.2375
9.0	0.35
16.0	0.227
10.0	0.318
11.0	0.399
14.0	0.083
10.0	0.2735
9.0	0.149
9.0	0.195
10.0	0.339
11.0	0.2195
11.0	0.313
10.0	0.145
9.0	0.159
13.0	0.3255
10.0	0.087
11.0	0.492
17.0	0.284
11.0	0.2205
10.0	0.2945
11.0	0.3905
18.0	0.271
12.0	0.3255
10.0	0.054
12.0	0.3175
10.0	0.2055
12.0	0.2315
13.0	0.348
9.0	0.158
8.0	0.2325
10.0	0.1655
7.0	0.0415
9.0	0.3155
21.0	0.35
12.0	0.1955
12.0	0.2905
8.0	0.244
17.0	0.201
10.0	0.2495
9.0	0.302
9.0	0.086
10.0	0.214
19.0	0.453
13.0	0.2525
10.0	0.115
9.0	0.2955
12.0	0.4065
12.0	0.1495
12.0	0.297
9.0	0.3025
9.0	0.3055
10.0	0.2205
18.0	0.124
8.0	0.247
8.0	0.1455
9.0	0.161
8.0	0.1855
9.0	0.1415
8.0	0.2595
12.0	0.166
8.0	0.218
11.0	0.401
12.0	0.367
10.0	0.277
11.0	0.3095
14.0	0.1095
10.0	0.077
11.0	0.274
21.0	0.3055
14.0	0.1445
10.0	0.362
9.0	0.1085
11.0	0.2105
12.0	0.224
9.0	0.0585
11.0	0.381
9.0	0.081
13.0	0.1785
15.0	0.2505
12.0	0.246
13.0	0.238
10.0	0.361
10.0	0.331
9.0	0.271
11.0	0.3265
12.0	0.2455
9.0	0.3035
9.0	0.304
10.0	0.1745
6.0	0.11
8.0	0.108
16.0	0.199
13.0	0.224
10.0	0.2515
14.0	0.2195
9.0	0.259
13.0	0.319
18.0	0.1705
8.0	0.2385
10.0	0.2455
9.0	0.129
10.0	0.223
10.0	0.145
9.0	0.2365
9.0	0.3345
20.0	0.4515
8.0	0.171
11.0	0.213
8.0	0.0465
13.0	0.058
15.0	0.209
15.0	0.1415
15.0	0.224
14.0	0.2565
11.0	0.2925
9.0	0.2325
10.0	0.098
10.0	0.1405
12.0	0.231
15.0	0.2435
11.0	0.194
14.0	0.3105
9.0	0.3775
10.0	0.0655
9.0	0.163
10.0	0.382
11.0	0.193
9.0	0.446
8.0	0.1755
14.0	0.3385
10.0	0.259
8.0	0.289
8.0	0.239
11.0	0.284
9.0	0.1255
10.0	0.182
7.0	0.15
23.0	0.59
9.0	0.075
10.0	0.3865
22.0	0.11
8.0	0.199
11.0	0.065
11.0	0.256
9.0	0.2495
14.0	0.239
17.0	0.354
11.0	0.2035
8.0	0.303
11.0	0.1715
11.0	0.1235
7.0	0.1045
10.0	0.2555
10.0	0.1435
13.0	0.1145
7.0	0.088
12.0	0.1195
6.0	0.057
11.0	0.0915
10.0	0.291
10.0	0.1775
14.0	0.2355
18.0	0.215
9.0	0.3055
9.0	0.311
8.0	0.166
10.0	0.2485
12.0	0.4925
9.0	0.1615
12.0	0.15
13.0	0.1715
13.0	0.1615
10.0	0.3125
9.0	0.197
25.0	0.2285
10.0	0.2
11.0	0.304
12.0	0.1175
11.0	0.513
11.0	0.3025
9.0	0.307
20.0	0.408
15.0	0.4055
13.0	0.2145
6.0	0.131
10.0	0.1805
10.0	0.156
11.0	0.1605
12.0	0.38
11.0	0.2485
10.0	0.2955
10.0	0.2385
13.0	0.155
9.0	0.089
13.0	0.166
16.0	0.131
12.0	0.3255
13.0	0.1175
13.0	0.3025
13.0	0.26
11.0	0.188
8.0	0.262
11.0	0.346
8.0	0.215
10.0	0.318
18.0	0.2435
10.0	0.469
9.0	0.202
11.0	0.336
8.0	0.026
11.0	0.1575
9.0	0.137
9.0	0.2045
12.0	0.3675
15.0	0.2385
13.0	0.36
9.0	0.155
15.0	0.1635
8.0	0.2615
9.0	0.347
12.0	0.1985
14.0	0.227
12.0	0.0615
13.0	0.243
6.0	0.1095
9.0	0.263
13.0	0.4115
11.0	0.264
11.0	0.162
10.0	0.151
13.0	0.447
10.0	0.1315
11.0	0.318
16.0	0.309
11.0	0.163
15.0	0.259
11.0	0.2885
11.0	0.125
11.0	0.317
16.0	0.102
11.0	0.2435
8.0	0.2705
9.0	0.2135
11.0	0.178
9.0	0.127
8.0	0.27
11.0	0.183
11.0	0.366
11.0	0.239
9.0	0.141
9.0	0.2095
8.0	0.1195
12.0	0.1555
17.0	0.2305
16.0	0.183
12.0	0.151
12.0	0.0785
10.0	0.368
13.0	0.2135
10.0	0.24
17.0	0.226
10.0	0.074
10.0	0.1965
12.0	0.112
9.0	0.2025
9.0	0.1245
12.0	0.409
13.0	0.5145
11.0	0.239
14.0	0.241
11.0	0.1955
12.0	0.239
13.0	0.2875
9.0	0.091
11.0	0.1065
11.0	0.2825
9.0	0.1805
19.0	0.2975
8.0	0.236
11.0	0.3735
10.0	0.294
10.0	0.1965
12.0	0.4825
9.0	0.322
8.0	0.2835
12.0	0.126
9.0	0.1775
10.0	0.3395
10.0	0.275
9.0	0.375
10.0	0.2435
14.0	0.4255
23.0	0.27
13.0	0.1295
9.0	0.323
9.0	0.104
9.0	0.1565
12.0	0.111
9.0	0.345
8.0	0.081
10.0	0.2775
8.0	0.1165
10.0	0.253
10.0	0.1795
18.0	0.437
11.0	0.4875
21.0	0.165
15.0	0.217
10.0	0.3725
10.0	0.236
7.0	0.094
9.0	0.0765
8.0	0.196
9.0	0.2105
9.0	0.269
10.0	0.27
10.0	0.1315
8.0	0.1665
9.0	0.2245
10.0	0.4365
16.0	0.1755
15.0	0.2235
11.0	0.2095
14.0	0.1475
7.0	0.0705
9.0	0.4265
9.0	0.172
23.0	0.14
14.0	0.229
10.0	0.2685
7.0	0.118
11.0	0.137
11.0	0.2985
14.0	0.275
14.0	0.1845
15.0	0.179
8.0	0.2
14.0	0.2925
10.0	0.1755
14.0	0.314
10.0	0.114
9.0	0.3305
11.0	0.1785
9.0	0.1495
13.0	0.274
11.0	0.1585
12.0	0.193
11.0	0.3855
13.0	0.1005
9.0	0.2355
8.0	0.2165
8.0	0.2595
9.0	0.3735
16.0	0.2705
14.0	0.42
9.0	0.417
9.0	0.271
16.0	0.277
9.0	0.1825
10.0	0.2455
13.0	0.157
10.0	0.2325
9.0	0.091
8.0	0.2005
11.0	0.1595
11.0	0.2745
9.0	0.174
8.0	0.218
10.0	0.2495
10.0	0.394
11.0	0.2705
8.0	0.3045
7.0	0.224
8.0	0.239
11.0	0.2925
17.0	0.152
9.0	0.328
14.0	0.3
16.0	0.225
16.0	0.3175
12.0	0.1125
10.0	0.365
9.0	0.207
9.0	0.341
9.0	0.3535
14.0	0.343
6.0	0.0365
11.0	0.4225
10.0	0.259
10.0	0.137
14.0	0.3565
10.0	0.2835
9.0	0.1675
13.0	0.2445
10.0	0.4015
10.0	0.0465
8.0	0.1165
14.0	0.2475
10.0	0.397
10.0	0.3515
11.0	0.1975
19.0	0.212
12.0	0.1355
11.0	0.409
11.0	0.3025
11.0	0.1525
10.0	0.2575
11.0	0.296
13.0	0.1025
7.0	0.1005
12.0	0.2915
8.0	0.161
7.0	0.0985
16.0	0.3075
11.0	0.4565
12.0	0.3315
15.0	0.1685
15.0	0.318
10.0	0.315
11.0	0.334
12.0	0.196
17.0	0.183
8.0	0.1445
20.0	0.2275
10.0	0.1935
9.0	0.2195
8.0	0.208
17.0	0.3035
9.0	0.252
12.0	0.0725
11.0	0.135
14.0	0.519
11.0	0.3965
9.0	0.3315
9.0	0.15
10.0	0.395
8.0	0.1555
10.0	0.221
8.0	0.1975
8.0	0.2975
9.0	0.191
11.0	0.2385
10.0	0.302
8.0	0.2215
10.0	0.274
10.0	0.252
10.0	0.2865
12.0	0.3135
8.0	0.121
8.0	0.2045
8.0	0.236
15.0	0.158
12.0	0.3195
9.0	0.273
9.0	0.1035
10.0	0.2875
9.0	0.308
6.0	0.059
10.0	0.111
12.0	0.214
10.0	0.106
15.0	0.1505
10.0	0.349
17.0	0.2315
11.0	0.2635
12.0	0.2645
11.0	0.2995
10.0	0.1925
8.0	0.1565
8.0	0.196
9.0	0.221
19.0	0.169
20.0	0.3695
7.0	0.1285
11.0	0.1075
8.0	0.123
13.0	0.112
14.0	0.487
10.0	0.2985
10.0	0.268
13.0	0.4025
16.0	0.3455
9.0	0.2715
9.0	0.2615
15.0	0.2565
17.0	0.465
11.0	0.345
11.0	0.1415
10.0	0.3835
12.0	0.3015
8.0	0.0955
21.0	0.3025
19.0	0.209
9.0	0.18
15.0	0.2015
13.0	0.234
10.0	0.24
9.0	0.25
9.0	0.0895
13.0	0.256
9.0	0.266
10.0	0.061
16.0	0.323
12.0	0.222
6.0	0.115
9.0	0.246
13.0	0.2625
10.0	0.0695
20.0	0.1415
22.0	0.2855
12.0	0.2495
12.0	0.1975
9.0	0.3035
11.0	0.2225
11.0	0.318
10.0	0.2115
9.0	0.3485
5.0	0.0535
11.0	0.318
6.0	0.231
10.0	0.126
14.0	0.219
10.0	0.2115
9.0	0.1735
9.0	0.244
10.0	0.292
9.0	0.204
12.0	0.155
8.0	0.1405
11.0	0.3075
8.0	0.1815
10.0	0.1325
9.0	0.1925
9.0	0.1905
10.0	0.2615
16.0	0.1565
11.0	0.3305
16.0	0.423
7.0	0.0575
9.0	0.2875
8.0	0.0755
14.0	0.2825
10.0	0.307
20.0	0.2205
12.0	0.5265
12.0	0.295
18.0	0.318
5.0	0.0215
10.0	0.214
15.0	0.2065
11.0	0.2155
9.0	0.2275
12.0	0.114
9.0	0.2305
12.0	0.288
11.0	0.128
9.0	0.1855
11.0	0.4285
16.0	0.129
13.0	0.1155
9.0	0.144
11.0	0.314
10.0	0.3725
8.0	0.185
12.0	0.141
12.0	0.1365
12.0	0.353
10.0	0.11
23.0	0.27
8.0	0.152
15.0	0.3705
9.0	0.114
12.0	0.3225
11.0	0.247
12.0	0.3615
13.0	0.3005
11.0	0.5195
7.0	0.229
11.0	0.296
10.0	0.3155
10.0	0.214
6.0	0.0675
10.0	0.2145
12.0	0.2605
10.0	0.305
19.0	0.3925
12.0	0.4215
11.0	0.165
10.0	0.365
10.0	0.396
10.0	0.1455
12.0	0.19
10.0	0.051
11.0	0.349
10.0	0.1715
11.0	0.377
8.0	0.092
13.0	0.181
17.0	0.2395
12.0	0.328
10.0	0.3525
8.0	0.2275
13.0	0.2125
13.0	0.387
15.0	0.2145
14.0	0.2465
15.0	0.153
8.0	0.2445
17.0	0.196
11.0	0.19
9.0	0.314
19.0	0.4395
7.0	0.1005
9.0	0.3595
10.0	0.181
10.0	0.194
11.0	0.114
8.0	0.17
11.0	0.4565
13.0	0.1685
11.0	0.407
8.0	0.2295
14.0	0.1645
12.0	0.0825
15.0	0.2805
10.0	0.228
10.0	0.384
8.0	0.195
13.0	0.123
10.0	0.442
14.0	0.196
11.0	0.1
10.0	0.24
9.0	0.233
10.0	0.3615
10.0	0.238
10.0	0.296
14.0	0.195
11.0	0.3935
29.0	0.3215
9.0	0.1155
14.0	0.2205
9.0	0.196
8.0	0.1025
9.0	0.1775
9.0	0.277
12.0	0.216
10.0	0.0465
7.0	0.11
10.0	0.271
13.0	0.2155
10.0	0.0435
11.0	0.3165
18.0	0.314
7.0	0.1985
12.0	0.299
8.0	0.197
18.0	0.2485
16.0	0.4085
9.0	0.185
8.0	0.1915
9.0	0.095
12.0	0.391
18.0	0.3565
11.0	0.4345
19.0	0.207
12.0	0.122
8.0	0.2145
10.0	0.2475
9.0	0.2225
9.0	0.3175
9.0	0.25
