9.0	0.1945
13.0	0.2165
8.0	0.315
9.0	0.2145
9.0	0.1085
16.0	0.2155
11.0	0.374
9.0	0.343
19.0	0.194
16.0	0.3075
11.0	0.2815
7.0	0.166
9.0	0.2205
11.0	0.2515
10.0	0.2215
10.0	0.307
9.0	0.2705
9.0	0.189
9.0	0.107
9.0	0.0335
9.0	0.1845
9.0	0.3015
10.0	0.2355
9.0	0.1985
9.0	0.3025
14.0	0.541
10.0	0.273
9.0	0.221
10.0	0.2365
8.0	0.164
10.0	0.4475
10.0	0.2015
10.0	0.342
10.0	0.1685
7.0	0.096
12.0	0.0845
10.0	0.2015
11.0	0.284
9.0	0.2315
11.0	0.383
7.0	0.0725
12.0	0.331
9.0	0.15
11.0	0.387
9.0	0.3315
12.0	0.168
16.0	0.306
11.0	0.292
10.0	0.1405
11.0	0.2305
14.0	0.108
7.0	0.1435
9.0	0.2035
12.0	0.26
15.0	0.202
10.0	0.3415
10.0	0.0955
10.0	0.281
11.0	0.211
14.0	0.276
7.0	0.149
8.0	0.103
7.0	0.1125
10.0	0.2175
10.0	0.4015
11.0	0.176
10.0	0.419
8.0	0.146
7.0	0.157
8.0	0.1045
13.0	0.1735
9.0	0.291
10.0	0.2095
8.0	0.229
9.0	0.0355
10.0	0.208
11.0	0.222
9.0	0.269
10.0	0.2225
11.0	0.239
9.0	0.246
9.0	0.2505
10.0	0.2985
12.0	0.297
11.0	0.364
7.0	0.054
10.0	0.1715
11.0	0.2375
8.0	0.1365
11.0	0.2585
10.0	0.1065
8.0	0.1905
14.0	0.1635
14.0	0.386
8.0	0.246
12.0	0.309
12.0	0.166
9.0	0.2675
11.0	0.38
10.0	0.463
11.0	0.311
12.0	0.474
7.0	0.047
10.0	0.3105
10.0	0.298
8.0	0.171
9.0	0.227
8.0	0.099
11.0	0.2955
7.0	0.144
11.0	0.261
9.0	0.1605
14.0	0.195
18.0	0.297
12.0	0.2325
16.0	0.2615
7.0	0.0105
20.0	0.236
11.0	0.369
9.0	0.1415
7.0	0.09
14.0	0.2455
11.0	0.397
10.0	0.4055
12.0	0.254
9.0	0.223
11.0	0.037
10.0	0.3055
11.0	0.526
11.0	0.3585
19.0	0.2665
10.0	0.2495
9.0	0.2435
13.0	0.193
15.0	0.204
15.0	0.1915
8.0	0.195
5.0	0.0285
5.0	0.024
11.0	0.387
17.0	0.226
9.0	0.05
10.0	0.298
11.0	0.262
9.0	0.3735
10.0	0.1765
11.0	0.176
15.0	0.291
14.0	0.1815
10.0	0.229
14.0	0.1895
11.0	0.285
11.0	0.3125
15.0	0.1505
11.0	0.0475
8.0	0.124
12.0	0.76
7.0	0.12
20.0	0.349
7.0	0.2095
8.0	0.0755
10.0	0.3865
13.0	0.1785
10.0	0.1935
16.0	0.1985
11.0	0.273
13.0	0.181
9.0	0.1945
4.0	0.0045
9.0	0.2345
11.0	0.3145
11.0	0.1485
12.0	0.1265
9.0	0.1615
13.0	0.138
10.0	0.2715
8.0	0.1375
17.0	0.283
10.0	0.2445
11.0	0.13
8.0	0.1595
7.0	0.133
8.0	0.1005
11.0	0.1245
11.0	0.1645
8.0	0.3855
14.0	0.186
10.0	0.273
13.0	0.4655
13.0	0.197
9.0	0.2545
9.0	0.29
3.0	0.003
11.0	0.342
11.0	0.277
12.0	0.407
13.0	0.1985
9.0	0.269
10.0	0.1015
10.0	0.275
9.0	0.3035
9.0	0.2875
9.0	0.237
15.0	0.303
10.0	0.0945
9.0	0.233
19.0	0.213
8.0	0.0935
10.0	0.156
27.0	0.391
14.0	0.076
21.0	0.234
11.0	0.2885
10.0	0.2345
11.0	0.3115
10.0	0.283
11.0	0.2385
12.0	0.288
10.0	0.167
11.0	0.3005
8.0	0.092
9.0	0.2145
9.0	0.1725
10.0	0.115
6.0	0.02
10.0	0.18
13.0	0.478
8.0	0.1885
10.0	0.3795
10.0	0.3045
9.0	0.185
10.0	0.24
11.0	0.0885
7.0	0.0885
21.0	0.2665
11.0	0.2085
8.0	0.1855
10.0	0.2405
15.0	0.262
9.0	0.283
21.0	0.2455
12.0	0.201
8.0	0.16
9.0	0.107
10.0	0.1015
11.0	0.055
8.0	0.06
10.0	0.273
15.0	0.1765
9.0	0.2255
12.0	0.512
8.0	0.151
12.0	0.159
12.0	0.0685
10.0	0.427
4.0	0.0095
10.0	0.183
11.0	0.0575
7.0	0.1815
11.0	0.276
10.0	0.1755
13.0	0.125
8.0	0.1045
8.0	0.096
14.0	0.1725
7.0	0.0715
8.0	0.2465
7.0	0.1605
11.0	0.296
12.0	0.3325
12.0	0.263
11.0	0.363
10.0	0.229
10.0	0.222
10.0	0.525
13.0	0.241
9.0	0.283
11.0	0.138
7.0	0.063
4.0	0.008
11.0	0.271
11.0	0.2465
9.0	0.214
9.0	0.2035
11.0	0.1885
12.0	0.157
10.0	0.216
9.0	0.297
10.0	0.2
9.0	0.0575
12.0	0.311
11.0	0.402
9.0	0.127
9.0	0.2185
12.0	0.082
13.0	0.154
14.0	0.085
8.0	0.362
10.0	0.3255
11.0	0.2235
9.0	0.1235
11.0	0.1785
12.0	0.1385
12.0	0.2675
9.0	0.0455
10.0	0.243
16.0	0.2635
11.0	0.3515
8.0	0.1685
15.0	0.178
6.0	0.0515
8.0	0.1015
7.0	0.2135
14.0	0.127
8.0	0.169
9.0	0.2095
10.0	0.169
5.0	0.02
11.0	0.287
9.0	0.326
8.0	0.0825
9.0	0.266
10.0	0.2165
9.0	0.235
13.0	0.166
13.0	0.4575
10.0	0.262
6.0	0.1065
10.0	0.4095
9.0	0.1265
9.0	0.241
8.0	0.2015
9.0	0.173
11.0	0.2385
12.0	0.1775
23.0	0.2025
9.0	0.203
13.0	0.3835
10.0	0.2195
11.0	0.15
10.0	0.2945
5.0	0.014
9.0	0.1285
9.0	0.196
9.0	0.1405
9.0	0.1555
17.0	0.1865
10.0	0.2925
12.0	0.2815
11.0	0.2615
9.0	0.1355
8.0	0.087
15.0	0.2325
13.0	0.1695
11.0	0.29
9.0	0.22
11.0	0.293
11.0	0.3665
9.0	0.2175
8.0	0.1345
9.0	0.059
10.0	0.1595
9.0	0.198
11.0	0.2195
12.0	0.1715
8.0	0.2085
11.0	0.1575
15.0	0.1585
7.0	0.06
7.0	0.137
13.0	0.159
10.0	0.026
8.0	0.0535
12.0	0.1455
12.0	0.192
12.0	0.1065
11.0	0.204
10.0	0.2975
13.0	0.3595
15.0	0.2505
15.0	0.161
16.0	0.0705
12.0	0.2025
10.0	0.347
16.0	0.4725
9.0	0.2395
9.0	0.3345
10.0	0.41
16.0	0.228
9.0	0.212
11.0	0.4435
13.0	0.205
9.0	0.193
9.0	0.1345
7.0	0.182
15.0	0.2805
9.0	0.1555
9.0	0.092
7.0	0.13
13.0	0.243
9.0	0.257
19.0	0.3155
10.0	0.1765
9.0	0.065
20.0	0.196
7.0	0.0865
8.0	0.1155
11.0	0.3805
11.0	0.383
13.0	0.247
8.0	0.15
14.0	0.4005
9.0	0.17
10.0	0.1755
12.0	0.303
11.0	0.212
11.0	0.375
12.0	0.3525
10.0	0.2615
10.0	0.1735
7.0	0.0955
10.0	0.046
14.0	0.158
9.0	0.1065
12.0	0.32
9.0	0.0885
11.0	0.2895
11.0	0.2525
10.0	0.4665
11.0	0.2795
11.0	0.1905
9.0	0.1775
10.0	0.056
10.0	0.239
6.0	0.117
8.0	0.1295
19.0	0.2635
18.0	0.2135
9.0	0.2405
8.0	0.1625
10.0	0.167
9.0	0.1035
11.0	0.157
18.0	0.3345
9.0	0.1905
12.0	0.2315
6.0	0.028
9.0	0.1445
11.0	0.1505
14.0	0.125
11.0	0.2055
11.0	0.321
20.0	0.1945
11.0	0.2825
8.0	0.119
10.0	0.2975
10.0	0.247
8.0	0.134
11.0	0.1825
10.0	0.259
13.0	0.44
19.0	0.3235
9.0	0.096
12.0	0.172
10.0	0.043
13.0	0.2945
10.0	0.29
14.0	0.2755
8.0	0.0345
11.0	0.246
15.0	0.1485
10.0	0.3505
9.0	0.173
10.0	0.254
15.0	0.221
14.0	0.3715
9.0	0.223
13.0	0.2185
10.0	0.2235
6.0	0.085
9.0	0.286
17.0	0.123
10.0	0.227
15.0	0.164
10.0	0.331
12.0	0.237
13.0	0.226
8.0	0.107
9.0	0.541
11.0	0.1905
14.0	0.3115
12.0	0.234
17.0	0.472
9.0	0.145
15.0	0.243
14.0	0.181
14.0	0.3545
10.0	0.1835
8.0	0.145
10.0	0.2925
8.0	0.19
13.0	0.2405
14.0	0.422
11.0	0.075
9.0	0.1965
9.0	0.0935
12.0	0.225
11.0	0.337
11.0	0.0715
8.0	0.106
14.0	0.2655
9.0	0.1455
13.0	0.3135
11.0	0.409
8.0	0.1605
12.0	0.122
19.0	0.1405
11.0	0.2735
21.0	0.3405
8.0	0.279
10.0	0.294
10.0	0.3225
15.0	0.2065
9.0	0.2345
10.0	0.189
12.0	0.509
6.0	0.027
10.0	0.4015
11.0	0.337
9.0	0.3335
8.0	0.271
8.0	0.232
19.0	0.1735
9.0	0.2565
11.0	0.422
10.0	0.311
10.0	0.3555
16.0	0.1965
10.0	0.2225
9.0	0.0765
12.0	0.224
6.0	0.1155
8.0	0.2355
10.0	0.2785
10.0	0.074
8.0	0.318
12.0	0.2395
8.0	0.111
9.0	0.4265
7.0	0.3065
10.0	0.216
8.0	0.16
12.0	0.186
9.0	0.2595
8.0	0.1005
18.0	0.176
7.0	0.104
13.0	0.161
12.0	0.2055
9.0	0.1825
14.0	0.2575
9.0	0.4405
12.0	0.1465
10.0	0.187
8.0	0.29
9.0	0.133
7.0	0.0905
10.0	0.1955
13.0	0.306
11.0	0.2245
16.0	0.3375
10.0	0.221
11.0	0.157
12.0	0.152
10.0	0.262
9.0	0.2165
11.0	0.227
8.0	0.2215
21.0	0.124
12.0	0.2175
3.0	0.0055
8.0	0.093
14.0	0.2275
8.0	0.23
12.0	0.296
9.0	0.0875
10.0	0.0845
9.0	0.2745
12.0	0.3065
9.0	0.15
13.0	0.0465
15.0	0.057
13.0	0.253
11.0	0.308
15.0	0.1635
15.0	0.4105
9.0	0.261
10.0	0.087
9.0	0.256
10.0	0.1725
7.0	0.1545
11.0	0.285
12.0	0.363
10.0	0.1835
13.0	0.2105
9.0	0.1125
17.0	0.4755
12.0	0.405
12.0	0.1375
11.0	0.095
11.0	0.279
9.0	0.2065
11.0	0.283
15.0	0.3425
8.0	0.139
10.0	0.0425
16.0	0.276
14.0	0.1395
9.0	0.345
7.0	0.157
12.0	0.354
9.0	0.046
8.0	0.097
10.0	0.255
9.0	0.291
9.0	0.1035
8.0	0.085
8.0	0.1455
15.0	0.179
9.0	0.1915
10.0	0.206
13.0	0.2735
19.0	0.2185
10.0	0.1185
9.0	0.1845
10.0	0.231
10.0	0.194
9.0	0.3575
11.0	0.2535
11.0	0.1625
8.0	0.0905
11.0	0.454
8.0	0.018
9.0	0.3105
6.0	0.053
11.0	0.5235
15.0	0.4255
13.0	0.2475
9.0	0.2435
8.0	0.1635
8.0	0.17
6.0	0.0365
11.0	0.115
11.0	0.351
6.0	0.126
8.0	0.082
12.0	0.197
7.0	0.0415
8.0	0.1975
12.0	0.0595
9.0	0.2725
8.0	0.1645
9.0	0.2365
10.0	0.3295
8.0	0.2045
12.0	0.1425
12.0	0.252
9.0	0.09
9.0	0.278
17.0	0.419
9.0	0.309
10.0	0.114
12.0	0.133
9.0	0.158
7.0	0.1585
9.0	0.2205
9.0	0.369
7.0	0.0365
4.0	0.034
13.0	0.135
8.0	0.1015
9.0	0.2015
10.0	0.041
8.0	0.1655
13.0	0.2755
10.0	0.1035
11.0	0.282
9.0	0.2735
11.0	0.189
7.0	0.0295
7.0	0.08
8.0	0.0935
10.0	0.4095
12.0	0.2405
15.0	0.3335
11.0	0.2875
18.0	0.261
12.0	0.3755
9.0	0.0575
8.0	0.0595
11.0	0.266
9.0	0.1575
11.0	0.2165
19.0	0.472
10.0	0.3045
15.0	0.164
10.0	0.24
10.0	0.3515
8.0	0.205
12.0	0.1325
5.0	0.005
18.0	0.2375
12.0	0.564
10.0	0.151
10.0	0.2395
8.0	0.279
8.0	0.1565
10.0	0.2315
12.0	0.185
7.0	0.185
11.0	0.19
9.0	0.2475
22.0	0.287
9.0	0.3055
7.0	0.2635
17.0	0.254
13.0	0.228
10.0	0.1615
17.0	0.3415
10.0	0.2255
13.0	0.2815
8.0	0.1835
11.0	0.137
9.0	0.224
20.0	0.3115
8.0	0.132
9.0	0.2215
15.0	0.2635
15.0	0.2835
8.0	0.0595
9.0	0.2035
11.0	0.057
18.0	0.312
17.0	0.212
9.0	0.0565
9.0	0.0645
13.0	0.325
11.0	0.2985
16.0	0.2635
9.0	0.0735
14.0	0.2505
8.0	0.181
9.0	0.2115
9.0	0.1415
12.0	0.139
6.0	0.0485
14.0	0.361
7.0	0.236
8.0	0.0885
12.0	0.174
19.0	0.175
7.0	0.094
10.0	0.1525
13.0	0.177
11.0	0.1945
8.0	0.0635
8.0	0.1825
21.0	0.266
10.0	0.153
13.0	0.347
12.0	0.278
13.0	0.368
12.0	0.3645
8.0	0.2195
13.0	0.2535
8.0	0.2675
13.0	0.347
9.0	0.2745
12.0	0.042
13.0	0.575
11.0	0.2425
15.0	0.167
14.0	0.1225
26.0	0.19
5.0	0.023
11.0	0.3685
7.0	0.038
9.0	0.2095
10.0	0.18
8.0	0.233
13.0	0.2805
10.0	0.379
14.0	0.216
9.0	0.1825
8.0	0.2395
9.0	0.1825
7.0	0.0825
12.0	0.246
18.0	0.1405
10.0	0.18
13.0	0.219
10.0	0.275
12.0	0.2405
8.0	0.071
16.0	0.1505
10.0	0.213
8.0	0.1525
9.0	0.204
11.0	0.436
9.0	0.2245
8.0	0.2285
9.0	0.191
11.0	0.132
10.0	0.366
20.0	0.2215
15.0	0.18
24.0	0.353
10.0	0.2655
10.0	0.262
10.0	0.207
9.0	0.155
16.0	0.2705
9.0	0.22
11.0	0.308
11.0	0.174
8.0	0.2135
7.0	0.051
9.0	0.2735
10.0	0.108
15.0	0.212
13.0	0.2555
13.0	0.373
13.0	0.07
5.0	0.02
20.0	0.49
16.0	0.184
7.0	0.129
13.0	0.174
11.0	0.1275
11.0	0.2375
7.0	0.045
7.0	0.155
10.0	0.037
20.0	0.2
11.0	0.062
10.0	0.2465
9.0	0.065
9.0	0.302
7.0	0.024
10.0	0.235
10.0	0.2115
10.0	0.3095
9.0	0.2235
9.0	0.26
11.0	0.3135
12.0	0.1315
10.0	0.3065
11.0	0.303
16.0	0.1685
16.0	0.286
11.0	0.189
9.0	0.2615
12.0	0.1315
10.0	0.4045
13.0	0.3835
6.0	0.105
13.0	0.203
11.0	0.149
10.0	0.2185
12.0	0.389
15.0	0.1015
9.0	0.034
14.0	0.107
8.0	0.068
7.0	0.043
5.0	0.0075
10.0	0.232
9.0	0.0375
11.0	0.315
12.0	0.2265
13.0	0.4915
10.0	0.117
11.0	0.4035
13.0	0.1455
9.0	0.1635
13.0	0.243
9.0	0.149
14.0	0.3025
6.0	0.1535
17.0	0.197
7.0	0.189
12.0	0.2065
11.0	0.3585
13.0	0.4505
12.0	0.153
11.0	0.182
6.0	0.143
8.0	0.2155
10.0	0.4865
16.0	0.27
11.0	0.038
9.0	0.2285
7.0	0.0055
9.0	0.166
10.0	0.2575
6.0	0.0195
15.0	0.296
12.0	0.1535
18.0	0.287
11.0	0.1985
12.0	0.1245
11.0	0.15
11.0	0.3115
16.0	0.3985
10.0	0.322
7.0	0.166
12.0	0.161
9.0	0.0515
14.0	0.189
9.0	0.312
7.0	0.117
10.0	0.197
12.0	0.142
12.0	0.257
11.0	0.3725
9.0	0.244
8.0	0.2195
15.0	0.101
15.0	0.212
7.0	0.034
17.0	0.229
20.0	0.168
11.0	0.55
11.0	0.247
9.0	0.0295
11.0	0.2865
11.0	0.226
11.0	0.225
11.0	0.28
15.0	0.2425
9.0	0.257
14.0	0.2045
8.0	0.0785
9.0	0.416
13.0	0.164
9.0	0.3005
13.0	0.1625
10.0	0.258
22.0	0.13
16.0	0.1945
9.0	0.288
6.0	0.0385
12.0	0.3215
9.0	0.0795
14.0	0.3085
5.0	0.0565
12.0	0.1665
10.0	0.1615
9.0	0.201
11.0	0.1685
9.0	0.249
8.0	0.111
10.0	0.272
9.0	0.1915
10.0	0.1185
9.0	0.1215
10.0	0.199
16.0	0.1545
9.0	0.1275
7.0	0.1395
8.0	0.144
13.0	0.168
12.0	0.221
17.0	0.1395
13.0	0.2975
12.0	0.4695
10.0	0.3125
13.0	0.478
16.0	0.182
9.0	0.1625
7.0	0.1395
14.0	0.2115
10.0	0.2695
9.0	0.069
6.0	0.039
17.0	0.146
9.0	0.1965
8.0	0.1705
14.0	0.2
11.0	0.293
8.0	0.1805
8.0	0.1045
10.0	0.2225
10.0	0.1825
10.0	0.0675
12.0	0.2985
5.0	0.0215
14.0	0.1435
8.0	0.053
11.0	0.2935
7.0	0.0255
10.0	0.2785
8.0	0.113
13.0	0.136
9.0	0.1385
9.0	0.2145
22.0	0.327
13.0	0.254
10.0	0.388
12.0	0.0785
10.0	0.2835
8.0	0.274
9.0	0.156
10.0	0.3715
11.0	0.1125
15.0	0.318
9.0	0.16
12.0	0.2705
14.0	0.1315
14.0	0.483
19.0	0.435
8.0	0.196
6.0	0.1405
10.0	0.2335
9.0	0.0965
11.0	0.4305
12.0	0.213
9.0	0.242
10.0	0.1665
13.0	0.2965
8.0	0.1975
9.0	0.2455
13.0	0.16
8.0	0.199
6.0	0.04
11.0	0.5115
10.0	0.2065
10.0	0.1165
17.0	0.304
10.0	0.2075
13.0	0.0935
8.0	0.053
15.0	0.1675
10.0	0.2245
10.0	0.2975
13.0	0.408
8.0	0.1725
9.0	0.1385
13.0	0.2735
14.0	0.384
8.0	0.2005
10.0	0.333
8.0	0.1475
10.0	0.315
10.0	0.379
10.0	0.3595
13.0	0.174
11.0	0.4205
9.0	0.0815
11.0	0.5225
10.0	0.3845
10.0	0.482
9.0	0.261
12.0	0.223
10.0	0.115
9.0	0.158
10.0	0.271
9.0	0.2545
7.0	0.085
10.0	0.188
15.0	0.219
11.0	0.262
10.0	0.0705
11.0	0.2345
13.0	0.1955
11.0	0.5745
16.0	0.179
9.0	0.2285
10.0	0.1205
10.0	0.21
10.0	0.037
11.0	0.1075
11.0	0.144
6.0	0.0505
8.0	0.0285
8.0	0.165
12.0	0.1785
10.0	0.217
10.0	0.1355
10.0	0.1965
9.0	0.1765
13.0	0.208
10.0	0.2995
8.0	0.12
9.0	0.305
9.0	0.317
8.0	0.1425
8.0	0.2175
8.0	0.1945
5.0	0.008
8.0	0.1015
9.0	0.041
10.0	0.2705
8.0	0.1625
17.0	0.2185
11.0	0.128
10.0	0.3365
12.0	0.336
9.0	0.173
9.0	0.298
11.0	0.3365
8.0	0.231
9.0	0.305
10.0	0.2145
14.0	0.337
9.0	0.1605
8.0	0.2615
8.0	0.201
9.0	0.1835
11.0	0.2425
12.0	0.1955
14.0	0.1795
10.0	0.2385
11.0	0.253
10.0	0.115
9.0	0.155
10.0	0.1015
15.0	0.2205
10.0	0.1035
12.0	0.408
17.0	0.2355
9.0	0.0585
8.0	0.2495
10.0	0.2455
9.0	0.314
8.0	0.124
10.0	0.145
9.0	0.198
7.0	0.1015
17.0	0.2815
13.0	0.1645
10.0	0.1675
10.0	0.299
8.0	0.188
19.0	0.184
19.0	0.1365
12.0	0.3765
10.0	0.081
13.0	0.306
9.0	0.2
16.0	0.1725
7.0	0.102
11.0	0.297
9.0	0.1815
10.0	0.3615
10.0	0.2775
14.0	0.339
10.0	0.2955
13.0	0.2315
18.0	0.289
11.0	0.17
19.0	0.244
9.0	0.209
13.0	0.413
9.0	0.063
12.0	0.081
11.0	0.2845
9.0	0.1045
9.0	0.2395
15.0	0.238
12.0	0.418
9.0	0.135
9.0	0.2455
10.0	0.271
9.0	0.3195
15.0	0.2325
10.0	0.096
7.0	0.1545
10.0	0.2075
23.0	0.156
13.0	0.1635
9.0	0.1395
11.0	0.299
14.0	0.3285
8.0	0.136
8.0	0.1895
9.0	0.265
9.0	0.0525
11.0	0.2385
12.0	0.2105
10.0	0.273
15.0	0.183
10.0	0.268
8.0	0.12
11.0	0.23
11.0	0.183
11.0	0.306
11.0	0.2555
9.0	0.227
23.0	0.2945
8.0	0.127
15.0	0.096
9.0	0.2325
9.0	0.2695
11.0	0.061
9.0	0.2605
9.0	0.311
9.0	0.219
8.0	0.2925
12.0	0.2575
18.0	0.156
20.0	0.272
8.0	0.1855
11.0	0.383
10.0	0.381
8.0	0.0575
10.0	0.1865
10.0	0.247
11.0	0.4585
10.0	0.137
14.0	0.2565
9.0	0.086
10.0	0.2065
9.0	0.278
8.0	0.207
7.0	0.155
11.0	0.374
9.0	0.2745
10.0	0.2335
8.0	0.274
12.0	0.066
11.0	0.125
10.0	0.2095
8.0	0.0695
8.0	0.1315
9.0	0.197
10.0	0.159
10.0	0.0385
12.0	0.1525
9.0	0.353
10.0	0.225
9.0	0.3355
9.0	0.211
10.0	0.4385
11.0	0.205
9.0	0.072
10.0	0.391
8.0	0.1325
11.0	0.217
20.0	0.139
14.0	0.215
8.0	0.2265
17.0	0.3285
12.0	0.152
7.0	0.206
16.0	0.3205
17.0	0.258
11.0	0.36
18.0	0.233
11.0	0.168
13.0	0.292
11.0	0.3235
10.0	0.228
11.0	0.1335
16.0	0.3525
10.0	0.1515
9.0	0.0885
9.0	0.148
9.0	0.163
11.0	0.2425
6.0	0.051
12.0	0.2765
10.0	0.3
11.0	0.36
15.0	0.247
16.0	0.1445
11.0	0.247
13.0	0.2925
9.0	0.075
10.0	0.2025
9.0	0.171
10.0	0.1935
8.0	0.212
9.0	0.13
18.0	0.0565
7.0	0.156
13.0	0.204
11.0	0.18
10.0	0.308
9.0	0.2155
12.0	0.1805
10.0	0.1415
11.0	0.1655
10.0	0.313
11.0	0.293
13.0	0.2935
8.0	0.2275
8.0	0.215
7.0	0.087
10.0	0.176
10.0	0.248
6.0	0.0575
13.0	0.336
11.0	0.2705
6.0	0.1415
4.0	0.0135
8.0	0.1715
11.0	0.3135
16.0	0.1575
8.0	0.1965
17.0	0.278
10.0	0.2355
9.0	0.259
8.0	0.1175
9.0	0.2255
17.0	0.2445
18.0	0.1905
9.0	0.0385
14.0	0.1525
9.0	0.155
8.0	0.275
13.0	0.369
18.0	0.3035
14.0	0.19
11.0	0.3765
8.0	0.041
8.0	0.1345
10.0	0.043
8.0	0.1105
10.0	0.2565
10.0	0.2695
9.0	0.119
4.0	0.006
10.0	0.3935
7.0	0.0485
14.0	0.158
9.0	0.2005
12.0	0.411
9.0	0.1365
10.0	0.2575
12.0	0.2635
10.0	0.182
9.0	0.426
9.0	0.147
18.0	0.332
10.0	0.2685
11.0	0.2565
9.0	0.0515
11.0	0.3255
13.0	0.237
12.0	0.6415
15.0	0.346
11.0	0.385
7.0	0.149
9.0	0.2905
11.0	0.3845
8.0	0.183
18.0	0.196
11.0	0.241
10.0	0.222
11.0	0.318
11.0	0.097
7.0	0.018
13.0	0.4425
10.0	0.1625
11.0	0.3245
8.0	0.1465
7.0	0.099
10.0	0.163
11.0	0.223
12.0	0.244
11.0	0.245
8.0	0.1965
9.0	0.1245
13.0	0.1625
10.0	0.228
8.0	0.302
8.0	0.184
15.0	0.2775
10.0	0.2915
8.0	0.2435
9.0	0.221
9.0	0.1495
14.0	0.0925
10.0	0.045
7.0	0.1715
10.0	0.202
8.0	0.2425
8.0	0.0735
11.0	0.1695
11.0	0.258
11.0	0.448
11.0	0.187
10.0	0.034
10.0	0.282
11.0	0.4475
10.0	0.2315
8.0	0.32
12.0	0.29
9.0	0.171
10.0	0.1655
6.0	0.0345
8.0	0.3555
10.0	0.206
11.0	0.281
8.0	0.199
9.0	0.0675
8.0	0.1975
11.0	0.2385
11.0	0.3175
11.0	0.3575
14.0	0.388
11.0	0.2635
7.0	0.0265
8.0	0.1815
15.0	0.1805
10.0	0.4185
11.0	0.2615
10.0	0.173
7.0	0.1065
11.0	0.2625
12.0	0.421
11.0	0.357
9.0	0.2325
15.0	0.372
10.0	0.131
18.0	0.3575
20.0	0.2045
10.0	0.2555
10.0	0.2535
7.0	0.137
12.0	0.232
9.0	0.2225
3.0	0.0085
9.0	0.083
11.0	0.269
11.0	0.242
8.0	0.096
11.0	0.3
14.0	0.2175
8.0	0.2685
9.0	0.2295
10.0	0.272
8.0	0.172
15.0	0.2785
9.0	0.0655
9.0	0.2775
11.0	0.1795
10.0	0.1225
10.0	0.2145
8.0	0.248
10.0	0.2565
11.0	0.3405
10.0	0.351
10.0	0.202
10.0	0.2165
10.0	0.2565
9.0	0.087
10.0	0.3905
17.0	0.2185
13.0	0.205
10.0	0.265
10.0	0.2195
8.0	0.205
9.0	0.2625
10.0	0.1285
14.0	0.193
9.0	0.142
11.0	0.033
11.0	0.4095
9.0	0.2315
14.0	0.2105
7.0	0.0105
10.0	0.242
13.0	0.142
10.0	0.228
7.0	0.1935
10.0	0.3645
11.0	0.2075
13.0	0.134
7.0	0.0915
11.0	0.403
9.0	0.1145
12.0	0.09
9.0	0.2175
10.0	0.3045
10.0	0.164
9.0	0.195
7.0	0.263
11.0	0.1735
9.0	0.1885
10.0	0.201
10.0	0.302
15.0	0.44
12.0	0.4255
11.0	0.1275
12.0	0.2085
6.0	0.0265
8.0	0.0955
10.0	0.2015
8.0	0.211
16.0	0.3075
10.0	0.057
9.0	0.1595
12.0	0.1575
10.0	0.21
7.0	0.0285
11.0	0.157
9.0	0.168
7.0	0.0685
10.0	0.436
7.0	0.056
17.0	0.358
10.0	0.295
10.0	0.1955
10.0	0.1635
10.0	0.2145
10.0	0.1055
11.0	0.0365
10.0	0.3685
6.0	0.0495
9.0	0.256
13.0	0.3265
10.0	0.3775
9.0	0.258
17.0	0.1625
10.0	0.1265
12.0	0.2605
