6.0	0.185
11.0	0.419
8.0	0.4235
5.0	0.1225
5.0	0.0415
9.0	0.2595
6.0	0.0785
9.0	0.2375
6.0	0.119
7.0	0.0765
20.0	0.3935
9.0	0.2385
11.0	0.116
6.0	0.1165
7.0	0.108
7.0	0.2505
7.0	0.0905
5.0	0.0265
10.0	0.364
7.0	0.233
7.0	0.246
9.0	0.203
6.0	0.023
11.0	0.2165
4.0	0.02
9.0	0.201
6.0	0.052
10.0	0.2405
9.0	0.4675
10.0	0.295
7.0	0.192
10.0	0.331
10.0	0.3685
8.0	0.1795
8.0	0.151
8.0	0.1675
8.0	0.3045
6.0	0.076
10.0	0.322
9.0	0.0745
7.0	0.122
5.0	0.048
11.0	0.432
8.0	0.225
11.0	0.1425
7.0	0.1695
7.0	0.082
7.0	0.0715
6.0	0.1255
7.0	0.2335
5.0	0.0475
6.0	0.1005
4.0	0.0215
8.0	0.327
14.0	0.2745
5.0	0.044
11.0	0.2
8.0	0.123
8.0	0.3595
6.0	0.1635
6.0	0.0825
10.0	0.257
6.0	0.0745
7.0	0.1215
6.0	0.1575
4.0	0.0165
8.0	0.1895
6.0	0.211
11.0	0.134
7.0	0.259
5.0	0.026
6.0	0.065
6.0	0.037
8.0	0.31
6.0	0.2355
8.0	0.241
6.0	0.079
7.0	0.25
8.0	0.205
7.0	0.104
9.0	0.244
7.0	0.1355
3.0	0.0065
7.0	0.2325
8.0	0.205
4.0	0.027
5.0	0.0205
4.0	0.019
7.0	0.2175
8.0	0.0795
8.0	0.1885
9.0	0.53
5.0	0.041
15.0	0.2105
8.0	0.3065
7.0	0.218
7.0	0.187
4.0	0.051
8.0	0.3495
9.0	0.379
6.0	0.138
7.0	0.097
6.0	0.1005
8.0	0.271
10.0	0.378
9.0	0.3275
6.0	0.13
8.0	0.278
4.0	0.021
4.0	0.0125
7.0	0.1185
11.0	0.3675
6.0	0.0695
4.0	0.013
5.0	0.1445
7.0	0.0705
14.0	0.1975
7.0	0.0675
5.0	0.034
8.0	0.486
7.0	0.159
6.0	0.175
6.0	0.031
8.0	0.25
6.0	0.1
8.0	0.2375
13.0	0.4335
4.0	0.0285
13.0	0.1355
6.0	0.1945
9.0	0.2615
15.0	0.2865
7.0	0.181
13.0	0.122
3.0	0.031
8.0	0.1775
9.0	0.1535
6.0	0.166
5.0	0.027
7.0	0.1575
6.0	0.1405
8.0	0.358
14.0	0.4435
7.0	0.176
9.0	0.229
11.0	0.446
9.0	0.45
10.0	0.097
5.0	0.0445
8.0	0.164
10.0	0.3025
8.0	0.1485
4.0	0.02
7.0	0.172
9.0	0.239
6.0	0.143
7.0	0.0945
9.0	0.2805
9.0	0.2705
5.0	0.1025
6.0	0.045
9.0	0.094
6.0	0.115
10.0	0.362
8.0	0.105
8.0	0.195
6.0	0.0655
10.0	0.134
13.0	0.2865
7.0	0.181
8.0	0.258
4.0	0.034
6.0	0.1705
11.0	0.379
7.0	0.0975
5.0	0.0785
8.0	0.215
9.0	0.4
17.0	0.398
6.0	0.1265
7.0	0.1755
9.0	0.231
6.0	0.2645
7.0	0.157
8.0	0.1855
6.0	0.075
19.0	0.2415
6.0	0.168
6.0	0.0815
8.0	0.038
6.0	0.0775
10.0	0.4725
6.0	0.115
8.0	0.092
8.0	0.3465
9.0	0.162
7.0	0.139
7.0	0.1045
8.0	0.1495
7.0	0.157
9.0	0.2625
10.0	0.3755
9.0	0.2895
6.0	0.0915
6.0	0.055
6.0	0.08
10.0	0.3395
6.0	0.1255
8.0	0.35
6.0	0.188
5.0	0.0605
10.0	0.3155
8.0	0.0865
5.0	0.037
6.0	0.093
7.0	0.424
8.0	0.1395
6.0	0.209
13.0	0.0635
8.0	0.2065
12.0	0.1685
7.0	0.0405
10.0	0.167
9.0	0.179
7.0	0.156
6.0	0.1
12.0	0.1555
8.0	0.195
7.0	0.0565
7.0	0.1405
7.0	0.129
4.0	0.031
7.0	0.1865
10.0	0.488
5.0	0.08
8.0	0.2215
9.0	0.287
17.0	0.312
11.0	0.3045
5.0	0.009
10.0	0.2985
14.0	0.55
5.0	0.04
6.0	0.124
6.0	0.2055
7.0	0.0995
10.0	0.305
8.0	0.2355
8.0	0.141
10.0	0.2825
7.0	0.167
7.0	0.261
5.0	0.056
8.0	0.3975
6.0	0.041
9.0	0.2715
6.0	0.1105
4.0	0.011
10.0	0.3915
7.0	0.0815
7.0	0.0915
8.0	0.214
14.0	0.404
14.0	0.3075
7.0	0.23
9.0	0.2005
7.0	0.2225
4.0	0.0275
5.0	0.0385
8.0	0.201
8.0	0.1125
7.0	0.1515
7.0	0.177
11.0	0.329
5.0	0.0365
6.0	0.1335
11.0	0.6025
6.0	0.0775
7.0	0.0825
14.0	0.1965
8.0	0.2935
8.0	0.0825
6.0	0.0345
10.0	0.402
10.0	0.233
9.0	0.2115
4.0	0.042
18.0	0.597
9.0	0.1635
8.0	0.1985
7.0	0.131
7.0	0.2165
6.0	0.363
8.0	0.2385
7.0	0.311
8.0	0.2435
6.0	0.1325
10.0	0.347
9.0	0.245
13.0	0.1735
18.0	0.2175
9.0	0.321
16.0	0.6255
6.0	0.119
10.0	0.2495
5.0	0.085
8.0	0.349
7.0	0.0475
8.0	0.1525
8.0	0.1825
9.0	0.1905
8.0	0.264
6.0	0.1245
9.0	0.438
8.0	0.1325
8.0	0.2855
17.0	0.5805
9.0	0.0935
7.0	0.209
5.0	0.077
7.0	0.305
8.0	0.1
7.0	0.0595
8.0	0.416
7.0	0.0565
7.0	0.38
8.0	0.15
8.0	0.1305
8.0	0.129
6.0	0.097
8.0	0.3075
9.0	0.3325
8.0	0.097
8.0	0.3425
8.0	0.0985
9.0	0.2505
7.0	0.1005
9.0	0.1685
7.0	0.0725
4.0	0.0125
18.0	0.3585
6.0	0.097
6.0	0.16
10.0	0.2075
8.0	0.1695
9.0	0.215
7.0	0.198
8.0	0.2535
5.0	0.1205
10.0	0.2085
6.0	0.09
10.0	0.123
6.0	0.159
7.0	0.112
6.0	0.0205
6.0	0.075
7.0	0.135
5.0	0.0585
6.0	0.0565
6.0	0.206
7.0	0.1865
6.0	0.1895
7.0	0.2035
7.0	0.098
8.0	0.2945
6.0	0.1125
6.0	0.1
8.0	0.1135
8.0	0.167
3.0	0.007
9.0	0.547
7.0	0.1
9.0	0.495
11.0	0.4265
7.0	0.234
9.0	0.1515
11.0	0.2975
11.0	0.0935
7.0	0.089
7.0	0.1245
7.0	0.21
6.0	0.103
8.0	0.255
6.0	0.063
11.0	0.332
9.0	0.3095
5.0	0.495
7.0	0.2555
8.0	0.0855
10.0	0.3535
5.0	0.0545
8.0	0.0955
14.0	0.0915
11.0	0.2005
8.0	0.115
10.0	0.213
12.0	0.3995
7.0	0.071
9.0	0.2205
5.0	0.0405
8.0	0.2835
7.0	0.165
9.0	0.2875
6.0	0.097
6.0	0.065
7.0	0.0945
7.0	0.173
9.0	0.223
9.0	0.2585
8.0	0.3395
8.0	0.21
8.0	0.1525
13.0	0.4675
8.0	0.152
9.0	0.3975
8.0	0.377
9.0	0.198
9.0	0.3315
15.0	0.6025
6.0	0.157
6.0	0.022
7.0	0.174
7.0	0.096
6.0	0.2015
9.0	0.3715
6.0	0.0925
11.0	0.1675
6.0	0.151
9.0	0.2815
8.0	0.234
11.0	0.321
7.0	0.165
6.0	0.254
14.0	0.2725
13.0	0.3265
8.0	0.2465
10.0	0.3525
10.0	0.307
8.0	0.298
7.0	0.221
8.0	0.268
7.0	0.0985
8.0	0.037
14.0	0.1375
7.0	0.102
7.0	0.1445
4.0	0.0345
8.0	0.2015
13.0	0.175
12.0	0.191
1.0	0.001
9.0	0.109
7.0	0.2315
10.0	0.1145
11.0	0.507
15.0	0.214
9.0	0.6035
8.0	0.253
5.0	0.0105
5.0	0.052
7.0	0.1725
9.0	0.304
6.0	0.0835
9.0	0.3285
10.0	0.08
13.0	0.2705
8.0	0.358
7.0	0.169
7.0	0.072
8.0	0.2505
3.0	0.015
9.0	0.2115
8.0	0.2205
7.0	0.153
8.0	0.353
9.0	0.269
5.0	0.039
6.0	0.2385
7.0	0.274
6.0	0.116
5.0	0.046
6.0	0.0715
7.0	0.07
5.0	0.0255
11.0	0.1895
3.0	0.0055
7.0	0.213
6.0	0.039
10.0	0.2555
6.0	0.068
10.0	0.5165
8.0	0.045
11.0	0.1775
7.0	0.1145
8.0	0.201
8.0	0.204
7.0	0.1575
7.0	0.0565
10.0	0.3065
7.0	0.058
4.0	0.019
7.0	0.073
8.0	0.252
8.0	0.0885
7.0	0.0865
7.0	0.0945
7.0	0.105
10.0	0.3525
7.0	0.0855
8.0	0.3175
6.0	0.0505
5.0	0.096
9.0	0.3795
9.0	0.2605
7.0	0.2025
11.0	0.3155
9.0	0.222
8.0	0.2025
6.0	0.075
6.0	0.0205
6.0	0.1895
7.0	0.1255
7.0	0.114
9.0	0.208
7.0	0.095
4.0	0.0175
6.0	0.196
11.0	0.3845
14.0	0.1615
8.0	0.197
6.0	0.1045
9.0	0.436
8.0	0.053
8.0	0.239
5.0	0.1505
12.0	0.4935
9.0	0.308
16.0	0.17
5.0	0.0685
5.0	0.0245
7.0	0.0645
7.0	0.118
10.0	0.0705
13.0	0.2075
8.0	0.1265
6.0	0.049
13.0	0.3775
7.0	0.104
13.0	0.216
6.0	0.0155
8.0	0.196
9.0	0.222
8.0	0.332
8.0	0.1185
8.0	0.0435
8.0	0.3015
10.0	0.2955
4.0	0.0055
7.0	0.106
6.0	0.106
8.0	0.3945
7.0	0.083
7.0	0.267
9.0	0.3905
9.0	0.3455
8.0	0.194
5.0	0.008
7.0	0.239
6.0	0.0165
7.0	0.1675
8.0	0.175
9.0	0.3725
8.0	0.25
10.0	0.412
7.0	0.138
13.0	0.267
9.0	0.3045
11.0	0.3225
5.0	0.062
10.0	0.449
11.0	0.229
10.0	0.3615
5.0	0.058
6.0	0.08
6.0	0.0675
5.0	0.053
6.0	0.127
21.0	0.3845
9.0	0.3305
6.0	0.037
7.0	0.2025
5.0	0.026
12.0	0.306
4.0	0.012
8.0	0.135
6.0	0.102
7.0	0.238
10.0	0.3125
8.0	0.212
11.0	0.2245
6.0	0.1095
20.0	0.299
7.0	0.169
6.0	0.036
11.0	0.078
9.0	0.334
10.0	0.4865
8.0	0.17
10.0	0.1565
12.0	0.5285
8.0	0.325
4.0	0.0295
13.0	0.337
8.0	0.197
8.0	0.31
11.0	0.262
8.0	0.279
6.0	0.1155
6.0	0.1375
7.0	0.3655
9.0	0.445
5.0	0.1385
8.0	0.092
16.0	0.3005
7.0	0.219
7.0	0.1265
8.0	0.3015
7.0	0.2795
6.0	0.19
9.0	0.21
11.0	0.5865
7.0	0.078
7.0	0.1655
10.0	0.095
8.0	0.0565
7.0	0.084
6.0	0.05
6.0	0.1575
9.0	0.161
6.0	0.1455
7.0	0.0605
8.0	0.134
10.0	0.3285
9.0	0.256
9.0	0.2165
7.0	0.231
13.0	0.4145
8.0	0.2165
6.0	0.051
12.0	0.572
5.0	0.0425
7.0	0.1945
6.0	0.1315
7.0	0.225
5.0	0.169
11.0	0.1845
5.0	0.0215
8.0	0.211
11.0	0.383
5.0	0.0145
4.0	0.012
8.0	0.3165
8.0	0.2385
6.0	0.2075
4.0	0.03
7.0	0.13
9.0	0.32
7.0	0.1615
6.0	0.188
12.0	0.643
5.0	0.09
4.0	0.0075
6.0	0.0595
8.0	0.261
10.0	0.083
10.0	0.354
7.0	0.108
7.0	0.1255
8.0	0.14
8.0	0.261
11.0	0.0905
7.0	0.0615
6.0	0.219
7.0	0.0875
12.0	0.1165
5.0	0.04
11.0	0.1365
7.0	0.1385
4.0	0.0875
7.0	0.195
12.0	0.2985
10.0	0.4675
6.0	0.054
8.0	0.2375
8.0	0.1785
8.0	0.14
7.0	0.1645
11.0	0.12
9.0	0.3285
6.0	0.352
6.0	0.0745
8.0	0.34
6.0	0.098
5.0	0.164
8.0	0.339
8.0	0.292
6.0	0.1645
7.0	0.096
7.0	0.217
8.0	0.163
5.0	0.0665
8.0	0.036
11.0	0.3055
12.0	0.2745
8.0	0.072
8.0	0.2275
9.0	0.268
8.0	0.211
18.0	0.185
7.0	0.237
9.0	0.3485
9.0	0.481
8.0	0.32
6.0	0.081
7.0	0.281
8.0	0.294
7.0	0.1665
8.0	0.248
7.0	0.0895
7.0	0.1615
6.0	0.163
7.0	0.1275
5.0	0.057
9.0	0.138
6.0	0.115
8.0	0.3355
5.0	0.044
7.0	0.0765
8.0	0.2695
13.0	0.3015
6.0	0.0595
8.0	0.373
7.0	0.0305
5.0	0.0215
11.0	0.3685
7.0	0.1215
6.0	0.0955
8.0	0.3815
3.0	0.018
5.0	0.0335
13.0	0.16
8.0	0.2295
8.0	0.2895
5.0	0.105
9.0	0.348
8.0	0.453
8.0	0.2075
7.0	0.173
8.0	0.358
8.0	0.251
10.0	0.7735
6.0	0.11
9.0	0.4495
8.0	0.2
4.0	0.025
9.0	0.1935
9.0	0.2175
5.0	0.0215
9.0	0.22
6.0	0.027
8.0	0.1605
9.0	0.1425
6.0	0.0735
7.0	0.2835
7.0	0.197
10.0	0.252
8.0	0.21
10.0	0.1535
7.0	0.2375
8.0	0.1125
9.0	0.1755
7.0	0.158
7.0	0.191
6.0	0.028
7.0	0.111
2.0	0.0045
10.0	0.181
8.0	0.171
5.0	0.0805
6.0	0.0615
6.0	0.208
3.0	0.0025
6.0	0.0675
10.0	0.2605
9.0	0.0485
9.0	0.3085
9.0	0.3195
10.0	0.4135
7.0	0.174
6.0	0.1595
7.0	0.0935
5.0	0.0185
6.0	0.0925
5.0	0.0425
8.0	0.2695
8.0	0.349
9.0	0.1575
9.0	0.1815
10.0	0.434
9.0	0.2925
12.0	0.3545
8.0	0.25
9.0	0.235
5.0	0.019
5.0	0.09
10.0	0.425
7.0	0.148
9.0	0.229
9.0	0.2525
8.0	0.2425
7.0	0.1185
8.0	0.112
9.0	0.345
3.0	0.0075
8.0	0.233
7.0	0.1705
7.0	0.1635
6.0	0.066
6.0	0.132
12.0	0.2745
6.0	0.052
7.0	0.222
10.0	0.1665
9.0	0.177
8.0	0.175
4.0	0.005
7.0	0.0485
8.0	0.1625
10.0	0.3845
7.0	0.159
8.0	0.12
7.0	0.156
10.0	0.428
9.0	0.071
9.0	0.2165
12.0	0.1405
8.0	0.245
6.0	0.047
9.0	0.3905
8.0	0.138
16.0	0.5485
9.0	0.215
8.0	0.111
11.0	0.6315
8.0	0.2065
11.0	0.414
9.0	0.1075
9.0	0.271
17.0	0.41
8.0	0.2505
7.0	0.1525
6.0	0.2965
9.0	0.248
16.0	0.21
9.0	0.328
8.0	0.2065
9.0	0.28
7.0	0.0915
6.0	0.026
5.0	0.074
11.0	0.198
6.0	0.058
15.0	0.4805
8.0	0.3035
8.0	0.082
8.0	0.25
6.0	0.167
6.0	0.063
9.0	0.419
9.0	0.354
9.0	0.3595
5.0	0.0075
4.0	0.0135
7.0	0.094
10.0	0.48
6.0	0.0815
8.0	0.2465
6.0	0.1165
5.0	0.0605
7.0	0.105
4.0	0.005
9.0	0.3475
4.0	0.059
7.0	0.14
7.0	0.0855
4.0	0.048
7.0	0.095
9.0	0.581
8.0	0.036
4.0	0.038
4.0	0.0345
7.0	0.0365
6.0	0.1385
5.0	0.096
6.0	0.0625
6.0	0.081
10.0	0.245
6.0	0.0775
4.0	0.0125
10.0	0.285
11.0	0.447
11.0	0.371
7.0	0.1555
7.0	0.2365
6.0	0.17
7.0	0.086
8.0	0.136
10.0	0.2095
9.0	0.265
13.0	0.358
9.0	0.3935
9.0	0.062
5.0	0.0105
7.0	0.126
6.0	0.009
9.0	0.1245
11.0	0.4535
9.0	0.2445
8.0	0.1135
7.0	0.0945
5.0	0.143
11.0	0.2775
6.0	0.084
5.0	0.088
6.0	0.056
8.0	0.3395
6.0	0.242
9.0	0.151
7.0	0.088
5.0	0.0475
10.0	0.3655
6.0	0.241
7.0	0.076
8.0	0.0785
8.0	0.1785
8.0	0.1235
7.0	0.043
6.0	0.0755
9.0	0.213
7.0	0.15
5.0	0.0415
6.0	0.095
6.0	0.126
6.0	0.064
9.0	0.2435
7.0	0.1255
6.0	0.181
9.0	0.495
7.0	0.2355
7.0	0.176
8.0	0.3595
13.0	0.715
10.0	0.4005
10.0	0.5495
11.0	0.2435
6.0	0.269
15.0	0.309
8.0	0.261
11.0	0.3375
8.0	0.1495
11.0	0.444
8.0	0.2235
3.0	0.0235
13.0	0.3385
5.0	0.066
7.0	0.233
10.0	0.4145
8.0	0.1525
11.0	0.2315
9.0	0.3535
9.0	0.5355
4.0	0.039
8.0	0.181
4.0	0.024
8.0	0.266
14.0	0.376
7.0	0.109
8.0	0.21
5.0	0.072
12.0	0.335
10.0	0.482
8.0	0.2055
7.0	0.122
6.0	0.105
8.0	0.1765
10.0	0.2755
7.0	0.1635
9.0	0.182
8.0	0.063
8.0	0.115
9.0	0.1515
7.0	0.3045
9.0	0.2645
6.0	0.118
5.0	0.025
11.0	0.3695
5.0	0.0315
9.0	0.247
7.0	0.1725
10.0	0.403
7.0	0.0655
6.0	0.0675
7.0	0.147
8.0	0.1805
8.0	0.1975
7.0	0.1815
8.0	0.1415
10.0	0.2505
9.0	0.2985
7.0	0.118
3.0	0.0125
8.0	0.297
6.0	0.11
6.0	0.048
5.0	0.0295
19.0	0.1145
4.0	0.0235
7.0	0.0675
13.0	0.4215
8.0	0.0545
8.0	0.294
6.0	0.108
8.0	0.2265
6.0	0.1065
9.0	0.3205
9.0	0.3115
6.0	0.0565
7.0	0.086
7.0	0.114
7.0	0.078
7.0	0.117
7.0	0.2085
8.0	0.191
9.0	0.341
7.0	0.109
9.0	0.31
14.0	0.2715
8.0	0.2835
11.0	0.6725
9.0	0.188
4.0	0.005
8.0	0.0845
8.0	0.1215
9.0	0.2615
10.0	0.1025
8.0	0.4955
7.0	0.2855
6.0	0.1075
12.0	0.369
8.0	0.249
9.0	0.273
7.0	0.2365
7.0	0.1795
7.0	0.139
8.0	0.289
8.0	0.334
6.0	0.143
8.0	0.288
7.0	0.2935
8.0	0.2375
10.0	0.232
6.0	0.1545
11.0	0.3745
6.0	0.0425
7.0	0.095
7.0	0.045
5.0	0.0285
6.0	0.097
9.0	0.303
7.0	0.128
4.0	0.0415
9.0	0.1425
9.0	0.3055
8.0	0.106
6.0	0.1655
8.0	0.2135
7.0	0.1155
6.0	0.164
5.0	0.06
5.0	0.141
8.0	0.175
8.0	0.1815
12.0	0.1815
16.0	0.159
10.0	0.1685
7.0	0.0895
7.0	0.0425
8.0	0.414
5.0	0.076
7.0	0.1525
4.0	0.0075
9.0	0.1895
6.0	0.063
7.0	0.11
7.0	0.175
6.0	0.036
8.0	0.4525
7.0	0.1625
4.0	0.0095
8.0	0.3985
7.0	0.0875
4.0	0.0065
9.0	0.071
9.0	0.2965
8.0	0.2875
17.0	0.495
6.0	0.114
9.0	0.1765
4.0	0.0445
5.0	0.0345
11.0	0.3745
5.0	0.07
7.0	0.2205
9.0	0.2155
6.0	0.0755
7.0	0.056
7.0	0.0785
9.0	0.346
4.0	0.0155
7.0	0.098
8.0	0.3445
8.0	0.345
8.0	0.2055
8.0	0.2525
7.0	0.152
6.0	0.1335
6.0	0.065
7.0	0.0885
7.0	0.119
5.0	0.017
10.0	0.3695
6.0	0.0935
8.0	0.38
9.0	0.245
7.0	0.2015
10.0	0.364
18.0	0.5305
8.0	0.27
7.0	0.306
6.0	0.0575
8.0	0.1385
8.0	0.073
7.0	0.175
6.0	0.03
10.0	0.2555
11.0	0.193
15.0	0.5265
10.0	0.3015
6.0	0.0295
10.0	0.4325
7.0	0.1545
7.0	0.248
8.0	0.1645
8.0	0.372
10.0	0.28
4.0	0.05
8.0	0.3095
8.0	0.362
6.0	0.0575
6.0	0.123
6.0	0.1015
8.0	0.3015
8.0	0.149
7.0	0.155
6.0	0.053
8.0	0.141
12.0	0.245
5.0	0.0545
8.0	0.293
6.0	0.14
8.0	0.2145
9.0	0.2845
9.0	0.213
9.0	0.4555
7.0	0.2125
6.0	0.096
5.0	0.435
7.0	0.0875
6.0	0.0265
9.0	0.182
6.0	0.3375
10.0	0.45
9.0	0.2365
9.0	0.1515
6.0	0.108
6.0	0.056
5.0	0.011
10.0	0.358
8.0	0.2735
7.0	0.09
7.0	0.096
11.0	0.5255
8.0	0.3475
9.0	0.066
9.0	0.3705
5.0	0.039
13.0	0.163
11.0	0.315
8.0	0.1385
10.0	0.439
9.0	0.1575
6.0	0.229
7.0	0.057
8.0	0.1295
10.0	0.339
17.0	0.4285
8.0	0.053
9.0	0.369
7.0	0.0625
8.0	0.187
9.0	0.2895
5.0	0.028
7.0	0.1305
11.0	0.184
7.0	0.036
7.0	0.3285
7.0	0.1105
8.0	0.2755
11.0	0.2925
12.0	0.1845
6.0	0.2235
10.0	0.3135
8.0	0.2455
5.0	0.073
5.0	0.028
8.0	0.2255
8.0	0.1745
4.0	0.0455
15.0	0.2085
17.0	0.3685
3.0	0.0045
9.0	0.057
6.0	0.1825
7.0	0.2185
7.0	0.18
10.0	0.565
9.0	0.3005
8.0	0.156
7.0	0.1645
6.0	0.122
6.0	0.0585
6.0	0.0725
9.0	0.32
5.0	0.039
7.0	0.103
9.0	0.326
7.0	0.131
8.0	0.2825
9.0	0.2945
6.0	0.1185
8.0	0.0395
7.0	0.1505
6.0	0.0515
6.0	0.0945
8.0	0.2415
6.0	0.093
9.0	0.1605
8.0	0.2485
15.0	0.2105
5.0	0.0415
5.0	0.0415
6.0	0.194
5.0	0.059
5.0	0.065
4.0	0.0095
15.0	0.2315
10.0	0.302
5.0	0.0115
9.0	0.2945
8.0	0.207
8.0	0.0865
16.0	0.383
6.0	0.079
6.0	0.0585
10.0	0.1285
7.0	0.059
8.0	0.238
8.0	0.1755
6.0	0.0255
6.0	0.072
8.0	0.4005
7.0	0.2285
7.0	0.196
9.0	0.1485
6.0	0.0545
9.0	0.1885
7.0	0.3265
11.0	0.288
5.0	0.021
3.0	0.0125
7.0	0.04
6.0	0.0375
8.0	0.135
8.0	0.279
7.0	0.1925
8.0	0.259
8.0	0.1875
9.0	0.124
4.0	0.0305
7.0	0.2745
8.0	0.226
6.0	0.115
7.0	0.2355
8.0	0.2545
7.0	0.1065
7.0	0.0965
14.0	0.3795
4.0	0.0135
9.0	0.052
5.0	0.079
11.0	0.5515
7.0	0.162
8.0	0.368
9.0	0.437
7.0	0.2595
8.0	0.2005
9.0	0.111
8.0	0.077
12.0	0.2
7.0	0.279
8.0	0.196
9.0	0.0695
6.0	0.081
13.0	0.276
7.0	0.0935
11.0	0.284
8.0	0.171
7.0	0.167
8.0	0.296
11.0	0.242
8.0	0.124
9.0	0.229
