0.0989	7.75705766677856
0.3467	12.6986122131348
0.0468	10.0461168289185
0.0103	8.57492637634277
0.5875	7.1898136138916
0.5578	11.8871488571167
0.1811	0.777874350547791
0.4925	6.09644746780396
0.0037	8.91317462921143
0.281	8.44569969177246
0.5689	18.6858921051025
0.1168	66.2126083374023
0.407	41.5536155700684
0.4733	71.4581909179688
0.1779	8.40236759185791
0.1767	1.09899365901947
0.0002	8.95455932617188
0.2082	60.7003288269043
0.3454	41.8673362731934
0.3122	7.60210609436035
0.0827	7.2127537727356
0.4706	65.1215057373047
0.6388	0.793960154056549
0.305	4.78786039352417
0.1245	6.72588682174683
0.3481	5.61456203460693
0.3539	0.568732082843781
0.0052	8.86943912506104
0.033	8.93122673034668
0.0322	85.767219543457
0.0333	7.32973051071167
0.4315	52.125373840332
0.2774	25.5793495178223
0.3265	2.76970624923706
0.4919	8.92984008789063
0.5375	0.291427195072174
0.5871	9.12295913696289
0.119	2.03895115852356
0.1164	9.22915267944336
0.04	9.06539344787598
0.1385	2.01223564147949
0.5556	8.5151891708374
0.021	26.9755249023438
0.3919	1.06044483184814
0.5547	5.9659423828125
0.6114	0.550437271595001
0.0171	5.17602920532227
0.3828	3.80469703674316
0.6159	0.638437032699585
0.6903	4.26730155944824
0.4061	8.971022605896
0.1716	7.78142356872559
0.4747	16.4673442840576
0.1231	82.904182434082
0.4807	5.81847906112671
0.4747	9.88354301452637
0.0586	8.90371322631836
0.4524	15.1133584976196
0.3285	2.56957149505615
0.6295	1.78198826313019
0.1227	26.9059562683105
0.0009	8.93798637390137
0.473	5.24150419235229
0.4633	2.51909756660461
0.6189	7.98786067962646
0.5347	2.07762384414673
0.2405	54.2729454040527
0.2652	8.90645790100098
0.2232	6.71973371505737
0.1235	0.323365747928619
0.209	1.59171462059021
0.2003	56.5886497497559
0.0892	60.3188133239746
0.1877	2.09384298324585
0.552	0.788560688495636
0.1327	84.5788803100586
0.3282	3.02409982681274
0.6983	0.727527797222137
0.0465	3.58114147186279
0.135	4.43028163909912
0.0539	8.6558895111084
0.6286	7.80296182632446
0.0287	8.94078636169434
0.6698	12.3674468994141
0.2008	8.92063140869141
0.0149	8.6780252456665
0.134	7.717444896698
0.3691	27.446569442749
0.0609	8.91543292999268
0.2138	14.6384792327881
0.6127	6.64654874801636
0.3687	7.31290721893311
0.465	4.44308567047119
0.2086	50.6432723999023
0.451	6.78083562850952
0.1166	5.28768491744995
0.7105	63.1367988586426
0.0344	8.73232936859131
0.2584	5.66516494750977
0.3965	26.790470123291
0.0012	20.2132091522217
0.4403	53.3697700500488
0.3875	5.7126784324646
0.2458	4.45597267150879
0.1488	5.93711090087891
0.6859	32.3762626647949
0.5621	2.99998235702515
0.0409	12.9118900299072
0.3901	18.5932388305664
0.1002	8.72343444824219
0.273	15.0569763183594
0.0127	26.0232009887695
0.3982	76.651123046875
0.2769	41.1582565307617
0.1007	7.35918235778809
0.4323	21.1484832763672
0.3023	0.822512447834015
0.4556	97.1979675292969
0.1604	1.24097633361816
0.3761	16.8248119354248
0.404	10.883264541626
0.1105	66.1699523925781
0.1353	91.5993881225586
0.3241	2.20776462554932
0.2116	5.06048774719238
0.2778	6.88259553909302
0.4777	11.8062314987183
0.1168	6.00194072723389
0.297	8.83355522155762
0.4783	82.1690826416016
0.4912	0.291139990091324
0.0	0.0
0.5862	0.526410341262817
0.1471	10.7427701950073
0.0919	6.37366151809692
0.7481	99.9869995117188
0.5953	2.07273626327515
0.0468	23.4460182189941
0.3025	9.6765251159668
0.1531	66.1370468139648
0.7298	14.1090326309204
0.122	13.1419429779053
0.1097	8.6570405960083
0.2756	6.81762313842773
0.1874	7.27760696411133
0.4463	15.7692079544067
0.5199	15.6033563613892
0.1543	8.13167572021484
0.4234	58.7706451416016
0.0207	8.74247646331787
0.3654	8.86668491363525
0.0048	28.3782348632813
0.1271	0.924518525600433
0.0718	15.915807723999
0.0633	8.93321704864502
0.2788	2.75027370452881
0.1499	8.59204959869385
0.3885	9.51444625854492
0.0179	7.64141750335693
0.1316	14.4936237335205
0.082	6.65797662734985
0.0705	11.3683748245239
0.1198	6.80624341964722
0.1893	8.88215923309326
0.2161	15.1481771469116
0.1939	11.4883098602295
0.4993	58.7830657958984
0.0768	8.88690376281738
0.1163	12.5673389434814
0.2534	22.1277656555176
0.3227	33.8890419006348
0.3802	6.02807331085205
0.2786	8.94027805328369
0.083	8.91620635986328
0.2168	44.2565994262695
0.1899	9.45948791503906
0.2645	4.55297088623047
0.2392	7.20349025726318
0.6524	5.39929342269897
0.2861	6.68406248092651
0.0	0.0
0.5816	0.291756689548492
0.183	98.3292236328125
0.0792	8.87896060943604
0.1481	43.9650802612305
0.021	8.91894340515137
0.0388	26.53857421875
0.3525	13.6690349578857
0.0556	24.0261516571045
0.188	8.44377994537354
0.1486	12.2809448242188
0.7032	51.7898406982422
0.0038	19.1290836334229
0.5454	0.722260475158691
0.0149	15.5872936248779
0.686	0.638932824134827
0.2525	8.93085384368896
0.2729	6.92211437225342
0.0074	8.7715368270874
0.5028	23.6722412109375
0.1054	8.62166881561279
0.7204	2.82444095611572
0.1368	3.97961521148682
0.5685	0.377201199531555
0.0034	8.94235992431641
0.1808	6.190505027771
0.1763	8.92405605316162
0.0945	6.44445610046387
0.3701	8.91052150726318
0.003	32.0348815917969
0.0162	34.6775588989258
0.016	8.89368724822998
0.617	0.812752425670624
0.2419	7.567063331604
0.0511	26.9614944458008
0.505	14.2154006958008
0.1579	3.40035152435303
0.1188	8.89527416229248
0.7282	53.9854888916016
0.2073	55.4096527099609
0.0582	43.7572784423828
0.3557	34.3362274169922
0.3409	9.28011703491211
0.1869	8.44753742218018
0.2617	8.67221641540527
0.3635	54.3092765808105
0.1111	8.46964550018311
0.732	0.74288147687912
0.146	0.293958872556686
0.4205	64.5708541870117
0.0481	21.6622714996338
0.0337	8.77831172943115
0.218	8.91513156890869
0.0494	8.64786911010742
0.0169	49.4813194274902
0.1716	99.7635650634766
0.6972	15.8400955200195
0.1953	1.34639120101929
0.2843	0.2921242415905
0.0307	8.63237953186035
0.1344	14.9537172317505
0.5392	0.0
0.3283	0.293040812015533
0.3245	80.8558883666992
0.0953	2.10285193702475e-07
0.4822	8.90167236328125
0.0566	17.3374843597412
0.2765	29.9903163909912
0.2865	66.1912384033203
0.6938	80.2103729248047
0.0314	8.47945976257324
0.555	0.897709012031555
0.3265	21.8082790374756
0.1543	7.23073577880859
0.2199	4.57365274429321
0.0338	20.6774044036865
0.4701	1.05447244644165
0.2517	3.69631290435791
0.1412	3.04516363143921
0.6889	93.4955596923828
0.0475	41.7174301147461
0.6432	40.5768737792969
0.0048	24.3418884277344
0.5332	77.4823913574219
0.3789	8.91830539703369
0.0455	8.58037757873535
0.2694	8.75648498535156
0.2208	0.293913990259171
0.0434	7.59749889373779
0.7087	92.3259658813477
0.0135	25.0363178253174
0.1192	8.23906898498535
0.4803	8.93168067932129
0.0874	52.1034202575684
0.2786	23.7088661193848
0.441	98.7885971069336
0.5074	2.72737050056458
0.3144	2.9652054309845
0.4307	99.9049377441406
0.1399	14.1517343521118
0.322	9.39142036437988
0.5553	54.2642288208008
0.1455	5.4793267250061
0.0141	17.1490020751953
0.5781	9.99409198760986
0.2212	8.02403450012207
0.4445	2.55904150009155
0.1866	12.0643157958984
0.0874	8.5870418548584
0.0668	3.38720703125
0.2246	5.71587991714478
0.3672	2.43000650405884
0.0378	39.1071472167969
0.118	63.4606475830078
0.0929	74.4386367797852
0.0026	14.5301599502563
0.2125	25.4953575134277
0.6795	40.7072448730469
0.4823	5.6623706817627
0.5314	0.936695098876953
0.2131	8.43519687652588
0.6136	98.7574920654297
0.3714	2.21921563148499
0.64	0.63137674331665
0.4913	4.13043975830078
0.0457	16.4632816314697
0.5337	67.8591079711914
0.0525	2.46363544464111
0.2056	2.82541179656982
0.5902	2.11474466323853
0.0424	23.7207870483398
0.1338	8.85110187530518
0.3643	0.883501648902893
0.1529	2.90814781188965
0.2563	26.835111618042
0.6247	1.1566641330719
0.1715	5.02821207046509
0.7148	49.3401260375977
0.1996	9.08413791656494
0.3708	8.32230091094971
0.3143	1.89649224281311
0.1089	6.86506271362305
0.5001	6.71208953857422
0.0161	50.1394844055176
0.0	0.0
0.1424	9.05496025085449
0.2029	7.8235502243042
0.4167	4.09042406082153
0.0129	25.1647129058838
0.6406	2.52824330329895
0.3504	1.3977222442627
0.0309	8.41458320617676
0.041	8.87892723083496
0.5189	14.4530000686646
0.2733	78.3954544067383
0.4763	6.20387315750122
0.368	6.45443439483643
0.2349	8.49859619140625
0.5416	37.1749839782715
0.1686	7.68146705627441
0.1198	5.37494897842407
0.2018	2.32303547859192
0.0398	8.85660171508789
0.0142	8.94858169555664
0.3389	0.29127562046051
0.3634	5.10508441925049
0.1729	11.2358913421631
0.4232	3.35800647735596
0.4147	1.67509043216705
0.2418	12.411958694458
0.0046	8.86794471740723
0.4148	8.73956203460693
0.3715	60.414924621582
0.0253	9.35681247711182
0.4601	2.62955474853516
0.6898	38.2628288269043
0.2942	6.44602012634277
0.5893	67.7720565795898
0.1901	6.28465127944946
0.2951	2.0547080039978
0.0159	9.32888698577881
0.2504	4.77151918411255
0.1171	15.3208532333374
0.3593	6.27364349365234
0.0736	8.23367595672607
0.0242	8.69962501525879
0.0592	4.16097259521484
0.2405	7.50468730926514
0.0053	14.2238674163818
0.0526	5.67163753509521
0.2791	68.2049179077148
0.1632	6.72175312042236
0.498	14.3958358764648
0.3461	1.58754444122314
0.2533	99.9458847045898
0.451	26.5724411010742
0.1553	7.76784992218018
0.3064	25.6895790100098
0.3737	4.12173318862915
0.0772	3.62962007522583
0.0026	8.48571395874023
0.3207	2.80329918861389
0.6388	29.3732299804688
0.327	11.9285268783569
0.3773	13.6758489608765
0.046	8.87095928192139
0.2223	4.88563585281372
0.4077	6.82597732543945
0.3248	4.99728679656982
0.63	54.418701171875
0.1943	8.91177272796631
0.2837	12.3939409255981
0.0674	8.95413875579834
0.4122	7.84465312957764
0.2455	18.9425678253174
0.0	0.0
0.1309	4.33284044265747
0.0498	8.92540836334229
0.6209	61.0897903442383
0.6003	9.13879299163818
0.2305	2.66469144821167
0.4724	3.02217054367065
0.6281	0.739284515380859
0.0026	62.5162506103516
0.5421	5.48660326004028
0.4765	3.43324208259583
0.6879	0.528658747673035
0.6749	16.3342437744141
0.4109	6.30752801895142
0.251	60.6528472900391
0.1995	8.33717250823975
0.0654	62.9997367858887
0.1185	8.75247192382813
0.6474	33.4260215759277
0.45	7.03019428253174
0.3904	16.310474395752
0.0833	3.1184868812561
0.2817	9.97029399871826
0.5507	65.9771118164063
0.5937	0.817652344703674
0.0155	10.5898380279541
0.0117	50.0280303955078
0.632	66.4737777709961
0.5946	1.81898498535156
0.3213	8.9172306060791
0.328	3.9457631111145
0.2308	4.41762971878052
0.1338	32.7964782714844
0.1113	1.44230306148529
0.5513	8.93288993835449
0.7299	0.928274631500244
0.0224	26.7984561920166
0.0836	4.0282039642334
0.4519	4.85613536834717
0.7191	74.3803253173828
0.4102	4.76493358612061
0.6224	0.382150143384933
0.3911	3.5344820022583
0.1458	0.0
0.3329	2.59526538848877
0.0746	23.9763336181641
0.0	0.0
0.1671	5.74124765396118
0.4501	8.48941898345947
0.0016	8.95488739013672
0.4339	4.59949827194214
0.6673	40.4436569213867
0.5273	63.7626571655273
0.3688	83.7215576171875
0.0021	15.9154424667358
0.6219	14.7477827072144
0.2326	6.26740169525146
0.2028	27.154956817627
0.2517	7.88714361190796
0.5244	9.47724723815918
0.6103	1.16465437412262
0.0144	8.89485454559326
0.6406	41.7481422424316
0.2638	0.0
0.5179	1.69003367424011
0.1584	64.0310516357422
0.3265	2.69336795806885
0.1129	7.24676513671875
0.2413	0.271273016929626
0.3863	0.95657354593277
0.2077	5.43688058853149
0.4871	38.632698059082
0.4697	43.8033981323242
0.5574	0.285333782434464
0.3574	5.90198230743408
0.15	4.96050119400024
0.5962	0.796225547790527
0.3989	51.6650543212891
0.3166	0.342114418745041
0.192	8.8280611038208
0.2834	2.55399322509766
0.1157	8.04801464080811
0.0485	26.7759799957275
0.2838	5.25710153579712
0.5973	1.4270361661911
0.4203	97.7818756103516
0.3431	8.92879199981689
0.1803	6.9486665725708
0.6034	1.22598731517792
0.0025	44.695915222168
0.0343	26.9447689056396
0.4761	5.46833610534668
0.3229	11.5797672271729
0.39	2.9442663192749
0.3025	8.59252452850342
0.4163	3.30773258209229
0.4366	2.36907291412354
0.3438	5.22751998901367
0.0169	26.785587310791
0.1958	90.7935791015625
0.6344	7.66448307037354
0.1158	53.9781799316406
0.5828	3.27994418144226
0.1964	0.281621694564819
0.2365	11.6448392868042
0.4547	7.44788455963135
0.3629	21.7021770477295
0.2887	1.12062728404999
0.0399	7.15225172042847
0.4939	0.292757093906403
0.4462	5.2766809463501
0.419	41.6691551208496
0.0073	10.9416055679321
0.6196	0.291678607463837
0.1774	17.8733711242676
0.0122	49.9208869934082
0.4841	82.4459991455078
0.4533	1.46630001068115
0.2492	92.0073776245117
0.2558	7.77678632736206
0.0407	25.4371738433838
0.1342	7.53420829772949
0.6456	62.3702011108398
0.6251	43.5069465637207
0.1686	8.83909511566162
0.3144	0.39085865020752
0.4897	9.08638668060303
0.0859	8.87199115753174
0.25	6.42039728164673
0.0646	23.6148529052734
0.0043	8.90174102783203
0.4163	6.42884826660156
0.5822	1.07478368282318
0.0095	25.7192649841309
0.7167	43.5659484863281
0.28	62.0673217773438
0.1302	8.67281818389893
0.156	8.8956937789917
0.5235	0.289287328720093
0.4526	3.46386766433716
0.5521	8.45677661895752
0.1527	8.8071928024292
0.0407	41.0737686157227
0.0802	1.02128672599792
0.5347	0.360619068145752
0.0051	13.039176940918
0.3635	8.9198579788208
0.1863	8.27329349517822
0.4183	0.377395272254944
0.122	99.9375
0.2417	50.1310729980469
0.3011	93.6821136474609
0.1216	8.20515727996826
0.3678	4.00315713882446
0.0104	65.0246887207031
0.5552	1.0886344909668
0.393	27.2399921417236
0.4209	1.09533429145813
0.5356	5.35402774810791
0.1606	6.55415678024292
0.0981	1.57951760292053
0.3071	16.7926788330078
0.3645	4.92019844055176
0.6135	4.94254302978516
0.606	0.290785521268845
0.0624	7.64284324645996
0.1272	26.7624015808105
0.4078	4.86787605285645
0.2534	5.01096343994141
0.0574	8.5734395980835
0.2488	5.11041116714478
0.2378	67.3225555419922
0.2045	24.0069713592529
0.3407	1.0939998626709
0.7147	51.5882263183594
0.1269	5.46279001235962
0.5127	0.0
0.531	1.11719679832458
0.3123	12.5481538772583
0.3093	8.74926280975342
0.404	8.92447662353516
0.4415	2.37213706970215
0.5449	0.293851733207703
0.1779	2.58850860595703
0.1012	6.15661573410034
0.0573	7.89688348770142
0.1626	17.293062210083
0.2213	8.91252040863037
0.0207	8.95539093017578
0.2985	3.01635766029358
0.0056	10.7725830078125
0.3379	22.6829605102539
0.2632	31.6000022888184
0.6852	71.0963668823242
0.5223	49.8985366821289
0.06	13.8756799697876
0.6319	67.9198608398438
0.1588	7.93332195281982
0.3664	93.3492584228516
0.656	2.51500678062439
0.031	36.7354850769043
0.4033	8.56017208099365
0.0402	8.67075824737549
0.3543	54.6755638122559
0.2374	1.09682393074036
0.002	16.3958740234375
0.4375	9.6437931060791
0.0961	5.14847755432129
0.0624	5.75285291671753
0.0044	8.95539093017578
0.0927	8.44257640838623
0.3195	16.9833316802979
0.2963	3.63437414169312
0.6485	92.9165496826172
0.5962	2.34689617156982
0.024	6.91842889785767
0.2591	0.0
0.0539	21.3504905700684
0.0242	18.0080947875977
0.7111	32.3256378173828
0.5994	57.5124855041504
0.6482	1.98442697525024
0.0344	0.0
0.2724	10.987717628479
0.0	0.0
0.0361	6.47557067871094
0.0082	25.1082935333252
0.5306	2.43265104293823
0.0946	91.3469161987305
0.0545	8.81328773498535
0.0005	10.9123392105103
0.007	8.89340209960938
0.4603	91.1828155517578
0.0027	11.2268381118774
0.129	3.30061054229736
0.0461	0.0
0.3365	8.6172513961792
0.3059	56.5818824768066
0.5084	11.8523750305176
0.556	52.6125183105469
0.3525	7.58908653259277
0.0894	8.55696678161621
0.0027	0.0
0.6356	91.8978805541992
0.4556	7.91661167144775
0.1345	6.46296262741089
0.5764	3.28836250305176
0.3846	34.074649810791
0.0163	8.78818130493164
0.0806	8.82845115661621
0.0512	5.72755002975464
0.2567	3.43893766403198
0.0	0.0
0.2072	1.67302322387695
0.5615	30.1671943664551
0.0037	25.1670932769775
0.1003	5.18246078491211
0.1343	5.78487300872803
0.3365	62.7987174987793
0.001	10.5171184539795
0.6218	94.9897689819336
0.3714	1.11488151550293
0.4834	0.52181750535965
0.1366	15.3540439605713
0.1549	9.95028305053711
0.0109	8.90958976745605
0.6258	93.9728164672852
0.106	8.83938121795654
0.4513	6.54391288757324
0.4794	9.75879859924316
0.0139	9.11442184448242
0.4964	69.6792831420898
0.2519	8.946213722229
0.6756	37.3045272827148
0.386	43.2673301696777
0.099	6.06290578842163
0.1421	3.89401245117188
0.1578	37.4460029602051
0.3818	69.1601333618164
0.5323	0.0
0.0793	7.89746856689453
0.3253	2.38936614990234
0.1328	1.37240791320801
0.5048	63.8714904785156
0.0942	7.73922061920166
0.0211	53.6501502990723
0.1313	90.7727584838867
0.0263	8.92222595214844
0.3873	5.44361877441406
0.0206	24.9608612060547
0.2192	0.0
0.5311	4.82971858978271
0.5689	1.84941530227661
0.3055	4.64932203292847
0.2496	15.9849491119385
0.0692	8.93869876861572
0.452	8.93546676635742
0.4538	92.3445129394531
0.1782	0.378484666347504
0.183	7.84432744979858
0.1077	8.40321826934814
0.0103	8.95457649230957
0.0506	18.3692092895508
0.0806	8.13643550872803
0.4603	6.12818908691406
0.2249	7.94003248214722
0.1628	19.6946544647217
0.0101	26.8527660369873
0.4511	0.885719120502472
0.3517	8.82567882537842
0.0374	8.88064765930176
0.2332	99.3423843383789
0.2175	64.9195098876953
0.2284	57.856517791748
0.0048	8.89248657226563
0.6481	0.798362493515015
0.6248	23.0454235076904
0.0103	6.62844610214233
0.0454	8.91145420074463
0.5115	88.7091903686523
0.524	2.99032258987427
0.623	6.42348480224609
0.2954	3.03766989707947
0.1463	0.293435871601105
0.5173	58.0250511169434
0.5046	2.75760746002197
0.3644	8.04343891143799
0.2491	8.8424711227417
0.0754	26.830753326416
0.1796	0.498307228088379
0.1908	98.3468017578125
0.1969	8.65664577484131
0.2465	0.0
0.6697	2.04479598999023
0.0157	47.8500022888184
0.3228	88.1853561401367
0.4106	6.73597526550293
0.1205	8.89110946655273
0.0085	8.93448448181152
0.2613	8.57108402252197
0.2764	99.9882659912109
0.0135	26.5022373199463
0.4056	1.83354592323303
0.0	0.0
0.3046	11.516149520874
0.4583	48.0794334411621
0.3182	1.12982642650604
0.2528	0.285006046295166
0.427	1.5080361366272
0.3152	55.5075569152832
0.2225	3.59716939926147
0.4966	1.28516912460327
0.4221	0.957367658615112
0.3863	0.290547370910645
0.4737	5.20986557006836
0.0893	9.76946544647217
0.196	7.73975944519043
0.6219	99.9975967407227
0.279	51.1742477416992
0.4238	3.05698561668396
0.5972	3.68761491775513
0.5027	2.70080971717834
0.2008	24.995777130127
0.0758	7.43422555923462
0.3821	35.9811744689941
0.4406	1.5172381401062
0.5368	7.61911535263062
0.0226	8.89827156066895
0.0704	7.23089790344238
0.5232	2.65494775772095
0.2994	90.2751998901367
0.3962	5.81749296188354
0.5374	6.23846912384033
0.5081	89.5562591552734
0.4657	0.0
0.3454	2.40278506278992
0.3558	4.28647470474243
0.6734	84.1972885131836
0.3797	16.6867389678955
0.2957	92.9236679077148
0.1203	49.7751579284668
0.0323	12.4118633270264
0.003	8.81405735015869
0.465	10.0322675704956
0.615	69.7109146118164
0.4883	66.6511535644531
0.0356	84.4192047119141
0.3249	60.809513092041
0.1098	14.5824213027954
0.1776	13.8818454742432
0.1659	7.86434078216553
0.0564	23.6211090087891
0.4689	8.2298641204834
0.4359	0.291413187980652
0.0745	6.51838541030884
0.3413	4.69955205917358
0.5519	8.94413185119629
0.1283	8.85273742675781
0.0842	8.89234352111816
0.4798	3.4702308177948
0.2046	0.274276494979858
0.004	8.91287231445313
0.309	60.4327049255371
0.3507	2.49526333808899
0.6137	99.5182113647461
0.3408	8.92283916473389
0.1527	8.73908042907715
0.0367	8.208176612854
0.5824	14.0719938278198
0.1207	8.5987377166748
0.1434	13.8078231811523
0.2134	82.8418502807617
0.0332	8.67084789276123
0.2775	15.630443572998
0.5752	12.791202545166
0.6945	66.5615539550781
0.0339	2.419757604599
0.225	0.0
0.5699	11.6297521591187
0.3982	44.8633460998535
0.132	8.60672283172607
0.2745	87.0360946655273
0.0074	8.89929580688477
0.34	7.92351913452148
0.3079	0.803921818733215
0.0091	8.90110969543457
0.2692	16.922550201416
0.2586	7.85325622558594
0.707	19.3073081970215
0.3927	6.75789070129395
0.1363	6.67408561706543
0.1261	8.78666973114014
0.5264	0.292928636074066
0.0046	14.1949071884155
0.136	8.88196659088135
0.5818	9.96993064880371
0.3238	3.90451455116272
0.0626	7.95937061309814
0.1523	0.291519939899445
0.5963	22.3137035369873
0.0037	43.40087890625
0.4024	4.74076318740845
0.3282	8.24400234222412
0.5134	88.8508453369141
0.582	9.00611686706543
0.5461	47.6283988952637
0.5091	31.2995853424072
0.5941	4.48240852355957
0.3766	0.293353378772736
0.5495	5.90341711044312
0.5924	60.7894325256348
0.006	8.9491024017334
0.001	11.9546823501587
0.1838	2.78285646438599
0.2877	2.70338487625122
0.0326	25.6335525512695
0.5477	7.07770013809204
0.0212	8.94586944580078
0.0103	9.60986423492432
0.6403	1.04255628585815
0.1418	4.48320436477661
0.1758	9.4225435256958
0.2346	8.90864944458008
0.1023	7.17441177368164
0.1073	5.71351671218872
0.1172	42.4786834716797
0.0768	8.29547691345215
0.2804	21.3515567779541
0.2161	67.1663970947266
0.0901	7.09546613693237
0.0156	9.25421619415283
0.5615	11.1598720550537
0.0296	8.23734569549561
0.506	38.0849952697754
0.4082	5.40822887420654
0.0377	59.3788795471191
0.2932	3.07210206985474
0.6065	45.5466690063477
0.4379	8.91589546203613
0.5093	14.1600866317749
0.2374	17.5887260437012
0.2994	3.5750253200531
0.0823	13.5518350601196
0.3679	79.1877670288086
0.5214	74.3105316162109
0.6673	5.10856676101685
0.4551	43.8540344238281
0.6146	11.4198150634766
0.0111	26.1535625457764
0.0629	8.94817924499512
0.059	4.18813991546631
0.1972	0.293584287166595
0.0727	8.03476333618164
0.0449	44.6585884094238
0.0311	7.8375039100647
0.7242	30.7832145690918
0.1549	16.4233913421631
0.5781	1.18881833553314
0.5139	4.46455669403076
0.2022	56.1095848083496
0.5899	3.75199699401855
0.2681	8.2271089553833
0.0757	0.680475950241089
0.1891	3.60239410400391
0.0034	18.1046924591064
0.29	1.07689237594604
0.0007	9.44922733306885
0.0762	17.4906406402588
0.3775	8.9252986907959
0.4046	3.69029235839844
0.0132	26.1639881134033
0.3963	66.3999938964844
0.6795	1.05991125106812
0.4915	54.1223449707031
0.1584	8.0816068649292
0.3688	8.90508079528809
0.0018	12.0714473724365
0.1968	3.51427364349365
0.5441	1.58973467350006
0.0156	33.2339477539063
0.2911	94.9007110595703
0.7055	91.8110198974609
0.4348	78.5367965698242
0.5845	9.71196746826172
0.6684	0.495180308818817
0.018	18.215648651123
0.5727	0.619904398918152
0.4547	11.3140964508057
0.6077	74.1922149658203
0.6283	7.77640438079834
0.5026	2.36597609519958
0.551	2.52883505821228
0.4397	50.8142509460449
0.1613	8.18972206115723
0.3213	3.1540002822876
0.3284	26.6567268371582
0.6144	50.1431159973145
0.1261	5.60349702835083
0.5228	79.9758148193359
0.0725	8.31494617462158
0.3734	3.63766193389893
0.3514	6.9421968460083
0.3544	4.85554599761963
0.7056	0.488997459411621
0.2582	8.73871612548828
0.2735	64.8302154541016
0.1748	63.0740852355957
0.2741	12.6832370758057
0.5202	72.413200378418
0.1591	0.292833983898163
0.1089	46.1405296325684
0.6237	73.3290176391602
0.0041	26.7780590057373
0.0326	8.58257484436035
0.0716	6.96069288253784
0.3374	47.590934753418
0.0976	8.86332321166992
0.0055	26.6218433380127
0.6838	13.4718885421753
0.0318	8.76799774169922
0.0497	9.98551750183105
0.6626	17.6708526611328
0.7346	0.283781290054321
0.3925	8.94953060150146
0.2911	0.0260962098836899
0.5071	0.557069540023804
0.5221	40.6083030700684
0.2729	8.62213611602783
0.4011	99.33056640625
0.507	8.89840602874756
0.0631	10.8816156387329
0.2429	48.4921379089355
0.5918	1.33379518985748
0.0163	8.00336265563965
0.4409	2.75433802604675
0.3357	97.8953628540039
0.0102	11.0678844451904
0.4672	2.78134632110596
0.1182	6.54110765457153
0.0483	72.4840621948242
0.2619	8.49236106872559
0.4723	8.79080867767334
0.0043	9.66640186309814
0.2516	32.0765609741211
0.0355	26.3585243225098
0.6501	0.0
0.0034	24.6774749755859
0.0233	32.187313079834
0.5596	1.24411797523499
0.1621	27.7351627349854
0.2283	91.3463439941406
0.018	75.4000015258789
0.0011	24.9122486114502
0.5052	1.86899185180664
0.0	0.0
0.2819	7.79158735275269
0.5095	36.5287208557129
0.0508	19.8659439086914
0.1702	86.7104949951172
0.0088	8.94742298126221
0.6473	57.3670616149902
0.6345	2.63482999801636
0.3591	2.42492437362671
0.4971	15.2002353668213
0.2773	8.90914440155029
0.6124	6.78861331939697
0.2038	7.42402410507202
0.2839	7.36183214187622
0.0774	3.4168553352356
0.0399	15.4481658935547
0.2697	8.15091228485107
0.128	3.28196024894714
0.0771	3.24713706970215
0.4457	3.57774901390076
0.0137	8.92707061767578
0.5647	3.68019390106201
0.7454	2.17170882225037
0.1534	7.35910797119141
0.6287	23.128662109375
0.3651	32.2688064575195
0.1223	0.661590099334717
0.6318	2.13935947418213
0.5375	0.274867057800293
0.04	26.6594257354736
0.1819	0.292768180370331
0.4073	63.158145904541
0.3636	60.6596870422363
0.481	1.23490214347839
0.2928	4.55433940887451
0.3326	11.5294742584229
0.4643	8.9393196105957
0.4217	0.564674615859985
0.2106	8.36038875579834
0.3103	0.428813278675079
0.2019	0.0
0.1908	90.2391815185547
0.3721	13.6203317642212
0.4314	0.566674172878265
0.1835	91.2710418701172
0.7239	5.85888528823853
0.6281	0.291211903095245
0.3729	4.93216562271118
0.6886	98.1189346313477
0.4575	11.1630687713623
0.0179	16.6124687194824
0.2187	3.90009713172913
0.0412	8.83148860931396
0.4036	90.5160827636719
0.2204	1.36563611030579
0.2304	21.9111099243164
0.3798	0.0
0.1453	3.92183780670166
0.6536	35.8939208984375
0.3635	2.36513757705688
0.2454	1.86380004882813
0.6272	61.1887283325195
0.6545	6.34123659133911
0.2033	4.22439289093018
0.5888	78.6208953857422
0.0086	24.9089202880859
0.1768	8.87872505187988
0.4562	8.87389373779297
0.4433	14.0906162261963
0.141	68.9439239501953
0.0108	31.83225440979
0.2542	8.87699604034424
0.0174	8.94219207763672
0.2911	41.1979713439941
0.0239	37.2506484985352
0.4438	8.91221809387207
0.0332	5.30828952789307
0.2373	10.3397521972656
0.1168	3.24677085876465
0.004	21.9713668823242
0.3832	9.69563293457031
0.2522	13.5429086685181
0.4334	25.8089790344238
0.1857	31.9295692443848
0.4768	5.72604942321777
0.0124	8.56755447387695
0.1474	8.36363887786865
0.6744	1.49234557151794
0.6869	0.293241322040558
0.3341	8.90252017974854
0.3871	9.12340354919434
0.5605	5.78225708007813
0.0107	25.0575466156006
0.0703	8.93074035644531
0.1804	21.9942245483398
0.6923	1.49361479282379
0.0421	4.7862024307251
0.5807	1.11956560611725
0.5807	0.29236501455307
0.2066	9.07944297790527
0.4693	99.379524230957
0.5097	0.288390040397644
0.1436	7.73984432220459
0.0717	30.8892230987549
0.0632	7.59097576141357
0.4183	0.0
0.5087	0.290138483047485
0.4469	4.82571506500244
0.7366	86.9748764038086
0.0213	7.44717597961426
0.2508	35.9192008972168
0.4898	2.83970403671265
0.2914	45.972599029541
0.3027	9.708815574646
0.6454	0.159679293632507
0.1008	68.5716018676758
0.5934	18.4822635650635
0.2632	1.94157290458679
0.4031	82.0365142822266
0.648	8.29780292510986
0.3926	86.1999969482422
0.5595	0.288618683815002
0.0547	82.2463150024414
0.0024	35.0649795532227
0.0322	7.73190641403198
0.1814	85.2259368896484
0.0508	8.93509769439697
0.4932	1.17294085025787
0.7047	63.6105422973633
0.0967	8.59300899505615
0.1708	1.15918207168579
0.649	1.89064919948578
0.0609	8.1956033706665
0.0373	8.82220268249512
0.156	6.55101871490479
0.2217	1.02382040023804
0.5385	12.9771022796631
0.5022	2.62187623977661
0.4911	0.740661144256592
0.1069	63.7515029907227
0.4261	15.1659727096558
0.0413	49.1737060546875
0.3259	70.0833740234375
0.6197	3.15302705764771
0.4093	6.42214822769165
0.0213	9.77521228790283
0.0132	13.4366254806519
0.2291	2.01974844932556
0.2062	8.91315841674805
0.4277	2.53759670257568
0.1254	2.64391136169434
0.113	8.93251991271973
0.2805	24.1316375732422
0.6366	7.06976985931396
0.1333	93.0446548461914
0.0	0.0
0.2347	3.32129549980164
0.1447	6.90934801101685
0.3843	29.6871795654297
0.3035	3.66761112213135
0.5461	66.2479248046875
0.5726	0.464634776115417
0.0812	6.99402332305908
0.4719	3.04710149765015
0.5646	7.15147590637207
0.277	99.2494964599609
0.6686	14.9135570526123
0.3545	8.89812088012695
0.3976	7.89576578140259
0.001	8.32851409912109
0.4213	9.63663291931152
0.1302	3.44100713729858
0.0538	83.3706741333008
0.0705	8.11206722259521
0.0698	20.4429397583008
0.3045	6.39461612701416
0.6946	15.8304586410522
0.1041	26.8663158416748
0.1518	5.14565134048462
0.3602	2.18799018859863
0.5691	23.8642635345459
0.6676	0.375986695289612
0.0582	6.23344993591309
0.6373	1.03178405761719
0.5572	0.67217743396759
0.0741	2.97228193283081
0.5963	39.5061988830566
0.6461	29.0159931182861
0.58	19.0401477813721
0.0668	8.92073154449463
0.5532	13.5718851089478
0.6512	2.45029497146606
0.081	7.11978054046631
0.3536	6.78123474121094
0.3827	0.22956195473671
0.6136	36.2848205566406
0.1265	9.20728874206543
0.4858	10.7111301422119
0.1811	60.3360710144043
0.0142	17.3960189819336
0.5241	12.769476890564
0.3107	72.6775817871094
0.309	4.70160818099976
0.3054	5.80773687362671
0.1757	4.18765544891357
0.3521	2.80518960952759
0.2816	8.94076538085938
0.2757	0.0
0.0186	7.08747959136963
0.0234	8.87002658843994
0.4256	7.86435604095459
0.0042	8.91466903686523
0.2234	8.04250144958496
0.076	8.73080921173096
0.4231	11.3637542724609
0.0723	3.75488018989563
0.1873	3.55030632019043
0.3351	8.93440055847168
0.4295	9.8183650970459
0.0873	9.42935371398926
0.6202	2.4628632068634
0.4207	8.95493793487549
0.6577	5.74680852890015
0.1806	0.26003310084343
0.3555	5.74049758911133
0.2454	6.44987678527832
0.006	13.4873476028442
0.4656	2.78283452987671
0.2928	3.02192354202271
0.3507	90.2833251953125
0.061	99.9852981567383
0.0427	8.88682746887207
0.5986	6.33632802963257
0.2565	4.31097793579102
0.6793	0.899482846260071
0.081	8.78652954101563
0.6412	0.425412058830261
0.2686	6.67869520187378
0.1228	8.7509183883667
0.3726	50.1865539550781
0.4263	18.0181865692139
0.4917	7.08197450637817
0.4389	89.1388931274414
0.2552	8.87532520294189
0.1878	8.94407272338867
0.1824	16.0613346099854
0.4719	79.594612121582
0.5194	64.6267013549805
0.4655	9.23824214935303
0.0547	8.11014747619629
0.3696	32.2987327575684
0.0485	29.5580158233643
0.1088	15.6844749450684
0.5927	11.6664028167725
0.5108	1.46257555484772
0.1994	63.6687088012695
0.2355	2.30086517333984
0.1192	7.54043531417847
0.5243	0.927589654922485
0.4235	49.6604080200195
0.413	9.80663681030273
0.6593	2.02168798446655
0.1879	13.942268371582
0.5714	9.63218402862549
0.2191	25.9641036987305
0.0493	99.9722442626953
0.3893	1.78524041175842
0.6248	10.3068370819092
0.4562	0.0
0.4111	77.9506683349609
0.6097	42.5181770324707
0.007	8.9084644317627
0.0152	76.2869110107422
0.0	0.0
0.1362	5.179762840271
0.0142	11.1338300704956
0.4042	8.27449226379395
0.0971	5.96803283691406
0.3724	63.4230117797852
0.05	6.93004608154297
0.5415	11.7454614639282
0.3432	40.404655456543
0.1834	12.4295845031738
0.1398	27.6315727233887
0.6982	0.805959105491638
0.1298	2.28798174858093
0.2996	8.92680263519287
0.1657	8.91555881500244
0.0242	8.0112829208374
0.2814	7.09415006637573
0.0616	8.92995071411133
0.3285	8.83456993103027
0.0496	18.9848175048828
0.3833	8.93932914733887
0.0145	26.9988632202148
0.0026	8.64690399169922
0.2514	0.595645010471344
0.429	65.8738174438477
0.0263	2.61942839622498
0.4432	2.87703061103821
0.4651	80.217414855957
0.3047	9.3974552154541
0.41	3.73953437805176
0.4772	0.2907674908638
0.3674	78.5088500976563
0.2263	8.53872966766357
0.0024	8.9443416595459
0.7089	12.7664175033569
0.0844	67.1382293701172
0.2609	5.75410175323486
0.001	21.5384502410889
0.3592	7.80351257324219
0.6093	4.66280364990234
0.5557	3.36825227737427
0.4908	0.0
0.0104	26.9853687286377
0.4155	3.24677896499634
0.3716	15.3748798370361
0.4156	54.4658355712891
0.3059	65.4868316650391
0.3889	72.2189559936523
0.0	0.0
0.1904	8.90879440307617
0.5695	2.96887254714966
0.4345	57.3745346069336
0.0344	8.88371276855469
0.0992	8.893141746521
0.5264	65.6208648681641
0.3056	1.59782218933105
0.6145	46.4606819152832
0.1745	8.93153762817383
0.6679	63.5429573059082
0.2767	8.91109275817871
0.1645	0.974692463874817
0.5904	15.1911945343018
0.5759	22.5757331848145
0.4166	97.7157669067383
0.0123	8.21514129638672
0.1939	60.9209442138672
0.3899	4.96797466278076
0.125	0.255840599536896
0.1007	8.6277494430542
0.6006	15.6709136962891
0.6896	17.132682800293
0.2506	33.1434936523438
0.16	64.3794860839844
0.2205	0.982222318649292
0.6583	2.53501033782959
0.6855	78.2389602661133
0.1286	8.83713912963867
0.1169	52.8087768554688
0.3723	9.07484912872314
0.5545	12.212944984436
0.1586	8.91264629364014
0.2269	5.3372278213501
0.1289	4.56799125671387
0.0419	8.8934268951416
0.2501	4.85636758804321
0.5176	8.03247547149658
0.0361	8.13958549499512
0.0097	8.92661762237549
0.2774	3.26838397979736
0.0	0.0
0.173	7.35636615753174
0.0808	4.32900238037109
0.6736	2.54353475570679
0.0183	8.8532772064209
0.2995	4.02880382537842
0.0228	2.50832557678223
0.2059	24.0187473297119
0.2504	8.80333614349365
0.1146	89.1375732421875
0.0375	11.1877765655518
0.2842	2.76633644104004
0.6961	2.24638605117798
0.0865	8.57967758178711
0.302	0.617550492286682
0.5729	1.74923229217529
0.253	0.0
0.585	36.0629806518555
0.1136	75.3093643188477
0.706	1.21897673606873
0.2829	13.8250484466553
0.7147	5.12642669677734
0.1154	0.29339125752449
0.0623	6.98360061645508
0.7127	6.25542688369751
0.0355	0.0
0.343	77.5758743286133
0.1392	60.3218727111816
0.3519	12.381067276001
0.024	69.8708114624023
0.0095	14.4470043182373
0.6761	0.293242990970612
0.0258	11.5892581939697
0.3298	65.6023254394531
0.031	2.17301154136658
0.3445	8.9871997833252
0.4193	7.7066593170166
0.43	2.77903413772583
0.0762	7.31927299499512
0.2694	2.5088164806366
0.1513	6.2393593788147
0.2732	3.12471103668213
0.2829	17.3031253814697
0.0999	8.35586643218994
0.167	62.389518737793
0.1664	16.3589344024658
0.3568	99.9763031005859
0.4066	0.438109874725342
0.6463	5.4387149810791
0.3927	14.6610050201416
0.1416	19.0543403625488
0.5232	0.855021715164185
0.0119	26.5953197479248
0.0004	11.6730833053589
0.1944	26.8589134216309
0.2675	68.2395935058594
0.4479	11.9709749221802
0.616	0.0
0.0598	8.86550998687744
0.0944	8.94927883148193
0.1349	8.89801979064941
0.0119	0.0
0.0914	6.73822402954102
0.4114	5.30301475524902
0.0031	10.0034217834473
0.3326	13.1554841995239
0.2335	63.460319519043
0.1695	8.53710269927979
0.5888	2.25310897827148
0.6261	0.845109939575195
0.3905	8.90503883361816
0.6074	3.26747131347656
0.5036	3.79769659042358
0.1149	0.293016761541367
0.3437	57.1878700256348
0.3506	0.0
0.1247	9.04799365997314
0.5564	1.68624305725098
0.0986	5.12176895141602
0.5152	4.86682510375977
0.4998	10.5972423553467
0.4991	6.21239042282104
0.1076	7.66775417327881
0.6587	0.677164316177368
0.3269	8.46525764465332
0.504	7.14095497131348
0.4018	10.6802206039429
0.2753	8.27390003204346
0.7247	61.7144050598145
0.2553	1.29861450195313
0.1801	4.65922689437866
0.0052	8.64034271240234
0.1573	7.27664184570313
0.1327	96.5719985961914
0.6414	9.46339511871338
0.3126	8.94598770141602
0.0781	7.41632270812988
0.4766	65.0167465209961
0.2009	14.0423421859741
0.0193	8.90875053405762
0.2042	73.4658126831055
0.566	0.293145030736923
0.5549	32.3245964050293
0.6391	7.43905687332153
0.5276	98.8469009399414
0.073	8.94180583953857
0.1126	6.1626558303833
0.312	2.67454624176025
0.0368	7.1343731880188
0.673	79.8756256103516
0.3925	2.39607620239258
0.0024	8.82240390777588
0.2422	2.55776405334473
0.0032	27.0124340057373
0.5637	0.310154914855957
0.057	24.2314434051514
0.1188	11.842830657959
0.5541	66.8904266357422
0.0424	9.67800998687744
0.3536	6.42647075653076
0.1163	4.44921684265137
0.5288	34.4355926513672
0.1952	3.45413446426392
0.4264	63.9946098327637
0.6544	15.9956150054932
0.426	8.1360969543457
0.0011	15.2969331741333
0.2745	58.6187171936035
0.4204	0.0
0.4229	4.77291584014893
0.2595	36.1560859680176
0.1847	63.2275466918945
0.5338	45.564136505127
0.4424	77.6221008300781
0.1455	8.78642749786377
0.0479	8.88399791717529
0.0144	51.0950012207031
0.0375	44.1697692871094
0.1709	15.6208877563477
0.4573	7.8700385093689
0.1935	8.37786197662354
0.5966	58.3777770996094
0.3822	99.9985961914063
0.4565	88.773063659668
0.3689	3.79241108894348
0.147	92.4603881835938
0.0	0.0
0.7599	58.4074287414551
0.5825	4.86852741241455
0.3819	2.37716197967529
0.0596	8.56393718719482
0.0679	6.27358722686768
0.6735	86.0479965209961
0.4486	3.07519364356995
0.0922	2.41934490203857
0.4273	24.8747653961182
0.4476	55.2344207763672
0.1613	49.1256637573242
0.2097	2.6004843711853
0.6959	1.58581590652466
0.0297	7.90481662750244
0.3592	15.3482551574707
0.185	2.90045547485352
0.5178	2.57413029670715
0.1907	8.04203414916992
0.4102	2.95560908317566
0.5032	3.83576011657715
0.0276	14.8738765716553
0.4107	12.6710948944092
0.2587	85.9945831298828
0.0788	57.7500038146973
0.0	0.0
0.0813	8.87448883056641
0.5013	2.6372344493866
0.532	1.2980318069458
0.1526	0.378673493862152
0.3946	16.2523002624512
0.0368	8.11760425567627
0.6998	2.87334132194519
0.2218	35.8773918151855
0.2601	7.87831878662109
0.1025	8.82610702514648
0.0024	41.180477142334
0.0623	7.64966201782227
0.2866	6.86475658416748
0.5392	87.6764297485352
0.7144	2.62041807174683
0.008	8.94679355621338
0.2844	43.0786247253418
0.1184	96.4914245605469
0.1364	8.85999393463135
0.0665	39.639087677002
0.5639	10.4113340377808
0.0825	0.26975029706955
0.4306	4.97132587432861
0.0006	13.4967937469482
0.6686	65.5399780273438
0.0082	23.378589630127
0.4328	2.83137655258179
0.688	0.28814297914505
0.5039	9.47799777984619
0.2532	8.22023773193359
0.6555	34.4492378234863
0.5054	47.629222869873
0.1601	3.85064721107483
0.2005	46.7209091186523
0.6375	14.4640312194824
0.2972	7.70742559432983
0.6194	78.3086090087891
0.5042	99.632209777832
0.1243	88.7399978637695
0.6079	0.290418028831482
0.7149	28.5271987915039
0.6697	7.87527179718018
0.2468	42.1462593078613
0.2382	48.8060760498047
0.1411	17.4507923126221
0.0909	8.94418239593506
0.3194	10.5973472595215
0.0828	4.15960884094238
0.0468	6.3676905632019
0.39	31.2485122680664
0.224	17.2967376708984
0.657	6.20865058898926
0.644	38.9805679321289
0.3753	5.94048309326172
0.5216	92.0254287719727
0.0	0.0
0.5295	2.5363507270813
0.5664	0.290592789649963
0.1156	8.34149169921875
0.1545	7.99064922332764
0.1426	8.50957679748535
0.0667	5.9383020401001
0.009	26.8094825744629
0.0203	15.7965393066406
0.4337	14.4351596832275
0.5953	9.09708976745605
0.0112	84.5736923217773
0.4337	7.65294408798218
0.3579	2.31880044937134
0.4446	27.8628044128418
0.641	1.82001948356628
0.6666	0.462045967578888
0.5308	13.8912143707275
0.0885	22.9408645629883
0.0079	23.9478054046631
0.0618	70.8260955810547
0.1495	2.00371313095093
0.6821	0.293514132499695
0.0011	12.6430015563965
0.616	2.77194452285767
0.3286	8.91617298126221
0.7039	3.90971517562866
0.6468	0.280901193618774
0.66	8.2389612197876
0.0648	88.1897048950195
0.5831	94.9103546142578
0.2346	12.8929786682129
0.393	0.993919491767883
0.0072	14.3474931716919
0.3154	63.6104278564453
0.3459	36.1058692932129
0.1317	5.53363466262817
0.0824	8.78215312957764
0.2155	0.412140101194382
0.2971	4.07915639877319
0.0108	8.7304573059082
0.6211	12.8077840805054
0.132	64.5501403808594
0.1143	7.33220911026001
0.2737	8.90014362335205
0.1838	6.80894184112549
0.4988	1.34710502624512
0.4855	4.84819316864014
0.0823	3.23781204223633
0.1637	8.94510555267334
0.041	52.3145980834961
0.0152	9.14887619018555
0.5832	8.95412349700928
0.612	0.292752921581268
0.6174	0.546299576759338
0.3997	92.1241302490234
0.3499	4.7600245475769
0.7089	33.3335800170898
0.047	67.0
0.5091	55.7617645263672
0.5139	26.3069953918457
0.3346	6.53961944580078
0.0	0.0
0.0	0.0
0.2439	4.4561824798584
0.3154	64.1802062988281
0.5251	63.4499702453613
0.518	40.4096069335938
0.6963	0.291406333446503
0.3419	4.04462480545044
0.5034	3.67217588424683
0.008	8.89629077911377
0.1906	8.91530704498291
0.3858	97.555419921875
0.1472	6.07736349105835
0.5055	1.94917404651642
0.0194	26.8152904510498
0.0677	98.9927291870117
0.0008	8.95314121246338
0.591	99.9351577758789
0.6727	0.408077955245972
0.0395	13.8477725982666
0.0981	61.9794158935547
0.0635	25.3653087615967
0.5584	6.01025199890137
0.0928	2.62091422080994
0.0259	8.91419982910156
0.1017	8.8987922668457
0.0659	6.65303039550781
0.6658	3.23503971099854
0.7226	59.559398651123
0.3994	3.69452309608459
0.096	7.57876300811768
0.1811	9.68740844726563
0.1715	8.94733047485352
0.026	8.94130229949951
0.0101	21.7786121368408
0.1939	5.34388113021851
0.6489	6.5422887802124
0.437	4.9724555015564
0.3512	4.35300171375275e-06
0.4876	46.4566764831543
0.7107	33.2615280151367
0.4789	0.0
0.0597	28.8894081115723
0.4761	40.8236923217773
0.3158	94.796142578125
0.4951	1.15103948116302
0.24	3.68228578567505
0.1059	8.89250373840332
0.0017	11.7592344284058
0.6165	1.85542893409729
0.2701	2.42346286773682
0.378	51.976734161377
0.2847	0.0
0.0108	10.5273714065552
0.0	1.80766129493713
0.0102	26.8021697998047
0.674	84.0422439575195
0.1313	8.74017429351807
0.5455	38.183048248291
0.4318	18.9762172698975
0.0	0.0
0.0643	6.01535177230835
0.3422	5.11221218109131
0.0016	15.4820261001587
0.2255	7.17043828964233
0.0326	15.3228969573975
0.2642	7.69838714599609
0.3969	1.88808989524841
0.034	11.7934865951538
0.0598	8.62263202667236
0.7572	18.6127071380615
0.4565	8.75007915496826
0.3962	1.60343205928802
0.0164	8.90578651428223
0.1932	0.352749317884445
0.5897	0.291190087795258
0.0645	8.90786933898926
0.342	3.01734733581543
0.0135	8.91333484649658
0.3554	2.61900806427002
0.4615	1.6097993850708
0.2621	4.91300964355469
0.3905	81.6879119873047
0.3924	4.41278743743896
0.5205	49.3951110839844
0.106	7.31488704681396
0.0155	8.89649963378906
0.0406	17.2682094573975
0.0169	8.89144611358643
0.4169	6.11089849472046
0.1602	6.86010408401489
0.0222	24.0928344726563
0.0368	8.74214363098145
0.2885	8.91392230987549
0.0028	10.9384260177612
0.4939	2.69140720367432
0.5045	9.68376541137695
0.5988	7.99460506439209
0.2458	4.48734378814697
0.0052	10.7735471725464
0.519	9.95126819610596
0.7027	0.287214159965515
0.0506	7.6201171875
0.059	8.92064762115479
0.1281	3.9891242980957
0.008	8.80866718292236
0.6681	24.5015678405762
0.3237	8.51475715637207
0.3546	5.58679389953613
0.2079	7.56612634658813
0.4543	1.51136088371277
0.0757	6.0436954498291
0.4423	2.74750471115112
0.1352	0.293110340833664
0.1259	7.97614479064941
0.5908	3.84861421585083
0.1013	1.30259370803833
0.1488	8.92124366760254
0.736	4.42194368588389e-06
0.5135	2.87156438827515
0.6409	75.2261962890625
0.1481	2.3962459564209
0.1982	4.75585269927979
0.2371	8.55940628051758
0.3191	0.0
0.2113	25.0139484405518
0.6203	3.94082522392273
0.2297	2.60527777671814
0.4929	0.661625266075134
0.3609	6.05106163024902
0.0387	19.9403133392334
0.1501	1.99312341213226
0.1531	23.4218463897705
0.0012	8.95539093017578
0.0005	7.25333976745605
0.7451	49.1123542785645
0.5723	1.63226294517517
0.2035	8.80152130126953
0.0465	8.92564296722412
0.2272	8.05575752258301
0.6141	0.717861294746399
0.3863	5.6909008026123
0.5045	2.37146377563477
0.0602	7.31995916366577
0.0339	26.6826801300049
0.1993	0.0
0.3965	4.36005735397339
0.4634	34.330696105957
0.464	89.0073394775391
0.0342	91.1711120605469
0.3739	10.8894004821777
0.5658	52.8530158996582
0.0032	19.3546695709229
0.0196	14.634388923645
0.4765	12.8576240539551
0.5838	50.653450012207
0.6618	91.1144409179688
0.2366	0.292935848236084
0.1069	4.2956805229187
0.581	51.2891693115234
0.7522	59.7553291320801
0.271	7.63265752792358
0.6202	65.1971054077148
0.314	8.94595336914063
0.39	2.45279836654663
0.2892	7.76707935333252
0.0351	29.0656700134277
0.1099	11.9384508132935
0.5271	0.709863781929016
0.3481	4.18416547775269
0.4342	83.3249816894531
0.2118	6.21327495574951
0.2355	68.6564788818359
0.2437	36.9841537475586
0.1122	7.85599946975708
0.0781	10.4030628204346
0.3982	83.2168121337891
0.0852	24.2228736877441
0.2783	28.2643432617188
0.6776	64.9287261962891
0.2997	0.0
0.5985	8.07882404327393
0.0038	46.0097160339355
0.0735	7.40296745300293
0.7009	22.3125419616699
0.43	99.7487869262695
0.0188	8.82046413421631
0.3023	6.59786605834961
0.2013	6.87048768997192
0.1849	6.14643383026123
0.6486	54.7423400878906
0.6591	0.376589745283127
0.0	0.0
0.5405	81.5841217041016
0.1804	3.21160626411438
0.1761	4.62496376037598
0.7164	87.4144821166992
0.4415	29.6412162780762
0.3349	99.8171920776367
0.0911	18.8814353942871
0.4752	8.62751960754395
0.4006	79.8357772827148
0.0926	8.56718444824219
0.102	2.37429261207581
0.4911	1.86269342899323
0.0945	17.5584564208984
0.0477	8.89233589172363
0.6857	2.56646537780762
0.5888	0.292908221483231
0.0476	18.6121311187744
0.6637	5.26289367675781
0.2945	0.293050646781921
0.2199	26.6127033233643
0.0915	15.5560913085938
0.7474	93.3247222900391
0.4691	6.37575578689575
0.2325	67.3436279296875
0.109	70.3886108398438
0.3689	6.471923828125
0.3621	8.49396228790283
0.2573	3.01947212219238
0.6706	67.9654846191406
0.0103	8.93292236328125
0.5966	23.6025161743164
0.6836	2.92406558990479
0.3957	0.291682451963425
0.2009	56.1018753051758
0.3991	8.55377292633057
0.0277	6.68333387374878
0.7254	55.7438316345215
0.098	0.0
0.1548	68.5211639404297
0.1873	4.5257740020752
0.648	20.261100769043
0.1991	7.87736177444458
0.5341	0.843280076980591
0.1235	61.0447235107422
0.6234	65.541748046875
0.1825	8.60711193084717
0.1246	0.259158611297607
0.4742	75.6455841064453
0.2117	8.07276344299316
0.1031	58.2504234313965
0.0064	82.5955047607422
0.0281	67.1999969482422
0.007	25.713077545166
0.1005	58.7968330383301
0.6445	2.44277143478394
0.0305	8.30693817138672
0.2115	7.83291244506836
0.1521	73.5317153930664
0.2685	6.01015853881836
0.0618	8.88506412506104
0.2674	59.9557189941406
0.1746	96.041748046875
0.7399	0.293023705482483
0.1348	8.92287254333496
0.1084	7.55072784423828
0.2998	4.1485538482666
0.1815	99.9670104980469
0.1054	2.80751252174377
0.2054	18.8096122741699
0.1183	4.94627094268799
0.6199	53.5010414123535
0.4245	18.5467758178711
0.4116	3.03098392486572
0.504	15.674599647522
0.1738	0.0
0.0351	8.93436717987061
0.1665	4.91789150238037
0.0437	8.82309246063232
0.4775	7.77641725540161
0.081	8.02316093444824
0.0	0.0
0.5984	17.2809314727783
0.0758	7.97606420516968
0.155	12.258279800415
0.4725	4.55660057067871
0.0557	8.84646701812744
0.2184	8.71917533874512
0.4272	8.86581134796143
0.6218	1.87899076938629
0.2009	32.223949432373
0.3219	7.39437198638916
0.2633	8.87029552459717
0.2605	1.8914383649826
0.4634	90.1916351318359
0.021	44.9251327514648
0.6	21.2923889160156
0.0432	26.1662673950195
0.5379	2.40560150146484
0.2587	11.2358646392822
0.0042	19.7429523468018
0.2535	7.90993928909302
0.646	3.44484186172485
0.3507	68.5130920410156
0.4678	4.35614013671875
0.1278	8.24698257446289
0.2493	0.923432528972626
0.3862	0.0
0.5255	5.73180246353149
0.633	0.293456584215164
0.4906	0.290332734584808
0.2361	8.9095983505249
0.6311	43.3443298339844
0.6901	99.5993194580078
0.5679	13.8326435089111
0.1698	8.88388061523438
0.7193	36.579029083252
0.5396	10.8459491729736
0.0	0.0
0.6518	65.0105285644531
0.3697	54.1959495544434
0.3375	8.88205051422119
0.4085	50.8090858459473
0.0075	8.87461185455322
0.1462	81.7128601074219
0.0677	8.79962635040283
0.6032	61.0329513549805
0.3136	8.92796897888184
0.5373	18.0170516967773
0.4346	2.53682923316956
0.4878	92.9235687255859
0.1943	3.763338804245
0.6077	1.36723852157593
0.1568	3.20048856735229
0.1756	8.44249057769775
0.3859	8.95012474060059
0.4191	87.6503295898438
0.6202	0.29064953327179
0.3363	14.1081819534302
0.5995	28.0500030517578
0.4965	18.0436668395996
0.1881	34.1761779785156
0.5111	32.2936019897461
0.1933	2.37634873390198
0.1526	8.83788585662842
0.1561	7.62001895904541
0.035	26.4375152587891
0.2204	5.56469869613647
0.0469	8.11325359344482
0.5191	18.7047271728516
0.1381	0.293372601270676
0.4417	8.95076465606689
0.2987	8.23111152648926
0.351	57.3029327392578
0.5674	0.292594313621521
0.2329	6.87735795974731
0.5976	94.2361450195313
0.3944	8.69492149353027
0.3899	36.0987739562988
0.0019	16.2248554229736
0.2227	0.293733954429626
0.2246	22.1739292144775
0.2687	80.1820678710938
0.2155	14.2867860794067
0.3896	1.38067221641541
0.2066	10.4219741821289
0.6281	2.20541310310364
0.4588	85.9761657714844
0.6018	8.21725654602051
0.0017	29.0373306274414
0.0983	7.15076446533203
0.1711	7.80392980575562
0.0375	8.63784980773926
0.0035	12.4393892288208
0.3222	55.25
0.1624	0.2903873026371
0.0588	8.93605422973633
0.4982	5.20269632339478
0.0494	8.86880111694336
0.3401	25.0914726257324
0.6671	37.5902328491211
0.3333	48.0922431945801
0.1822	8.94763278961182
0.2606	69.3903884887695
0.2335	8.54244422912598
0.2956	88.3907165527344
0.6339	9.89990520477295
0.013	26.9491367340088
0.3997	4.56466102600098
0.6211	8.95079803466797
0.1105	0.290710151195526
0.0582	8.91261196136475
0.0096	80.9870147705078
0.3858	7.26235198974609
0.1001	10.8462171554565
0.1379	4.61352252960205
0.3062	3.60050773620605
0.0	0.0
0.0673	2.85952734947205
0.3942	5.19920015335083
0.2985	8.59434032440186
0.1338	6.40654230117798
0.5413	6.10418891906738
0.5938	17.4589920043945
0.1488	8.94024467468262
0.3374	2.00874829292297
0.5947	0.638164341449738
0.5792	32.9895286560059
0.2771	20.3151206970215
0.1303	1.66422522068024
0.0412	3.66300797462463
0.609	0.549529492855072
0.0	0.0
0.3403	49.9525833129883
0.3796	32.0287017822266
0.0038	8.9446268081665
0.4164	37.3539276123047
0.1452	1.2982337474823
0.036	5.87397718429565
0.0719	8.86897754669189
0.5912	11.3825578689575
0.1625	0.293917059898376
0.0883	8.54861164093018
0.7278	48.5635070800781
0.081	7.62976408004761
0.1683	8.86705493927002
0.7032	62.4046516418457
0.0102	8.8969202041626
0.2885	19.747428894043
0.2446	7.0788722038269
0.1426	10.0220012664795
0.2878	8.56411552429199
0.0022	22.6471652984619
0.3939	8.6916332244873
0.4361	11.5421848297119
0.1825	11.5014572143555
0.0749	10.5195112228394
0.5642	4.02992630004883
0.5584	0.293121218681335
0.1336	6.1494927406311
0.6957	63.1392707824707
0.362	3.37625885009766
0.1026	7.42929744720459
0.2473	8.08636093139648
0.6633	8.91352462768555
0.3548	71.0
0.1329	8.17224788665771
0.1806	87.1947860717773
0.1625	8.32649040222168
0.5894	4.5054144859314
0.1773	8.78289794921875
0.0223	25.8142986297607
0.3189	42.8495979309082
0.0414	8.36540794372559
0.2999	97.8291015625
0.2814	10.4839725494385
0.0163	27.1988067626953
0.3713	59.7280960083008
0.5367	72.7649841308594
0.2526	8.91739845275879
0.092	8.2542085647583
0.5467	95.610237121582
0.0252	0.0
0.3697	84.0012283325195
0.4724	62.9195289611816
0.0032	10.4049758911133
0.348	8.9227466583252
0.6086	13.0056571960449
0.1503	5.08957958221436
0.4577	52.1713600158691
0.5282	5.12226104736328
0.0	0.0
0.4317	40.1621551513672
0.0661	0.53697669506073
0.3696	1.5213451385498
0.4479	42.9143524169922
0.1774	7.41927909851074
0.0791	8.90047168731689
0.3363	3.85821509361267
0.2021	4.72313594818115
0.6306	13.8285322189331
0.0466	8.1568775177002
0.282	65.8220520019531
0.6267	5.93057632446289
0.4082	5.0753116607666
0.6944	1.25280702114105
0.3881	0.781351149082184
0.1092	2.96193218231201
0.1371	15.3098964691162
0.4803	10.3845920562744
0.0509	6.99040794372559
0.5582	84.9647674560547
0.6061	1.97958660125732
0.359	37.2596092224121
0.1358	8.26869010925293
0.605	9.69890970736742e-06
0.1682	38.2333717346191
0.0686	8.89026260375977
0.3446	0.292720913887024
0.011	20.1470928192139
0.3355	8.93420791625977
0.6164	1.1772917509079
0.5309	46.6670875549316
0.008	8.92527389526367
0.1062	24.5335159301758
0.124	8.49234104156494
0.2105	20.3088226318359
0.1077	8.61094856262207
0.0159	26.96852684021
0.2349	53.7316970825195
0.1201	8.23721027374268
0.1038	10.79953956604
0.4427	1.44860529899597
0.3964	49.5264205932617
0.5741	3.92034292221069
0.2099	23.4345188140869
0.1838	62.8638458251953
0.1573	7.69268035888672
0.3591	4.46169185638428
0.6207	0.702797174453735
0.5111	3.93390655517578e-06
0.2184	58.6243591308594
0.4419	7.61141347885132
0.4735	1.86221098899841
0.0409	0.0
0.7268	1.15414679050446
0.0486	26.8227119445801
0.3179	40.7842063903809
0.4055	26.1464805603027
0.0802	0.274027168750763
0.3984	23.2433891296387
0.0594	14.7732725143433
0.1392	8.82442665100098
0.2309	54.0958938598633
0.5224	66.1547012329102
0.0295	8.89027786254883
0.5636	4.55507564544678
0.6598	0.93360298871994
0.6512	21.6891174316406
0.0013	8.8164758682251
0.3247	8.92635726928711
0.3725	18.3053512573242
0.3577	89.9900054931641
0.5607	6.82182502746582
0.1908	8.92204093933105
0.5829	82.5822372436523
0.0412	6.75316762924194
0.0376	8.927734375
0.6379	8.92652034759521
0.0241	8.89786911010742
0.6563	17.6704807281494
0.5852	79.1056976318359
0.708	1.86625349521637
0.2207	6.69901466369629
0.4442	7.03715324401855
0.0316	9.27513122558594
0.0828	8.66211986541748
0.1191	8.90262985229492
0.2588	4.29086494445801
0.7056	22.5136070251465
0.5064	13.5952367782593
0.4631	69.8781814575195
0.1842	75.8384094238281
0.4075	6.72669124603271
0.063	72.4635467529297
0.0439	25.7896003723145
0.7038	50.7595748901367
0.4458	83.6367645263672
0.6251	15.1777868270874
0.6812	0.608748853206635
0.0444	92.3074798583984
0.3395	97.3579330444336
0.0775	7.00697183609009
0.071	58.7175445556641
0.0004	31.6874351501465
0.6652	84.5891799926758
0.6386	1.82281899452209
0.1479	3.1527042388916
0.5785	0.289409160614014
0.469	61.2565650939941
0.5947	1.21652603149414
0.0146	8.93516540527344
0.0994	15.7457056045532
0.2238	7.26244878768921
0.1307	88.7008743286133
0.4532	8.90743255615234
0.4064	2.71153926849365
0.3045	31.5730152130127
0.4786	4.6356201171875
0.5241	63.0059852600098
0.0068	8.97070693969727
0.214	8.50127029418945
0.1645	30.5915679931641
0.5078	95.9151611328125
0.3702	6.65825414657593
0.3395	3.449059009552
0.3177	99.3019485473633
0.6422	8.11911201477051
0.4828	2.49507069587708
0.0346	7.02880191802979
0.1616	4.08860778808594
0.0999	18.9427471160889
0.4261	0.293570131063461
0.0043	43.002082824707
0.1216	2.61330318450928
0.7125	65.4667663574219
0.542	3.41670179367065
0.4441	93.7572784423828
0.0867	9.17469787597656
0.5976	2.42793202400208
0.3861	0.0
0.1617	8.67466449737549
0.7187	30.4700813293457
0.3223	4.88428068161011
0.116	8.38708686828613
0.2157	8.8375825881958
0.6216	0.270463466644287
0.1433	43.9936866760254
0.7122	53.7156600952148
0.2149	2.37572860717773
0.0048	11.5138835906982
0.0139	15.1228837966919
0.2289	5.41285228729248
0.3018	67.8881072998047
0.605	1.75193285942078
0.0013	24.0233173370361
0.4379	24.5567111968994
0.2979	2.36066937446594
0.6705	7.5258526802063
0.6127	14.233757019043
0.103	7.09978103637695
0.6183	11.8600282669067
0.5606	34.6480941772461
0.5731	10.9845304489136
0.1896	7.49619340896606
0.561	0.337981283664703
0.0307	6.69720935821533
0.19	3.35092449188232
0.4679	8.83951091766357
0.1438	95.7139511108398
0.017	8.12131309509277
0.1128	95.4256057739258
0.0324	11.9009227752686
0.0652	8.56016540527344
0.0381	19.8516330718994
0.6364	0.451637029647827
0.104	77.707649230957
0.0077	80.9484405517578
0.0424	8.92484569549561
0.6744	60.4160041809082
0.5944	0.121434807777405
0.5049	19.3386096954346
0.3862	33.2689590454102
0.6919	96.6966247558594
0.0919	8.39610004425049
0.5891	1.82607805728912
0.0706	8.60353183746338
0.1973	87.3047561645508
0.1257	8.81912994384766
0.6607	99.3502578735352
0.2816	12.2640552520752
0.1013	13.6740760803223
0.5175	93.9892883300781
0.4884	3.83360242843628
0.0315	8.92344379425049
0.3799	2.61707496643066
0.6581	66.0131530761719
0.561	8.24475955963135
0.0122	39.622631072998
0.1708	8.73568725585938
0.5643	86.8869323730469
0.1869	18.3092575073242
0.4633	2.39923620223999
0.0048	10.5616102218628
0.2093	7.65765714645386
0.0884	7.34699440002441
0.3696	1.16308736801147
0.0438	8.87899017333984
0.3249	99.9442367553711
0.3881	0.712700724601746
0.0457	71.3706741333008
0.2504	1.60258388519287
0.3127	5.54157447814941
0.5521	10.589581489563
0.0628	2.62349367141724
0.391	16.2303695678711
0.2095	1.22877776622772
0.1161	17.3173198699951
0.6335	11.5365076065063
0.4622	2.73767995834351
0.1305	8.74309349060059
0.1802	14.4218339920044
0.0396	8.0893383026123
0.3727	8.82493019104004
0.1605	5.32152652740479
0.1572	7.75649642944336
0.5281	0.0
0.2992	99.7536773681641
0.224	9.07976341247559
0.6339	4.43765926361084
0.3498	8.29549503326416
0.3481	66.359748840332
0.0582	4.26584434509277
0.3672	0.665714979171753
0.0855	6.1881275177002
0.0759	8.90836429595947
0.3342	17.3314514160156
0.5773	1.86148881912231
0.1904	1.79143822193146
0.6889	0.983995795249939
0.1956	11.9742679595947
0.3202	2.13103199005127
0.6842	63.7319984436035
0.5169	8.8322696685791
0.4512	83.5367050170898
0.1869	2.51688861846924
0.6392	11.8686513900757
0.1314	8.78697204589844
0.3953	0.292267978191376
0.4129	49.9247665405273
0.3874	37.279224395752
0.3441	8.56746768951416
0.5256	60.3206443786621
0.5731	41.1888008117676
0.3198	2.1475133895874
0.3041	67.9043502807617
0.5555	51.3504295349121
0.0984	9.17275238037109
0.2175	8.64748001098633
0.0718	6.6725959777832
0.5642	3.64293766021729
0.527	0.293878704309464
0.0367	23.6040477752686
0.1834	17.9096794128418
0.251	3.3020703792572
0.5835	36.8696479797363
0.024	8.63086414337158
0.6887	5.74507522583008
0.0066	8.94320011138916
0.0662	4.50785350799561
0.6639	3.3322274684906
0.4292	2.45769357681274
0.3564	12.1743879318237
0.115	1.43604850769043
0.532	9.80148220062256
0.6169	0.553639888763428
0.0047	12.012188911438
0.4284	17.2661666870117
0.2843	4.69016933441162
0.3345	42.6882171630859
0.4485	3.07619071006775
0.1187	8.3479471206665
0.0875	23.8729972839355
0.0516	8.14143466949463
0.288	5.42000341415405
0.2274	6.09864139556885
0.1804	83.5238952636719
0.53	86.3330459594727
0.1962	72.0827713012695
0.0063	8.13149452209473
0.2282	2.01766061782837
0.3508	15.8254299163818
0.5308	12.179744720459
0.3673	6.75188302993774
0.2921	12.958402633667
0.0638	81.0523681640625
0.2416	57.960132598877
0.2398	6.19135570526123
0.5674	0.316089808940887
0.3934	8.91782283782959
0.2146	8.54197978973389
0.1409	26.8659591674805
0.4738	8.94354343414307
0.3591	4.67889070510864
0.6012	0.55167955160141
0.043	24.8813495635986
0.1003	59.2641563415527
0.1292	7.072669506073
0.3936	18.4312515258789
0.3296	5.64211893081665
0.5656	0.157159328460693
0.7248	94.6933898925781
0.6165	1.533243060112
0.0174	26.677978515625
0.2444	13.3114728927612
0.2015	76.4085388183594
0.147	8.8641414642334
0.5775	67.8767852783203
0.3002	6.87562465667725
0.0777	7.88183879852295
0.1924	8.91865730285645
0.5088	9.0327730178833
0.2867	0.231601521372795
0.0068	8.90024471282959
0.6304	2.0407350063324
0.0478	0.468654811382294
0.1222	8.23249435424805
0.6872	0.669906139373779
0.1583	25.4952373504639
0.0153	8.90350246429443
0.0	0.0
0.0011	7.47831583023071
0.0052	8.9392032623291
0.463	3.16209864616394
0.0	3.82819509506226
0.7037	14.2100772857666
0.023	8.41777801513672
0.2738	8.88425827026367
0.0488	8.37327003479004
0.1892	13.7449541091919
0.5755	11.2439270019531
0.1313	8.94187355041504
0.5883	6.17599248886108
0.0026	14.0910234451294
0.2692	74.5417175292969
0.3572	8.94776725769043
0.2177	80.8012084960938
0.2354	65.8552780151367
0.2568	7.92657470703125
0.7023	58.3816719055176
0.2389	9.39741992950439
0.314	19.4859218597412
0.4353	1.43834125995636
0.173	25.4433040618896
0.2389	72.3429412841797
0.0021	78.3167037963867
0.5266	22.4680213928223
0.1028	8.02494716644287
0.1693	4.88150930404663
0.3919	2.91931295394897
0.3949	8.8182897567749
0.5951	0.292184293270111
0.2858	16.6541976928711
0.0132	8.60901641845703
0.5138	0.291813731193542
0.0122	8.41084766387939
0.4969	9.0598669052124
0.5878	4.14306449890137
0.2394	8.89217567443848
0.3451	1.2706960439682
0.2005	8.93202495574951
0.2812	3.71168398857117
0.0861	7.40918827056885
0.5125	94.1221466064453
0.3121	6.4103045463562
0.5661	0.193451374769211
0.4877	4.48138046264648
0.057	24.2314434051514
0.0111	45.657356262207
0.4793	5.2355170249939
0.3846	0.292778849601746
0.0872	4.72836494445801
0.0437	6.14932346343994
0.703	38.4815673828125
0.38	40.7591667175293
0.2604	8.91587829589844
0.6037	9.31749248504639
0.1328	22.3880443572998
0.48	55.5132102966309
0.138	0.293767035007477
0.2874	3.23667359352112
0.2182	3.58945870399475
0.2215	12.180344581604
0.389	4.92212915420532
0.1802	6.63076066970825
0.6671	13.7475423812866
0.2086	5.28590250015259
0.6369	13.0790405273438
0.2822	8.89260387420654
0.7119	38.3220672607422
0.5362	0.291903376579285
0.3775	2.62635278701782
0.3277	0.28961580991745
0.5152	7.07345247268677
0.6428	12.3894958496094
0.3456	99.5705871582031
0.3906	1.52644073963165
0.6444	3.51795387268066
0.2617	7.77599430084229
0.0899	40.5469627380371
0.0782	8.90787696838379
0.599	7.73473834991455
0.1806	3.22661781311035
0.6547	2.53241539001465
0.0123	71.7078475952148
0.136	2.7085018157959
0.2466	6.69428443908691
0.11	9.95559787750244
0.6239	8.41210556030273
0.7287	65.3551177978516
0.3245	13.3002767562866
0.6814	1.40495204925537
0.3633	0.22139310836792
0.5215	78.8574600219727
0.19	6.62313604354858
0.2342	6.8077278137207
0.6841	0.669870853424072
0.6479	79.0662841796875
0.3947	7.78235149383545
0.0948	8.07648086547852
0.1428	5.89651012420654
0.5202	4.89781045913696
0.2341	8.54695224761963
0.0664	8.87540054321289
0.2655	5.22299861907959
0.3967	62.8291702270508
0.0	0.0
0.0683	8.83898735046387
0.6135	98.5452041625977
0.301	44.2763595581055
0.138	7.50331211090088
0.0122	19.9354419708252
0.6534	1.34923529624939
0.0035	9.88843250274658
0.1957	8.77139759063721
0.1882	96.326530456543
0.1315	2.85170793533325
0.0	0.0
0.343	2.47898960113525
0.3139	27.0804328918457
0.0914	4.22038269042969
0.6093	0.0209616422653198
0.1709	5.03284978866577
0.7298	73.630989074707
0.3958	26.6757202148438
0.4231	2.03476309776306
0.0	0.0
0.1277	1.96104228496552
0.2216	7.37641143798828
0.0019	8.95409870147705
0.3896	57.784782409668
0.0169	12.1668004989624
0.0332	12.5140895843506
0.2243	15.3506517410278
0.1641	7.80269622802734
0.0268	8.87899398803711
0.06	8.22587776184082
0.0875	11.7756929397583
0.1358	7.69815063476563
0.3505	3.2737135887146
0.2225	11.5166349411011
0.5018	0.0
0.2821	5.74269390106201
0.7487	94.0002365112305
0.5567	2.24782037734985
0.1406	8.87287330627441
0.6826	10.5854644775391
0.4296	8.95294761657715
0.7353	53.3481025695801
0.0403	8.22186374664307
0.2105	4.2010760307312
0.4045	85.0171585083008
0.6108	65.9385299682617
0.6317	99.0407257080078
0.2947	7.57077884674072
0.3162	87.7678527832031
0.0064	0.0
0.0066	8.83358764648438
0.0553	37.9755058288574
0.3445	4.08875179290771
0.136	9.99766254425049
0.5671	24.7982749938965
0.0056	26.9123039245605
0.1232	3.8855721950531
0.2704	57.5547828674316
0.5278	0.80632483959198
0.3456	1.38180351257324
0.0853	8.9262056350708
0.1523	12.778341293335
0.1834	14.7254161834717
0.0	0.0
0.066	8.03469371795654
0.1002	7.98557233810425
0.5705	8.02694606781006
0.5896	16.0996017456055
0.078	0.249275341629982
0.0716	8.38449192047119
0.1134	3.92849540710449
0.103	7.94141006469727
0.1142	2.66580033302307
0.214	8.08896255493164
0.3167	9.87920379638672
0.0456	19.6128120422363
0.4537	25.0615577697754
0.1554	26.4734058380127
0.3333	17.2521743774414
0.0164	14.6011753082275
0.213	38.41748046875
0.6821	75.8840713500977
0.1559	0.289548397064209
0.5492	7.46777248382568
0.3315	60.4453926086426
0.0102	27.0436267852783
0.2528	8.89331817626953
0.1025	16.0718803405762
0.5511	12.7401065826416
0.3284	2.25771999359131
0.2829	2.4092869758606
0.0553	5.15244054794312
0.0377	26.3829288482666
0.5698	11.9321765899658
0.0369	26.2418212890625
0.4335	37.8276443481445
0.6453	93.9131317138672
0.0124	8.92011070251465
0.2478	28.7390308380127
0.0049	8.90274715423584
0.4192	3.58024740219116
0.1903	99.941520690918
0.6532	1.0719301700592
0.6888	0.538985431194305
0.003	26.7969837188721
0.6146	74.3642959594727
0.1143	4.08941555023193
0.2475	6.60415697097778
0.0969	8.87415790557861
0.5482	22.6477584838867
0.6388	66.6700210571289
0.3284	5.30592489242554
0.1445	2.76900482177734
0.2119	7.76133489608765
0.0078	8.83609771728516
0.5471	2.33967590332031
0.275	0.203250721096992
0.1213	8.88700389862061
0.0504	25.0543193817139
0.5643	0.293966472148895
0.1357	8.92644882202148
0.6326	4.88321113586426
0.3125	6.70570087432861
0.2416	52.5015411376953
0.1587	33.7310638427734
0.0176	86.2515487670898
0.2917	7.20753812789917
0.3668	8.37154769897461
0.1609	8.75433158874512
0.3396	2.66924285888672
0.5165	88.5535430908203
0.6549	15.5610761642456
0.2089	6.560471534729
0.1054	14.5568189620972
0.0779	0.0
0.4553	24.7657012939453
0.5952	3.28007459640503
0.1503	7.88131475448608
0.0395	15.7492218017578
0.2945	60.423469543457
0.5467	3.87458276748657
0.1165	6.41329145431519
0.3399	3.44688391685486
0.6668	3.08234810829163
0.4748	4.47282218933105
0.3023	2.97299432754517
0.1353	24.9602031707764
0.3814	0.606327891349792
0.2424	3.39718174934387
0.377	11.7771883010864
0.001	11.3943576812744
0.0937	8.90923690795898
0.0511	8.92379570007324
0.1201	0.401286363601685
0.5174	0.641947984695435
0.5072	3.60896062850952
0.5366	5.74020290374756
0.0872	8.60685634613037
0.0029	38.8104019165039
0.1289	6.73549509048462
0.1257	8.48291397094727
0.3783	9.6556339263916
0.0121	8.89089202880859
0.2045	0.293667078018188
0.0834	7.4340386390686
0.001	43.2233810424805
0.3218	20.8500289916992
0.5717	39.9507904052734
0.6432	17.0062294006348
0.0098	10.3775033950806
0.1495	9.14701080322266
0.5	2.91503834724426
0.2591	8.91246128082275
0.6481	0.929863691329956
0.3387	53.9755592346191
0.7069	0.0
0.195	0.293625950813293
0.5331	9.01545524597168
0.2824	8.60983848571777
0.3139	63.8301734924316
0.4802	7.21336126327515
0.1124	6.00822019577026
0.5989	88.5810470581055
0.0692	8.64619255065918
0.5628	14.7449645996094
0.4042	81.087646484375
0.302	8.90974998474121
0.0903	1.09786319732666
0.2172	4.85443639755249
0.0206	10.6286554336548
0.3804	26.7009887695313
0.0101	25.5977668762207
0.5341	18.260799407959
0.1	8.57675361633301
0.2394	23.0941886901855
0.0612	27.7266674041748
0.1774	97.9919128417969
0.1309	1.83950674533844
0.0027	8.91073989868164
0.4685	0.290175080299377
0.2834	8.90289878845215
0.4561	42.8657608032227
0.5085	9.18982410430908
0.2	32.9941787719727
0.4319	0.284708857536316
0.5767	56.9900016784668
0.0032	8.43077182769775
0.397	0.292372912168503
0.5693	0.533463597297668
0.3288	8.70122146606445
0.0912	8.15813827514648
0.5262	0.0
0.336	2.86500263214111
0.3695	11.1739664077759
0.5146	8.44576072692871
0.5457	1.79169130325317
0.0779	8.54290866851807
0.2743	6.44678640365601
0.7004	23.2263507843018
0.5801	3.52959060668945
0.1878	3.7856502532959
0.6549	9.81197452545166
0.6428	8.08101463317871
0.7268	10.5318145751953
0.6969	73.5147171020508
0.7259	68.7274475097656
0.2492	16.4742374420166
0.0099	8.92383003234863
0.0272	27.3048439025879
0.024	8.72289180755615
0.5325	59.525260925293
0.2203	7.93967485427856
0.5934	7.55776119232178
0.0439	88.1638565063477
0.2604	7.8680248260498
0.1181	7.57010412216187
0.0812	95.8867721557617
0.0006	20.9024677276611
0.6631	0.283333420753479
0.4427	22.5860900878906
0.3817	21.0239410400391
0.1841	4.12814474105835
0.1506	2.80965685844421
0.6892	15.6073360443115
0.3949	3.44724726676941
0.001	17.4455890655518
0.2856	4.51145219802856
0.2803	4.59388256072998
0.0455	8.57762718200684
0.5467	1.30668926239014
0.1474	5.55921792984009
0.2237	2.08691120147705
0.2802	0.293568849563599
0.1653	7.1231689453125
0.0496	14.385947227478
0.7368	72.7856063842773
0.6119	2.01331925392151
0.6249	91.2331085205078
0.5211	2.61546206474304
0.0452	5.74070453643799
0.1822	8.93010997772217
0.3474	8.20916271209717
0.1884	8.58037567138672
0.244	26.4269866943359
0.356	4.17610454559326
0.0648	8.14659309387207
0.3688	11.7660140991211
0.0059	8.90653419494629
0.2535	84.9257583618164
0.0263	24.9428863525391
0.3666	16.4526405334473
0.3557	17.2322883605957
0.3575	8.91325092315674
0.7234	19.2014312744141
0.3938	1.72021448612213
0.1907	13.9446411132813
0.1	13.1484661102295
0.1059	18.3068656921387
0.0017	18.1346912384033
0.6777	21.9140872955322
0.4085	84.9783096313477
0.5218	8.64361476898193
0.1795	8.48064708709717
0.2837	8.91132831573486
0.5212	77.9546585083008
0.5446	3.95767712593079
0.3176	3.06166863441467
0.1861	0.29058438539505
0.4388	64.1927871704102
0.2448	18.837100982666
0.3433	1.71158111095428
0.1263	8.41861343383789
0.0808	8.53112411499023
0.4386	11.2482194900513
0.664	8.26626586914063
0.0231	8.95511341094971
0.5132	0.0
0.1243	8.42377662658691
0.4454	3.40674757957458
0.0533	8.81009483337402
0.3102	70.8118515014648
0.0355	4.89929151535034
0.5421	0.306644320487976
0.4008	4.61790084838867
0.427	22.5798187255859
0.0754	40.8210029602051
0.7335	81.2317047119141
0.4541	43.1163787841797
0.6039	5.07035493850708
0.0136	87.7712173461914
0.6428	12.6268653869629
0.7472	51.4958686828613
0.1151	8.7849178314209
0.5212	2.63276815414429
0.2106	75.9135055541992
0.2433	25.8512287139893
0.4841	30.3580188751221
0.2458	98.5927810668945
0.1512	8.93435859680176
0.3024	2.71118783950806
0.0172	12.4453134536743
0.0662	8.9334020614624
0.1176	4.46782159805298
0.5933	15.9054670333862
0.2343	8.92298126220703
0.2415	8.08891105651855
0.46	8.92754173278809
0.0044	20.7301425933838
0.6623	0.258860886096954
0.0557	7.34979724884033
0.2252	71.1796646118164
0.2316	29.2882404327393
0.252	0.0
0.5491	1.22555494308472
0.0868	27.6368598937988
0.0031	9.58675289154053
0.0963	7.18696880340576
0.004	24.6184501647949
0.1586	8.91361141204834
0.561	6.99503135681152
0.3285	4.4023756980896
0.3023	6.97722053527832
0.515	13.5956745147705
0.0099	16.5352039337158
0.5394	1.55332660675049
0.1651	33.3636779785156
0.1652	6.66253614425659
0.0906	9.42396640777588
0.4187	0.635719120502472
0.2755	2.59753060340881
0.339	43.1491432189941
0.1335	8.93010997772217
0.0689	11.3341178894043
0.3673	42.7314834594727
0.1454	7.5500111579895
0.4956	9.33841609954834
0.6948	10.2170333862305
0.1727	77.8332443237305
0.0168	8.86931324005127
0.4415	2.5085973739624
0.1868	2.22560167312622
0.0809	8.95040321350098
0.2704	3.26504611968994
0.6291	0.388042211532593
0.6636	0.547584116458893
0.0199	8.42255973815918
0.1068	7.20033979415894
0.2354	8.84543704986572
0.1645	8.65039920806885
0.2479	8.91557598114014
0.0217	8.72163391113281
0.5396	0.194228321313858
0.3095	67.3544387817383
0.6342	0.290608882904053
0.3305	4.86588001251221
0.0	0.0
0.6219	8.16962718963623
0.5083	0.287819504737854
0.6882	3.75992870330811
0.2709	2.45940732955933
0.2299	4.49878692626953
0.2655	18.1512641906738
0.626	23.9864063262939
0.1085	8.24368667602539
0.3392	8.90243625640869
0.5867	8.97033500671387
0.2703	3.80545902252197
0.261	8.87922096252441
0.6664	4.99126052856445
0.0448	8.91543292999268
0.2364	1.95900869369507
0.0923	8.83901977539063
0.1382	7.62244749069214
0.2634	62.4670257568359
0.5845	12.7991352081299
0.3975	4.38636112213135
0.3308	6.44279384613037
0.7186	18.4792556762695
0.1335	3.65343880653381
0.4402	0.739736437797546
0.247	48.2196617126465
0.0004	16.76930809021
0.3025	11.8470468521118
0.6612	50.7330017089844
0.6162	76.7126998901367
0.1931	6.68253564834595
0.5066	39.0299606323242
0.0103	6.50823450088501
0.1207	0.0
0.0429	6.93359470367432
0.0093	11.6811780929565
0.2004	99.9925003051758
0.0128	23.2722759246826
0.0208	10.6404714584351
0.2352	66.5387725830078
0.4122	5.11960506439209
0.1306	15.0227155685425
0.3501	8.90595436096191
0.191	8.13365364074707
0.6272	2.63977193832397
0.0222	25.1101875305176
0.5906	11.7722568511963
0.0689	8.87647533416748
0.0388	8.94608783721924
0.5239	2.13087606430054
0.2555	4.63454246520996
0.7013	0.003310298314318
0.3863	6.30501842498779
0.0	0.0
0.2935	70.0454940795898
0.2878	7.96955108642578
0.1976	7.20914316177368
0.0028	11.8287334442139
0.2548	6.73375701904297
0.2669	8.4823579788208
0.1847	8.25786399841309
0.207	10.3901557922363
0.1416	7.90272760391235
0.0398	58.5758666992188
0.0279	8.93421649932861
0.3867	2.30240154266357
0.3066	98.4177322387695
0.4234	54.6850624084473
0.2652	0.552147150039673
0.0456	8.1459903717041
0.0676	6.11018943786621
0.1107	8.91738986968994
0.0239	8.81958293914795
0.1355	1.22899210453033
0.5448	6.68602895736694
0.1092	0.0
0.0718	14.4596376419067
0.6304	0.953709840774536
0.611	8.28264617919922
0.2266	4.76837158203125e-06
0.4476	9.95695877075195
0.6504	59.001522064209
0.0368	22.9728374481201
0.5652	83.0757217407227
0.4238	9.80956077575684
0.4514	51.0186996459961
0.1051	8.66534614562988
0.0557	20.0495052337646
0.1039	8.53554534912109
0.1773	8.92158031463623
0.5633	0.29030179977417
0.351	8.68917846679688
0.1492	5.80109739303589
0.3365	11.1297845840454
0.3008	8.90005207061768
0.6923	3.25579929351807
0.4875	8.54548072814941
0.4664	6.38482856750488
0.1215	8.40116214752197
0.0278	8.91267108917236
0.552	0.292151868343353
0.0383	8.72482490539551
0.6698	0.293064385652542
0.0628	6.28415775299072
0.2871	95.1358795166016
0.521	8.81080913543701
0.1186	10.5188999176025
0.6713	8.10152053833008
0.0354	7.81753778457642
0.5176	3.06021928787231
0.1404	13.6032400131226
0.2182	0.727217793464661
0.1746	6.90127944946289
0.1769	2.38536310195923
0.4656	26.9273834228516
0.0277	10.3024091720581
0.02	24.1014442443848
0.0007	19.676815032959
0.0402	8.88669300079346
0.0754	8.24800205230713
0.1995	4.65499210357666
0.2951	2.44110536575317
0.6379	4.79979228973389
0.3247	40.2703475952148
0.0095	8.87001037597656
0.0175	22.0428085327148
0.0098	26.5179748535156
0.0127	8.7578239440918
0.3899	7.02265214920044
0.6939	4.55663013458252
0.164	54.927806854248
0.1421	7.54779100418091
0.0146	8.92163848876953
0.2382	0.0
0.3679	44.6314849853516
0.6209	20.8064479827881
0.0045	15.4073467254639
0.3116	75.1932067871094
0.0834	26.1946296691895
0.0393	9.63464069366455
0.0034	9.12082481384277
0.5054	3.23156118392944
0.1574	91.228385925293
0.5671	2.37966060638428
0.0727	7.39062833786011
0.1937	8.02537536621094
0.0552	7.12236881256104
0.0037	25.1670932769775
0.438	2.52403926849365
0.5198	3.07254481315613
0.1731	2.60649156570435
0.0141	25.9086170196533
0.0	0.0
0.0183	26.3544883728027
0.5038	4.16923093795776
0.1132	3.5238938331604
0.7232	78.5058212280273
0.0146	8.93546676635742
0.0232	37.049633026123
0.0284	6.35579299926758
0.0997	3.11670517921448
0.576	22.4684429168701
0.551	0.84059202671051
0.5887	44.2490997314453
0.6346	8.17035579681396
0.1308	7.90072250366211
0.4344	0.375144809484482
0.3807	2.20509004592896
0.0928	12.9483051300049
0.2577	7.04248571395874
0.1465	8.27574253082275
0.0718	8.79912090301514
0.4504	7.1841926574707
0.5659	28.7183990478516
0.4694	1.49887657165527
0.0873	8.48041152954102
0.0495	10.665699005127
0.0886	8.66170978546143
0.3528	9.1663761138916
0.1218	0.294248580932617
0.2075	1.15607964992523
0.1175	8.9229564666748
0.3163	2.94566369056702
0.155	7.031165599823
0.0339	7.44276142120361
0.6302	9.28732109069824
0.5175	9.95057487487793
0.2429	8.91652488708496
0.6264	14.7749328613281
0.2982	0.214010119438171
0.0167	10.7515506744385
0.455	3.76016044616699
0.5273	12.6153993606567
0.5113	11.5512104034424
0.5223	71.955696105957
