0.00310138	118.129
0.00310138	119.319
0.00310138	122.779
0.00310138	124.809
0.00310138	126.959
0.00310138	128.629
0.00310138	129.099
0.00310138	127.899
0.00310138	125.499
0.00310138	124.049
0.00310138	123.689
0.00310138	121.399
0.00310138	120.319
0.00310138	119.229
0.00310138	117.789
0.00310138	116.229
0.00310138	114.779
0.00310138	112.139
0.00310138	109.619
0.00392107	121.851
0.00392107	124.001
0.00392107	126.661
0.00392107	128.311
0.00392107	128.831
0.00392107	127.581
0.00392107	125.211
0.00392107	122.211
0.00392107	122.101
0.00392107	120.981
0.00392107	119.111
0.00392107	117.741
0.00392107	116.241
0.00392107	114.751
0.00392107	112.251
0.00392107	108.991
0.00392107	106.111
0.00495741	123.312
0.00495741	125.472
0.00495741	127.632
0.00495741	129.292
0.00495741	129.552
0.00495741	128.312
0.00495741	125.802
0.00495741	122.782
0.00495741	120.532
0.00495741	120.162
0.00495741	118.922
0.00495741	116.792
0.00495741	115.792
0.00495741	114.042
0.00495741	110.652
0.00579636	123.543
0.00579636	126.843
0.00579636	128.633
0.00579636	130.173
0.00579636	131.073
0.00579636	130.723
0.00579636	128.723
0.00579636	126.343
0.00579636	123.213
0.00579636	120.963
0.00579636	120.233
0.00579636	118.743
0.00579636	115.863
0.00579636	113.733
0.00253511	121.055
0.00253511	123.565
0.00253511	126.195
0.00253511	128.705
0.00253511	130.205
0.00253511	130.435
0.00253511	129.395
0.00253511	127.095
0.00253511	125.305
0.00253511	125.025
0.00253511	124.625
0.00253511	123.465
0.00253511	122.175
0.00253511	117.465
0.00346574	120.137
0.00346574	122.147
0.00346574	125.157
0.00346574	127.417
0.00346574	129.037
0.00346574	129.147
0.00346574	128.257
0.00346574	125.837
0.00346574	122.797
0.00346574	121.397
0.00346574	121.627
0.00346574	120.227
0.00346574	118.827
0.00346574	116.417
0.00473801	122.229
0.00473801	123.879
0.00473801	127.039
0.00473801	129.579
0.00473801	130.469
0.00473801	129.969
0.00473801	128.339
0.00473801	125.319
0.00473801	121.659
0.00473801	119.649
0.00473801	120.419
0.00473801	119.159
0.00473801	117.649
0.00473801	114.249
0.00473801	113.129
0.00614329	127.011
0.00614329	129.691
0.00614329	131.221
0.00614329	132.251
0.00614329	132.011
0.00614329	129.491
0.00614329	125.581
0.00614329	125.721
0.00614329	123.081
0.00614329	117.911
0.00614329	116.151
0.00614329	118.441
0.00614329	115.801
0.00614329	115.311
0.00614329	112.541
0.0123481	130.989
0.0123481	131.889
0.0123481	132.149
0.0123481	132.039
0.0123481	130.299
0.0123481	128.929
0.0123481	126.299
0.0123481	122.539
0.0123481	123.189
0.0123481	121.059
0.0123481	117.809
0.0123481	116.559
0.0123481	114.309
0.0123481	114.079
0.0123481	111.959
0.0123481	110.839
0.00193287	119.513
0.00193287	124.403
0.00193287	127.903
0.00193287	130.033
0.00193287	131.023
0.00193287	131.013
0.00193287	129.633
0.00193287	126.863
0.00193287	125.603
0.00193287	125.343
0.00193287	123.453
0.00193287	121.313
0.00193287	120.553
0.00193287	115.413
0.00294804	121.009
0.00294804	125.809
0.00294804	128.829
0.00294804	130.589
0.00294804	130.829
0.00294804	130.049
0.00294804	128.139
0.00294804	125.589
0.00294804	122.919
0.00294804	121.889
0.00294804	121.499
0.00294804	119.209
0.00294804	116.659
0.00294804	112.589
0.00294804	108.649
0.00485029	125.347
0.00485029	127.637
0.00485029	129.937
0.00485029	132.357
0.00485029	132.757
0.00485029	130.507
0.00485029	127.117
0.00485029	126.267
0.00485029	124.647
0.00485029	120.497
0.00485029	119.137
0.00485029	117.137
0.00485029	117.037
0.00485029	116.677
0.00909175	127.488
0.00909175	130.558
0.00909175	132.118
0.00909175	132.658
0.00909175	133.198
0.00909175	132.358
0.00909175	128.338
0.00909175	122.428
0.00909175	120.058
0.00909175	120.228
0.00909175	117.478
0.00909175	111.818
0.00909175	114.258
0.00909175	113.288
0.00909175	112.688
0.00909175	111.588
0.00909175	110.868
0.0233328	127.315
0.0233328	128.335
0.0233328	128.595
0.0233328	128.345
0.0233328	126.835
0.0233328	126.465
0.0233328	126.345
0.0233328	123.835
0.0233328	120.555
0.0233328	118.545
0.0233328	117.925
0.0233328	116.295
0.0233328	113.525
0.0233328	112.265
0.0233328	111.135
0.0233328	109.885
0.0584113	114.75
0.0584113	115.89
0.0584113	116.02
0.0584113	115.91
0.0584113	114.9
0.0584113	116.55
0.0584113	116.56
0.0584113	114.67
0.0584113	112.16
0.0584113	110.78
0.0584113	109.52
0.0584113	106.88
0.0584113	106.26
0.0584113	104.5
0.0584113	104.13
0.0584113	103.38
0.000791822	126.508
0.000791822	127.638
0.000791822	129.148
0.000791822	130.908
0.000791822	132.918
0.000791822	134.938
0.000791822	135.938
0.000791822	135.308
0.000791822	134.308
0.000791822	131.918
0.000791822	128.518
0.000791822	125.998
0.000791822	123.988
0.00152689	125.647
0.00152689	128.427
0.00152689	130.197
0.00152689	132.587
0.00152689	133.847
0.00152689	133.587
0.00152689	131.807
0.00152689	129.777
0.00152689	125.717
0.00152689	120.397
0.00152689	116.967
0.00566229	120.015
0.00566229	122.905
0.00566229	126.045
0.00566229	128.435
0.00566229	130.195
0.00566229	131.205
0.00566229	130.965
0.00566229	129.965
0.00566229	127.465
0.00566229	123.965
0.00566229	118.955
0.0150478	125.01
0.0150478	126.43
0.0150478	128.99
0.0150478	130.67
0.0150478	131.96
0.0150478	133.13
0.0150478	133.79
0.0150478	132.43
0.0150478	130.05
0.0150478	126.54
0.0150478	124.42
0.0150478	122.17
0.0150478	119.67
0.0150478	115.52
0.0282593	121.783
0.0282593	122.893
0.0282593	124.493
0.0282593	125.353
0.0282593	125.963
0.0282593	127.443
0.0282593	128.423
0.0282593	127.893
0.0282593	126.743
0.0282593	124.843
0.0282593	123.443
0.0282593	122.413
0.0282593	120.513
0.0282593	118.113
0.0282593	114.453
0.0282593	109.663
0.036484	125.974
0.036484	127.224
0.036484	129.864
0.036484	130.614
0.036484	128.444
0.036484	120.324
0.036484	119.174
0.036484	118.904
0.036484	118.634
0.036484	117.604
0.036484	117.724
0.036484	116.184
0.036484	113.004
0.036484	108.684
0.000428464	124.156
0.000428464	130.026
0.000428464	131.836
0.000428464	133.276
0.000428464	135.346
0.000428464	136.536
0.000428464	136.826
0.000428464	135.866
0.000428464	133.376
0.000428464	129.116
0.000428464	124.986
0.000907475	116.366
0.000907475	118.696
0.000907475	120.766
0.000907475	122.956
0.000907475	125.026
0.000907475	125.966
0.000907475	128.916
0.000907475	131.236
0.000907475	133.436
0.000907475	134.996
0.000907475	135.426
0.000907475	134.336
0.000907475	131.346
0.000907475	126.066
0.00449821	116.074
0.00449821	116.924
0.00449821	119.294
0.00449821	121.154
0.00449821	123.894
0.00449821	126.514
0.00449821	129.014
0.00449821	130.374
0.00449821	130.964
0.00449821	131.184
0.00449821	131.274
0.00449821	131.234
0.00449821	129.934
0.00449821	127.864
0.00449821	125.044
0.00449821	120.324
0.0130253	121.547
0.0130253	123.537
0.0130253	125.527
0.0130253	127.127
0.0130253	128.867
0.0130253	130.217
0.0130253	130.947
0.0130253	130.777
0.0130253	129.977
0.0130253	129.567
0.0130253	129.027
0.0130253	127.847
0.0130253	126.537
0.0130253	125.107
0.0130253	123.177
0.0130253	120.607
0.0130253	116.017
0.0172206	114.044
0.0172206	114.714
0.0172206	115.144
0.0172206	115.444
0.0172206	117.514
0.0172206	124.514
0.0172206	135.324
0.0172206	138.274
0.0172206	131.364
0.0172206	127.614
0.0172206	126.644
0.0172206	124.154
0.0172206	123.564
0.0172206	122.724
0.0172206	119.854
0.0229028	116.066
0.0229028	117.386
0.0229028	120.716
0.0229028	123.416
0.0229028	129.776
0.0229028	137.026
0.0229028	137.076
0.0229028	128.416
0.0229028	126.446
0.0229028	122.216
0.0229028	121.256
0.0229028	121.306
0.0229028	120.856
0.0229028	119.646
0.0229028	118.816
0.00146332	125.401
0.00146332	128.401
0.00146332	130.781
0.00146332	132.271
0.00146332	133.261
0.00146332	133.251
0.00146332	132.611
0.00146332	130.961
0.00146332	127.801
0.00146332	126.021
0.00146332	125.631
0.00146332	122.341
0.00146332	119.561
0.00245138	127.251
0.00245138	129.991
0.00245138	131.971
0.00245138	133.211
0.00245138	133.071
0.00245138	132.301
0.00245138	130.791
0.00245138	128.401
0.00245138	124.881
0.00245138	122.371
0.00245138	120.851
0.00245138	118.091
0.00245138	115.321
0.00578076	128.295
0.00578076	130.955
0.00578076	133.355
0.00578076	134.625
0.00578076	134.515
0.00578076	132.395
0.00578076	127.375
0.00578076	122.235
0.0124596	133.42
0.0124596	134.34
0.0124596	135.38
0.0124596	135.54
0.0124596	133.79
0.0124596	131.92
0.0124596	130.94
0.0124596	129.58
0.0124596	127.71
0.0124596	123.82
0.0124596	119.04
0.0124596	119.19
0.0124596	119.35
0.0124596	116.22
0.0124596	113.08
0.0124596	113.11
0.0408268	128.545
0.0408268	129.675
0.0408268	129.415
0.0408268	128.265
0.0408268	122.205
0.0408268	121.315
0.0408268	122.315
0.0408268	122.435
0.0408268	121.165
0.0408268	117.875
0.0408268	114.085
0.0408268	113.315
0.0408268	113.055
0.0408268	110.905
0.0408268	108.625
0.0408268	107.985
0.0528487	123.514
0.0528487	124.644
0.0528487	122.754
0.0528487	120.484
0.0528487	115.304
0.0528487	118.084
0.0528487	118.964
0.0528487	119.224
0.0528487	118.214
0.0528487	114.554
0.0528487	110.894
0.0528487	110.264
0.0528487	109.254
0.0528487	106.604
0.0528487	106.224
0.0528487	104.204
