100.0	567.0
63.0	739.0
58.0	675.0
60.0	27.0
108.0	1620.0
43.0	21.0
70.0	19.0
50.0	15.0
66.0	107.0
92.0	87.0
70.0	59.0
73.0	413.0
70.0	23.0
77.0	4260.0
70.0	38.0
80.0	31.0
95.0	2012.0
60.0	28.0
68.0	43.0
66.0	5750.0
62.0	295.0
92.0	179.0
60.0	61.0
150.0	635.0
55.0	12.0
89.0	4202.0
66.0	39.0
80.0	524.0
104.0	22.0
65.0	19.0
80.0	34.0
80.0	1089.0
70.0	27.0
78.0	117.0
45.0	20.0
84.0	291.0
111.0	6.0
65.0	362.0
76.0	753.0
95.0	109.0
79.0	43.0
81.0	26.0
72.0	55.0
75.0	133.0
86.0	3857.0
226.0	211.0
71.0	160.0
80.0	123.0
82.0	446.0
77.0	60.0
79.0	48.0
69.0	96.0
79.0	85.0
72.0	274.0
85.0	1557.0
71.0	31.0
82.0	589.0
68.0	27.0
67.0	324.0
64.0	278.0
62.0	40.0
66.0	297.0
103.0	253.0
87.0	11.0
84.0	268.0
74.0	39.0
64.0	1515.0
58.0	46.0
65.0	26.0
71.0	167.0
68.0	15.0
76.0	542.0
98.0	13.0
73.0	40.0
79.0	26.0
77.0	67.0
85.0	80.0
64.0	117.0
66.0	88.0
67.0	140.0
61.0	48.0
80.0	109.0
80.0	347.0
65.0	26.0
74.0	145.0
60.0	175.0
66.0	158.0
70.0	46.0
89.0	1926.0
93.0	836.0
59.0	159.0
75.0	42.0
80.0	100.0
67.0	35.0
64.0	22.0
78.0	27.0
75.0	145.0
72.0	34.0
55.0	147.0
64.0	31.0
66.0	193.0
60.0	233.0
67.0	16.0
94.0	740.0
63.0	193.0
60.0	182.0
78.0	21.0
75.0	220.0
64.0	164.0
67.0	40.0
65.0	25.0
80.0	224.0
96.0	738.0
65.0	134.0
111.0	5607.0
90.0	4609.0
65.0	28.0
75.0	24.0
66.0	169.0
89.0	316.0
70.0	23.0
102.0	1410.0
71.0	138.0
85.0	786.0
56.0	175.0
63.0	14.0
99.0	2314.0
66.0	71.0
71.0	154.0
57.0	264.0
88.0	30.0
65.0	21.0
91.0	23.0
63.0	291.0
104.0	2875.0
61.0	93.0
86.0	9.0
62.0	590.0
85.0	1085.0
64.0	13.0
125.0	3344.0
85.0	56.0
65.0	76.0
73.0	197.0
76.0	19.0
59.0	18.0
80.0	376.0
80.0	38.0
63.0	59.0
67.0	51.0
64.0	19.0
64.0	65.0
66.0	25.0
73.0	55.0
58.0	63.0
62.0	276.0
66.0	80.0
86.0	91.0
63.0	107.0
85.0	57.0
123.0	8573.0
111.0	169.0
96.0	84.0
70.0	54.0
113.0	1362.0
99.0	176.0
90.0	287.0
104.0	5671.0
67.0	156.0
62.0	67.0
99.0	126.0
73.0	85.0
88.0	24.0
75.0	18.0
76.0	285.0
60.0	17.0
91.0	912.0
99.0	5127.0
77.0	1062.0
84.0	529.0
89.0	149.0
68.0	89.0
86.0	423.0
82.0	111.0
72.0	36.0
66.0	54.0
84.0	392.0
76.0	41.0
77.0	1557.0
65.0	53.0
78.0	669.0
64.0	33.0
96.0	16144.0
95.0	95.0
90.0	554.0
95.0	126.0
91.0	1265.0
106.0	225.0
87.0	725.0
99.0	80.0
91.0	99.0
78.0	747.0
78.0	271.0
82.0	383.0
60.0	39.0
89.0	78.0
60.0	18.0
94.0	883.0
111.0	256.0
104.0	1197.0
89.0	198.0
102.0	512.0
78.0	185.0
83.0	634.0
67.0	336.0
79.0	210.0
113.0	3987.0
95.0	6426.0
93.0	809.0
79.0	883.0
83.0	323.0
83.0	337.0
71.0	534.0
95.0	2579.0
87.0	237.0
98.0	73.0
84.0	261.0
80.0	156.0
71.0	20.0
69.0	94.0
83.0	334.0
61.0	69.0
110.0	789.0
83.0	51.0
80.0	136.0
86.0	33.0
82.0	207.0
106.0	66.0
79.0	198.0
99.0	215.0
71.0	53.0
83.0	244.0
92.0	432.0
86.0	469.0
95.0	48.0
102.0	44.0
75.0	43.0
71.0	46.0
90.0	384.0
109.0	9895.0
90.0	35.0
113.0	9483.0
96.0	139.0
82.0	434.0
95.0	182.0
83.0	80.0
100.0	2260.0
80.0	278.0
109.0	169.0
98.0	48.0
96.0	64.0
97.0	75.0
108.0	460.0
179.0	24826.0
102.0	682.0
91.0	1310.0
92.0	467.0
147.0	145.0
134.0	89687.0
60.0	305.0
100.0	304.0
96.0	3316.0
140.0	1564.0
104.0	9837.0
95.0	5140.0
88.0	100.0
99.0	31.0
120.0	424.0
75.0	5052.0
134.0	7472.0
90.0	99.0
95.0	293.0
102.0	836.0
95.0	170.0
63.0	221.0
110.0	1248.0
90.0	26.0
170.0	2400.0
77.0	576.0
87.0	125.0
95.0	6700.0
176.0	11607.0
88.0	62.0
85.0	19.0
82.0	2120.0
97.0	188.0
90.0	1945.0
91.0	344.0
90.0	29.0
103.0	33.0
90.0	1124.0
110.0	426.0
77.0	61.0
107.0	1285.0
85.0	93.0
90.0	18.0
101.0	5748.0
86.0	17.0
108.0	18565.0
102.0	17.0
105.0	748.0
120.0	160.0
91.0	1188.0
70.0	121.0
123.0	2331.0
63.0	25.0
90.0	48.0
91.0	68.0
105.0	61.0
83.0	22.0
100.0	531.0
103.0	2994.0
90.0	64.0
94.0	109.0
115.0	503.0
85.0	153.0
95.0	107.0
101.0	2501.0
102.0	55.0
95.0	148.0
98.0	1135.0
77.0	96.0
85.0	30.0
96.0	1673.0
107.0	143.0
80.0	738.0
87.0	72.0
84.0	1711.0
90.0	1864.0
112.0	266.0
96.0	11176.0
80.0	145.0
97.0	223.0
99.0	1657.0
167.0	132.0
118.0	62.0
118.0	281.0
96.0	6630.0
89.0	133.0
45.0	3079.0
95.0	2451.0
88.0	266.0
113.0	103.0
90.0	141.0
98.0	200.0
99.0	1480.0
110.0	822.0
89.0	584.0
100.0	230.0
93.0	248.0
91.0	1448.0
95.0	1137.0
106.0	72.0
93.0	13161.0
86.0	854.0
101.0	146.0
125.0	31336.0
93.0	135.0
110.0	2483.0
96.0	2311.0
87.0	1107.0
120.0	670075.0
100.0	3930.0
94.0	201.0
101.0	1724.0
91.0	240.0
98.0	2155.0
86.0	26245.0
97.0	408.0
123.0	43911.0
98.0	45.0
77.0	176.0
91.0	3398.0
120.0	7812.0
117.0	731.0
100.0	688.0
94.0	68.0
87.0	274.0
108.0	4340.0
127.0	1741.0
115.0	6417.0
105.0	1370.0
108.0	3789.0
98.0	115.0
118.0	14950.0
101.0	26936.0
121.0	9720.0
89.0	2419.0
109.0	75.0
95.0	60.0
90.0	249.0
107.0	939.0
91.0	2920.0
102.0	1325.0
90.0	46.0
104.0	558.0
112.0	3513.0
105.0	4427.0
119.0	6319.0
99.0	1349.0
120.0	348.0
87.0	237.0
119.0	243606.0
102.0	867.0
108.0	188.0
90.0	88.0
91.0	29.0
98.0	132217.0
96.0	1172.0
82.0	1336.0
111.0	569.0
87.0	41.0
94.0	694.0
96.0	31.0
129.0	400427.0
101.0	674.0
120.0	6181.0
96.0	597.0
108.0	84.0
86.0	140.0
113.0	2590.0
109.0	441.0
95.0	42633.0
125.0	69558.0
90.0	16.0
95.0	162.0
100.0	141.0
84.0	38.0
116.0	34911.0
85.0	32.0
100.0	4529.0
95.0	1457.0
101.0	173.0
86.0	92.0
102.0	4784.0
108.0	855.0
128.0	3447.0
99.0	222741.0
83.0	543.0
108.0	3605.0
100.0	191.0
110.0	760.0
59.0	36.0
91.0	21626.0
89.0	14.0
96.0	246.0
86.0	233.0
100.0	33.0
101.0	139.0
112.0	61.0
106.0	845.0
107.0	19.0
93.0	72.0
63.0	21.0
98.0	2887.0
112.0	225.0
91.0	321.0
100.0	1613.0
88.0	1745.0
96.0	4347.0
138.0	54993.0
97.0	3694.0
98.0	12.0
87.0	36.0
82.0	653.0
113.0	7156.0
97.0	85.0
85.0	7.0
107.0	478.0
91.0	238994.0
105.0	156.0
96.0	19.0
86.0	52.0
87.0	166.0
108.0	71.0
107.0	11264.0
284.0	338.0
102.0	1863.0
96.0	38559.0
104.0	8739.0
97.0	1516.0
119.0	98476.0
90.0	772.0
114.0	55458.0
99.0	406.0
113.0	106755.0
89.0	774.0
95.0	313.0
98.0	103.0
93.0	7584.0
104.0	316.0
92.0	47.0
95.0	745.0
106.0	15371.0
110.0	16652.0
114.0	1613.0
93.0	16.0
92.0	1519.0
108.0	390.0
86.0	694.0
91.0	940.0
90.0	103.0
96.0	56.0
93.0	63526.0
86.0	371.0
94.0	138.0
87.0	12.0
100.0	33.0
97.0	366.0
75.0	143.0
104.0	8062.0
108.0	62663.0
98.0	17004.0
119.0	23419.0
127.0	3574.0
168.0	57531.0
91.0	7859.0
135.0	386.0
90.0	147.0
87.0	17.0
95.0	1231.0
98.0	5295.0
97.0	16353.0
85.0	1450.0
90.0	228.0
94.0	146.0
110.0	89.0
97.0	64854.0
107.0	80948.0
93.0	7504.0
89.0	3314.0
87.0	59.0
94.0	3896.0
95.0	80.0
93.0	1563.0
85.0	862.0
92.0	238.0
107.0	102538.0
106.0	1144.0
105.0	248.0
104.0	157884.0
91.0	4398.0
105.0	156.0
95.0	985.0
100.0	2925.0
92.0	727.0
102.0	308.0
91.0	1844.0
93.0	372.0
94.0	50.0
104.0	7546.0
90.0	6631.0
86.0	95.0
108.0	13668.0
99.0	416.0
107.0	5269.0
90.0	1524.0
100.0	985.0
95.0	4829.0
91.0	1040.0
115.0	11991.0
95.0	12.0
106.0	136.0
98.0	8645.0
100.0	92.0
101.0	11393.0
106.0	389.0
92.0	3779.0
90.0	11117.0
128.0	127241.0
108.0	12645.0
94.0	432.0
127.0	11225.0
105.0	1051.0
115.0	103100.0
126.0	3249.0
91.0	8209.0
93.0	155.0
113.0	3365.0
136.0	673.0
85.0	40.0
94.0	722.0
114.0	72638.0
109.0	44420.0
105.0	6174.0
110.0	40.0
96.0	17892.0
107.0	9784.0
83.0	14.0
108.0	15976.0
128.0	8414.0
76.0	21.0
95.0	34.0
109.0	2327.0
89.0	3155.0
170.0	29101.0
90.0	3982.0
91.0	17.0
119.0	12186.0
107.0	32395.0
105.0	29286.0
84.0	54.0
105.0	112.0
114.0	48.0
101.0	7234.0
90.0	382.0
88.0	131.0
92.0	24.0
100.0	11624.0
90.0	4305.0
100.0	373.0
100.0	355.0
93.0	51.0
120.0	166.0
90.0	2575.0
95.0	50.0
94.0	233.0
90.0	282.0
92.0	1532.0
98.0	2621.0
107.0	52.0
82.0	27.0
91.0	11039.0
94.0	9102.0
100.0	11732.0
116.0	53169.0
91.0	10969.0
92.0	294793.0
100.0	23.0
107.0	7155.0
114.0	94848.0
78.0	41.0
82.0	22.0
94.0	205.0
116.0	146.0
96.0	59.0
95.0	623.0
99.0	1949.0
118.0	456.0
88.0	20064.0
115.0	3146.0
113.0	23337.0
107.0	2323.0
89.0	87396.0
105.0	5120.0
77.0	65.0
87.0	567.0
84.0	588.0
117.0	7903.0
81.0	211.0
50.0	509.0
99.0	1011.0
90.0	188187.0
93.0	3312.0
83.0	464.0
100.0	8533.0
98.0	854.0
95.0	436.0
93.0	554.0
101.0	90.0
68.0	52.0
97.0	301.0
84.0	114.0
98.0	241.0
121.0	454.0
118.0	41.0
91.0	680.0
89.0	85.0
98.0	136.0
136.0	53886.0
145.0	28.0
96.0	19.0
78.0	198.0
92.0	19.0
95.0	48.0
92.0	22.0
102.0	105.0
45.0	16.0
73.0	133.0
137.0	39574.0
101.0	584.0
90.0	33.0
83.0	20.0
78.0	27.0
70.0	249.0
90.0	39.0
97.0	25.0
81.0	43.0
102.0	144.0
97.0	162.0
84.0	14.0
56.0	9.0
99.0	12.0
103.0	68359.0
111.0	497.0
116.0	44580.0
63.0	33.0
85.0	87.0
111.0	626.0
119.0	29263.0
110.0	11.0
98.0	1801.0
92.0	73.0
88.0	77.0
89.0	41.0
75.0	47.0
87.0	25.0
120.0	1600.0
93.0	17.0
74.0	294.0
95.0	180.0
96.0	1285.0
90.0	9.0
90.0	6532.0
90.0	1223.0
105.0	266.0
89.0	264.0
85.0	69.0
97.0	348.0
93.0	46.0
106.0	635.0
162.0	129533.0
126.0	61320.0
97.0	1831.0
68.0	22.0
63.0	70.0
93.0	69.0
90.0	63.0
90.0	22.0
149.0	134.0
90.0	80.0
150.0	1270.0
92.0	1839.0
140.0	8.0
93.0	7.0
93.0	204.0
75.0	149.0
108.0	46.0
90.0	200.0
100.0	43.0
182.0	54.0
93.0	274.0
60.0	51.0
90.0	30.0
60.0	109.0
142.0	71.0
100.0	66.0
93.0	345.0
95.0	1448.0
106.0	87.0
107.0	185.0
100.0	42.0
95.0	98.0
100.0	51.0
93.0	270.0
86.0	59.0
224.0	126077.0
93.0	109.0
101.0	85.0
76.0	130.0
92.0	34.0
107.0	51.0
91.0	171.0
146.0	106076.0
78.0	10.0
80.0	18.0
69.0	28.0
79.0	16.0
106.0	35313.0
95.0	30.0
79.0	731.0
136.0	92141.0
94.0	493.0
48.0	23.0
106.0	41.0
81.0	4246.0
120.0	455.0
106.0	44.0
80.0	25.0
90.0	38.0
105.0	69.0
130.0	161.0
90.0	80.0
124.0	1221.0
110.0	116.0
118.0	939.0
74.0	9.0
74.0	26.0
112.0	175.0
90.0	35.0
77.0	156.0
75.0	57.0
93.0	204.0
118.0	72882.0
77.0	247.0
105.0	40.0
111.0	983.0
114.0	2576.0
80.0	78.0
124.0	231.0
60.0	20.0
110.0	126.0
93.0	2911.0
90.0	25.0
92.0	48.0
124.0	12644.0
80.0	983.0
86.0	402.0
95.0	19.0
80.0	86.0
91.0	23.0
94.0	11.0
124.0	25879.0
88.0	19.0
91.0	240.0
92.0	26.0
93.0	3468.0
118.0	329.0
120.0	308.0
57.0	41.0
240.0	11.0
98.0	111820.0
99.0	1690.0
93.0	323.0
90.0	833.0
95.0	5464.0
72.0	25.0
110.0	11796.0
95.0	117.0
90.0	130.0
75.0	46.0
104.0	112.0
103.0	85.0
107.0	15976.0
91.0	15.0
102.0	9689.0
112.0	389.0
94.0	716.0
45.0	26.0
106.0	367.0
138.0	151.0
97.0	100.0
104.0	15.0
93.0	16.0
106.0	864.0
87.0	109.0
90.0	276.0
91.0	393.0
59.0	12.0
73.0	27.0
82.0	17.0
90.0	68.0
48.0	16.0
83.0	62.0
121.0	120.0
135.0	86.0
94.0	6606.0
102.0	61.0
94.0	28.0
93.0	714.0
100.0	159.0
100.0	267.0
67.0	18.0
94.0	163.0
106.0	4321.0
160.0	3758.0
71.0	26.0
84.0	13.0
76.0	15.0
90.0	21.0
137.0	337.0
46.0	2404.0
90.0	24.0
98.0	30542.0
120.0	30.0
157.0	108911.0
92.0	98.0
95.0	36.0
29.0	18.0
86.0	1855.0
98.0	1552.0
98.0	994.0
91.0	445.0
119.0	2506.0
71.0	4711.0
90.0	115.0
89.0	19156.0
107.0	321.0
102.0	249.0
174.0	161.0
60.0	86.0
110.0	80.0
80.0	702.0
87.0	66.0
65.0	12.0
63.0	19.0
90.0	436.0
108.0	819.0
90.0	23.0
88.0	21.0
112.0	932.0
88.0	965.0
112.0	2493.0
104.0	279.0
81.0	14.0
85.0	22.0
82.0	865.0
84.0	64.0
85.0	58.0
94.0	12.0
104.0	1500.0
60.0	54.0
90.0	41.0
120.0	3476.0
85.0	385.0
127.0	38642.0
112.0	2826.0
94.0	40140.0
97.0	53.0
103.0	843.0
82.0	1175.0
106.0	245.0
89.0	62.0
99.0	11336.0
91.0	13681.0
59.0	110.0
92.0	104.0
70.0	24.0
105.0	486.0
94.0	509.0
105.0	535.0
54.0	40.0
98.0	92.0
100.0	105.0
100.0	10.0
89.0	7448.0
96.0	138.0
89.0	23.0
95.0	295.0
90.0	88.0
95.0	900.0
72.0	141.0
71.0	22.0
87.0	1442.0
101.0	39.0
93.0	168.0
47.0	23.0
86.0	36.0
93.0	46.0
92.0	3254.0
76.0	90.0
90.0	773.0
98.0	1270.0
47.0	307.0
91.0	26.0
94.0	33.0
91.0	3173.0
104.0	34062.0
95.0	260.0
108.0	139.0
76.0	28.0
102.0	879.0
90.0	58.0
103.0	4590.0
121.0	810.0
88.0	2825.0
91.0	413.0
131.0	218.0
110.0	731.0
90.0	134.0
90.0	99.0
96.0	14.0
92.0	106.0
70.0	40.0
164.0	209.0
93.0	29.0
109.0	46135.0
70.0	24.0
99.0	46.0
105.0	67.0
93.0	2081.0
79.0	16.0
82.0	26.0
90.0	761.0
93.0	82.0
87.0	73.0
117.0	406.0
118.0	7759.0
114.0	3577.0
148.0	1923.0
114.0	3589.0
140.0	79025.0
89.0	4871.0
106.0	11.0
90.0	167.0
119.0	122.0
93.0	14.0
105.0	69.0
96.0	4598.0
105.0	14037.0
124.0	21491.0
85.0	97.0
75.0	16.0
50.0	85.0
143.0	5907.0
93.0	108.0
90.0	19.0
90.0	32.0
48.0	676.0
80.0	304.0
101.0	3647.0
107.0	60102.0
100.0	279.0
121.0	150.0
89.0	25.0
84.0	26.0
98.0	68537.0
88.0	1183.0
92.0	84.0
92.0	278713.0
94.0	32.0
70.0	96.0
88.0	580.0
57.0	32.0
130.0	139.0
103.0	1499.0
48.0	8.0
76.0	17.0
90.0	181.0
80.0	117.0
96.0	10.0
100.0	131.0
94.0	13.0
100.0	174.0
85.0	1243.0
154.0	1149.0
86.0	13992.0
96.0	231.0
57.0	8.0
74.0	166.0
79.0	591.0
118.0	67840.0
82.0	571.0
90.0	12.0
95.0	1657.0
93.0	190.0
47.0	472.0
128.0	28.0
89.0	108.0
80.0	290.0
110.0	18873.0
98.0	6507.0
109.0	168089.0
91.0	34073.0
118.0	50369.0
90.0	515.0
98.0	62.0
86.0	411.0
85.0	153.0
120.0	35297.0
118.0	69512.0
136.0	184501.0
50.0	23.0
59.0	11.0
90.0	813.0
113.0	205998.0
60.0	32.0
99.0	800.0
78.0	31.0
110.0	335.0
93.0	1295.0
66.0	10.0
132.0	753101.0
103.0	9548.0
80.0	260.0
100.0	20.0
83.0	1233.0
60.0	18.0
86.0	413.0
113.0	23705.0
102.0	12.0
120.0	758.0
127.0	62493.0
81.0	302.0
140.0	437.0
214.0	1766.0
108.0	209420.0
132.0	2341.0
112.0	21641.0
88.0	194.0
90.0	393.0
122.0	52588.0
108.0	22397.0
90.0	161.0
90.0	12.0
95.0	1626.0
106.0	14538.0
131.0	1141.0
87.0	37690.0
120.0	1382.0
90.0	109.0
90.0	46220.0
87.0	3135.0
100.0	70786.0
105.0	272.0
100.0	12.0
107.0	13.0
105.0	639.0
93.0	167.0
93.0	452.0
78.0	16.0
103.0	31585.0
149.0	346.0
88.0	10637.0
87.0	393.0
103.0	66.0
85.0	57312.0
120.0	31008.0
89.0	96.0
95.0	4392.0
100.0	295.0
93.0	183145.0
105.0	78054.0
96.0	92.0
117.0	2592.0
119.0	2908.0
113.0	12.0
94.0	66.0
90.0	314.0
107.0	2390.0
86.0	8732.0
128.0	106834.0
132.0	18199.0
70.0	20.0
95.0	38.0
95.0	503.0
105.0	187217.0
90.0	6776.0
110.0	1126.0
87.0	5265.0
134.0	3203.0
91.0	533.0
103.0	723.0
92.0	99654.0
124.0	5554.0
120.0	22.0
96.0	1568.0
92.0	3388.0
90.0	887.0
81.0	265.0
103.0	159.0
57.0	45.0
97.0	1938.0
105.0	453.0
110.0	753.0
60.0	25.0
167.0	2828.0
130.0	23352.0
97.0	304.0
80.0	144.0
104.0	725.0
96.0	6149.0
104.0	136.0
115.0	41.0
95.0	9536.0
96.0	2335.0
115.0	35001.0
104.0	7082.0
90.0	614.0
80.0	32.0
97.0	982.0
90.0	3167.0
60.0	49.0
102.0	239356.0
90.0	20.0
93.0	1693.0
56.0	241.0
102.0	579.0
111.0	17.0
115.0	1029.0
79.0	42.0
90.0	60.0
87.0	92.0
84.0	59.0
100.0	1271.0
107.0	6177.0
100.0	68.0
97.0	1566.0
116.0	774.0
83.0	9.0
82.0	478.0
110.0	103457.0
76.0	10.0
96.0	26.0
115.0	70.0
96.0	13491.0
93.0	8990.0
97.0	739.0
79.0	11.0
131.0	66832.0
120.0	1393.0
90.0	76.0
90.0	46.0
85.0	81.0
107.0	7567.0
103.0	2627.0
90.0	24.0
98.0	562.0
93.0	114.0
94.0	1201.0
93.0	15750.0
92.0	10486.0
88.0	97499.0
95.0	10.0
84.0	12252.0
86.0	151.0
89.0	116.0
113.0	3006.0
111.0	18816.0
105.0	46.0
123.0	202.0
97.0	2102.0
58.0	94.0
83.0	50.0
76.0	1843.0
87.0	56313.0
110.0	1171.0
173.0	3742.0
88.0	6407.0
92.0	466.0
99.0	341.0
87.0	323.0
84.0	40.0
78.0	32.0
90.0	22.0
106.0	578.0
95.0	10.0
81.0	62.0
53.0	80.0
111.0	403.0
105.0	791.0
83.0	53.0
80.0	140.0
116.0	1041.0
88.0	1482.0
78.0	35.0
91.0	88379.0
112.0	11419.0
89.0	34.0
90.0	501.0
119.0	387.0
90.0	52.0
100.0	3879.0
108.0	3317.0
107.0	30.0
110.0	91.0
108.0	810.0
105.0	171.0
153.0	88931.0
118.0	196.0
120.0	470.0
129.0	378790.0
90.0	12.0
56.0	14.0
116.0	437.0
90.0	46.0
96.0	321.0
97.0	17.0
53.0	10.0
83.0	123.0
120.0	503.0
95.0	429.0
70.0	108.0
79.0	38286.0
83.0	34.0
76.0	18.0
125.0	511.0
53.0	35.0
96.0	334.0
97.0	25118.0
90.0	1416.0
96.0	267.0
95.0	733.0
104.0	639.0
88.0	27.0
167.0	573.0
67.0	19.0
75.0	168.0
86.0	36.0
81.0	17.0
99.0	318.0
113.0	474.0
114.0	5354.0
96.0	3158.0
107.0	22477.0
98.0	45.0
81.0	24.0
87.0	34.0
89.0	80.0
105.0	971.0
80.0	96.0
100.0	125.0
88.0	310.0
122.0	417.0
96.0	147.0
92.0	706.0
99.0	334.0
110.0	31.0
80.0	46.0
110.0	24.0
69.0	24.0
100.0	17.0
140.0	194.0
78.0	973.0
76.0	7707.0
92.0	114.0
99.0	21829.0
88.0	331.0
83.0	65.0
115.0	478.0
96.0	215.0
71.0	14.0
95.0	51.0
87.0	3472.0
105.0	57.0
52.0	25.0
99.0	24.0
71.0	10.0
77.0	229.0
94.0	119.0
100.0	391.0
53.0	41.0
130.0	120.0
127.0	82.0
90.0	1045.0
113.0	109832.0
89.0	62.0
100.0	121.0
65.0	146.0
96.0	672.0
94.0	181.0
45.0	22.0
99.0	87.0
91.0	545.0
140.0	65.0
92.0	28.0
95.0	904.0
119.0	3735.0
100.0	146.0
112.0	27001.0
90.0	13102.0
82.0	53.0
95.0	247.0
99.0	1972.0
95.0	790.0
113.0	1156.0
75.0	63.0
96.0	393.0
61.0	10.0
100.0	4861.0
74.0	41.0
100.0	2455.0
107.0	1803.0
109.0	55.0
90.0	1425.0
80.0	42.0
52.0	20.0
89.0	69.0
88.0	204.0
104.0	26.0
146.0	747.0
149.0	295.0
95.0	86.0
92.0	496.0
106.0	621.0
93.0	57.0
128.0	948.0
100.0	25.0
90.0	18.0
114.0	8.0
115.0	173.0
99.0	252.0
50.0	9.0
79.0	97.0
92.0	1302.0
56.0	35.0
97.0	1001.0
60.0	422.0
80.0	19.0
106.0	191.0
87.0	46.0
84.0	28.0
122.0	5267.0
109.0	52.0
112.0	5140.0
135.0	1528.0
73.0	166.0
103.0	158.0
118.0	50.0
56.0	23.0
124.0	704.0
81.0	609.0
52.0	207.0
107.0	36114.0
45.0	11.0
94.0	58.0
57.0	32.0
55.0	10.0
108.0	897.0
90.0	108.0
90.0	7.0
104.0	29952.0
102.0	387.0
76.0	39.0
120.0	213.0
80.0	754.0
91.0	692.0
90.0	8.0
90.0	8.0
90.0	10.0
90.0	8.0
90.0	8.0
90.0	8.0
100.0	61.0
86.0	622.0
90.0	10.0
90.0	9.0
80.0	29.0
84.0	17.0
96.0	326.0
105.0	274.0
90.0	47219.0
78.0	17.0
95.0	1761.0
105.0	1923.0
79.0	27.0
118.0	260.0
77.0	18.0
105.0	300.0
129.0	12742.0
90.0	11.0
90.0	2657.0
98.0	181.0
83.0	1934.0
58.0	38.0
102.0	706.0
106.0	14.0
132.0	221.0
132.0	1015.0
45.0	22.0
74.0	7.0
62.0	84.0
77.0	42.0
84.0	281.0
108.0	1917.0
85.0	27.0
123.0	315.0
90.0	15.0
45.0	152.0
85.0	52.0
105.0	1616.0
163.0	52786.0
83.0	62.0
97.0	107.0
87.0	12.0
65.0	148.0
90.0	22.0
75.0	35.0
96.0	363.0
270.0	13.0
90.0	157.0
100.0	25.0
100.0	344.0
97.0	7677.0
114.0	177.0
116.0	102928.0
108.0	755.0
85.0	115.0
93.0	3173.0
98.0	355.0
38.0	91.0
52.0	28.0
167.0	3036.0
106.0	217.0
86.0	16.0
113.0	8902.0
108.0	1351.0
109.0	327505.0
90.0	9.0
76.0	15.0
97.0	199.0
368.0	143.0
60.0	13.0
90.0	14.0
95.0	333.0
101.0	1760.0
97.0	274.0
104.0	95.0
104.0	894.0
90.0	7.0
102.0	245.0
95.0	190.0
85.0	97.0
107.0	286.0
57.0	12.0
98.0	162.0
64.0	345.0
90.0	235.0
91.0	2561.0
85.0	31.0
100.0	16.0
86.0	14.0
94.0	777.0
70.0	6.0
52.0	11.0
75.0	118.0
105.0	14006.0
93.0	467.0
118.0	60.0
90.0	569.0
102.0	206.0
100.0	472.0
98.0	398.0
173.0	27597.0
56.0	58.0
86.0	237.0
111.0	283.0
52.0	7.0
112.0	183.0
105.0	347.0
89.0	30.0
88.0	8.0
99.0	37.0
108.0	93.0
100.0	444.0
94.0	13.0
112.0	1217.0
46.0	25.0
113.0	664.0
85.0	41.0
160.0	596.0
86.0	47.0
135.0	41.0
79.0	35.0
111.0	71759.0
102.0	3401.0
60.0	9.0
52.0	6.0
74.0	8.0
150.0	2411.0
100.0	42.0
98.0	38.0
125.0	15.0
120.0	155.0
92.0	62.0
52.0	58.0
55.0	9.0
97.0	34.0
86.0	264.0
90.0	43.0
60.0	18.0
54.0	197.0
78.0	18.0
90.0	7.0
96.0	9.0
82.0	250.0
81.0	78.0
100.0	74.0
180.0	87.0
85.0	78.0
90.0	18.0
78.0	9.0
103.0	13212.0
84.0	95.0
76.0	43.0
58.0	9.0
71.0	276.0
71.0	465.0
101.0	322.0
94.0	610.0
97.0	431.0
99.0	1650.0
93.0	140.0
98.0	27.0
104.0	521.0
46.0	40.0
90.0	523.0
102.0	392.0
69.0	8.0
86.0	52.0
133.0	494610.0
120.0	21.0
101.0	1437.0
92.0	14.0
86.0	17.0
107.0	385.0
94.0	18.0
79.0	72.0
96.0	14.0
87.0	62.0
129.0	12061.0
49.0	69.0
91.0	55.0
90.0	110.0
98.0	47580.0
100.0	53.0
103.0	462.0
89.0	137.0
124.0	454.0
121.0	296.0
99.0	16.0
90.0	24.0
57.0	24.0
94.0	161.0
87.0	302.0
65.0	7.0
107.0	827.0
120.0	114.0
92.0	865.0
95.0	112.0
90.0	285.0
128.0	28.0
88.0	666.0
103.0	646.0
68.0	8.0
105.0	277.0
82.0	105.0
81.0	19.0
116.0	55.0
114.0	126.0
92.0	81.0
56.0	9.0
90.0	201.0
108.0	207.0
100.0	3408.0
111.0	65.0
137.0	61.0
109.0	41.0
103.0	106.0
50.0	10.0
91.0	109.0
90.0	37.0
90.0	12.0
94.0	3654.0
80.0	43.0
126.0	31.0
145.0	645.0
60.0	8.0
95.0	126.0
51.0	9.0
123.0	217.0
65.0	19.0
85.0	230.0
92.0	2243.0
105.0	304.0
148.0	361.0
145.0	588.0
93.0	30.0
105.0	718.0
105.0	5774.0
52.0	37.0
73.0	893.0
110.0	9.0
140.0	519635.0
116.0	11.0
104.0	7447.0
92.0	212.0
70.0	41.0
95.0	239.0
100.0	1019.0
137.0	1072.0
104.0	3038.0
119.0	683.0
88.0	49.0
52.0	33.0
115.0	319.0
78.0	57.0
58.0	85.0
90.0	50.0
103.0	585.0
75.0	60.0
90.0	10068.0
56.0	10.0
76.0	37.0
126.0	73.0
94.0	32.0
85.0	1297.0
94.0	758.0
98.0	1864.0
56.0	97.0
95.0	202.0
64.0	19.0
86.0	261.0
73.0	13.0
103.0	28.0
95.0	559.0
102.0	1219.0
100.0	1489.0
94.0	336.0
93.0	50.0
120.0	18.0
115.0	244.0
58.0	10.0
102.0	285.0
83.0	64.0
119.0	150.0
87.0	81.0
53.0	14.0
94.0	13.0
48.0	7.0
124.0	319.0
100.0	28.0
90.0	19.0
75.0	79.0
120.0	627.0
99.0	1028.0
76.0	31.0
51.0	39.0
59.0	496.0
94.0	23.0
80.0	27.0
65.0	23.0
93.0	62.0
99.0	30.0
60.0	1126.0
100.0	1863.0
115.0	2012.0
110.0	14.0
104.0	112.0
104.0	386.0
57.0	60.0
78.0	31.0
95.0	24.0
60.0	8.0
99.0	18.0
96.0	8.0
80.0	2942.0
123.0	1264.0
80.0	22.0
90.0	29.0
132.0	4097.0
71.0	11.0
93.0	13.0
65.0	15.0
109.0	1811.0
100.0	393.0
97.0	11.0
95.0	354.0
85.0	33.0
98.0	1680.0
208.0	133.0
104.0	41.0
95.0	10.0
96.0	94.0
105.0	260.0
86.0	460.0
125.0	3978.0
88.0	237.0
108.0	6002.0
100.0	295.0
151.0	752.0
107.0	24.0
74.0	94.0
107.0	12.0
88.0	113.0
111.0	472.0
94.0	14.0
90.0	13.0
147.0	22763.0
145.0	920.0
54.0	16.0
103.0	109.0
102.0	750.0
84.0	18.0
91.0	5517.0
118.0	23.0
132.0	63.0
146.0	47.0
108.0	49.0
86.0	20.0
100.0	16371.0
95.0	1609.0
85.0	3279.0
101.0	32504.0
95.0	59.0
106.0	6172.0
110.0	15.0
95.0	2667.0
54.0	8.0
70.0	101.0
95.0	8.0
115.0	525.0
100.0	3846.0
127.0	193.0
100.0	22.0
106.0	82325.0
87.0	867.0
122.0	876.0
109.0	920.0
52.0	14.0
51.0	51.0
53.0	16.0
91.0	1523.0
82.0	4815.0
105.0	240.0
100.0	406.0
86.0	105.0
105.0	1055.0
58.0	93.0
82.0	177.0
82.0	974.0
92.0	322.0
91.0	50.0
102.0	244.0
97.0	317.0
137.0	237.0
88.0	178.0
99.0	501.0
90.0	24.0
86.0	213.0
57.0	68.0
94.0	8.0
116.0	2073.0
98.0	39.0
92.0	93138.0
67.0	85.0
55.0	281.0
95.0	23587.0
98.0	653.0
107.0	464.0
104.0	116.0
82.0	103.0
90.0	77.0
103.0	73.0
108.0	18.0
60.0	327.0
103.0	2724.0
57.0	31.0
120.0	255.0
110.0	99.0
129.0	17.0
57.0	14.0
100.0	12.0
50.0	57.0
110.0	179.0
98.0	64.0
89.0	11.0
110.0	97.0
45.0	15.0
91.0	106.0
85.0	72.0
102.0	385.0
98.0	34.0
77.0	833.0
97.0	27594.0
102.0	1266.0
77.0	11.0
59.0	213.0
107.0	337.0
101.0	89.0
107.0	4418.0
85.0	24.0
88.0	19.0
141.0	3545.0
120.0	395.0
118.0	4327.0
77.0	25.0
83.0	16.0
84.0	1166.0
95.0	167.0
86.0	21.0
104.0	21.0
49.0	171.0
56.0	9.0
87.0	191.0
106.0	547.0
95.0	120.0
96.0	388.0
139.0	15.0
111.0	181.0
44.0	23.0
98.0	94.0
133.0	116.0
99.0	16.0
111.0	2721.0
63.0	34.0
110.0	4918.0
71.0	10.0
82.0	59.0
90.0	118.0
100.0	2730.0
64.0	249.0
71.0	10.0
54.0	11.0
87.0	75.0
110.0	26.0
90.0	363.0
82.0	394.0
121.0	170.0
73.0	22.0
85.0	2006.0
124.0	34688.0
108.0	1359.0
129.0	355.0
140.0	9921.0
82.0	458.0
107.0	12.0
161.0	808.0
96.0	551.0
97.0	69.0
91.0	362.0
78.0	11.0
103.0	189.0
92.0	14.0
105.0	32013.0
46.0	48.0
60.0	11.0
52.0	16.0
69.0	133.0
102.0	62.0
109.0	153.0
99.0	92.0
71.0	8.0
46.0	24.0
166.0	1590.0
86.0	67.0
50.0	18.0
72.0	30.0
87.0	20.0
79.0	22.0
118.0	14.0
75.0	7.0
103.0	368.0
45.0	17.0
73.0	32.0
90.0	44.0
55.0	12.0
114.0	46.0
72.0	35.0
91.0	31.0
98.0	1960.0
107.0	5561.0
108.0	228.0
83.0	29.0
100.0	27.0
73.0	9.0
74.0	16.0
85.0	87.0
61.0	976.0
104.0	1505.0
81.0	28.0
108.0	13.0
100.0	609.0
100.0	401.0
109.0	1980.0
90.0	26.0
46.0	6.0
85.0	21.0
90.0	211.0
52.0	9.0
90.0	21.0
121.0	430.0
99.0	40.0
97.0	2702.0
80.0	73.0
90.0	35.0
135.0	12733.0
81.0	7.0
71.0	51.0
57.0	8.0
48.0	10.0
81.0	11.0
250.0	20.0
109.0	76.0
99.0	27.0
110.0	2846.0
106.0	56008.0
131.0	1382.0
89.0	3730.0
93.0	101.0
98.0	7253.0
90.0	10.0
135.0	5129.0
91.0	16.0
76.0	18.0
59.0	46.0
108.0	270.0
97.0	55.0
47.0	7.0
117.0	32822.0
70.0	12.0
139.0	16121.0
135.0	109.0
90.0	1316.0
77.0	10.0
116.0	35715.0
98.0	663.0
155.0	197931.0
62.0	33.0
107.0	294.0
48.0	12.0
98.0	55.0
73.0	62.0
124.0	8222.0
98.0	20.0
92.0	25.0
109.0	12.0
97.0	272.0
111.0	187384.0
80.0	8162.0
124.0	26.0
105.0	97819.0
99.0	888.0
51.0	18.0
78.0	10.0
100.0	15.0
113.0	64245.0
84.0	11.0
121.0	164.0
82.0	68.0
60.0	610.0
86.0	105.0
121.0	239.0
98.0	373.0
103.0	114.0
92.0	294.0
94.0	326.0
90.0	3569.0
113.0	2726.0
100.0	321.0
84.0	56.0
50.0	14.0
86.0	234.0
101.0	16.0
85.0	37.0
124.0	84.0
89.0	60.0
104.0	6762.0
85.0	1994.0
95.0	183.0
100.0	4549.0
114.0	395.0
112.0	12.0
91.0	3983.0
118.0	16.0
85.0	929.0
90.0	2553.0
97.0	1149.0
90.0	54.0
88.0	68.0
80.0	11.0
53.0	144.0
94.0	99.0
99.0	975.0
113.0	5371.0
70.0	151.0
88.0	6.0
102.0	814.0
116.0	1522.0
111.0	2440.0
81.0	8.0
90.0	28.0
103.0	80.0
120.0	14.0
93.0	217.0
87.0	1952.0
55.0	97.0
77.0	12.0
99.0	1433.0
88.0	13.0
114.0	26.0
90.0	6.0
95.0	11.0
101.0	2544.0
71.0	47.0
102.0	42.0
90.0	11.0
102.0	2041.0
45.0	31.0
90.0	634.0
90.0	97.0
95.0	168.0
56.0	7.0
80.0	83.0
103.0	414.0
81.0	35.0
92.0	566.0
96.0	70.0
93.0	758.0
60.0	8.0
94.0	13673.0
88.0	2377.0
87.0	95.0
111.0	18392.0
87.0	318.0
72.0	45.0
53.0	54.0
50.0	31.0
78.0	9.0
92.0	75.0
52.0	17.0
84.0	7.0
101.0	12.0
52.0	17.0
52.0	11.0
90.0	488.0
124.0	271822.0
93.0	1404.0
78.0	22.0
96.0	4351.0
64.0	82.0
62.0	138.0
94.0	215.0
98.0	13603.0
75.0	48.0
84.0	49.0
137.0	193782.0
90.0	692.0
100.0	881.0
52.0	15.0
80.0	40.0
105.0	12.0
77.0	17.0
69.0	42.0
84.0	2440.0
47.0	1366.0
100.0	114.0
92.0	9.0
103.0	859.0
105.0	148.0
144.0	407.0
55.0	32.0
86.0	57.0
87.0	90.0
79.0	16.0
52.0	24.0
110.0	22.0
95.0	43.0
52.0	13.0
52.0	15.0
52.0	18.0
101.0	73.0
86.0	18.0
52.0	15.0
52.0	17.0
55.0	43.0
45.0	29.0
97.0	4071.0
158.0	20.0
82.0	6.0
90.0	137.0
55.0	7.0
123.0	28837.0
134.0	11583.0
113.0	7459.0
110.0	394.0
56.0	9.0
76.0	1556.0
102.0	530.0
96.0	176.0
86.0	160.0
101.0	106.0
73.0	31.0
85.0	93.0
109.0	148.0
118.0	2965.0
77.0	512.0
77.0	14.0
135.0	260.0
52.0	126.0
92.0	150.0
151.0	506.0
103.0	156.0
104.0	105.0
85.0	61.0
106.0	9.0
102.0	1759.0
90.0	32.0
69.0	196.0
72.0	42.0
128.0	348.0
49.0	25.0
101.0	364.0
98.0	5.0
67.0	42.0
101.0	282.0
85.0	136.0
98.0	137.0
90.0	282.0
132.0	80.0
80.0	25.0
87.0	11.0
105.0	8158.0
90.0	2336.0
57.0	20.0
49.0	6.0
105.0	446.0
89.0	1680.0
87.0	259.0
89.0	154.0
90.0	44.0
81.0	19.0
105.0	2155.0
99.0	630.0
132.0	21.0
80.0	67.0
93.0	921.0
90.0	14.0
95.0	1503.0
87.0	21.0
52.0	15.0
77.0	9.0
90.0	57.0
106.0	584.0
118.0	175.0
123.0	544572.0
102.0	379.0
104.0	1283.0
84.0	12.0
50.0	20.0
89.0	15.0
100.0	150.0
119.0	19.0
53.0	11.0
60.0	21.0
64.0	13.0
71.0	64.0
93.0	180.0
136.0	659.0
86.0	115.0
76.0	25.0
89.0	805.0
99.0	969.0
58.0	76.0
65.0	37.0
96.0	1137.0
61.0	18.0
126.0	1101.0
109.0	5379.0
83.0	16.0
81.0	11.0
130.0	1941.0
94.0	55.0
89.0	29.0
98.0	321.0
79.0	95.0
91.0	3636.0
95.0	650.0
84.0	175.0
80.0	21.0
110.0	9.0
88.0	35.0
85.0	20.0
104.0	863.0
78.0	6.0
94.0	1777.0
77.0	13.0
80.0	65.0
113.0	3485.0
92.0	244.0
85.0	217.0
78.0	33.0
112.0	34.0
99.0	56.0
75.0	48.0
76.0	17.0
111.0	13060.0
104.0	61.0
100.0	38.0
86.0	33.0
76.0	39.0
97.0	21.0
104.0	200.0
74.0	17.0
84.0	22.0
99.0	54.0
55.0	24.0
82.0	50.0
94.0	365.0
96.0	29.0
111.0	71096.0
124.0	3335.0
117.0	779.0
54.0	24.0
106.0	4171.0
82.0	282.0
76.0	87.0
87.0	32.0
107.0	411.0
82.0	254.0
129.0	45208.0
89.0	24.0
81.0	30.0
95.0	9.0
123.0	15.0
132.0	110698.0
80.0	9.0
142.0	29.0
80.0	144.0
72.0	485.0
80.0	11.0
100.0	1102.0
146.0	96.0
75.0	71.0
128.0	191.0
80.0	333.0
84.0	142.0
54.0	71.0
122.0	30.0
102.0	1245.0
90.0	185.0
90.0	2850.0
95.0	21.0
100.0	9.0
113.0	36.0
66.0	25.0
85.0	57.0
133.0	233.0
76.0	810.0
104.0	12.0
90.0	150.0
73.0	122.0
105.0	132.0
107.0	60.0
98.0	7519.0
119.0	518.0
96.0	4710.0
137.0	220.0
124.0	150.0
93.0	343.0
77.0	9.0
78.0	13.0
120.0	46.0
109.0	27.0
98.0	272.0
111.0	45.0
77.0	46.0
80.0	27.0
101.0	2649.0
74.0	97.0
98.0	1339.0
75.0	8.0
127.0	257.0
160.0	37.0
80.0	14.0
134.0	6505.0
118.0	40.0
105.0	6387.0
97.0	12103.0
104.0	2926.0
143.0	75.0
90.0	49.0
107.0	95.0
107.0	404.0
45.0	6.0
67.0	11.0
92.0	49.0
95.0	1598.0
130.0	4628.0
60.0	11.0
92.0	18.0
145.0	744.0
125.0	289.0
49.0	167.0
55.0	9.0
91.0	25.0
108.0	873.0
90.0	32.0
100.0	1163.0
105.0	11.0
97.0	215.0
99.0	2242.0
89.0	8.0
104.0	21.0
94.0	53.0
106.0	8161.0
95.0	122.0
98.0	657.0
117.0	881.0
93.0	32.0
90.0	9.0
120.0	39604.0
96.0	331.0
110.0	24.0
96.0	3228.0
102.0	121.0
87.0	15.0
90.0	33.0
110.0	71518.0
98.0	78.0
93.0	126.0
95.0	33.0
95.0	375.0
95.0	1585.0
93.0	1715.0
92.0	625.0
56.0	26.0
116.0	10.0
98.0	112.0
82.0	294.0
90.0	17.0
129.0	11.0
95.0	2523.0
104.0	540.0
100.0	1528.0
116.0	14.0
62.0	12.0
93.0	16.0
98.0	21.0
89.0	32.0
88.0	40.0
94.0	1105.0
83.0	366.0
154.0	6542.0
78.0	222.0
109.0	130.0
68.0	1057.0
49.0	51.0
46.0	24.0
165.0	141.0
72.0	7.0
81.0	82.0
58.0	20.0
90.0	13.0
98.0	2601.0
53.0	64.0
120.0	27.0
131.0	174.0
60.0	15.0
94.0	144.0
120.0	32.0
54.0	37.0
90.0	101.0
90.0	232.0
80.0	24.0
107.0	799.0
75.0	118.0
114.0	2583.0
82.0	24.0
127.0	1390.0
97.0	686.0
98.0	21.0
85.0	11.0
205.0	65.0
73.0	190.0
45.0	12.0
70.0	32.0
97.0	718.0
93.0	1812.0
100.0	39.0
150.0	1536.0
89.0	491.0
79.0	25.0
99.0	833.0
65.0	53.0
86.0	41.0
95.0	6.0
78.0	70.0
186.0	75997.0
61.0	15.0
108.0	45.0
53.0	28.0
89.0	2157.0
97.0	152.0
105.0	2303.0
59.0	20.0
98.0	316.0
99.0	91.0
82.0	9.0
95.0	125.0
118.0	1512.0
42.0	41.0
59.0	19.0
148.0	68.0
96.0	12.0
99.0	904.0
96.0	142.0
100.0	1280.0
50.0	18.0
52.0	37.0
97.0	1041.0
84.0	33.0
89.0	10.0
98.0	20333.0
107.0	185.0
107.0	7939.0
92.0	3115.0
57.0	416.0
75.0	15.0
90.0	152.0
75.0	11.0
93.0	60.0
106.0	946.0
108.0	16658.0
66.0	36.0
88.0	37.0
101.0	15681.0
45.0	12.0
97.0	181.0
90.0	81.0
113.0	15.0
83.0	35.0
79.0	69.0
97.0	3287.0
74.0	20.0
70.0	12.0
86.0	1264.0
108.0	18.0
100.0	36.0
52.0	9.0
86.0	26.0
94.0	194.0
90.0	155.0
135.0	41.0
87.0	1304.0
99.0	1782.0
105.0	5014.0
68.0	6.0
109.0	42.0
46.0	1168.0
86.0	1208.0
91.0	13.0
79.0	14.0
108.0	5184.0
60.0	11.0
85.0	8.0
113.0	24870.0
100.0	146.0
88.0	104.0
79.0	127.0
73.0	93.0
75.0	32.0
90.0	56.0
180.0	85.0
90.0	20127.0
83.0	9.0
82.0	30.0
78.0	112.0
52.0	38.0
104.0	64.0
86.0	36.0
85.0	570.0
125.0	429.0
112.0	33.0
95.0	419.0
116.0	16.0
102.0	44.0
81.0	7.0
109.0	2077.0
65.0	11.0
64.0	9.0
100.0	124.0
89.0	79.0
52.0	127.0
100.0	57.0
73.0	16.0
78.0	204.0
54.0	59.0
52.0	381.0
82.0	2645.0
111.0	104.0
110.0	98.0
90.0	180.0
110.0	309.0
123.0	29.0
47.0	34.0
60.0	21.0
132.0	401.0
74.0	159.0
78.0	278.0
55.0	10.0
108.0	27.0
80.0	21.0
90.0	622.0
87.0	19.0
50.0	17.0
96.0	144.0
77.0	102.0
105.0	2809.0
85.0	11.0
126.0	124.0
85.0	54.0
86.0	21.0
107.0	9.0
82.0	1908.0
93.0	404.0
93.0	16.0
80.0	122.0
80.0	11.0
78.0	12.0
162.0	1511.0
97.0	84.0
105.0	97.0
122.0	121.0
105.0	72.0
122.0	541.0
104.0	2337.0
146.0	7666.0
149.0	432.0
110.0	1423.0
88.0	117.0
77.0	488.0
78.0	9.0
104.0	798.0
89.0	35.0
97.0	220.0
58.0	9.0
84.0	406.0
91.0	69.0
122.0	74.0
100.0	84.0
91.0	8.0
180.0	71.0
180.0	63.0
180.0	92.0
180.0	94.0
103.0	11.0
89.0	354.0
126.0	83.0
145.0	2267.0
134.0	328.0
133.0	91.0
60.0	155.0
105.0	27.0
158.0	4353.0
75.0	277.0
88.0	982.0
100.0	963.0
78.0	13.0
150.0	30.0
94.0	154.0
104.0	194.0
172.0	26.0
112.0	1255.0
110.0	242.0
180.0	91.0
180.0	79.0
100.0	2924.0
78.0	243.0
107.0	82.0
142.0	1299.0
160.0	2762.0
62.0	30.0
94.0	16.0
35.0	24.0
93.0	522.0
50.0	48.0
131.0	641.0
110.0	4517.0
131.0	8.0
80.0	700.0
89.0	32.0
85.0	1298.0
180.0	84.0
98.0	19.0
96.0	2200.0
91.0	2096.0
95.0	31.0
89.0	16.0
90.0	24.0
105.0	20.0
134.0	152.0
90.0	78.0
91.0	44.0
46.0	21.0
78.0	57.0
98.0	703.0
92.0	67.0
61.0	21.0
95.0	368.0
132.0	21.0
88.0	1686.0
78.0	106.0
60.0	8.0
90.0	19.0
85.0	20.0
85.0	44.0
90.0	8.0
79.0	17.0
100.0	448.0
103.0	2989.0
91.0	2784.0
90.0	59.0
75.0	14.0
102.0	186.0
95.0	22.0
85.0	23.0
103.0	206.0
129.0	2982.0
76.0	48.0
108.0	314.0
45.0	57.0
83.0	29.0
72.0	17.0
56.0	327.0
112.0	94.0
90.0	1556.0
90.0	17.0
217.0	58.0
123.0	127.0
110.0	43.0
92.0	702.0
118.0	1053.0
91.0	8.0
50.0	16.0
90.0	141.0
87.0	9.0
68.0	11.0
87.0	11.0
88.0	33.0
94.0	20.0
119.0	12.0
100.0	1765.0
96.0	45.0
90.0	752.0
100.0	82.0
100.0	304.0
155.0	30110.0
125.0	25.0
130.0	9604.0
87.0	182.0
72.0	12.0
105.0	46.0
96.0	12.0
100.0	15.0
74.0	9.0
79.0	110.0
84.0	79.0
96.0	2102.0
132.0	980.0
113.0	1473.0
92.0	2276.0
46.0	16.0
101.0	267.0
88.0	455.0
101.0	145.0
157.0	40467.0
89.0	37.0
63.0	23.0
87.0	36.0
88.0	43.0
65.0	12.0
122.0	3156.0
48.0	66.0
90.0	23.0
112.0	12707.0
108.0	608.0
53.0	17.0
75.0	161.0
102.0	753.0
100.0	1140.0
74.0	17.0
98.0	112.0
91.0	24.0
153.0	274.0
91.0	55.0
98.0	24.0
85.0	633.0
90.0	1513.0
90.0	16.0
89.0	1658.0
107.0	78.0
93.0	44.0
118.0	160.0
99.0	19.0
133.0	326290.0
85.0	82.0
180.0	67.0
180.0	89.0
121.0	1370.0
104.0	20248.0
92.0	27.0
117.0	1264.0
55.0	11.0
109.0	1859.0
78.0	8.0
96.0	181.0
93.0	270.0
78.0	172.0
102.0	200.0
96.0	105.0
77.0	16.0
89.0	9.0
104.0	8.0
56.0	68.0
90.0	17.0
110.0	231.0
123.0	52.0
112.0	58.0
82.0	18.0
125.0	146.0
89.0	322.0
80.0	38.0
46.0	67.0
50.0	91.0
83.0	214.0
89.0	129.0
170.0	7.0
87.0	487.0
98.0	429.0
88.0	4336.0
83.0	74.0
107.0	10.0
103.0	1121.0
125.0	338.0
75.0	8.0
50.0	7.0
90.0	8.0
94.0	154.0
103.0	8.0
61.0	98.0
16.0	16.0
75.0	1326.0
87.0	7.0
60.0	12.0
81.0	49.0
91.0	182.0
90.0	1619.0
70.0	230.0
92.0	58.0
146.0	245.0
89.0	63.0
53.0	8.0
105.0	269.0
166.0	5757.0
114.0	95513.0
112.0	64.0
92.0	262.0
59.0	14.0
101.0	1855.0
47.0	7.0
26.0	36.0
104.0	621.0
67.0	103.0
67.0	7.0
85.0	66.0
135.0	105.0
52.0	40.0
106.0	64.0
87.0	7.0
180.0	100.0
195.0	73.0
67.0	46.0
91.0	338.0
150.0	1441.0
85.0	115.0
105.0	49.0
112.0	35.0
107.0	3226.0
80.0	130.0
117.0	25.0
117.0	105.0
108.0	33.0
92.0	208.0
103.0	205.0
79.0	85.0
49.0	12.0
88.0	11.0
93.0	19.0
90.0	447.0
87.0	19.0
56.0	25.0
82.0	202.0
70.0	31.0
57.0	100.0
95.0	627.0
38.0	19.0
88.0	8.0
83.0	9.0
210.0	10.0
79.0	75.0
139.0	265.0
89.0	253.0
95.0	349.0
75.0	325.0
90.0	27.0
82.0	224.0
80.0	107.0
89.0	273.0
90.0	817.0
114.0	329.0
120.0	96.0
44.0	7.0
86.0	10.0
96.0	178.0
64.0	242.0
90.0	80.0
105.0	16.0
89.0	152.0
57.0	2232.0
200.0	75.0
124.0	48.0
80.0	10.0
97.0	991.0
99.0	8931.0
87.0	14.0
92.0	27.0
123.0	103565.0
82.0	105.0
120.0	66.0
80.0	75.0
99.0	195.0
95.0	242.0
53.0	42.0
95.0	22.0
95.0	198.0
82.0	14.0
92.0	31.0
136.0	821.0
121.0	900.0
119.0	7.0
62.0	26.0
91.0	16.0
56.0	10.0
110.0	21.0
110.0	27.0
95.0	696.0
90.0	466.0
75.0	7.0
90.0	18.0
80.0	33.0
82.0	27.0
57.0	14.0
107.0	5.0
83.0	971.0
135.0	39.0
143.0	439.0
95.0	168.0
92.0	262.0
100.0	1800.0
74.0	24.0
113.0	9.0
72.0	10.0
84.0	7.0
91.0	29.0
93.0	48.0
63.0	18.0
98.0	215.0
100.0	769.0
90.0	328.0
86.0	96.0
96.0	24.0
103.0	21.0
55.0	11.0
80.0	4791.0
75.0	324.0
100.0	13.0
105.0	52.0
83.0	7.0
112.0	12.0
84.0	61.0
94.0	84.0
106.0	29429.0
100.0	31.0
92.0	64.0
78.0	56.0
62.0	18.0
92.0	73.0
87.0	36.0
97.0	53.0
130.0	644.0
88.0	565.0
89.0	44.0
66.0	38.0
85.0	11.0
109.0	9.0
64.0	112.0
59.0	7.0
95.0	88.0
134.0	43205.0
97.0	327.0
120.0	1894.0
93.0	613.0
46.0	11.0
97.0	12.0
70.0	82.0
138.0	3211.0
100.0	612.0
80.0	45.0
80.0	10.0
104.0	3137.0
45.0	24.0
90.0	425.0
83.0	10.0
90.0	12.0
69.0	24.0
93.0	4600.0
108.0	1162.0
102.0	1578.0
132.0	271.0
93.0	28.0
117.0	421.0
80.0	613.0
86.0	37.0
90.0	35.0
93.0	11.0
89.0	16.0
91.0	3281.0
120.0	69.0
100.0	163.0
96.0	47.0
92.0	14.0
100.0	13.0
110.0	8.0
95.0	20.0
80.0	242.0
105.0	10.0
78.0	11.0
117.0	12.0
64.0	6.0
77.0	7.0
76.0	296.0
226.0	18.0
103.0	16.0
54.0	19.0
77.0	28.0
85.0	843.0
60.0	23.0
70.0	16.0
105.0	2272.0
140.0	9.0
86.0	7.0
81.0	10.0
92.0	8.0
98.0	4901.0
146.0	32.0
130.0	103.0
80.0	82.0
94.0	10.0
85.0	249.0
93.0	46.0
91.0	758.0
84.0	158.0
100.0	8.0
82.0	216.0
115.0	10.0
83.0	16.0
82.0	789.0
83.0	516.0
92.0	33.0
108.0	378.0
52.0	10.0
84.0	18.0
80.0	418.0
89.0	12.0
85.0	351.0
85.0	51.0
53.0	10.0
99.0	56.0
116.0	3849.0
118.0	8877.0
90.0	803.0
87.0	193.0
108.0	444.0
108.0	398.0
75.0	142.0
87.0	185.0
86.0	8.0
52.0	10.0
90.0	17617.0
120.0	29.0
54.0	101.0
180.0	26.0
95.0	34.0
83.0	21.0
90.0	7.0
120.0	1017.0
93.0	93.0
98.0	1087.0
91.0	64.0
85.0	15.0
91.0	9.0
72.0	127.0
114.0	97.0
103.0	104.0
54.0	61.0
62.0	109.0
57.0	7.0
89.0	52.0
79.0	11.0
100.0	397.0
90.0	84.0
54.0	2325.0
100.0	40.0
156.0	14911.0
110.0	67.0
53.0	47.0
45.0	16.0
151.0	242.0
70.0	96.0
53.0	42.0
51.0	83.0
102.0	27.0
81.0	30.0
95.0	296.0
100.0	33.0
87.0	10.0
56.0	32.0
110.0	742.0
97.0	187.0
100.0	23.0
100.0	14174.0
105.0	106.0
116.0	4731.0
95.0	14.0
87.0	4325.0
88.0	2461.0
68.0	79.0
92.0	15.0
120.0	16.0
55.0	38.0
113.0	54.0
93.0	25.0
103.0	336.0
99.0	10621.0
70.0	19.0
90.0	1365.0
89.0	226.0
75.0	58.0
62.0	495.0
74.0	25.0
105.0	66.0
114.0	167.0
107.0	977.0
90.0	42.0
111.0	4164.0
59.0	10.0
86.0	42.0
93.0	3446.0
110.0	107.0
96.0	612.0
99.0	10.0
46.0	15.0
127.0	2365.0
90.0	30.0
88.0	18.0
87.0	124.0
51.0	25.0
90.0	462.0
109.0	738.0
108.0	377.0
80.0	22.0
97.0	43.0
95.0	181.0
90.0	97.0
82.0	317.0
46.0	35.0
62.0	140.0
82.0	40.0
86.0	1201.0
85.0	1357.0
83.0	34.0
91.0	248.0
118.0	47.0
70.0	103.0
125.0	12.0
110.0	12.0
109.0	57.0
184.0	73251.0
46.0	38.0
91.0	1861.0
56.0	22.0
100.0	87.0
166.0	254.0
90.0	10.0
99.0	20.0
79.0	28.0
62.0	6.0
93.0	345.0
100.0	295.0
70.0	16.0
91.0	358.0
72.0	11.0
55.0	15.0
92.0	772.0
123.0	147.0
73.0	56.0
63.0	15.0
75.0	16.0
90.0	3116.0
89.0	127.0
118.0	5858.0
117.0	2853.0
65.0	12.0
92.0	30.0
59.0	16.0
124.0	19585.0
54.0	39.0
100.0	1542.0
80.0	142.0
76.0	486.0
90.0	87.0
79.0	183.0
64.0	11.0
82.0	8.0
91.0	156.0
90.0	179.0
76.0	18.0
61.0	62.0
108.0	1895.0
101.0	17.0
75.0	70.0
72.0	132.0
85.0	60.0
45.0	9.0
54.0	154.0
144.0	19.0
60.0	18.0
72.0	18.0
103.0	782.0
124.0	10.0
91.0	447.0
46.0	9.0
73.0	13.0
48.0	17.0
107.0	288.0
93.0	682.0
97.0	572.0
66.0	7.0
100.0	77.0
115.0	240.0
90.0	156.0
90.0	121.0
138.0	8576.0
107.0	4032.0
90.0	576.0
110.0	151.0
63.0	53.0
95.0	858.0
78.0	21.0
70.0	9.0
93.0	17.0
136.0	444.0
50.0	8.0
74.0	12.0
53.0	12.0
63.0	27.0
108.0	466.0
99.0	647.0
58.0	49.0
112.0	12.0
110.0	334.0
84.0	44.0
88.0	35.0
125.0	1199.0
100.0	115.0
97.0	1255.0
103.0	126.0
82.0	38.0
125.0	15.0
46.0	9.0
94.0	863.0
94.0	465.0
110.0	684.0
99.0	2354.0
91.0	20.0
89.0	118.0
65.0	37.0
79.0	15.0
109.0	1481.0
90.0	15.0
104.0	47.0
98.0	16.0
130.0	6123.0
85.0	106.0
93.0	222.0
101.0	638.0
93.0	1116.0
110.0	333.0
112.0	63.0
65.0	25.0
90.0	131.0
65.0	414.0
138.0	4345.0
77.0	15.0
113.0	299.0
90.0	469.0
120.0	1168.0
117.0	1366.0
95.0	18166.0
60.0	52.0
52.0	28.0
60.0	6.0
75.0	23.0
76.0	153.0
81.0	9.0
90.0	11.0
92.0	17685.0
67.0	757.0
88.0	444.0
133.0	178.0
93.0	57.0
101.0	23.0
116.0	364.0
75.0	29.0
86.0	74.0
63.0	17.0
72.0	26.0
52.0	18.0
53.0	12.0
104.0	1989.0
80.0	9.0
79.0	16.0
125.0	8449.0
76.0	61.0
63.0	12.0
69.0	59.0
110.0	325.0
71.0	10.0
90.0	8072.0
80.0	48.0
95.0	496.0
70.0	7.0
47.0	13.0
80.0	43.0
101.0	81.0
52.0	62.0
47.0	368.0
71.0	15.0
89.0	354.0
91.0	850.0
70.0	9.0
91.0	235.0
90.0	23.0
100.0	424.0
108.0	885.0
88.0	35.0
109.0	67.0
91.0	89.0
86.0	63.0
55.0	36.0
52.0	69.0
108.0	98.0
84.0	77.0
93.0	1869.0
50.0	11.0
56.0	32.0
100.0	2767.0
90.0	355.0
170.0	15337.0
121.0	43672.0
109.0	12812.0
92.0	5013.0
104.0	1969.0
58.0	25.0
73.0	16.0
128.0	56.0
121.0	14606.0
74.0	7.0
121.0	16.0
62.0	9.0
52.0	15.0
49.0	20.0
75.0	11.0
77.0	13.0
113.0	789.0
78.0	10.0
101.0	6662.0
130.0	18927.0
87.0	1919.0
85.0	15.0
97.0	45.0
47.0	21.0
80.0	9.0
85.0	1876.0
65.0	398.0
90.0	24.0
78.0	2873.0
70.0	21.0
85.0	82.0
109.0	53.0
104.0	1642.0
98.0	9033.0
60.0	16.0
98.0	627.0
95.0	103.0
52.0	24.0
138.0	398.0
65.0	13.0
89.0	32.0
84.0	611.0
97.0	16334.0
74.0	8.0
62.0	37.0
77.0	36.0
98.0	78.0
83.0	17.0
225.0	808.0
134.0	5.0
82.0	23.0
83.0	69.0
96.0	5465.0
102.0	118.0
104.0	36.0
97.0	32.0
144.0	415.0
116.0	168.0
93.0	70.0
67.0	40.0
90.0	37.0
90.0	3395.0
101.0	2800.0
122.0	1056.0
102.0	1482.0
121.0	881.0
107.0	35617.0
98.0	35.0
95.0	307.0
88.0	543.0
99.0	306.0
74.0	15.0
85.0	37.0
98.0	253.0
80.0	171.0
87.0	14.0
125.0	10.0
112.0	1692.0
83.0	111.0
93.0	125.0
97.0	489.0
83.0	19.0
106.0	1808.0
94.0	70.0
62.0	65.0
113.0	3803.0
100.0	3021.0
87.0	17.0
98.0	107.0
77.0	99.0
126.0	260.0
72.0	84.0
90.0	30.0
118.0	8.0
106.0	16.0
56.0	9.0
114.0	580.0
200.0	945.0
60.0	95.0
87.0	1251.0
134.0	163.0
77.0	44.0
120.0	3153.0
85.0	445.0
121.0	262.0
102.0	355.0
90.0	47.0
86.0	12.0
86.0	7.0
84.0	149.0
133.0	5761.0
94.0	1054.0
75.0	68.0
94.0	40.0
92.0	12.0
92.0	711.0
81.0	8.0
116.0	979.0
85.0	79.0
109.0	84.0
98.0	94.0
90.0	601.0
69.0	598.0
88.0	1248.0
102.0	2641.0
79.0	128.0
86.0	63.0
80.0	200.0
113.0	379.0
88.0	47.0
106.0	18.0
93.0	23.0
71.0	328.0
100.0	28.0
102.0	7.0
82.0	159.0
101.0	50.0
109.0	3278.0
100.0	79.0
123.0	303.0
94.0	11.0
60.0	14.0
86.0	280.0
86.0	121.0
87.0	59.0
151.0	15299.0
104.0	42.0
76.0	560.0
92.0	11.0
65.0	12.0
75.0	13.0
50.0	51.0
120.0	2978.0
90.0	127.0
114.0	342.0
45.0	28.0
55.0	10.0
74.0	6.0
122.0	244.0
80.0	13.0
71.0	9.0
156.0	8416.0
96.0	121.0
79.0	248.0
70.0	8.0
137.0	15.0
105.0	294.0
96.0	669.0
54.0	11.0
165.0	2613.0
111.0	108.0
120.0	57099.0
92.0	271.0
118.0	753.0
86.0	38.0
46.0	32.0
130.0	165357.0
102.0	2943.0
92.0	5.0
93.0	93.0
109.0	515.0
110.0	4758.0
90.0	180.0
105.0	28.0
80.0	38.0
60.0	12.0
82.0	137.0
85.0	12.0
100.0	848.0
89.0	61.0
101.0	11440.0
102.0	13135.0
124.0	6.0
88.0	45.0
90.0	596.0
110.0	339.0
76.0	15.0
75.0	48.0
75.0	45.0
101.0	702.0
106.0	824.0
102.0	141.0
100.0	125.0
120.0	1101.0
96.0	4534.0
90.0	30.0
52.0	23.0
80.0	404.0
117.0	3986.0
105.0	209.0
110.0	247.0
117.0	897.0
90.0	638.0
52.0	9.0
86.0	432.0
87.0	268.0
74.0	22.0
91.0	1600.0
57.0	23.0
102.0	847.0
94.0	78.0
60.0	135.0
119.0	931.0
80.0	15.0
92.0	2472.0
99.0	58.0
108.0	17.0
101.0	112.0
90.0	7429.0
80.0	10.0
94.0	84.0
75.0	49.0
91.0	4120.0
108.0	2515.0
98.0	665.0
145.0	863.0
87.0	111.0
92.0	50.0
124.0	301.0
66.0	24.0
56.0	8.0
94.0	264.0
98.0	223.0
98.0	253.0
97.0	651.0
78.0	52.0
93.0	36.0
85.0	242.0
80.0	36.0
95.0	128.0
80.0	25.0
104.0	3358.0
83.0	25.0
52.0	31.0
48.0	61.0
96.0	400.0
72.0	31.0
103.0	3226.0
96.0	273.0
101.0	53.0
136.0	142.0
107.0	6454.0
109.0	4492.0
92.0	295.0
95.0	129.0
124.0	5769.0
90.0	120.0
73.0	41.0
95.0	1923.0
65.0	9.0
85.0	284.0
91.0	1012.0
107.0	197.0
92.0	606.0
85.0	102.0
53.0	179.0
105.0	50.0
87.0	2746.0
78.0	28.0
54.0	14.0
93.0	684.0
47.0	20.0
103.0	473.0
93.0	298.0
67.0	401.0
106.0	1370.0
75.0	161.0
104.0	541.0
101.0	86.0
118.0	2786.0
152.0	120.0
154.0	9234.0
62.0	13.0
95.0	721.0
99.0	754.0
94.0	87.0
170.0	186.0
84.0	81.0
156.0	53.0
82.0	62.0
85.0	14.0
119.0	57.0
92.0	49.0
103.0	142.0
104.0	58.0
251.0	73.0
137.0	143.0
60.0	2544.0
100.0	21952.0
75.0	5597.0
84.0	571.0
166.0	2556.0
92.0	214.0
115.0	49.0
60.0	189.0
103.0	16803.0
100.0	29.0
50.0	18.0
94.0	1081.0
83.0	205.0
119.0	19.0
84.0	71.0
86.0	153.0
89.0	47.0
58.0	15.0
60.0	27.0
60.0	26.0
120.0	69.0
104.0	131.0
130.0	16.0
132.0	10.0
100.0	1956.0
50.0	64.0
86.0	22440.0
46.0	23.0
90.0	47.0
121.0	12790.0
93.0	10902.0
86.0	974.0
139.0	278.0
71.0	756.0
91.0	239.0
113.0	429.0
70.0	59.0
90.0	6767.0
84.0	326.0
90.0	29.0
71.0	90.0
73.0	6.0
63.0	33.0
102.0	78.0
69.0	23.0
104.0	1999.0
84.0	6.0
82.0	27.0
45.0	6.0
123.0	5474.0
85.0	1522.0
111.0	90.0
87.0	641.0
98.0	5062.0
90.0	308.0
91.0	961.0
70.0	16.0
138.0	1588.0
97.0	97.0
104.0	390.0
112.0	1692.0
45.0	8.0
91.0	13.0
150.0	12.0
104.0	22.0
88.0	63.0
95.0	101.0
93.0	1588.0
52.0	83.0
120.0	9.0
90.0	36.0
131.0	6059.0
103.0	14.0
95.0	108.0
97.0	32.0
98.0	30.0
112.0	7769.0
63.0	103.0
46.0	9.0
60.0	16.0
80.0	9.0
92.0	446.0
97.0	496.0
100.0	83008.0
51.0	158.0
98.0	6.0
98.0	30.0
102.0	32.0
126.0	11.0
106.0	139.0
95.0	385.0
47.0	26.0
81.0	53.0
103.0	1121.0
88.0	1494.0
96.0	126.0
82.0	57.0
136.0	20.0
134.0	8514.0
50.0	14.0
60.0	149.0
57.0	101.0
95.0	856.0
133.0	383.0
98.0	67.0
138.0	57.0
94.0	414.0
105.0	18.0
83.0	61.0
101.0	415.0
70.0	589.0
102.0	875.0
102.0	1590.0
117.0	158316.0
79.0	7.0
91.0	188.0
90.0	28.0
74.0	22.0
126.0	8959.0
78.0	76.0
109.0	42.0
97.0	2576.0
127.0	729.0
65.0	16.0
106.0	101.0
102.0	3902.0
57.0	13.0
90.0	9551.0
100.0	306.0
138.0	797.0
62.0	12.0
76.0	706.0
75.0	5.0
74.0	1078.0
119.0	6234.0
78.0	74.0
98.0	62.0
82.0	9.0
102.0	32.0
99.0	545.0
51.0	14.0
77.0	600.0
70.0	649.0
111.0	621.0
180.0	215.0
104.0	139.0
52.0	7.0
120.0	1093.0
72.0	25.0
240.0	36.0
97.0	494.0
60.0	18.0
88.0	3634.0
129.0	16642.0
85.0	86.0
129.0	275.0
87.0	327.0
86.0	175.0
117.0	42.0
70.0	138.0
245.0	160.0
230.0	221.0
108.0	1659.0
96.0	263.0
95.0	1910.0
105.0	129.0
109.0	149.0
86.0	53.0
99.0	179.0
75.0	43.0
95.0	36.0
145.0	4207.0
88.0	604.0
118.0	9748.0
106.0	18.0
109.0	101.0
89.0	361.0
60.0	11.0
114.0	8907.0
93.0	70.0
63.0	13.0
98.0	34.0
47.0	129.0
108.0	55334.0
60.0	15.0
97.0	406.0
98.0	23.0
98.0	1688.0
82.0	8.0
52.0	25.0
135.0	35939.0
60.0	22.0
92.0	17.0
148.0	13.0
134.0	39260.0
136.0	52.0
91.0	1173.0
87.0	34.0
82.0	61.0
82.0	8.0
82.0	147.0
140.0	463.0
71.0	6.0
85.0	8.0
94.0	470.0
98.0	48.0
97.0	2686.0
139.0	323.0
97.0	3524.0
82.0	227.0
92.0	164.0
56.0	9.0
157.0	26049.0
85.0	818.0
85.0	556.0
92.0	305.0
136.0	20319.0
131.0	8118.0
176.0	26101.0
68.0	9.0
108.0	6448.0
85.0	68.0
105.0	36.0
136.0	97.0
90.0	442.0
101.0	341.0
90.0	23.0
80.0	21.0
118.0	133.0
80.0	91.0
110.0	17.0
84.0	99.0
46.0	33.0
80.0	79.0
118.0	73.0
97.0	84.0
109.0	3589.0
89.0	125.0
94.0	720.0
135.0	4408.0
45.0	16.0
106.0	83.0
104.0	3544.0
75.0	61.0
75.0	28.0
49.0	12.0
179.0	26512.0
132.0	10.0
97.0	25.0
117.0	5992.0
100.0	49.0
111.0	123.0
95.0	11.0
96.0	243.0
93.0	15.0
76.0	16.0
74.0	228.0
82.0	27.0
71.0	19.0
85.0	15.0
92.0	157.0
93.0	70.0
115.0	1116.0
116.0	466.0
126.0	1857.0
118.0	54.0
132.0	202.0
115.0	112.0
74.0	32.0
95.0	636.0
90.0	18.0
87.0	62.0
98.0	2690.0
85.0	8.0
154.0	1265.0
144.0	149250.0
166.0	7.0
90.0	66.0
55.0	8.0
76.0	145.0
98.0	15.0
100.0	294.0
92.0	2424.0
116.0	374.0
75.0	24.0
54.0	272.0
103.0	63.0
132.0	186.0
104.0	365.0
93.0	41.0
95.0	943.0
98.0	23.0
112.0	231.0
101.0	174.0
91.0	1592.0
89.0	588.0
63.0	14.0
130.0	22.0
116.0	1751.0
114.0	16.0
120.0	347.0
105.0	2127.0
70.0	18.0
118.0	398.0
125.0	514.0
