0.61	0.22
0.18	0.04
0.38	0.1
0.35	0.08
0.3	0.04
0.37	0.05
0.71	0.23
0.62	0.48
0.23	0.04
0.67	0.2
0.71	0.63
0.5	0.1
0.29	0.07
0.66	0.11
0.54	0.05
0.24	0.04
0.46	0.17
0.69	0.51
0.5	0.52
0.23	0.16
0.13	0.01
0.59	0.47
0.47	0.21
0.48	0.27
0.39	0.06
0.45	0.11
0.64	0.45
0.64	0.41
0.61	0.14
0.62	0.11
0.65	0.25
0.09	0.06
0.7	0.59
0.5	0.08
0.57	0.19
0.57	0.06
0.19	0.04
0.48	0.12
0.6	0.55
0.34	0.04
0.52	0.12
0.35	0.05
0.32	0.06
0.27	0.07
0.51	0.4
0.15	0.03
0.74	0.32
0.5	0.62
0.54	0.14
0.26	0.05
0.3	0.27
0.69	0.22
0.29	0.04
0.74	0.71
0.33	0.11
0.87	0.42
0.8	0.97
0.4	0.16
0.5	0.52
0.59	0.23
0.27	0.13
0.38	0.02
0.48	0.02
0.56	0.96
0.42	0.04
0.42	0.12
0.2	0.02
0.3	0.03
0.66	0.2
0.62	0.44
0.48	0.14
0.49	0.05
0.54	0.2
0.83	0.89
0.54	0.09
0.09	0.0
0.5	0.05
0.43	0.06
0.33	0.15
0.29	0.13
0.64	1.0
0.27	0.06
0.58	0.22
0.34	0.04
0.6	0.13
0.53	0.12
0.6	0.12
0.23	0.08
0.3	0.05
0.4	0.08
0.56	0.54
0.52	0.32
0.39	0.11
0.34	0.18
0.56	0.29
0.32	0.53
0.38	0.08
0.67	0.18
0.73	0.19
0.31	0.01
0.31	0.11
0.79	0.11
0.61	0.63
0.44	0.08
0.21	0.01
0.55	0.18
0.08	0.03
0.28	0.11
0.22	0.02
0.58	0.76
0.38	0.04
0.22	0.02
0.64	0.48
0.63	0.31
0.37	0.13
0.24	0.02
0.4	0.04
0.57	0.14
0.38	0.12
0.76	0.16
0.61	0.09
0.85	0.66
0.35	0.06
0.33	0.06
0.81	0.53
0.28	0.02
0.48	0.15
0.47	0.12
0.05	0.02
0.45	0.23
0.77	0.33
0.34	0.05
0.21	0.03
0.39	0.19
0.69	0.25
0.5	0.35
0.43	0.31
0.35	0.29
0.58	0.42
0.34	0.06
0.43	0.1
0.55	0.58
0.61	0.07
0.56	0.49
0.59	0.14
0.65	0.11
0.65	0.22
0.39	0.07
0.65	0.13
0.85	0.4
0.34	0.06
0.49	0.27
0.25	0.06
0.54	0.16
0.46	0.1
0.68	0.15
0.67	1.0
0.88	0.18
0.43	0.04
0.69	0.4
0.26	0.06
0.25	0.02
0.58	0.88
0.6	1.0
0.62	0.3
0.44	0.09
0.64	0.24
0.43	0.19
0.63	0.69
0.22	0.03
0.37	0.3
0.61	0.23
0.32	0.01
0.09	0.09
0.16	0.05
0.66	0.5
0.24	0.15
0.52	0.01
0.09	0.03
0.35	0.04
0.26	0.03
0.33	0.1
0.38	0.14
0.52	0.06
0.36	0.17
0.61	0.37
0.44	0.04
0.59	0.16
0.36	0.11
0.5	0.12
0.59	0.6
0.39	0.19
0.39	0.05
0.42	0.06
0.24	0.03
0.46	0.05
0.23	0.04
0.18	0.04
0.34	0.02
0.58	0.2
0.62	0.22
0.61	0.29
0.51	0.48
0.26	0.13
0.48	0.63
0.23	0.03
0.63	0.57
0.44	0.06
0.28	0.06
0.69	0.09
0.73	0.36
0.22	0.11
0.54	0.08
0.25	0.05
0.47	0.22
0.4	0.09
0.43	0.01
0.45	1.0
0.19	0.05
0.41	0.02
0.54	0.17
0.55	0.16
0.61	0.39
0.55	0.24
0.72	0.09
0.09	0.04
0.34	0.04
0.4	0.18
0.34	0.03
0.54	0.33
0.5	0.11
0.34	0.11
0.24	0.03
0.68	0.22
0.47	0.2
0.59	0.01
0.23	0.08
0.45	0.03
0.46	0.08
0.3	0.11
0.1	0.04
0.29	0.13
0.49	0.79
0.51	0.29
0.52	0.37
0.22	0.02
0.33	0.32
0.53	0.1
0.3	0.06
0.65	0.17
0.14	0.1
0.53	0.22
0.62	0.33
0.34	0.06
0.48	0.2
0.32	0.08
0.56	0.12
0.38	0.38
0.64	0.7
0.14	0.22
0.16	0.15
0.46	0.15
0.59	0.16
0.65	0.51
0.42	0.09
0.27	0.11
0.43	0.68
0.29	0.03
0.59	0.36
0.37	0.04
0.37	0.01
0.24	0.1
0.5	0.16
0.14	0.02
0.25	0.09
0.41	0.06
0.64	0.16
0.49	0.13
0.47	0.11
0.11	0.02
0.73	0.4
0.62	0.29
0.32	0.05
0.53	0.03
0.64	0.54
0.35	0.02
0.26	0.17
0.29	0.05
0.41	0.0
0.72	0.38
0.29	0.08
0.33	0.12
0.57	0.37
0.43	0.16
0.38	0.13
0.6	0.43
1.0	0.05
0.75	0.36
0.68	0.12
0.54	0.67
0.52	0.22
0.24	0.15
0.22	0.08
0.44	0.06
0.59	0.79
0.28	0.06
0.54	0.16
0.17	0.02
0.48	0.03
0.56	0.35
0.28	0.01
0.45	0.11
0.29	0.07
0.58	0.75
0.18	0.08
0.69	0.4
0.63	0.5
0.12	0.17
0.27	0.07
0.56	0.46
0.76	0.25
0.6	0.18
0.59	0.57
0.56	0.29
0.42	0.05
0.47	0.26
0.55	0.06
0.5	0.15
0.39	0.14
0.4	0.24
0.66	0.07
0.49	0.21
0.39	0.07
0.41	0.07
0.58	0.36
0.47	0.41
0.57	0.2
0.28	0.01
0.54	0.29
0.44	0.05
0.58	0.42
0.55	0.38
0.34	0.24
0.39	0.31
0.43	0.09
0.51	0.47
0.62	0.65
0.28	0.17
0.32	0.06
0.18	0.04
0.46	0.02
0.45	0.09
0.37	0.04
0.75	0.58
0.38	0.06
0.49	0.49
0.7	0.09
0.37	0.28
0.62	0.35
0.32	0.08
0.17	0.02
0.41	0.11
0.82	1.0
0.5	0.12
0.44	0.07
0.24	0.02
0.64	0.35
0.69	0.13
0.49	0.08
0.32	0.03
0.49	1.0
0.27	0.06
0.14	0.02
0.6	0.19
0.24	0.05
0.37	0.01
0.4	0.12
0.69	0.57
0.6	0.51
0.53	0.1
0.45	0.38
0.84	0.35
0.49	0.41
0.64	0.64
0.69	0.36
0.6	0.41
0.55	0.05
0.84	0.31
0.24	0.06
0.54	0.0
0.78	0.34
0.16	0.15
0.6	0.16
0.38	0.36
0.72	1.0
0.65	0.59
0.41	0.04
0.21	0.03
0.23	0.04
0.64	0.59
0.37	0.02
0.72	1.0
0.5	0.24
0.46	0.19
0.6	0.45
0.21	0.06
0.69	0.46
0.33	0.09
0.74	0.2
0.66	0.36
0.63	0.37
0.6	0.21
0.64	0.51
0.39	0.1
0.61	0.68
0.79	0.26
0.46	0.28
0.3	0.02
0.19	0.04
0.63	0.15
0.64	0.41
0.31	0.06
0.5	0.11
0.4	0.17
0.22	0.04
0.23	0.11
0.58	0.37
0.3	0.0
0.71	0.54
0.66	0.23
0.5	0.33
0.97	0.77
0.49	0.53
0.48	0.24
0.59	0.16
0.54	0.18
0.54	0.16
0.46	0.06
0.1	0.1
0.42	0.16
0.67	0.13
0.43	0.23
0.58	0.16
0.47	0.7
0.46	0.16
0.51	0.37
0.38	0.09
0.72	0.88
0.71	0.43
0.6	0.19
0.29	0.07
0.64	0.09
0.37	0.04
0.48	0.17
0.36	0.03
0.63	0.24
0.57	0.14
0.32	0.02
0.66	0.03
0.55	0.39
0.79	0.24
0.62	0.24
0.51	0.19
0.43	0.03
0.62	0.18
0.21	0.05
0.54	0.06
0.33	0.06
0.37	0.1
0.69	0.86
0.38	0.04
0.23	0.08
0.69	0.16
0.35	0.14
0.68	0.27
0.57	0.11
0.48	0.37
0.5	0.12
0.63	0.74
0.73	1.0
0.47	0.1
0.14	0.04
0.71	0.28
0.51	0.16
0.21	0.07
0.29	0.03
0.69	0.52
0.78	0.16
0.38	0.0
0.63	0.3
0.59	0.33
0.58	0.25
0.61	0.53
0.54	0.13
0.66	0.2
0.14	0.01
0.7	0.43
0.39	0.12
0.3	0.19
0.61	0.13
0.26	0.02
0.46	0.3
0.35	0.12
0.43	0.18
0.56	0.23
0.19	0.03
0.15	0.18
0.25	0.09
0.53	0.11
0.44	0.34
0.73	0.55
0.7	0.69
0.38	0.07
0.62	0.5
0.86	0.35
0.86	0.35
0.66	0.26
0.64	0.1
0.77	0.18
0.64	0.65
0.61	0.09
0.35	0.03
0.56	0.24
0.57	0.11
0.57	0.48
0.65	0.61
0.55	0.19
0.4	0.13
0.3	0.05
0.45	0.3
0.71	0.24
0.62	0.21
0.26	0.01
1.0	0.38
0.43	0.07
0.58	0.09
0.55	0.59
0.73	0.42
0.53	0.4
0.83	0.45
0.59	0.09
0.56	0.11
0.28	0.14
0.13	0.05
0.39	0.06
0.25	0.01
0.36	0.01
0.5	0.16
0.63	0.22
0.33	0.13
0.54	0.18
0.38	0.02
0.15	0.08
0.73	0.39
0.41	0.63
0.24	0.09
0.25	0.09
0.68	0.15
0.51	0.52
0.15	0.01
0.77	0.14
0.61	0.34
0.53	0.15
0.52	0.9
0.57	0.33
0.83	0.87
0.22	0.05
0.72	0.45
0.5	0.15
0.83	0.38
0.56	0.1
0.44	0.22
0.5	0.69
0.61	0.13
0.37	0.01
0.5	0.23
0.8	0.56
0.65	0.47
0.31	0.16
0.52	0.3
0.44	0.12
0.28	0.09
0.58	0.32
0.57	0.09
0.3	0.08
0.23	0.02
0.6	0.74
0.53	0.2
0.64	0.18
0.36	0.29
0.25	0.02
0.28	0.03
0.69	0.63
0.72	0.1
0.4	0.06
0.21	0.04
0.77	0.13
0.25	0.02
0.24	0.1
0.63	0.36
0.63	0.38
0.65	0.21
0.34	0.02
0.78	1.0
0.39	0.74
0.64	0.51
0.74	0.06
0.67	0.11
0.74	0.21
0.5	0.16
0.48	0.18
0.25	0.06
0.31	0.12
0.63	0.39
0.62	0.27
0.41	0.06
0.27	0.09
0.55	0.54
0.66	0.14
0.42	0.04
0.18	0.01
0.59	0.29
0.85	0.65
0.31	0.21
0.37	0.13
0.19	0.05
0.32	0.15
0.35	0.08
0.7	0.18
0.72	0.03
0.45	0.11
0.46	0.27
0.49	0.05
0.38	0.17
0.75	0.24
0.3	0.03
0.28	0.02
0.67	0.78
0.57	0.55
0.7	0.85
0.47	0.03
0.35	0.05
0.42	0.07
0.53	0.1
0.68	0.7
0.86	0.27
0.2	0.04
0.35	0.04
0.83	0.25
0.6	0.42
0.55	0.38
0.65	0.34
0.47	0.06
0.47	0.25
0.56	0.21
0.68	0.46
0.75	0.22
0.64	0.24
0.58	0.06
0.15	0.02
0.66	0.49
0.22	0.01
0.1	0.06
0.22	0.03
0.54	0.22
0.47	0.34
0.28	0.03
0.47	0.03
0.64	0.16
0.21	0.04
0.5	0.65
0.33	0.05
0.18	0.01
0.51	0.21
0.12	0.01
0.64	0.46
0.4	0.16
0.66	0.83
0.4	0.05
0.3	0.15
0.47	0.02
0.3	0.13
0.38	0.19
0.83	0.35
0.29	0.09
0.68	0.17
0.53	0.15
0.49	0.17
0.55	0.04
0.18	0.03
0.2	0.02
0.53	0.49
0.27	0.18
0.53	0.83
0.64	0.09
0.73	0.1
0.42	0.08
0.48	0.1
0.56	0.3
0.73	1.0
0.63	0.23
0.63	0.1
0.49	0.1
0.29	0.06
0.64	0.12
0.53	0.31
0.61	0.2
0.42	0.23
0.3	0.18
0.24	0.03
0.56	0.73
0.61	0.54
0.41	0.12
0.54	0.11
0.43	0.15
0.74	0.66
0.64	0.3
0.63	0.14
0.34	0.62
0.45	0.71
0.55	0.13
0.21	0.02
0.45	0.81
0.62	0.19
0.46	0.28
0.84	0.23
0.49	0.08
0.38	0.27
0.0	0.02
0.42	0.07
0.8	0.85
0.34	0.03
0.69	0.45
0.32	0.02
0.45	0.45
0.25	0.1
0.33	0.17
0.43	0.05
0.62	0.45
0.49	0.41
0.08	0.0
0.67	0.11
0.37	0.15
0.56	0.44
0.53	0.22
0.58	0.43
0.2	0.02
0.63	0.2
0.54	0.82
0.88	0.32
0.33	0.1
0.17	0.22
0.69	0.25
0.41	0.1
0.56	0.13
0.64	0.7
0.33	0.15
0.44	0.15
0.48	0.56
0.67	0.58
0.82	1.0
0.64	0.48
0.5	0.09
0.64	0.3
0.86	0.67
0.75	0.39
0.51	0.08
0.49	0.54
0.55	0.26
0.55	0.07
0.37	0.13
0.36	0.2
0.35	0.1
0.35	0.15
0.75	0.57
0.4	0.04
0.37	0.03
0.51	0.22
0.68	0.6
0.57	0.36
0.24	0.17
0.61	0.25
0.66	0.26
0.32	0.06
0.54	0.04
0.57	0.03
0.59	0.3
0.61	0.33
0.33	0.15
0.58	0.19
0.26	0.02
0.68	0.67
0.35	0.06
0.17	0.04
0.63	0.17
0.28	0.02
0.48	0.08
0.27	0.03
0.66	0.44
0.42	0.17
0.68	0.2
0.42	0.11
0.42	0.28
0.75	0.91
0.58	0.53
0.67	0.21
0.53	0.16
0.15	0.15
0.36	0.14
0.46	0.08
0.48	0.58
0.42	0.07
0.48	0.32
0.62	0.06
0.66	0.28
0.14	0.01
0.29	0.02
0.68	0.62
0.7	0.41
0.65	0.44
0.68	0.62
0.46	0.24
0.42	0.08
0.32	0.08
0.21	0.06
0.8	1.0
0.74	0.25
0.21	0.09
0.39	0.11
0.37	0.1
0.59	0.18
0.63	0.6
0.42	0.03
0.2	0.02
0.53	0.27
0.69	0.59
0.52	0.32
0.22	0.02
0.41	0.14
0.51	0.07
0.2	0.03
0.78	0.72
0.63	0.49
0.62	0.2
0.53	0.11
0.64	0.48
0.6	0.81
0.29	0.02
0.84	1.0
0.56	0.03
0.36	0.2
0.46	0.06
0.53	0.75
0.46	0.24
0.24	0.03
0.47	0.09
0.64	0.04
0.76	1.0
0.82	0.45
0.54	0.23
0.6	0.14
0.4	0.03
0.34	0.1
0.68	1.0
0.34	0.37
0.73	0.55
0.49	0.36
0.41	0.4
0.81	0.95
0.63	0.36
0.62	1.0
0.44	0.21
0.67	0.1
0.16	0.08
0.57	0.08
0.68	0.23
0.65	0.6
0.27	0.12
0.54	0.14
0.37	0.12
0.3	0.03
0.21	0.02
0.63	0.07
0.52	0.33
0.74	0.09
0.7	0.3
0.45	0.32
0.42	0.1
0.41	0.29
0.43	0.69
0.38	0.2
0.35	0.12
0.68	0.05
0.5	0.03
0.6	0.82
0.41	0.1
0.59	0.15
0.64	0.03
0.38	0.04
0.63	0.27
0.41	0.06
0.42	0.5
0.4	0.08
0.41	0.15
0.67	0.08
0.37	0.1
0.63	0.31
0.38	0.14
0.48	0.06
0.33	0.03
0.27	0.05
0.43	0.15
0.34	0.1
0.74	0.84
0.52	0.15
0.59	0.05
0.51	0.07
0.28	0.02
0.61	0.11
0.19	0.01
0.21	0.04
0.54	0.2
0.58	0.14
0.54	0.53
0.56	0.18
0.37	0.22
0.22	0.02
0.7	0.09
0.49	0.15
0.62	0.81
0.54	0.07
0.24	0.83
0.38	0.02
0.81	1.0
0.54	0.38
0.6	0.6
0.4	0.34
0.54	0.12
0.42	0.05
0.47	0.06
0.52	0.13
0.35	0.03
0.5	0.25
0.09	0.04
0.45	0.11
0.38	0.03
0.35	0.17
0.6	0.07
0.36	0.04
0.65	0.93
0.74	0.82
0.55	0.32
0.58	0.15
0.2	0.06
0.64	0.13
0.31	0.08
0.48	0.01
0.26	0.08
0.64	0.53
0.76	0.76
0.48	0.27
0.34	0.02
0.39	0.04
0.52	0.03
0.61	0.18
0.77	0.76
0.65	0.54
0.51	0.38
0.19	0.02
0.61	0.81
0.49	0.28
0.91	0.18
0.27	0.03
0.49	0.15
0.73	0.22
0.64	0.36
0.29	0.02
0.49	0.33
0.53	0.15
0.39	0.16
0.76	0.82
0.43	0.41
0.91	0.28
0.6	0.66
0.62	0.25
0.47	0.34
0.5	0.44
0.93	0.36
0.13	0.04
0.53	0.12
0.66	0.12
0.64	0.29
0.58	0.23
0.6	0.48
0.38	0.07
0.58	0.2
0.27	0.15
0.18	0.2
0.46	0.07
0.26	0.04
0.5	0.24
0.59	0.54
0.73	0.16
0.3	0.05
0.66	0.4
0.49	0.12
0.53	0.13
0.71	0.19
0.4	0.12
0.5	0.09
0.61	0.14
0.7	0.36
0.36	0.29
0.28	0.18
0.47	0.63
0.45	0.07
0.4	0.03
0.61	0.32
0.54	0.5
0.63	0.06
0.18	0.09
0.62	0.19
0.7	0.67
0.52	0.27
0.33	0.07
0.49	0.33
0.84	0.22
0.59	0.34
0.58	0.45
0.33	0.03
0.71	1.0
0.41	0.18
0.7	0.54
0.41	0.06
0.31	0.03
0.23	0.03
0.71	1.0
0.56	0.1
0.26	0.03
0.62	1.0
0.51	0.19
0.52	0.14
0.77	0.83
0.55	0.39
0.62	0.61
0.36	0.31
0.66	0.17
0.34	0.05
0.57	0.24
0.58	0.17
0.51	0.06
0.57	0.19
0.52	0.07
0.66	0.14
0.75	0.53
0.79	0.27
0.59	0.12
0.76	1.0
0.63	0.04
0.18	0.04
0.53	0.28
0.66	0.2
0.23	0.03
0.41	0.52
0.48	0.13
0.78	0.25
0.61	0.06
0.65	0.68
0.47	0.1
0.5	0.51
0.7	0.66
0.55	0.05
0.62	0.28
0.4	0.15
0.51	0.35
0.42	0.2
0.7	0.23
0.59	0.55
0.52	0.5
0.5	0.02
0.11	0.07
0.43	0.12
0.24	0.03
0.43	0.24
0.11	0.09
0.45	0.14
0.37	0.37
0.29	0.05
0.29	0.17
0.37	0.07
0.47	0.21
0.48	0.2
0.51	0.14
0.35	0.02
0.5	0.24
0.66	0.2
0.16	0.05
0.77	0.76
0.47	0.2
0.35	0.15
0.63	0.1
0.39	0.02
0.47	0.17
0.57	0.21
0.28	0.03
0.44	0.21
0.3	0.03
0.39	0.22
0.4	0.03
0.3	0.05
0.41	0.07
0.73	0.3
0.35	0.28
0.55	0.34
0.44	0.09
0.47	0.56
0.66	0.8
0.35	0.17
0.43	0.05
0.39	0.23
0.61	0.86
0.55	0.5
0.82	1.0
0.52	0.21
0.1	0.02
0.84	0.16
0.77	0.26
0.39	0.02
0.63	0.13
0.41	0.3
0.52	0.41
0.28	0.37
0.56	0.13
0.24	0.04
0.53	0.08
0.51	0.25
0.66	1.0
0.55	0.62
0.56	0.66
0.69	0.97
0.5	0.22
0.16	0.04
0.19	0.04
0.0	0.04
0.7	0.11
0.57	0.34
0.42	0.04
0.53	0.14
0.31	0.06
0.56	0.32
0.51	0.14
0.49	0.26
0.61	0.43
0.07	0.07
0.3	0.16
0.32	0.08
0.47	0.5
0.43	0.11
0.6	0.25
0.6	0.17
0.61	0.31
0.17	0.05
0.31	0.04
0.64	0.61
0.36	0.03
0.38	0.09
0.61	0.19
0.68	0.4
0.5	0.31
0.22	0.12
0.47	0.23
0.2	0.03
0.69	0.28
0.7	0.12
0.54	0.35
0.75	0.2
0.68	0.35
0.09	0.04
0.53	0.36
0.57	0.19
0.43	1.0
0.68	0.36
0.72	0.81
0.59	0.25
0.36	0.07
0.67	0.52
0.59	0.12
0.29	0.19
0.63	0.34
0.32	0.03
0.57	0.68
0.8	1.0
0.7	0.05
0.45	0.05
0.3	0.08
0.69	0.5
0.4	0.12
0.56	0.07
0.5	0.07
0.51	0.05
0.45	0.1
0.27	0.05
0.49	0.53
0.44	0.1
0.33	0.04
0.68	0.31
0.64	0.51
0.73	0.23
0.3	0.01
0.55	0.33
0.63	0.34
0.39	0.15
0.36	0.05
0.56	0.36
0.73	0.93
0.48	0.06
0.35	0.03
0.24	0.07
0.45	0.39
0.22	0.04
0.67	0.33
0.59	0.55
0.69	0.27
0.49	0.11
0.51	0.21
0.52	0.24
0.41	0.13
0.61	0.44
0.75	0.17
0.42	0.59
0.77	0.91
0.22	0.02
0.67	0.09
0.19	0.04
0.66	0.16
0.45	0.39
0.35	0.08
0.45	0.03
0.83	1.0
0.61	0.06
0.23	0.04
0.43	0.1
0.58	0.61
0.67	0.4
0.06	0.04
0.78	0.69
0.17	0.03
0.76	0.67
0.47	0.34
0.49	0.41
0.77	0.09
0.54	0.22
0.31	0.1
0.56	0.19
0.76	0.75
0.63	0.22
0.67	0.12
0.48	0.05
0.26	0.07
0.61	0.26
0.75	0.22
0.39	0.27
0.54	0.21
0.21	0.1
0.35	0.06
0.49	0.05
0.27	0.03
0.74	0.21
0.2	0.08
0.49	0.08
0.5	0.39
0.57	0.11
0.35	0.11
0.73	1.0
0.34	0.1
0.68	0.22
0.7	0.36
0.64	0.06
0.3	0.1
0.29	0.04
0.56	0.08
0.77	0.53
0.51	0.13
0.45	0.12
0.73	0.63
0.16	0.02
0.27	0.05
0.42	0.06
0.37	0.03
0.63	0.11
0.68	0.71
0.33	0.03
0.54	0.15
0.44	0.11
0.77	1.0
0.49	0.12
0.29	0.2
0.58	0.49
0.69	0.25
0.67	0.3
0.21	0.09
0.7	0.64
0.66	0.45
0.44	0.12
0.31	0.06
0.55	0.39
0.61	0.29
0.4	0.13
0.63	0.29
0.7	0.73
0.6	0.09
0.08	0.04
0.46	0.52
0.39	0.12
0.23	0.07
0.32	0.12
0.78	0.66
0.23	0.03
0.48	0.3
0.62	0.29
0.32	0.03
0.45	0.12
0.45	0.09
0.53	0.03
0.44	0.15
0.49	0.17
0.42	0.26
0.71	0.53
0.63	0.33
0.38	0.07
0.24	0.0
0.36	0.2
0.42	0.65
0.23	0.05
0.25	0.06
0.46	0.31
0.72	0.48
0.72	0.09
0.42	0.09
0.37	0.06
0.35	0.1
0.47	0.09
0.61	0.64
0.37	0.05
0.45	0.18
0.5	0.23
0.77	0.72
0.53	0.1
0.3	0.07
0.27	0.02
0.38	0.31
0.48	0.18
0.46	0.13
0.59	0.11
0.53	0.07
0.59	0.21
0.25	0.13
0.64	0.26
0.54	0.53
0.42	0.05
0.41	0.11
0.72	0.14
0.57	0.35
0.62	0.07
0.2	0.02
0.67	0.33
0.46	0.04
0.62	0.28
0.44	0.21
0.67	0.1
0.52	0.11
0.64	0.95
0.25	0.19
0.63	0.72
0.29	0.14
0.56	0.01
0.67	0.21
0.75	0.19
0.28	0.02
0.59	0.2
0.3	0.09
0.89	0.51
0.31	0.13
0.62	0.08
0.58	0.3
0.81	0.59
0.59	0.17
0.49	0.15
0.58	0.05
0.57	0.37
0.32	0.05
0.24	0.1
0.26	0.14
0.36	0.03
0.85	0.33
0.24	0.08
0.48	0.39
0.29	0.19
0.38	0.07
0.73	0.15
0.56	0.17
0.44	0.06
0.8	0.43
0.31	0.19
0.49	0.14
0.3	0.04
0.42	0.06
0.41	0.08
0.54	0.53
0.33	0.06
0.19	0.03
0.49	0.04
0.63	0.57
0.3	0.03
0.55	0.03
0.58	0.23
0.48	0.1
0.25	0.01
0.73	0.21
0.5	0.27
0.23	0.03
0.41	0.28
0.57	0.25
0.42	0.17
0.69	0.21
0.33	0.06
0.24	0.12
0.82	0.7
0.51	0.28
0.3	0.08
0.78	0.53
0.66	0.46
0.25	0.04
0.43	0.04
0.4	0.22
0.63	0.56
0.59	0.39
0.54	0.16
0.59	0.12
0.59	0.49
0.34	0.15
0.52	0.07
0.21	0.03
0.5	0.11
0.2	0.04
0.27	0.09
0.54	0.08
0.21	0.26
0.7	0.28
0.36	0.18
0.5	0.23
0.19	0.04
0.32	0.04
0.39	0.01
0.39	0.02
0.69	1.0
0.48	0.03
0.36	0.1
0.56	0.05
0.54	0.07
0.41	0.06
0.67	1.0
0.51	0.27
0.67	0.17
0.58	0.32
0.51	0.02
0.35	0.08
0.36	0.06
0.5	0.08
0.59	0.18
0.83	0.86
0.68	0.27
0.64	1.0
0.3	0.34
0.49	0.08
0.81	0.68
0.63	0.28
0.68	0.16
0.61	0.09
0.39	0.07
0.19	0.05
0.31	0.09
0.27	0.07
0.57	0.02
0.5	0.85
0.46	0.2
0.62	0.39
0.59	0.09
0.62	0.4
0.57	0.28
0.34	0.0
0.49	0.06
0.6	0.48
0.2	0.03
0.55	0.14
0.63	0.19
0.24	0.01
0.81	1.0
0.4	0.05
0.56	0.05
0.75	0.2
0.51	0.15
0.59	0.13
0.42	0.09
0.64	0.06
0.45	0.06
0.64	0.19
0.72	0.51
0.61	1.0
0.1	0.06
0.3	0.06
0.34	0.08
0.76	0.2
0.22	0.05
0.69	0.9
0.16	0.03
0.51	0.07
0.59	0.12
0.57	0.31
0.83	0.22
0.29	0.09
0.3	0.03
0.43	0.8
0.54	0.22
0.6	0.48
0.27	0.03
0.77	0.26
0.67	0.24
0.41	0.55
0.55	0.26
0.63	0.52
0.83	0.62
0.58	0.45
0.46	0.18
0.54	0.33
0.55	0.01
0.49	0.07
0.55	0.06
0.68	0.25
0.4	0.15
0.21	0.02
0.34	0.06
0.58	0.08
0.4	0.04
0.77	0.87
0.48	0.51
0.3	0.01
0.31	0.06
0.61	0.08
0.23	0.04
0.26	0.32
0.6	0.33
0.45	0.16
0.25	0.07
0.52	0.14
0.5	0.03
0.79	0.52
0.57	0.32
0.55	0.1
0.68	0.19
0.52	0.34
0.5	0.1
0.6	0.06
0.65	0.45
0.64	0.23
0.29	0.09
0.42	0.13
0.67	0.12
0.59	0.03
0.46	0.17
0.51	0.34
0.62	0.52
0.59	0.42
0.54	0.3
0.54	0.09
0.33	0.04
0.61	0.33
0.62	0.14
0.68	0.73
0.25	0.03
0.26	0.31
0.45	0.49
0.34	0.05
0.51	0.1
0.69	0.69
0.25	0.11
0.46	0.34
0.44	0.16
0.6	0.27
0.36	0.04
0.11	0.0
0.59	0.14
0.73	0.25
0.61	0.37
0.81	0.32
0.73	0.08
0.53	0.11
0.53	0.1
0.65	0.84
0.66	0.22
0.39	0.04
0.67	0.12
0.57	0.12
0.74	0.42
0.31	0.22
0.52	0.05
0.3	0.06
0.46	0.14
0.39	0.03
0.54	0.65
0.57	0.02
0.47	0.62
0.56	0.12
0.44	0.18
0.59	0.05
0.09	0.07
0.2	0.06
0.61	0.07
0.52	0.28
0.67	0.25
0.56	0.21
0.2	0.01
0.34	0.02
0.82	0.2
0.51	0.07
0.42	0.03
0.14	0.08
0.58	0.3
0.19	0.18
0.28	0.28
0.45	0.16
0.38	0.03
0.4	0.07
0.35	0.36
0.45	0.04
0.6	0.21
0.63	0.47
0.49	0.05
0.65	0.28
0.49	0.21
0.49	0.14
0.75	0.56
0.6	0.18
0.27	0.07
0.23	0.05
0.68	0.86
0.44	0.21
0.08	0.04
0.44	0.19
0.52	0.09
0.54	0.09
0.36	0.05
0.66	0.53
0.66	0.25
0.6	0.53
0.56	0.27
0.58	0.2
0.43	0.09
0.66	0.11
0.34	0.24
0.7	0.42
0.55	0.1
0.54	0.87
0.38	0.08
0.4	0.04
0.44	0.18
0.36	0.13
0.73	0.67
0.32	0.03
0.56	0.39
0.42	0.23
0.56	0.21
0.66	0.78
0.39	0.24
0.26	0.08
0.56	0.18
0.4	0.01
0.78	0.75
0.44	0.22
0.74	0.16
0.43	0.45
0.46	0.45
0.58	1.0
0.36	0.22
0.68	0.32
0.69	0.05
0.35	0.24
0.24	0.11
0.46	0.41
0.47	0.36
0.41	0.37
0.33	0.11
0.46	0.12
0.44	0.03
0.61	0.14
0.44	0.59
0.19	0.05
0.6	0.1
0.56	0.25
0.5	0.09
0.73	0.41
0.59	0.8
0.68	0.48
0.36	0.03
0.53	0.28
0.7	0.5
0.68	1.0
0.19	0.03
0.51	0.61
0.56	0.29
0.26	0.0
0.56	0.29
0.78	0.7
0.31	0.05
0.68	0.5
0.74	0.41
0.46	0.38
0.48	0.21
0.49	0.29
0.76	0.59
0.36	0.11
0.52	0.54
0.25	0.19
0.46	0.31
0.5	0.11
0.52	0.06
0.76	0.94
0.91	0.67
0.23	0.06
0.68	0.51
0.51	0.26
0.68	0.12
0.32	0.05
0.56	0.9
0.54	0.15
0.56	0.26
0.32	0.11
0.74	0.18
0.7	0.14
0.32	0.07
0.57	0.35
0.11	0.03
0.39	0.29
0.61	0.08
0.57	0.26
0.17	0.15
0.41	0.04
0.62	0.32
0.51	0.6
0.72	0.63
0.48	0.07
0.57	0.55
0.64	0.67
0.6	0.5
0.48	0.31
0.68	0.41
0.16	0.05
0.53	0.57
0.38	0.1
0.53	0.47
0.62	0.14
0.56	0.22
0.42	0.01
0.63	0.14
0.75	0.54
0.17	0.04
0.19	0.03
0.13	0.03
0.51	0.2
0.52	0.12
0.54	0.11
0.15	0.02
0.56	0.12
0.5	0.75
0.71	0.14
0.48	0.27
0.37	0.03
0.47	0.03
0.24	0.14
0.51	0.25
0.58	0.26
0.64	0.29
0.47	0.02
0.51	0.01
0.85	0.37
0.21	0.04
0.26	0.09
0.27	0.07
0.47	0.04
0.51	0.41
0.53	0.08
0.69	0.31
0.42	0.15
0.4	0.1
0.63	0.39
0.25	0.07
0.77	0.14
0.28	0.06
0.16	0.02
0.34	0.09
0.4	0.37
0.55	0.14
0.5	0.25
0.26	0.04
0.66	0.59
0.39	0.07
0.69	0.25
0.59	0.11
0.32	0.1
0.34	0.03
0.5	0.14
0.5	0.16
0.54	0.26
0.58	0.22
0.72	0.13
0.54	0.54
0.53	0.09
0.54	0.34
0.61	0.65
0.36	0.06
0.38	0.24
0.61	0.6
0.42	0.65
0.38	0.08
0.61	0.24
0.23	0.03
0.58	0.26
0.52	0.53
0.2	0.02
0.54	0.23
0.23	0.09
0.56	0.28
0.63	0.35
0.63	0.46
0.49	0.2
0.27	0.12
0.83	0.21
0.76	1.0
0.56	0.26
0.66	0.41
0.59	0.18
0.3	0.08
0.62	0.45
0.32	0.11
0.49	0.12
0.5	0.04
0.42	0.21
0.67	0.19
0.54	0.26
0.54	0.59
0.32	0.22
0.75	0.59
0.39	0.04
0.21	0.01
0.31	0.04
0.53	0.29
0.52	0.09
0.9	0.12
0.2	0.03
0.64	0.12
0.43	0.19
0.49	0.13
0.56	0.26
0.58	0.37
0.88	0.86
0.68	0.21
0.65	0.69
0.63	0.26
0.21	0.1
0.6	0.23
0.34	0.01
0.83	0.19
0.61	0.08
0.67	0.47
0.36	0.03
0.44	0.08
0.37	0.05
0.55	0.09
0.38	0.09
0.32	0.13
0.27	0.12
0.13	0.04
0.49	0.01
0.47	0.25
0.58	0.17
0.34	0.03
0.23	0.1
0.56	0.45
0.27	0.06
0.51	0.29
0.63	0.69
0.71	0.36
0.29	0.13
0.48	0.03
0.33	0.14
0.6	0.21
0.61	0.4
0.72	0.07
0.19	0.04
0.38	0.16
0.58	0.09
0.5	0.38
0.38	0.04
0.42	0.47
0.68	0.2
0.56	1.0
0.4	0.15
0.31	0.19
0.34	0.07
0.52	0.16
0.62	0.16
0.54	0.08
0.71	0.3
0.57	0.24
0.53	0.6
0.27	0.06
0.56	0.6
0.38	0.18
0.43	0.05
0.24	0.02
0.6	0.22
0.61	1.0
0.52	0.14
0.83	1.0
0.63	0.12
0.27	0.09
0.54	0.3
0.57	0.87
0.5	0.43
0.21	0.02
0.12	0.05
0.67	0.23
0.68	0.34
0.4	0.12
0.71	0.24
0.63	0.61
0.65	1.0
0.48	0.22
0.35	0.03
0.63	0.05
0.66	0.29
0.09	0.08
0.27	0.12
0.65	0.15
0.56	0.18
0.82	1.0
0.29	0.1
0.79	0.15
0.33	0.09
0.49	0.54
0.48	0.12
0.17	0.05
0.58	0.14
0.25	0.05
0.63	0.34
0.71	0.26
0.42	0.2
0.39	0.17
0.33	0.05
0.71	0.69
0.24	0.04
0.31	0.02
0.24	0.08
0.72	0.34
0.81	1.0
0.36	0.06
0.36	0.31
0.61	0.12
0.3	0.1
0.31	0.05
0.32	0.04
0.64	0.24
0.52	0.12
0.58	0.09
0.62	0.23
0.2	0.02
0.62	0.36
0.59	0.1
0.47	0.2
0.44	0.1
0.67	0.11
0.48	0.07
0.43	0.04
0.25	0.28
0.24	0.05
0.25	0.17
0.69	1.0
0.77	0.19
0.64	0.28
0.5	0.09
0.38	0.15
0.37	0.13
0.6	0.37
0.74	0.17
