34.0	58.0
35.7	75.0
30.8	64.0
24.6	80.0
29.9	90.0
37.7	72.0
20.4	48.0
33.8	0.0
31.3	72.0
33.7	78.0
27.5	70.0
34.2	95.0
30.9	60.0
33.6	74.0
28.4	58.0
33.3	50.0
37.2	72.0
30.2	68.0
28.4	0.0
42.6	65.0
28.8	74.0
32.0	78.0
36.6	72.0
33.2	64.0
35.9	76.0
35.5	84.0
25.0	60.0
19.5	74.0
45.5	86.0
30.4	74.0
53.2	76.0
38.5	78.0
37.0	78.0
32.3	0.0
42.7	92.0
34.2	78.0
34.7	70.0
32.5	88.0
26.5	78.0
43.2	0.0
27.8	58.0
26.7	54.0
36.0	75.0
31.2	72.0
19.9	92.0
31.6	76.0
37.1	72.0
37.7	72.0
23.6	72.0
46.5	78.0
24.7	65.0
30.3	88.0
39.2	82.0
28.9	70.0
22.1	62.0
29.7	68.0
29.8	70.0
0.0	0.0
39.1	70.0
32.9	64.0
32.4	78.0
36.8	70.0
19.6	90.0
27.6	62.0
38.2	82.0
42.8	85.0
27.7	60.0
48.8	108.0
18.4	76.0
42.4	68.0
34.7	66.0
29.3	86.0
24.2	68.0
37.4	85.0
24.3	66.0
39.2	108.0
23.3	75.0
24.7	56.0
30.8	66.0
37.6	92.0
30.4	66.0
33.6	64.0
29.7	64.0
40.6	94.0
34.9	64.0
36.4	70.0
50.0	88.0
32.9	68.0
29.0	74.0
32.7	58.0
28.7	60.0
42.2	80.0
0.0	0.0
30.0	0.0
42.1	48.0
41.3	82.0
31.2	52.0
36.8	65.0
34.6	60.0
32.6	78.0
32.8	82.0
36.9	88.0
43.4	90.0
38.2	76.0
32.9	78.0
38.4	86.0
25.4	58.0
33.8	78.0
34.2	82.0
35.9	80.0
28.2	60.0
22.9	88.0
0.0	0.0
37.6	106.0
34.4	72.0
35.8	60.0
37.2	52.0
31.9	66.0
27.3	62.0
35.3	0.0
24.3	58.0
40.5	70.0
29.0	80.0
25.1	62.0
26.1	60.0
32.9	76.0
0.0	0.0
33.3	76.0
52.3	0.0
28.5	110.0
23.3	64.0
41.8	70.0
25.4	60.0
28.3	84.0
40.0	78.0
29.5	74.0
28.4	86.0
42.3	114.0
35.2	78.0
20.1	62.0
25.0	66.0
23.5	60.0
25.6	75.0
40.7	62.0
35.3	60.0
38.3	74.0
29.0	74.0
23.0	50.0
39.4	78.0
30.4	88.0
33.3	56.0
36.8	72.0
28.0	70.0
35.3	70.0
0.0	0.0
28.2	82.0
28.7	46.0
21.9	50.0
46.2	80.0
25.9	70.0
32.9	0.0
25.5	68.0
35.5	60.0
19.1	55.0
37.2	60.0
43.6	72.0
29.0	74.0
28.9	85.0
30.9	68.0
33.3	56.0
27.4	64.0
32.9	66.0
32.0	62.0
57.3	100.0
38.7	84.0
29.3	86.0
33.8	60.0
30.0	84.0
29.9	74.0
31.6	88.0
22.2	82.0
41.5	82.0
38.7	76.0
49.3	94.0
43.3	78.0
30.8	70.0
30.0	74.0
36.9	64.0
23.5	78.0
33.6	72.0
31.0	50.0
25.8	72.0
39.9	0.0
35.1	86.0
34.4	82.0
30.1	72.0
0.0	75.0
25.6	54.0
36.6	62.0
34.5	64.0
30.1	74.0
34.5	78.0
35.6	76.0
27.7	58.0
40.2	84.0
31.6	76.0
34.3	58.0
35.2	88.0
37.7	68.0
26.8	90.0
33.2	74.0
37.5	76.0
29.5	58.0
24.6	65.0
36.6	94.0
21.8	56.0
52.3	90.0
30.5	70.0
31.2	84.0
35.1	70.0
33.3	72.0
29.3	78.0
24.2	50.0
30.5	74.0
22.5	62.0
38.5	0.0
32.4	0.0
34.8	64.0
36.3	80.0
30.8	70.0
35.8	82.0
23.9	60.0
36.9	72.0
42.3	68.0
33.1	68.0
43.3	30.0
28.5	52.0
21.1	78.0
35.1	64.0
36.3	0.0
24.7	68.0
24.6	65.0
32.9	72.0
26.2	60.0
35.4	60.0
34.1	92.0
47.9	76.0
23.1	38.0
27.8	76.0
39.4	70.0
35.0	82.0
27.7	74.0
34.9	66.0
24.2	58.0
24.0	98.0
28.8	60.0
22.1	72.0
30.1	60.0
32.5	70.0
25.4	58.0
42.4	84.0
36.5	88.0
31.2	78.0
21.8	60.0
23.6	80.0
29.7	64.0
35.4	70.0
44.6	64.0
32.0	75.0
36.8	88.0
28.0	0.0
39.6	65.0
30.5	54.0
24.3	62.0
46.7	78.0
30.8	72.0
26.5	68.0
38.5	82.0
23.8	76.0
26.4	58.0
34.4	46.0
36.5	90.0
38.0	74.0
45.4	110.0
22.7	92.0
29.6	68.0
30.9	70.0
32.5	82.0
20.0	68.0
45.0	78.0
39.8	80.0
32.8	60.0
67.1	110.0
41.3	66.0
36.4	92.0
28.7	68.0
28.7	96.0
34.3	104.0
30.0	0.0
25.9	74.0
30.1	56.0
32.0	82.0
31.2	64.0
21.0	64.0
25.3	72.0
21.1	0.0
32.0	68.0
19.6	0.0
0.0	0.0
0.0	96.0
30.1	86.0
39.8	90.0
31.6	90.0
18.2	64.0
39.0	78.0
26.0	62.0
42.9	78.0
27.6	72.0
20.4	70.0
25.2	90.0
23.8	72.0
32.8	102.0
43.3	0.0
0.0	0.0
27.0	80.0
27.6	74.0
43.5	70.0
34.0	54.0
40.6	82.0
24.7	48.0
40.6	64.0
27.8	64.0
19.6	66.0
30.4	90.0
27.9	76.0
25.2	62.0
35.9	84.0
37.1	70.0
34.2	70.0
33.7	48.0
55.0	30.0
27.5	82.0
36.1	72.0
30.8	84.0
33.6	72.0
35.5	92.0
27.5	86.0
35.5	106.0
24.5	68.0
24.9	74.0
27.8	74.0
34.0	74.0
36.7	70.0
34.5	90.0
34.5	88.0
29.8	0.0
34.2	70.0
38.1	66.0
29.8	60.0
32.8	62.0
28.0	86.0
36.8	74.0
29.9	74.0
29.6	78.0
25.1	52.0
26.4	60.0
24.8	68.0
26.2	66.0
45.3	88.0
29.7	56.0
41.0	80.0
0.0	64.0
32.0	82.0
30.0	0.0
39.4	84.0
30.4	70.0
39.4	74.0
29.5	58.0
41.5	64.0
27.0	68.0
33.7	60.0
39.0	72.0
59.4	78.0
46.1	82.0
32.4	84.0
30.8	64.0
39.1	82.0
21.0	76.0
21.1	70.0
29.7	62.0
39.5	74.0
27.3	70.0
33.3	76.0
32.9	58.0
30.9	78.0
35.9	68.0
35.6	82.0
26.6	74.0
37.4	85.0
36.3	72.0
35.5	44.0
31.6	74.0
27.2	62.0
38.0	64.0
32.5	52.0
32.8	94.0
39.5	82.0
34.9	70.0
28.9	70.0
27.5	60.0
34.6	70.0
28.9	0.0
32.4	78.0
26.6	74.0
32.0	66.0
33.9	50.0
27.1	80.0
21.9	62.0
25.9	74.0
39.7	76.0
42.7	78.0
31.1	70.0
24.0	44.0
28.4	90.0
38.2	68.0
28.6	60.0
30.0	85.0
36.6	78.0
34.3	70.0
27.2	68.0
26.3	74.0
23.0	78.0
46.8	84.0
47.9	78.0
42.9	70.0
40.9	76.0
25.9	74.0
22.2	0.0
45.6	86.0
34.0	62.0
27.6	78.0
43.5	60.0
36.5	76.0
21.2	64.0
46.8	88.0
45.3	76.0
25.2	0.0
37.9	70.0
29.6	74.0
34.2	70.0
27.4	70.0
33.6	64.0
37.6	86.0
40.8	94.0
32.0	72.0
22.6	62.0
31.2	92.0
44.5	88.0
36.8	64.0
24.7	82.0
23.2	80.0
31.6	58.0
27.4	86.0
34.3	66.0
34.6	80.0
21.7	60.0
24.2	56.0
33.2	80.0
25.6	74.0
43.3	88.0
42.0	66.0
29.3	74.0
28.7	76.0
35.4	70.0
45.8	84.0
39.1	66.0
32.7	94.0
28.4	76.0
28.1	66.0
24.2	76.0
39.5	90.0
19.3	80.0
32.4	72.0
35.5	70.0
36.5	80.0
32.8	78.0
30.4	86.0
31.6	62.0
26.0	74.0
31.6	70.0
34.6	78.0
39.4	76.0
19.5	62.0
32.4	80.0
29.9	75.0
19.4	80.0
34.9	74.0
45.2	80.0
32.9	76.0
25.2	56.0
44.1	90.0
36.6	60.0
36.2	52.0
46.1	78.0
38.4	82.0
33.2	64.0
42.3	80.0
32.7	72.0
38.7	52.0
33.3	58.0
22.6	96.0
24.4	55.0
38.9	80.0
34.8	80.0
33.3	64.0
28.5	58.0
38.1	66.0
30.8	44.0
44.2	80.0
27.8	88.0
34.3	86.0
29.6	90.0
31.9	68.0
39.4	78.0
34.0	62.0
35.7	76.0
34.9	85.0
26.6	72.0
26.0	68.0
26.4	64.0
23.2	76.0
33.7	90.0
21.9	65.0
31.6	78.0
39.1	86.0
37.7	104.0
25.2	54.0
27.8	24.0
30.5	70.0
37.7	88.0
33.2	76.0
39.9	68.0
35.8	68.0
52.9	98.0
22.5	56.0
46.2	68.0
36.1	78.0
32.1	70.0
30.7	84.0
34.6	60.0
37.4	74.0
32.5	80.0
0.0	82.0
27.4	70.0
25.6	72.0
30.5	64.0
32.8	80.0
32.0	62.0
41.2	62.0
42.1	90.0
21.8	62.0
27.6	78.0
25.6	72.0
30.1	68.0
26.8	80.0
21.8	58.0
32.4	66.0
29.0	56.0
22.9	62.0
25.3	62.0
40.5	48.0
32.0	64.0
33.6	74.0
26.8	60.0
27.3	68.0
18.2	70.0
31.2	68.0
35.7	84.0
32.3	80.0
27.9	84.0
35.0	84.0
24.0	62.0
23.7	0.0
25.0	0.0
37.8	66.0
28.4	78.0
33.3	86.0
35.0	88.0
45.3	76.0
32.3	74.0
40.6	88.0
25.0	78.0
40.0	64.0
25.9	62.0
32.2	66.0
26.0	68.0
31.2	76.0
25.4	80.0
33.6	68.0
34.9	58.0
35.0	68.0
30.9	54.0
30.5	74.0
35.7	90.0
24.1	74.0
35.3	74.0
25.9	50.0
32.4	88.0
25.2	82.0
24.3	70.0
23.6	66.0
30.1	52.0
27.4	64.0
38.8	66.0
23.5	0.0
33.3	82.0
32.0	90.0
31.2	64.0
38.5	68.0
39.0	106.0
33.8	60.0
38.1	70.0
42.9	80.0
32.4	74.0
25.6	54.0
40.9	72.0
31.6	58.0
24.0	60.0
39.4	74.0
30.8	82.0
27.7	84.0
34.1	74.0
29.3	68.0
33.9	72.0
26.9	60.0
29.2	64.0
30.1	86.0
20.8	72.0
29.9	62.0
24.8	86.0
37.5	76.0
23.7	64.0
34.3	66.0
26.8	54.0
30.0	68.0
43.1	40.0
29.5	80.0
28.3	50.0
38.2	88.0
43.6	76.0
28.7	50.0
34.7	60.0
28.9	72.0
39.0	68.0
28.0	70.0
24.8	58.0
31.0	80.0
21.1	68.0
23.2	66.0
36.0	52.0
44.0	86.0
26.1	80.0
48.3	75.0
20.8	56.0
18.2	68.0
45.7	76.0
34.4	80.0
25.1	70.0
31.2	80.0
25.0	62.0
33.2	70.0
37.8	50.0
34.5	88.0
46.3	74.0
25.0	70.0
32.8	66.0
25.8	72.0
24.6	52.0
34.0	64.0
32.8	68.0
43.4	100.0
32.0	98.0
35.8	62.0
24.4	66.0
31.2	76.0
35.5	62.0
28.0	84.0
21.8	62.0
33.6	62.0
26.2	72.0
27.5	0.0
40.1	82.0
37.2	74.0
25.5	70.0
24.2	61.0
33.7	80.0
28.7	56.0
26.1	54.0
31.6	68.0
26.6	66.0
23.1	72.0
41.3	66.0
22.4	44.0
23.9	72.0
27.6	78.0
30.4	50.0
34.1	64.0
37.8	54.0
27.6	72.0
32.0	80.0
39.9	84.0
32.4	80.0
38.5	88.0
33.1	70.0
30.1	60.0
34.1	68.0
27.1	88.0
43.3	100.0
33.2	78.0
32.5	66.0
44.0	74.0
23.4	74.0
44.2	0.0
31.2	70.0
37.3	78.0
27.1	50.0
38.6	72.0
37.6	68.0
23.1	64.0
31.6	80.0
44.5	70.0
27.3	84.0
49.6	76.0
29.7	72.0
40.5	82.0
28.9	64.0
33.8	76.0
24.4	80.0
35.4	84.0
29.5	50.0
25.9	74.0
29.7	90.0
26.5	60.0
33.1	70.0
22.3	54.0
26.2	74.0
33.5	90.0
34.7	86.0
30.5	68.0
42.9	76.0
29.7	70.0
37.9	80.0
49.7	90.0
35.8	64.0
38.5	68.0
37.6	84.0
23.1	72.0
34.2	82.0
27.8	52.0
34.2	64.0
36.1	74.0
39.3	88.0
35.9	76.0
28.6	64.0
22.4	122.0
45.6	86.0
42.4	0.0
22.5	96.0
