1200.0	3300.0
0.0	337.0
11700.0	16300.0
2800.0	2200.0
1600.0	1200.0
24400.0	2500.0
2400.0	2800.0
713.0	1400.0
4200.0	4700.0
2900.0	2800.0
2400.0	2600.0
8600.0	5000.0
0.0	919.0
730.0	3500.0
770.0	13500.0
3200.0	1300.0
10200.0	1100.0
1400.0	1900.0
3800.0	8400.0
1500.0	14800.0
798.0	773.0
1600.0	3700.0
2300.0	1200.0
742.0	750.0
730.0	1600.0
2700.0	35300.0
1700.0	2800.0
0.0	3500.0
6300.0	3100.0
0.0	8400.0
1200.0	691.0
1500.0	1000.0
2400.0	1800.0
0.0	2600.0
321.0	1500.0
294.0	1200.0
5600.0	5800.0
24.0	1600.0
0.0	2200.0
0.0	1500.0
1800.0	5000.0
1000.0	1700.0
0.0	2800.0
2500.0	2400.0
3700.0	2400.0
3600.0	2000.0
1100.0	2200.0
1600.0	782.0
2200.0	2700.0
7900.0	4200.0
3800.0	2000.0
16000.0	3400.0
0.0	1800.0
12200.0	1500.0
1900.0	4000.0
2500.0	4600.0
3700.0	951.0
14100.0	5200.0
4000.0	1400.0
2200.0	1000.0
0.0	5500.0
0.0	566.0
2900.0	3000.0
1400.0	3700.0
1300.0	5700.0
1400.0	1300.0
4600.0	4800.0
1900.0	7500.0
4800.0	1500.0
1900.0	5200.0
309.0	1300.0
973.0	1400.0
309.0	2200.0
2500.0	708.0
2100.0	17300.0
12000.0	932.0
1400.0	2200.0
917.0	6000.0
0.0	3200.0
2000.0	2200.0
11200.0	928.0
2600.0	10000.0
448.0	1200.0
0.0	2500.0
0.0	3500.0
2200.0	3200.0
3600.0	2700.0
0.0	1400.0
0.0	1900.0
1400.0	911.0
2000.0	2100.0
1700.0	806.0
2400.0	3100.0
2000.0	2100.0
1200.0	1500.0
2000.0	4200.0
938.0	2000.0
2900.0	14800.0
995.0	1100.0
2000.0	986.0
810.0	1900.0
2900.0	4400.0
743.0	1400.0
3300.0	4100.0
2700.0	783.0
4900.0	1400.0
6800.0	3000.0
37800.0	1100.0
1200.0	3100.0
2300.0	1000.0
5500.0	5000.0
358.0	1400.0
1100.0	1100.0
7100.0	11200.0
2400.0	1200.0
2700.0	23800.0
3200.0	1400.0
41.0	1400.0
2000.0	1200.0
2800.0	1500.0
1400.0	3400.0
1400.0	3600.0
0.0	546.0
11700.0	4600.0
0.0	1600.0
1200.0	2800.0
3300.0	2400.0
0.0	8100.0
1400.0	1200.0
19100.0	3400.0
8000.0	2100.0
0.0	1000.0
4200.0	1700.0
9300.0	3600.0
0.0	11700.0
1700.0	2900.0
95900.0	9000.0
2200.0	1700.0
11200.0	17900.0
0.0	25100.0
3700.0	2600.0
659.0	2100.0
5000.0	13700.0
8100.0	5000.0
1300.0	1700.0
2100.0	1500.0
896.0	2000.0
829.0	2300.0
2200.0	1300.0
462.0	2000.0
4600.0	6100.0
0.0	1100.0
0.0	1600.0
3400.0	2300.0
0.0	595.0
0.0	1900.0
1800.0	1800.0
1700.0	6700.0
1200.0	1900.0
1400.0	1300.0
676.0	5300.0
23600.0	5300.0
3000.0	15200.0
4000.0	655.0
1100.0	2300.0
1100.0	1600.0
4500.0	2600.0
2700.0	3100.0
845.0	2300.0
1700.0	1100.0
3300.0	1000.0
0.0	2400.0
0.0	3200.0
3900.0	3600.0
5400.0	884.0
1300.0	1400.0
0.0	2400.0
12000.0	1300.0
95900.0	17900.0
104100.0	2600.0
1100.0	3100.0
1600.0	3900.0
2200.0	4900.0
8400.0	5600.0
0.0	2700.0
1500.0	12700.0
5300.0	2500.0
0.0	1200.0
6700.0	4000.0
0.0	1400.0
2900.0	4100.0
2800.0	1400.0
0.0	1100.0
0.0	2300.0
1400.0	366.0
5400.0	1400.0
967.0	1100.0
3000.0	2100.0
1900.0	1600.0
2100.0	4300.0
5600.0	10000.0
0.0	2000.0
1600.0	1700.0
0.0	1500.0
3300.0	818.0
872.0	971.0
1300.0	1700.0
596.0	2400.0
1500.0	22100.0
943.0	1100.0
3500.0	1800.0
6200.0	2800.0
2800.0	1700.0
1000.0	1900.0
9500.0	5000.0
677.0	2600.0
0.0	1200.0
12500.0	4300.0
1000.0	4300.0
0.0	3100.0
321.0	866.0
692.0	2700.0
1700.0	1600.0
922.0	962.0
3100.0	5300.0
1300.0	1300.0
41900.0	4600.0
1400.0	876.0
803.0	1500.0
2600.0	2700.0
3100.0	1600.0
0.0	1900.0
0.0	4400.0
14100.0	2700.0
0.0	4800.0
1300.0	14400.0
23600.0	3700.0
546.0	1500.0
3900.0	1100.0
1100.0	6200.0
3100.0	14300.0
765.0	5100.0
5400.0	2400.0
1600.0	1200.0
1800.0	1400.0
6200.0	1700.0
12500.0	3700.0
2000.0	3400.0
863.0	5000.0
1100.0	1300.0
0.0	3700.0
12400.0	1800.0
969.0	5800.0
1100.0	11800.0
1100.0	2300.0
3400.0	4900.0
1600.0	8700.0
1000.0	2400.0
849.0	1700.0
0.0	1800.0
2300.0	7900.0
2700.0	3800.0
6500.0	9600.0
0.0	2300.0
700.0	2700.0
4200.0	321.0
309.0	1100.0
692.0	9900.0
2700.0	4400.0
2300.0	10600.0
1100.0	1200.0
16200.0	1300.0
0.0	545.0
2800.0	7900.0
1200.0	3600.0
0.0	1100.0
2.0	3500.0
1900.0	2500.0
1100.0	1100.0
1400.0	2300.0
3300.0	3100.0
1100.0	1600.0
1200.0	1200.0
1100.0	1800.0
5600.0	3600.0
9200.0	12000.0
0.0	816.0
776.0	4600.0
13700.0	2600.0
610.0	4800.0
1800.0	707.0
5800.0	6500.0
0.0	1100.0
2600.0	2200.0
6800.0	2600.0
13400.0	1000.0
1200.0	1300.0
1600.0	1200.0
2100.0	6500.0
3000.0	4800.0
711.0	1800.0
16000.0	4900.0
0.0	165.0
12300.0	2600.0
3200.0	4100.0
1800.0	1700.0
549.0	2200.0
1200.0	2100.0
4100.0	8800.0
4200.0	8200.0
28.0	3000.0
534.0	2300.0
2900.0	2400.0
0.0	2000.0
1800.0	2300.0
714.0	1400.0
2500.0	6600.0
54100.0	2500.0
762.0	4100.0
2500.0	539.0
1100.0	1200.0
676.0	4100.0
0.0	1100.0
1400.0	15400.0
928.0	1300.0
2400.0	1200.0
1600.0	5500.0
0.0	2200.0
3500.0	2300.0
2100.0	2300.0
5600.0	403.0
1000.0	4700.0
95900.0	3600.0
1800.0	11300.0
6400.0	3100.0
5000.0	1600.0
3500.0	7200.0
0.0	560.0
15.0	1300.0
711.0	10100.0
4200.0	6000.0
3000.0	3100.0
5000.0	843.0
232.0	1100.0
3500.0	2700.0
9900.0	824.0
783.0	1200.0
0.0	1700.0
1500.0	2800.0
1100.0	1200.0
0.0	2700.0
2200.0	959.0
974.0	1100.0
0.0	785.0
1500.0	1300.0
711.0	4400.0
200.0	1200.0
637.0	1600.0
0.0	5700.0
2100.0	3600.0
850.0	1400.0
3500.0	515.0
6500.0	3600.0
1300.0	857.0
348.0	3100.0
95900.0	11000.0
9900.0	860.0
309.0	1300.0
0.0	930.0
0.0	7900.0
1600.0	1900.0
1800.0	1400.0
16000.0	2600.0
1300.0	1400.0
3200.0	1400.0
2100.0	3300.0
1900.0	3700.0
0.0	1600.0
56500.0	2800.0
5700.0	3700.0
1200.0	2800.0
2700.0	1300.0
23800.0	1600.0
845.0	719.0
6200.0	2700.0
0.0	982.0
0.0	6100.0
95900.0	8300.0
985.0	1500.0
2800.0	3300.0
0.0	1300.0
2600.0	2500.0
1100.0	1300.0
1000.0	2800.0
0.0	1200.0
790.0	3200.0
1500.0	3000.0
309.0	1200.0
533.0	1200.0
1000.0	455.0
1100.0	7100.0
4800.0	4800.0
0.0	448.0
1900.0	3000.0
288.0	2200.0
0.0	1100.0
1800.0	1200.0
7000.0	5200.0
42500.0	2200.0
1300.0	2100.0
2700.0	21300.0
0.0	1300.0
0.0	1800.0
95900.0	6900.0
920.0	1300.0
10600.0	3400.0
3200.0	1300.0
4600.0	6400.0
695.0	2700.0
1300.0	2900.0
1400.0	2000.0
11100.0	1500.0
770.0	3000.0
866.0	955.0
515.0	2000.0
1600.0	1700.0
1500.0	1200.0
0.0	3900.0
2200.0	1500.0
2000.0	1400.0
1900.0	1500.0
11100.0	1900.0
30600.0	1400.0
562.0	1100.0
845.0	1300.0
967.0	3100.0
2000.0	3100.0
1300.0	1500.0
0.0	3900.0
0.0	958.0
1900.0	1200.0
309.0	966.0
12400.0	2000.0
1400.0	4500.0
755.0	4800.0
6900.0	1100.0
2400.0	3700.0
4500.0	1100.0
1700.0	2700.0
689.0	3700.0
0.0	1200.0
0.0	1000.0
2700.0	2800.0
3500.0	1900.0
0.0	2500.0
42.0	924.0
309.0	1500.0
1300.0	2700.0
2000.0	1200.0
8500.0	13700.0
23600.0	6500.0
2700.0	1300.0
989.0	1400.0
8300.0	6900.0
16000.0	3700.0
2200.0	1900.0
15000.0	2200.0
627.0	15200.0
3000.0	2700.0
2700.0	2400.0
2200.0	4500.0
2600.0	1400.0
1000.0	1500.0
969.0	2000.0
1600.0	9100.0
2200.0	3700.0
1900.0	1100.0
1300.0	1200.0
1200.0	1500.0
9500.0	16300.0
4900.0	3100.0
0.0	6500.0
309.0	1900.0
2100.0	2100.0
3200.0	1600.0
8000.0	2100.0
3100.0	3800.0
5900.0	1300.0
1600.0	2000.0
0.0	9300.0
1700.0	1700.0
5400.0	4100.0
1700.0	1600.0
1600.0	4100.0
1700.0	803.0
0.0	850.0
0.0	1500.0
1700.0	22300.0
0.0	1200.0
1500.0	1600.0
7800.0	4700.0
0.0	7700.0
0.0	217.0
321.0	1300.0
921.0	684.0
2100.0	890.0
0.0	2000.0
0.0	2400.0
878.0	2900.0
254.0	5800.0
11000.0	5900.0
747.0	1300.0
0.0	992.0
2800.0	3200.0
1400.0	2200.0
8200.0	2000.0
3900.0	1800.0
3400.0	6100.0
3000.0	1700.0
0.0	1300.0
1200.0	5400.0
5500.0	5300.0
925.0	10700.0
9600.0	1500.0
1100.0	1400.0
795.0	8100.0
907.0	2100.0
3000.0	1900.0
1000.0	1200.0
1600.0	1100.0
0.0	1400.0
1600.0	1700.0
8200.0	3100.0
966.0	1200.0
0.0	1900.0
4500.0	18200.0
6500.0	1500.0
619.0	1300.0
309.0	2000.0
2800.0	1200.0
927.0	2700.0
0.0	825.0
29000.0	2000.0
1000.0	4000.0
2600.0	1500.0
2400.0	2300.0
0.0	1700.0
2200.0	2100.0
1200.0	1100.0
2500.0	7800.0
1000.0	1100.0
13100.0	5200.0
23600.0	5600.0
12400.0	1500.0
1500.0	1100.0
0.0	2100.0
2700.0	819.0
2400.0	1700.0
1200.0	1400.0
4800.0	1400.0
1700.0	759.0
1200.0	1500.0
3200.0	4200.0
0.0	414.0
0.0	612.0
4600.0	2300.0
1100.0	2200.0
713.0	1800.0
459.0	2300.0
655.0	834.0
35300.0	2000.0
0.0	1200.0
0.0	2100.0
1100.0	2000.0
474.0	852.0
0.0	2200.0
1000.0	1100.0
0.0	1200.0
2400.0	4300.0
1900.0	3800.0
78600.0	4700.0
1400.0	3000.0
0.0	1700.0
1600.0	398.0
3400.0	2400.0
20700.0	5400.0
1700.0	1200.0
0.0	2100.0
52100.0	1900.0
963.0	11100.0
0.0	4600.0
0.0	2900.0
2700.0	1100.0
14100.0	6800.0
6400.0	6500.0
1600.0	1000.0
1400.0	1800.0
1200.0	1900.0
1200.0	1800.0
11700.0	817.0
6100.0	1800.0
0.0	7700.0
8300.0	4600.0
2100.0	14100.0
4500.0	1900.0
1900.0	2000.0
4100.0	8300.0
5600.0	1800.0
912.0	2900.0
778.0	1600.0
1800.0	1200.0
86200.0	2700.0
2400.0	5200.0
254.0	1600.0
8900.0	3800.0
2700.0	1100.0
3100.0	2100.0
9300.0	9700.0
0.0	2700.0
1700.0	2100.0
787.0	752.0
3400.0	2900.0
14600.0	5000.0
10100.0	4200.0
21300.0	7600.0
0.0	1500.0
9900.0	4000.0
454.0	1600.0
3400.0	2400.0
2400.0	2000.0
1400.0	1100.0
2400.0	3900.0
0.0	1700.0
6500.0	1400.0
2400.0	1700.0
1300.0	1100.0
2400.0	1700.0
1100.0	3900.0
0.0	3500.0
1800.0	3400.0
3100.0	1800.0
1200.0	3200.0
0.0	1900.0
1800.0	4900.0
1000.0	2500.0
757.0	1400.0
6100.0	1100.0
0.0	2600.0
0.0	1500.0
2200.0	12500.0
1100.0	1200.0
4300.0	2200.0
1800.0	2200.0
1600.0	7900.0
2000.0	1700.0
5600.0	3100.0
5400.0	6900.0
0.0	5000.0
3800.0	1200.0
897.0	4000.0
2600.0	2800.0
1300.0	607.0
5300.0	1800.0
3000.0	2300.0
0.0	2000.0
3500.0	2100.0
1200.0	3200.0
1300.0	12000.0
2300.0	3400.0
2400.0	2400.0
13100.0	1700.0
1600.0	6100.0
254.0	1100.0
0.0	3100.0
1200.0	2700.0
0.0	13000.0
309.0	1300.0
13800.0	3000.0
3900.0	13200.0
6400.0	1700.0
8900.0	4200.0
1500.0	1300.0
0.0	3800.0
0.0	2900.0
16000.0	3900.0
4900.0	2600.0
1000.0	749.0
455.0	1500.0
16000.0	2400.0
2300.0	4000.0
0.0	3800.0
309.0	2000.0
1700.0	4200.0
1500.0	1200.0
2500.0	2100.0
31000.0	1600.0
0.0	1400.0
2500.0	1500.0
2300.0	3000.0
4200.0	1100.0
0.0	10400.0
1500.0	1200.0
6900.0	4100.0
1800.0	3900.0
1800.0	810.0
1300.0	923.0
1200.0	1700.0
16000.0	1300.0
3500.0	17100.0
742.0	952.0
2700.0	2600.0
0.0	251.0
924.0	1700.0
3800.0	1500.0
95900.0	23500.0
86.0	1500.0
2100.0	8100.0
1700.0	2400.0
2700.0	821.0
95900.0	18900.0
0.0	3500.0
0.0	12200.0
2600.0	3300.0
4300.0	2600.0
2700.0	3000.0
4200.0	2500.0
1300.0	5600.0
4900.0	3100.0
866.0	1100.0
1200.0	3000.0
0.0	3700.0
1800.0	4000.0
2200.0	1800.0
2200.0	1300.0
23600.0	3600.0
1400.0	4200.0
2000.0	1400.0
1100.0	1600.0
648.0	3000.0
907.0	2400.0
39200.0	1700.0
1400.0	1800.0
104100.0	2300.0
2100.0	1600.0
228.0	1200.0
2000.0	6100.0
1300.0	9000.0
1000.0	1400.0
690.0	648.0
1500.0	1300.0
1100.0	3000.0
309.0	1100.0
3700.0	2900.0
2700.0	2600.0
2600.0	1400.0
1400.0	1400.0
11300.0	16200.0
4700.0	1800.0
1400.0	6300.0
0.0	6400.0
2900.0	3400.0
1700.0	837.0
3800.0	6900.0
0.0	2200.0
971.0	3700.0
962.0	5400.0
2900.0	1800.0
1500.0	1800.0
4100.0	1500.0
959.0	2000.0
980.0	1900.0
880.0	7400.0
965.0	528.0
2500.0	1700.0
0.0	971.0
1500.0	1500.0
910.0	1100.0
2600.0	1400.0
3000.0	1900.0
2300.0	2400.0
1000.0	767.0
9000.0	9900.0
2600.0	6100.0
771.0	11500.0
2000.0	951.0
2600.0	428.0
0.0	23.0
10700.0	1100.0
1500.0	2200.0
31500.0	32000.0
0.0	4300.0
309.0	1100.0
6700.0	1300.0
1200.0	1200.0
7700.0	3300.0
4400.0	2200.0
0.0	2700.0
4600.0	4600.0
6100.0	9300.0
0.0	1600.0
6000.0	5900.0
2400.0	3000.0
539.0	1300.0
1100.0	713.0
1200.0	1100.0
12400.0	3000.0
1900.0	2200.0
1400.0	4400.0
21900.0	2200.0
1200.0	1200.0
14800.0	1600.0
0.0	2800.0
3200.0	2800.0
2900.0	6300.0
8800.0	8200.0
12000.0	2100.0
2200.0	5300.0
0.0	4600.0
1900.0	8700.0
1600.0	1300.0
1100.0	3600.0
1100.0	1800.0
0.0	873.0
5800.0	2200.0
2700.0	1600.0
627.0	1500.0
309.0	1400.0
1300.0	2000.0
968.0	2300.0
488.0	973.0
4200.0	4200.0
2100.0	2900.0
96500.0	1800.0
1400.0	1800.0
3000.0	696.0
0.0	3900.0
992.0	4800.0
2900.0	3500.0
1000.0	1500.0
1000.0	1800.0
0.0	1500.0
0.0	1100.0
2400.0	11100.0
0.0	1900.0
1100.0	2500.0
10000.0	1100.0
1200.0	1400.0
1700.0	4500.0
1300.0	1900.0
37300.0	9200.0
621.0	906.0
5400.0	7300.0
4100.0	1600.0
2400.0	2200.0
2500.0	1300.0
2000.0	2600.0
398.0	1100.0
2700.0	4500.0
998.0	1300.0
0.0	1500.0
1000.0	2500.0
0.0	2800.0
1100.0	3400.0
10400.0	7600.0
0.0	1200.0
784.0	3800.0
15400.0	8700.0
9900.0	1100.0
1000.0	1300.0
5600.0	4700.0
4600.0	2100.0
0.0	1700.0
1200.0	6300.0
15.0	3000.0
702.0	1700.0
1500.0	805.0
6900.0	2600.0
0.0	6200.0
6500.0	1100.0
2500.0	1900.0
1500.0	1800.0
1900.0	1200.0
0.0	6900.0
0.0	2200.0
0.0	1000.0
1100.0	2300.0
972.0	3200.0
3400.0	4900.0
7400.0	8700.0
4400.0	3400.0
21100.0	15000.0
0.0	4800.0
0.0	3500.0
3200.0	2300.0
488.0	1200.0
0.0	1200.0
1500.0	8800.0
713.0	1500.0
4300.0	3200.0
309.0	1100.0
1500.0	1200.0
716.0	4200.0
309.0	1200.0
1400.0	7200.0
1300.0	2500.0
2700.0	1300.0
2200.0	967.0
2700.0	3800.0
384.0	1400.0
739.0	2300.0
0.0	1500.0
1400.0	2200.0
1400.0	6200.0
1200.0	1300.0
2300.0	5200.0
495.0	987.0
86200.0	6000.0
10700.0	2500.0
2100.0	962.0
879.0	2500.0
1300.0	1400.0
54100.0	3500.0
753.0	1300.0
1400.0	3600.0
1200.0	1300.0
953.0	1800.0
1300.0	753.0
7900.0	2500.0
1000.0	7800.0
576.0	987.0
309.0	1400.0
2200.0	2000.0
1100.0	16200.0
96900.0	1900.0
0.0	2300.0
5600.0	3600.0
1100.0	1900.0
2500.0	2500.0
939.0	1200.0
2000.0	2000.0
13900.0	1500.0
1500.0	1100.0
2100.0	1600.0
2000.0	1400.0
1800.0	2400.0
625.0	19500.0
13700.0	4800.0
3400.0	5400.0
4800.0	4000.0
0.0	1600.0
3100.0	992.0
3700.0	1500.0
86200.0	24500.0
0.0	2400.0
309.0	2200.0
866.0	2300.0
309.0	2200.0
438.0	1900.0
1900.0	1700.0
0.0	992.0
0.0	507.0
4600.0	3500.0
1300.0	940.0
1700.0	2000.0
1300.0	5000.0
2200.0	1300.0
0.0	2500.0
2200.0	3200.0
2300.0	1100.0
3700.0	1400.0
1300.0	1200.0
1100.0	2000.0
1400.0	475.0
2300.0	1100.0
0.0	1600.0
761.0	4500.0
0.0	948.0
1200.0	3500.0
3900.0	3300.0
309.0	1400.0
1200.0	1700.0
2500.0	2100.0
4300.0	2600.0
0.0	758.0
1300.0	1600.0
1200.0	1900.0
54100.0	7800.0
1000.0	1500.0
1100.0	1300.0
158900.0	6400.0
2100.0	3300.0
29900.0	1700.0
1300.0	37500.0
1500.0	34500.0
713.0	1700.0
3900.0	2200.0
709.0	457.0
2300.0	2900.0
0.0	122800.0
0.0	1800.0
1400.0	888.0
1300.0	4500.0
0.0	1400.0
478.0	1300.0
1900.0	1800.0
309.0	2900.0
1400.0	616.0
6500.0	1200.0
1100.0	1600.0
7200.0	4800.0
587.0	1000.0
704.0	2400.0
1900.0	3200.0
756.0	7800.0
2800.0	1300.0
2700.0	3000.0
2900.0	28800.0
4900.0	3900.0
95900.0	10700.0
0.0	5700.0
1400.0	2000.0
341.0	1800.0
3100.0	3500.0
5600.0	3500.0
1800.0	11600.0
1500.0	2400.0
924.0	4100.0
3800.0	4000.0
3500.0	4300.0
2400.0	1500.0
2400.0	4500.0
25500.0	4300.0
0.0	1100.0
1900.0	1400.0
1800.0	1900.0
2200.0	7900.0
2000.0	2100.0
213.0	1200.0
0.0	8300.0
484.0	824.0
11400.0	8500.0
847.0	1300.0
939.0	797.0
0.0	2000.0
2800.0	7000.0
3200.0	3300.0
0.0	1300.0
3700.0	5800.0
6500.0	2600.0
9200.0	1800.0
562.0	1000.0
12000.0	1100.0
5000.0	2400.0
1200.0	3500.0
95900.0	1400.0
1900.0	1900.0
1400.0	531.0
1200.0	4100.0
2200.0	1100.0
1200.0	1900.0
2500.0	4100.0
815.0	2800.0
14600.0	2500.0
830.0	2100.0
762.0	3000.0
0.0	635.0
5700.0	904.0
6200.0	2500.0
1300.0	1700.0
1200.0	1500.0
2800.0	2400.0
2400.0	5300.0
11100.0	12700.0
2500.0	2400.0
1900.0	4000.0
1700.0	2000.0
2200.0	2200.0
6500.0	8800.0
254.0	1400.0
1400.0	1200.0
7900.0	3200.0
0.0	389.0
6300.0	2700.0
4400.0	4700.0
0.0	724.0
95900.0	9100.0
0.0	200.0
3200.0	1900.0
1900.0	5700.0
0.0	4700.0
1200.0	1600.0
2000.0	20200.0
960.0	1200.0
7500.0	9700.0
1500.0	1100.0
1400.0	1800.0
2200.0	6100.0
1200.0	902.0
979.0	3600.0
0.0	1700.0
0.0	4000.0
0.0	1400.0
309.0	1600.0
0.0	949.0
95900.0	6200.0
3800.0	1600.0
2200.0	1400.0
911.0	1300.0
11300.0	14100.0
2200.0	1100.0
923.0	1700.0
1000.0	1300.0
1400.0	2500.0
0.0	1500.0
2400.0	2800.0
0.0	53.0
309.0	1200.0
10300.0	2700.0
2000.0	1500.0
1200.0	1600.0
1600.0	1400.0
2600.0	1800.0
0.0	3600.0
3800.0	3300.0
1700.0	4000.0
3700.0	8200.0
0.0	1500.0
864.0	5500.0
1300.0	2800.0
0.0	6000.0
775.0	1000.0
0.0	13300.0
0.0	1100.0
1500.0	1800.0
7300.0	2400.0
1200.0	51900.0
12400.0	1400.0
0.0	7800.0
0.0	1200.0
5600.0	12300.0
5200.0	4200.0
1100.0	985.0
0.0	910.0
4500.0	4800.0
1100.0	1400.0
3700.0	6300.0
0.0	348.0
13200.0	1400.0
1600.0	1200.0
5400.0	1600.0
3600.0	5300.0
1800.0	1000.0
1300.0	2700.0
1000.0	1200.0
672.0	3700.0
19100.0	6700.0
2600.0	2200.0
4000.0	5500.0
254.0	2900.0
4800.0	12500.0
309.0	2600.0
2500.0	1900.0
86200.0	23800.0
1800.0	9300.0
810.0	1800.0
2200.0	2500.0
762.0	6400.0
4100.0	4700.0
1100.0	1300.0
0.0	483.0
3900.0	1100.0
1100.0	1500.0
997.0	1900.0
0.0	10400.0
0.0	3000.0
16000.0	2200.0
5500.0	3600.0
8600.0	5000.0
95900.0	6300.0
500.0	1300.0
899.0	636.0
790.0	3700.0
0.0	2100.0
5600.0	1500.0
3900.0	1900.0
1200.0	1200.0
1500.0	1700.0
13100.0	1600.0
796.0	15000.0
1200.0	1900.0
1100.0	4300.0
4400.0	1300.0
1600.0	3300.0
1100.0	3000.0
1900.0	1800.0
4200.0	2800.0
0.0	12000.0
386.0	17300.0
0.0	1600.0
1900.0	3100.0
7400.0	3600.0
2000.0	1800.0
2000.0	7100.0
0.0	1400.0
783.0	1400.0
1600.0	1000.0
1300.0	5500.0
0.0	5.0
0.0	4300.0
2800.0	2600.0
86200.0	6300.0
3000.0	2600.0
1200.0	2400.0
1600.0	1100.0
1000.0	2900.0
702.0	1200.0
0.0	2400.0
19100.0	6800.0
1500.0	12700.0
0.0	9100.0
1500.0	9000.0
2800.0	1700.0
1000.0	2400.0
2700.0	1400.0
0.0	2500.0
1700.0	1700.0
0.0	2700.0
6600.0	1000.0
23600.0	1800.0
1300.0	1600.0
4300.0	1900.0
1300.0	1300.0
3300.0	4900.0
845.0	1300.0
4600.0	16200.0
593.0	2600.0
4100.0	2800.0
1300.0	2700.0
11000.0	2900.0
1000.0	995.0
0.0	47400.0
309.0	1000.0
1900.0	963.0
0.0	4800.0
879.0	1200.0
1200.0	1600.0
1800.0	4500.0
1100.0	2100.0
1000.0	562.0
5500.0	4400.0
2100.0	1400.0
51900.0	3600.0
12000.0	1100.0
734.0	13900.0
1700.0	2900.0
939.0	1500.0
254.0	2200.0
3500.0	1700.0
5100.0	2100.0
4200.0	3500.0
1800.0	11400.0
1800.0	1400.0
1000.0	2000.0
1400.0	1300.0
3300.0	2900.0
1400.0	961.0
0.0	682.0
1800.0	1200.0
1400.0	1100.0
1900.0	1700.0
0.0	1900.0
0.0	3600.0
3200.0	3400.0
3400.0	1100.0
0.0	3900.0
581.0	3300.0
2200.0	2100.0
0.0	8200.0
2900.0	2300.0
853.0	1200.0
1900.0	1600.0
2500.0	1100.0
3700.0	1400.0
2900.0	1500.0
0.0	1500.0
867.0	1500.0
309.0	1200.0
1000.0	2100.0
3300.0	5800.0
0.0	1500.0
2000.0	1200.0
309.0	851.0
0.0	1200.0
2900.0	2000.0
1000.0	1700.0
1200.0	12400.0
1300.0	2300.0
0.0	1200.0
2300.0	1200.0
571.0	5300.0
959.0	790.0
0.0	8.0
0.0	762.0
845.0	1800.0
2400.0	2100.0
1600.0	1100.0
39200.0	14300.0
21700.0	2800.0
5800.0	6100.0
2400.0	11100.0
1100.0	1500.0
4100.0	1500.0
5100.0	3400.0
14600.0	2800.0
6500.0	837.0
9800.0	2800.0
10400.0	4400.0
1700.0	3900.0
0.0	19700.0
2200.0	1600.0
796.0	3700.0
0.0	7100.0
1700.0	3400.0
690400.0	1800.0
4800.0	2000.0
213.0	2100.0
980.0	2800.0
1400.0	8400.0
2900.0	2700.0
6300.0	1900.0
1700.0	1600.0
5300.0	1900.0
1000.0	1400.0
1500.0	4500.0
1700.0	1600.0
0.0	991.0
1600.0	2200.0
0.0	3200.0
6300.0	1500.0
18000.0	964.0
640.0	2500.0
757.0	851.0
6900.0	1200.0
309.0	1700.0
1800.0	9200.0
4600.0	5600.0
6600.0	2600.0
909.0	2300.0
2000.0	4900.0
2000.0	4500.0
1800.0	2100.0
1000.0	28400.0
0.0	1600.0
2200.0	1800.0
12300.0	53100.0
8300.0	2600.0
4300.0	5400.0
1100.0	1600.0
1700.0	2400.0
1700.0	1700.0
5700.0	8600.0
3300.0	2200.0
969.0	4400.0
1100.0	1800.0
2100.0	4900.0
563.0	555.0
3100.0	1100.0
2200.0	2300.0
1300.0	3200.0
3700.0	2400.0
0.0	1300.0
0.0	592.0
3900.0	1500.0
13600.0	1600.0
1400.0	3400.0
558.0	2100.0
1300.0	1900.0
0.0	1800.0
585.0	2900.0
2900.0	37300.0
0.0	2300.0
8900.0	2300.0
0.0	3200.0
0.0	1700.0
1300.0	3200.0
935.0	2000.0
4800.0	3900.0
0.0	2700.0
1500.0	3500.0
2800.0	3400.0
1900.0	3000.0
2400.0	2600.0
8300.0	9700.0
0.0	2700.0
479.0	1400.0
590.0	412.0
586.0	1700.0
954.0	1700.0
1400.0	798.0
0.0	8500.0
1500.0	1200.0
24900.0	2300.0
1400.0	2000.0
1300.0	3800.0
3900.0	1400.0
30900.0	1300.0
1800.0	5800.0
458.0	1500.0
16000.0	1900.0
2500.0	1500.0
1800.0	1800.0
2000.0	1600.0
2100.0	2600.0
787.0	2100.0
2400.0	3900.0
0.0	1900.0
3900.0	1100.0
961.0	4600.0
0.0	2200.0
0.0	15700.0
1000.0	1200.0
2100.0	2800.0
2700.0	1400.0
3500.0	775.0
9300.0	8000.0
908.0	2100.0
3200.0	3700.0
719.0	1200.0
529.0	1900.0
1200.0	1200.0
5300.0	4400.0
0.0	2500.0
3000.0	3700.0
0.0	2000.0
1900.0	1700.0
3200.0	2700.0
11500.0	3100.0
0.0	1000.0
158.0	3200.0
2500.0	883.0
2900.0	3000.0
3500.0	2100.0
3600.0	6400.0
0.0	3400.0
0.0	1200.0
0.0	57600.0
1400.0	31500.0
0.0	1100.0
15000.0	1300.0
0.0	4200.0
1500.0	1600.0
1000.0	5600.0
12000.0	12200.0
1900.0	2900.0
0.0	9500.0
86200.0	5300.0
5200.0	2500.0
16000.0	2100.0
0.0	2200.0
2300.0	1100.0
1300.0	2400.0
1400.0	1800.0
4000.0	10800.0
7600.0	11300.0
2400.0	1300.0
1300.0	1400.0
1500.0	1300.0
2200.0	3600.0
4000.0	2000.0
849.0	787.0
1700.0	4000.0
0.0	6300.0
1400.0	3400.0
0.0	5400.0
3000.0	3700.0
1300.0	3800.0
0.0	6700.0
0.0	2600.0
0.0	2000.0
2000.0	1400.0
1500.0	1500.0
3700.0	813.0
4600.0	2700.0
2200.0	736.0
0.0	828.0
3900.0	3700.0
1100.0	5200.0
1500.0	2100.0
0.0	1200.0
13900.0	1400.0
3500.0	2800.0
1600.0	2200.0
35300.0	2100.0
5400.0	1300.0
309.0	688.0
0.0	2800.0
13100.0	21100.0
4000.0	712.0
1700.0	2100.0
2900.0	3400.0
13900.0	9500.0
820.0	1700.0
2700.0	3000.0
0.0	1200.0
3200.0	8100.0
309.0	1900.0
309.0	2900.0
2600.0	1000.0
321.0	1900.0
2700.0	2400.0
0.0	2100.0
1000.0	4300.0
952.0	932.0
762.0	878.0
2900.0	11000.0
2000.0	2100.0
11100.0	2200.0
2200.0	11000.0
6800.0	6800.0
3400.0	2400.0
0.0	1400.0
676.0	3900.0
1600.0	1600.0
4.0	2300.0
3400.0	2500.0
1600.0	1200.0
12300.0	5700.0
2500.0	1800.0
1900.0	1500.0
2700.0	1200.0
3400.0	1800.0
869.0	1800.0
1700.0	1300.0
608.0	1400.0
1500.0	11700.0
0.0	1300.0
1500.0	1600.0
2100.0	4900.0
2000.0	2300.0
2300.0	1400.0
716.0	1400.0
1000.0	3500.0
49000.0	5000.0
9200.0	2700.0
0.0	6800.0
1300.0	2600.0
438.0	2000.0
1100.0	1600.0
25.0	2100.0
739.0	1000.0
763.0	2200.0
1300.0	1700.0
1100.0	1100.0
35800.0	20900.0
23200.0	1500.0
309.0	1400.0
4200.0	2800.0
0.0	48.0
3300.0	3400.0
1900.0	4200.0
916.0	1400.0
1100.0	1300.0
1200.0	2600.0
1600.0	2600.0
2100.0	13700.0
5200.0	436.0
1000.0	1500.0
9200.0	1200.0
0.0	960.0
41900.0	4100.0
12500.0	20000.0
1600.0	1200.0
27700.0	8300.0
5800.0	2400.0
1400.0	1100.0
86200.0	2500.0
18900.0	6500.0
0.0	602.0
1500.0	2300.0
95900.0	5700.0
1200.0	3200.0
728.0	1400.0
309.0	3800.0
15100.0	2200.0
6400.0	2000.0
3000.0	3300.0
10800.0	1300.0
9700.0	47700.0
859.0	1800.0
1600.0	1600.0
0.0	3000.0
0.0	2300.0
3100.0	1700.0
309.0	820.0
0.0	10000.0
2800.0	3200.0
2600.0	2900.0
1200.0	2500.0
2200.0	797.0
4100.0	2000.0
1200.0	1200.0
1600.0	262.0
1500.0	1800.0
1700.0	2800.0
2200.0	1800.0
2800.0	2300.0
0.0	6200.0
1400.0	3300.0
1100.0	692.0
2000.0	2900.0
0.0	2000.0
1300.0	2400.0
0.0	1100.0
2100.0	9300.0
309.0	1000.0
2800.0	1600.0
3900.0	901.0
1700.0	3000.0
3000.0	5500.0
1700.0	4100.0
715.0	2400.0
1700.0	2800.0
1800.0	3900.0
864.0	1200.0
2000.0	2200.0
0.0	2900.0
958.0	5500.0
0.0	2300.0
987.0	1200.0
0.0	2100.0
2500.0	1700.0
3200.0	3800.0
1200.0	1200.0
883.0	1700.0
1400.0	4100.0
0.0	704.0
11100.0	8600.0
1200.0	895.0
1200.0	1800.0
1200.0	1200.0
12400.0	8300.0
95900.0	3500.0
2800.0	3200.0
1900.0	2300.0
6800.0	2500.0
3500.0	3000.0
2500.0	3800.0
7200.0	2500.0
5700.0	2900.0
842.0	909.0
1700.0	1500.0
309.0	644.0
54100.0	3900.0
1700.0	1800.0
14100.0	3600.0
1900.0	1200.0
754.0	2200.0
0.0	1100.0
4200.0	1500.0
4000.0	14400.0
3400.0	1600.0
1500.0	4200.0
1300.0	1500.0
309.0	1200.0
5200.0	2700.0
0.0	1600.0
0.0	1100.0
1600.0	1300.0
3000.0	7100.0
95900.0	1500.0
1600.0	2400.0
734.0	2100.0
0.0	7800.0
1300.0	15200.0
15000.0	2400.0
1800.0	1400.0
2500.0	1500.0
0.0	1200.0
2900.0	2800.0
1100.0	2900.0
12400.0	12600.0
0.0	1800.0
1600.0	3100.0
2000.0	1800.0
0.0	1500.0
3200.0	1800.0
947.0	813.0
309.0	714.0
542.0	1100.0
95900.0	14400.0
0.0	7200.0
0.0	4300.0
0.0	2900.0
1100.0	2000.0
2600.0	54100.0
2900.0	910.0
0.0	3600.0
3100.0	5600.0
309.0	2100.0
923.0	1100.0
1500.0	6800.0
4000.0	2500.0
309.0	2100.0
0.0	2900.0
896.0	798.0
2700.0	2200.0
974.0	6200.0
1800.0	7000.0
3000.0	8900.0
2400.0	4300.0
0.0	6500.0
1100.0	6000.0
309.0	777.0
1600.0	1200.0
14600.0	12400.0
4500.0	6600.0
1700.0	1900.0
1100.0	7400.0
0.0	9200.0
770.0	2000.0
0.0	6400.0
0.0	1100.0
0.0	2000.0
2200.0	2700.0
3200.0	2800.0
51900.0	57000.0
4300.0	3900.0
0.0	1000.0
1400.0	1200.0
0.0	1500.0
13100.0	3800.0
3400.0	19500.0
0.0	3300.0
95900.0	12400.0
5700.0	2900.0
1100.0	1400.0
790.0	3000.0
2500.0	1700.0
5600.0	3800.0
0.0	2900.0
2800.0	5600.0
4100.0	4200.0
1700.0	6000.0
1500.0	3300.0
14100.0	5000.0
8500.0	1800.0
952.0	1300.0
4100.0	6300.0
1500.0	1800.0
2800.0	4200.0
3400.0	10300.0
1300.0	2600.0
1900.0	2800.0
1800.0	3300.0
1400.0	3300.0
4100.0	1500.0
1000.0	1200.0
1100.0	1300.0
0.0	743.0
1400.0	1900.0
1400.0	2000.0
7600.0	3100.0
2100.0	2000.0
95900.0	5100.0
4600.0	4900.0
2000.0	9900.0
4400.0	1800.0
0.0	1600.0
61600.0	1500.0
0.0	2600.0
1500.0	1200.0
1800.0	2300.0
9700.0	4300.0
1600.0	1700.0
1700.0	11600.0
0.0	4800.0
1500.0	1100.0
3400.0	4400.0
1000.0	5000.0
1100.0	2200.0
1700.0	849.0
1600.0	1300.0
5000.0	4700.0
309.0	950.0
3000.0	1100.0
756.0	1700.0
6300.0	1800.0
5400.0	3100.0
13100.0	3700.0
897.0	4600.0
1800.0	41900.0
802.0	642.0
2100.0	1700.0
51900.0	4200.0
1300.0	3600.0
4300.0	5600.0
3800.0	6200.0
2100.0	2400.0
1000.0	1600.0
1600.0	1800.0
1400.0	1500.0
9200.0	2300.0
4800.0	2500.0
7300.0	1300.0
0.0	261.0
2800.0	8600.0
2800.0	1500.0
1300.0	1700.0
1100.0	4800.0
1300.0	1300.0
2400.0	6400.0
475.0	1100.0
6700.0	7500.0
2100.0	213.0
0.0	1100.0
2300.0	1500.0
761.0	5000.0
1100.0	1100.0
1200.0	723.0
1400.0	1400.0
1800.0	3400.0
1300.0	903.0
3200.0	1100.0
7200.0	3800.0
0.0	2400.0
833.0	2300.0
1300.0	1900.0
1100.0	3300.0
1500.0	5800.0
813.0	5000.0
1200.0	1000.0
0.0	2700.0
675.0	1500.0
4000.0	3300.0
0.0	1200.0
2100.0	3600.0
1800.0	1300.0
24.0	1900.0
9900.0	2100.0
1600.0	1300.0
1700.0	1700.0
0.0	3200.0
6400.0	897.0
1200.0	2400.0
2400.0	3300.0
2300.0	3600.0
4600.0	1800.0
1400.0	7300.0
1900.0	1400.0
761.0	1200.0
2200.0	2000.0
3000.0	1300.0
8200.0	2400.0
6700.0	4800.0
3600.0	1300.0
2500.0	3100.0
1400.0	1300.0
0.0	2000.0
309.0	2300.0
681.0	11200.0
0.0	4500.0
0.0	733.0
309.0	1300.0
9700.0	2700.0
0.0	1700.0
2600.0	7300.0
815.0	1200.0
15000.0	3300.0
0.0	4100.0
5700.0	2500.0
610.0	847.0
0.0	238.0
0.0	992.0
1900.0	1200.0
3600.0	752.0
8900.0	4800.0
3700.0	1900.0
1800.0	2500.0
2000.0	2100.0
1400.0	2100.0
6300.0	1400.0
3400.0	479.0
796.0	12700.0
1600.0	1700.0
725.0	5500.0
668.0	4700.0
3800.0	3400.0
309.0	894.0
0.0	1000.0
485.0	2800.0
309.0	774.0
1500.0	1500.0
3600.0	1500.0
1300.0	1800.0
1800.0	1500.0
0.0	1600.0
1200.0	1700.0
1000.0	1400.0
12.0	5100.0
13100.0	9000.0
0.0	2500.0
638.0	1100.0
1100.0	2100.0
309.0	3100.0
5900.0	4800.0
1100.0	1100.0
717.0	1900.0
1000.0	815.0
860.0	1400.0
732.0	1800.0
5700.0	5300.0
1300.0	1100.0
0.0	3400.0
309.0	1300.0
488.0	1100.0
2100.0	1900.0
16300.0	5200.0
916.0	4600.0
1300.0	4600.0
1300.0	963.0
12400.0	14200.0
922.0	2600.0
309.0	651.0
86200.0	2300.0
5300.0	5100.0
5200.0	2500.0
966.0	1700.0
3100.0	6700.0
254.0	1500.0
1900.0	3300.0
309.0	1500.0
2500.0	1600.0
2300.0	1400.0
0.0	1700.0
0.0	3300.0
0.0	1100.0
739.0	1200.0
2500.0	1600.0
2300.0	1300.0
4200.0	1500.0
1600.0	1300.0
309.0	1100.0
1300.0	1100.0
3400.0	984.0
2400.0	4000.0
2900.0	6600.0
5500.0	1200.0
31600.0	14700.0
2600.0	3900.0
2400.0	2000.0
0.0	4100.0
95900.0	3700.0
20700.0	59000.0
691.0	1300.0
2100.0	22300.0
1800.0	2200.0
994.0	2600.0
57600.0	1400.0
0.0	1100.0
2600.0	2200.0
708.0	1200.0
2200.0	1600.0
1100.0	5800.0
0.0	953.0
0.0	2000.0
5200.0	8700.0
0.0	8700.0
2100.0	1900.0
9900.0	2900.0
0.0	2800.0
1400.0	2000.0
1600.0	1900.0
6600.0	4800.0
0.0	558.0
0.0	1100.0
5300.0	11400.0
2300.0	2000.0
2200.0	20200.0
1300.0	596.0
0.0	1600.0
0.0	1800.0
0.0	1200.0
836.0	880.0
2100.0	4000.0
4000.0	2400.0
4000.0	3100.0
1600.0	818.0
2000.0	3500.0
0.0	885.0
1600.0	5900.0
0.0	1300.0
0.0	1300.0
3100.0	4800.0
2000.0	1400.0
0.0	973.0
730.0	2700.0
4300.0	7500.0
2500.0	1400.0
1200.0	1200.0
0.0	1900.0
1000.0	1900.0
3200.0	1600.0
5000.0	1200.0
2400.0	1900.0
1300.0	1100.0
955.0	1000.0
1100.0	5400.0
2800.0	3800.0
309.0	1500.0
0.0	1400.0
0.0	1800.0
3200.0	2100.0
9700.0	25300.0
2200.0	3800.0
4100.0	5400.0
1800.0	1700.0
1500.0	5000.0
4000.0	6300.0
1100.0	1400.0
1300.0	1700.0
1800.0	7900.0
1400.0	1400.0
979.0	2000.0
16000.0	6300.0
7300.0	1200.0
4200.0	2200.0
916.0	1900.0
1800.0	3400.0
8100.0	2400.0
831.0	1100.0
3400.0	1500.0
4200.0	453.0
0.0	2400.0
4500.0	1300.0
254.0	4600.0
1400.0	1900.0
95900.0	19100.0
2400.0	1300.0
11100.0	2700.0
1600.0	1300.0
0.0	2600.0
2900.0	1200.0
0.0	2000.0
309.0	1100.0
9100.0	8400.0
1800.0	3100.0
1100.0	2000.0
962.0	2100.0
657.0	506.0
2900.0	3300.0
3800.0	1900.0
275.0	2600.0
2000.0	5800.0
1500.0	1200.0
3500.0	12900.0
921.0	1300.0
1100.0	1400.0
95900.0	2100.0
10300.0	2200.0
2200.0	2800.0
3300.0	3800.0
3500.0	1300.0
2600.0	7200.0
1400.0	3000.0
95900.0	2100.0
0.0	2600.0
4200.0	5000.0
966.0	1600.0
309.0	3700.0
1200.0	1100.0
3000.0	1300.0
0.0	2000.0
18700.0	4800.0
1600.0	4500.0
6000.0	4700.0
2400.0	634.0
1300.0	1700.0
12300.0	29000.0
2100.0	5600.0
14400.0	3200.0
2800.0	7400.0
4700.0	2900.0
1800.0	7700.0
515.0	23600.0
1100.0	2800.0
1200.0	5100.0
2200.0	2100.0
0.0	894.0
801.0	2800.0
0.0	14000.0
12700.0	2100.0
1500.0	1400.0
1100.0	9000.0
964.0	1100.0
2000.0	1200.0
9600.0	7000.0
5200.0	1900.0
2000.0	4000.0
701.0	1400.0
969.0	8100.0
20200.0	11900.0
1600.0	1000.0
3500.0	2100.0
3400.0	8900.0
2800.0	1100.0
3500.0	4300.0
1300.0	1400.0
12600.0	4700.0
1700.0	30200.0
30600.0	3700.0
4300.0	1900.0
5600.0	4000.0
4000.0	2600.0
4500.0	365.0
2200.0	5300.0
2400.0	1900.0
1300.0	1300.0
3300.0	1800.0
4300.0	3400.0
2600.0	3400.0
1800.0	1400.0
1900.0	1900.0
0.0	1800.0
1700.0	1500.0
0.0	5000.0
1300.0	1600.0
138.0	3900.0
3900.0	1500.0
4000.0	5200.0
10600.0	1900.0
32000.0	4700.0
0.0	2500.0
0.0	731.0
1100.0	4600.0
1900.0	3300.0
1900.0	1100.0
309.0	2600.0
918.0	1100.0
16000.0	3000.0
3300.0	4400.0
8900.0	1800.0
0.0	1100.0
2200.0	5600.0
1400.0	407.0
0.0	3000.0
0.0	2100.0
3000.0	2000.0
95900.0	3800.0
964.0	1600.0
889.0	2300.0
398.0	5500.0
856.0	1600.0
3500.0	2100.0
1800.0	1700.0
691.0	1000.0
639.0	972.0
16100.0	890.0
867.0	3700.0
4000.0	3000.0
1900.0	2800.0
991.0	5600.0
1900.0	1400.0
1500.0	923.0
2400.0	1800.0
1000.0	1700.0
9900.0	1300.0
1400.0	1100.0
1000.0	3900.0
3900.0	690.0
2000.0	2100.0
1300.0	2300.0
2400.0	725.0
1300.0	1100.0
0.0	3000.0
5600.0	2000.0
2900.0	1400.0
1700.0	3100.0
1700.0	4100.0
2100.0	1500.0
1800.0	4100.0
2600.0	8000.0
3300.0	2700.0
3600.0	4600.0
0.0	1900.0
1200.0	518.0
100300.0	1600.0
3500.0	1600.0
1100.0	2000.0
3200.0	2700.0
1900.0	5200.0
790.0	16200.0
0.0	2000.0
0.0	538.0
4900.0	5700.0
7300.0	1900.0
552.0	1600.0
2400.0	2600.0
2700.0	11600.0
0.0	255.0
2800.0	920.0
4500.0	2200.0
11400.0	5700.0
309.0	1800.0
1100.0	1700.0
29700.0	1200.0
6600.0	3300.0
1900.0	1300.0
2200.0	2300.0
2100.0	1700.0
0.0	3900.0
2000.0	1700.0
2700.0	2900.0
1100.0	1800.0
27.0	2700.0
0.0	3600.0
5000.0	1200.0
837.0	2900.0
2500.0	2000.0
2800.0	8200.0
1200.0	1200.0
7500.0	6100.0
2000.0	6200.0
558.0	928.0
0.0	2300.0
1800.0	12700.0
720.0	976.0
1400.0	2300.0
12400.0	2200.0
4600.0	12000.0
1800.0	989.0
826.0	1300.0
1500.0	815.0
1400.0	2600.0
904.0	3600.0
1200.0	1200.0
95900.0	5000.0
739.0	1400.0
6000.0	7500.0
979.0	2600.0
0.0	1900.0
9700.0	5400.0
916.0	4800.0
0.0	2900.0
949.0	998.0
2300.0	2800.0
104100.0	7000.0
1.59	1800.0
1300.0	2600.0
726.0	1200.0
309.0	1400.0
4700.0	1300.0
1600.0	1300.0
95900.0	3200.0
1000.0	2200.0
2200.0	1600.0
968.0	2500.0
309.0	1900.0
1500.0	1500.0
309.0	1000.0
1500.0	1300.0
2400.0	4200.0
479.0	1400.0
12700.0	997.0
0.0	3100.0
1100.0	1200.0
309.0	997.0
964.0	1400.0
382.0	32700.0
0.0	7600.0
1100.0	1200.0
13100.0	8500.0
33800.0	2700.0
1000.0	11200.0
309.0	1600.0
0.0	1000.0
4200.0	1600.0
0.0	1900.0
1900.0	2900.0
3300.0	1800.0
692.0	972.0
0.0	2000.0
1400.0	6600.0
1300.0	4300.0
762.0	1200.0
0.0	1600.0
5600.0	1200.0
645.0	10000.0
790.0	2200.0
1200.0	1400.0
95900.0	2600.0
3700.0	2300.0
1900.0	8500.0
2200.0	4700.0
4000.0	1500.0
1100.0	1300.0
4400.0	807.0
31000.0	1200.0
2700.0	1100.0
0.0	2400.0
924.0	1600.0
3100.0	1600.0
0.0	3400.0
3000.0	4200.0
1200.0	8900.0
1700.0	2300.0
1800.0	2600.0
16000.0	5000.0
9300.0	1600.0
815.0	2600.0
9.0	1500.0
14100.0	3100.0
0.0	681.0
2500.0	1300.0
14400.0	26900.0
758.0	3500.0
3600.0	1400.0
3300.0	1400.0
1500.0	1800.0
12700.0	1100.0
1300.0	1800.0
3000.0	1600.0
16000.0	5400.0
309.0	770.0
