0.1877	31.7663021087646
0.1874	44.6887702941895
0.1667	0.972918689250946
0.3588	0.0
0.078	42.2600631713867
0.1139	44.0860900878906
0.1665	1.51003205776215
0.1188	29.6761207580566
0.2516	0.0
0.1857	4.02497720718384
0.0667	78.9522476196289
0.226	0.0717628821730614
0.1196	51.8689155578613
0.1611	5.96046447753906e-08
0.174	0.0
0.0392	48.940242767334
0.2529	0.0
0.1404	25.5196895599365
0.1161	47.5993843078613
0.1781	13.5953998565674
0.161	21.4630813598633
0.0984	0.0
0.0581	88.1375198364258
0.1686	78.1612014770508
0.2027	60.9489898681641
0.1587	33.9072608947754
0.1299	86.3552627563477
0.3369	0.0
0.2771	1.16415321826935e-10
0.3945	0.0
0.1763	11.9307870864868
0.1226	28.138298034668
0.1864	18.6876277923584
0.2024	77.7124404907227
0.114	0.0
0.125	96.1001586914063
0.0925	18.3574771881104
0.2673	82.3397064208984
0.3145	0.451319456100464
0.3149	0.112820349633694
0.2009	84.4133529663086
0.1242	3.20508408546448
0.1388	12.1081628799438
0.1274	91.212890625
0.0642	0.730577349662781
0.0693	93.4994430541992
0.2742	0.0
0.1528	74.7248916625977
0.0197	92.4042510986328
0.0143	51.7370796203613
0.1383	27.8835544586182
0.2129	7.7312126159668
0.1023	58.396053314209
0.1678	0.0
0.1188	32.0704307556152
0.1267	0.106593012809753
0.1917	0.0
0.117	6.74862384796143
0.1653	80.011344909668
0.0609	74.8853225708008
0.245	12.4089965820313
0.2888	0.0
0.094	59.8005905151367
0.1339	0.608814418315887
0.0054	70.8798446655273
0.0851	87.754264831543
0.1594	11.1130971908569
0.1882	0.0
0.2127	28.5311069488525
0.1691	0.0
0.2174	87.5532379150391
0.3839	7.75922918319702
0.4604	1.48752403259277
0.1992	76.6962051391602
0.138	92.7359619140625
0.19	10.9739713668823
0.2526	26.32981300354
0.0632	92.250862121582
0.2349	69.5479125976563
0.2234	46.0949745178223
0.232	7.04867362976074
0.0673	0.0
0.2578	0.0
0.0122	84.7346115112305
0.2105	0.0
0.2796	2.08870005607605
0.2181	11.5039215087891
0.1534	60.5663223266602
0.2668	0.0
0.1898	1.82302761077881
0.0828	90.6412353515625
0.1484	39.8024139404297
0.1051	34.711067199707
0.1905	27.7193756103516
0.131	13.7837562561035
0.2471	29.4109706878662
0.0223	24.7313232421875
0.0938	0.0
0.2547	28.852689743042
0.1551	48.121711730957
0.2014	0.0
0.1303	42.3930358886719
0.1432	34.1048049926758
0.2066	48.2287750244141
0.2909	21.668851852417
0.0152	9.33062171936035
0.0754	0.0
0.2201	1.40286314487457
0.1233	55.017017364502
0.3562	0.0
0.214	23.7993640899658
0.332	12.9014978408813
0.1272	18.5495052337646
0.2847	54.0051307678223
0.224	11.9357290267944
0.1105	18.611011505127
0.2314	92.1957168579102
0.0436	0.0
0.218	85.9639053344727
0.1376	47.6025581359863
0.1264	0.2950379550457
0.1702	0.728142082691193
0.1718	0.221763134002686
0.1685	78.981201171875
0.2216	74.7839813232422
0.2073	5.92752981185913
0.1199	23.0935955047607
0.2445	28.3099269866943
0.1924	0.522631824016571
0.0801	15.7932033538818
0.1597	96.0049285888672
0.0	0.0
0.0514	95.0036849975586
0.232	22.574010848999
0.2422	29.2511539459229
0.0016	0.0
0.0797	76.926139831543
0.1698	20.9438438415527
0.1634	71.5903244018555
0.2953	0.0
0.033	81.7488021850586
0.2022	23.0073719024658
0.2305	1.89754593372345
0.1361	30.7271728515625
0.2135	18.8096446990967
0.1264	18.2485961914063
0.1047	29.8761787414551
0.1634	6.4794659614563
0.1861	39.5316734313965
0.2995	1.53726553916931
0.2089	0.0
0.2421	0.0
0.2776	87.7364349365234
0.6018	1.76691007614136
0.2495	0.0
0.1898	56.2934112548828
0.2411	1.74966263771057
0.1482	18.8090858459473
0.3644	9.70046329498291
0.2366	6.98830795288086
0.2325	15.3080883026123
0.2132	1.09159016609192
0.2601	26.5633316040039
0.1766	0.0
0.2182	38.5741119384766
0.2454	26.9370708465576
0.1153	29.656192779541
0.2226	0.0
0.2768	3.88557052612305
0.0269	2.96944808959961
0.5602	0.0
0.1454	38.6409568786621
0.1633	3.7252902984619103e-09
0.239	0.0
0.2491	0.221763610839844
0.2539	1.2187203168869
0.1443	32.0837783813477
0.1487	14.7571773529053
0.0854	38.9862632751465
0.1641	25.5888614654541
0.0	0.0
0.1094	96.2084884643555
0.1731	0.0
0.2388	0.0
0.3164	7.50449800491333
0.2897	0.0
0.2541	11.8316974639893
0.233	36.5251388549805
0.2735	21.9047546386719
0.1968	38.3268737792969
0.273	54.0027923583984
0.0259	22.7521743774414
0.3079	6.81777191162109
0.0924	91.4501571655273
0.4015	0.851840853691101
0.0365	92.8670272827148
0.1905	0.0
0.2078	12.8577346801758
0.3576	1.02024042606354
0.1427	75.4942092895508
0.1828	1.23413479328156
0.029	31.2361526489258
0.261	61.8812294006348
0.043	94.9418563842773
0.4351	0.0
0.1554	22.0364894866943
0.1701	0.0
0.2238	24.0776500701904
0.1224	0.0
0.144	0.945754706859589
0.3691	4.15220928192139
0.2791	3.7252902984619103e-09
0.0403	93.7580108642578
0.2057	0.0
0.2525	12.1018657684326
0.1308	47.4761047363281
0.2078	50.3605537414551
0.1869	0.0
0.0318	0.0
0.003	21.2056179046631
0.0622	0.0
0.1354	43.9729270935059
0.1716	71.2030792236328
0.2179	4.33657932281494
0.1938	1.77778387069702
0.1498	43.4042854309082
0.0	3.26260685920715
0.0306	96.4191513061523
0.2415	96.9353485107422
0.1573	31.7523956298828
0.1558	3.7252902984619103e-09
0.2081	2.4661819934845
0.2312	1.8626451492309603e-09
0.3063	1.9027224779129
0.4809	0.0
0.2225	0.0
0.017	26.5016040802002
0.1454	5.78464794158936
0.2344	96.3290710449219
0.2855	1.88162553310394
0.1178	5.10282611846924
0.0074	0.0
0.1372	96.6322021484375
0.205	11.7853708267212
0.2523	0.0
0.119	0.0
0.206	1.97341632843018
0.1362	28.387716293335
0.1655	33.4961357116699
0.0941	0.0
0.2336	4.37684488296509
0.0921	90.8778381347656
0.1594	14.3513517379761
0.1	16.4717750549316
0.1897	56.1172523498535
0.2059	28.705415725708
0.0941	83.3364944458008
0.1979	66.1669692993164
0.2563	74.013313293457
0.0261	0.0
0.1762	0.0
0.0717	55.1502456665039
0.1982	10.3250646591187
0.1162	21.8211441040039
0.1536	0.0
0.2283	2.72345924377441
0.1948	4.65661287307739e-10
0.1865	96.9192581176758
0.3066	8.23125743865967
0.0084	0.0
0.3016	2.51979565620422
0.2082	5.08605003356934
0.1406	0.0
0.2466	0.243525788187981
0.1701	14.8224964141846
0.1467	1.17365980148315
0.0902	73.6928176879883
0.1991	84.7685546875
0.1122	0.0
0.5695	10.4712867736816
0.1679	21.5381984710693
0.1277	1.51044654846191
0.1846	33.3715972900391
0.2664	15.4639329910278
0.0706	4.36634063720703
0.1657	1.49011611938477e-08
0.1307	68.4396896362305
0.2147	4.86473226547241
0.2332	3.98634028434753
0.1664	69.8368148803711
0.2085	26.9420013427734
0.1751	81.3915100097656
0.2524	0.0
0.2539	0.0
0.3538	0.0
0.2573	2.92230916023254
0.2312	23.7697296142578
0.044	40.7965698242188
0.1297	29.5740795135498
0.0899	91.4356155395508
0.2967	2.23903894424438
0.0573	0.0
0.1396	75.3249740600586
0.0732	89.4110488891602
0.1164	50.5952529907227
0.2204	5.41365003585815
0.0881	15.9288835525513
0.2129	62.3094100952148
0.1695	64.2087478637695
0.067	14.9919967651367
0.2208	13.7219305038452
0.2437	0.0
0.1577	88.6259078979492
0.1926	76.9662475585938
0.1197	34.5179595947266
0.0718	80.2533416748047
0.2269	56.1639022827148
0.0157	10.7861633300781
0.2173	12.0882501602173
0.1699	10.1937685012817
0.1643	83.1986923217773
0.2162	24.3928985595703
0.1015	17.743013381958
0.3657	6.74405717849731
0.0	0.0
0.2426	20.1057834625244
0.2241	0.0
0.1303	55.1717338562012
0.2156	12.3683815002441
0.0657	85.9027633666992
0.1582	84.6073379516602
0.1416	0.0
0.1981	0.0
0.1378	0.53680431842804
0.148	0.0
0.0139	9.60507774353027
0.181	39.6450576782227
0.1667	0.0
0.0949	37.2342109680176
0.1947	58.503044128418
0.2083	45.6323699951172
0.2102	0.0
0.3607	0.0
0.2762	0.0
0.207	96.0490188598633
0.1863	12.7278842926025
0.1897	12.5155029296875
0.1581	44.6756896972656
0.1297	82.7276763916016
0.1751	13.619743347168
0.272	0.0
0.1693	1.26546323299408
0.2241	37.0454902648926
0.2709	0.420302391052246
0.1104	82.1255722045898
0.0092	7.61214017868042
0.1207	15.8421058654785
0.0941	30.3676815032959
0.1868	33.1044273376465
0.2064	77.3402481079102
0.2708	0.107594080269337
0.2186	52.5433616638184
0.2698	43.3668518066406
0.1665	26.3713607788086
0.2751	5.39539957046509
0.2515	1.26264488697052
0.2515	59.3592872619629
0.1737	9.269362449646
0.2965	0.0
0.3488	22.5945377349854
0.1355	1.29657888412476
0.1999	15.7963809967041
0.1091	83.0712814331055
0.2103	85.6551666259766
0.1991	0.0
0.1278	13.1857748031616
0.2099	0.0
0.15	12.3134498596191
0.1739	52.4841461181641
0.2802	68.354606628418
0.2612	3.21600532531738
0.0738	13.619291305542
0.0248	3.79221725463867
0.152	50.2790298461914
0.093	3.16450476646423
0.2176	7.450580596923831e-09
0.2355	50.7234382629395
0.1711	19.556058883667
0.1431	31.427417755127
0.0723	0.0
0.2382	9.31322574615479e-10
0.2179	46.8331527709961
0.2922	0.220770820975304
0.1334	10.0087194442749
0.2023	7.06836128234863
0.0	0.0
0.1263	0.0
0.2855	0.0
0.0093	12.5690889358521
0.0688	3.19464683532715
0.1738	76.4391174316406
0.1275	60.906120300293
0.0221	94.0914459228516
0.4245	0.0
0.1182	77.7135696411133
0.137	79.5956344604492
0.0394	59.3175010681152
0.0024	71.6762847900391
0.1277	18.7525081634521
0.1014	0.0
0.1802	9.63874053955078
0.1172	2.9103830456733697e-11
0.2285	0.0
0.0402	0.0
0.1348	9.46988487243652
0.0898	15.0697269439697
0.2682	74.6217269897461
0.1264	0.106316700577736
0.0957	31.5182933807373
0.0334	96.3622512817383
0.2848	1.09573745727539
0.1334	1.21762883663177
0.0792	33.1366806030273
0.0786	10.1512680053711
0.1312	7.450580596923831e-09
0.1775	80.7454376220703
0.2094	31.6225166320801
0.2752	32.3678169250488
0.2547	89.3577270507813
0.0955	0.0
0.0251	42.0442352294922
0.2983	12.0286855697632
0.2438	50.1526756286621
0.1405	50.5897941589355
0.031	16.5870590209961
0.0938	54.7928009033203
0.0671	7.89308929443359
0.1425	47.4772720336914
0.0451	0.0
0.1511	80.491081237793
0.2022	19.5015888214111
0.0	0.0
0.2493	26.8843593597412
0.1484	4.00350713729858
0.3299	0.0
0.1421	60.0962982177734
0.0432	38.4793395996094
0.0857	34.8317756652832
0.0335	0.0
0.21	4.71131038665771
0.0947	81.4313888549805
0.1758	90.9320449829102
0.1038	17.7642040252686
0.2107	9.73686790466309
0.1038	0.362351626157761
0.0578	89.6445693969727
0.4149	0.0
0.0465	25.3051128387451
0.0562	0.0
0.0992	87.4128723144531
0.1599	30.366870880127
0.1851	47.316291809082
0.2808	0.76885050535202
0.0505	0.12176288664341
0.1291	67.6753845214844
0.2026	75.5681228637695
0.1335	18.4028434753418
0.1136	44.7497406005859
0.078	92.1217575073242
0.1776	34.0495376586914
0.2485	43.0228881835938
0.0927	81.378547668457
0.1123	14.9590606689453
0.1514	90.5904541015625
0.2405	0.961432993412018
0.2018	14.4788637161255
0.2472	5.57365036010742
0.1263	12.0185947418213
0.1586	91.5381088256836
0.1176	71.3257598876953
0.1323	0.0
0.162	0.0
0.1742	18.7059440612793
0.0529	84.7926025390625
0.2894	7.79019451141357
0.3453	12.4314680099487
0.1392	63.1680793762207
0.1917	49.4609603881836
0.1634	71.4215316772461
0.2205	0.0
0.1429	68.0292892456055
0.1531	82.1412353515625
0.1356	51.654369354248
0.2632	12.0229082107544
0.1819	0.0
0.1033	55.5719375610352
0.315	4.41583633422852
0.1048	68.8051986694336
0.2976	92.8647308349609
0.2092	27.0956764221191
0.1259	11.2350606918335
0.1373	1.78494000434875
0.1697	83.1672515869141
0.263	20.6570816040039
0.08	96.5370025634766
0.1502	83.407112121582
0.0921	15.1132221221924
0.2203	1.56484735012054
0.0543	96.1824951171875
0.1939	19.6856727600098
0.2935	1.21762883663177
0.0089	0.0
0.1265	81.3142929077148
0.1898	5.16062021255493
0.2395	28.1865272521973
0.2086	13.9291009902954
0.2468	75.2805404663086
0.0608	32.1030044555664
0.054	29.1979293823242
0.2037	2.98023223876953e-08
0.1604	0.108386516571045
0.0691	88.8015365600586
0.2589	0.0
0.2027	49.6116333007813
0.0936	0.0
0.2605	0.0
0.17	35.429630279541
0.0623	90.0697174072266
0.257	12.0831174850464
0.0339	20.9522285461426
0.0802	1.19209289550781e-07
0.175	1.86589133739471
0.1903	0.0
0.1023	95.3941955566406
0.1174	51.4710388183594
0.0744	69.4811630249023
0.0	0.259765863418579
0.2693	5.30290079116821
0.2481	1.3870347738266
0.0723	59.8535385131836
0.358	0.0
0.2112	0.0
0.2249	5.23066902160645
0.1061	95.1088104248047
0.2075	0.0
0.2222	39.4343948364258
0.1662	4.51683712005615
0.2067	5.1165943145752
0.1429	66.4547119140625
0.2206	3.98525738716125
0.1002	66.1174392700195
0.2035	66.8122863769531
0.1518	89.5143203735352
0.0928	25.2685585021973
0.2762	0.953317880630493
0.233	86.6589202880859
0.1488	7.56737089157104
0.1556	49.9029312133789
0.0629	23.30690574646
0.1271	95.8871612548828
0.2484	2.58419275283813
0.2265	13.7664594650269
0.1877	49.5501747131348
0.21	71.015625
0.3876	0.0
0.2239	37.2672233581543
0.2263	30.9716529846191
0.2073	56.2482872009277
0.1422	41.3054351806641
0.0233	37.1618270874023
0.1814	0.0
0.0922	0.0
0.149	55.0995674133301
0.1552	52.4225234985352
0.1794	1.09038925170898
0.1577	0.0
0.1512	43.2690544128418
0.0059	96.746223449707
0.1651	72.1090698242188
0.2024	0.0
0.2302	0.0
0.1841	7.38747119903564
0.2342	0.0
0.5525	0.0
0.1445	59.2996635437012
0.2929	1.21762883663177
0.1675	18.7303409576416
0.0954	0.0
0.0352	0.0
0.0423	44.8337898254395
0.1577	0.0
0.0512	28.1923923492432
0.2268	6.9683632850647
0.1504	0.0
0.0557	68.3878479003906
0.3454	2.55253982543945
0.109	2.83969712257385
0.232	0.733472168445587
0.0659	2.26370239257813
0.2672	87.6005783081055
0.0895	5.09125518798828
0.1698	11.2951431274414
0.2088	47.3512535095215
0.2198	30.6364116668701
0.1888	0.0
0.2839	1.54961514472961
0.1019	64.2293167114258
0.2218	67.1216430664063
0.0547	0.0
0.0674	68.8635787963867
0.2308	19.9170970916748
0.0394	0.0
0.1776	4.51891231536865
0.24	3.64779686927795
0.0371	7.47193908691406
0.0138	26.2314014434814
0.0228	5.51225280761719
0.0214	0.0
0.1904	59.6463432312012
0.0	0.0
0.2715	25.1898860931396
0.2151	10.8708038330078
0.108	74.6087036132813
0.2988	9.5367431640625e-07
0.2568	0.477960348129272
0.1387	1.33136761188507
0.2732	0.0
0.0665	1.32410335540771
0.2123	0.0
0.2152	62.5601272583008
0.009	0.0
0.1639	2.16523551940918
0.1515	41.6400871276855
0.1087	1.04571223258972
0.0718	37.3263206481934
0.1918	15.3818511962891
0.3293	2.50095629692078
0.0013	0.0
0.027	0.0
0.1303	24.2403888702393
0.2587	18.116060256958
0.0966	62.3564529418945
0.0205	64.984130859375
0.2971	0.0
0.2314	0.639313161373138
0.0	71.7496948242188
0.1763	79.6906356811523
0.0	0.0
0.1784	22.8194427490234
0.1084	66.2582092285156
0.2386	14.0856847763062
0.2059	42.6224021911621
0.2317	27.3131008148193
0.1778	28.5594520568848
0.3981	2.06565427780151
0.0664	0.0
0.1341	82.4790496826172
0.1134	84.4348449707031
0.4962	1.0460262298584
0.301	29.7334041595459
0.2388	0.0
0.0421	0.0
0.2333	3.7252902984619103e-09
0.1512	74.8735961914063
0.1205	21.5064582824707
0.2119	1.03924453258514
0.1345	28.8843765258789
0.0236	0.0
0.0321	54.8824005126953
0.1669	53.6021537780762
0.2606	30.997350692749
0.2611	83.9652404785156
0.2237	46.5835113525391
0.096	0.0
0.0909	0.0
0.3282	40.9145393371582
0.1144	64.8383102416992
0.2308	71.9078521728516
0.1491	0.0
0.2068	3.57375192642212
0.4246	18.2713813781738
0.2665	0.0
0.2323	0.0
0.1616	82.7734680175781
0.3253	3.19025421142578
0.2133	0.0
0.1598	0.0
0.0932	83.0544967651367
0.1836	3.30671858787537
0.0986	45.5304794311523
0.2333	0.0
0.1128	0.0
0.1127	1.76115453243256
0.1668	95.4314193725586
0.2094	11.3686656951904
0.1881	4.10040140151978
0.2292	0.0
0.1983	0.0
0.257	1.26860105991364
0.144	65.5611419677734
0.1286	48.4277648925781
0.1902	48.7450714111328
0.451	1.94820606708527
0.1533	84.2344741821289
0.1701	0.0
0.2808	0.0
0.1341	0.0
0.2041	0.0
0.0223	0.364643335342407
0.2438	0.0
0.0653	94.1088943481445
0.0808	67.4380340576172
0.2755	16.6885833740234
0.2515	0.0
0.1591	4.76837158203125e-07
0.088	71.6407623291016
0.0732	68.5923919677734
0.1323	7.51919078826904
0.2303	96.7627105712891
0.0966	3.814697265625e-06
0.1106	80.0121612548828
0.1301	2.42310523986816
0.2366	0.0
0.1385	12.0431814193726
0.2285	5.09999752044678
0.1449	1.19209289550781e-07
0.1928	0.0
0.2012	0.0
0.0448	11.2046194076538
0.0229	0.0
0.0814	0.0
0.1284	0.436431884765625
0.2571	0.0
0.2607	0.0
0.1948	0.817054510116577
0.2128	0.0
0.2766	11.7751331329346
0.1479	84.0122528076172
0.0	0.0
0.2041	12.7232799530029
0.2066	35.1831932067871
0.209	88.336181640625
0.2171	93.9819488525391
0.1434	38.1328201293945
0.1974	0.0
0.1643	57.6572418212891
0.0932	80.6592636108398
0.1196	89.6232147216797
0.1804	95.8091735839844
0.0144	33.6575660705566
0.2647	4.60711717605591
0.1683	8.47320175170898
0.1081	0.0
0.2733	2.15176963806152
0.1146	68.0516357421875
0.0691	81.6314086914063
0.1456	75.4376220703125
0.1828	14.8614025115967
0.1762	0.835404217243195
0.1282	32.0885162353516
0.0687	95.7214508056641
0.0952	16.2015132904053
0.2861	1.49011611938477e-08
0.249	0.0
0.1216	72.1794891357422
0.1632	2.98023223876953e-08
0.1732	13.4553089141846
0.0925	37.0786399841309
0.0508	3.14752674102783
0.1065	0.0
0.2163	1.02961480617523
0.1549	23.4978065490723
0.0475	0.0
0.1613	21.7153873443604
0.1787	1.59462523460388
0.2161	44.247730255127
0.2117	28.2366218566895
0.3071	3.7252902984619103e-09
0.1108	25.4032707214355
0.0693	17.2339019775391
0.1035	25.650785446167
0.1939	1.18291759490967
0.2034	27.3017501831055
0.212	39.1273536682129
0.2243	20.7104053497314
0.2153	3.47626209259033
0.3318	14.1765727996826
0.1269	0.0
0.1308	96.0934982299805
0.189	18.3021945953369
0.2035	42.8191757202148
0.0866	0.0
0.2374	0.0
0.2181	7.450580596923831e-09
0.0967	67.1977462768555
0.2518	90.4445114135742
0.2619	4.65661287307739e-10
0.1794	25.1085681915283
0.1904	76.9561157226563
0.0895	0.0
0.2152	0.0
0.2792	0.391271412372589
0.2681	5.43787288665771
0.0224	51.0624389648438
0.2301	0.0
0.2496	6.21676731109619
0.2829	17.0486850738525
0.2603	1.92328286170959
0.185	9.51619625091553
0.1296	0.587051391601563
0.0389	0.0
0.1217	1.9588143825531
0.0385	0.0
0.0887	11.6547317504883
0.0824	42.1310920715332
0.3229	2.03613901138306
0.107	0.0
0.2199	0.0
0.2053	8.31387233734131
0.184	88.6728668212891
0.2564	0.0
0.1303	25.3733787536621
0.2404	8.61197185516357
0.0174	51.8185539245605
0.1199	25.5692749023438
0.2371	28.2025318145752
0.1754	0.0
0.0156	96.5951538085938
0.2024	1.03939175605774
0.2018	7.450580596923831e-09
0.0417	42.8432960510254
0.0951	41.8620071411133
0.2124	0.556227266788483
0.2409	95.3706970214844
0.1181	39.057056427002
0.2054	6.55360460281372
0.0987	34.4559211730957
0.1846	4.13756465911865
0.0549	0.0
0.0776	59.2957229614258
0.0876	16.5624217987061
0.1842	48.8042449951172
0.088	92.6829833984375
0.1494	96.7353210449219
0.106	41.3874397277832
0.1016	37.562572479248
0.2072	0.0
0.1054	1.70468044281006
0.2561	64.9472427368164
0.2099	80.1571578979492
0.2191	11.1842336654663
0.1062	12.938796043396
0.1632	0.0
0.1773	3.92340111732483
0.0515	96.0031356811523
0.2102	54.9896621704102
0.1924	67.2631454467773
0.1831	2.98023223876953e-08
0.1806	21.5055408477783
0.236	66.2288513183594
0.238	4.51037216186523
0.2633	5.84053230285645
0.206	14.9413270950317
0.2975	0.0
0.2178	21.1902618408203
0.2152	6.51570844650269
0.0598	85.8407592773438
0.1196	0.185218811035156
0.1043	53.7802505493164
0.151	58.7356491088867
0.1004	12.397931098938
0.1577	38.8464813232422
0.0662	27.282205581665
0.1555	0.0
0.1011	3.12702441215515
0.1916	80.6800079345703
0.2033	62.4407615661621
0.355	0.0
0.1035	0.0
0.3109	0.0
0.0779	0.269569396972656
0.1392	45.3935127258301
0.0429	74.8500137329102
0.2935	11.6204843521118
0.1957	0.0
0.2516	48.9259262084961
0.2125	96.8117904663086
0.1961	7.87650442123413
0.2324	5.33254289627075
0.3379	9.88804912567139
0.0214	63.385684967041
0.2357	21.936580657959
0.0329	88.395133972168
0.1097	67.9908065795898
0.1465	0.0
0.0748	57.6429061889648
0.1734	26.8446655273438
0.2266	89.8846893310547
0.1491	10.6217527389526
0.2453	6.90212535858154
0.2176	87.7193450927734
0.213	0.172992825508118
0.3576	2.1950740814209
0.1317	0.0
0.1391	37.10888671875
0.1368	11.8807029724121
0.2137	0.0
0.0277	85.9926300048828
0.1247	26.0465717315674
0.214	9.34537696838379
0.1299	0.0
0.3366	0.143525764346123
0.2682	64.4562454223633
0.0999	81.8684692382813
0.2968	0.0
0.2037	4.81631469726563
0.0247	0.0
0.1664	20.8156394958496
0.1149	50.6724052429199
0.0268	93.6564025878906
0.2079	18.9473133087158
0.0818	94.3463439941406
0.1414	3.52688789367676
0.1209	7.5010929107666
0.0663	6.27739667892456
0.0885	73.0163726806641
0.0935	81.9175720214844
0.0901	33.3064117431641
0.2077	7.60997438430786
0.1557	84.243782043457
0.1826	65.1688919067383
0.0952	43.1882400512695
0.2506	41.7039756774902
0.104	18.8586082458496
0.2927	0.0
0.1171	48.151741027832
0.1279	21.5188255310059
0.1726	61.7536697387695
0.0426	86.2008361816406
0.194	0.90211808681488
0.1203	0.0
0.2413	21.6907215118408
0.1854	4.79078340530396
0.0544	0.0
0.1734	96.5635528564453
0.2003	12.9184913635254
0.0955	0.0
0.3161	12.0195293426514
0.1379	3.22507786750793
0.2482	13.8902187347412
0.045	0.0
0.2819	0.0
0.3081	11.9494113922119
0.0232	71.1795272827148
0.0	0.0
0.1958	42.017822265625
0.0231	1.37253189086914
0.0459	93.5788879394531
0.1782	0.0
0.0541	0.809390246868134
0.0861	81.0843048095703
0.123	42.4592933654785
0.1619	29.5862560272217
0.1254	0.0
0.098	0.0
0.2087	12.203218460083
0.1896	4.68015146255493
0.0767	95.1432342529297
0.2287	0.701171278953552
0.1225	81.9127655029297
0.1347	0.0
0.4046	0.107644326984882
0.1324	87.3001251220703
0.2395	22.9034519195557
0.1271	10.6396560668945
0.1304	9.78698921203613
0.1243	0.0
0.2024	0.821585178375244
0.1481	12.5570192337036
0.3349	11.6704292297363
0.0676	0.0
0.2726	9.3750114440918
0.1149	5.39079666137695
0.1054	80.6645660400391
0.1804	38.5745964050293
0.0732	0.0
0.6578	0.0
0.0916	7.03831720352173
0.0869	85.7256317138672
0.0	0.0
0.1996	8.80679321289063
0.1128	37.5986137390137
0.1704	2.90747404098511
0.2886	1.8626451492309603e-09
0.2726	0.0
0.0524	8.49838638305664
0.0653	81.7179946899414
0.164	77.8009643554688
0.1154	44.6434516906738
0.1707	0.0
0.0389	7.95102977752686
0.1894	10.8997116088867
0.13	6.00873517990112
0.2749	70.636116027832
0.5885	1.33216238021851
0.2322	5.10478782653809
0.279	0.121661894023418
0.2571	73.2238082885742
0.1188	47.6109848022461
0.4062	0.0
0.1515	84.4186248779297
0.025	0.0670166015625
0.1693	18.1122055053711
0.0102	4.06286430358887
0.2124	19.1116180419922
0.2293	91.6347198486328
0.0438	79.8637237548828
0.1077	90.638786315918
0.1667	12.1805629730225
0.2222	96.5406494140625
0.076	30.2670421600342
0.0396	0.0
0.1164	45.8361701965332
0.1404	52.1896438598633
0.161	12.1694221496582
0.1263	0.0
0.1118	86.8402709960938
0.2121	3.77271914482117
0.1516	93.6181640625
0.0144	0.0
0.1216	1.95276808738708
0.177	28.8702526092529
0.1392	67.2532730102539
0.2724	0.0
0.0097	53.8361473083496
0.0615	96.0284957885742
0.1549	2.23519659042358
0.0201	0.0
0.1526	0.791297256946564
0.2482	20.7483081817627
0.1928	61.9638404846191
0.1303	0.0
0.0722	0.780577659606934
0.1541	92.9160690307617
0.2286	12.2174644470215
0.1429	0.0
0.2317	59.4056549072266
0.0344	54.4001235961914
0.1635	76.8932037353516
0.152	78.2340316772461
0.0791	37.6423835754395
0.0317	64.1562423706055
0.2633	59.1435508728027
0.0619	0.0
0.2789	2.31108379364014
0.2361	0.0
0.1135	0.0
0.1401	25.4346942901611
0.2954	7.73456954956055
0.2924	0.0
0.208	0.0
0.2705	0.0
0.1607	49.7849159240723
0.1323	6.4534330368042
0.1348	0.0
0.2536	41.9892921447754
0.2172	8.96513080596924
0.2797	61.7832260131836
0.3161	5.35718965530396
0.1673	60.4756660461426
0.203	6.9472508430481
0.1422	41.8590660095215
0.1325	9.76698112487793
0.0876	40.2041854858398
0.2444	2.53203368186951
0.268	6.24188947677612
0.0211	82.7360153198242
0.0535	96.6974029541016
0.1576	0.0
0.1341	12.603720664978
0.088	31.578010559082
0.251	10.8467292785645
0.2446	0.0
0.2365	12.9274921417236
0.0587	95.851432800293
0.1948	61.1787338256836
0.0835	39.1629867553711
0.0585	96.4083557128906
0.3713	7.10111379623413
0.103	7.450580596923831e-09
0.1101	95.0974273681641
0.293	47.4757118225098
0.16	51.3439178466797
0.2583	0.0
0.1091	0.0
0.0953	94.9182662963867
0.1225	30.0185546875
0.0352	0.0
0.2122	10.8962755203247
0.2096	32.8641204833984
0.1466	48.3646278381348
0.0912	0.0
0.1813	14.0274152755737
0.0661	0.0619909763336182
0.2505	29.4564895629883
0.0159	80.6020660400391
0.1476	88.1873626708984
0.0673	15.0686264038086
0.012	47.4689712524414
0.3004	0.0
0.0824	95.1730651855469
0.4797	5.08759784698486
0.0412	5.10642147064209
0.2443	3.7252902984619103e-09
0.2174	2.06762862205505
0.2418	0.0
0.1054	88.4339218139648
0.0301	19.6034202575684
0.2007	40.0176544189453
0.2166	87.3910903930664
0.0189	54.3523750305176
0.2748	4.93144702911377
0.2128	0.0
0.2093	17.6671714782715
0.2095	23.9279441833496
0.1307	84.0186233520508
0.1194	69.1240463256836
0.1097	45.9810447692871
0.22	34.8332633972168
0.1512	69.9227828979492
0.3314	0.0
0.3161	0.0
0.0583	73.9255065917969
0.1429	47.8965873718262
0.246	0.0
0.3625	0.947071552276611
0.1924	75.6455001831055
0.2096	9.31322574615479e-10
0.1177	81.3016510009766
0.2187	76.5639419555664
0.2619	0.0
0.1956	13.0333213806152
0.0498	16.1391849517822
0.2302	6.77506637573242
0.0	0.0
0.2026	72.6203079223633
0.2203	20.3277797698975
0.1667	27.8087940216064
0.1452	63.0187835693359
0.0593	26.4047012329102
0.0376	94.3970642089844
0.2204	22.9249324798584
0.1406	80.7164459228516
0.0915	51.3247261047363
0.2051	9.31322574615479e-10
0.0347	43.7315673828125
0.0596	0.0
0.1757	71.344970703125
0.485	0.0
0.1603	0.573497295379639
0.1458	69.5918655395508
0.2666	0.0
0.2181	4.69524383544922
0.258	7.77385187149048
0.1273	22.9423561096191
0.0209	81.6268081665039
0.2569	12.0591449737549
0.2165	46.5041465759277
0.1992	71.2684326171875
0.0938	73.5671768188477
0.0487	94.7162628173828
0.2354	33.6965179443359
0.005	47.7649955749512
0.0848	92.8248901367188
0.183	75.5608825683594
0.1003	41.1243858337402
0.0064	67.5186920166016
0.0949	4.21667194366455
0.2721	7.450580596923831e-09
0.0674	83.5571975708008
0.0276	70.7834548950195
0.2136	12.9319887161255
0.1655	77.8686065673828
0.1566	75.6980743408203
0.0706	0.880577266216278
0.4105	0.237888962030411
0.1053	43.8299026489258
0.1789	0.0
0.3885	2.98023223876953e-08
0.1087	53.917106628418
0.0701	0.0
0.2145	52.1540718078613
0.2031	39.8262825012207
0.2235	0.0
0.1599	68.4229278564453
0.1769	0.0
0.0536	0.0
0.2859	20.0242881774902
0.2651	4.65661287307739e-10
0.1558	0.0
0.2587	0.0
0.2212	3.16243958473206
0.2949	2.98023223876953e-08
0.1482	48.4019012451172
0.2041	58.8282279968262
0.1645	66.551025390625
0.1825	9.31322574615479e-10
0.0974	2.55664873123169
0.2019	1.65931677818298
0.0734	31.8245811462402
0.1496	0.0
0.0625	91.6565704345703
0.1611	85.7481155395508
0.1637	22.0063819885254
0.2033	25.3109321594238
0.3628	0.717470169067383
0.102	71.3049850463867
0.2701	74.8069458007813
0.1382	0.0
0.2152	0.0
0.2155	0.0
0.1035	71.2436218261719
0.1783	50.3039703369141
0.0501	89.9820709228516
0.248	1.19209289550781e-07
0.0412	91.4831466674805
0.1664	26.0947303771973
0.2441	2.98023223876953e-08
0.209	41.353343963623
0.1413	5.63885021209717
0.1422	2.27767491340637
0.0888	10.6766176223755
0.2216	7.450580596923831e-09
0.2211	0.0
0.1483	40.9137306213379
0.1039	19.7078704833984
0.0995	18.9739475250244
0.1285	26.2582168579102
0.2753	5.7052640914917
0.2495	57.2677536010742
0.1819	0.726778268814087
0.2893	6.58623266220093
0.1016	69.6274948120117
0.1151	85.1205520629883
0.1221	22.9268341064453
0.216	76.7315368652344
0.227	15.8618631362915
0.0865	83.1597366333008
0.0887	30.2886867523193
0.1541	16.6880130767822
0.0909	76.6469192504883
0.2036	15.0727109909058
0.0801	11.3637828826904
0.1787	11.4547863006592
0.2731	0.0
0.124	81.2263336181641
0.031	45.5072822570801
0.0742	0.0
0.1285	17.3309688568115
0.1115	45.5041770935059
0.2868	2.3283064365387004e-10
0.3401	0.300388336181641
0.0	0.0
0.1977	35.1271018981934
0.3341	1.46115469932556
0.1665	16.6488056182861
0.2299	35.9025726318359
0.1797	16.7866477966309
0.2088	21.1291542053223
0.1231	86.0570068359375
0.134	4.20945930480957
0.1781	50.2543106079102
0.2411	9.02088832855225
0.0082	90.3218154907227
0.1816	91.0025253295898
0.2052	0.0
0.2235	4.65661287307739e-10
0.2202	59.6885261535645
0.1826	22.3982791900635
0.234	0.0
0.1885	0.0
0.2765	17.9492416381836
0.1624	0.0
0.2949	12.1186389923096
0.3101	0.0
0.1822	96.0750045776367
0.1154	29.4303512573242
0.294	0.0
0.138	74.0032196044922
0.0836	19.3297290802002
0.1619	10.9595756530762
0.1924	48.390251159668
0.1185	95.8824615478516
0.1792	11.1735010147095
0.2108	0.0
0.3	0.0
0.0167	26.1184844970703
0.1395	8.78797340393066
0.1716	25.9639930725098
0.2425	11.5308504104614
0.1722	9.31725597381592
0.06	25.4019432067871
0.0768	63.7512397766113
0.0327	0.0
0.2042	12.1125812530518
0.122	81.7294540405273
0.1011	81.262580871582
0.1581	39.1086158752441
0.1633	29.7282867431641
0.1373	25.2969284057617
0.0	0.0
0.2123	20.9134712219238
0.0748	67.7612457275391
0.1241	20.0736865997314
0.2753	0.0
0.2143	0.0
0.0843	32.0403442382813
0.152	50.9516792297363
0.0379	0.0
0.2038	0.0
0.0547	29.0963859558105
0.178	0.0
0.2012	89.7607650756836
0.1109	52.4125480651855
0.0518	0.0
0.1752	0.0
0.3517	4.4781608581543
0.3545	0.0
0.1529	0.0
0.2323	84.3633041381836
0.2753	1.91375863552094
0.0251	71.8148345947266
0.034	80.2052536010742
0.1549	36.8895149230957
0.2319	0.0
0.14	0.0
0.0322	54.1197814941406
0.007	1.22278022766113
0.2125	0.619837284088135
0.1411	24.6626663208008
0.1686	48.5222778320313
0.0882	73.7068481445313
0.2288	1.49011611938477e-08
0.2147	64.290657043457
0.136	60.4406318664551
0.3205	2.98023223876953e-08
0.1411	43.3544807434082
0.0819	2.05473041534424
0.2336	5.77395439147949
0.3464	0.0
0.1652	11.3684282302856
0.0	0.0
0.1713	19.0786781311035
0.1858	54.0947761535645
0.0536	27.1346168518066
0.2677	0.0
0.2017	50.8190307617188
0.2634	67.7252349853516
0.2583	10.4586753845215
0.1919	0.0
0.4752	0.241334050893784
0.1834	52.0460433959961
0.2419	78.7749862670898
0.0166	3.07676696777344
0.2666	0.0
0.1597	86.0099792480469
0.0917	89.0800628662109
0.137	0.0
0.1058	19.596622467041
0.3327	0.0
0.0241	43.6574401855469
0.2145	26.1042003631592
0.019	0.302642822265625
0.2288	96.746955871582
0.309	17.8365516662598
0.0446	90.5793762207031
0.0658	0.0
0.1847	9.40200710296631
0.2011	24.603084564209
0.122	81.3326721191406
0.1043	0.0
0.2514	16.5729904174805
0.0468	96.6968231201172
0.1752	0.0
0.1272	7.450580596923831e-09
0.0	87.9258728027344
0.1594	24.0048236846924
0.1348	59.7434921264648
0.1273	73.3190460205078
0.235	36.6721878051758
0.1948	78.8643188476563
0.2462	34.1398696899414
0.1891	54.3549156188965
0.2331	77.6384582519531
0.0	9.17871475219727
0.1976	0.0
0.2391	39.5165176391602
0.067	0.0
0.1411	3.00676798820496
0.0673	8.97301864624023
0.168	26.7732028961182
0.1846	1.14289474487305
0.0904	83.4447174072266
0.2305	12.6837511062622
0.0336	1.82584667205811
0.1939	12.0558214187622
0.1682	28.7556953430176
0.122	4.22416353225708
0.0842	0.0
0.2816	7.450580596923831e-09
0.2099	0.0
0.2572	0.0
0.2185	0.0
0.2593	27.4283466339111
0.107	40.3422050476074
0.4485	0.742867946624756
0.15	10.2367877960205
0.2643	32.341739654541
0.218	1.65539491176605
0.0578	73.4587478637695
0.0505	0.0
0.1235	0.0
0.0566	0.0
0.1716	60.1140899658203
0.1979	96.6232070922852
0.1696	0.0
0.1248	0.0
0.0	2.49045896530151
0.0837	82.8142471313477
0.2127	38.054874420166
0.1157	47.1348152160645
0.1659	0.220764607191086
0.1309	20.5139579772949
0.246	8.63942050933838
0.0645	91.8542404174805
0.1967	3.36182355880737
0.1231	50.7076797485352
0.1397	55.2153472900391
0.2099	12.8255481719971
0.026	31.7585391998291
0.1714	10.5405464172363
0.0152	8.06047439575195
0.2875	2.44072031974792
0.2015	21.4783611297607
0.2762	2.64173173904419
0.0297	59.0378112792969
0.1092	0.0
0.2555	16.7558670043945
0.0822	29.6451759338379
0.1997	1.01370239257813
0.2808	0.0
0.1809	23.1738758087158
0.0921	96.6652679443359
0.1315	64.10205078125
0.015	84.2614059448242
0.1274	0.0
0.234	0.0
0.1849	22.4930229187012
0.2397	66.7233123779297
0.2071	20.0248241424561
0.215	0.485882639884949
0.1341	80.2615127563477
0.3105	0.0
0.2171	84.9264068603516
0.3088	12.1247291564941
0.0784	94.5790100097656
0.2104	19.4235210418701
0.2143	3.33314609527588
0.1376	30.9843273162842
0.258	1.24501347541809
0.3482	11.0919628143311
0.1865	0.0
0.1067	31.849781036377
0.1865	68.4875717163086
0.107	30.1632843017578
0.1224	81.3714294433594
0.1429	9.85826587677002
0.2326	4.25832843780518
0.2127	31.1444282531738
0.1307	0.0
0.1401	30.7515659332275
0.1383	28.9649085998535
0.2457	33.3244667053223
0.0588	0.0
0.0986	20.6249256134033
0.235	0.527586340904236
0.2524	0.0
0.3169	9.18790817260742
0.1717	0.857430338859558
0.2675	66.5374298095703
0.1508	8.83369445800781
0.1851	1.77005887031555
0.1131	30.7894878387451
0.0859	0.0
0.2141	0.0
0.1602	70.903076171875
0.2816	0.121762931346893
0.0	0.0
0.0078	0.0
0.0587	78.3050155639648
0.1577	71.9298553466797
0.2302	2.58279657363892
0.2404	9.67465972900391
0.0488	9.5367431640625e-07
0.1178	76.0300064086914
0.1947	81.9862518310547
0.158	14.2539834976196
0.0662	0.0
0.1736	26.5707569122314
0.2069	80.6527252197266
0.0414	81.8345260620117
0.326	3.7252902984619103e-09
0.1939	74.5320205688477
0.1765	15.8934307098389
0.1305	16.3514671325684
0.1962	6.98856163024902
0.1539	6.72741985321045
0.1037	61.9827499389648
0.2571	4.47392845153809
0.1613	12.7877130508423
0.1774	0.0
0.2337	0.0
0.0	0.0
0.0	0.0
0.1312	79.603759765625
0.1074	19.3652629852295
0.1781	0.697367668151855
0.1687	82.7750091552734
0.1555	13.3098669052124
0.0602	41.8603630065918
0.2446	15.5196952819824
0.1733	7.87656259536743
0.258	2.98023223876953e-08
0.3056	1.21762883663177
0.2521	14.8485107421875
0.1728	17.0527801513672
0.1548	10.3915643692017
0.0269	94.8779525756836
0.2569	0.0
0.196	56.2125282287598
0.1728	0.0
0.2701	0.0
0.245	1.42972707748413
0.1148	60.6154594421387
0.2438	88.9523010253906
0.1433	46.6663970947266
0.3132	3.04336595535278
0.0625	33.8931007385254
0.3528	4.20405673980713
0.1748	18.2497005462646
0.0146	95.0151062011719
0.1173	6.33332920074463
0.1954	5.72978830337524
0.0121	1.10160970687866
0.0983	3.814697265625e-06
0.157	11.4946355819702
0.1207	6.00936079025269
0.0571	55.0412254333496
0.1494	8.92779350280762
0.0919	0.0
0.0737	0.0
0.1259	0.744695782661438
0.0481	95.7663879394531
0.026	0.0
0.0518	14.5178985595703
0.2058	45.8435707092285
0.1877	3.02961730957031
0.2367	26.9984035491943
0.2571	0.0
0.1882	0.602355122566223
0.1999	74.9957504272461
0.2775	19.7180767059326
0.0792	0.443525314331055
0.1225	2.06115341186523
0.048	81.1451873779297
0.0566	3.814697265625e-06
0.1543	16.0057697296143
0.0833	0.0
0.0	0.0
0.0999	81.263313293457
0.0938	95.8249816894531
0.2516	4.39186143875122
0.2142	11.2775478363037
0.1868	40.363151550293
0.2707	34.2730827331543
0.2584	12.033634185791
0.3024	4.60725355148315
0.1361	10.0059080123901
0.0639	56.0356674194336
0.2125	0.0
0.132	13.1166286468506
0.1726	79.76416015625
0.1252	27.5495567321777
0.0741	0.0
0.0404	93.2990646362305
0.1098	7.76156520843506
0.2351	43.581844329834
0.2348	13.2046804428101
0.1357	16.6571063995361
0.1567	68.4152984619141
0.0051	96.7876358032227
0.2549	0.358814418315887
0.0576	93.5436172485352
0.1829	0.0
0.0388	31.1979789733887
0.0394	92.629264831543
0.0551	0.0
0.2486	0.0
0.052	0.0
0.2141	74.1419830322266
0.1318	89.1897811889648
0.317	3.64150166511536
0.1219	25.8715667724609
0.0837	0.0
0.1847	24.8837089538574
0.3128	3.7252902984619103e-09
0.211	96.328727722168
0.2254	61.3580131530762
0.2686	1.27002060413361
0.0762	2.63035821914673
0.1854	9.30163860321045
0.262	16.3508930206299
0.177	7.450580596923831e-09
0.1844	25.2507171630859
0.1829	59.5111618041992
0.0402	0.473830014467239
0.2208	68.1995315551758
0.2381	3.7252902984619103e-09
0.2723	23.5197887420654
0.1578	8.57214546203613
0.0854	0.0
0.0306	96.5368041992188
0.0747	91.8974990844727
0.0935	0.0
0.1318	57.0932464599609
0.0127	3.814697265625e-06
0.3408	0.0
0.112	33.6677627563477
0.0935	16.6514930725098
0.1783	68.9494323730469
0.0	0.0
0.0	0.0
0.2212	52.7016983032227
0.2483	21.9286556243896
0.1163	26.3672389984131
0.0203	4.98115062713623
0.0618	96.0912857055664
0.154	55.5305366516113
0.0796	53.6245574951172
0.172	0.0
0.1992	0.0
0.1248	0.0
0.3784	27.5363883972168
0.1026	82.6507568359375
0.2615	12.292010307312
0.2481	0.0
0.3762	0.0
0.1238	0.0
0.0287	95.5692138671875
0.2452	6.08776044845581
0.2375	0.0
0.2638	12.3191890716553
0.0835	26.34228515625
0.2581	81.2864608764648
0.2284	0.0
0.2353	0.0
0.2639	16.5430908203125
0.0411	67.0435485839844
0.0595	30.6606750488281
0.1338	53.8650665283203
0.2219	4.38565969467163
0.0	7.39473533630371
0.1433	0.0
0.0	0.0
0.1604	4.62698984146118
0.162	41.6890029907227
0.0686	78.3820114135742
0.1282	59.8436393737793
0.1148	0.0
0.0852	51.1235046386719
0.0264	10.865213394165
0.1066	0.0
0.1929	0.12176288664341
0.204	22.7501239776611
0.1573	0.0
0.1024	68.5791931152344
0.1589	67.4031448364258
0.2031	0.0
0.2929	0.0
0.0494	94.3687057495117
0.1473	80.3569030761719
0.1739	1.42644309997559
0.0696	0.0
0.2168	1.14036512374878
0.0	14.8282146453857
0.2101	12.0303516387939
0.0562	0.0
0.2875	1.27557837963104
0.1411	29.3348236083984
0.1395	28.25901222229
0.0	0.0
0.2159	28.1913909912109
0.1874	42.130485534668
0.2088	4.37798452377319
0.2018	12.3093719482422
0.2087	27.6876068115234
0.2362	2.40462064743042
0.1438	77.336296081543
0.0	26.3822250366211
0.2328	3.06347322463989
0.0118	18.351203918457
0.1286	0.0
0.1451	87.3612823486328
0.2029	0.0
0.2153	57.320198059082
0.0223	96.021484375
0.2568	0.0
0.2022	66.8553085327148
0.2614	0.0
0.172	82.8831939697266
0.1617	41.4994926452637
0.185	43.8606224060059
0.1965	0.0
0.1554	73.8086929321289
0.0883	40.7793426513672
0.2109	7.35772514343262
0.227	0.0
0.4282	0.121762990951538
0.2638	4.65661287307739e-10
0.1374	6.1839747428894
0.1606	0.0
0.2201	10.8290824890137
0.1618	1.2086364030838
0.1881	0.0
0.2362	1.45940136909485
0.1034	70.6220092773438
0.0949	2.01040458679199
0.0851	8.86338424682617
0.164	0.68705153465271
0.2681	0.0
0.1057	13.4521751403809
0.053	93.8062210083008
0.2391	13.2831001281738
0.2493	0.0
0.2542	41.413013458252
0.2629	0.0
0.0752	65.8726196289063
0.1554	0.0
0.2781	40.2581253051758
0.1777	10.3604831695557
0.136	89.0499038696289
0.0	23.9755325317383
0.1547	79.2882385253906
0.2924	96.6555099487305
0.3129	7.96652555465698
0.0982	76.4382095336914
0.0	82.7836685180664
0.2002	0.0
0.0218	0.0
0.1288	83.0381469726563
0.0405	9.4010648727417
0.1863	29.9854850769043
0.1734	8.06312656402588
0.2209	2.42789363861084
0.0934	0.0
0.2398	11.7095508575439
0.0637	84.4540023803711
0.2099	80.8014678955078
0.1002	93.5250396728516
0.1194	47.1441268920898
0.307	7.38806247711182
0.2046	78.6307983398438
0.2607	9.71663093566895
0.208	0.0
0.1376	0.0
0.0099	31.2987403869629
0.0569	56.5788269042969
0.1558	0.58488392829895
0.2089	0.0
0.1825	6.43525791168213
0.0544	91.7804260253906
0.1519	37.7052764892578
0.1153	36.2086524963379
0.2535	17.761754989624
0.3119	11.9767189025879
0.024	0.0
0.17	56.3178215026855
0.1298	37.1214561462402
0.0796	2.21762847900391
0.1961	0.0
0.1728	31.6189041137695
0.0584	13.7032976150513
0.2507	9.05641746520996
0.171	0.845865964889526
0.1246	13.3034534454346
0.1095	41.9792289733887
0.0398	0.0
0.2022	96.5979614257813
0.252	40.0393218994141
0.0715	45.5845832824707
0.0044	15.3734016418457
0.1939	56.1754417419434
0.0877	24.0353298187256
0.2024	0.0
0.1844	76.0724258422852
0.136	34.1787033081055
0.3982	5.33265161514282
0.2397	7.12959384918213
0.1121	93.2583999633789
0.1965	55.786922454834
0.0531	0.0
0.1736	22.8321971893311
0.2996	4.76837158203125e-07
0.2496	44.9260940551758
0.2444	8.79616928100586
0.2339	11.933217048645
0.1138	1.10234069824219
0.1561	10.925910949707
0.1704	16.5505847930908
0.052	30.0420169830322
0.1	0.0
0.072	75.4967956542969
0.2962	0.0
0.2326	19.3765144348145
0.0346	76.5871429443359
0.1472	0.0
0.2344	0.0
0.128	61.112232208252
0.0715	27.2826251983643
0.2231	84.2061309814453
0.0761	0.0
0.0306	27.8687705993652
0.0	0.0
0.0586	0.0
0.2649	56.2820014953613
0.2221	22.3531875610352
0.0281	0.0
0.1353	47.5345115661621
0.1722	0.0
0.1996	24.310131072998
0.1352	1.86739301681519
0.1459	6.86351776123047
0.2449	0.844653129577637
0.2318	82.1738586425781
0.1108	94.4071731567383
0.2275	32.4031181335449
0.2379	0.0
0.0361	0.0
0.0987	96.5888214111328
0.2203	22.8428764343262
0.038	89.1080703735352
0.1592	96.6334075927734
0.1898	12.1371746063232
0.2269	23.8129234313965
0.0213	0.0
0.1524	39.7690620422363
0.155	29.9313850402832
0.2538	0.0
0.1459	30.4304275512695
0.1722	3.12324690818787
0.2126	56.6348838806152
0.0752	22.3903179168701
0.2324	0.0
0.0656	2.80037331581116
0.0454	92.3354110717773
0.2017	96.1834716796875
0.1624	0.242429971694946
0.1781	2.30948352813721
0.2662	28.152400970459
0.0269	0.0
0.0483	0.0
0.1555	19.2417488098145
0.2211	55.7169609069824
0.0547	9.5367431640625e-07
0.2167	12.6344795227051
0.0705	63.9721755981445
0.138	0.0
0.0981	33.2136306762695
0.198	3.07194113731384
0.2765	85.4593887329102
0.1364	23.5544319152832
0.156	6.57062721252441
0.1639	39.5121994018555
0.1681	0.12176288664341
0.2339	0.0
0.2725	11.3850011825562
0.2309	8.31678295135498
0.0626	93.3834686279297
0.2534	3.71975755691528
0.2132	0.0
0.2085	2.94173145294189
0.1786	47.4732208251953
0.2483	0.0
0.2258	26.864803314209
0.2091	0.221762895584106
0.0272	96.6252899169922
0.2179	0.0
0.2066	16.3776302337646
0.1875	1.64906942844391
0.2242	0.0
0.2431	78.7765884399414
0.1887	43.9369468688965
0.1773	69.0952072143555
0.0812	41.2102394104004
0.1504	33.8193283081055
0.1451	79.2064819335938
0.1007	27.0212459564209
0.0071	0.0
0.2452	0.0
0.1754	38.9657096862793
0.2722	0.0
0.1284	17.7177352905273
0.2142	54.0366172790527
0.0	0.0
0.051	22.4865226745605
0.2596	9.74349308013916
0.2219	6.57548522949219
0.1334	79.937614440918
0.1176	0.0
0.1752	0.0
0.1827	0.0
0.0994	95.1425476074219
0.2126	20.1853199005127
0.1798	20.0907783508301
0.1967	0.0
0.1875	84.4783325195313
0.0419	3.7252902984619103e-09
0.406	7.14378547668457
0.065	0.0358814410865307
0.1938	0.0
0.085	78.8457870483398
0.2314	7.56224966049194
0.2692	7.31337213516235
0.1526	6.17149114608765
0.045	91.4552536010742
0.0822	0.0
0.1368	40.9343032836914
0.2381	4.29824781417847
0.2117	84.905158996582
0.1086	0.0
0.102	24.2807769775391
0.0468	96.767692565918
0.1456	95.7378921508789
0.2228	0.0
0.063	0.0
0.0344	0.0
0.0638	78.4751358032227
0.2292	0.0
0.031	50.4001770019531
0.0965	20.4667663574219
0.0	0.0
0.0335	27.7124118804932
0.1292	21.6637020111084
0.1342	0.0
0.1155	39.3146705627441
0.2737	0.0
0.1938	0.0
0.2193	0.59424614906311
0.0553	33.1685905456543
0.1652	0.0
0.129	58.9179382324219
0.1538	59.5745849609375
0.105	0.0
0.2135	62.5591735839844
0.066	81.5615158081055
0.2031	70.9945755004883
0.2645	2.85465049743652
0.1331	5.77646207809448
0.094	12.3280811309814
0.0627	95.8428115844727
0.1313	34.0078620910645
0.0901	0.0
0.2369	0.0
0.2308	13.5385093688965
0.1022	36.9176712036133
0.2787	81.3495712280273
0.2507	0.0
0.2085	16.0758934020996
0.2142	13.5156755447388
0.1817	13.1493072509766
0.2625	6.83645391464233
0.0956	25.1425819396973
0.1949	96.7401351928711
0.1284	0.0
0.1878	5.37155103683472
0.157	29.0964317321777
0.0888	96.4851379394531
0.2044	18.318675994873
0.0822	5.2314920425415
0.1375	44.7863731384277
0.1395	0.157463073730469
0.2971	0.0
0.2127	96.8595352172852
0.2193	50.8393363952637
0.1714	10.6310625076294
0.1488	17.5393409729004
0.152	86.0889053344727
0.2718	1.75242304801941
0.0985	77.1489410400391
0.0973	13.5279140472412
0.0447	21.6842308044434
0.3601	5.64258480072021
0.3797	19.048246383667
0.1927	8.40675163269043
0.2412	1.91837501525879
0.2739	35.6325607299805
0.1351	19.8059616088867
0.2125	95.7569885253906
0.2082	0.0
0.1091	70.3489456176758
0.4039	9.31322574615479e-10
0.2112	12.6228609085083
0.0265	62.089038848877
0.1899	51.4815216064453
0.0	0.0
0.1079	0.0
0.1668	1.50431168079376
0.3328	0.0
0.0343	88.8361206054688
0.2042	12.0963191986084
0.1483	39.1875343322754
0.0605	0.0
0.2904	95.8628692626953
0.1976	0.0
0.2857	0.0
0.1933	40.4673919677734
0.2532	21.7192687988281
0.2352	42.2954177856445
0.1677	68.0442047119141
0.0	0.0
0.2179	77.6606750488281
0.1636	45.5574150085449
0.1752	1.85514414310455
0.2071	19.7211246490479
0.1224	21.5865993499756
0.0718	81.5378265380859
0.246	0.0
0.146	74.8838043212891
0.0722	92.3151245117188
0.0685	46.5509872436523
0.1752	19.3425636291504
0.2198	78.8239517211914
0.2173	67.5649185180664
0.0676	92.7913818359375
0.0	0.0
0.1981	34.6195030212402
0.1488	11.08251953125
0.2502	0.0
0.1198	42.5933303833008
0.0249	2.98642182350159
0.2691	0.0
0.2692	0.0
0.0699	61.6979064941406
0.164	96.920280456543
0.2687	2.98023223876953e-08
0.0135	0.0
0.2963	4.58153438568115
0.198	0.0
0.039	0.0
0.2482	0.0
0.1527	17.4033508300781
0.1498	14.2583065032959
0.1889	8.64710521697998
0.1567	34.0574493408203
0.2385	0.0
0.1591	0.0
0.1386	64.6753616333008
0.1522	32.9532165527344
0.2693	25.1892738342285
0.0864	0.0
0.1086	96.6575546264648
0.2639	34.3553047180176
0.0231	28.7690296173096
0.1178	58.767822265625
0.2243	18.5074062347412
0.1631	6.77088499069214
0.0153	36.7316703796387
0.0356	0.0
0.0	9.0666332244873
0.2361	0.0
0.2175	0.0
0.0728	92.2935333251953
0.2215	0.591746270656586
0.2508	14.077220916748
0.215	49.741138458252
0.304	3.30134057998657
0.0838	0.0
0.1826	65.6248550415039
0.1577	12.2397518157959
0.198	39.5927886962891
0.0483	0.0
0.2071	0.0
0.2255	0.0
0.0688	0.0
0.0	0.0
0.1557	0.0
0.1371	34.0331192016602
0.2788	0.365081667900085
0.1627	0.0
0.0225	76.7851181030273
0.1922	42.4298133850098
0.1368	41.2219924926758
0.0658	41.5043563842773
0.0	0.0
0.128	46.7388305664063
0.2545	88.5641403198242
0.1532	32.3365669250488
0.0191	0.0
0.2291	11.3671159744263
0.2404	0.0
0.2471	61.3207550048828
0.1893	54.7870864868164
0.0767	70.7516326904297
0.2691	9.76940631866455
0.1802	26.2932090759277
0.026	77.808723449707
0.1286	0.607741832733154
0.046	89.5114822387695
0.2111	80.9118347167969
0.2338	71.0195159912109
0.201	23.1473140716553
0.1365	2.08672118186951
0.2498	19.1567916870117
0.0766	12.5012035369873
0.1283	42.9858894348145
0.1619	60.2671127319336
0.2408	19.1446628570557
0.0677	0.0
0.2427	51.4250793457031
0.3852	0.0
0.1481	96.5265426635742
0.1585	11.359658241272
0.1691	4.65661287307739e-10
0.0606	45.0409851074219
0.1134	5.64254379272461
0.2426	0.0
0.1889	10.5367298126221
0.1666	2.60625267028809
0.2117	29.2635822296143
0.1527	3.15548372268677
0.2667	12.1050214767456
0.2541	29.1404228210449
0.2149	5.11065435409546
0.2168	47.3929672241211
0.0945	82.0746688842773
0.172	22.49609375
0.0865	58.1046295166016
0.2497	27.1100063323975
0.2314	34.9714851379395
0.254	9.40346908569336
0.1461	56.0386848449707
0.0319	90.834228515625
0.0853	0.0
0.2717	27.675464630127
0.1492	27.4722423553467
0.1323	68.4685440063477
0.0087	0.0
0.0284	23.804084777832
0.2041	12.3079833984375
0.1996	48.4596290588379
0.1892	20.5722942352295
0.3376	90.3613586425781
0.159	75.7953720092773
0.2868	4.99842691421509
0.0772	1.8626451492309603e-09
0.0772	2.49305152893066
0.0797	32.9050064086914
0.2649	0.0
0.0854	64.1244659423828
0.048	84.6352691650391
0.0464	7.77942371368408
0.2562	0.0
0.1142	0.0
0.129	23.7610836029053
0.0593	0.0
0.0734	24.4323234558105
0.1973	1.8626451492309603e-09
0.0057	0.0
0.2618	0.773556590080261
0.2596	0.0
0.0571	78.7416839599609
0.3248	1.49011611938477e-08
0.0552	81.4698333740234
0.0656	19.1006813049316
0.0202	30.0264167785645
0.2232	38.4268493652344
0.1361	47.76416015625
0.2552	0.238628134131432
0.1687	3.7252902984619103e-09
0.1975	0.0
0.1889	62.0063896179199
0.0129	24.936840057373
0.0985	52.3454360961914
0.1001	9.31322574615479e-10
0.2348	11.1539783477783
0.1133	20.0025291442871
0.3326	2.23291730880737
0.1792	11.37877368927
0.0156	43.1856498718262
0.0834	9.39520740509033
0.0266	69.8637084960938
0.0543	18.3581848144531
0.2836	0.0
0.1274	0.0
0.2362	16.0697250366211
0.2984	37.2412796020508
0.198	6.99020051956177
0.1031	9.31322574615479e-10
0.0397	83.330696105957
0.2073	42.3192939758301
0.0788	95.4327011108398
0.1339	36.4347038269043
0.0781	85.208122253418
0.1563	0.0
0.2895	4.59151077270508
0.2123	17.3021812438965
0.1716	5.96046447753906e-08
0.1496	0.0
0.1313	61.3567504882813
0.1609	51.5162162780762
0.132	76.1572189331055
0.0865	0.608814239501953
0.099	1.09581017494202
0.2478	15.2534589767456
0.4295	2.88227462768555
0.1655	0.0
0.1539	22.1987648010254
0.0048	0.0
0.1457	0.0
0.0587	20.9235191345215
0.1131	76.7163772583008
0.2855	19.388463973999
0.2537	54.8811454772949
0.1915	24.3265533447266
0.1317	96.8055801391602
0.3432	2.54417490959167
0.2633	73.0432052612305
0.0068	0.0
0.0951	91.9469146728516
0.1563	6.1005973815918
0.1914	29.8639602661133
0.0973	73.3434829711914
0.0867	0.0
0.2104	1.91659343242645
0.0565	0.0
0.2132	0.0
0.195	0.0338649749755859
0.1995	0.610365331172943
0.0801	1.9848747253418
0.2484	54.239143371582
0.0277	0.0
0.2528	75.9284439086914
0.1272	0.0
0.2222	4.13815975189209
0.1275	2.5276734828949
0.1747	30.0012550354004
0.0619	54.9530029296875
0.2802	5.11366367340088
0.1326	18.3439483642578
0.1395	79.4569549560547
0.0726	0.0
0.0125	80.6528701782227
0.2214	13.9924268722534
0.0685	86.0373992919922
0.0441	0.0
0.0915	56.0334167480469
0.228	13.7603578567505
0.081	96.0971221923828
0.1939	15.2912349700928
0.2323	69.8069152832031
0.1448	31.3225727081299
0.1323	2.13939189910889
0.1455	5.74543619155884
0.1966	0.0
0.3109	0.287001937627792
0.2601	0.620470583438873
0.2728	16.900842666626
0.0369	94.4210052490234
0.2005	0.243525862693787
0.1758	0.730577290058136
0.2866	7.450580596923831e-09
0.1012	37.3559303283691
0.051	39.4601936340332
0.1069	0.0
0.1209	49.138069152832
0.03	3.23525762557983
0.2039	2.53015351295471
0.0643	85.2906875610352
0.212	1.63437569141388
0.232	8.28766632080078
0.276	1.49011611938477e-08
0.0707	0.0
0.1054	1.09207606315613
0.1473	0.0
0.0944	0.0
0.091	29.8278713226318
0.1783	0.0
0.1609	81.1674194335938
0.0547	23.3917961120605
0.088	19.9724445343018
0.3075	0.408254623413086
0.1805	0.0
0.0663	0.0
0.1934	30.7112636566162
0.0961	52.4809494018555
0.2009	0.179407209157944
0.233	13.8278741836548
0.2707	11.4835176467896
0.1811	85.6836242675781
0.0	0.0
0.0951	0.0
0.1323	85.5574951171875
0.1441	0.0
0.2292	53.6579055786133
0.1626	33.8877105712891
0.0521	0.0
0.2323	81.3664779663086
0.1405	4.32935953140259
0.1982	78.9040145874023
0.1997	15.4318857192993
0.0432	42.8019027709961
0.1189	73.2339096069336
0.2136	0.0
0.1018	6.47051525115967
0.2916	4.20332336425781
0.15	0.588316202163696
0.2525	0.0
0.1658	9.50010108947754
0.0258	0.0
0.1599	0.0
0.1299	0.0
0.0172	1.42096829414368
0.1478	4.47160387039185
0.1623	32.6407585144043
0.222	37.5388298034668
0.2013	94.0383682250977
0.1872	16.8250827789307
0.3529	0.0
0.1393	13.0566825866699
0.0533	88.3486785888672
0.1926	46.7076568603516
0.0182	89.1113052368164
0.2382	20.5908241271973
0.1816	0.0
0.0049	0.0
0.1018	0.0
0.069	9.5367431640625e-07
0.2253	74.0731887817383
0.0043	85.1174621582031
0.2278	0.0
0.1229	96.3774719238281
0.1273	41.7828216552734
0.1428	0.0
0.1353	2.48226428031921
0.1274	37.5972213745117
0.1461	5.46623039245605
0.2267	84.0519180297852
0.1626	29.9527168273926
0.0646	0.0
0.2359	51.1884307861328
0.2016	17.5730400085449
0.1081	9.79768943786621
0.0154	8.10730743408203
0.1292	96.9078674316406
0.2455	0.36528867483139
0.2235	37.3002738952637
0.1683	64.8420028686523
0.1035	8.97581481933594
0.2614	2.23463749885559
0.1097	91.9210357666016
0.2537	0.0
0.3955	0.0
0.0407	80.1501770019531
0.1609	35.9780616760254
0.1454	2.10532546043396
0.2558	87.3500823974609
0.1293	53.1839332580566
0.0583	94.0998687744141
0.2984	2.49482202529907
0.1537	80.5907669067383
0.1852	47.4138107299805
0.1476	54.282470703125
0.1289	70.7382125854492
0.2437	55.847354888916
0.222	18.9785919189453
0.2703	5.91610860824585
0.0	59.9908027648926
0.2085	36.2886428833008
0.147	9.91621017456055
0.0919	0.0
0.1707	13.2758760452271
0.3456	0.0
0.2083	77.1339263916016
0.1208	53.6951332092285
0.0985	45.8091659545898
0.169	27.577112197876
0.2139	0.481566429138184
0.2327	0.0
0.0998	29.2959365844727
0.2083	28.5986881256104
0.1027	96.3373870849609
0.137	72.0282821655273
0.2186	0.0
0.2474	12.0589847564697
0.1353	1.8626451492309603e-09
0.1427	56.7936668395996
0.0967	93.7879486083984
0.2651	18.1728248596191
0.1986	0.0
0.2172	20.1220436096191
0.1458	18.0948696136475
0.1853	41.4203033447266
0.0572	0.0
0.015	4.69641208648682
0.0686	4.06285095214844
0.2588	11.9746074676514
0.1971	80.6869659423828
0.1652	18.4023952484131
0.2325	0.0
0.1196	0.0
0.174	9.05380249023438
0.2201	7.57627058029175
0.1925	0.0
0.1487	45.5525856018066
0.201	76.3708801269531
0.2802	4.65661287307739e-10
0.0745	83.1194839477539
0.1397	0.621762871742249
0.2367	4.99142837524414
0.1102	92.7217254638672
0.2185	15.9770660400391
0.3122	9.31322574615479e-10
0.0	0.0
0.2636	0.0
0.1561	3.7252902984619103e-09
0.1199	74.3430786132813
0.0	41.8772621154785
0.0747	0.0
0.278	1.49144101142883
0.2051	0.0
0.2366	3.07926225662231
0.1719	50.0900039672852
0.0945	6.43791437149048
0.2718	0.0
0.0788	66.9487762451172
0.2455	0.0
0.1741	13.617826461792
0.0043	0.0
0.0996	9.95737648010254
0.1479	32.28271484375
0.224	6.01719808578491
0.0483	0.0
0.2285	2.98252320289612
0.1668	25.3495941162109
0.157	84.9412078857422
0.1848	38.5582809448242
0.2235	23.9976615905762
0.1875	0.737051963806152
0.0976	19.7716045379639
0.2518	8.73738956451416
0.2156	1.21307826042175
0.1819	76.7538452148438
0.1362	0.0
0.073	96.3489685058594
0.1571	13.7586555480957
0.221	2.0483922958374
0.1469	96.2273712158203
0.2337	3.85851645469666
0.1034	17.043664932251
0.0659	3.64895367622375
0.2046	0.0
0.1376	86.6790237426758
0.2276	0.0
0.246	65.8105621337891
0.2856	19.558723449707
0.101	0.0
0.1642	46.4079666137695
0.0682	63.7925148010254
0.0972	44.5239868164063
0.2104	19.4235210418701
0.3887	0.0
0.1292	34.3242645263672
0.19	96.5439987182617
0.343	0.0
0.2358	28.1287689208984
0.0363	46.9684257507324
0.1494	54.412109375
0.1738	0.0
0.0542	44.5766906738281
0.2473	71.845573425293
0.1178	23.6280040740967
0.2775	96.8717193603516
0.19	72.9165649414063
0.1465	59.365592956543
0.2165	23.8387317657471
0.1421	42.3347702026367
0.2264	21.567554473877
0.0455	79.6640701293945
0.1504	38.3979606628418
0.0398	84.7438125610352
0.193	2.98023223876953e-08
0.0674	48.9421501159668
0.0799	96.2557601928711
0.2075	77.6808471679688
0.1652	95.500846862793
0.1002	2.83917570114136
0.0751	4.76837158203125e-07
0.1347	0.0
0.1536	81.5459823608398
0.0064	0.272293090820313
0.1754	40.7846794128418
0.2615	1.20020437240601
0.2555	0.0
0.0705	34.1505317687988
0.1527	71.9191741943359
0.052	68.3983535766602
0.2095	0.419411897659302
0.3742	36.0057830810547
0.1559	13.3234043121338
0.1307	0.730577349662781
0.0362	80.6328582763672
0.0509	0.0
0.1839	4.61164665222168
0.0246	19.3551177978516
0.1511	72.8544464111328
0.1382	0.822332382202148
0.2605	26.4190731048584
0.1734	20.0491180419922
0.0235	35.2078742980957
0.0905	15.8568658828735
0.1365	7.81321954727173
0.2417	5.7334246635437
0.1957	29.7029705047607
0.0912	1.00234019756317
0.2398	3.18190312385559
0.2451	1.8626451492309603e-09
0.1545	27.1301021575928
0.1711	23.4676494598389
0.0	0.0
0.1756	0.633137226104736
0.0525	1.19209289550781e-07
0.1121	40.7274627685547
0.2298	16.9858226776123
0.2674	0.0
0.0635	95.3100738525391
0.2587	0.0
0.189	0.0
0.188	0.0
0.2216	69.9323272705078
0.0	0.0
0.1573	77.7455291748047
0.1657	66.4308547973633
0.1991	1.44916069507599
0.03	0.539125680923462
0.1157	63.2806243896484
0.0163	25.0161304473877
0.1494	66.9623565673828
0.1088	43.0073852539063
0.0	0.0
0.2041	84.7751159667969
0.2178	16.3878726959229
0.248	0.0
0.0995	30.5334224700928
0.1988	0.0
0.1043	0.0
0.0048	1.34586596488953
0.1936	7.28692817687988
0.2808	0.0
0.1765	0.589014112949371
0.2479	9.4621753692627
0.2441	37.134204864502
0.1677	67.8530120849609
0.1229	1.8626451492309603e-09
0.0523	0.0
0.1547	36.7760124206543
0.0104	0.0
0.0932	87.5775375366211
0.1926	0.0
0.0545	79.0253601074219
0.1795	5.8207660913467394e-11
0.0233	35.6400947570801
0.2115	5.09333372116089
0.1962	13.4106292724609
0.0662	0.0
0.046	33.0626754760742
0.04	0.0
0.1254	16.8836765289307
0.1647	0.0
0.0018	0.0
0.2721	0.0
0.1788	6.75968837738037
0.1688	55.0172233581543
0.242	1.23365104198456
0.0702	60.4543647766113
0.1576	12.0797853469849
0.2116	65.2717819213867
0.2419	35.0965003967285
0.1529	90.9312286376953
0.147	33.6559257507324
0.2442	0.0
0.2517	2.41707277297974
0.1994	33.7776069641113
0.0	0.0
0.2292	10.0206108093262
0.2855	0.0
0.0756	67.6221466064453
0.0833	42.0825500488281
0.1995	82.1995086669922
0.2871	3.83150362968445
0.2346	43.8806686401367
0.3108	1.35418081283569
0.2641	79.9252319335938
0.1971	0.0
0.1633	7.00203037261963
0.2529	12.9112462997437
0.1391	16.1980209350586
0.1931	14.5977716445923
0.3716	51.5204620361328
0.2188	21.7342281341553
0.2426	51.149959564209
0.0428	1.17410087585449
0.3272	95.4800872802734
0.0974	35.04248046875
0.172	32.4087600708008
0.2966	12.1387310028076
0.1856	0.0
0.162	0.830577254295349
0.0875	6.63360929489136
0.1754	82.1032104492188
0.1857	81.3652572631836
0.2581	47.8326110839844
0.2371	12.9912118911743
0.1033	30.3507614135742
0.1021	0.0
0.1324	44.8519744873047
0.0616	0.0
0.2658	0.0
0.2158	16.7993507385254
0.2339	0.0
0.1466	66.7129440307617
0.1348	0.0
0.0789	0.0
0.035	89.1405487060547
0.1769	12.0280227661133
0.0625	1.9073486328125e-06
0.1911	44.5652008056641
0.2279	13.1351585388184
0.2412	0.0
0.0818	76.951042175293
0.0493	0.0
0.1417	0.75211489200592
0.2289	67.9514083862305
0.2508	0.0
0.2617	0.0
0.1032	72.5639953613281
0.1612	67.0239715576172
0.2943	0.0
0.258	14.0439367294312
0.0644	96.9357070922852
0.2307	7.450580596923831e-09
0.0488	36.8699035644531
0.1962	22.0062675476074
0.1891	46.4184455871582
0.1974	43.6011123657227
0.3331	0.0
0.2061	28.4613475799561
0.1615	1.061239361763
0.2276	11.227931022644
0.1798	79.545166015625
0.1588	0.0
0.0285	12.6050024032593
0.2015	23.7744750976563
0.2621	10.9123039245605
0.1917	0.0
0.124	15.6631755828857
0.0509	44.4179229736328
0.1808	12.6130743026733
0.3426	18.7437973022461
0.1625	35.5091552734375
0.0936	61.5101127624512
0.1448	36.8894996643066
0.1975	79.2864379882813
0.0255	15.2191314697266
0.1489	82.485710144043
0.1835	8.01370620727539
0.1975	18.6229038238525
0.1364	82.7670669555664
0.2071	73.9236907958984
0.1392	42.5688095092773
0.0545	0.0
0.2431	9.31322574615479e-10
0.2311	0.0
0.2615	94.931640625
0.1347	96.3449401855469
0.1097	67.9064865112305
0.0856	35.392261505127
0.2978	1.89190936088562
0.2296	7.68627500534058
0.1901	15.3140411376953
0.2891	10.2656354904175
0.1535	0.0714184120297432
0.2675	0.0
0.2466	96.8388442993164
0.2662	18.6507873535156
0.5116	0.0
0.1551	74.0537414550781
0.1153	47.3589820861816
0.0587	79.9105529785156
0.3321	0.142563909292221
0.29	2.13028311729431
0.0861	76.0186462402344
0.1795	0.0
0.0728	87.1986999511719
0.1791	0.0
0.0486	0.0
0.1715	96.8244400024414
0.097	46.8789291381836
0.1904	13.2502117156982
0.1628	30.0601463317871
0.1493	28.7147312164307
0.2418	37.3791046142578
0.1177	0.0
0.229	0.0
0.1375	1.9073486328125e-06
0.1805	17.7829780578613
0.1749	0.0
0.186	8.79888248443604
0.2301	32.9830589294434
0.1229	0.0
0.1389	4.86786937713623
0.3103	11.1699285507202
0.0768	78.8178253173828
0.0914	1.48417067527771
0.2571	15.8270931243896
0.3241	0.583770751953125
0.1434	0.0
0.1221	80.107780456543
0.1768	0.0
0.1637	95.6855621337891
0.1989	0.0
0.1108	53.5383453369141
0.0914	59.0655670166016
0.1823	64.6805572509766
0.1214	91.7757797241211
0.0587	38.1007537841797
0.2652	0.0
0.1354	96.4112091064453
0.0687	92.0872039794922
0.1762	7.450580596923831e-09
0.2452	1.49011611938477e-08
0.0671	0.0
0.2362	52.2209968566895
0.1538	36.4275894165039
0.1224	3.95103788375854
0.0419	95.5521926879883
0.2668	2.50314259529114
0.1691	24.6604595184326
0.0529	1.81296157836914
0.0664	47.2800598144531
0.2556	65.1164093017578
0.027	63.1029510498047
0.0405	73.865608215332
0.0072	4.88575744628906
0.0563	17.5999069213867
0.021	0.0
0.2087	14.3632020950317
0.2677	0.0
0.1475	0.465288668870926
0.2216	0.733904004096985
0.1014	0.0
0.159	20.7423839569092
0.0227	2.00160717964172
0.3844	2.88593935966492
0.1991	15.4540557861328
0.232	0.628645360469818
0.2776	0.0
0.2635	0.0
0.061	93.4313659667969
0.133	9.37936782836914
0.1777	8.32485580444336
0.1474	56.870677947998
0.1852	78.8581237792969
0.0441	57.8894958496094
0.1098	94.3080749511719
0.1693	0.0
0.1713	46.0571212768555
0.3265	33.6313934326172
0.3058	2.52672386169434
0.1149	24.4741973876953
0.0	0.0
0.2323	53.9893493652344
0.1648	96.8054962158203
0.1637	20.6373500823975
0.1864	16.0428581237793
0.0183	15.9415769577026
0.0736	85.7582931518555
0.0496	4.25561618804932
0.1015	81.1174774169922
0.019	11.5596799850464
0.1397	1.8626451492309603e-09
0.1069	0.0
0.2324	2.10793662071228
0.1573	13.8121194839478
0.1648	59.6035995483398
0.2511	6.8697943687439
0.141	38.0871353149414
0.2392	0.0
0.1797	0.0
0.4397	3.1886465549469
0.1795	44.5706176757813
0.11	67.2707977294922
0.1702	0.0
0.0227	47.5170516967773
0.1525	78.5959014892578
0.187	12.3532524108887
0.1901	25.6370429992676
0.2403	69.9474182128906
0.1112	5.23580408096313
0.0437	0.0
0.2251	11.621636390686
0.0828	0.0
0.2053	2.80266094207764
0.18	0.0
0.117	3.65683746337891
0.078	64.6140594482422
0.1079	72.4239273071289
0.2119	95.8217010498047
0.1199	34.0787353515625
0.1583	27.8303089141846
0.1747	80.1048583984375
0.2866	0.0
0.1843	2.64882111549377
0.1119	43.9651489257813
0.038	75.2621231079102
0.2934	0.0
0.1054	0.0
0.2514	3.06452035903931
0.1149	70.0129852294922
0.2784	0.254832863807678
0.1676	27.1998977661133
0.2252	40.244873046875
0.0577	85.6359100341797
0.1461	65.8068008422852
0.1443	16.6589164733887
0.303	0.0
0.0188	11.9492273330688
0.1083	13.2560768127441
0.057	35.9225082397461
0.306	0.0
0.0475	83.0825653076172
0.0133	1.9073486328125e-06
0.0647	0.533940613269806
0.1372	81.6540908813477
0.198	1.32410299777985
0.1611	14.6285600662231
0.1257	0.0
0.1822	0.293525755405426
0.2187	1.8626451492309603e-09
0.0748	78.8639755249023
0.2052	2.40039086341858
0.244	0.0
0.2132	45.7705116271973
0.1066	83.2296295166016
0.2124	0.0
0.1834	6.76935338973999
0.1517	0.0
0.2575	10.4810466766357
0.0348	85.3596725463867
0.2954	13.0138807296753
0.0903	0.0
0.341	0.0
0.2035	0.0
0.085	89.1597442626953
0.5445	3.43896055221558
0.291	0.480122327804565
0.224	25.7548542022705
0.288	4.29174423217773
0.2505	9.31322574615479e-10
0.0952	4.67649221420288
0.1753	87.2426834106445
0.1947	0.0338211059570313
0.1103	68.5378112792969
0.1581	0.0
0.0952	13.9435091018677
0.1567	42.6770896911621
0.2314	28.3326454162598
0.2412	0.360293537378311
0.1643	75.5646667480469
0.1696	80.5613403320313
0.1753	29.5124168395996
0.1534	3.7252902984619103e-09
0.14	0.608814418315887
0.2172	29.1108016967773
0.2328	15.7107257843018
0.0972	2.33179450035095
0.0857	82.0194244384766
0.1904	9.90574932098389
0.312	0.0
0.1215	77.6718139648438
0.1997	72.5788040161133
0.2753	0.0
0.1998	56.6276779174805
0.065	39.3667182922363
0.037	93.5815505981445
0.2677	3.18726253509521
0.2595	20.538387298584
0.1832	82.0808029174805
0.1374	1.72225832939148
0.1833	0.0
0.2547	12.3096446990967
0.1205	64.0470275878906
0.1635	32.4392890930176
0.0307	95.8298797607422
0.2286	49.2278785705566
0.0	0.0
0.0452	0.573432922363281
0.1051	94.9100494384766
0.0398	51.1846466064453
0.1603	74.2905578613281
0.1838	51.9743843078613
0.2057	39.172679901123
0.132	3.814697265625e-06
0.261	5.11094856262207
0.2001	0.0
0.0486	0.0
0.1931	26.0552101135254
0.172	0.0
0.0364	0.0
0.3554	0.0
0.2092	83.4566497802734
0.2529	7.450580596923831e-09
0.1725	10.9169635772705
0.1996	26.8740119934082
0.0595	69.2810440063477
0.2064	57.8851776123047
0.1625	24.5755195617676
0.024	22.7735023498535
0.2205	66.6945648193359
0.1353	92.6568374633789
0.232	4.40288639068604
0.2232	5.23580408096313
0.2051	0.42640683054924
0.0061	25.6018447875977
0.0709	1.03057670593262
0.2718	22.2243156433105
0.1534	3.00017166137695
0.0059	1.1896333694458
0.0147	0.0
0.2695	22.297571182251
0.306	1.82644331455231
0.231	0.0
0.2298	20.7444496154785
0.3248	1.51936018466949
0.1945	0.0
0.1296	5.39361763000488
0.2023	12.9154243469238
0.1846	1.8626451492309603e-09
0.1784	9.7664852142334
0.0606	81.8713455200195
0.1902	16.3545398712158
0.0894	76.0841751098633
0.2059	0.0
0.2187	0.0
0.1463	74.2483978271484
0.1923	52.9744300842285
0.0664	0.0
0.1408	78.3327713012695
0.0	0.0
0.1685	28.386402130127
0.1806	68.9699478149414
0.1747	25.0957889556885
0.2681	2.69380569458008
0.1626	27.4521369934082
0.1731	0.0
0.1688	6.7382345199585
0.1907	2.31869125366211
0.2271	8.04776954650879
0.3144	14.0764493942261
0.1696	0.0
0.1515	79.3011169433594
0.1536	0.0
0.163	44.0443000793457
0.2419	93.4811935424805
0.2028	0.0
0.2771	20.3677806854248
0.2219	0.0
0.2532	0.0
0.0	85.0575942993164
0.1041	19.6894207000732
0.0844	0.0
0.1076	3.65288662910461
0.0351	88.7956237792969
0.0394	2.75036549568176
0.1158	0.0
0.1449	46.2222747802734
0.0745	34.3204078674316
0.2682	9.79943656921387
0.069	0.887051582336426
0.1346	26.8414306640625
0.1229	0.0
0.1844	1.92562222480774
0.0748	13.3297252655029
0.2394	3.50295090675354
0.2265	0.0
0.0674	95.7272415161133
0.1818	0.713670492172241
0.2224	28.0795650482178
0.1503	41.7463874816895
0.1814	9.31322574615479e-10
0.0384	62.9650802612305
0.1334	2.06918144226074
0.1337	17.6468544006348
0.2369	2.29399514198303
0.2702	4.65661287307739e-10
0.122	96.3372802734375
0.0884	1.35820817947388
0.0805	96.6391677856445
0.2487	26.6673107147217
0.1564	2.14676189422607
0.1069	63.0337715148926
0.2892	2.08528852462769
0.075	61.0847549438477
0.255	0.0
0.127	66.6909408569336
0.1915	11.7101440429688
0.2152	92.1483306884766
0.2028	1.04372715950012
0.2227	78.5082550048828
0.1096	66.5844421386719
0.3179	0.383396148681641
0.2795	1.54202318191528
0.2763	7.18401050567627
0.2751	0.0
0.2669	5.39244604110718
0.2419	54.2211990356445
0.1658	78.7182388305664
0.0169	1.11528873443604
0.1301	54.426628112793
0.2438	0.0
0.1406	2.3264434337616
0.3614	11.7821979522705
0.1256	1.50659048557281
0.1572	76.0116424560547
0.0548	79.7213592529297
0.2315	0.0
0.2193	12.8792791366577
0.2801	0.0
0.0449	0.0
0.1461	37.092700958252
0.0066	71.5703277587891
0.4184	4.01817512512207
0.1148	0.0
0.1899	14.065128326416
0.2633	7.62279510498047
0.1878	0.338530540466309
0.101	71.1960754394531
0.2414	7.71939373016357
0.0735	83.4474411010742
0.2407	17.360689163208
0.2035	5.98150873184204
0.2401	1.91847038269043
0.2386	14.0856847763062
0.1989	80.8767929077148
0.1257	73.8287506103516
0.2226	80.8391952514648
0.122	14.1398391723633
0.0	0.0
0.2463	11.8294057846069
0.1345	44.5862655639648
0.2217	60.820728302002
0.0093	9.84929943084717
0.297	0.0
0.2507	0.0
0.3203	32.1814880371094
0.1963	74.4905776977539
0.002	0.0
0.0951	91.5047607421875
0.0683	51.7250671386719
0.0366	8.08211517333984
0.2149	3.01029181480408
0.0968	1.16415321826935e-10
0.1382	90.2614288330078
0.2442	26.6042423248291
0.1546	13.510440826416
0.2405	2.35550570487976
0.3647	0.0
0.1455	14.8203649520874
0.072	68.5135116577148
0.1271	47.0439071655273
0.2272	3.18771648406982
0.221	55.2280807495117
0.2196	1.90245509147644
0.1751	44.629222869873
0.2353	97.0295715332031
0.2916	93.1307220458984
0.1574	0.0
0.1293	75.8628768920898
0.1286	14.1364612579346
0.2434	18.2300910949707
0.0496	58.9091567993164
0.0743	0.727801382541656
0.1549	0.0
0.102	67.8691329956055
0.1204	70.5715713500977
0.3593	5.88109636306763
0.1326	32.1365013122559
0.1117	0.441190987825394
0.077	13.7333240509033
0.1348	27.2116870880127
