0.2304	31.7663021087646
0.1406	44.6887702941895
0.2398	0.972918689250946
0.0886	0.0
0.0742	42.2600631713867
0.0503	44.0860900878906
0.1756	1.51003205776215
0.0879	29.6761207580566
0.243	0.0
0.1852	4.02497720718384
0.065	78.9522476196289
0.2125	0.0717628821730614
0.1087	51.8689155578613
0.0394	5.96046447753906e-08
0.3125	0.0
0.0334	48.940242767334
0.328	0.0
0.186	25.5196895599365
0.1431	47.5993843078613
0.1266	13.5953998565674
0.2341	21.4630813598633
0.0922	0.0
0.0361	88.1375198364258
0.177	78.1612014770508
0.2117	60.9489898681641
0.1363	33.9072608947754
0.1343	86.3552627563477
0.1149	0.0
0.2374	1.16415321826935e-10
0.0711	0.0
0.1762	11.9307870864868
0.1398	28.138298034668
0.1635	18.6876277923584
0.1646	77.7124404907227
0.1029	0.0
0.0657	96.1001586914063
0.0686	18.3574771881104
0.1579	82.3397064208984
0.1498	0.451319456100464
0.1668	0.112820349633694
0.1976	84.4133529663086
0.0963	3.20508408546448
0.3311	12.1081628799438
0.1357	91.212890625
0.0496	0.730577349662781
0.0907	93.4994430541992
0.2725	0.0
0.0987	74.7248916625977
0.0179	92.4042510986328
0.0071	51.7370796203613
0.0964	27.8835544586182
0.2415	7.7312126159668
0.0816	58.396053314209
0.2661	0.0
0.0982	32.0704307556152
0.1038	0.106593012809753
0.2432	0.0
0.114	6.74862384796143
0.1659	80.011344909668
0.06	74.8853225708008
0.1843	12.4089965820313
0.3011	0.0
0.0942	59.8005905151367
0.0481	0.608814418315887
0.0037	70.8798446655273
0.0822	87.754264831543
0.2615	11.1130971908569
0.1487	0.0
0.183	28.5311069488525
0.1331	0.0
0.1818	87.5532379150391
0.1728	7.75922918319702
0.1192	1.48752403259277
0.1716	76.6962051391602
0.0523	92.7359619140625
0.2046	10.9739713668823
0.1129	26.32981300354
0.0187	92.250862121582
0.2074	69.5479125976563
0.1843	46.0949745178223
0.1051	7.04867362976074
0.0615	0.0
0.1595	0.0
0.0466	84.7346115112305
0.2482	0.0
0.19	2.08870005607605
0.2009	11.5039215087891
0.1377	60.5663223266602
0.19	0.0
0.1908	1.82302761077881
0.0507	90.6412353515625
0.133	39.8024139404297
0.0876	34.711067199707
0.1636	27.7193756103516
0.121	13.7837562561035
0.1464	29.4109706878662
0.0331	24.7313232421875
0.4055	0.0
0.1037	28.852689743042
0.1582	48.121711730957
0.2111	0.0
0.1171	42.3930358886719
0.1499	34.1048049926758
0.1801	48.2287750244141
0.1311	21.668851852417
0.0149	9.33062171936035
0.0606	0.0
0.2592	1.40286314487457
0.1636	55.017017364502
0.3459	0.0
0.1651	23.7993640899658
0.2069	12.9014978408813
0.149	18.5495052337646
0.1135	54.0051307678223
0.1822	11.9357290267944
0.1223	18.611011505127
0.1445	92.1957168579102
0.1757	0.0
0.2067	85.9639053344727
0.1496	47.6025581359863
0.1712	0.2950379550457
0.3127	0.728142082691193
0.1789	0.221763134002686
0.1524	78.981201171875
0.1169	74.7839813232422
0.1148	5.92752981185913
0.0893	23.0935955047607
0.2054	28.3099269866943
0.1505	0.522631824016571
0.1078	15.7932033538818
0.0855	96.0049285888672
0.0	0.0
0.1022	95.0036849975586
0.1687	22.574010848999
0.2203	29.2511539459229
0.0101	0.0
0.048	76.926139831543
0.2335	20.9438438415527
0.1275	71.5903244018555
0.2257	0.0
0.0464	81.7488021850586
0.1958	23.0073719024658
0.249	1.89754593372345
0.1458	30.7271728515625
0.1632	18.8096446990967
0.1215	18.2485961914063
0.1072	29.8761787414551
0.2354	6.4794659614563
0.0822	39.5316734313965
0.2229	1.53726553916931
0.1034	0.0
0.3802	0.0
0.1656	87.7364349365234
0.1949	1.76691007614136
0.1499	0.0
0.1033	56.2934112548828
0.1709	1.74966263771057
0.1176	18.8090858459473
0.1135	9.70046329498291
0.2159	6.98830795288086
0.2618	15.3080883026123
0.2552	1.09159016609192
0.2376	26.5633316040039
0.1914	0.0
0.1731	38.5741119384766
0.2009	26.9370708465576
0.1036	29.656192779541
0.2075	0.0
0.1257	3.88557052612305
0.0971	2.96944808959961
0.0462	0.0
0.1401	38.6409568786621
0.142	3.7252902984619103e-09
0.16	0.0
0.2209	0.221763610839844
0.1543	1.2187203168869
0.1718	32.0837783813477
0.196	14.7571773529053
0.0558	38.9862632751465
0.1659	25.5888614654541
0.0	0.0
0.0635	96.2084884643555
0.2395	0.0
0.1927	0.0
0.3142	7.50449800491333
0.1338	0.0
0.2539	11.8316974639893
0.1582	36.5251388549805
0.2233	21.9047546386719
0.1628	38.3268737792969
0.1838	54.0027923583984
0.0325	22.7521743774414
0.104	6.81777191162109
0.0775	91.4501571655273
0.1261	0.851840853691101
0.0331	92.8670272827148
0.1415	0.0
0.1433	12.8577346801758
0.1846	1.02024042606354
0.0668	75.4942092895508
0.2315	1.23413479328156
0.0217	31.2361526489258
0.164	61.8812294006348
0.0864	94.9418563842773
0.0642	0.0
0.1761	22.0364894866943
0.1924	0.0
0.1755	24.0776500701904
0.1475	0.0
0.2409	0.945754706859589
0.223	4.15220928192139
0.1844	3.7252902984619103e-09
0.0386	93.7580108642578
0.1592	0.0
0.189	12.1018657684326
0.0973	47.4761047363281
0.184	50.3605537414551
0.2196	0.0
0.0212	0.0
0.0021	21.2056179046631
0.0455	0.0
0.1442	43.9729270935059
0.1399	71.2030792236328
0.1701	4.33657932281494
0.1437	1.77778387069702
0.1382	43.4042854309082
0.0	3.26260685920715
0.0279	96.4191513061523
0.1688	96.9353485107422
0.1153	31.7523956298828
0.2404	3.7252902984619103e-09
0.2226	2.4661819934845
0.1898	1.8626451492309603e-09
0.1652	1.9027224779129
0.2592	0.0
0.2701	0.0
0.0156	26.5016040802002
0.1014	5.78464794158936
0.1911	96.3290710449219
0.1556	1.88162553310394
0.2663	5.10282611846924
0.0115	0.0
0.1721	96.6322021484375
0.078	11.7853708267212
0.1235	0.0
0.0981	0.0
0.2708	1.97341632843018
0.2046	28.387716293335
0.1195	33.4961357116699
0.0166	0.0
0.1827	4.37684488296509
0.08	90.8778381347656
0.1462	14.3513517379761
0.2036	16.4717750549316
0.2474	56.1172523498535
0.2431	28.705415725708
0.1232	83.3364944458008
0.1872	66.1669692993164
0.1928	74.013313293457
0.0421	0.0
0.3806	0.0
0.0626	55.1502456665039
0.3067	10.3250646591187
0.0645	21.8211441040039
0.1144	0.0
0.255	2.72345924377441
0.1363	4.65661287307739e-10
0.175	96.9192581176758
0.1588	8.23125743865967
0.0787	0.0
0.1871	2.51979565620422
0.2032	5.08605003356934
0.0951	0.0
0.2675	0.243525788187981
0.1761	14.8224964141846
0.1101	1.17365980148315
0.0918	73.6928176879883
0.1245	84.7685546875
0.0873	0.0
0.1105	10.4712867736816
0.1506	21.5381984710693
0.0067	1.51044654846191
0.2412	33.3715972900391
0.2392	15.4639329910278
0.0893	4.36634063720703
0.1595	1.49011611938477e-08
0.113	68.4396896362305
0.1468	4.86473226547241
0.2516	3.98634028434753
0.2221	69.8368148803711
0.1596	26.9420013427734
0.144	81.3915100097656
0.355	0.0
0.3205	0.0
0.175	0.0
0.1741	2.92230916023254
0.157	23.7697296142578
0.0631	40.7965698242188
0.127	29.5740795135498
0.0866	91.4356155395508
0.0888	2.23903894424438
0.06	0.0
0.1579	75.3249740600586
0.056	89.4110488891602
0.1016	50.5952529907227
0.3029	5.41365003585815
0.099	15.9288835525513
0.2548	62.3094100952148
0.1834	64.2087478637695
0.0529	14.9919967651367
0.2169	13.7219305038452
0.1664	0.0
0.1233	88.6259078979492
0.1836	76.9662475585938
0.2405	34.5179595947266
0.0529	80.2533416748047
0.1906	56.1639022827148
0.0129	10.7861633300781
0.1615	12.0882501602173
0.1215	10.1937685012817
0.1457	83.1986923217773
0.1441	24.3928985595703
0.0991	17.743013381958
0.1327	6.74405717849731
0.0	0.0
0.1702	20.1057834625244
0.1519	0.0
0.1312	55.1717338562012
0.3155	12.3683815002441
0.061	85.9027633666992
0.1405	84.6073379516602
0.3257	0.0
0.1853	0.0
0.064	0.53680431842804
0.2072	0.0
0.1406	9.60507774353027
0.1325	39.6450576782227
0.1783	0.0
0.076	37.2342109680176
0.1899	58.503044128418
0.2027	45.6323699951172
0.1653	0.0
0.2012	0.0
0.1945	0.0
0.1422	96.0490188598633
0.1414	12.7278842926025
0.1757	12.5155029296875
0.1117	44.6756896972656
0.1367	82.7276763916016
0.1699	13.619743347168
0.2647	0.0
0.1051	1.26546323299408
0.1439	37.0454902648926
0.201	0.420302391052246
0.1049	82.1255722045898
0.0074	7.61214017868042
0.1334	15.8421058654785
0.0601	30.3676815032959
0.194	33.1044273376465
0.1385	77.3402481079102
0.2659	0.107594080269337
0.1775	52.5433616638184
0.191	43.3668518066406
0.1758	26.3713607788086
0.1316	5.39539957046509
0.2212	1.26264488697052
0.2331	59.3592872619629
0.146	9.269362449646
0.2552	0.0
0.1828	22.5945377349854
0.0627	1.29657888412476
0.1674	15.7963809967041
0.0933	83.0712814331055
0.1017	85.6551666259766
0.0948	0.0
0.1215	13.1857748031616
0.1588	0.0
0.1626	12.3134498596191
0.1398	52.4841461181641
0.2181	68.354606628418
0.2716	3.21600532531738
0.0576	13.619291305542
0.0929	3.79221725463867
0.1258	50.2790298461914
0.0982	3.16450476646423
0.2322	7.450580596923831e-09
0.1524	50.7234382629395
0.1358	19.556058883667
0.1742	31.427417755127
0.0397	0.0
0.2028	9.31322574615479e-10
0.1434	46.8331527709961
0.173	0.220770820975304
0.1318	10.0087194442749
0.1423	7.06836128234863
0.0	0.0
0.1999	0.0
0.15	0.0
0.0092	12.5690889358521
0.0491	3.19464683532715
0.1827	76.4391174316406
0.1001	60.906120300293
0.0284	94.0914459228516
0.1858	0.0
0.0736	77.7135696411133
0.1024	79.5956344604492
0.0276	59.3175010681152
0.0057	71.6762847900391
0.1308	18.7525081634521
0.0996	0.0
0.1742	9.63874053955078
0.2664	2.9103830456733697e-11
0.2022	0.0
0.0941	0.0
0.1072	9.46988487243652
0.1048	15.0697269439697
0.2053	74.6217269897461
0.1536	0.106316700577736
0.0716	31.5182933807373
0.1461	96.3622512817383
0.2578	1.09573745727539
0.1228	1.21762883663177
0.0825	33.1366806030273
0.0605	10.1512680053711
0.1693	7.450580596923831e-09
0.124	80.7454376220703
0.1706	31.6225166320801
0.1003	32.3678169250488
0.2195	89.3577270507813
0.0913	0.0
0.0244	42.0442352294922
0.2111	12.0286855697632
0.2138	50.1526756286621
0.1373	50.5897941589355
0.0443	16.5870590209961
0.1495	54.7928009033203
0.0494	7.89308929443359
0.135	47.4772720336914
0.0409	0.0
0.1729	80.491081237793
0.1761	19.5015888214111
0.0	0.0
0.1275	26.8843593597412
0.0752	4.00350713729858
0.2594	0.0
0.1378	60.0962982177734
0.0578	38.4793395996094
0.0557	34.8317756652832
0.1031	0.0
0.1963	4.71131038665771
0.0358	81.4313888549805
0.1394	90.9320449829102
0.2376	17.7642040252686
0.1747	9.73686790466309
0.1055	0.362351626157761
0.0639	89.6445693969727
0.1045	0.0
0.0448	25.3051128387451
0.0407	0.0
0.0975	87.4128723144531
0.1551	30.366870880127
0.0864	47.316291809082
0.2303	0.76885050535202
0.0338	0.12176288664341
0.1232	67.6753845214844
0.2011	75.5681228637695
0.0896	18.4028434753418
0.0874	44.7497406005859
0.1178	92.1217575073242
0.1162	34.0495376586914
0.1736	43.0228881835938
0.0588	81.378547668457
0.1295	14.9590606689453
0.133	90.5904541015625
0.1566	0.961432993412018
0.1612	14.4788637161255
0.1961	5.57365036010742
0.2002	12.0185947418213
0.2079	91.5381088256836
0.0649	71.3257598876953
0.1471	0.0
0.1429	0.0
0.1835	18.7059440612793
0.0683	84.7926025390625
0.158	7.79019451141357
0.24	12.4314680099487
0.1085	63.1680793762207
0.1576	49.4609603881836
0.1516	71.4215316772461
0.0858	0.0
0.1212	68.0292892456055
0.0801	82.1412353515625
0.175	51.654369354248
0.2715	12.0229082107544
0.1532	0.0
0.0294	55.5719375610352
0.1924	4.41583633422852
0.0873	68.8051986694336
0.1798	92.8647308349609
0.1312	27.0956764221191
0.1244	11.2350606918335
0.0817	1.78494000434875
0.144	83.1672515869141
0.2265	20.6570816040039
0.1364	96.5370025634766
0.1213	83.407112121582
0.1614	15.1132221221924
0.2602	1.56484735012054
0.0782	96.1824951171875
0.2233	19.6856727600098
0.1692	1.21762883663177
0.0268	0.0
0.1515	81.3142929077148
0.1448	5.16062021255493
0.1418	28.1865272521973
0.1981	13.9291009902954
0.1618	75.2805404663086
0.0583	32.1030044555664
0.0528	29.1979293823242
0.1673	2.98023223876953e-08
0.1537	0.108386516571045
0.0675	88.8015365600586
0.1689	0.0
0.1204	49.6116333007813
0.3864	0.0
0.2114	0.0
0.1352	35.429630279541
0.0769	90.0697174072266
0.226	12.0831174850464
0.0149	20.9522285461426
0.221	1.19209289550781e-07
0.2232	1.86589133739471
0.1789	0.0
0.0928	95.3941955566406
0.1524	51.4710388183594
0.0824	69.4811630249023
0.0	0.259765863418579
0.2413	5.30290079116821
0.2433	1.3870347738266
0.1075	59.8535385131836
0.2981	0.0
0.1627	0.0
0.1716	5.23066902160645
0.1404	95.1088104248047
0.3032	0.0
0.0746	39.4343948364258
0.1596	4.51683712005615
0.2672	5.1165943145752
0.1392	66.4547119140625
0.2023	3.98525738716125
0.0477	66.1174392700195
0.0869	66.8122863769531
0.1112	89.5143203735352
0.0859	25.2685585021973
0.1453	0.953317880630493
0.2394	86.6589202880859
0.2356	7.56737089157104
0.1401	49.9029312133789
0.0562	23.30690574646
0.0509	95.8871612548828
0.1805	2.58419275283813
0.2031	13.7664594650269
0.0855	49.5501747131348
0.1967	71.015625
0.1525	0.0
0.1581	37.2672233581543
0.1514	30.9716529846191
0.1646	56.2482872009277
0.1595	41.3054351806641
0.019	37.1618270874023
0.2326	0.0
0.0747	0.0
0.0473	55.0995674133301
0.1423	52.4225234985352
0.1541	1.09038925170898
0.1347	0.0
0.129	43.2690544128418
0.0038	96.746223449707
0.2109	72.1090698242188
0.1868	0.0
0.1625	0.0
0.1571	7.38747119903564
0.1504	0.0
0.0821	0.0
0.1828	59.2996635437012
0.165	1.21762883663177
0.145	18.7303409576416
0.2169	0.0
0.0298	0.0
0.1132	44.8337898254395
0.2475	0.0
0.0518	28.1923923492432
0.1984	6.9683632850647
0.1559	0.0
0.0552	68.3878479003906
0.3291	2.55253982543945
0.1009	2.83969712257385
0.2192	0.733472168445587
0.1267	2.26370239257813
0.1303	87.6005783081055
0.2279	5.09125518798828
0.1588	11.2951431274414
0.2026	47.3512535095215
0.3227	30.6364116668701
0.2931	0.0
0.2592	1.54961514472961
0.2286	64.2293167114258
0.1224	67.1216430664063
0.0406	0.0
0.072	68.8635787963867
0.2461	19.9170970916748
0.0265	0.0
0.2824	4.51891231536865
0.2011	3.64779686927795
0.0175	7.47193908691406
0.011	26.2314014434814
0.0531	5.51225280761719
0.024	0.0
0.1726	59.6463432312012
0.0	0.0
0.2349	25.1898860931396
0.2864	10.8708038330078
0.0913	74.6087036132813
0.2304	9.5367431640625e-07
0.2441	0.477960348129272
0.2585	1.33136761188507
0.2474	0.0
0.1406	1.32410335540771
0.2474	0.0
0.1988	62.5601272583008
0.0059	0.0
0.1317	2.16523551940918
0.1588	41.6400871276855
0.0815	1.04571223258972
0.088	37.3263206481934
0.1104	15.3818511962891
0.2322	2.50095629692078
0.0008	0.0
0.0669	0.0
0.1107	24.2403888702393
0.1622	18.116060256958
0.0554	62.3564529418945
0.0995	64.984130859375
0.212	0.0
0.2205	0.639313161373138
0.0	71.7496948242188
0.1828	79.6906356811523
0.0	0.0
0.2041	22.8194427490234
0.0467	66.2582092285156
0.2902	14.0856847763062
0.2557	42.6224021911621
0.2099	27.3131008148193
0.1392	28.5594520568848
0.1281	2.06565427780151
0.0835	0.0
0.1301	82.4790496826172
0.1092	84.4348449707031
0.1144	1.0460262298584
0.1499	29.7334041595459
0.2333	0.0
0.092	0.0
0.1687	3.7252902984619103e-09
0.1166	74.8735961914063
0.11	21.5064582824707
0.475	1.03924453258514
0.0995	28.8843765258789
0.0205	0.0
0.0631	54.8824005126953
0.1355	53.6021537780762
0.1634	30.997350692749
0.1728	83.9652404785156
0.1709	46.5835113525391
0.1536	0.0
0.0865	0.0
0.2787	40.9145393371582
0.1481	64.8383102416992
0.1598	71.9078521728516
0.0694	0.0
0.1976	3.57375192642212
0.1188	18.2713813781738
0.1737	0.0
0.2643	0.0
0.122	82.7734680175781
0.1636	3.19025421142578
0.0982	0.0
0.1661	0.0
0.0933	83.0544967651367
0.122	3.30671858787537
0.224	45.5304794311523
0.227	0.0
0.1047	0.0
0.1735	1.76115453243256
0.22	95.4314193725586
0.1967	11.3686656951904
0.1841	4.10040140151978
0.3085	0.0
0.225	0.0
0.1804	1.26860105991364
0.1488	65.5611419677734
0.2658	48.4277648925781
0.2441	48.7450714111328
0.2832	1.94820606708527
0.1162	84.2344741821289
0.1223	0.0
0.2219	0.0
0.1893	0.0
0.0576	0.0
0.2251	0.364643335342407
0.2721	0.0
0.0369	94.1088943481445
0.0591	67.4380340576172
0.2173	16.6885833740234
0.2219	0.0
0.0773	4.76837158203125e-07
0.0833	71.6407623291016
0.0516	68.5923919677734
0.1047	7.51919078826904
0.2022	96.7627105712891
0.092	3.814697265625e-06
0.0826	80.0121612548828
0.1395	2.42310523986816
0.1389	0.0
0.1879	12.0431814193726
0.147	5.09999752044678
0.2807	1.19209289550781e-07
0.2046	0.0
0.1832	0.0
0.0309	11.2046194076538
0.0917	0.0
0.119	0.0
0.0524	0.436431884765625
0.1731	0.0
0.2583	0.0
0.1463	0.817054510116577
0.1275	0.0
0.2498	11.7751331329346
0.1067	84.0122528076172
0.0	0.0
0.134	12.7232799530029
0.0331	35.1831932067871
0.1226	88.336181640625
0.1738	93.9819488525391
0.1211	38.1328201293945
0.021	0.0
0.1978	57.6572418212891
0.0922	80.6592636108398
0.155	89.6232147216797
0.1535	95.8091735839844
0.0159	33.6575660705566
0.2161	4.60711717605591
0.2976	8.47320175170898
0.0753	0.0
0.0923	2.15176963806152
0.1572	68.0516357421875
0.0715	81.6314086914063
0.1589	75.4376220703125
0.184	14.8614025115967
0.1588	0.835404217243195
0.1561	32.0885162353516
0.1454	95.7214508056641
0.1255	16.2015132904053
0.2405	1.49011611938477e-08
0.32	0.0
0.0737	72.1794891357422
0.1944	2.98023223876953e-08
0.1259	13.4553089141846
0.0857	37.0786399841309
0.1022	3.14752674102783
0.0903	0.0
0.0837	1.02961480617523
0.1508	23.4978065490723
0.043	0.0
0.1275	21.7153873443604
0.0468	1.59462523460388
0.097	44.247730255127
0.1804	28.2366218566895
0.216	3.7252902984619103e-09
0.1073	25.4032707214355
0.0733	17.2339019775391
0.1289	25.650785446167
0.2792	1.18291759490967
0.086	27.3017501831055
0.1522	39.1273536682129
0.2317	20.7104053497314
0.2132	3.47626209259033
0.2591	14.1765727996826
0.1079	0.0
0.1024	96.0934982299805
0.2257	18.3021945953369
0.0832	42.8191757202148
0.0831	0.0
0.1988	0.0
0.1782	7.450580596923831e-09
0.0889	67.1977462768555
0.1547	90.4445114135742
0.2446	4.65661287307739e-10
0.1474	25.1085681915283
0.1673	76.9561157226563
0.0293	0.0
0.104	0.0
0.2833	0.391271412372589
0.2088	5.43787288665771
0.02	51.0624389648438
0.2188	0.0
0.1756	6.21676731109619
0.2214	17.0486850738525
0.2286	1.92328286170959
0.0891	9.51619625091553
0.0744	0.587051391601563
0.0331	0.0
0.0551	1.9588143825531
0.04	0.0
0.0862	11.6547317504883
0.178	42.1310920715332
0.1558	2.03613901138306
0.1292	0.0
0.2234	0.0
0.1466	8.31387233734131
0.1523	88.6728668212891
0.2119	0.0
0.1795	25.3733787536621
0.1701	8.61197185516357
0.0203	51.8185539245605
0.2181	25.5692749023438
0.161	28.2025318145752
0.2039	0.0
0.0147	96.5951538085938
0.2669	1.03939175605774
0.2056	7.450580596923831e-09
0.0355	42.8432960510254
0.1669	41.8620071411133
0.2249	0.556227266788483
0.1526	95.3706970214844
0.0438	39.057056427002
0.2601	6.55360460281372
0.1034	34.4559211730957
0.1434	4.13756465911865
0.0489	0.0
0.0672	59.2957229614258
0.1051	16.5624217987061
0.0472	48.8042449951172
0.0587	92.6829833984375
0.1864	96.7353210449219
0.0815	41.3874397277832
0.0281	37.562572479248
0.1756	0.0
0.2325	1.70468044281006
0.1491	64.9472427368164
0.1331	80.1571578979492
0.1506	11.1842336654663
0.1048	12.938796043396
0.1997	0.0
0.317	3.92340111732483
0.0585	96.0031356811523
0.1551	54.9896621704102
0.2095	67.2631454467773
0.1393	2.98023223876953e-08
0.2272	21.5055408477783
0.1719	66.2288513183594
0.2055	4.51037216186523
0.1974	5.84053230285645
0.1388	14.9413270950317
0.2255	0.0
0.1919	21.1902618408203
0.1775	6.51570844650269
0.1082	85.8407592773438
0.1166	0.185218811035156
0.1069	53.7802505493164
0.1159	58.7356491088867
0.3422	12.397931098938
0.1385	38.8464813232422
0.0621	27.282205581665
0.1034	0.0
0.1382	3.12702441215515
0.1987	80.6800079345703
0.1021	62.4407615661621
0.3501	0.0
0.1689	0.0
0.0426	0.0
0.0511	0.269569396972656
0.0903	45.3935127258301
0.0201	74.8500137329102
0.1638	11.6204843521118
0.2499	0.0
0.2267	48.9259262084961
0.1706	96.8117904663086
0.2546	7.87650442123413
0.1459	5.33254289627075
0.2261	9.88804912567139
0.0164	63.385684967041
0.1457	21.936580657959
0.0242	88.395133972168
0.0917	67.9908065795898
0.1947	0.0
0.0578	57.6429061889648
0.1585	26.8446655273438
0.201	89.8846893310547
0.2022	10.6217527389526
0.2812	6.90212535858154
0.1443	87.7193450927734
0.2671	0.172992825508118
0.3537	2.1950740814209
0.1073	0.0
0.1004	37.10888671875
0.4096	11.8807029724121
0.1223	0.0
0.0226	85.9926300048828
0.0615	26.0465717315674
0.1418	9.34537696838379
0.1367	0.0
0.1859	0.143525764346123
0.141	64.4562454223633
0.0882	81.8684692382813
0.2305	0.0
0.1841	4.81631469726563
0.0382	0.0
0.0968	20.8156394958496
0.0507	50.6724052429199
0.0213	93.6564025878906
0.2985	18.9473133087158
0.0873	94.3463439941406
0.1012	3.52688789367676
0.0628	7.5010929107666
0.0607	6.27739667892456
0.1008	73.0163726806641
0.0777	81.9175720214844
0.1336	33.3064117431641
0.2133	7.60997438430786
0.1675	84.243782043457
0.158	65.1688919067383
0.0505	43.1882400512695
0.2231	41.7039756774902
0.1009	18.8586082458496
0.1654	0.0
0.1638	48.151741027832
0.1444	21.5188255310059
0.1351	61.7536697387695
0.0633	86.2008361816406
0.1698	0.90211808681488
0.186	0.0
0.127	21.6907215118408
0.1505	4.79078340530396
0.1059	0.0
0.2193	96.5635528564453
0.2367	12.9184913635254
0.0372	0.0
0.196	12.0195293426514
0.3909	3.22507786750793
0.2269	13.8902187347412
0.0786	0.0
0.1716	0.0
0.2736	11.9494113922119
0.0205	71.1795272827148
0.0	0.0
0.2158	42.017822265625
0.0523	1.37253189086914
0.0138	93.5788879394531
0.1351	0.0
0.0462	0.809390246868134
0.0756	81.0843048095703
0.0801	42.4592933654785
0.1733	29.5862560272217
0.0868	0.0
0.1069	0.0
0.1963	12.203218460083
0.1415	4.68015146255493
0.0823	95.1432342529297
0.2477	0.701171278953552
0.1257	81.9127655029297
0.1388	0.0
0.2181	0.107644326984882
0.1403	87.3001251220703
0.1782	22.9034519195557
0.3113	10.6396560668945
0.1709	9.78698921203613
0.0978	0.0
0.2093	0.821585178375244
0.2085	12.5570192337036
0.2525	11.6704292297363
0.0385	0.0
0.1983	9.3750114440918
0.1945	5.39079666137695
0.1003	80.6645660400391
0.1903	38.5745964050293
0.1128	0.0
0.1808	0.0
0.2941	7.03831720352173
0.1049	85.7256317138672
0.0	0.0
0.1744	8.80679321289063
0.1115	37.5986137390137
0.235	2.90747404098511
0.2107	1.8626451492309603e-09
0.2429	0.0
0.0304	8.49838638305664
0.0487	81.7179946899414
0.1525	77.8009643554688
0.0977	44.6434516906738
0.1901	0.0
0.0425	7.95102977752686
0.2046	10.8997116088867
0.1742	6.00873517990112
0.2041	70.636116027832
0.1699	1.33216238021851
0.1752	5.10478782653809
0.0872	0.121661894023418
0.2073	73.2238082885742
0.1052	47.6109848022461
0.2274	0.0
0.0567	84.4186248779297
0.0122	0.0670166015625
0.1161	18.1122055053711
0.0053	4.06286430358887
0.0799	19.1116180419922
0.1629	91.6347198486328
0.045	79.8637237548828
0.0929	90.638786315918
0.3347	12.1805629730225
0.2089	96.5406494140625
0.1745	30.2670421600342
0.22	0.0
0.0702	45.8361701965332
0.1206	52.1896438598633
0.1525	12.1694221496582
0.1	0.0
0.1062	86.8402709960938
0.2036	3.77271914482117
0.1754	93.6181640625
0.0094	0.0
0.2429	1.95276808738708
0.0821	28.8702526092529
0.1701	67.2532730102539
0.0736	0.0
0.0064	53.8361473083496
0.0581	96.0284957885742
0.1137	2.23519659042358
0.0657	0.0
0.0757	0.791297256946564
0.2482	20.7483081817627
0.185	61.9638404846191
0.2756	0.0
0.1868	0.780577659606934
0.2029	92.9160690307617
0.2396	12.2174644470215
0.1295	0.0
0.2174	59.4056549072266
0.0463	54.4001235961914
0.1401	76.8932037353516
0.2341	78.2340316772461
0.0839	37.6423835754395
0.0194	64.1562423706055
0.1236	59.1435508728027
0.083	0.0
0.3384	2.31108379364014
0.1504	0.0
0.1065	0.0
0.1096	25.4346942901611
0.0605	7.73456954956055
0.1625	0.0
0.1521	0.0
0.1793	0.0
0.1555	49.7849159240723
0.4527	6.4534330368042
0.1063	0.0
0.3034	41.9892921447754
0.1736	8.96513080596924
0.1865	61.7832260131836
0.2131	5.35718965530396
0.1206	60.4756660461426
0.1344	6.9472508430481
0.1278	41.8590660095215
0.1834	9.76698112487793
0.1142	40.2041854858398
0.2747	2.53203368186951
0.2132	6.24188947677612
0.0311	82.7360153198242
0.0228	96.6974029541016
0.1307	0.0
0.1288	12.603720664978
0.0629	31.578010559082
0.2182	10.8467292785645
0.1678	0.0
0.1715	12.9274921417236
0.0372	95.851432800293
0.2597	61.1787338256836
0.0658	39.1629867553711
0.1012	96.4083557128906
0.1139	7.10111379623413
0.105	7.450580596923831e-09
0.1138	95.0974273681641
0.1522	47.4757118225098
0.1607	51.3439178466797
0.2198	0.0
0.0743	0.0
0.1079	94.9182662963867
0.1209	30.0185546875
0.0122	0.0
0.2402	10.8962755203247
0.1777	32.8641204833984
0.0822	48.3646278381348
0.0574	0.0
0.148	14.0274152755737
0.0614	0.0619909763336182
0.2376	29.4564895629883
0.092	80.6020660400391
0.1602	88.1873626708984
0.1599	15.0686264038086
0.0128	47.4689712524414
0.1589	0.0
0.096	95.1730651855469
0.3235	5.08759784698486
0.144	5.10642147064209
0.1954	3.7252902984619103e-09
0.2159	2.06762862205505
0.1845	0.0
0.1118	88.4339218139648
0.006	19.6034202575684
0.2285	40.0176544189453
0.189	87.3910903930664
0.0221	54.3523750305176
0.1646	4.93144702911377
0.2306	0.0
0.2093	17.6671714782715
0.2374	23.9279441833496
0.0732	84.0186233520508
0.1042	69.1240463256836
0.0733	45.9810447692871
0.2116	34.8332633972168
0.121	69.9227828979492
0.2462	0.0
0.1283	0.0
0.0395	73.9255065917969
0.1194	47.8965873718262
0.2558	0.0
0.3073	0.947071552276611
0.1686	75.6455001831055
0.2082	9.31322574615479e-10
0.1439	81.3016510009766
0.2036	76.5639419555664
0.1631	0.0
0.1542	13.0333213806152
0.05	16.1391849517822
0.0947	6.77506637573242
0.0	0.0
0.1566	72.6203079223633
0.1576	20.3277797698975
0.1533	27.8087940216064
0.2041	63.0187835693359
0.0403	26.4047012329102
0.0297	94.3970642089844
0.2217	22.9249324798584
0.1041	80.7164459228516
0.0644	51.3247261047363
0.2165	9.31322574615479e-10
0.0261	43.7315673828125
0.1051	0.0
0.0999	71.344970703125
0.111	0.0
0.1203	0.573497295379639
0.247	69.5918655395508
0.1002	0.0
0.1552	4.69524383544922
0.2233	7.77385187149048
0.1695	22.9423561096191
0.01	81.6268081665039
0.2081	12.0591449737549
0.1858	46.5041465759277
0.1233	71.2684326171875
0.0395	73.5671768188477
0.0361	94.7162628173828
0.1886	33.6965179443359
0.0015	47.7649955749512
0.0972	92.8248901367188
0.234	75.5608825683594
0.0677	41.1243858337402
0.0041	67.5186920166016
0.0658	4.21667194366455
0.2329	7.450580596923831e-09
0.0782	83.5571975708008
0.0238	70.7834548950195
0.179	12.9319887161255
0.1335	77.8686065673828
0.1009	75.6980743408203
0.0437	0.880577266216278
0.1222	0.237888962030411
0.087	43.8299026489258
0.1541	0.0
0.1938	2.98023223876953e-08
0.0972	53.917106628418
0.171	0.0
0.1273	52.1540718078613
0.1041	39.8262825012207
0.1635	0.0
0.1277	68.4229278564453
0.1847	0.0
0.0411	0.0
0.167	20.0242881774902
0.2217	4.65661287307739e-10
0.1173	0.0
0.2457	0.0
0.1337	3.16243958473206
0.1279	2.98023223876953e-08
0.1084	48.4019012451172
0.194	58.8282279968262
0.1783	66.551025390625
0.0988	9.31322574615479e-10
0.164	2.55664873123169
0.1611	1.65931677818298
0.0366	31.8245811462402
0.1229	0.0
0.0289	91.6565704345703
0.2108	85.7481155395508
0.1479	22.0063819885254
0.2088	25.3109321594238
0.0784	0.717470169067383
0.116	71.3049850463867
0.1296	74.8069458007813
0.1493	0.0
0.2433	0.0
0.1916	0.0
0.0712	71.2436218261719
0.1839	50.3039703369141
0.034	89.9820709228516
0.2685	1.19209289550781e-07
0.0619	91.4831466674805
0.1883	26.0947303771973
0.1379	2.98023223876953e-08
0.0885	41.353343963623
0.1236	5.63885021209717
0.1133	2.27767491340637
0.1413	10.6766176223755
0.1572	7.450580596923831e-09
0.1674	0.0
0.2159	40.9137306213379
0.093	19.7078704833984
0.0583	18.9739475250244
0.1348	26.2582168579102
0.221	5.7052640914917
0.11	57.2677536010742
0.2001	0.726778268814087
0.1158	6.58623266220093
0.0527	69.6274948120117
0.0873	85.1205520629883
0.3834	22.9268341064453
0.1922	76.7315368652344
0.2044	15.8618631362915
0.0668	83.1597366333008
0.1813	30.2886867523193
0.1412	16.6880130767822
0.1091	76.6469192504883
0.1787	15.0727109909058
0.0837	11.3637828826904
0.1733	11.4547863006592
0.2592	0.0
0.1146	81.2263336181641
0.0176	45.5072822570801
0.0553	0.0
0.0667	17.3309688568115
0.0496	45.5041770935059
0.1953	2.3283064365387004e-10
0.1018	0.300388336181641
0.0	0.0
0.2603	35.1271018981934
0.2226	1.46115469932556
0.1164	16.6488056182861
0.2257	35.9025726318359
0.0829	16.7866477966309
0.1917	21.1291542053223
0.0809	86.0570068359375
0.1474	4.20945930480957
0.1768	50.2543106079102
0.171	9.02088832855225
0.0044	90.3218154907227
0.1796	91.0025253295898
0.1471	0.0
0.1664	4.65661287307739e-10
0.261	59.6885261535645
0.1336	22.3982791900635
0.2318	0.0
0.1213	0.0
0.208	17.9492416381836
0.1319	0.0
0.1931	12.1186389923096
0.2477	0.0
0.1624	96.0750045776367
0.0651	29.4303512573242
0.2137	0.0
0.124	74.0032196044922
0.1204	19.3297290802002
0.196	10.9595756530762
0.08	48.390251159668
0.114	95.8824615478516
0.1171	11.1735010147095
0.1668	0.0
0.3042	0.0
0.0142	26.1184844970703
0.2325	8.78797340393066
0.1541	25.9639930725098
0.2759	11.5308504104614
0.1368	9.31725597381592
0.0674	25.4019432067871
0.0769	63.7512397766113
0.0344	0.0
0.3087	12.1125812530518
0.1264	81.7294540405273
0.1281	81.262580871582
0.1707	39.1086158752441
0.1835	29.7282867431641
0.1733	25.2969284057617
0.0	0.0
0.2328	20.9134712219238
0.0586	67.7612457275391
0.1237	20.0736865997314
0.1796	0.0
0.1783	0.0
0.0731	32.0403442382813
0.1379	50.9516792297363
0.0861	0.0
0.1746	0.0
0.0396	29.0963859558105
0.1239	0.0
0.1962	89.7607650756836
0.0615	52.4125480651855
0.0418	0.0
0.0591	0.0
0.083	4.4781608581543
0.3873	0.0
0.1096	0.0
0.226	84.3633041381836
0.2047	1.91375863552094
0.0219	71.8148345947266
0.0137	80.2052536010742
0.1662	36.8895149230957
0.1576	0.0
0.2499	0.0
0.0257	54.1197814941406
0.077	1.22278022766113
0.1789	0.619837284088135
0.3415	24.6626663208008
0.1313	48.5222778320313
0.0534	73.7068481445313
0.1597	1.49011611938477e-08
0.1138	64.290657043457
0.2051	60.4406318664551
0.1922	2.98023223876953e-08
0.1527	43.3544807434082
0.1105	2.05473041534424
0.2156	5.77395439147949
0.2507	0.0
0.1206	11.3684282302856
0.0	0.0
0.2539	19.0786781311035
0.1921	54.0947761535645
0.0267	27.1346168518066
0.229	0.0
0.0771	50.8190307617188
0.2161	67.7252349853516
0.166	10.4586753845215
0.1608	0.0
0.1583	0.241334050893784
0.2602	52.0460433959961
0.1343	78.7749862670898
0.0079	3.07676696777344
0.2446	0.0
0.1582	86.0099792480469
0.0542	89.0800628662109
0.0623	0.0
0.0843	19.596622467041
0.0193	0.0
0.0102	43.6574401855469
0.1117	26.1042003631592
0.0202	0.302642822265625
0.1599	96.746955871582
0.1937	17.8365516662598
0.037	90.5793762207031
0.0521	0.0
0.1394	9.40200710296631
0.1888	24.603084564209
0.154	81.3326721191406
0.1087	0.0
0.1985	16.5729904174805
0.0461	96.6968231201172
0.23	0.0
0.2522	7.450580596923831e-09
0.014	87.9258728027344
0.1291	24.0048236846924
0.122	59.7434921264648
0.1076	73.3190460205078
0.2607	36.6721878051758
0.1473	78.8643188476563
0.1979	34.1398696899414
0.1747	54.3549156188965
0.1359	77.6384582519531
0.0	9.17871475219727
0.2883	0.0
0.127	39.5165176391602
0.1107	0.0
0.1352	3.00676798820496
0.0663	8.97301864624023
0.1246	26.7732028961182
0.1807	1.14289474487305
0.0694	83.4447174072266
0.159	12.6837511062622
0.224	1.82584667205811
0.1614	12.0558214187622
0.1008	28.7556953430176
0.1037	4.22416353225708
0.0615	0.0
0.1899	7.450580596923831e-09
0.2126	0.0
0.1528	0.0
0.0257	0.0
0.1674	27.4283466339111
0.1203	40.3422050476074
0.1387	0.742867946624756
0.1252	10.2367877960205
0.1887	32.341739654541
0.1926	1.65539491176605
0.0505	73.4587478637695
0.0286	0.0
0.1277	0.0
0.0321	0.0
0.1449	60.1140899658203
0.2229	96.6232070922852
0.1393	0.0
0.0426	0.0
0.0	2.49045896530151
0.089	82.8142471313477
0.1898	38.054874420166
0.0887	47.1348152160645
0.1009	0.220764607191086
0.0935	20.5139579772949
0.1624	8.63942050933838
0.0425	91.8542404174805
0.1411	3.36182355880737
0.0952	50.7076797485352
0.0953	55.2153472900391
0.1279	12.8255481719971
0.021	31.7585391998291
0.1371	10.5405464172363
0.0181	8.06047439575195
0.2117	2.44072031974792
0.1564	21.4783611297607
0.2069	2.64173173904419
0.0207	59.0378112792969
0.1838	0.0
0.2049	16.7558670043945
0.0889	29.6451759338379
0.2519	1.01370239257813
0.1584	0.0
0.1273	23.1738758087158
0.0904	96.6652679443359
0.0553	64.10205078125
0.0206	84.2614059448242
0.0664	0.0
0.191	0.0
0.2371	22.4930229187012
0.1636	66.7233123779297
0.2309	20.0248241424561
0.0363	0.485882639884949
0.13	80.2615127563477
0.182	0.0
0.1699	84.9264068603516
0.1756	12.1247291564941
0.0928	94.5790100097656
0.2277	19.4235210418701
0.1359	3.33314609527588
0.0759	30.9843273162842
0.1471	1.24501347541809
0.1027	11.0919628143311
0.1808	0.0
0.0696	31.849781036377
0.2092	68.4875717163086
0.1269	30.1632843017578
0.0343	81.3714294433594
0.1197	9.85826587677002
0.2454	4.25832843780518
0.1326	31.1444282531738
0.1051	0.0
0.1166	30.7515659332275
0.188	28.9649085998535
0.2136	33.3244667053223
0.1116	0.0
0.1051	20.6249256134033
0.2092	0.527586340904236
0.1282	0.0
0.188	9.18790817260742
0.1154	0.857430338859558
0.131	66.5374298095703
0.0869	8.83369445800781
0.1576	1.77005887031555
0.0862	30.7894878387451
0.1474	0.0
0.1363	0.0
0.1422	70.903076171875
0.25	0.121762931346893
0.0	0.0
0.0197	0.0
0.0629	78.3050155639648
0.1393	71.9298553466797
0.1974	2.58279657363892
0.1934	9.67465972900391
0.0518	9.5367431640625e-07
0.0707	76.0300064086914
0.2159	81.9862518310547
0.1092	14.2539834976196
0.1667	0.0
0.1985	26.5707569122314
0.1937	80.6527252197266
0.037	81.8345260620117
0.17	3.7252902984619103e-09
0.1445	74.5320205688477
0.2078	15.8934307098389
0.0386	16.3514671325684
0.1819	6.98856163024902
0.1005	6.72741985321045
0.1098	61.9827499389648
0.1422	4.47392845153809
0.1304	12.7877130508423
0.2546	0.0
0.3044	0.0
0.0	0.0
0.0	0.0
0.0989	79.603759765625
0.0899	19.3652629852295
0.1889	0.697367668151855
0.0963	82.7750091552734
0.2792	13.3098669052124
0.0292	41.8603630065918
0.1611	15.5196952819824
0.1518	7.87656259536743
0.208	2.98023223876953e-08
0.2651	1.21762883663177
0.2264	14.8485107421875
0.2642	17.0527801513672
0.0774	10.3915643692017
0.0084	94.8779525756836
0.2486	0.0
0.1121	56.2125282287598
0.2298	0.0
0.1835	0.0
0.185	1.42972707748413
0.0718	60.6154594421387
0.221	88.9523010253906
0.1132	46.6663970947266
0.1722	3.04336595535278
0.0541	33.8931007385254
0.2736	4.20405673980713
0.0729	18.2497005462646
0.0153	95.0151062011719
0.0998	6.33332920074463
0.1052	5.72978830337524
0.0101	1.10160970687866
0.0871	3.814697265625e-06
0.1339	11.4946355819702
0.2489	6.00936079025269
0.0505	55.0412254333496
0.1402	8.92779350280762
0.0293	0.0
0.1022	0.0
0.1406	0.744695782661438
0.0448	95.7663879394531
0.0191	0.0
0.049	14.5178985595703
0.1151	45.8435707092285
0.2624	3.02961730957031
0.1473	26.9984035491943
0.2157	0.0
0.1148	0.602355122566223
0.1847	74.9957504272461
0.1732	19.7180767059326
0.0839	0.443525314331055
0.3134	2.06115341186523
0.0037	81.1451873779297
0.0456	3.814697265625e-06
0.1136	16.0057697296143
0.0797	0.0
0.0	0.0
0.0922	81.263313293457
0.0828	95.8249816894531
0.1992	4.39186143875122
0.2299	11.2775478363037
0.1829	40.363151550293
0.1569	34.2730827331543
0.2476	12.033634185791
0.2522	4.60725355148315
0.1237	10.0059080123901
0.0504	56.0356674194336
0.1397	0.0
0.1465	13.1166286468506
0.1391	79.76416015625
0.1119	27.5495567321777
0.0239	0.0
0.0307	93.2990646362305
0.0795	7.76156520843506
0.1522	43.581844329834
0.2822	13.2046804428101
0.3299	16.6571063995361
0.2119	68.4152984619141
0.0061	96.7876358032227
0.2631	0.358814418315887
0.0486	93.5436172485352
0.1341	0.0
0.0274	31.1979789733887
0.0343	92.629264831543
0.0472	0.0
0.2692	0.0
0.1267	0.0
0.1658	74.1419830322266
0.1447	89.1897811889648
0.1887	3.64150166511536
0.1936	25.8715667724609
0.1357	0.0
0.2301	24.8837089538574
0.1768	3.7252902984619103e-09
0.1655	96.328727722168
0.1181	61.3580131530762
0.1858	1.27002060413361
0.0687	2.63035821914673
0.2494	9.30163860321045
0.1888	16.3508930206299
0.1649	7.450580596923831e-09
0.1922	25.2507171630859
0.0581	59.5111618041992
0.0806	0.473830014467239
0.211	68.1995315551758
0.1702	3.7252902984619103e-09
0.2257	23.5197887420654
0.4112	8.57214546203613
0.078	0.0
0.0276	96.5368041992188
0.0643	91.8974990844727
0.1244	0.0
0.1181	57.0932464599609
0.0094	3.814697265625e-06
0.2552	0.0
0.1767	33.6677627563477
0.0987	16.6514930725098
0.1293	68.9494323730469
0.0	0.0
0.0	0.0
0.1515	52.7016983032227
0.0888	21.9286556243896
0.1108	26.3672389984131
0.0142	4.98115062713623
0.0345	96.0912857055664
0.1421	55.5305366516113
0.1148	53.6245574951172
0.2302	0.0
0.2038	0.0
0.1217	0.0
0.1086	27.5363883972168
0.0876	82.6507568359375
0.2587	12.292010307312
0.1663	0.0
0.2816	0.0
0.0903	0.0
0.0208	95.5692138671875
0.2397	6.08776044845581
0.3413	0.0
0.188	12.3191890716553
0.0818	26.34228515625
0.1836	81.2864608764648
0.2433	0.0
0.2241	0.0
0.2036	16.5430908203125
0.0454	67.0435485839844
0.0277	30.6606750488281
0.127	53.8650665283203
0.1893	4.38565969467163
0.0	7.39473533630371
0.2177	0.0
0.0	0.0
0.3519	4.62698984146118
0.1839	41.6890029907227
0.0564	78.3820114135742
0.1168	59.8436393737793
0.083	0.0
0.1315	51.1235046386719
0.0328	10.865213394165
0.0976	0.0
0.3069	0.12176288664341
0.0683	22.7501239776611
0.2308	0.0
0.0942	68.5791931152344
0.218	67.4031448364258
0.2469	0.0
0.2872	0.0
0.0509	94.3687057495117
0.1436	80.3569030761719
0.1888	1.42644309997559
0.0393	0.0
0.2015	1.14036512374878
0.0	14.8282146453857
0.236	12.0303516387939
0.0352	0.0
0.1897	1.27557837963104
0.0614	29.3348236083984
0.1144	28.25901222229
0.0	0.0
0.2034	28.1913909912109
0.1306	42.130485534668
0.3422	4.37798452377319
0.1557	12.3093719482422
0.1658	27.6876068115234
0.1657	2.40462064743042
0.12	77.336296081543
0.0	26.3822250366211
0.2499	3.06347322463989
0.0102	18.351203918457
0.1044	0.0
0.1202	87.3612823486328
0.2633	0.0
0.1916	57.320198059082
0.0208	96.021484375
0.2239	0.0
0.1613	66.8553085327148
0.2245	0.0
0.1225	82.8831939697266
0.0821	41.4994926452637
0.1744	43.8606224060059
0.0848	0.0
0.1116	73.8086929321289
0.1152	40.7793426513672
0.204	7.35772514343262
0.2151	0.0
0.2831	0.121762990951538
0.2458	4.65661287307739e-10
0.1022	6.1839747428894
0.1822	0.0
0.2207	10.8290824890137
0.2512	1.2086364030838
0.1641	0.0
0.1999	1.45940136909485
0.1007	70.6220092773438
0.0931	2.01040458679199
0.0688	8.86338424682617
0.1275	0.68705153465271
0.389	0.0
0.0786	13.4521751403809
0.0391	93.8062210083008
0.2444	13.2831001281738
0.2344	0.0
0.1512	41.413013458252
0.2585	0.0
0.0212	65.8726196289063
0.1529	0.0
0.0621	40.2581253051758
0.2725	10.3604831695557
0.09	89.0499038696289
0.0	23.9755325317383
0.075	79.2882385253906
0.1682	96.6555099487305
0.2533	7.96652555465698
0.0787	76.4382095336914
0.0	82.7836685180664
0.158	0.0
0.0047	0.0
0.0764	83.0381469726563
0.0481	9.4010648727417
0.162	29.9854850769043
0.1531	8.06312656402588
0.1759	2.42789363861084
0.0797	0.0
0.1801	11.7095508575439
0.0595	84.4540023803711
0.2138	80.8014678955078
0.1107	93.5250396728516
0.1187	47.1441268920898
0.21	7.38806247711182
0.1606	78.6307983398438
0.1989	9.71663093566895
0.2335	0.0
0.2416	0.0
0.0155	31.2987403869629
0.052	56.5788269042969
0.1569	0.58488392829895
0.2158	0.0
0.2496	6.43525791168213
0.0454	91.7804260253906
0.1139	37.7052764892578
0.0891	36.2086524963379
0.194	17.761754989624
0.2394	11.9767189025879
0.0214	0.0
0.1309	56.3178215026855
0.1003	37.1214561462402
0.1058	2.21762847900391
0.3436	0.0
0.1139	31.6189041137695
0.0455	13.7032976150513
0.1677	9.05641746520996
0.3047	0.845865964889526
0.0688	13.3034534454346
0.074	41.9792289733887
0.0558	0.0
0.1893	96.5979614257813
0.2087	40.0393218994141
0.0859	45.5845832824707
0.0246	15.3734016418457
0.1212	56.1754417419434
0.0453	24.0353298187256
0.1542	0.0
0.1592	76.0724258422852
0.087	34.1787033081055
0.1853	5.33265161514282
0.1997	7.12959384918213
0.0927	93.2583999633789
0.1641	55.786922454834
0.1714	0.0
0.1761	22.8321971893311
0.1265	4.76837158203125e-07
0.2216	44.9260940551758
0.1948	8.79616928100586
0.2142	11.933217048645
0.1072	1.10234069824219
0.2871	10.925910949707
0.1752	16.5505847930908
0.0433	30.0420169830322
0.0745	0.0
0.0605	75.4967956542969
0.2104	0.0
0.1783	19.3765144348145
0.0503	76.5871429443359
0.1362	0.0
0.2157	0.0
0.2115	61.112232208252
0.046	27.2826251983643
0.1958	84.2061309814453
0.0455	0.0
0.0321	27.8687705993652
0.0	0.0
0.0549	0.0
0.1411	56.2820014953613
0.1565	22.3531875610352
0.0202	0.0
0.1017	47.5345115661621
0.1718	0.0
0.1929	24.310131072998
0.106	1.86739301681519
0.0884	6.86351776123047
0.2102	0.844653129577637
0.1793	82.1738586425781
0.0831	94.4071731567383
0.125	32.4031181335449
0.2106	0.0
0.0259	0.0
0.0551	96.5888214111328
0.2645	22.8428764343262
0.0347	89.1080703735352
0.1602	96.6334075927734
0.1864	12.1371746063232
0.1463	23.8129234313965
0.0159	0.0
0.0986	39.7690620422363
0.2199	29.9313850402832
0.2791	0.0
0.1303	30.4304275512695
0.1156	3.12324690818787
0.1577	56.6348838806152
0.04	22.3903179168701
0.2396	0.0
0.0709	2.80037331581116
0.0236	92.3354110717773
0.0917	96.1834716796875
0.0489	0.242429971694946
0.0988	2.30948352813721
0.1645	28.152400970459
0.0252	0.0
0.0309	0.0
0.2059	19.2417488098145
0.1683	55.7169609069824
0.0442	9.5367431640625e-07
0.1856	12.6344795227051
0.0748	63.9721755981445
0.3016	0.0
0.028	33.2136306762695
0.1585	3.07194113731384
0.1538	85.4593887329102
0.0756	23.5544319152832
0.1899	6.57062721252441
0.1765	39.5121994018555
0.3469	0.12176288664341
0.3492	0.0
0.231	11.3850011825562
0.1482	8.31678295135498
0.0475	93.3834686279297
0.2176	3.71975755691528
0.145	0.0
0.1924	2.94173145294189
0.1717	47.4732208251953
0.1714	0.0
0.1091	26.864803314209
0.2204	0.221762895584106
0.0139	96.6252899169922
0.1834	0.0
0.2079	16.3776302337646
0.1305	1.64906942844391
0.2319	0.0
0.2178	78.7765884399414
0.1898	43.9369468688965
0.2134	69.0952072143555
0.0551	41.2102394104004
0.1123	33.8193283081055
0.0911	79.2064819335938
0.0998	27.0212459564209
0.0043	0.0
0.2413	0.0
0.2134	38.9657096862793
0.2138	0.0
0.0715	17.7177352905273
0.2059	54.0366172790527
0.0	0.0
0.048	22.4865226745605
0.2015	9.74349308013916
0.2054	6.57548522949219
0.0877	79.937614440918
0.311	0.0
0.1964	0.0
0.1041	0.0
0.0606	95.1425476074219
0.1598	20.1853199005127
0.1926	20.0907783508301
0.1562	0.0
0.1657	84.4783325195313
0.0164	3.7252902984619103e-09
0.2541	7.14378547668457
0.0415	0.0358814410865307
0.2507	0.0
0.086	78.8457870483398
0.1793	7.56224966049194
0.2909	7.31337213516235
0.1562	6.17149114608765
0.0161	91.4552536010742
0.0694	0.0
0.1194	40.9343032836914
0.1959	4.29824781417847
0.161	84.905158996582
0.1064	0.0
0.0885	24.2807769775391
0.0376	96.767692565918
0.083	95.7378921508789
0.1521	0.0
0.0507	0.0
0.0508	0.0
0.0886	78.4751358032227
0.1556	0.0
0.0268	50.4001770019531
0.0945	20.4667663574219
0.0	0.0
0.0462	27.7124118804932
0.1679	21.6637020111084
0.1052	0.0
0.1399	39.3146705627441
0.2208	0.0
0.2547	0.0
0.2612	0.59424614906311
0.0712	33.1685905456543
0.1841	0.0
0.0967	58.9179382324219
0.1111	59.5745849609375
0.0947	0.0
0.1484	62.5591735839844
0.0604	81.5615158081055
0.183	70.9945755004883
0.1505	2.85465049743652
0.1143	5.77646207809448
0.1256	12.3280811309814
0.0622	95.8428115844727
0.1711	34.0078620910645
0.1071	0.0
0.1564	0.0
0.1552	13.5385093688965
0.1036	36.9176712036133
0.1696	81.3495712280273
0.1981	0.0
0.1886	16.0758934020996
0.1964	13.5156755447388
0.1509	13.1493072509766
0.1775	6.83645391464233
0.0968	25.1425819396973
0.2049	96.7401351928711
0.1091	0.0
0.1296	5.37155103683472
0.1658	29.0964317321777
0.0735	96.4851379394531
0.1876	18.318675994873
0.0753	5.2314920425415
0.1249	44.7863731384277
0.116	0.157463073730469
0.2456	0.0
0.1246	96.8595352172852
0.1585	50.8393363952637
0.1949	10.6310625076294
0.208	17.5393409729004
0.1038	86.0889053344727
0.1134	1.75242304801941
0.0355	77.1489410400391
0.0771	13.5279140472412
0.0331	21.6842308044434
0.1831	5.64258480072021
0.2195	19.048246383667
0.177	8.40675163269043
0.2137	1.91837501525879
0.2307	35.6325607299805
0.1491	19.8059616088867
0.161	95.7569885253906
0.2446	0.0
0.1176	70.3489456176758
0.1544	9.31322574615479e-10
0.1248	12.6228609085083
0.0451	62.089038848877
0.187	51.4815216064453
0.0	0.0
0.2066	0.0
0.181	1.50431168079376
0.1801	0.0
0.0808	88.8361206054688
0.2338	12.0963191986084
0.1376	39.1875343322754
0.0588	0.0
0.1477	95.8628692626953
0.2295	0.0
0.3335	0.0
0.1326	40.4673919677734
0.2816	21.7192687988281
0.245	42.2954177856445
0.1491	68.0442047119141
0.0	0.0
0.1877	77.6606750488281
0.0913	45.5574150085449
0.1328	1.85514414310455
0.2188	19.7211246490479
0.0927	21.5865993499756
0.0483	81.5378265380859
0.2078	0.0
0.1184	74.8838043212891
0.0633	92.3151245117188
0.0663	46.5509872436523
0.1395	19.3425636291504
0.1818	78.8239517211914
0.223	67.5649185180664
0.0787	92.7913818359375
0.0	0.0
0.0882	34.6195030212402
0.1261	11.08251953125
0.2429	0.0
0.0982	42.5933303833008
0.0241	2.98642182350159
0.2219	0.0
0.1948	0.0
0.0631	61.6979064941406
0.2314	96.920280456543
0.1934	2.98023223876953e-08
0.0037	0.0
0.2051	4.58153438568115
0.1647	0.0
0.0379	0.0
0.2343	0.0
0.164	17.4033508300781
0.1565	14.2583065032959
0.1987	8.64710521697998
0.1452	34.0574493408203
0.2162	0.0
0.1342	0.0
0.1208	64.6753616333008
0.2765	32.9532165527344
0.1836	25.1892738342285
0.0757	0.0
0.0755	96.6575546264648
0.1767	34.3553047180176
0.0462	28.7690296173096
0.1573	58.767822265625
0.2443	18.5074062347412
0.1947	6.77088499069214
0.0135	36.7316703796387
0.0602	0.0
0.0	9.0666332244873
0.1658	0.0
0.1758	0.0
0.0734	92.2935333251953
0.1447	0.591746270656586
0.2479	14.077220916748
0.0532	49.741138458252
0.114	3.30134057998657
0.2488	0.0
0.1925	65.6248550415039
0.1867	12.2397518157959
0.1095	39.5927886962891
0.1743	0.0
0.1961	0.0
0.2334	0.0
0.0356	0.0
0.0	0.0
0.152	0.0
0.0884	34.0331192016602
0.2701	0.365081667900085
0.1511	0.0
0.0192	76.7851181030273
0.2067	42.4298133850098
0.1388	41.2219924926758
0.11	41.5043563842773
0.0	0.0
0.0821	46.7388305664063
0.2368	88.5641403198242
0.1227	32.3365669250488
0.0581	0.0
0.2436	11.3671159744263
0.1911	0.0
0.146	61.3207550048828
0.1611	54.7870864868164
0.0546	70.7516326904297
0.2305	9.76940631866455
0.1907	26.2932090759277
0.0271	77.808723449707
0.1307	0.607741832733154
0.0279	89.5114822387695
0.1143	80.9118347167969
0.1761	71.0195159912109
0.1999	23.1473140716553
0.0912	2.08672118186951
0.2233	19.1567916870117
0.074	12.5012035369873
0.077	42.9858894348145
0.1214	60.2671127319336
0.1828	19.1446628570557
0.0631	0.0
0.1322	51.4250793457031
0.1549	0.0
0.1333	96.5265426635742
0.4059	11.359658241272
0.1335	4.65661287307739e-10
0.0414	45.0409851074219
0.0969	5.64254379272461
0.2537	0.0
0.2319	10.5367298126221
0.2384	2.60625267028809
0.208	29.2635822296143
0.2095	3.15548372268677
0.1788	12.1050214767456
0.1097	29.1404228210449
0.2008	5.11065435409546
0.1655	47.3929672241211
0.0715	82.0746688842773
0.0711	22.49609375
0.0729	58.1046295166016
0.1513	27.1100063323975
0.1091	34.9714851379395
0.1832	9.40346908569336
0.1143	56.0386848449707
0.0248	90.834228515625
0.0839	0.0
0.138	27.675464630127
0.1071	27.4722423553467
0.0851	68.4685440063477
0.0043	0.0
0.0284	23.804084777832
0.2193	12.3079833984375
0.1539	48.4596290588379
0.1317	20.5722942352295
0.1963	90.3613586425781
0.1602	75.7953720092773
0.1922	4.99842691421509
0.3424	1.8626451492309603e-09
0.1754	2.49305152893066
0.1219	32.9050064086914
0.2175	0.0
0.0767	64.1244659423828
0.0505	84.6352691650391
0.0573	7.77942371368408
0.2701	0.0
0.2193	0.0
0.14	23.7610836029053
0.1949	0.0
0.0854	24.4323234558105
0.2157	1.8626451492309603e-09
0.1809	0.0
0.1881	0.773556590080261
0.2139	0.0
0.0244	78.7416839599609
0.172	1.49011611938477e-08
0.0479	81.4698333740234
0.0907	19.1006813049316
0.0129	30.0264167785645
0.153	38.4268493652344
0.1123	47.76416015625
0.2238	0.238628134131432
0.1919	3.7252902984619103e-09
0.2029	0.0
0.1569	62.0063896179199
0.0165	24.936840057373
0.1067	52.3454360961914
0.1052	9.31322574615479e-10
0.1923	11.1539783477783
0.1309	20.0025291442871
0.1752	2.23291730880737
0.1256	11.37877368927
0.0241	43.1856498718262
0.1129	9.39520740509033
0.0179	69.8637084960938
0.0436	18.3581848144531
0.3933	0.0
0.2193	0.0
0.1958	16.0697250366211
0.2423	37.2412796020508
0.1451	6.99020051956177
0.0694	9.31322574615479e-10
0.014	83.330696105957
0.1936	42.3192939758301
0.061	95.4327011108398
0.0757	36.4347038269043
0.0637	85.208122253418
0.3261	0.0
0.1873	4.59151077270508
0.1377	17.3021812438965
0.1795	5.96046447753906e-08
0.11	0.0
0.1089	61.3567504882813
0.1633	51.5162162780762
0.0997	76.1572189331055
0.1713	0.608814239501953
0.4761	1.09581017494202
0.1945	15.2534589767456
0.1129	2.88227462768555
0.0845	0.0
0.102	22.1987648010254
0.007	0.0
0.1157	0.0
0.0434	20.9235191345215
0.0881	76.7163772583008
0.2734	19.388463973999
0.193	54.8811454772949
0.1922	24.3265533447266
0.1157	96.8055801391602
0.2536	2.54417490959167
0.1516	73.0432052612305
0.0064	0.0
0.0628	91.9469146728516
0.0711	6.1005973815918
0.2003	29.8639602661133
0.0371	73.3434829711914
0.0774	0.0
0.1971	1.91659343242645
0.0582	0.0
0.1239	0.0
0.1739	0.0338649749755859
0.1676	0.610365331172943
0.0444	1.9848747253418
0.1886	54.239143371582
0.0322	0.0
0.1409	75.9284439086914
0.2155	0.0
0.2313	4.13815975189209
0.0992	2.5276734828949
0.2051	30.0012550354004
0.0416	54.9530029296875
0.1908	5.11366367340088
0.161	18.3439483642578
0.1665	79.4569549560547
0.0199	0.0
0.0171	80.6528701782227
0.2335	13.9924268722534
0.0415	86.0373992919922
0.1365	0.0
0.0675	56.0334167480469
0.2066	13.7603578567505
0.0988	96.0971221923828
0.2166	15.2912349700928
0.1353	69.8069152832031
0.0822	31.3225727081299
0.2752	2.13939189910889
0.2216	5.74543619155884
0.208	0.0
0.1423	0.287001937627792
0.1968	0.620470583438873
0.2872	16.900842666626
0.0489	94.4210052490234
0.152	0.243525862693787
0.1464	0.730577290058136
0.2092	7.450580596923831e-09
0.0516	37.3559303283691
0.0512	39.4601936340332
0.1362	0.0
0.1611	49.138069152832
0.0649	3.23525762557983
0.2151	2.53015351295471
0.0466	85.2906875610352
0.2287	1.63437569141388
0.1574	8.28766632080078
0.2096	1.49011611938477e-08
0.0719	0.0
0.1896	1.09207606315613
0.4606	0.0
0.1197	0.0
0.1027	29.8278713226318
0.2512	0.0
0.1213	81.1674194335938
0.0447	23.3917961120605
0.08	19.9724445343018
0.141	0.408254623413086
0.1612	0.0
0.0844	0.0
0.1667	30.7112636566162
0.1151	52.4809494018555
0.2533	0.179407209157944
0.1631	13.8278741836548
0.2255	11.4835176467896
0.1549	85.6836242675781
0.0	0.0
0.1974	0.0
0.1523	85.5574951171875
0.07	0.0
0.1155	53.6579055786133
0.1442	33.8877105712891
0.0777	0.0
0.2239	81.3664779663086
0.1274	4.32935953140259
0.1889	78.9040145874023
0.2039	15.4318857192993
0.0422	42.8019027709961
0.1204	73.2339096069336
0.1469	0.0
0.1948	6.47051525115967
0.212	4.20332336425781
0.1378	0.588316202163696
0.1281	0.0
0.1459	9.50010108947754
0.0207	0.0
0.2075	0.0
0.0726	0.0
0.0137	1.42096829414368
0.1691	4.47160387039185
0.1585	32.6407585144043
0.2434	37.5388298034668
0.0899	94.0383682250977
0.1706	16.8250827789307
0.2056	0.0
0.1432	13.0566825866699
0.0914	88.3486785888672
0.1668	46.7076568603516
0.012	89.1113052368164
0.1526	20.5908241271973
0.1006	0.0
0.0016	0.0
0.098	0.0
0.0532	9.5367431640625e-07
0.1979	74.0731887817383
0.0025	85.1174621582031
0.1803	0.0
0.1689	96.3774719238281
0.1142	41.7828216552734
0.1201	0.0
0.178	2.48226428031921
0.0701	37.5972213745117
0.0807	5.46623039245605
0.1509	84.0519180297852
0.1913	29.9527168273926
0.0746	0.0
0.2083	51.1884307861328
0.1449	17.5730400085449
0.2905	9.79768943786621
0.0157	8.10730743408203
0.1032	96.9078674316406
0.3107	0.36528867483139
0.1634	37.3002738952637
0.1572	64.8420028686523
0.0889	8.97581481933594
0.2308	2.23463749885559
0.0162	91.9210357666016
0.3487	0.0
0.1319	0.0
0.0275	80.1501770019531
0.1052	35.9780616760254
0.1555	2.10532546043396
0.2477	87.3500823974609
0.0773	53.1839332580566
0.0639	94.0998687744141
0.2497	2.49482202529907
0.1222	80.5907669067383
0.1414	47.4138107299805
0.1534	54.282470703125
0.0939	70.7382125854492
0.1746	55.847354888916
0.2126	18.9785919189453
0.2863	5.91610860824585
0.0	59.9908027648926
0.1527	36.2886428833008
0.2029	9.91621017456055
0.0667	0.0
0.1837	13.2758760452271
0.2145	0.0
0.1546	77.1339263916016
0.203	53.6951332092285
0.0896	45.8091659545898
0.1136	27.577112197876
0.036	0.481566429138184
0.2918	0.0
0.2578	29.2959365844727
0.1169	28.5986881256104
0.0903	96.3373870849609
0.1282	72.0282821655273
0.1539	0.0
0.1553	12.0589847564697
0.1055	1.8626451492309603e-09
0.1204	56.7936668395996
0.0726	93.7879486083984
0.177	18.1728248596191
0.1558	0.0
0.1961	20.1220436096191
0.133	18.0948696136475
0.1365	41.4203033447266
0.0452	0.0
0.0236	4.69641208648682
0.0485	4.06285095214844
0.3295	11.9746074676514
0.1649	80.6869659423828
0.2418	18.4023952484131
0.2269	0.0
0.1213	0.0
0.1553	9.05380249023438
0.1428	7.57627058029175
0.1884	0.0
0.082	45.5525856018066
0.1867	76.3708801269531
0.2405	4.65661287307739e-10
0.0439	83.1194839477539
0.0731	0.621762871742249
0.2309	4.99142837524414
0.0265	92.7217254638672
0.1931	15.9770660400391
0.2624	9.31322574615479e-10
0.0	0.0
0.2626	0.0
0.3673	3.7252902984619103e-09
0.0937	74.3430786132813
0.0	41.8772621154785
0.0339	0.0
0.1887	1.49144101142883
0.1374	0.0
0.2507	3.07926225662231
0.2301	50.0900039672852
0.0778	6.43791437149048
0.2541	0.0
0.0478	66.9487762451172
0.287	0.0
0.1172	13.617826461792
0.0046	0.0
0.1963	9.95737648010254
0.1921	32.28271484375
0.1577	6.01719808578491
0.0402	0.0
0.2528	2.98252320289612
0.1396	25.3495941162109
0.1135	84.9412078857422
0.1893	38.5582809448242
0.1519	23.9976615905762
0.1686	0.737051963806152
0.083	19.7716045379639
0.1458	8.73738956451416
0.0956	1.21307826042175
0.1577	76.7538452148438
0.1426	0.0
0.0788	96.3489685058594
0.1325	13.7586555480957
0.2302	2.0483922958374
0.0895	96.2273712158203
0.2492	3.85851645469666
0.1076	17.043664932251
0.0479	3.64895367622375
0.1354	0.0
0.152	86.6790237426758
0.1929	0.0
0.1388	65.8105621337891
0.241	19.558723449707
0.0694	0.0
0.1254	46.4079666137695
0.0887	63.7925148010254
0.1286	44.5239868164063
0.2277	19.4235210418701
0.2578	0.0
0.0935	34.3242645263672
0.1306	96.5439987182617
0.1186	0.0
0.1664	28.1287689208984
0.0157	46.9684257507324
0.1367	54.412109375
0.1884	0.0
0.0326	44.5766906738281
0.1515	71.845573425293
0.1049	23.6280040740967
0.1605	96.8717193603516
0.1655	72.9165649414063
0.1351	59.365592956543
0.1737	23.8387317657471
0.118	42.3347702026367
0.1764	21.567554473877
0.0526	79.6640701293945
0.1744	38.3979606628418
0.051	84.7438125610352
0.1276	2.98023223876953e-08
0.0235	48.9421501159668
0.0843	96.2557601928711
0.1138	77.6808471679688
0.1217	95.500846862793
0.0884	2.83917570114136
0.0812	4.76837158203125e-07
0.1612	0.0
0.1122	81.5459823608398
0.0017	0.272293090820313
0.1655	40.7846794128418
0.219	1.20020437240601
0.2096	0.0
0.063	34.1505317687988
0.2153	71.9191741943359
0.035	68.3983535766602
0.1272	0.419411897659302
0.1481	36.0057830810547
0.178	13.3234043121338
0.0923	0.730577349662781
0.0111	80.6328582763672
0.0297	0.0
0.1276	4.61164665222168
0.041	19.3551177978516
0.1507	72.8544464111328
0.0631	0.822332382202148
0.3057	26.4190731048584
0.1884	20.0491180419922
0.0132	35.2078742980957
0.0503	15.8568658828735
0.1235	7.81321954727173
0.2155	5.7334246635437
0.206	29.7029705047607
0.0732	1.00234019756317
0.169	3.18190312385559
0.274	1.8626451492309603e-09
0.1305	27.1301021575928
0.0931	23.4676494598389
0.0	0.0
0.2634	0.633137226104736
0.0497	1.19209289550781e-07
0.2058	40.7274627685547
0.1652	16.9858226776123
0.2953	0.0
0.0447	95.3100738525391
0.2149	0.0
0.1107	0.0
0.2329	0.0
0.2095	69.9323272705078
0.0	0.0
0.1757	77.7455291748047
0.1557	66.4308547973633
0.1907	1.44916069507599
0.0215	0.539125680923462
0.2269	63.2806243896484
0.0439	25.0161304473877
0.1397	66.9623565673828
0.0987	43.0073852539063
0.0	0.0
0.2143	84.7751159667969
0.1817	16.3878726959229
0.2703	0.0
0.1057	30.5334224700928
0.3864	0.0
0.2936	0.0
0.0038	1.34586596488953
0.193	7.28692817687988
0.2576	0.0
0.2497	0.589014112949371
0.2121	9.4621753692627
0.1858	37.134204864502
0.125	67.8530120849609
0.1775	1.8626451492309603e-09
0.0514	0.0
0.1871	36.7760124206543
0.0131	0.0
0.0888	87.5775375366211
0.4567	0.0
0.0512	79.0253601074219
0.1817	5.8207660913467394e-11
0.028	35.6400947570801
0.2833	5.09333372116089
0.1676	13.4106292724609
0.2089	0.0
0.098	33.0626754760742
0.0765	0.0
0.1717	16.8836765289307
0.265	0.0
0.0018	0.0
0.1822	0.0
0.2389	6.75968837738037
0.1416	55.0172233581543
0.1668	1.23365104198456
0.0534	60.4543647766113
0.3379	12.0797853469849
0.1876	65.2717819213867
0.0366	35.0965003967285
0.084	90.9312286376953
0.1432	33.6559257507324
0.2256	0.0
0.1985	2.41707277297974
0.1641	33.7776069641113
0.0	0.0
0.2387	10.0206108093262
0.1669	0.0
0.0498	67.6221466064453
0.067	42.0825500488281
0.2099	82.1995086669922
0.1478	3.83150362968445
0.2163	43.8806686401367
0.2031	1.35418081283569
0.206	79.9252319335938
0.1639	0.0
0.1449	7.00203037261963
0.2137	12.9112462997437
0.1211	16.1980209350586
0.1814	14.5977716445923
0.083	51.5204620361328
0.2739	21.7342281341553
0.1339	51.149959564209
0.0316	1.17410087585449
0.1505	95.4800872802734
0.0682	35.04248046875
0.1728	32.4087600708008
0.271	12.1387310028076
0.1702	0.0
0.3708	0.830577254295349
0.1002	6.63360929489136
0.1264	82.1032104492188
0.168	81.3652572631836
0.1924	47.8326110839844
0.2745	12.9912118911743
0.0774	30.3507614135742
0.1545	0.0
0.1349	44.8519744873047
0.0926	0.0
0.1893	0.0
0.1703	16.7993507385254
0.2461	0.0
0.0996	66.7129440307617
0.2616	0.0
0.0226	0.0
0.0218	89.1405487060547
0.2398	12.0280227661133
0.0498	1.9073486328125e-06
0.1801	44.5652008056641
0.108	13.1351585388184
0.1621	0.0
0.0765	76.951042175293
0.0503	0.0
0.1698	0.75211489200592
0.1612	67.9514083862305
0.1369	0.0
0.2673	0.0
0.0894	72.5639953613281
0.1607	67.0239715576172
0.1836	0.0
0.1889	14.0439367294312
0.0656	96.9357070922852
0.1591	7.450580596923831e-09
0.0506	36.8699035644531
0.2059	22.0062675476074
0.1481	46.4184455871582
0.2031	43.6011123657227
0.1709	0.0
0.1218	28.4613475799561
0.1399	1.061239361763
0.1403	11.227931022644
0.1497	79.545166015625
0.115	0.0
0.0127	12.6050024032593
0.225	23.7744750976563
0.1713	10.9123039245605
0.0775	0.0
0.1146	15.6631755828857
0.0575	44.4179229736328
0.199	12.6130743026733
0.135	18.7437973022461
0.1121	35.5091552734375
0.0777	61.5101127624512
0.1616	36.8894996643066
0.097	79.2864379882813
0.0157	15.2191314697266
0.0919	82.485710144043
0.1524	8.01370620727539
0.1478	18.6229038238525
0.1363	82.7670669555664
0.1746	73.9236907958984
0.1348	42.5688095092773
0.2595	0.0
0.2278	9.31322574615479e-10
0.2508	0.0
0.1482	94.931640625
0.0744	96.3449401855469
0.1032	67.9064865112305
0.071	35.392261505127
0.2569	1.89190936088562
0.2042	7.68627500534058
0.1773	15.3140411376953
0.1702	10.2656354904175
0.1061	0.0714184120297432
0.2095	0.0
0.1234	96.8388442993164
0.2133	18.6507873535156
0.2835	0.0
0.1632	74.0537414550781
0.0643	47.3589820861816
0.0384	79.9105529785156
0.3342	0.142563909292221
0.1694	2.13028311729431
0.0928	76.0186462402344
0.2053	0.0
0.0432	87.1986999511719
0.1606	0.0
0.0115	0.0
0.2269	96.8244400024414
0.0815	46.8789291381836
0.1299	13.2502117156982
0.2546	30.0601463317871
0.0804	28.7147312164307
0.1937	37.3791046142578
0.0771	0.0
0.2188	0.0
0.0504	1.9073486328125e-06
0.1604	17.7829780578613
0.1384	0.0
0.1535	8.79888248443604
0.1413	32.9830589294434
0.4109	0.0
0.0704	4.86786937713623
0.224	11.1699285507202
0.0908	78.8178253173828
0.1773	1.48417067527771
0.1394	15.8270931243896
0.1752	0.583770751953125
0.2639	0.0
0.2373	80.107780456543
0.2469	0.0
0.0874	95.6855621337891
0.1642	0.0
0.1046	53.5383453369141
0.0804	59.0655670166016
0.1692	64.6805572509766
0.1319	91.7757797241211
0.0922	38.1007537841797
0.2353	0.0
0.0977	96.4112091064453
0.0669	92.0872039794922
0.1511	7.450580596923831e-09
0.2192	1.49011611938477e-08
0.0517	0.0
0.1265	52.2209968566895
0.136	36.4275894165039
0.0721	3.95103788375854
0.1192	95.5521926879883
0.2198	2.50314259529114
0.1634	24.6604595184326
0.0252	1.81296157836914
0.0752	47.2800598144531
0.1577	65.1164093017578
0.025	63.1029510498047
0.0303	73.865608215332
0.0036	4.88575744628906
0.0297	17.5999069213867
0.0145	0.0
0.1451	14.3632020950317
0.1852	0.0
0.3442	0.465288668870926
0.2348	0.733904004096985
0.0854	0.0
0.2263	20.7423839569092
0.0155	2.00160717964172
0.1528	2.88593935966492
0.1598	15.4540557861328
0.2244	0.628645360469818
0.2035	0.0
0.3828	0.0
0.0468	93.4313659667969
0.1057	9.37936782836914
0.0928	8.32485580444336
0.1929	56.870677947998
0.2264	78.8581237792969
0.0188	57.8894958496094
0.1187	94.3080749511719
0.3341	0.0
0.1783	46.0571212768555
0.1784	33.6313934326172
0.1597	2.52672386169434
0.0715	24.4741973876953
0.0	0.0
0.1653	53.9893493652344
0.1676	96.8054962158203
0.2169	20.6373500823975
0.2216	16.0428581237793
0.0162	15.9415769577026
0.0771	85.7582931518555
0.0666	4.25561618804932
0.0896	81.1174774169922
0.0153	11.5596799850464
0.1967	1.8626451492309603e-09
0.1656	0.0
0.1331	2.10793662071228
0.2057	13.8121194839478
0.1421	59.6035995483398
0.2042	6.8697943687439
0.126	38.0871353149414
0.239	0.0
0.1977	0.0
0.1559	3.1886465549469
0.1513	44.5706176757813
0.1434	67.2707977294922
0.1344	0.0
0.0164	47.5170516967773
0.1315	78.5959014892578
0.1962	12.3532524108887
0.1545	25.6370429992676
0.1178	69.9474182128906
0.2673	5.23580408096313
0.0485	0.0
0.2438	11.621636390686
0.1032	0.0
0.205	2.80266094207764
0.1576	0.0
0.0416	3.65683746337891
0.0838	64.6140594482422
0.1662	72.4239273071289
0.1862	95.8217010498047
0.1297	34.0787353515625
0.2442	27.8303089141846
0.1348	80.1048583984375
0.1408	0.0
0.3168	2.64882111549377
0.0795	43.9651489257813
0.0328	75.2621231079102
0.3325	0.0
0.0709	0.0
0.1871	3.06452035903931
0.093	70.0129852294922
0.1447	0.254832863807678
0.1566	27.1998977661133
0.2275	40.244873046875
0.0952	85.6359100341797
0.0879	65.8068008422852
0.1159	16.6589164733887
0.1559	0.0
0.0239	11.9492273330688
0.1207	13.2560768127441
0.0551	35.9225082397461
0.3078	0.0
0.0489	83.0825653076172
0.0127	1.9073486328125e-06
0.1357	0.533940613269806
0.0844	81.6540908813477
0.1597	1.32410299777985
0.1871	14.6285600662231
0.0414	0.0
0.2267	0.293525755405426
0.2035	1.8626451492309603e-09
0.235	78.8639755249023
0.1842	2.40039086341858
0.2442	0.0
0.2039	45.7705116271973
0.0822	83.2296295166016
0.1647	0.0
0.2092	6.76935338973999
0.1177	0.0
0.2656	10.4810466766357
0.0298	85.3596725463867
0.2219	13.0138807296753
0.1951	0.0
0.1124	0.0
0.1316	0.0
0.0776	89.1597442626953
0.0939	3.43896055221558
0.2435	0.480122327804565
0.1709	25.7548542022705
0.1774	4.29174423217773
0.1823	9.31322574615479e-10
0.0777	4.67649221420288
0.1235	87.2426834106445
0.2067	0.0338211059570313
0.0779	68.5378112792969
0.2836	0.0
0.0783	13.9435091018677
0.2494	42.6770896911621
0.1659	28.3326454162598
0.2027	0.360293537378311
0.0708	75.5646667480469
0.1817	80.5613403320313
0.1179	29.5124168395996
0.2227	3.7252902984619103e-09
0.2538	0.608814418315887
0.0545	29.1108016967773
0.1709	15.7107257843018
0.098	2.33179450035095
0.0531	82.0194244384766
0.2131	9.90574932098389
0.104	0.0
0.1349	77.6718139648438
0.1415	72.5788040161133
0.1987	0.0
0.1877	56.6276779174805
0.0453	39.3667182922363
0.0197	93.5815505981445
0.1831	3.18726253509521
0.2046	20.538387298584
0.1736	82.0808029174805
0.1894	1.72225832939148
0.1605	0.0
0.2388	12.3096446990967
0.0605	64.0470275878906
0.1257	32.4392890930176
0.0303	95.8298797607422
0.1263	49.2278785705566
0.0	0.0
0.0577	0.573432922363281
0.0723	94.9100494384766
0.024	51.1846466064453
0.1675	74.2905578613281
0.1924	51.9743843078613
0.161	39.172679901123
0.0284	3.814697265625e-06
0.2318	5.11094856262207
0.1078	0.0
0.1329	0.0
0.1706	26.0552101135254
0.1881	0.0
0.0328	0.0
0.0992	0.0
0.1903	83.4566497802734
0.172	7.450580596923831e-09
0.234	10.9169635772705
0.2269	26.8740119934082
0.0693	69.2810440063477
0.054	57.8851776123047
0.0969	24.5755195617676
0.0216	22.7735023498535
0.1982	66.6945648193359
0.107	92.6568374633789
0.2217	4.40288639068604
0.2212	5.23580408096313
0.1125	0.42640683054924
0.0032	25.6018447875977
0.0561	1.03057670593262
0.1603	22.2243156433105
0.1083	3.00017166137695
0.0094	1.1896333694458
0.0157	0.0
0.2016	22.297571182251
0.2579	1.82644331455231
0.1821	0.0
0.2075	20.7444496154785
0.2581	1.51936018466949
0.1596	0.0
0.1331	5.39361763000488
0.1876	12.9154243469238
0.1372	1.8626451492309603e-09
0.2107	9.7664852142334
0.0412	81.8713455200195
0.2543	16.3545398712158
0.0644	76.0841751098633
0.253	0.0
0.233	0.0
0.0892	74.2483978271484
0.1791	52.9744300842285
0.034	0.0
0.1269	78.3327713012695
0.0	0.0
0.1175	28.386402130127
0.1623	68.9699478149414
0.1513	25.0957889556885
0.2532	2.69380569458008
0.1673	27.4521369934082
0.1603	0.0
0.1959	6.7382345199585
0.2069	2.31869125366211
0.2438	8.04776954650879
0.2917	14.0764493942261
0.1615	0.0
0.1288	79.3011169433594
0.0614	0.0
0.1087	44.0443000793457
0.1159	93.4811935424805
0.1887	0.0
0.1593	20.3677806854248
0.1598	0.0
0.2429	0.0
0.0	85.0575942993164
0.0911	19.6894207000732
0.0147	0.0
0.4784	3.65288662910461
0.0304	88.7956237792969
0.0068	2.75036549568176
0.0822	0.0
0.1113	46.2222747802734
0.0534	34.3204078674316
0.2691	9.79943656921387
0.1704	0.887051582336426
0.112	26.8414306640625
0.1065	0.0
0.1848	1.92562222480774
0.0507	13.3297252655029
0.1771	3.50295090675354
0.2193	0.0
0.0744	95.7272415161133
0.0783	0.713670492172241
0.1589	28.0795650482178
0.1322	41.7463874816895
0.1331	9.31322574615479e-10
0.037	62.9650802612305
0.1039	2.06918144226074
0.0977	17.6468544006348
0.1823	2.29399514198303
0.2084	4.65661287307739e-10
0.0706	96.3372802734375
0.2682	1.35820817947388
0.0221	96.6391677856445
0.2218	26.6673107147217
0.1538	2.14676189422607
0.0894	63.0337715148926
0.4104	2.08528852462769
0.037	61.0847549438477
0.2221	0.0
0.1068	66.6909408569336
0.2063	11.7101440429688
0.1842	92.1483306884766
0.2326	1.04372715950012
0.2042	78.5082550048828
0.1085	66.5844421386719
0.1803	0.383396148681641
0.2674	1.54202318191528
0.2897	7.18401050567627
0.2168	0.0
0.1895	5.39244604110718
0.1802	54.2211990356445
0.1932	78.7182388305664
0.0116	1.11528873443604
0.142	54.426628112793
0.2357	0.0
0.2852	2.3264434337616
0.254	11.7821979522705
0.3851	1.50659048557281
0.0999	76.0116424560547
0.0456	79.7213592529297
0.1752	0.0
0.2301	12.8792791366577
0.1796	0.0
0.0546	0.0
0.1328	37.092700958252
0.0022	71.5703277587891
0.1364	4.01817512512207
0.0707	0.0
0.1356	14.065128326416
0.199	7.62279510498047
0.1173	0.338530540466309
0.1081	71.1960754394531
0.224	7.71939373016357
0.0843	83.4474411010742
0.232	17.360689163208
0.1956	5.98150873184204
0.2054	1.91847038269043
0.2902	14.0856847763062
0.1047	80.8767929077148
0.0705	73.8287506103516
0.2091	80.8391952514648
0.2935	14.1398391723633
0.0	0.0
0.2426	11.8294057846069
0.083	44.5862655639648
0.1829	60.820728302002
0.0082	9.84929943084717
0.2619	0.0
0.0757	0.0
0.1457	32.1814880371094
0.2554	74.4905776977539
0.0308	0.0
0.1084	91.5047607421875
0.0654	51.7250671386719
0.0522	8.08211517333984
0.1545	3.01029181480408
0.0573	1.16415321826935e-10
0.1626	90.2614288330078
0.2286	26.6042423248291
0.1637	13.510440826416
0.1571	2.35550570487976
0.2246	0.0
0.1103	14.8203649520874
0.0874	68.5135116577148
0.1363	47.0439071655273
0.1877	3.18771648406982
0.1483	55.2280807495117
0.25	1.90245509147644
0.098	44.629222869873
0.1902	97.0295715332031
0.0903	93.1307220458984
0.3211	0.0
0.1514	75.8628768920898
0.3526	14.1364612579346
0.2231	18.2300910949707
0.0712	58.9091567993164
0.0721	0.727801382541656
0.1876	0.0
0.0399	67.8691329956055
0.1343	70.5715713500977
0.3011	5.88109636306763
0.1083	32.1365013122559
0.0848	0.441190987825394
0.1213	13.7333240509033
0.0779	27.2116870880127
