212.0	31.7663021087646
30.0	44.6887702941895
493.0	0.972918689250946
629.0	0.0
24.0	42.2600631713867
115.0	44.0860900878906
83.0	1.51003205776215
11.0	29.6761207580566
351.0	0.0
79.0	4.02497720718384
441.0	78.9522476196289
1855.0	0.0717628821730614
401.0	51.8689155578613
1774.0	5.96046447753906e-08
127.0	0.0
7.0	48.940242767334
922.0	0.0
396.0	25.5196895599365
102.0	47.5993843078613
103.0	13.5953998565674
215.0	21.4630813598633
997.0	0.0
178.0	88.1375198364258
111.0	78.1612014770508
292.0	60.9489898681641
148.0	33.9072608947754
66.0	86.3552627563477
1079.0	0.0
314.0	1.16415321826935e-10
1892.0	0.0
305.0	11.9307870864868
620.0	28.138298034668
553.0	18.6876277923584
280.0	77.7124404907227
23.0	0.0
297.0	96.1001586914063
16.0	18.3574771881104
294.0	82.3397064208984
97.0	0.451319456100464
353.0	0.112820349633694
275.0	84.4133529663086
362.0	3.20508408546448
448.0	12.1081628799438
290.0	91.212890625
2.0	0.730577349662781
292.0	93.4994430541992
444.0	0.0
254.0	74.7248916625977
209.0	92.4042510986328
198.0	51.7370796203613
92.0	27.8835544586182
259.0	7.7312126159668
218.0	58.396053314209
1347.0	0.0
227.0	32.0704307556152
27.0	0.106593012809753
229.0	0.0
59.0	6.74862384796143
255.0	80.011344909668
246.0	74.8853225708008
95.0	12.4089965820313
504.0	0.0
118.0	59.8005905151367
226.0	0.608814418315887
316.0	70.8798446655273
10.0	87.754264831543
609.0	11.1130971908569
106.0	0.0
215.0	28.5311069488525
94.0	0.0
267.0	87.5532379150391
1575.0	7.75922918319702
2267.0	1.48752403259277
259.0	76.6962051391602
373.0	92.7359619140625
433.0	10.9739713668823
270.0	26.32981300354
474.0	92.250862121582
272.0	69.5479125976563
278.0	46.0949745178223
69.0	7.04867362976074
46.0	0.0
2122.0	0.0
369.0	84.7346115112305
313.0	0.0
337.0	2.08870005607605
316.0	11.5039215087891
179.0	60.5663223266602
129.0	0.0
825.0	1.82302761077881
460.0	90.6412353515625
27.0	39.8024139404297
188.0	34.711067199707
495.0	27.7193756103516
19.0	13.7837562561035
95.0	29.4109706878662
1127.0	24.7313232421875
291.0	0.0
137.0	28.852689743042
655.0	48.121711730957
1259.0	0.0
59.0	42.3930358886719
371.0	34.1048049926758
285.0	48.2287750244141
240.0	21.668851852417
11.0	9.33062171936035
4.0	0.0
597.0	1.40286314487457
52.0	55.017017364502
1987.0	0.0
156.0	23.7993640899658
708.0	12.9014978408813
384.0	18.5495052337646
263.0	54.0051307678223
272.0	11.9357290267944
111.0	18.611011505127
348.0	92.1957168579102
1607.0	0.0
255.0	85.9639053344727
139.0	47.6025581359863
367.0	0.2950379550457
1479.0	0.728142082691193
1375.0	0.221763134002686
272.0	78.981201171875
208.0	74.7839813232422
13.0	5.92752981185913
519.0	23.0935955047607
332.0	28.3099269866943
130.0	0.522631824016571
884.0	15.7932033538818
484.0	96.0049285888672
0.0	0.0
199.0	95.0036849975586
131.0	22.574010848999
264.0	29.2511539459229
145.0	0.0
260.0	76.926139831543
228.0	20.9438438415527
146.0	71.5903244018555
1843.0	0.0
273.0	81.7488021850586
154.0	23.0073719024658
165.0	1.89754593372345
237.0	30.7271728515625
171.0	18.8096446990967
14.0	18.2485961914063
10.0	29.8761787414551
51.0	6.4794659614563
330.0	39.5316734313965
374.0	1.53726553916931
59.0	0.0
2746.0	0.0
295.0	87.7364349365234
1820.0	1.76691007614136
231.0	0.0
63.0	56.2934112548828
210.0	1.74966263771057
95.0	18.8090858459473
434.0	9.70046329498291
101.0	6.98830795288086
139.0	15.3080883026123
318.0	1.09159016609192
277.0	26.5633316040039
58.0	0.0
85.0	38.5741119384766
287.0	26.9370708465576
415.0	29.656192779541
299.0	0.0
166.0	3.88557052612305
2397.0	2.96944808959961
467.0	0.0
24.0	38.6409568786621
38.0	3.7252902984619103e-09
137.0	0.0
744.0	0.221763610839844
188.0	1.2187203168869
164.0	32.0837783813477
273.0	14.7571773529053
218.0	38.9862632751465
249.0	25.5888614654541
0.0	0.0
326.0	96.2084884643555
898.0	0.0
210.0	0.0
1123.0	7.50449800491333
355.0	0.0
399.0	11.8316974639893
415.0	36.5251388549805
1285.0	21.9047546386719
241.0	38.3268737792969
131.0	54.0027923583984
11.0	22.7521743774414
1570.0	6.81777191162109
245.0	91.4501571655273
1954.0	0.851840853691101
297.0	92.8670272827148
399.0	0.0
88.0	12.8577346801758
103.0	1.02024042606354
324.0	75.4942092895508
275.0	1.23413479328156
710.0	31.2361526489258
143.0	61.8812294006348
522.0	94.9418563842773
1728.0	0.0
267.0	22.0364894866943
166.0	0.0
425.0	24.0776500701904
82.0	0.0
1729.0	0.945754706859589
260.0	4.15220928192139
372.0	3.7252902984619103e-09
187.0	93.7580108642578
83.0	0.0
210.0	12.1018657684326
40.0	47.4761047363281
231.0	50.3605537414551
256.0	0.0
1144.0	0.0
5.0	21.2056179046631
1490.0	0.0
182.0	43.9729270935059
64.0	71.2030792236328
156.0	4.33657932281494
77.0	1.77778387069702
297.0	43.4042854309082
33.0	3.26260685920715
367.0	96.4191513061523
397.0	96.9353485107422
949.0	31.7523956298828
652.0	3.7252902984619103e-09
472.0	2.4661819934845
76.0	1.8626451492309603e-09
403.0	1.9027224779129
1772.0	0.0
751.0	0.0
10.0	26.5016040802002
23.0	5.78464794158936
380.0	96.3290710449219
354.0	1.88162553310394
130.0	5.10282611846924
3.0	0.0
270.0	96.6322021484375
674.0	11.7853708267212
197.0	0.0
59.0	0.0
464.0	1.97341632843018
137.0	28.387716293335
366.0	33.4961357116699
1207.0	0.0
303.0	4.37684488296509
70.0	90.8778381347656
22.0	14.3513517379761
188.0	16.4717750549316
472.0	56.1172523498535
364.0	28.705415725708
521.0	83.3364944458008
235.0	66.1669692993164
305.0	74.013313293457
1112.0	0.0
2319.0	0.0
390.0	55.1502456665039
792.0	10.3250646591187
404.0	21.8211441040039
99.0	0.0
445.0	2.72345924377441
82.0	4.65661287307739e-10
304.0	96.9192581176758
365.0	8.23125743865967
1476.0	0.0
640.0	2.51979565620422
157.0	5.08605003356934
64.0	0.0
514.0	0.243525788187981
78.0	14.8224964141846
751.0	1.17365980148315
198.0	73.6928176879883
221.0	84.7685546875
739.0	0.0
1046.0	10.4712867736816
86.0	21.5381984710693
1597.0	1.51044654846191
111.0	33.3715972900391
436.0	15.4639329910278
17.0	4.36634063720703
91.0	1.49011611938477e-08
279.0	68.4396896362305
118.0	4.86473226547241
290.0	3.98634028434753
428.0	69.8368148803711
91.0	26.9420013427734
323.0	81.3915100097656
1788.0	0.0
1771.0	0.0
1948.0	0.0
2564.0	2.92230916023254
303.0	23.7697296142578
972.0	40.7965698242188
53.0	29.5740795135498
265.0	91.4356155395508
381.0	2.23903894424438
576.0	0.0
25.0	75.3249740600586
290.0	89.4110488891602
46.0	50.5952529907227
776.0	5.41365003585815
133.0	15.9288835525513
292.0	62.3094100952148
224.0	64.2087478637695
69.0	14.9919967651367
339.0	13.7219305038452
222.0	0.0
256.0	88.6259078979492
174.0	76.9662475585938
174.0	34.5179595947266
310.0	80.2533416748047
151.0	56.1639022827148
20.0	10.7861633300781
114.0	12.0882501602173
34.0	10.1937685012817
118.0	83.1986923217773
316.0	24.3928985595703
10.0	17.743013381958
633.0	6.74405717849731
0.0	0.0
185.0	20.1057834625244
58.0	0.0
292.0	55.1717338562012
851.0	12.3683815002441
322.0	85.9027633666992
225.0	84.6073379516602
1746.0	0.0
297.0	0.0
333.0	0.53680431842804
1700.0	0.0
1849.0	9.60507774353027
207.0	39.6450576782227
44.0	0.0
87.0	37.2342109680176
234.0	58.503044128418
207.0	45.6323699951172
53.0	0.0
321.0	0.0
716.0	0.0
289.0	96.0490188598633
92.0	12.7278842926025
101.0	12.5155029296875
305.0	44.6756896972656
135.0	82.7276763916016
93.0	13.619743347168
418.0	0.0
56.0	1.26546323299408
396.0	37.0454902648926
427.0	0.420302391052246
118.0	82.1255722045898
14.0	7.61214017868042
199.0	15.8421058654785
288.0	30.3676815032959
142.0	33.1044273376465
100.0	77.3402481079102
164.0	0.107594080269337
133.0	52.5433616638184
421.0	43.3668518066406
177.0	26.3713607788086
451.0	5.39539957046509
242.0	1.26264488697052
209.0	59.3592872619629
250.0	9.269362449646
393.0	0.0
559.0	22.5945377349854
2252.0	1.29657888412476
593.0	15.7963809967041
202.0	83.0712814331055
300.0	85.6551666259766
724.0	0.0
38.0	13.1857748031616
127.0	0.0
67.0	12.3134498596191
266.0	52.4841461181641
409.0	68.354606628418
428.0	3.21600532531738
4.0	13.619291305542
40.0	3.79221725463867
81.0	50.2790298461914
552.0	3.16450476646423
268.0	7.450580596923831e-09
195.0	50.7234382629395
227.0	19.556058883667
265.0	31.427417755127
919.0	0.0
89.0	9.31322574615479e-10
67.0	46.8331527709961
275.0	0.220770820975304
349.0	10.0087194442749
30.0	7.06836128234863
0.0	0.0
546.0	0.0
575.0	0.0
6.0	12.5690889358521
6.0	3.19464683532715
197.0	76.4391174316406
48.0	60.906120300293
291.0	94.0914459228516
1872.0	0.0
295.0	77.7135696411133
139.0	79.5956344604492
46.0	59.3175010681152
526.0	71.6762847900391
53.0	18.7525081634521
1621.0	0.0
493.0	9.63874053955078
1686.0	2.9103830456733697e-11
225.0	0.0
404.0	0.0
94.0	9.46988487243652
14.0	15.0697269439697
248.0	74.6217269897461
115.0	0.106316700577736
370.0	31.5182933807373
380.0	96.3622512817383
834.0	1.09573745727539
2030.0	1.21762883663177
322.0	33.1366806030273
505.0	10.1512680053711
49.0	7.450580596923831e-09
200.0	80.7454376220703
124.0	31.6225166320801
733.0	32.3678169250488
314.0	89.3577270507813
10.0	0.0
493.0	42.0442352294922
805.0	12.0286855697632
311.0	50.1526756286621
124.0	50.5897941589355
349.0	16.5870590209961
145.0	54.7928009033203
540.0	7.89308929443359
26.0	47.4772720336914
15.0	0.0
161.0	80.491081237793
365.0	19.5015888214111
0.0	0.0
273.0	26.8843593597412
305.0	4.00350713729858
772.0	0.0
320.0	60.0962982177734
584.0	38.4793395996094
563.0	34.8317756652832
1360.0	0.0
2616.0	4.71131038665771
388.0	81.4313888549805
411.0	90.9320449829102
291.0	17.7642040252686
136.0	9.73686790466309
10.0	0.362351626157761
247.0	89.6445693969727
350.0	0.0
60.0	25.3051128387451
6.0	0.0
13.0	87.4128723144531
470.0	30.366870880127
460.0	47.316291809082
361.0	0.76885050535202
5.0	0.12176288664341
117.0	67.6753845214844
263.0	75.5681228637695
881.0	18.4028434753418
360.0	44.7497406005859
188.0	92.1217575073242
350.0	34.0495376586914
284.0	43.0228881835938
249.0	81.378547668457
992.0	14.9590606689453
239.0	90.5904541015625
84.0	0.961432993412018
105.0	14.4788637161255
211.0	5.57365036010742
424.0	12.0185947418213
285.0	91.5381088256836
209.0	71.3257598876953
602.0	0.0
77.0	0.0
229.0	18.7059440612793
292.0	84.7926025390625
2147.0	7.79019451141357
416.0	12.4314680099487
21.0	63.1680793762207
365.0	49.4609603881836
246.0	71.4215316772461
56.0	0.0
28.0	68.0292892456055
190.0	82.1412353515625
94.0	51.654369354248
835.0	12.0229082107544
1276.0	0.0
238.0	55.5719375610352
512.0	4.41583633422852
249.0	68.8051986694336
411.0	92.8647308349609
100.0	27.0956764221191
8.0	11.2350606918335
21.0	1.78494000434875
233.0	83.1672515869141
333.0	20.6570816040039
387.0	96.5370025634766
271.0	83.407112121582
1176.0	15.1132221221924
421.0	1.56484735012054
393.0	96.1824951171875
139.0	19.6856727600098
920.0	1.21762883663177
1272.0	0.0
238.0	81.3142929077148
757.0	5.16062021255493
92.0	28.1865272521973
617.0	13.9291009902954
280.0	75.2805404663086
359.0	32.1030044555664
51.0	29.1979293823242
225.0	2.98023223876953e-08
16.0	0.108386516571045
642.0	88.8015365600586
219.0	0.0
84.0	49.6116333007813
2249.0	0.0
378.0	0.0
159.0	35.429630279541
213.0	90.0697174072266
775.0	12.0831174850464
29.0	20.9522285461426
1473.0	1.19209289550781e-07
177.0	1.86589133739471
284.0	0.0
241.0	95.3941955566406
263.0	51.4710388183594
36.0	69.4811630249023
46.0	0.259765863418579
2038.0	5.30290079116821
283.0	1.3870347738266
488.0	59.8535385131836
2924.0	0.0
85.0	0.0
440.0	5.23066902160645
262.0	95.1088104248047
1145.0	0.0
548.0	39.4343948364258
804.0	4.51683712005615
280.0	5.1165943145752
122.0	66.4547119140625
1847.0	3.98525738716125
368.0	66.1174392700195
558.0	66.8122863769531
287.0	89.5143203735352
33.0	25.2685585021973
216.0	0.953317880630493
361.0	86.6589202880859
354.0	7.56737089157104
54.0	49.9029312133789
50.0	23.30690574646
413.0	95.8871612548828
256.0	2.58419275283813
169.0	13.7664594650269
307.0	49.5501747131348
97.0	71.015625
213.0	0.0
286.0	37.2672233581543
769.0	30.9716529846191
88.0	56.2482872009277
270.0	41.3054351806641
628.0	37.1618270874023
129.0	0.0
4.0	0.0
235.0	55.0995674133301
71.0	52.4225234985352
113.0	1.09038925170898
66.0	0.0
32.0	43.2690544128418
195.0	96.746223449707
275.0	72.1090698242188
65.0	0.0
185.0	0.0
113.0	7.38747119903564
168.0	0.0
927.0	0.0
212.0	59.2996635437012
1273.0	1.21762883663177
24.0	18.7303409576416
1354.0	0.0
1204.0	0.0
132.0	44.8337898254395
487.0	0.0
102.0	28.1923923492432
147.0	6.9683632850647
484.0	0.0
213.0	68.3878479003906
554.0	2.55253982543945
273.0	2.83969712257385
369.0	0.733472168445587
1665.0	2.26370239257813
299.0	87.6005783081055
2209.0	5.09125518798828
1215.0	11.2951431274414
344.0	47.3512535095215
317.0	30.6364116668701
714.0	0.0
365.0	1.54961514472961
719.0	64.2293167114258
240.0	67.1216430664063
577.0	0.0
162.0	68.8635787963867
472.0	19.9170970916748
2.0	0.0
2475.0	4.51891231536865
891.0	3.64779686927795
1368.0	7.47193908691406
23.0	26.2314014434814
584.0	5.51225280761719
5.0	0.0
32.0	59.6463432312012
0.0	0.0
348.0	25.1898860931396
1000.0	10.8708038330078
12.0	74.6087036132813
891.0	9.5367431640625e-07
266.0	0.477960348129272
1795.0	1.33136761188507
348.0	0.0
1509.0	1.32410335540771
628.0	0.0
206.0	62.5601272583008
1.0	0.0
117.0	2.16523551940918
345.0	41.6400871276855
43.0	1.04571223258972
136.0	37.3263206481934
260.0	15.3818511962891
383.0	2.50095629692078
175.0	0.0
1274.0	0.0
75.0	24.2403888702393
195.0	18.116060256958
309.0	62.3564529418945
473.0	64.984130859375
246.0	0.0
596.0	0.639313161373138
27.0	71.7496948242188
137.0	79.6906356811523
0.0	0.0
277.0	22.8194427490234
506.0	66.2582092285156
742.0	14.0856847763062
162.0	42.6224021911621
242.0	27.3131008148193
242.0	28.5594520568848
1451.0	2.06565427780151
1011.0	0.0
278.0	82.4790496826172
186.0	84.4348449707031
2574.0	1.0460262298584
247.0	29.7334041595459
300.0	0.0
1434.0	0.0
257.0	3.7252902984619103e-09
170.0	74.8735961914063
17.0	21.5064582824707
2168.0	1.03924453258514
269.0	28.8843765258789
49.0	0.0
623.0	54.8824005126953
139.0	53.6021537780762
220.0	30.997350692749
326.0	83.9652404785156
285.0	46.5835113525391
1015.0	0.0
5.0	0.0
269.0	40.9145393371582
270.0	64.8383102416992
280.0	71.9078521728516
928.0	0.0
367.0	3.57375192642212
355.0	18.2713813781738
832.0	0.0
347.0	0.0
23.0	82.7734680175781
376.0	3.19025421142578
13.0	0.0
1660.0	0.0
200.0	83.0544967651367
15.0	3.30671858787537
117.0	45.5304794311523
506.0	0.0
33.0	0.0
879.0	1.76115453243256
253.0	95.4314193725586
565.0	11.3686656951904
197.0	4.10040140151978
729.0	0.0
599.0	0.0
272.0	1.26860105991364
402.0	65.5611419677734
112.0	48.4277648925781
109.0	48.7450714111328
2320.0	1.94820606708527
263.0	84.2344741821289
60.0	0.0
260.0	0.0
1041.0	0.0
1519.0	0.0
2476.0	0.364643335342407
361.0	0.0
392.0	94.1088943481445
531.0	67.4380340576172
159.0	16.6885833740234
260.0	0.0
247.0	4.76837158203125e-07
91.0	71.6407623291016
116.0	68.5923919677734
3.0	7.51919078826904
401.0	96.7627105712891
1048.0	3.814697265625e-06
208.0	80.0121612548828
217.0	2.42310523986816
221.0	0.0
146.0	12.0431814193726
132.0	5.09999752044678
998.0	1.19209289550781e-07
123.0	0.0
22.0	0.0
182.0	11.2046194076538
1385.0	0.0
1289.0	0.0
67.0	0.436431884765625
111.0	0.0
754.0	0.0
82.0	0.817054510116577
733.0	0.0
855.0	11.7751331329346
314.0	84.0122528076172
0.0	0.0
124.0	12.7232799530029
699.0	35.1831932067871
308.0	88.336181640625
383.0	93.9819488525391
302.0	38.1328201293945
1224.0	0.0
133.0	57.6572418212891
179.0	80.6592636108398
228.0	89.6232147216797
316.0	95.8091735839844
2.0	33.6575660705566
190.0	4.60711717605591
180.0	8.47320175170898
118.0	0.0
1453.0	2.15176963806152
213.0	68.0516357421875
139.0	81.6314086914063
264.0	75.4376220703125
122.0	14.8614025115967
280.0	0.835404217243195
68.0	32.0885162353516
348.0	95.7214508056641
114.0	16.2015132904053
611.0	1.49011611938477e-08
271.0	0.0
238.0	72.1794891357422
1257.0	2.98023223876953e-08
310.0	13.4553089141846
59.0	37.0786399841309
1291.0	3.14752674102783
8.0	0.0
23.0	1.02961480617523
245.0	23.4978065490723
1325.0	0.0
29.0	21.7153873443604
868.0	1.59462523460388
371.0	44.247730255127
380.0	28.2366218566895
461.0	3.7252902984619103e-09
25.0	25.4032707214355
121.0	17.2339019775391
68.0	25.650785446167
978.0	1.18291759490967
493.0	27.3017501831055
155.0	39.1273536682129
160.0	20.7104053497314
247.0	3.47626209259033
348.0	14.1765727996826
14.0	0.0
297.0	96.0934982299805
283.0	18.3021945953369
93.0	42.8191757202148
42.0	0.0
230.0	0.0
218.0	7.450580596923831e-09
285.0	67.1977462768555
337.0	90.4445114135742
342.0	4.65661287307739e-10
822.0	25.1085681915283
220.0	76.9561157226563
347.0	0.0
56.0	0.0
392.0	0.391271412372589
285.0	5.43787288665771
6.0	51.0624389648438
151.0	0.0
260.0	6.21676731109619
662.0	17.0486850738525
447.0	1.92328286170959
221.0	9.51619625091553
1070.0	0.587051391601563
1075.0	0.0
70.0	1.9588143825531
175.0	0.0
12.0	11.6547317504883
672.0	42.1310920715332
423.0	2.03613901138306
918.0	0.0
449.0	0.0
487.0	8.31387233734131
414.0	88.6728668212891
311.0	0.0
104.0	25.3733787536621
83.0	8.61197185516357
5.0	51.8185539245605
293.0	25.5692749023438
255.0	28.2025318145752
247.0	0.0
221.0	96.5951538085938
2179.0	1.03939175605774
240.0	7.450580596923831e-09
16.0	42.8432960510254
100.0	41.8620071411133
341.0	0.556227266788483
329.0	95.3706970214844
322.0	39.057056427002
395.0	6.55360460281372
10.0	34.4559211730957
485.0	4.13756465911865
1547.0	0.0
19.0	59.2957229614258
468.0	16.5624217987061
544.0	48.8042449951172
363.0	92.6829833984375
347.0	96.7353210449219
32.0	41.3874397277832
622.0	37.562572479248
518.0	0.0
1325.0	1.70468044281006
256.0	64.9472427368164
115.0	80.1571578979492
677.0	11.1842336654663
42.0	12.938796043396
435.0	0.0
476.0	3.92340111732483
339.0	96.0031356811523
375.0	54.9896621704102
224.0	67.2631454467773
190.0	2.98023223876953e-08
245.0	21.5055408477783
220.0	66.2288513183594
146.0	4.51037216186523
230.0	5.84053230285645
38.0	14.9413270950317
1936.0	0.0
248.0	21.1902618408203
752.0	6.51570844650269
417.0	85.8407592773438
1813.0	0.185218811035156
471.0	53.7802505493164
289.0	58.7356491088867
2125.0	12.397931098938
105.0	38.8464813232422
13.0	27.282205581665
92.0	0.0
221.0	3.12702441215515
634.0	80.6800079345703
225.0	62.4407615661621
2360.0	0.0
831.0	0.0
1297.0	0.0
10.0	0.269569396972656
93.0	45.3935127258301
347.0	74.8500137329102
563.0	11.6204843521118
550.0	0.0
285.0	48.9259262084961
376.0	96.8117904663086
179.0	7.87650442123413
1217.0	5.33254289627075
402.0	9.88804912567139
8.0	63.385684967041
90.0	21.936580657959
178.0	88.395133972168
215.0	67.9908065795898
630.0	0.0
229.0	57.6429061889648
158.0	26.8446655273438
237.0	89.8846893310547
80.0	10.6217527389526
711.0	6.90212535858154
262.0	87.7193450927734
2073.0	0.172992825508118
1808.0	2.1950740814209
348.0	0.0
206.0	37.10888671875
776.0	11.8807029724121
1367.0	0.0
265.0	85.9926300048828
190.0	26.0465717315674
286.0	9.34537696838379
50.0	0.0
2788.0	0.143525764346123
417.0	64.4562454223633
344.0	81.8684692382813
562.0	0.0
871.0	4.81631469726563
1327.0	0.0
399.0	20.8156394958496
364.0	50.6724052429199
220.0	93.6564025878906
584.0	18.9473133087158
198.0	94.3463439941406
42.0	3.52688789367676
1195.0	7.5010929107666
9.0	6.27739667892456
499.0	73.0163726806641
154.0	81.9175720214844
353.0	33.3064117431641
169.0	7.60997438430786
265.0	84.243782043457
161.0	65.1688919067383
169.0	43.1882400512695
378.0	41.7039756774902
416.0	18.8586082458496
429.0	0.0
198.0	48.151741027832
117.0	21.5188255310059
85.0	61.7536697387695
258.0	86.2008361816406
65.0	0.90211808681488
813.0	0.0
907.0	21.6907215118408
80.0	4.79078340530396
864.0	0.0
279.0	96.5635528564453
442.0	12.9184913635254
1285.0	0.0
873.0	12.0195293426514
258.0	3.22507786750793
396.0	13.8902187347412
2707.0	0.0
68.0	0.0
1008.0	11.9494113922119
448.0	71.1795272827148
40.0	0.0
393.0	42.017822265625
87.0	1.37253189086914
210.0	93.5788879394531
506.0	0.0
181.0	0.809390246868134
249.0	81.0843048095703
130.0	42.4592933654785
232.0	29.5862560272217
1138.0	0.0
30.0	0.0
208.0	12.203218460083
245.0	4.68015146255493
352.0	95.1432342529297
370.0	0.701171278953552
216.0	81.9127655029297
493.0	0.0
2766.0	0.107644326984882
146.0	87.3001251220703
119.0	22.9034519195557
1265.0	10.6396560668945
1893.0	9.78698921203613
15.0	0.0
487.0	0.821585178375244
224.0	12.5570192337036
326.0	11.6704292297363
5.0	0.0
2226.0	9.3750114440918
1748.0	5.39079666137695
209.0	80.6645660400391
319.0	38.5745964050293
1982.0	0.0
1585.0	0.0
1276.0	7.03831720352173
166.0	85.7256317138672
0.0	0.0
118.0	8.80679321289063
179.0	37.5986137390137
315.0	2.90747404098511
1010.0	1.8626451492309603e-09
1057.0	0.0
1275.0	8.49838638305664
161.0	81.7179946899414
113.0	77.8009643554688
32.0	44.6434516906738
98.0	0.0
2.0	7.95102977752686
572.0	10.8997116088867
122.0	6.00873517990112
278.0	70.636116027832
2335.0	1.33216238021851
123.0	5.10478782653809
85.0	0.121661894023418
295.0	73.2238082885742
337.0	47.6109848022461
594.0	0.0
344.0	84.4186248779297
106.0	0.0670166015625
379.0	18.1122055053711
7.0	4.06286430358887
717.0	19.1116180419922
356.0	91.6347198486328
118.0	79.8637237548828
208.0	90.638786315918
636.0	12.1805629730225
394.0	96.5406494140625
405.0	30.2670421600342
1285.0	0.0
577.0	45.8361701965332
232.0	52.1896438598633
87.0	12.1694221496582
22.0	0.0
184.0	86.8402709960938
343.0	3.77271914482117
242.0	93.6181640625
1.0	0.0
838.0	1.95276808738708
153.0	28.8702526092529
274.0	67.2532730102539
1925.0	0.0
204.0	53.8361473083496
322.0	96.0284957885742
38.0	2.23519659042358
708.0	0.0
58.0	0.791297256946564
786.0	20.7483081817627
154.0	61.9638404846191
236.0	0.0
1507.0	0.780577659606934
333.0	92.9160690307617
783.0	12.2174644470215
20.0	0.0
100.0	59.4056549072266
553.0	54.4001235961914
293.0	76.8932037353516
278.0	78.2340316772461
301.0	37.6423835754395
394.0	64.1562423706055
104.0	59.1435508728027
814.0	0.0
1284.0	2.31108379364014
133.0	0.0
34.0	0.0
17.0	25.4346942901611
1223.0	7.73456954956055
1727.0	0.0
69.0	0.0
556.0	0.0
86.0	49.7849159240723
1761.0	6.4534330368042
31.0	0.0
206.0	41.9892921447754
139.0	8.96513080596924
266.0	61.7832260131836
1790.0	5.35718965530396
283.0	60.4756660461426
43.0	6.9472508430481
21.0	41.8590660095215
369.0	9.76698112487793
114.0	40.2041854858398
395.0	2.53203368186951
159.0	6.24188947677612
217.0	82.7360153198242
330.0	96.6974029541016
67.0	0.0
91.0	12.603720664978
481.0	31.578010559082
509.0	10.8467292785645
287.0	0.0
105.0	12.9274921417236
386.0	95.851432800293
508.0	61.1787338256836
68.0	39.1629867553711
329.0	96.4083557128906
132.0	7.10111379623413
732.0	7.450580596923831e-09
240.0	95.0974273681641
255.0	47.4757118225098
143.0	51.3439178466797
257.0	0.0
1.0	0.0
209.0	94.9182662963867
68.0	30.0185546875
195.0	0.0
665.0	10.8962755203247
908.0	32.8641204833984
266.0	48.3646278381348
1318.0	0.0
92.0	14.0274152755737
8.0	0.0619909763336182
587.0	29.4564895629883
379.0	80.6020660400391
310.0	88.1873626708984
1303.0	15.0686264038086
17.0	47.4689712524414
1936.0	0.0
240.0	95.1730651855469
546.0	5.08759784698486
2512.0	5.10642147064209
427.0	3.7252902984619103e-09
844.0	2.06762862205505
191.0	0.0
52.0	88.4339218139648
905.0	19.6034202575684
252.0	40.0176544189453
371.0	87.3910903930664
34.0	54.3523750305176
259.0	4.93144702911377
524.0	0.0
126.0	17.6671714782715
40.0	23.9279441833496
402.0	84.0186233520508
289.0	69.1240463256836
229.0	45.9810447692871
580.0	34.8332633972168
261.0	69.9227828979492
1812.0	0.0
1575.0	0.0
26.0	73.9255065917969
9.0	47.8965873718262
123.0	0.0
815.0	0.947071552276611
286.0	75.6455001831055
127.0	9.31322574615479e-10
149.0	81.3016510009766
310.0	76.5639419555664
217.0	0.0
58.0	13.0333213806152
7.0	16.1391849517822
676.0	6.77506637573242
0.0	0.0
133.0	72.6203079223633
302.0	20.3277797698975
112.0	27.8087940216064
113.0	63.0187835693359
1114.0	26.4047012329102
206.0	94.3970642089844
214.0	22.9249324798584
120.0	80.7164459228516
59.0	51.3247261047363
631.0	9.31322574615479e-10
5.0	43.7315673828125
186.0	0.0
402.0	71.344970703125
977.0	0.0
13.0	0.573497295379639
185.0	69.5918655395508
1485.0	0.0
242.0	4.69524383544922
458.0	7.77385187149048
82.0	22.9423561096191
432.0	81.6268081665039
135.0	12.0591449737549
414.0	46.5041465759277
388.0	71.2684326171875
457.0	73.5671768188477
289.0	94.7162628173828
392.0	33.6965179443359
69.0	47.7649955749512
323.0	92.8248901367188
362.0	75.5608825683594
405.0	41.1243858337402
281.0	67.5186920166016
12.0	4.21667194366455
160.0	7.450580596923831e-09
462.0	83.5571975708008
218.0	70.7834548950195
361.0	12.9319887161255
96.0	77.8686065673828
369.0	75.6980743408203
92.0	0.880577266216278
237.0	0.237888962030411
401.0	43.8299026489258
645.0	0.0
3091.0	2.98023223876953e-08
59.0	53.917106628418
1006.0	0.0
165.0	52.1540718078613
111.0	39.8262825012207
138.0	0.0
233.0	68.4229278564453
76.0	0.0
2.0	0.0
373.0	20.0242881774902
316.0	4.65661287307739e-10
87.0	0.0
462.0	0.0
95.0	3.16243958473206
367.0	2.98023223876953e-08
540.0	48.4019012451172
346.0	58.8282279968262
310.0	66.551025390625
219.0	9.31322574615479e-10
372.0	2.55664873123169
207.0	1.65931677818298
60.0	31.8245811462402
19.0	0.0
447.0	91.6565704345703
477.0	85.7481155395508
13.0	22.0063819885254
155.0	25.3109321594238
2709.0	0.717470169067383
208.0	71.3049850463867
187.0	74.8069458007813
892.0	0.0
508.0	0.0
272.0	0.0
268.0	71.2436218261719
222.0	50.3039703369141
322.0	89.9820709228516
2078.0	1.19209289550781e-07
197.0	91.4831466674805
281.0	26.0947303771973
113.0	2.98023223876953e-08
334.0	41.353343963623
35.0	5.63885021209717
49.0	2.27767491340637
795.0	10.6766176223755
140.0	7.450580596923831e-09
70.0	0.0
285.0	40.9137306213379
334.0	19.7078704833984
1043.0	18.9739475250244
22.0	26.2582168579102
500.0	5.7052640914917
401.0	57.2677536010742
1714.0	0.726778268814087
267.0	6.58623266220093
229.0	69.6274948120117
280.0	85.1205520629883
919.0	22.9268341064453
362.0	76.7315368652344
160.0	15.8618631362915
384.0	83.1597366333008
706.0	30.2886867523193
88.0	16.6880130767822
435.0	76.6469192504883
87.0	15.0727109909058
19.0	11.3637828826904
100.0	11.4547863006592
941.0	0.0
306.0	81.2263336181641
65.0	45.5072822570801
6.0	0.0
628.0	17.3309688568115
463.0	45.5041770935059
373.0	2.3283064365387004e-10
1835.0	0.300388336181641
0.0	0.0
145.0	35.1271018981934
1514.0	1.46115469932556
271.0	16.6488056182861
230.0	35.9025726318359
461.0	16.7866477966309
194.0	21.1291542053223
389.0	86.0570068359375
1583.0	4.20945930480957
151.0	50.2543106079102
290.0	9.02088832855225
184.0	90.3218154907227
311.0	91.0025253295898
74.0	0.0
118.0	4.65661287307739e-10
422.0	59.6885261535645
296.0	22.3982791900635
242.0	0.0
136.0	0.0
277.0	17.9492416381836
62.0	0.0
790.0	12.1186389923096
2630.0	0.0
339.0	96.0750045776367
666.0	29.4303512573242
354.0	0.0
290.0	74.0032196044922
633.0	19.3297290802002
85.0	10.9595756530762
252.0	48.390251159668
255.0	95.8824615478516
330.0	11.1735010147095
527.0	0.0
519.0	0.0
9.0	26.1184844970703
1082.0	8.78797340393066
196.0	25.9639930725098
1597.0	11.5308504104614
43.0	9.31725597381592
6.0	25.4019432067871
247.0	63.7512397766113
10.0	0.0
554.0	12.1125812530518
123.0	81.7294540405273
424.0	81.262580871582
535.0	39.1086158752441
801.0	29.7282867431641
901.0	25.2969284057617
0.0	0.0
232.0	20.9134712219238
33.0	67.7612457275391
475.0	20.0736865997314
242.0	0.0
303.0	0.0
825.0	32.0403442382813
194.0	50.9516792297363
1225.0	0.0
169.0	0.0
61.0	29.0963859558105
149.0	0.0
292.0	89.7607650756836
554.0	52.4125480651855
1311.0	0.0
853.0	0.0
577.0	4.4781608581543
1515.0	0.0
6.0	0.0
504.0	84.3633041381836
436.0	1.91375863552094
281.0	71.8148345947266
459.0	80.2052536010742
264.0	36.8895149230957
1652.0	0.0
1648.0	0.0
30.0	54.1197814941406
292.0	1.22278022766113
239.0	0.619837284088135
1186.0	24.6626663208008
33.0	48.5222778320313
338.0	73.7068481445313
144.0	1.49011611938477e-08
95.0	64.290657043457
176.0	60.4406318664551
231.0	2.98023223876953e-08
99.0	43.3544807434082
62.0	2.05473041534424
394.0	5.77395439147949
596.0	0.0
48.0	11.3684282302856
0.0	0.0
256.0	19.0786781311035
396.0	54.0947761535645
68.0	27.1346168518066
382.0	0.0
102.0	50.8190307617188
432.0	67.7252349853516
84.0	10.4586753845215
292.0	0.0
1502.0	0.241334050893784
300.0	52.0460433959961
163.0	78.7749862670898
90.0	3.07676696777344
170.0	0.0
364.0	86.0099792480469
177.0	89.0800628662109
6.0	0.0
834.0	19.596622467041
1881.0	0.0
74.0	43.6574401855469
142.0	26.1042003631592
30.0	0.302642822265625
388.0	96.746955871582
443.0	17.8365516662598
341.0	90.5793762207031
36.0	0.0
1158.0	9.40200710296631
799.0	24.603084564209
587.0	81.3326721191406
1768.0	0.0
554.0	16.5729904174805
325.0	96.6968231201172
3195.0	0.0
901.0	7.450580596923831e-09
45.0	87.9258728027344
65.0	24.0048236846924
73.0	59.7434921264648
134.0	73.3190460205078
213.0	36.6721878051758
252.0	78.8643188476563
339.0	34.1398696899414
149.0	54.3549156188965
359.0	77.6384582519531
-1.0	9.17871475219727
1275.0	0.0
132.0	39.5165176391602
1675.0	0.0
291.0	3.00676798820496
23.0	8.97301864624023
17.0	26.7732028961182
52.0	1.14289474487305
255.0	83.4447174072266
841.0	12.6837511062622
1121.0	1.82584667205811
100.0	12.0558214187622
517.0	28.7556953430176
10.0	4.22416353225708
10.0	0.0
317.0	7.450580596923831e-09
341.0	0.0
206.0	0.0
150.0	0.0
167.0	27.4283466339111
118.0	40.3422050476074
1346.0	0.742867946624756
178.0	10.2367877960205
730.0	32.341739654541
200.0	1.65539491176605
17.0	73.4587478637695
10.0	0.0
60.0	0.0
494.0	0.0
217.0	60.1140899658203
346.0	96.6232070922852
950.0	0.0
7.0	0.0
24.0	2.49045896530151
74.0	82.8142471313477
170.0	38.054874420166
41.0	47.1348152160645
59.0	0.220764607191086
53.0	20.5139579772949
277.0	8.63942050933838
54.0	91.8542404174805
100.0	3.36182355880737
6.0	50.7076797485352
489.0	55.2153472900391
72.0	12.8255481719971
318.0	31.7585391998291
15.0	10.5405464172363
172.0	8.06047439575195
337.0	2.44072031974792
112.0	21.4783611297607
399.0	2.64173173904419
22.0	59.0378112792969
126.0	0.0
402.0	16.7558670043945
816.0	29.6451759338379
2327.0	1.01370239257813
315.0	0.0
540.0	23.1738758087158
300.0	96.6652679443359
165.0	64.10205078125
281.0	84.2614059448242
719.0	0.0
433.0	0.0
290.0	22.4930229187012
78.0	66.7233123779297
340.0	20.0248241424561
602.0	0.485882639884949
333.0	80.2615127563477
418.0	0.0
288.0	84.9264068603516
548.0	12.1247291564941
53.0	94.5790100097656
242.0	19.4235210418701
273.0	3.33314609527588
551.0	30.9843273162842
288.0	1.24501347541809
328.0	11.0919628143311
234.0	0.0
167.0	31.849781036377
293.0	68.4875717163086
434.0	30.1632843017578
302.0	81.3714294433594
9.0	9.85826587677002
1005.0	4.25832843780518
616.0	31.1444282531738
3.0	0.0
262.0	30.7515659332275
216.0	28.9649085998535
709.0	33.3244667053223
1349.0	0.0
440.0	20.6249256134033
456.0	0.527586340904236
258.0	0.0
818.0	9.18790817260742
1360.0	0.857430338859558
274.0	66.5374298095703
390.0	8.83369445800781
255.0	1.77005887031555
451.0	30.7894878387451
711.0	0.0
1467.0	0.0
125.0	70.903076171875
935.0	0.121762931346893
0.0	0.0
1091.0	0.0
181.0	78.3050155639648
94.0	71.9298553466797
250.0	2.58279657363892
242.0	9.67465972900391
1150.0	9.5367431640625e-07
171.0	76.0300064086914
291.0	81.9862518310547
95.0	14.2539834976196
1401.0	0.0
488.0	26.5707569122314
242.0	80.6527252197266
268.0	81.8345260620117
228.0	3.7252902984619103e-09
329.0	74.5320205688477
128.0	15.8934307098389
667.0	16.3514671325684
259.0	6.98856163024902
34.0	6.72741985321045
549.0	61.9827499389648
280.0	4.47392845153809
91.0	12.7877130508423
1008.0	0.0
1563.0	0.0
0.0	0.0
51.0	0.0
125.0	79.603759765625
273.0	19.3652629852295
173.0	0.697367668151855
462.0	82.7750091552734
231.0	13.3098669052124
99.0	41.8603630065918
451.0	15.5196952819824
119.0	7.87656259536743
445.0	2.98023223876953e-08
2066.0	1.21762883663177
216.0	14.8485107421875
236.0	17.0527801513672
185.0	10.3915643692017
483.0	94.8779525756836
615.0	0.0
623.0	56.2125282287598
845.0	0.0
226.0	0.0
1767.0	1.42972707748413
513.0	60.6154594421387
404.0	88.9523010253906
131.0	46.6663970947266
1232.0	3.04336595535278
363.0	33.8931007385254
1995.0	4.20405673980713
27.0	18.2497005462646
209.0	95.0151062011719
21.0	6.33332920074463
83.0	5.72978830337524
820.0	1.10160970687866
1098.0	3.814697265625e-06
33.0	11.4946355819702
1265.0	6.00936079025269
331.0	55.0412254333496
90.0	8.92779350280762
969.0	0.0
698.0	0.0
1006.0	0.744695782661438
248.0	95.7663879394531
1057.0	0.0
10.0	14.5178985595703
273.0	45.8435707092285
2114.0	3.02961730957031
118.0	26.9984035491943
653.0	0.0
73.0	0.602355122566223
351.0	74.9957504272461
340.0	19.7180767059326
503.0	0.443525314331055
440.0	2.06115341186523
314.0	81.1451873779297
1029.0	3.814697265625e-06
101.0	16.0057697296143
766.0	0.0
0.0	0.0
260.0	81.263313293457
276.0	95.8249816894531
125.0	4.39186143875122
154.0	11.2775478363037
61.0	40.363151550293
295.0	34.2730827331543
1063.0	12.033634185791
653.0	4.60725355148315
60.0	10.0059080123901
338.0	56.0356674194336
1837.0	0.0
202.0	13.1166286468506
260.0	79.76416015625
190.0	27.5495567321777
7.0	0.0
311.0	93.2990646362305
219.0	7.76156520843506
228.0	43.581844329834
378.0	13.2046804428101
1098.0	16.6571063995361
320.0	68.4152984619141
210.0	96.7876358032227
2447.0	0.358814418315887
301.0	93.5436172485352
411.0	0.0
49.0	31.1979789733887
269.0	92.629264831543
28.0	0.0
1472.0	0.0
999.0	0.0
214.0	74.1419830322266
257.0	89.1897811889648
719.0	3.64150166511536
738.0	25.8715667724609
1406.0	0.0
547.0	24.8837089538574
192.0	3.7252902984619103e-09
325.0	96.328727722168
157.0	61.3580131530762
310.0	1.27002060413361
35.0	2.63035821914673
992.0	9.30163860321045
259.0	16.3508930206299
112.0	7.450580596923831e-09
293.0	25.2507171630859
345.0	59.5111618041992
12.0	0.473830014467239
248.0	68.1995315551758
86.0	3.7252902984619103e-09
673.0	23.5197887420654
2748.0	8.57214546203613
43.0	0.0
254.0	96.5368041992188
261.0	91.8974990844727
1698.0	0.0
208.0	57.0932464599609
29.0	3.814697265625e-06
1417.0	0.0
598.0	33.6677627563477
8.0	16.6514930725098
154.0	68.9494323730469
0.0	0.0
0.0	0.0
97.0	52.7016983032227
767.0	21.9286556243896
625.0	26.3672389984131
5.0	4.98115062713623
357.0	96.0912857055664
248.0	55.5305366516113
44.0	53.6245574951172
388.0	0.0
88.0	0.0
568.0	0.0
359.0	27.5363883972168
360.0	82.6507568359375
772.0	12.292010307312
605.0	0.0
431.0	0.0
1245.0	0.0
299.0	95.5692138671875
645.0	6.08776044845581
1850.0	0.0
543.0	12.3191890716553
16.0	26.34228515625
238.0	81.2864608764648
279.0	0.0
528.0	0.0
572.0	16.5430908203125
211.0	67.0435485839844
382.0	30.6606750488281
152.0	53.8650665283203
232.0	4.38565969467163
32.0	7.39473533630371
231.0	0.0
24.0	0.0
753.0	4.62698984146118
19.0	41.6890029907227
242.0	78.3820114135742
52.0	59.8436393737793
181.0	0.0
866.0	51.1235046386719
27.0	10.865213394165
4.0	0.0
1908.0	0.12176288664341
403.0	22.7501239776611
1184.0	0.0
71.0	68.5791931152344
326.0	67.4031448364258
308.0	0.0
3425.0	0.0
255.0	94.3687057495117
312.0	80.3569030761719
2512.0	1.42644309997559
3.0	0.0
632.0	1.14036512374878
0.0	14.8282146453857
948.0	12.0303516387939
1180.0	0.0
497.0	1.27557837963104
75.0	29.3348236083984
8.0	28.25901222229
0.0	0.0
236.0	28.1913909912109
262.0	42.130485534668
2587.0	4.37798452377319
267.0	12.3093719482422
874.0	27.6876068115234
69.0	2.40462064743042
309.0	77.336296081543
25.0	26.3822250366211
184.0	3.06347322463989
900.0	18.351203918457
20.0	0.0
289.0	87.3612823486328
261.0	0.0
120.0	57.320198059082
224.0	96.021484375
216.0	0.0
90.0	66.8553085327148
382.0	0.0
175.0	82.8831939697266
283.0	41.4994926452637
154.0	43.8606224060059
544.0	0.0
230.0	73.8086929321289
89.0	40.7793426513672
233.0	7.35772514343262
261.0	0.0
2480.0	0.121762990951538
366.0	4.65661287307739e-10
8.0	6.1839747428894
46.0	0.0
462.0	10.8290824890137
449.0	1.2086364030838
80.0	0.0
903.0	1.45940136909485
192.0	70.6220092773438
10.0	2.01040458679199
20.0	8.86338424682617
19.0	0.68705153465271
691.0	0.0
45.0	13.4521751403809
182.0	93.8062210083008
244.0	13.2831001281738
216.0	0.0
272.0	41.413013458252
322.0	0.0
501.0	65.8726196289063
56.0	0.0
321.0	40.2581253051758
178.0	10.3604831695557
120.0	89.0499038696289
43.0	23.9755325317383
234.0	79.2882385253906
348.0	96.6555099487305
359.0	7.96652555465698
240.0	76.4382095336914
39.0	82.7836685180664
185.0	0.0
747.0	0.0
193.0	83.0381469726563
4.0	9.4010648727417
312.0	29.9854850769043
128.0	8.06312656402588
90.0	2.42789363861084
6.0	0.0
76.0	11.7095508575439
267.0	84.4540023803711
198.0	80.8014678955078
305.0	93.5250396728516
42.0	47.1441268920898
577.0	7.38806247711182
312.0	78.6307983398438
116.0	9.71663093566895
1560.0	0.0
1849.0	0.0
57.0	31.2987403869629
31.0	56.5788269042969
211.0	0.58488392829895
165.0	0.0
463.0	6.43525791168213
200.0	91.7804260253906
446.0	37.7052764892578
248.0	36.2086524963379
347.0	17.761754989624
671.0	11.9767189025879
2.0	0.0
139.0	56.3178215026855
29.0	37.1214561462402
1597.0	2.21762847900391
932.0	0.0
395.0	31.6189041137695
18.0	13.7032976150513
996.0	9.05641746520996
2075.0	0.845865964889526
573.0	13.3034534454346
204.0	41.9792289733887
529.0	0.0
246.0	96.5979614257813
253.0	40.0393218994141
410.0	45.5845832824707
1154.0	15.3734016418457
201.0	56.1754417419434
1066.0	24.0353298187256
96.0	0.0
392.0	76.0724258422852
34.0	34.1787033081055
407.0	5.33265161514282
178.0	7.12959384918213
283.0	93.2583999633789
366.0	55.786922454834
1797.0	0.0
228.0	22.8321971893311
688.0	4.76837158203125e-07
334.0	44.9260940551758
304.0	8.79616928100586
254.0	11.933217048645
924.0	1.10234069824219
432.0	10.925910949707
304.0	16.5505847930908
457.0	30.0420169830322
3.0	0.0
253.0	75.4967956542969
1398.0	0.0
251.0	19.3765144348145
464.0	76.5871429443359
634.0	0.0
361.0	0.0
53.0	61.112232208252
10.0	27.2826251983643
270.0	84.2061309814453
860.0	0.0
91.0	27.8687705993652
0.0	0.0
1833.0	0.0
304.0	56.2820014953613
117.0	22.3531875610352
919.0	0.0
128.0	47.5345115661621
752.0	0.0
433.0	24.310131072998
21.0	1.86739301681519
520.0	6.86351776123047
262.0	0.844653129577637
343.0	82.1738586425781
315.0	94.4071731567383
380.0	32.4031181335449
365.0	0.0
71.0	0.0
509.0	96.5888214111328
470.0	22.8428764343262
310.0	89.1080703735352
218.0	96.6334075927734
87.0	12.1371746063232
127.0	23.8129234313965
467.0	0.0
265.0	39.7690620422363
583.0	29.9313850402832
1515.0	0.0
106.0	30.4304275512695
110.0	3.12324690818787
224.0	56.6348838806152
405.0	22.3903179168701
440.0	0.0
370.0	2.80037331581116
278.0	92.3354110717773
304.0	96.1834716796875
1955.0	0.242429971694946
42.0	2.30948352813721
499.0	28.152400970459
784.0	0.0
22.0	0.0
917.0	19.2417488098145
164.0	55.7169609069824
896.0	9.5367431640625e-07
250.0	12.6344795227051
215.0	63.9721755981445
1539.0	0.0
697.0	33.2136306762695
125.0	3.07194113731384
367.0	85.4593887329102
431.0	23.5544319152832
212.0	6.57062721252441
646.0	39.5121994018555
1438.0	0.12176288664341
2085.0	0.0
621.0	11.3850011825562
140.0	8.31678295135498
350.0	93.3834686279297
457.0	3.71975755691528
420.0	0.0
1639.0	2.94173145294189
34.0	47.4732208251953
271.0	0.0
692.0	26.864803314209
1108.0	0.221762895584106
235.0	96.6252899169922
112.0	0.0
233.0	16.3776302337646
23.0	1.64906942844391
1182.0	0.0
255.0	78.7765884399414
103.0	43.9369468688965
268.0	69.0952072143555
318.0	41.2102394104004
67.0	33.8193283081055
216.0	79.2064819335938
14.0	27.0212459564209
0.0	0.0
502.0	0.0
140.0	38.9657096862793
511.0	0.0
244.0	17.7177352905273
291.0	54.0366172790527
0.0	0.0
23.0	22.4865226745605
157.0	9.74349308013916
167.0	6.57548522949219
186.0	79.937614440918
261.0	0.0
59.0	0.0
282.0	0.0
339.0	95.1425476074219
109.0	20.1853199005127
229.0	20.0907783508301
102.0	0.0
353.0	84.4783325195313
1839.0	3.7252902984619103e-09
888.0	7.14378547668457
1809.0	0.0358814410865307
1578.0	0.0
238.0	78.8457870483398
88.0	7.56224966049194
1085.0	7.31337213516235
259.0	6.17149114608765
226.0	91.4552536010742
1436.0	0.0
31.0	40.9343032836914
177.0	4.29824781417847
253.0	84.905158996582
11.0	0.0
54.0	24.2807769775391
169.0	96.767692565918
376.0	95.7378921508789
59.0	0.0
1005.0	0.0
173.0	0.0
355.0	78.4751358032227
187.0	0.0
407.0	50.4001770019531
28.0	20.4667663574219
0.0	0.0
848.0	27.7124118804932
66.0	21.6637020111084
424.0	0.0
123.0	39.3146705627441
310.0	0.0
578.0	0.0
155.0	0.59424614906311
478.0	33.1685905456543
50.0	0.0
193.0	58.9179382324219
290.0	59.5745849609375
1103.0	0.0
353.0	62.5591735839844
194.0	81.5615158081055
276.0	70.9945755004883
155.0	2.85465049743652
54.0	5.77646207809448
817.0	12.3280811309814
250.0	95.8428115844727
92.0	34.0078620910645
102.0	0.0
1340.0	0.0
451.0	13.5385093688965
152.0	36.9176712036133
303.0	81.3495712280273
143.0	0.0
352.0	16.0758934020996
174.0	13.5156755447388
52.0	13.1493072509766
334.0	6.83645391464233
42.0	25.1425819396973
332.0	96.7401351928711
37.0	0.0
103.0	5.37155103683472
291.0	29.0964317321777
353.0	96.4851379394531
195.0	18.318675994873
339.0	5.2314920425415
132.0	44.7863731384277
1534.0	0.157463073730469
493.0	0.0
329.0	96.8595352172852
157.0	50.8393363952637
692.0	10.6310625076294
177.0	17.5393409729004
206.0	86.0889053344727
84.0	1.75242304801941
452.0	77.1489410400391
956.0	13.5279140472412
26.0	21.6842308044434
978.0	5.64258480072021
274.0	19.048246383667
79.0	8.40675163269043
297.0	1.91837501525879
577.0	35.6325607299805
515.0	19.8059616088867
363.0	95.7569885253906
347.0	0.0
164.0	70.3489456176758
248.0	9.31322574615479e-10
20.0	12.6228609085083
479.0	62.089038848877
671.0	51.4815216064453
14.0	0.0
1514.0	0.0
245.0	1.50431168079376
1659.0	0.0
509.0	88.8361206054688
924.0	12.0963191986084
277.0	39.1875343322754
8.0	0.0
363.0	95.8628692626953
211.0	0.0
669.0	0.0
78.0	40.4673919677734
278.0	21.7192687988281
329.0	42.2954177856445
238.0	68.0442047119141
0.0	0.0
379.0	77.6606750488281
288.0	45.5574150085449
106.0	1.85514414310455
426.0	19.7211246490479
330.0	21.5865993499756
465.0	81.5378265380859
389.0	0.0
214.0	74.8838043212891
315.0	92.3151245117188
551.0	46.5509872436523
144.0	19.3425636291504
153.0	78.8239517211914
279.0	67.5649185180664
308.0	92.7913818359375
0.0	0.0
426.0	34.6195030212402
140.0	11.08251953125
406.0	0.0
632.0	42.5933303833008
0.0	2.98642182350159
267.0	0.0
232.0	0.0
32.0	61.6979064941406
377.0	96.920280456543
165.0	2.98023223876953e-08
862.0	0.0
358.0	4.58153438568115
207.0	0.0
945.0	0.0
300.0	0.0
40.0	17.4033508300781
240.0	14.2583065032959
46.0	8.64710521697998
99.0	34.0574493408203
2453.0	0.0
73.0	0.0
30.0	64.6753616333008
217.0	32.9532165527344
239.0	25.1892738342285
2.0	0.0
379.0	96.6575546264648
257.0	34.3553047180176
135.0	28.7690296173096
237.0	58.767822265625
223.0	18.5074062347412
127.0	6.77088499069214
4.0	36.7316703796387
1456.0	0.0
8.0	9.0666332244873
1405.0	0.0
541.0	0.0
476.0	92.2935333251953
365.0	0.591746270656586
368.0	14.077220916748
410.0	49.741138458252
414.0	3.30134057998657
627.0	0.0
271.0	65.6248550415039
542.0	12.2397518157959
558.0	39.5927886962891
1389.0	0.0
336.0	0.0
327.0	0.0
754.0	0.0
17.0	0.0
927.0	0.0
625.0	34.0331192016602
1409.0	0.365081667900085
364.0	0.0
278.0	76.7851181030273
245.0	42.4298133850098
619.0	41.2219924926758
201.0	41.5043563842773
0.0	0.0
140.0	46.7388305664063
434.0	88.5641403198242
65.0	32.3365669250488
1492.0	0.0
140.0	11.3671159744263
225.0	0.0
195.0	61.3207550048828
202.0	54.7870864868164
507.0	70.7516326904297
256.0	9.76940631866455
486.0	26.2932090759277
334.0	77.808723449707
17.0	0.607741832733154
361.0	89.5114822387695
416.0	80.9118347167969
305.0	71.0195159912109
112.0	23.1473140716553
17.0	2.08672118186951
367.0	19.1567916870117
144.0	12.5012035369873
234.0	42.9858894348145
336.0	60.2671127319336
187.0	19.1446628570557
20.0	0.0
511.0	51.4250793457031
483.0	0.0
306.0	96.5265426635742
740.0	11.359658241272
66.0	4.65661287307739e-10
54.0	45.0409851074219
2145.0	5.64254379272461
277.0	0.0
669.0	10.5367298126221
303.0	2.60625267028809
94.0	29.2635822296143
220.0	3.15548372268677
1130.0	12.1050214767456
612.0	29.1404228210449
104.0	5.11065435409546
335.0	47.3929672241211
259.0	82.0746688842773
717.0	22.49609375
25.0	58.1046295166016
134.0	27.1100063323975
721.0	34.9714851379395
170.0	9.40346908569336
117.0	56.0386848449707
217.0	90.834228515625
9.0	0.0
797.0	27.675464630127
38.0	27.4722423553467
207.0	68.4685440063477
174.0	0.0
657.0	23.804084777832
615.0	12.3079833984375
551.0	48.4596290588379
362.0	20.5722942352295
386.0	90.3613586425781
603.0	75.7953720092773
685.0	4.99842691421509
292.0	1.8626451492309603e-09
1965.0	2.49305152893066
406.0	32.9050064086914
298.0	0.0
21.0	64.1244659423828
195.0	84.6352691650391
358.0	7.77942371368408
442.0	0.0
175.0	0.0
172.0	23.7610836029053
1522.0	0.0
225.0	24.4323234558105
106.0	1.8626451492309603e-09
781.0	0.0
232.0	0.773556590080261
201.0	0.0
283.0	78.7416839599609
268.0	1.49011611938477e-08
349.0	81.4698333740234
91.0	19.1006813049316
42.0	30.0264167785645
173.0	38.4268493652344
315.0	47.76416015625
777.0	0.238628134131432
307.0	3.7252902984619103e-09
162.0	0.0
121.0	62.0063896179199
8.0	24.936840057373
544.0	52.3454360961914
524.0	9.31322574615479e-10
755.0	11.1539783477783
31.0	20.0025291442871
278.0	2.23291730880737
785.0	11.37877368927
489.0	43.1856498718262
83.0	9.39520740509033
342.0	69.8637084960938
10.0	18.3581848144531
1038.0	0.0
610.0	0.0
228.0	16.0697250366211
470.0	37.2412796020508
1235.0	6.99020051956177
1332.0	9.31322574615479e-10
86.0	83.330696105957
189.0	42.3192939758301
263.0	95.4327011108398
495.0	36.4347038269043
319.0	85.208122253418
421.0	0.0
148.0	4.59151077270508
274.0	17.3021812438965
753.0	5.96046447753906e-08
32.0	0.0
199.0	61.3567504882813
270.0	51.5162162780762
105.0	76.1572189331055
1419.0	0.608814239501953
948.0	1.09581017494202
173.0	15.2534589767456
1892.0	2.88227462768555
1377.0	0.0
217.0	22.1987648010254
5.0	0.0
776.0	0.0
34.0	20.9235191345215
91.0	76.7163772583008
266.0	19.388463973999
233.0	54.8811454772949
213.0	24.3265533447266
226.0	96.8055801391602
704.0	2.54417490959167
156.0	73.0432052612305
1005.0	0.0
327.0	91.9469146728516
812.0	6.1005973815918
227.0	29.8639602661133
203.0	73.3434829711914
3.0	0.0
93.0	1.91659343242645
308.0	0.0
65.0	0.0
320.0	0.0338649749755859
152.0	0.610365331172943
183.0	1.9848747253418
400.0	54.239143371582
1342.0	0.0
264.0	75.9284439086914
3435.0	0.0
1829.0	4.13815975189209
16.0	2.5276734828949
339.0	30.0012550354004
80.0	54.9530029296875
1817.0	5.11366367340088
45.0	18.3439483642578
313.0	79.4569549560547
878.0	0.0
262.0	80.6528701782227
284.0	13.9924268722534
440.0	86.0373992919922
2159.0	0.0
353.0	56.0334167480469
258.0	13.7603578567505
208.0	96.0971221923828
396.0	15.2912349700928
216.0	69.8069152832031
107.0	31.3225727081299
1068.0	2.13939189910889
777.0	5.74543619155884
658.0	0.0
2397.0	0.287001937627792
195.0	0.620470583438873
258.0	16.900842666626
217.0	94.4210052490234
1608.0	0.243525862693787
1539.0	0.730577290058136
503.0	7.450580596923831e-09
331.0	37.3559303283691
184.0	39.4601936340332
812.0	0.0
750.0	49.138069152832
181.0	3.23525762557983
151.0	2.53015351295471
309.0	85.2906875610352
261.0	1.63437569141388
1159.0	8.28766632080078
154.0	1.49011611938477e-08
537.0	0.0
411.0	1.09207606315613
1838.0	0.0
1031.0	0.0
395.0	29.8278713226318
276.0	0.0
194.0	81.1674194335938
768.0	23.3917961120605
404.0	19.9724445343018
723.0	0.408254623413086
272.0	0.0
498.0	0.0
176.0	30.7112636566162
76.0	52.4809494018555
1994.0	0.179407209157944
152.0	13.8278741836548
297.0	11.4835176467896
192.0	85.6836242675781
38.0	0.0
731.0	0.0
201.0	85.5574951171875
1753.0	0.0
134.0	53.6579055786133
345.0	33.8877105712891
373.0	0.0
284.0	81.3664779663086
58.0	4.32935953140259
307.0	78.9040145874023
215.0	15.4318857192993
7.0	42.8019027709961
47.0	73.2339096069336
414.0	0.0
279.0	6.47051525115967
222.0	4.20332336425781
12.0	0.588316202163696
59.0	0.0
106.0	9.50010108947754
2.0	0.0
687.0	0.0
1592.0	0.0
101.0	1.42096829414368
143.0	4.47160387039185
411.0	32.6407585144043
237.0	37.5388298034668
246.0	94.0383682250977
352.0	16.8250827789307
241.0	0.0
26.0	13.0566825866699
219.0	88.3486785888672
118.0	46.7076568603516
235.0	89.1113052368164
113.0	20.5908241271973
34.0	0.0
1259.0	0.0
66.0	0.0
955.0	9.5367431640625e-07
238.0	74.0731887817383
294.0	85.1174621582031
269.0	0.0
281.0	96.3774719238281
253.0	41.7828216552734
791.0	0.0
73.0	2.48226428031921
564.0	37.5972213745117
15.0	5.46623039245605
313.0	84.0519180297852
784.0	29.9527168273926
1313.0	0.0
172.0	51.1884307861328
220.0	17.5730400085449
193.0	9.79768943786621
63.0	8.10730743408203
380.0	96.9078674316406
1165.0	0.36528867483139
269.0	37.3002738952637
271.0	64.8420028686523
1469.0	8.97581481933594
368.0	2.23463749885559
461.0	91.9210357666016
1442.0	0.0
2908.0	0.0
297.0	80.1501770019531
188.0	35.9780616760254
11.0	2.10532546043396
327.0	87.3500823974609
203.0	53.1839332580566
474.0	94.0998687744141
565.0	2.49482202529907
265.0	80.5907669067383
93.0	47.4138107299805
345.0	54.282470703125
176.0	70.7382125854492
164.0	55.847354888916
153.0	18.9785919189453
401.0	5.91610860824585
314.0	59.9908027648926
273.0	36.2886428833008
1765.0	9.91621017456055
307.0	0.0
585.0	13.2758760452271
2101.0	0.0
233.0	77.1339263916016
175.0	53.6951332092285
75.0	45.8091659545898
181.0	27.577112197876
2091.0	0.481566429138184
713.0	0.0
763.0	29.2959365844727
147.0	28.5986881256104
252.0	96.3373870849609
130.0	72.0282821655273
92.0	0.0
116.0	12.0589847564697
24.0	1.8626451492309603e-09
211.0	56.7936668395996
255.0	93.7879486083984
173.0	18.1728248596191
686.0	0.0
234.0	20.1220436096191
19.0	18.0948696136475
92.0	41.4203033447266
58.0	0.0
57.0	4.69641208648682
97.0	4.06285095214844
771.0	11.9746074676514
361.0	80.6869659423828
750.0	18.4023952484131
103.0	0.0
907.0	0.0
65.0	9.05380249023438
241.0	7.57627058029175
95.0	0.0
210.0	45.5525856018066
471.0	76.3708801269531
399.0	4.65661287307739e-10
140.0	83.1194839477539
208.0	0.621762871742249
104.0	4.99142837524414
358.0	92.7217254638672
115.0	15.9770660400391
575.0	9.31322574615479e-10
0.0	0.0
3561.0	0.0
536.0	3.7252902984619103e-09
57.0	74.3430786132813
0.0	41.8772621154785
112.0	0.0
340.0	1.49144101142883
101.0	0.0
294.0	3.07926225662231
196.0	50.0900039672852
6.0	6.43791437149048
277.0	0.0
231.0	66.9487762451172
3369.0	0.0
1319.0	13.617826461792
48.0	0.0
1175.0	9.95737648010254
541.0	32.28271484375
362.0	6.01719808578491
972.0	0.0
255.0	2.98252320289612
142.0	25.3495941162109
147.0	84.9412078857422
190.0	38.5582809448242
487.0	23.9976615905762
1251.0	0.737051963806152
155.0	19.7716045379639
149.0	8.73738956451416
62.0	1.21307826042175
123.0	76.7538452148438
16.0	0.0
273.0	96.3489685058594
42.0	13.7586555480957
243.0	2.0483922958374
372.0	96.2273712158203
363.0	3.85851645469666
38.0	17.043664932251
5.0	3.64895367622375
75.0	0.0
229.0	86.6790237426758
292.0	0.0
332.0	65.8105621337891
363.0	19.558723449707
517.0	0.0
311.0	46.4079666137695
458.0	63.7925148010254
198.0	44.5239868164063
242.0	19.4235210418701
1336.0	0.0
10.0	34.3242645263672
418.0	96.5439987182617
151.0	0.0
606.0	28.1287689208984
66.0	46.9684257507324
276.0	54.412109375
58.0	0.0
32.0	44.5766906738281
383.0	71.845573425293
580.0	23.6280040740967
364.0	96.8717193603516
339.0	72.9165649414063
337.0	59.365592956543
249.0	23.8387317657471
258.0	42.3347702026367
252.0	21.567554473877
381.0	79.6640701293945
136.0	38.3979606628418
465.0	84.7438125610352
80.0	2.98023223876953e-08
443.0	48.9421501159668
473.0	96.2557601928711
364.0	77.6808471679688
293.0	95.500846862793
6.0	2.83917570114136
815.0	4.76837158203125e-07
850.0	0.0
124.0	81.5459823608398
56.0	0.272293090820313
194.0	40.7846794128418
690.0	1.20020437240601
184.0	0.0
37.0	34.1505317687988
313.0	71.9191741943359
181.0	68.3983535766602
1165.0	0.419411897659302
135.0	36.0057830810547
161.0	13.3234043121338
360.0	0.730577349662781
339.0	80.6328582763672
2295.0	0.0
61.0	4.61164665222168
513.0	19.3551177978516
122.0	72.8544464111328
179.0	0.822332382202148
292.0	26.4190731048584
83.0	20.0491180419922
85.0	35.2078742980957
560.0	15.8568658828735
8.0	7.81321954727173
294.0	5.7334246635437
152.0	29.7029705047607
201.0	1.00234019756317
152.0	3.18190312385559
356.0	1.8626451492309603e-09
370.0	27.1301021575928
874.0	23.4676494598389
0.0	0.0
172.0	0.633137226104736
533.0	1.19209289550781e-07
1059.0	40.7274627685547
250.0	16.9858226776123
2440.0	0.0
297.0	95.3100738525391
2056.0	0.0
80.0	0.0
1161.0	0.0
227.0	69.9323272705078
0.0	0.0
207.0	77.7455291748047
276.0	66.4308547973633
273.0	1.44916069507599
-1.0	0.539125680923462
326.0	63.2806243896484
443.0	25.0161304473877
295.0	66.9623565673828
64.0	43.0073852539063
0.0	0.0
319.0	84.7751159667969
219.0	16.3878726959229
390.0	0.0
170.0	30.5334224700928
2531.0	0.0
1483.0	0.0
3.0	1.34586596488953
265.0	7.28692817687988
763.0	0.0
118.0	0.589014112949371
88.0	9.4621753692627
164.0	37.134204864502
292.0	67.8530120849609
274.0	1.8626451492309603e-09
6.0	0.0
120.0	36.7760124206543
1254.0	0.0
433.0	87.5775375366211
243.0	0.0
291.0	79.0253601074219
239.0	5.8207660913467394e-11
473.0	35.6400947570801
258.0	5.09333372116089
185.0	13.4106292724609
647.0	0.0
414.0	33.0626754760742
239.0	0.0
160.0	16.8836765289307
898.0	0.0
3.0	0.0
393.0	0.0
417.0	6.75968837738037
17.0	55.0172233581543
192.0	1.23365104198456
213.0	60.4543647766113
660.0	12.0797853469849
252.0	65.2717819213867
602.0	35.0965003967285
443.0	90.9312286376953
283.0	33.6559257507324
209.0	0.0
301.0	2.41707277297974
582.0	33.7776069641113
0.0	0.0
436.0	10.0206108093262
252.0	0.0
207.0	67.6221466064453
135.0	42.0825500488281
380.0	82.1995086669922
79.0	3.83150362968445
270.0	43.8806686401367
57.0	1.35418081283569
221.0	79.9252319335938
55.0	0.0
121.0	7.00203037261963
231.0	12.9112462997437
43.0	16.1980209350586
108.0	14.5977716445923
1211.0	51.5204620361328
500.0	21.7342281341553
320.0	51.149959564209
1024.0	1.17410087585449
369.0	95.4800872802734
53.0	35.04248046875
732.0	32.4087600708008
750.0	12.1387310028076
180.0	0.0
2219.0	0.830577254295349
7.0	6.63360929489136
124.0	82.1032104492188
295.0	81.3652572631836
258.0	47.8326110839844
611.0	12.9912118911743
7.0	30.3507614135742
2157.0	0.0
132.0	44.8519744873047
1326.0	0.0
298.0	0.0
49.0	16.7993507385254
338.0	0.0
303.0	66.7129440307617
953.0	0.0
1301.0	0.0
392.0	89.1405487060547
829.0	12.0280227661133
1044.0	1.9073486328125e-06
705.0	44.5652008056641
261.0	13.1351585388184
247.0	0.0
315.0	76.951042175293
1178.0	0.0
193.0	0.75211489200592
194.0	67.9514083862305
87.0	0.0
483.0	0.0
105.0	72.5639953613281
519.0	67.0239715576172
429.0	0.0
517.0	14.0439367294312
220.0	96.9357070922852
400.0	7.450580596923831e-09
223.0	36.8699035644531
230.0	22.0062675476074
364.0	46.4184455871582
203.0	43.6011123657227
898.0	0.0
47.0	28.4613475799561
59.0	1.061239361763
234.0	11.227931022644
136.0	79.545166015625
1098.0	0.0
613.0	12.6050024032593
136.0	23.7744750976563
234.0	10.9123039245605
38.0	0.0
49.0	15.6631755828857
61.0	44.4179229736328
209.0	12.6130743026733
345.0	18.7437973022461
685.0	35.5091552734375
7.0	61.5101127624512
262.0	36.8894996643066
263.0	79.2864379882813
76.0	15.2191314697266
137.0	82.485710144043
31.0	8.01370620727539
209.0	18.6229038238525
296.0	82.7670669555664
239.0	73.9236907958984
114.0	42.5688095092773
3244.0	0.0
193.0	9.31322574615479e-10
300.0	0.0
316.0	94.931640625
348.0	96.3449401855469
278.0	67.9064865112305
7.0	35.392261505127
198.0	1.89190936088562
1727.0	7.68627500534058
173.0	15.3140411376953
137.0	10.2656354904175
82.0	0.0714184120297432
331.0	0.0
383.0	96.8388442993164
189.0	18.6507873535156
2143.0	0.0
639.0	74.0537414550781
136.0	47.3589820861816
397.0	79.9105529785156
753.0	0.142563909292221
57.0	2.13028311729431
133.0	76.0186462402344
102.0	0.0
360.0	87.1986999511719
661.0	0.0
22.0	0.0
276.0	96.8244400024414
27.0	46.8789291381836
43.0	13.2502117156982
529.0	30.0601463317871
46.0	28.7147312164307
210.0	37.3791046142578
144.0	0.0
374.0	0.0
1222.0	1.9073486328125e-06
537.0	17.7829780578613
78.0	0.0
216.0	8.79888248443604
194.0	32.9830589294434
959.0	0.0
643.0	4.86786937713623
454.0	11.1699285507202
279.0	78.8178253173828
185.0	1.48417067527771
87.0	15.8270931243896
1567.0	0.583770751953125
885.0	0.0
285.0	80.107780456543
2257.0	0.0
435.0	95.6855621337891
141.0	0.0
251.0	53.5383453369141
69.0	59.0655670166016
378.0	64.6805572509766
181.0	91.7757797241211
200.0	38.1007537841797
385.0	0.0
443.0	96.4112091064453
189.0	92.0872039794922
479.0	7.450580596923831e-09
183.0	1.49011611938477e-08
1.0	0.0
237.0	52.2209968566895
96.0	36.4275894165039
332.0	3.95103788375854
568.0	95.5521926879883
329.0	2.50314259529114
269.0	24.6604595184326
18.0	1.81296157836914
8.0	47.2800598144531
299.0	65.1164093017578
207.0	63.1029510498047
193.0	73.865608215332
30.0	4.88575744628906
10.0	17.5999069213867
1246.0	0.0
41.0	14.3632020950317
369.0	0.0
1182.0	0.465288668870926
336.0	0.733904004096985
964.0	0.0
162.0	20.7423839569092
3.0	2.00160717964172
1386.0	2.88593935966492
296.0	15.4540557861328
233.0	0.628645360469818
1457.0	0.0
2426.0	0.0
208.0	93.4313659667969
7.0	9.37936782836914
23.0	8.32485580444336
349.0	56.870677947998
248.0	78.8581237792969
425.0	57.8894958496094
331.0	94.3080749511719
3561.0	0.0
329.0	46.0571212768555
212.0	33.6313934326172
445.0	2.52672386169434
245.0	24.4741973876953
32.0	0.0
332.0	53.9893493652344
307.0	96.8054962158203
273.0	20.6373500823975
380.0	16.0428581237793
993.0	15.9415769577026
237.0	85.7582931518555
131.0	4.25561618804932
156.0	81.1174774169922
1.0	11.5596799850464
340.0	1.8626451492309603e-09
56.0	0.0
120.0	2.10793662071228
31.0	13.8121194839478
265.0	59.6035995483398
271.0	6.8697943687439
422.0	38.0871353149414
327.0	0.0
708.0	0.0
373.0	3.1886465549469
465.0	44.5706176757813
272.0	67.2707977294922
298.0	0.0
666.0	47.5170516967773
56.0	78.5959014892578
250.0	12.3532524108887
148.0	25.6370429992676
243.0	69.9474182128906
1192.0	5.23580408096313
933.0	0.0
1217.0	11.621636390686
67.0	0.0
100.0	2.80266094207764
63.0	0.0
997.0	3.65683746337891
174.0	64.6140594482422
194.0	72.4239273071289
337.0	95.8217010498047
481.0	34.0787353515625
20.0	27.8303089141846
111.0	80.1048583984375
17.0	0.0
190.0	2.64882111549377
502.0	43.9651489257813
184.0	75.2621231079102
555.0	0.0
3.0	0.0
149.0	3.06452035903931
362.0	70.0129852294922
346.0	0.254832863807678
494.0	27.1998977661133
333.0	40.244873046875
154.0	85.6359100341797
391.0	65.8068008422852
26.0	16.6589164733887
1727.0	0.0
1139.0	11.9492273330688
990.0	13.2560768127441
54.0	35.9225082397461
732.0	0.0
459.0	83.0825653076172
6.0	1.9073486328125e-06
250.0	0.533940613269806
152.0	81.6540908813477
583.0	1.32410299777985
273.0	14.6285600662231
349.0	0.0
819.0	0.293525755405426
179.0	1.8626451492309603e-09
226.0	78.8639755249023
517.0	2.40039086341858
375.0	0.0
307.0	45.7705116271973
701.0	83.2296295166016
115.0	0.0
134.0	6.76935338973999
265.0	0.0
585.0	10.4810466766357
187.0	85.3596725463867
579.0	13.0138807296753
946.0	0.0
124.0	0.0
15.0	0.0
211.0	89.1597442626953
1442.0	3.43896055221558
646.0	0.480122327804565
292.0	25.7548542022705
387.0	4.29174423217773
149.0	9.31322574615479e-10
15.0	4.67649221420288
304.0	87.2426834106445
47.0	0.0338211059570313
97.0	68.5378112792969
2239.0	0.0
231.0	13.9435091018677
86.0	42.6770896911621
143.0	28.3326454162598
391.0	0.360293537378311
448.0	75.5646667480469
299.0	80.5613403320313
655.0	29.5124168395996
380.0	3.7252902984619103e-09
336.0	0.608814418315887
631.0	29.1108016967773
148.0	15.7107257843018
21.0	2.33179450035095
316.0	82.0194244384766
794.0	9.90574932098389
436.0	0.0
201.0	77.6718139648438
146.0	72.5788040161133
255.0	0.0
184.0	56.6276779174805
537.0	39.3667182922363
312.0	93.5815505981445
338.0	3.18726253509521
221.0	20.538387298584
216.0	82.0808029174805
542.0	1.72225832939148
96.0	0.0
555.0	12.3096446990967
488.0	64.0470275878906
682.0	32.4392890930176
249.0	95.8298797607422
267.0	49.2278785705566
0.0	0.0
15.0	0.573432922363281
210.0	94.9100494384766
41.0	51.1846466064453
248.0	74.2905578613281
194.0	51.9743843078613
449.0	39.172679901123
1184.0	3.814697265625e-06
191.0	5.11094856262207
101.0	0.0
781.0	0.0
290.0	26.0552101135254
81.0	0.0
37.0	0.0
284.0	0.0
290.0	83.4566497802734
289.0	7.450580596923831e-09
342.0	10.9169635772705
868.0	26.8740119934082
341.0	69.2810440063477
264.0	57.8851776123047
448.0	24.5755195617676
740.0	22.7735023498535
246.0	66.6945648193359
217.0	92.6568374633789
456.0	4.40288639068604
2724.0	5.23580408096313
113.0	0.42640683054924
31.0	25.6018447875977
431.0	1.03057670593262
250.0	22.2243156433105
1354.0	3.00017166137695
-1.0	1.1896333694458
4.0	0.0
234.0	22.297571182251
1366.0	1.82644331455231
1007.0	0.0
821.0	20.7444496154785
654.0	1.51936018466949
631.0	0.0
23.0	5.39361763000488
165.0	12.9154243469238
98.0	1.8626451492309603e-09
256.0	9.7664852142334
163.0	81.8713455200195
268.0	16.3545398712158
265.0	76.0841751098633
206.0	0.0
381.0	0.0
39.0	74.2483978271484
146.0	52.9744300842285
23.0	0.0
83.0	78.3327713012695
0.0	0.0
566.0	28.386402130127
129.0	68.9699478149414
84.0	25.0957889556885
611.0	2.69380569458008
114.0	27.4521369934082
80.0	0.0
274.0	6.7382345199585
124.0	2.31869125366211
301.0	8.04776954650879
1257.0	14.0764493942261
739.0	0.0
19.0	79.3011169433594
720.0	0.0
303.0	44.0443000793457
257.0	93.4811935424805
173.0	0.0
272.0	20.3677806854248
210.0	0.0
349.0	0.0
288.0	85.0575942993164
20.0	19.6894207000732
31.0	0.0
1570.0	3.65288662910461
243.0	88.7956237792969
105.0	2.75036549568176
18.0	0.0
60.0	46.2222747802734
515.0	34.3204078674316
521.0	9.79943656921387
1196.0	0.887051582336426
72.0	26.8414306640625
966.0	0.0
216.0	1.92562222480774
29.0	13.3297252655029
337.0	3.50295090675354
104.0	0.0
309.0	95.7272415161133
74.0	0.713670492172241
99.0	28.0795650482178
149.0	41.7463874816895
42.0	9.31322574615479e-10
280.0	62.9650802612305
13.0	2.06918144226074
92.0	17.6468544006348
340.0	2.29399514198303
630.0	4.65661287307739e-10
307.0	96.3372802734375
229.0	1.35820817947388
333.0	96.6391677856445
328.0	26.6673107147217
309.0	2.14676189422607
15.0	63.0337715148926
1708.0	2.08528852462769
531.0	61.0847549438477
246.0	0.0
217.0	66.6909408569336
175.0	11.7101440429688
330.0	92.1483306884766
163.0	1.04372715950012
238.0	78.5082550048828
614.0	66.5844421386719
484.0	0.383396148681641
499.0	1.54202318191528
2301.0	7.18401050567627
197.0	0.0
282.0	5.39244604110718
218.0	54.2211990356445
247.0	78.7182388305664
3.0	1.11528873443604
251.0	54.426628112793
262.0	0.0
2015.0	2.3264434337616
985.0	11.7821979522705
333.0	1.50659048557281
69.0	76.0116424560547
419.0	79.7213592529297
701.0	0.0
350.0	12.8792791366577
292.0	0.0
11.0	0.0
230.0	37.092700958252
296.0	71.5703277587891
1111.0	4.01817512512207
1735.0	0.0
202.0	14.065128326416
350.0	7.62279510498047
2810.0	0.338530540466309
226.0	71.1960754394531
759.0	7.71939373016357
157.0	83.4474411010742
222.0	17.360689163208
377.0	5.98150873184204
322.0	1.91847038269043
742.0	14.0856847763062
359.0	80.8767929077148
183.0	73.8287506103516
166.0	80.8391952514648
748.0	14.1398391723633
0.0	0.0
832.0	11.8294057846069
98.0	44.5862655639648
344.0	60.820728302002
8.0	9.84929943084717
900.0	0.0
718.0	0.0
474.0	32.1814880371094
165.0	74.4905776977539
1241.0	0.0
294.0	91.5047607421875
158.0	51.7250671386719
5.0	8.08211517333984
148.0	3.01029181480408
10.0	1.16415321826935e-10
240.0	90.2614288330078
131.0	26.6042423248291
216.0	13.510440826416
166.0	2.35550570487976
533.0	0.0
22.0	14.8203649520874
435.0	68.5135116577148
251.0	47.0439071655273
203.0	3.18771648406982
369.0	55.2280807495117
239.0	1.90245509147644
347.0	44.629222869873
388.0	97.0295715332031
338.0	93.1307220458984
231.0	0.0
203.0	75.8628768920898
257.0	14.1364612579346
315.0	18.2300910949707
25.0	58.9091567993164
274.0	0.727801382541656
190.0	0.0
171.0	67.8691329956055
442.0	70.5715713500977
1512.0	5.88109636306763
25.0	32.1365013122559
16.0	0.441190987825394
449.0	13.7333240509033
423.0	27.2116870880127
