212.0	31.9279251098633
30.0	46.8879890441895
493.0	0.973347902297974
629.0	0.0127434097230434
24.0	48.7597923278809
115.0	44.4655799865723
83.0	1.51758015155792
11.0	40.4985618591309
351.0	0.0151025597006083
79.0	4.23693799972534
441.0	79.8997116088867
1855.0	0.0717628821730614
401.0	55.1139602661133
1774.0	0.905236780643463
127.0	0.249395504593849
7.0	49.2885818481445
922.0	0.0
396.0	26.0419502258301
102.0	48.1012763977051
103.0	18.5354385375977
215.0	21.5935573577881
997.0	16.7852993011475
178.0	90.7021331787109
111.0	79.4765167236328
292.0	60.96044921875
148.0	34.0699462890625
66.0	94.5923233032227
1079.0	0.249765500426292
314.0	0.0018970160745084
1892.0	0.0
305.0	11.9882888793945
620.0	28.2578506469727
553.0	18.811279296875
280.0	79.299186706543
23.0	0.285278111696243
297.0	96.3674621582031
16.0	19.3673973083496
294.0	84.203987121582
97.0	2.63327741622925
353.0	0.221090152859688
275.0	84.639778137207
362.0	3.22457814216614
448.0	12.1919584274292
290.0	91.6556701660156
2.0	0.730577349662781
292.0	93.5631332397461
444.0	42.2020606994629
254.0	75.0248641967773
209.0	92.7350540161133
198.0	52.3775444030762
92.0	29.3425769805908
259.0	8.46134948730469
218.0	67.6188659667969
1347.0	0.501800179481506
227.0	32.4317932128906
27.0	0.59451812505722
229.0	0.328773587942123
59.0	10.2104997634888
255.0	80.2073440551758
246.0	75.2740325927734
95.0	12.4634399414063
504.0	0.184688195586205
118.0	61.5272216796875
226.0	0.608814418315887
316.0	70.9465789794922
10.0	92.548210144043
609.0	12.1049308776855
106.0	0.130554094910622
215.0	28.5770168304443
94.0	0.0045298901386559
267.0	88.1586380004883
1575.0	15.1964340209961
2267.0	6.51172590255737
259.0	77.3021011352539
373.0	92.9852905273438
433.0	11.9741439819336
270.0	27.003288269043
474.0	92.2610092163086
272.0	69.6155395507813
278.0	46.3486480712891
69.0	7.84904336929321
46.0	7.1220498085022
2122.0	0.163042396306992
369.0	85.7327270507813
313.0	0.0040347320027649
337.0	2.09751224517822
316.0	11.7434568405151
179.0	60.5928726196289
129.0	0.0582855716347694
825.0	17.5482578277588
460.0	90.7243118286133
27.0	42.7613716125488
188.0	35.1484413146973
495.0	27.7621803283691
19.0	17.3249549865723
95.0	29.4606647491455
1127.0	36.813102722168
291.0	0.0
137.0	28.9376163482666
655.0	72.2557830810547
1259.0	0.0052129458636045
59.0	43.4956283569336
371.0	35.9451599121094
285.0	49.3270874023438
240.0	21.9680004119873
11.0	9.89965534210205
4.0	0.074577122926712
597.0	1.43103694915771
52.0	61.950756072998
1987.0	0.0013055040035396
156.0	24.1331901550293
708.0	13.0169515609741
384.0	22.8288135528564
263.0	54.3913421630859
272.0	12.2465209960938
111.0	18.788049697876
348.0	93.1560440063477
1607.0	2.80203199386597
255.0	86.0044937133789
139.0	51.1270027160645
367.0	0.365820944309235
1479.0	0.783673167228699
1375.0	5.5646390914917
272.0	84.002067565918
208.0	75.2860717773438
13.0	5.94757604598999
519.0	24.6083068847656
332.0	28.3605556488037
130.0	0.882843315601349
884.0	16.1540012359619
484.0	96.888427734375
0.0	0.0
199.0	95.440299987793
131.0	22.7301139831543
264.0	29.8149280548096
145.0	0.0
260.0	77.4557723999023
228.0	21.4200878143311
146.0	71.9705123901367
1843.0	0.0
273.0	81.9408111572266
154.0	24.3716793060303
165.0	1.93777477741241
237.0	31.7150859832764
171.0	18.8132934570313
14.0	18.5825519561768
10.0	31.9737644195557
51.0	6.85051965713501
330.0	40.0733489990234
374.0	1.64677333831787
59.0	0.223048105835915
2746.0	0.0
295.0	91.7589797973633
1820.0	3.19033002853394
231.0	0.0609640292823315
63.0	57.3082237243652
210.0	2.00849270820618
95.0	25.7475910186768
434.0	10.2658596038818
101.0	7.80556726455688
139.0	17.3503475189209
318.0	1.17796277999878
277.0	26.8227653503418
58.0	0.261588394641876
85.0	38.8133659362793
287.0	27.0940093994141
415.0	30.3397369384766
299.0	0.0019905399531126
166.0	4.13318777084351
2397.0	57.3710899353027
467.0	0.0063296309672296
24.0	39.2262077331543
38.0	0.0451906844973564
137.0	0.132161602377892
744.0	24.6349830627441
188.0	1.42607176303864
164.0	32.1019554138184
273.0	14.7698574066162
218.0	39.1854515075684
249.0	27.0511875152588
0.0	0.0
326.0	96.5618133544922
898.0	1.5276050567627
210.0	0.0336852483451366
1123.0	10.7042350769043
355.0	0.0147196603938937
399.0	11.9809560775757
415.0	36.5543365478516
1285.0	53.3346939086914
241.0	38.5004501342773
131.0	55.3095779418945
11.0	25.6530513763428
1570.0	6.81777191162109
245.0	92.4800033569336
1954.0	2.41302490234375
297.0	93.0510101318359
399.0	0.273995786905289
88.0	46.9070434570313
103.0	1.42394888401031
324.0	75.6706390380859
275.0	1.26566410064697
710.0	91.6434326171875
143.0	62.1588859558105
522.0	96.0696182250977
1728.0	0.0
267.0	22.7131328582764
166.0	0.0078249778598547
425.0	24.1301250457764
82.0	0.193537905812263
1729.0	0.98818564414978
260.0	4.55225229263306
372.0	0.0457646436989307
187.0	93.8261642456055
83.0	0.017595449462533
210.0	12.1720533370972
40.0	54.4535751342773
231.0	50.7635459899902
256.0	0.0115040801465511
1144.0	42.929370880127
5.0	21.2056179046631
1490.0	2.63753700256348
182.0	44.0161628723145
64.0	78.0628814697266
156.0	4.38024854660034
77.0	2.24939441680908
297.0	43.5134620666504
33.0	3.89021611213684
367.0	96.5137176513672
397.0	96.9362945556641
949.0	35.1255073547363
652.0	0.0451520942151546
472.0	2.95065712928772
76.0	0.0280324425548315
403.0	1.92670714855194
1772.0	2.3362181186676
751.0	0.0
10.0	30.7645587921143
23.0	5.78758907318115
380.0	96.7845077514648
354.0	1.93759346008301
130.0	15.175106048584
3.0	0.0
270.0	96.6322021484375
674.0	12.1301231384277
197.0	0.0448071993887424
59.0	0.35568180680275
464.0	2.2890739440918
137.0	28.5593490600586
366.0	33.7159194946289
1207.0	1.03934502601624
303.0	4.37684488296509
70.0	92.7847442626953
22.0	14.4626502990723
188.0	16.8186168670654
472.0	56.2166938781738
364.0	28.773796081543
521.0	83.5475845336914
235.0	66.5553207397461
305.0	74.9836959838867
1112.0	6.47643899917603
2319.0	0.0
390.0	57.1817932128906
792.0	10.3380241394043
404.0	22.4441909790039
99.0	0.0109272003173828
445.0	2.73117852210999
82.0	0.0071927662938833
304.0	96.9192581176758
365.0	8.35868263244629
1476.0	0.918008208274841
640.0	3.45664024353027
157.0	5.82085990905762
64.0	0.0181760899722576
514.0	0.249901488423347
78.0	15.2141399383545
751.0	1.21140348911285
198.0	73.8577270507813
221.0	85.1694793701172
739.0	0.095061331987381
1046.0	24.439136505127
86.0	22.9848518371582
1597.0	23.99391746521
111.0	33.6460952758789
436.0	15.6651678085327
17.0	7.26301240921021
91.0	0.226008921861649
279.0	78.6886825561523
118.0	4.95093679428101
290.0	4.10357904434204
428.0	72.0293502807617
91.0	37.5931015014648
323.0	83.5373764038086
1788.0	0.0
1771.0	1.31798601150513
1948.0	0.0
2564.0	2.92230916023254
303.0	24.2231388092041
972.0	59.1293106079102
53.0	30.8188877105713
265.0	91.8703231811523
381.0	2.28150844573975
576.0	0.775358498096466
25.0	77.4542541503906
290.0	89.5247573852539
46.0	54.5709114074707
776.0	5.41741609573364
133.0	15.9454574584961
292.0	63.0032501220703
224.0	65.8757934570313
69.0	79.7738189697266
339.0	13.9589519500732
222.0	0.306118100881577
256.0	88.8646392822266
174.0	77.4205703735352
174.0	34.7924499511719
310.0	80.4454574584961
151.0	56.3092765808105
20.0	11.9081468582153
114.0	12.1208810806274
34.0	12.0235280990601
118.0	85.1554870605469
316.0	24.7273273468018
10.0	17.8782043457031
633.0	6.74405717849731
0.0	0.0
185.0	20.2239170074463
58.0	0.0076136579737067
292.0	56.3212242126465
851.0	12.3905143737793
322.0	87.0569763183594
225.0	84.6115112304688
1746.0	0.0
297.0	0.212870895862579
333.0	0.578290522098541
1700.0	0.0
1849.0	25.3772678375244
207.0	39.6527976989746
44.0	0.531646072864532
87.0	37.3348159790039
234.0	59.2119293212891
207.0	45.7169227600098
53.0	0.344860792160034
321.0	0.0583416782319546
716.0	0.0006115874275565
289.0	97.0869445800781
92.0	12.9336767196655
101.0	15.7329788208008
305.0	54.5350532531738
135.0	88.0025863647461
93.0	13.8857975006104
418.0	0.0
56.0	1.2977100610733
396.0	38.6808853149414
427.0	1.11491310596466
118.0	82.2069702148438
14.0	7.61466360092163
199.0	19.7488327026367
288.0	30.8136882781982
142.0	33.1474609375
100.0	78.3326034545898
164.0	0.107594080269337
133.0	52.6319694519043
421.0	45.1564788818359
177.0	26.6786823272705
451.0	5.48680353164673
242.0	1.28657150268555
209.0	59.4582290649414
250.0	9.56043529510498
393.0	0.49516698718071
559.0	22.6353969573975
2252.0	3.57307982444763
593.0	15.9939641952515
202.0	83.4622116088867
300.0	85.7080688476563
724.0	0.0541127100586891
38.0	13.5929937362671
127.0	0.321841895580292
67.0	12.5768241882324
266.0	52.881950378418
409.0	68.548454284668
428.0	3.21852827072144
4.0	14.9152355194092
40.0	9.40526008605957
81.0	50.5592269897461
552.0	3.1658308506012
268.0	0.116361707448959
195.0	51.0045623779297
227.0	20.2097816467285
265.0	32.436580657959
919.0	16.5592994689941
89.0	0.0102738505229354
67.0	47.547290802002
275.0	0.430267125368118
349.0	10.0473594665527
30.0	7.63024663925171
0.0	0.0
546.0	3.14904093742371
575.0	0.0058642700314521
6.0	15.5397500991821
6.0	6.27167987823486
197.0	77.1065139770508
48.0	93.8162612915039
291.0	94.2597198486328
1872.0	8.2093505859375
295.0	82.4438400268555
139.0	79.7985382080078
46.0	91.3930206298828
526.0	71.6775283813477
53.0	24.5989093780518
1621.0	0.0
493.0	9.65280151367188
1686.0	0.0004186173318885
225.0	0.0695753023028374
404.0	0.0
94.0	9.60825252532959
14.0	15.2561864852905
248.0	75.2787475585938
115.0	0.343452394008636
370.0	32.7861289978027
380.0	96.5222549438477
834.0	1.096794962883
2030.0	1.21762883663177
322.0	33.1484794616699
505.0	79.6613311767578
49.0	0.112508006393909
200.0	81.8677825927734
124.0	32.8519859313965
733.0	66.5516586303711
314.0	89.4110794067383
10.0	0.0
493.0	89.667594909668
805.0	12.1521530151367
311.0	50.6790046691895
124.0	50.8828773498535
349.0	18.8503913879395
145.0	55.1404266357422
540.0	92.5884475708008
26.0	54.5945205688477
15.0	0.149570196866989
161.0	80.5825119018555
365.0	19.6951484680176
0.0	0.0
273.0	27.4703884124756
305.0	4.48096704483032
772.0	0.0
320.0	61.1934547424316
584.0	58.3553123474121
563.0	35.5880470275879
1360.0	0.0
2616.0	4.71131038665771
388.0	82.7466888427734
411.0	90.9445724487305
291.0	17.7642040252686
136.0	9.87743759155273
10.0	0.387976825237274
247.0	90.7746505737305
350.0	0.040642999112606
60.0	52.5263328552246
6.0	0.101333096623421
13.0	90.8138198852539
470.0	31.2456798553467
460.0	47.5059432983398
361.0	0.805839419364929
5.0	0.12176288664341
117.0	92.4294586181641
263.0	76.2787475585938
881.0	60.9764938354492
360.0	53.7362442016602
188.0	92.4568939208984
350.0	34.257438659668
284.0	44.2551383972168
249.0	90.054817199707
992.0	48.2910308837891
239.0	96.637077331543
84.0	0.97206312417984
105.0	14.5531921386719
211.0	5.79953622817993
424.0	12.109881401062
285.0	91.5619964599609
209.0	72.045051574707
602.0	0.933900713920593
77.0	0.0012909730430692
229.0	19.7969760894775
292.0	84.8826293945313
2147.0	7.79019451141357
416.0	12.449592590332
21.0	75.3523788452148
365.0	53.8685874938965
246.0	71.437744140625
56.0	0.0
28.0	69.8457641601563
190.0	82.5321426391602
94.0	60.5889205932617
835.0	12.3845338821411
1276.0	0.0070735150948166
238.0	56.1339225769043
512.0	28.6607971191406
249.0	70.2935638427734
411.0	96.1249694824219
100.0	47.5792961120605
8.0	11.2559595108032
21.0	3.35856199264526
233.0	84.6448745727539
333.0	20.7298336029053
387.0	96.857063293457
271.0	83.5483551025391
1176.0	17.4546718597412
421.0	1.58721649646759
393.0	96.3098678588867
139.0	20.6641540527344
920.0	1.21762883663177
1272.0	0.0
238.0	84.7707748413086
757.0	5.16658496856689
92.0	28.6726245880127
617.0	14.1403799057007
280.0	75.7168045043945
359.0	32.874584197998
51.0	29.2002410888672
225.0	0.412078231573105
16.0	1.2283935546875
642.0	89.2453308105469
219.0	0.571189880371094
84.0	50.8612022399902
2249.0	0.0
378.0	0.599083006381989
159.0	35.8379859924316
213.0	90.084716796875
775.0	13.4193487167358
29.0	22.0798377990723
1473.0	1.79220509529114
177.0	1.96260941028595
284.0	0.095438577234745
241.0	96.3360748291016
263.0	59.927490234375
36.0	74.1124420166016
46.0	1.93745791912079
2038.0	7.17370462417603
283.0	1.39065778255463
488.0	96.2054977416992
2924.0	0.0275430008769035
85.0	0.0517742596566677
440.0	5.52942657470703
262.0	95.4332656860352
1145.0	0.0
548.0	49.287181854248
804.0	6.21716022491455
280.0	5.30076932907104
122.0	67.2794342041016
1847.0	6.34428739547729
368.0	70.6570892333984
558.0	67.2343978881836
287.0	89.6105880737305
33.0	28.9788036346436
216.0	0.963798880577087
361.0	86.6953277587891
354.0	7.57267808914185
54.0	80.3693008422852
50.0	37.7710952758789
413.0	96.7685470581055
256.0	2.63158011436462
169.0	13.8587598800659
307.0	50.0627021789551
97.0	83.5047149658203
213.0	0.272310614585876
286.0	37.3078918457031
769.0	31.9658737182617
88.0	58.3267860412598
270.0	69.9258651733398
628.0	47.6978149414063
129.0	0.0118656596168876
4.0	0.0019605099223554
235.0	55.7069358825684
71.0	57.9808349609375
113.0	1.38639068603516
66.0	0.251788288354874
32.0	55.8860549926758
195.0	96.8058090209961
275.0	72.9878311157227
65.0	0.0033643529750406
185.0	0.153764203190804
113.0	7.85220813751221
168.0	0.0767501965165138
927.0	0.0
212.0	59.4009208679199
1273.0	1.21762883663177
24.0	20.0233383178711
1354.0	0.0
1204.0	24.8050003051758
132.0	45.395866394043
487.0	0.393746614456177
102.0	28.6924743652344
147.0	7.08964920043945
484.0	0.220510795712471
213.0	71.5450134277344
554.0	2.55253982543945
273.0	2.86936068534851
369.0	0.836812794208527
1665.0	19.6394214630127
299.0	93.8302764892578
2209.0	5.76547527313232
1215.0	86.0258865356445
344.0	47.4270858764648
317.0	30.7619819641113
714.0	0.0
365.0	1.62639462947845
719.0	64.2356491088867
240.0	67.5006561279297
577.0	1.36125898361206
162.0	73.6395568847656
472.0	20.032772064209
2.0	0.100188903510571
2475.0	4.80221080780029
891.0	3.64779686927795
1368.0	40.8645095825195
23.0	28.201000213623
584.0	77.8024291992188
5.0	0.0350980795919895
32.0	60.8751678466797
0.0	0.0
348.0	25.6230983734131
1000.0	10.9047222137451
12.0	94.6505508422852
891.0	8.64635562896729
266.0	0.730038940906525
1795.0	1.33136761188507
348.0	0.0484095811843872
1509.0	8.0759391784668
628.0	0.0
206.0	65.1576690673828
1.0	0.0
117.0	2.24496650695801
345.0	41.8971710205078
43.0	1.62097644805908
136.0	39.057674407959
260.0	15.9089851379395
383.0	2.59092211723328
175.0	0.0
1274.0	6.08442211151123
75.0	37.0674591064453
195.0	18.4487571716309
309.0	62.6958503723145
473.0	65.5061187744141
246.0	0.0357314310967922
596.0	0.64585930109024
27.0	77.9903411865234
137.0	80.4578399658203
0.0	0.0
277.0	22.8664722442627
506.0	66.3645935058594
742.0	14.2675924301147
162.0	42.7721290588379
242.0	28.2269382476807
242.0	30.0071086883545
1451.0	2.10112857818604
1011.0	0.0043678940273821
278.0	86.5697326660156
186.0	93.9656219482422
2574.0	27.1398963928223
247.0	31.2992420196533
300.0	0.0
1434.0	4.20834112167358
257.0	0.0511084720492363
170.0	75.6454238891602
17.0	21.5632228851318
2168.0	1.03924453258514
269.0	28.9652042388916
49.0	0.0323750488460064
623.0	55.7924690246582
139.0	53.7104759216309
220.0	31.7859725952148
326.0	84.3935852050781
285.0	46.6130599975586
1015.0	1.78604698181152
5.0	0.608122587203979
269.0	41.453742980957
270.0	65.0799560546875
280.0	72.6872940063477
928.0	36.0737380981445
367.0	3.77885818481445
355.0	46.2736320495605
832.0	0.0127003602683544
347.0	0.0
23.0	83.2741928100586
376.0	23.1467342376709
13.0	0.0020030930172652
1660.0	0.0422792285680771
200.0	84.3401260375977
15.0	3.50459218025208
117.0	63.3816413879395
506.0	0.0074202460236847
33.0	0.0852377414703369
879.0	1.76115453243256
253.0	95.6348876953125
565.0	11.3774652481079
197.0	4.20945930480957
729.0	0.0
599.0	0.312889486551285
272.0	1.27517199516296
402.0	65.6470642089844
112.0	49.6017150878906
109.0	53.2160835266113
2320.0	2.00408911705017
263.0	89.5929107666016
60.0	0.344688087701797
260.0	0.482725203037262
1041.0	0.620053291320801
1519.0	0.0383357107639313
2476.0	1.00510573387146
361.0	0.0001792383991414
392.0	96.8148727416992
531.0	69.7865371704102
159.0	17.2093963623047
260.0	0.381076693534851
247.0	7.57915544509888
91.0	73.1002731323242
116.0	69.3083343505859
3.0	7.73701000213623
401.0	96.7627105712891
1048.0	40.7531547546387
208.0	80.1759872436523
217.0	2.72314476966858
221.0	0.144360795617104
146.0	12.1602897644043
132.0	5.09999752044678
998.0	1.61919713020325
123.0	0.0706848129630089
22.0	0.001137610990554
182.0	11.7556781768799
1385.0	0.0
1289.0	0.0
67.0	75.3040924072266
111.0	0.0092467982321977
754.0	0.0
82.0	3.50280141830444
733.0	0.0117365103214979
855.0	11.790340423584
314.0	84.5744552612305
0.0	0.0
124.0	13.1988353729248
699.0	37.7709007263184
308.0	88.8110656738281
383.0	93.9876098632813
302.0	38.4798431396484
1224.0	0.026013670489192
133.0	70.285041809082
179.0	80.8063125610352
228.0	90.6254272460938
316.0	96.1978149414063
2.0	33.6575660705566
190.0	4.62937450408936
180.0	8.75883769989014
118.0	0.0
1453.0	32.7035102844238
213.0	68.5382308959961
139.0	81.7160797119141
264.0	75.796745300293
122.0	15.5389604568481
280.0	1.18193662166595
68.0	35.8215751647949
348.0	95.7756652832031
114.0	16.2719573974609
611.0	0.168115317821503
271.0	0.0091366004198789
238.0	72.7580184936523
1257.0	0.358494430780411
310.0	31.0504779815674
59.0	40.0486259460449
1291.0	7.86495351791382
8.0	0.0127626303583384
23.0	1.40067267417908
245.0	23.5664234161377
1325.0	7.31673717498779
29.0	22.6746673583984
868.0	1.59531998634338
371.0	49.4457359313965
380.0	28.6765518188477
461.0	0.0600808933377266
25.0	38.3175621032715
121.0	19.8998241424561
68.0	25.9599285125732
978.0	1.33767902851105
493.0	33.5357856750488
155.0	40.4560852050781
160.0	21.0343837738037
247.0	4.01256227493286
348.0	14.2895421981812
14.0	3.24247598648071
297.0	96.5117492675781
283.0	18.4893817901611
93.0	43.5031356811523
42.0	0.0004174936038907
230.0	1.1462630033493
218.0	0.0959785878658295
285.0	67.3696975708008
337.0	97.2060012817383
342.0	0.0076336883939802
822.0	39.5384483337402
220.0	77.2099227905273
347.0	0.0838689431548119
56.0	0.0151901300996542
392.0	0.771359324455261
285.0	5.45605659484863
6.0	80.3598403930664
151.0	0.602305710315704
260.0	6.38921785354614
662.0	17.0906658172607
447.0	1.92461800575256
221.0	9.87420463562012
1070.0	59.5904502868652
1075.0	33.3486518859863
70.0	1.9588143825531
175.0	0.0
12.0	12.1824321746826
672.0	54.3313026428223
423.0	2.11235475540161
918.0	0.0008138421108014
449.0	0.0884369984269142
487.0	8.35172939300537
414.0	90.9515762329102
311.0	0.015087160281837
104.0	25.8589324951172
83.0	8.64456367492676
5.0	51.9856567382813
293.0	26.9743404388428
255.0	28.4435729980469
247.0	0.509267687797546
221.0	96.6266784667969
2179.0	1.03939175605774
240.0	0.100236609578133
16.0	53.4670257568359
100.0	84.3723678588867
341.0	0.67548394203186
329.0	95.3735809326172
322.0	39.4028434753418
395.0	9.3654956817627
10.0	36.4524574279785
485.0	4.63649749755859
1547.0	0.822311282157898
19.0	66.0684280395508
468.0	16.7900295257568
544.0	64.9263458251953
363.0	92.7477035522461
347.0	96.9452056884766
32.0	43.3507423400879
622.0	38.2496452331543
518.0	0.0
1325.0	1.70468044281006
256.0	64.9580841064453
115.0	80.9377288818359
677.0	11.1995878219604
42.0	18.5846271514893
435.0	0.004836999811232
476.0	3.96301317214966
339.0	96.0326614379883
375.0	55.2189865112305
224.0	67.8610992431641
190.0	0.436216026544571
245.0	22.1123332977295
220.0	67.460563659668
146.0	6.81281995773315
230.0	6.63361167907715
38.0	15.8365173339844
1936.0	0.0
248.0	21.2914657592773
752.0	6.51596593856812
417.0	86.5146713256836
1813.0	9.68789672851563
471.0	61.0006256103516
289.0	69.435546875
2125.0	22.0945472717285
105.0	60.0052108764648
13.0	28.4355068206787
92.0	0.047399278730154
221.0	3.14527678489685
634.0	81.480827331543
225.0	63.8413619995117
2360.0	0.780739605426788
831.0	19.6910095214844
1297.0	0.464469611644745
10.0	66.8206329345703
93.0	45.532787322998
347.0	75.1797180175781
563.0	11.6993722915649
550.0	0.0
285.0	49.0557289123535
376.0	96.8833847045898
179.0	8.08949851989746
1217.0	7.16314792633057
402.0	9.91554546356201
8.0	63.3863792419434
90.0	22.0735530853271
178.0	89.1508102416992
215.0	68.215446472168
630.0	1.22961401939392
229.0	57.7601776123047
158.0	36.1868438720703
237.0	89.9391860961914
80.0	11.0265846252441
711.0	6.91262197494507
262.0	88.765266418457
2073.0	1.43622887134552
1808.0	8.28396511077881
348.0	0.029082179069519
206.0	37.7120018005371
776.0	12.0320606231689
1367.0	0.0
265.0	86.5093612670898
190.0	29.1458778381348
286.0	9.44076347351074
50.0	0.0684920996427536
2788.0	0.323400557041168
417.0	64.5012130737305
344.0	82.1187973022461
562.0	0.0
871.0	5.0818567276001
1327.0	8.17538166046143
399.0	21.0943260192871
364.0	52.4131965637207
220.0	95.1331939697266
584.0	19.1747169494629
198.0	94.7248611450195
42.0	3.83504414558411
1195.0	25.7965831756592
9.0	7.91950273513794
499.0	73.5845184326172
154.0	82.414192199707
353.0	33.4891357421875
169.0	7.63732242584229
265.0	84.4279937744141
161.0	65.8493270874023
169.0	44.1105079650879
378.0	41.8020553588867
416.0	19.2252235412598
429.0	0.0721018463373184
198.0	48.6741180419922
117.0	21.8122978210449
85.0	88.5131607055664
258.0	86.3613891601563
65.0	1.49768126010895
813.0	1.46661400794983
907.0	36.4423713684082
80.0	4.98073768615723
864.0	1.66732001304626
279.0	96.6124954223633
442.0	14.3871021270752
1285.0	0.0
873.0	12.3230428695679
258.0	3.60736465454102
396.0	13.9014072418213
2707.0	0.444518685340881
68.0	1.02801895141602
1008.0	12.3813943862915
448.0	71.241813659668
40.0	2.09249091148376
393.0	43.3176307678223
87.0	61.5633316040039
210.0	93.6519241333008
506.0	0.0044797668233513
181.0	0.814646422863007
249.0	81.271369934082
130.0	43.4282760620117
232.0	31.313720703125
1138.0	0.0
30.0	0.0056914458982646
208.0	12.8371305465698
245.0	5.93218851089478
352.0	95.213996887207
370.0	0.823018789291382
216.0	82.3097076416016
493.0	1.66915500164032
2766.0	0.112037412822247
146.0	87.7982406616211
119.0	23.375617980957
1265.0	11.9239835739136
1893.0	24.0052490234375
15.0	0.010757589712739
487.0	6.27059412002563
224.0	12.771240234375
326.0	11.6762990951538
5.0	0.0
2226.0	9.3750114440918
1748.0	22.1490859985352
209.0	84.0269622802734
319.0	40.2198905944824
1982.0	0.0
1585.0	0.0
1276.0	7.03831720352173
166.0	87.7865753173828
0.0	0.0
118.0	8.80679321289063
179.0	39.3322982788086
315.0	2.9753303527832
1010.0	0.0166666116565466
1057.0	0.0024481660220772
1275.0	41.6011581420898
161.0	81.764892578125
113.0	79.3760223388672
32.0	45.7003440856934
98.0	0.0681336671113968
2.0	7.95102977752686
572.0	11.047589302063
122.0	6.08865404129028
278.0	70.7624969482422
2335.0	4.15354442596436
123.0	5.29977416992188
85.0	0.136637955904007
295.0	73.3628540039063
337.0	47.9212989807129
594.0	0.0058278008364141
344.0	85.8587112426758
106.0	79.2959289550781
379.0	18.6171264648438
7.0	4.06363153457642
717.0	58.0027465820313
356.0	91.6671447753906
118.0	83.5048141479492
208.0	96.9187545776367
636.0	12.5616626739502
394.0	96.6040573120117
405.0	35.7556915283203
1285.0	30.523120880127
577.0	97.2844696044922
232.0	52.4102363586426
87.0	13.5579061508179
22.0	0.179462894797325
184.0	88.8168334960938
343.0	4.10936307907104
242.0	94.1130065917969
1.0	0.0312159098684788
838.0	2.50535941123962
153.0	29.34547996521
274.0	84.9858856201172
1925.0	0.0
204.0	53.8658752441406
322.0	96.9771423339844
38.0	10.1944913864136
708.0	1.81924295425415
58.0	0.821320414543152
786.0	20.8524188995361
154.0	62.5378150939941
236.0	0.355250209569931
1507.0	5.03478670120239
333.0	94.4873580932617
783.0	65.3660736083984
20.0	0.0909460186958313
100.0	60.2099113464355
553.0	61.7701301574707
293.0	78.5203628540039
278.0	79.1305541992188
301.0	37.777530670166
394.0	64.9398574829102
104.0	59.2778205871582
814.0	0.412384688854218
1284.0	3.6041579246521
133.0	0.0438507609069347
34.0	0.910041928291321
17.0	27.7471752166748
1223.0	27.2493896484375
1727.0	0.0
69.0	0.0556240789592266
556.0	0.0
86.0	49.9185180664063
1761.0	6.4534330368042
31.0	0.482038885354996
206.0	42.3424224853516
139.0	9.21746158599854
266.0	61.830924987793
1790.0	5.35718965530396
283.0	61.489616394043
43.0	7.72791719436646
21.0	44.4222297668457
369.0	9.79916477203369
114.0	40.3975791931152
395.0	2.53250694274902
159.0	6.36010694503784
217.0	82.9119873046875
330.0	97.0218048095703
67.0	0.0979944318532944
91.0	12.9059352874756
481.0	36.3056945800781
509.0	10.8843593597412
287.0	0.0073872599750757
105.0	13.6993970870972
386.0	95.9098358154297
508.0	62.1599502563477
68.0	95.306396484375
329.0	97.0826034545898
132.0	7.18229055404663
732.0	0.114673808217049
240.0	96.4753952026367
255.0	47.8953247070313
143.0	63.3005256652832
257.0	0.0
1.0	0.106789700686932
209.0	95.0180816650391
68.0	62.3622856140137
195.0	8.43299388885498
665.0	10.911826133728
908.0	56.1127700805664
266.0	57.5820655822754
1318.0	0.0231840405613184
92.0	15.9559421539307
8.0	2.96228909492493
587.0	29.5870399475098
379.0	81.354736328125
310.0	88.1889495849609
1303.0	15.1217832565308
17.0	75.2687530517578
1936.0	0.0
240.0	95.5393981933594
546.0	5.91760921478271
2512.0	5.10642147064209
427.0	0.0499256923794746
844.0	2.26383471488953
191.0	0.0025251950137317
52.0	90.9213333129883
905.0	36.3194999694824
252.0	40.2033958435059
371.0	87.3949203491211
34.0	87.5103454589844
259.0	5.16237735748291
524.0	0.0172917991876602
126.0	20.6098194122314
40.0	23.9600238800049
402.0	84.3986587524414
289.0	72.013313293457
229.0	46.6715469360352
580.0	35.6306991577148
261.0	70.2476272583008
1812.0	0.0
1575.0	1.92570400238037
26.0	93.9864654541016
9.0	51.4980049133301
123.0	0.415012091398239
815.0	0.985840022563934
286.0	75.6593246459961
127.0	0.0102249411866069
149.0	81.9983291625977
310.0	76.7997894287109
217.0	0.010221210308373
58.0	14.0051984786987
7.0	16.1883354187012
676.0	6.81631278991699
0.0	0.0
133.0	72.7204437255859
302.0	20.3688201904297
112.0	28.7231826782227
113.0	63.9627799987793
1114.0	32.671817779541
206.0	94.6094512939453
214.0	23.1568241119385
120.0	81.5950317382813
59.0	57.0899200439453
631.0	0.0141555806621909
5.0	44.8311386108398
186.0	0.0631659477949142
402.0	73.6953582763672
977.0	0.0
13.0	0.635701417922974
185.0	70.7796936035156
1485.0	0.0351648107171059
242.0	6.94388198852539
458.0	8.08428764343262
82.0	24.1107482910156
432.0	83.507080078125
135.0	12.2781429290771
414.0	46.6321830749512
388.0	71.3647537231445
457.0	74.4508666992188
289.0	95.4040756225586
392.0	33.983959197998
69.0	92.3214645385742
323.0	92.853759765625
362.0	76.9229507446289
405.0	41.5026016235352
281.0	68.5926361083984
12.0	4.74007606506348
160.0	0.119736105203629
462.0	85.3184356689453
218.0	71.3294067382813
361.0	13.6995344161987
96.0	89.9867858886719
369.0	97.3124923706055
92.0	0.880577266216278
237.0	0.296819031238556
401.0	56.3294219970703
645.0	2.01214694976807
3091.0	0.274565815925598
59.0	61.5315170288086
1006.0	0.0145428599789739
165.0	52.7196311950684
111.0	39.8837394714355
138.0	0.0576545111835003
233.0	68.5568008422852
76.0	0.0245841108262539
2.0	0.0
373.0	20.0452899932861
316.0	0.0076521066948771
87.0	0.0322404988110065
462.0	0.0
95.0	3.31407976150513
367.0	0.435186743736267
540.0	87.1407623291016
346.0	59.477165222168
310.0	66.6415100097656
219.0	0.0148360412567854
372.0	3.30816340446472
207.0	1.86434149742126
60.0	78.0065002441406
19.0	0.000207177203265
447.0	91.7558212280273
477.0	97.4711685180664
13.0	26.3580474853516
155.0	28.513069152832
2709.0	0.722776234149933
208.0	71.3427276611328
187.0	76.1514739990234
892.0	9.41814422607422
508.0	0.0
272.0	0.0089889038354158
268.0	74.5299301147461
222.0	50.3083457946777
322.0	90.2527389526367
2078.0	1.88558208942413
197.0	92.1778182983398
281.0	26.4044971466064
113.0	0.342168718576431
334.0	41.4758911132813
35.0	5.69342947006226
49.0	5.79390096664429
795.0	10.7153329849243
140.0	0.0876017510890961
70.0	0.0025527200195938
285.0	41.4329643249512
334.0	20.0961170196533
1043.0	19.6185340881348
22.0	27.3429107666016
500.0	5.71972990036011
401.0	65.816780090332
1714.0	3.20642232894897
267.0	6.81759405136108
229.0	69.8514251708984
280.0	87.033317565918
919.0	24.5631408691406
362.0	76.784294128418
160.0	15.9260635375977
384.0	83.4599990844727
706.0	37.7228584289551
88.0	21.1346244812012
435.0	77.6931228637695
87.0	15.2145013809204
19.0	12.0604877471924
100.0	11.6840314865112
941.0	0.0002544964081607
306.0	81.2768325805664
65.0	85.1399307250977
6.0	0.161825895309448
628.0	22.0349349975586
463.0	53.1996765136719
373.0	0.0020766772795468
1835.0	11.8324384689331
0.0	0.0
145.0	35.4511032104492
1514.0	1.46115469932556
271.0	18.1392192840576
230.0	35.9987602233887
461.0	29.1013679504395
194.0	21.2063312530518
389.0	86.1806640625
1583.0	20.9090785980225
151.0	50.4347381591797
290.0	9.49773502349854
184.0	90.5812606811523
311.0	91.334342956543
74.0	0.0018682490335777
118.0	0.0052472976967692
422.0	60.0705184936523
296.0	22.4999237060547
242.0	0.0010785619961097
136.0	0.083113506436348
277.0	19.0455188751221
62.0	0.0883616283535957
790.0	12.1931953430176
2630.0	0.0
339.0	96.2447280883789
666.0	31.0399188995361
354.0	0.0017457179492339
290.0	74.9987945556641
633.0	19.6370048522949
85.0	13.2335596084595
252.0	51.399585723877
255.0	96.3214874267578
330.0	11.2908029556274
527.0	0.0741894170641899
519.0	0.0
9.0	81.6399536132813
1082.0	10.0601243972778
196.0	26.1359558105469
1597.0	11.53648853302
43.0	9.93217754364014
6.0	33.3834190368652
247.0	63.769416809082
10.0	0.0044304141774773
554.0	12.1707601547241
123.0	81.8748016357422
424.0	81.4690933227539
535.0	39.9256210327148
801.0	34.3137054443359
901.0	27.766284942627
0.0	0.0
232.0	21.1466178894043
33.0	85.6549301147461
475.0	20.9698009490967
242.0	0.200551599264145
303.0	0.0266991294920444
825.0	34.0110282897949
194.0	51.9670600891113
1225.0	49.3252983093262
169.0	0.0263746995478868
61.0	30.099494934082
149.0	0.100111700594425
292.0	89.9055328369141
554.0	52.7485504150391
1311.0	0.0
853.0	1.07749700546265
577.0	4.4869704246521
1515.0	0.0
6.0	0.0063433540053665
504.0	97.4915008544922
436.0	1.9292938709259
281.0	71.9501266479492
459.0	80.2382278442383
264.0	36.9219169616699
1652.0	27.697790145874
1648.0	0.0689156278967857
30.0	81.7976303100586
292.0	6.05600214004517
239.0	0.65534782409668
1186.0	36.0668563842773
33.0	52.7044944763184
338.0	79.8527221679688
144.0	0.238916620612144
95.0	71.8094635009766
176.0	60.6374206542969
231.0	0.390208423137665
99.0	91.7390518188477
62.0	8.81990432739258
394.0	5.77557992935181
596.0	0.009763354435563
48.0	13.1932783126831
0.0	0.0
256.0	19.4718151092529
396.0	55.3936042785645
68.0	79.2891464233398
382.0	0.0183020699769258
102.0	51.1637878417969
432.0	67.7587585449219
84.0	10.5311069488525
292.0	0.127562895417213
1502.0	0.564510643482208
300.0	52.499439239502
163.0	79.0222244262695
90.0	74.8043899536133
170.0	1.3968950510025
364.0	93.2571563720703
177.0	91.210578918457
6.0	0.0006684560212306
834.0	63.5539207458496
1881.0	0.307426601648331
74.0	83.5546417236328
142.0	26.2382793426514
30.0	77.7903594970703
388.0	96.7812652587891
443.0	17.9262294769287
341.0	90.6052627563477
36.0	0.0
1158.0	12.7261562347412
799.0	39.6188850402832
587.0	81.3725967407227
1768.0	0.0729984268546104
554.0	16.7305507659912
325.0	96.8215179443359
3195.0	0.400253802537918
901.0	0.12440000474453
45.0	88.9085083007813
65.0	24.2163505554199
73.0	68.3371124267578
134.0	73.7748413085938
213.0	36.7128105163574
252.0	79.1611251831055
339.0	35.0363273620605
149.0	59.632438659668
359.0	79.0107574462891
-1.0	9.499267578125
1275.0	0.0
132.0	42.1499633789063
1675.0	0.0
291.0	3.28254365921021
23.0	13.2875089645386
17.0	27.8281364440918
52.0	19.5318641662598
255.0	87.4712982177734
841.0	13.5498714447021
1121.0	1.82584667205811
100.0	12.4094381332397
517.0	31.7172832489014
10.0	4.48886203765869
10.0	0.0
317.0	0.109852708876133
341.0	0.0
206.0	0.154628604650497
150.0	0.0
167.0	27.4523010253906
118.0	46.0356941223145
1346.0	4.92442989349365
178.0	10.2567729949951
730.0	35.991153717041
200.0	2.04591155052185
17.0	76.0668411254883
10.0	90.5630798339844
60.0	0.562245905399323
494.0	63.5139083862305
217.0	60.5007171630859
346.0	96.8406600952148
950.0	42.7972106933594
7.0	0.0
24.0	2.56867480278015
74.0	84.7620239257813
170.0	41.4303512573242
41.0	47.8637733459473
59.0	0.310116052627563
53.0	23.3193740844727
277.0	9.06178665161133
54.0	93.5980606079102
100.0	3.53369927406311
6.0	50.983024597168
489.0	87.0998001098633
72.0	12.9554691314697
318.0	31.9123954772949
15.0	10.5793991088867
172.0	8.2136058807373
337.0	2.44121766090393
112.0	21.6065616607666
399.0	3.41020011901855
22.0	85.490852355957
126.0	0.0163463708013296
402.0	17.1757678985596
816.0	33.7687759399414
2327.0	11.7692928314209
315.0	0.0084043126553297
540.0	25.2903003692627
300.0	96.7128372192383
165.0	64.8907318115234
281.0	86.3146133422852
719.0	0.369907110929489
433.0	0.0
290.0	23.2881011962891
78.0	92.4942932128906
340.0	20.1397094726563
602.0	0.63384485244751
333.0	82.9886322021484
418.0	0.0
288.0	85.3831939697266
548.0	12.148063659668
53.0	95.665283203125
242.0	19.8068103790283
273.0	3.79407620429993
551.0	32.8667526245117
288.0	1.26826274394989
328.0	11.174859046936
234.0	0.0084151718765497
167.0	31.9722366333008
293.0	68.5869827270508
434.0	30.2398490905762
302.0	82.3074645996094
9.0	10.1505975723267
1005.0	4.25832843780518
616.0	32.236400604248
3.0	0.0152059700340033
262.0	32.7339057922363
216.0	29.7538394927979
709.0	36.3196601867676
1349.0	25.7987308502197
440.0	20.670804977417
456.0	0.69734913110733
258.0	0.104789599776268
818.0	14.7003288269043
1360.0	0.982527852058411
274.0	66.5620956420898
390.0	8.8718433380127
255.0	3.94049477577209
451.0	33.0764503479004
711.0	0.0014068069867789
1467.0	0.0303320903331041
125.0	72.2342147827148
935.0	0.844969928264618
0.0	0.0
1091.0	14.6763296127319
181.0	80.3249206542969
94.0	80.654655456543
250.0	2.75942635536194
242.0	9.76072216033936
1150.0	12.7448711395264
171.0	76.1043930053711
291.0	82.1351089477539
95.0	15.0955095291138
1401.0	34.0351600646973
488.0	26.6026706695557
242.0	81.8772430419922
268.0	82.0781860351563
228.0	0.0608281530439854
329.0	75.1285171508789
128.0	15.9946765899658
667.0	65.2330856323242
259.0	7.16412734985352
34.0	8.25630283355713
549.0	62.6057586669922
280.0	4.54769134521484
91.0	13.2732524871826
1008.0	0.0
1563.0	0.0
0.0	0.0
51.0	0.903358519077301
125.0	79.6644744873047
273.0	19.8791007995605
173.0	0.731443703174591
462.0	83.4699554443359
231.0	13.4147024154663
99.0	77.3307647705078
451.0	15.6838102340698
119.0	7.88917016983032
445.0	0.326535731554031
2066.0	1.21762883663177
216.0	15.4261302947998
236.0	17.2848300933838
185.0	11.6201515197754
483.0	94.8813934326172
615.0	0.0120169101282954
623.0	56.6984214782715
845.0	0.270277798175812
226.0	0.419367790222168
1767.0	3.80670809745789
513.0	60.7757568359375
404.0	97.1463623046875
131.0	46.9450759887695
1232.0	3.04336595535278
363.0	33.9601402282715
1995.0	4.20405673980713
27.0	18.3999671936035
209.0	96.4430847167969
21.0	6.42007827758789
83.0	6.75272130966187
820.0	5.87415266036987
1098.0	44.6905632019043
33.0	11.5100212097168
1265.0	6.53715705871582
331.0	55.5539665222168
90.0	9.20660018920898
969.0	1.05089795589447
698.0	0.365287601947784
1006.0	2.02553176879883
248.0	95.8782577514648
1057.0	38.2777290344238
10.0	15.2617321014404
273.0	45.8655548095703
2114.0	23.8469371795654
118.0	27.3661861419678
653.0	0.0125837996602058
73.0	0.780189156532288
351.0	75.9077224731445
340.0	19.9244785308838
503.0	30.1078643798828
440.0	60.4953231811523
314.0	82.4131393432617
1029.0	61.0157928466797
101.0	24.9904747009277
766.0	7.96982717514038
0.0	0.0
260.0	81.8770980834961
276.0	95.9332580566406
125.0	4.93225765228271
154.0	11.4089441299438
61.0	40.4789428710938
295.0	34.4778327941895
1063.0	12.165379524231
653.0	4.61118125915527
60.0	10.6759948730469
338.0	67.9530868530273
1837.0	0.0
202.0	13.1588315963745
260.0	79.791145324707
190.0	27.9129123687744
7.0	74.9220275878906
311.0	95.1721496582031
219.0	12.932183265686
228.0	43.6772613525391
378.0	13.5601997375488
1098.0	17.8699417114258
320.0	68.5227813720703
210.0	96.9590835571289
2447.0	0.358814418315887
301.0	93.6322479248047
411.0	0.293433010578156
49.0	86.5840301513672
269.0	92.9054183959961
28.0	0.0004862906062044
1472.0	0.0
999.0	5.04154682159424
214.0	74.1508178710938
257.0	89.1998748779297
719.0	3.64150166511536
738.0	35.9045257568359
1406.0	17.3065891265869
547.0	25.0712356567383
192.0	0.0443947538733482
325.0	96.328727722168
157.0	61.7416229248047
310.0	1.29248595237732
35.0	2.89596819877625
992.0	9.30163860321045
259.0	16.4128494262695
112.0	0.0778180509805679
293.0	25.5008411407471
345.0	87.8668594360352
12.0	0.71175491809845
248.0	69.5801162719727
86.0	0.0440795533359051
673.0	24.2158985137939
2748.0	8.58594131469727
43.0	0.0003142076893709
254.0	96.5760726928711
261.0	92.0343780517578
1698.0	0.837396383285522
208.0	58.7131195068359
29.0	52.7314224243164
1417.0	0.0
598.0	33.878589630127
8.0	16.7259197235107
154.0	69.1234817504883
0.0	0.0
0.0	0.0
97.0	55.7653579711914
767.0	23.0453128814697
625.0	27.8511066436768
5.0	4.98115062713623
357.0	96.5748138427734
248.0	56.9137954711914
44.0	54.3158302307129
388.0	0.0907211899757385
88.0	0.0083492342382669
568.0	1.88611495494843
359.0	28.0047588348389
360.0	82.8657073974609
772.0	12.5628776550293
605.0	0.925401926040649
431.0	0.0
1245.0	0.0648396834731102
299.0	95.6316375732422
645.0	6.0897274017334
1850.0	0.0
543.0	13.0519304275513
16.0	33.2823143005371
238.0	81.5520935058594
279.0	0.0334258005023003
528.0	0.0129436403512955
572.0	16.6914329528809
211.0	67.0721664428711
382.0	31.7930526733398
152.0	58.3393936157227
232.0	4.48505735397339
32.0	7.83158159255981
231.0	0.0045563308522105
24.0	0.0238051395863295
753.0	4.62698984146118
19.0	42.7167549133301
242.0	84.9656829833984
52.0	62.8405532836914
181.0	0.0206617694348097
866.0	53.4791793823242
27.0	11.099681854248
4.0	0.17812579870224
1908.0	0.12176288664341
403.0	24.1011161804199
1184.0	3.66246294975281
71.0	90.8441772460938
326.0	67.5293273925781
308.0	0.044751588255167
3425.0	0.0242626909166574
255.0	94.5340957641602
312.0	80.7239151000977
2512.0	22.9935035705566
3.0	0.113250397145748
632.0	1.61689805984497
0.0	15.6512203216553
948.0	12.2120399475098
1180.0	15.9435596466064
497.0	1.28780698776245
75.0	29.5178089141846
8.0	28.3857555389404
0.0	0.0
236.0	28.5880813598633
262.0	42.2064666748047
2587.0	4.37798452377319
267.0	13.333571434021
874.0	28.0984725952148
69.0	2.99890995025635
309.0	77.9721069335938
25.0	29.648380279541
184.0	3.1041944026947
900.0	80.3611831665039
20.0	0.36563178896904
289.0	87.5070571899414
261.0	0.0180586706846952
120.0	59.3128051757813
224.0	96.3180465698242
216.0	0.0072907130233943
90.0	72.5268096923828
382.0	0.0096880998462438
175.0	83.5415115356445
283.0	41.671459197998
154.0	44.1991004943848
544.0	0.0020046608988195
230.0	74.7832794189453
89.0	40.8801689147949
233.0	7.66736698150635
261.0	0.0036092291120439
2480.0	1.64700996875763
366.0	0.0067189135588705
8.0	6.33220148086548
46.0	0.0874525308609009
462.0	11.0640354156494
449.0	1.32148873806
80.0	0.0166569091379642
903.0	1.45940136909485
192.0	70.7513275146484
10.0	3.92026853561401
20.0	10.6981887817383
19.0	0.68705153465271
691.0	0.0069472519680857
45.0	15.5768165588379
182.0	94.1971740722656
244.0	13.7204866409302
216.0	0.0
272.0	41.978084564209
322.0	0.062432199716568
501.0	72.061882019043
56.0	4.92026281356812
321.0	40.5413513183594
178.0	11.4574527740479
120.0	89.1374130249023
43.0	24.3995494842529
234.0	84.4673919677734
348.0	96.7636260986328
359.0	8.11747932434082
240.0	83.278694152832
39.0	84.2025680541992
185.0	0.0221245903521776
747.0	0.0170771591365337
193.0	83.0842514038086
4.0	9.40493488311768
312.0	31.0812664031982
128.0	8.08782768249512
90.0	2.58059430122375
6.0	0.0
76.0	12.4496717453003
267.0	84.7483901977539
198.0	80.9486846923828
305.0	93.630500793457
42.0	47.3728065490723
577.0	7.44773530960083
312.0	78.6709442138672
116.0	9.72155094146729
1560.0	0.0
1849.0	0.0
57.0	31.7418346405029
31.0	88.6415863037109
211.0	0.667609810829163
165.0	0.0002209485974162
463.0	6.43525791168213
200.0	91.9357681274414
446.0	37.7356109619141
248.0	36.3027992248535
347.0	17.8148288726807
671.0	12.5379066467285
2.0	0.0
139.0	56.3400917053223
29.0	42.4135208129883
1597.0	3.99696159362793
932.0	0.031678780913353
395.0	36.6842079162598
18.0	19.6661815643311
996.0	9.11550712585449
2075.0	0.845865964889526
573.0	13.4165334701538
204.0	44.7722702026367
529.0	1.35170102119446
246.0	96.6904983520508
253.0	40.1897048950195
410.0	46.7202262878418
1154.0	40.2099723815918
201.0	56.7479553222656
1066.0	34.6274795532227
96.0	0.0005632182001136
392.0	76.4416961669922
34.0	44.3430442810059
407.0	10.9786214828491
178.0	7.1417293548584
283.0	93.5670471191406
366.0	56.1936950683594
1797.0	4.1167459487915
228.0	23.0603675842285
688.0	6.40467548370361
334.0	44.9488258361816
304.0	8.84363651275635
254.0	11.9688329696655
924.0	16.7219905853271
432.0	11.2205982208252
304.0	16.712345123291
457.0	30.2449531555176
3.0	1.96983599662781
253.0	79.4363632202148
1398.0	0.0
251.0	19.6633129119873
464.0	77.2756958007813
634.0	0.170889094471931
361.0	0.117558099329472
53.0	69.5673370361328
10.0	27.7877063751221
270.0	84.6519470214844
860.0	2.23071098327637
91.0	65.2743301391602
0.0	0.0
1833.0	8.91626262664795
304.0	64.1573791503906
117.0	22.5135822296143
919.0	4.29087591171265
128.0	48.0237693786621
752.0	0.182805299758911
433.0	24.6077651977539
21.0	1.93827748298645
520.0	7.8772439956665
262.0	2.28861308097839
343.0	82.1764297485352
315.0	94.6122970581055
380.0	33.8791923522949
365.0	0.058700829744339
71.0	71.341667175293
509.0	96.773063659668
470.0	23.1186656951904
310.0	89.3061828613281
218.0	96.6726608276367
87.0	12.5851392745972
127.0	26.2605476379395
467.0	6.01850605010986
265.0	40.0212783813477
583.0	30.5700778961182
1515.0	0.016172269359231
106.0	30.7758026123047
110.0	3.26011085510254
224.0	56.9816246032715
405.0	30.4717597961426
440.0	0.0166543405503035
370.0	2.80179667472839
278.0	92.8991546630859
304.0	96.9897384643555
1955.0	2.36089992523193
42.0	2.7053861618042
499.0	28.6144580841064
784.0	0.656430184841156
22.0	0.0
917.0	23.067310333252
164.0	55.9940528869629
896.0	10.7048006057739
250.0	13.156231880188
215.0	63.9942665100098
1539.0	0.0
697.0	34.0002021789551
125.0	3.08373427391052
367.0	96.6749572753906
431.0	23.7430667877197
212.0	6.92373085021973
646.0	40.3299751281738
1438.0	0.139363467693329
2085.0	0.0
621.0	12.1711921691895
140.0	8.31678295135498
350.0	93.4402389526367
457.0	3.86657905578613
420.0	0.0496225282549858
1639.0	14.2642011642456
34.0	51.1938667297363
271.0	0.231445103883743
692.0	39.8577041625977
1108.0	3.94555497169495
235.0	97.1045989990234
112.0	0.0315525494515896
233.0	17.3018569946289
23.0	1.69301676750183
1182.0	0.0329920798540115
255.0	78.9844741821289
103.0	45.5228881835938
268.0	69.7520446777344
318.0	43.2833976745605
67.0	34.2340202331543
216.0	82.1546249389648
14.0	31.5382633209229
0.0	2.73632502555847
502.0	0.009117423556745
140.0	39.1916999816895
511.0	0.182097002863884
244.0	18.2741813659668
291.0	54.4371032714844
0.0	0.0
23.0	26.8803958892822
157.0	9.74380970001221
167.0	6.57570123672485
186.0	82.4425430297852
261.0	0.18045300245285
59.0	2.63768911361694
282.0	0.993987381458282
339.0	95.1973114013672
109.0	20.3305110931396
229.0	20.1438522338867
102.0	0.183384701609612
353.0	85.6169128417969
1839.0	0.0463431254029274
888.0	7.17683935165405
1809.0	0.0358814410865307
1578.0	0.0
238.0	80.0962219238281
88.0	7.59473085403442
1085.0	7.52990865707397
259.0	6.40777349472046
226.0	92.9598159790039
1436.0	0.125288799405098
31.0	54.8592720031738
177.0	4.54643154144287
253.0	85.5843124389648
11.0	0.798910081386566
54.0	26.7023773193359
169.0	96.9423599243164
376.0	96.3432846069336
59.0	0.150650098919868
1005.0	34.5985717773438
173.0	0.354379206895828
355.0	82.8435592651367
187.0	0.267105489969254
407.0	59.3422775268555
28.0	21.4417247772217
0.0	0.0
848.0	34.8002395629883
66.0	21.784460067749
424.0	0.172889694571495
123.0	39.7005653381348
310.0	0.0121965799480677
578.0	0.0401174612343311
155.0	0.657023727893829
478.0	34.1896438598633
50.0	0.0
193.0	59.1514320373535
290.0	66.5163803100586
1103.0	5.62823104858398
353.0	62.7346878051758
194.0	81.7464752197266
276.0	71.0086364746094
155.0	3.69531154632568
54.0	5.83033514022827
817.0	12.3496704101563
250.0	95.9628372192383
92.0	47.9087219238281
102.0	0.0
1340.0	18.1258392333984
451.0	19.4419193267822
152.0	36.9735221862793
303.0	81.9841613769531
143.0	0.0420074686408043
352.0	18.9142742156982
174.0	13.7514333724976
52.0	13.5875253677368
334.0	6.94711065292358
42.0	25.8083591461182
332.0	96.8041610717773
37.0	0.0089654810726642
103.0	5.4590950012207
291.0	32.7831153869629
353.0	96.8881759643555
195.0	18.4950122833252
339.0	5.35337400436401
132.0	52.6685447692871
1534.0	32.8308029174805
493.0	0.0
329.0	96.9383926391602
157.0	52.2629051208496
692.0	10.6644945144653
177.0	19.7319355010986
206.0	86.2763290405273
84.0	2.1555004119873
452.0	77.1908264160156
956.0	13.5644807815552
26.0	28.8383502960205
978.0	7.83394956588745
274.0	19.3459300994873
79.0	8.68016338348389
297.0	1.92533659934998
577.0	35.7467994689941
515.0	25.5271186828613
363.0	96.9372329711914
347.0	0.0154126295819879
164.0	72.2004547119141
248.0	0.0140415905043483
20.0	13.0937242507935
479.0	62.1063690185547
671.0	51.8795433044434
14.0	0.0
1514.0	0.0
245.0	3.13470268249512
1659.0	0.0051069390028715
509.0	88.8836441040039
924.0	12.1416568756104
277.0	46.3478889465332
8.0	0.0076521937735378
363.0	96.7004547119141
211.0	0.0158657692372799
669.0	1.61638903617859
78.0	40.8383598327637
278.0	22.6344318389893
329.0	42.9509925842285
238.0	68.1159896850586
0.0	0.0
379.0	77.6923141479492
288.0	45.5802230834961
106.0	1.95566260814667
426.0	19.8504772186279
330.0	21.8698844909668
465.0	82.1421737670898
389.0	0.005634575150907
214.0	74.9879913330078
315.0	92.6259460449219
551.0	65.2724685668945
144.0	20.9241485595703
153.0	80.1942672729492
279.0	67.5995178222656
308.0	94.0881042480469
0.0	0.0
426.0	49.3816719055176
140.0	11.200569152832
406.0	0.0019560460932552
632.0	61.7125091552734
0.0	2.98642182350159
267.0	0.014079250395298
232.0	0.0566613115370274
32.0	73.2399444580078
377.0	97.0105285644531
165.0	0.464258015155792
862.0	0.360783994197845
358.0	4.75315141677856
207.0	0.0399200804531574
945.0	37.5678901672363
300.0	0.0099199274554848
40.0	17.6008701324463
240.0	14.4519710540771
46.0	10.2471618652344
99.0	39.6572074890137
2453.0	0.0553492493927479
73.0	0.0457164086401463
30.0	66.4432601928711
217.0	32.9535942077637
239.0	25.4804821014404
2.0	0.0
379.0	96.7014617919922
257.0	34.6887054443359
135.0	30.1392002105713
237.0	59.2164268493652
223.0	18.5505390167236
127.0	6.9488697052002
4.0	36.7316703796387
1456.0	0.0
8.0	9.99376010894775
1405.0	0.005976874846965
541.0	0.0006957530858926
476.0	92.4079666137695
365.0	0.633208453655243
368.0	14.2151403427124
410.0	54.3703689575195
414.0	3.36484909057617
627.0	0.0090192379429936
271.0	66.2844696044922
542.0	12.2489719390869
558.0	40.0262413024902
1389.0	0.430207103490829
336.0	0.31705978512764
327.0	0.598879098892212
754.0	0.176292195916176
17.0	0.0
927.0	15.6728601455688
625.0	36.5396537780762
1409.0	0.365081667900085
364.0	0.0104683497920632
278.0	76.9100875854492
245.0	43.7470550537109
619.0	42.8805999755859
201.0	41.5443305969238
0.0	0.0
140.0	46.9088745117188
434.0	94.2367401123047
65.0	32.4169731140137
1492.0	16.1460304260254
140.0	11.5063858032227
225.0	0.0277643706649542
195.0	61.5868263244629
202.0	55.7451629638672
507.0	72.5909957885742
256.0	9.80285453796387
486.0	27.1818866729736
334.0	77.8536148071289
17.0	0.630292236804962
361.0	90.8350219726563
416.0	91.0033950805664
305.0	71.2379379272461
112.0	23.5027523040771
17.0	3.6177282333374
367.0	19.3892669677734
144.0	12.5329732894897
234.0	43.2517776489258
336.0	60.7497520446777
187.0	19.4476566314697
20.0	0.0012262630043551
511.0	52.1175117492676
483.0	0.0083976527675986
306.0	96.5472717285156
740.0	11.4100713729858
66.0	0.0052910884842276
54.0	86.8668746948242
2145.0	28.727912902832
277.0	0.0
669.0	11.1492023468018
303.0	3.52399301528931
94.0	30.6380043029785
220.0	3.44282412528992
1130.0	12.3315315246582
612.0	45.9551124572754
104.0	5.14550733566284
335.0	47.9177665710449
259.0	83.6825256347656
717.0	22.9524593353271
25.0	78.8994216918945
134.0	32.98486328125
721.0	36.5095062255859
170.0	9.60731601715088
117.0	71.5374145507813
217.0	91.2571716308594
9.0	1.08563601970673
797.0	41.1376037597656
38.0	28.1930847167969
207.0	68.9579238891602
174.0	0.0
657.0	88.1659317016602
615.0	12.5356025695801
551.0	49.770866394043
362.0	20.7207717895508
386.0	97.1857147216797
603.0	75.8193740844727
685.0	5.02700138092041
292.0	0.0185243226587772
1965.0	13.971471786499
406.0	32.9050064086914
298.0	0.0243130903691053
21.0	68.060791015625
195.0	84.7082977294922
358.0	7.82658052444458
442.0	0.0163411200046539
175.0	0.0329745784401894
172.0	23.8552436828613
1522.0	0.0
225.0	24.5986423492432
106.0	0.025037931278348
781.0	0.0
232.0	0.818718671798706
201.0	0.0483637005090714
283.0	79.0200424194336
268.0	0.20189280807972
349.0	82.133918762207
91.0	20.3302574157715
42.0	77.31005859375
173.0	38.9724655151367
315.0	48.051830291748
777.0	0.271983861923218
307.0	0.0448418036103249
162.0	0.154850393533707
121.0	63.7622985839844
8.0	49.4283103942871
544.0	53.3524703979492
524.0	0.0130822006613016
755.0	15.9045419692993
31.0	20.0640144348145
278.0	3.58432626724243
785.0	11.6146144866943
489.0	43.2738037109375
83.0	9.67181301116943
342.0	71.0122375488281
10.0	96.315788269043
1038.0	4.36943197250366
610.0	2.12969493865967
228.0	16.097240447998
470.0	40.6829490661621
1235.0	7.0776309967041
1332.0	0.0127929905429482
86.0	86.4238052368164
189.0	42.3359451293945
263.0	95.7578506469727
495.0	37.960693359375
319.0	85.2998428344727
421.0	0.0063590197823941
148.0	4.65452718734741
274.0	17.5539054870605
753.0	0.764219462871552
32.0	0.238843306899071
199.0	61.4454383850098
270.0	51.6297988891602
105.0	76.8610153198242
1419.0	6.22106647491455
948.0	1.09718918800354
173.0	16.2125968933105
1892.0	22.938404083252
1377.0	2.21139788627625
217.0	22.387939453125
5.0	0.427230298519135
776.0	0.500290274620056
34.0	60.1807289123535
91.0	78.1265029907227
266.0	19.4596614837646
233.0	55.4736404418945
213.0	25.4750328063965
226.0	96.8107604980469
704.0	2.56300401687622
156.0	78.2686920166016
1005.0	34.5060997009277
327.0	93.5883865356445
812.0	6.13003206253052
227.0	29.9227924346924
203.0	73.4166564941406
3.0	0.690332472324371
93.0	1.92492389678955
308.0	15.2130699157715
65.0	2.26342296600342
320.0	1.21148800849915
152.0	0.657094597816467
183.0	2.02998876571655
400.0	54.3326797485352
1342.0	9.00899505615234
264.0	77.3436279296875
3435.0	0.274004101753235
1829.0	4.13876962661743
16.0	2.73147225379944
339.0	30.0168972015381
80.0	83.9600601196289
1817.0	5.11366367340088
45.0	18.8396511077881
313.0	81.3400268554688
878.0	0.0425671003758907
262.0	80.6963577270508
284.0	14.3347387313843
440.0	87.0420379638672
2159.0	0.0
353.0	58.3533210754395
258.0	13.7998352050781
208.0	96.3553314208984
396.0	15.3081216812134
216.0	70.654167175293
107.0	31.3658256530762
1068.0	4.27434682846069
777.0	5.76877737045288
658.0	1.98471796512604
2397.0	0.332178354263306
195.0	0.648596942424774
258.0	17.0504016876221
217.0	95.6518020629883
1608.0	1.56959390640259
1539.0	0.730577290058136
503.0	0.109060607850552
331.0	38.4786338806152
184.0	40.5544624328613
812.0	19.868839263916
750.0	49.166862487793
181.0	3.29477453231812
151.0	2.58344864845276
309.0	85.4580535888672
261.0	2.03815531730652
1159.0	12.606107711792
154.0	0.238534420728683
537.0	0.214073404669762
411.0	1.15078508853912
1838.0	0.0
1031.0	4.45080518722534
395.0	56.948371887207
276.0	0.0072206151671707
194.0	81.5376129150391
768.0	33.8222351074219
404.0	24.8626232147217
723.0	2.7205605506897
272.0	0.302074700593948
498.0	8.36553955078125
176.0	30.995491027832
76.0	73.2212219238281
1994.0	0.179407209157944
152.0	13.8418025970459
297.0	11.5228271484375
192.0	87.5205154418945
38.0	0.853118419647217
731.0	0.0327466316521168
201.0	91.0003204345703
1753.0	0.0042779608629643
134.0	56.3609580993652
345.0	34.2704429626465
373.0	0.0424519814550877
284.0	81.6156387329102
58.0	4.40917873382568
307.0	79.1061935424805
215.0	15.5236148834229
7.0	74.4190902709961
47.0	76.1885757446289
414.0	0.0234811305999756
279.0	6.47051525115967
222.0	4.36687517166138
12.0	0.671508491039276
59.0	0.327956199645996
106.0	10.597677230835
2.0	0.0476313307881355
687.0	0.185724601149559
1592.0	5.31432008743286
101.0	1.99277997016907
143.0	4.50570297241211
411.0	32.8146934509277
237.0	38.4573783874512
246.0	94.5680999755859
352.0	16.9182720184326
241.0	0.0031855429988354
26.0	13.254222869873
219.0	89.7877502441406
118.0	88.4050369262695
235.0	89.7390594482422
113.0	20.743034362793
34.0	0.167349696159363
1259.0	0.0
66.0	1.0125230550766
955.0	11.5531406402588
238.0	74.8761825561523
294.0	85.4951858520508
269.0	0.124730199575424
281.0	96.4808044433594
253.0	42.2750396728516
791.0	0.0
73.0	2.60837626457214
564.0	38.7551498413086
15.0	8.04113960266113
313.0	84.1004943847656
784.0	31.8427963256836
1313.0	28.3524494171143
172.0	52.4072532653809
220.0	17.8697566986084
193.0	9.94221687316895
63.0	84.6420974731445
380.0	97.0459899902344
1165.0	0.36528867483139
269.0	37.8586273193359
271.0	64.8500747680664
1469.0	49.7244148254395
368.0	2.271404504776
461.0	91.9216079711914
1442.0	0.0
2908.0	8.74544906616211
297.0	80.3834075927734
188.0	36.3939018249512
11.0	2.10596132278442
327.0	87.8720474243164
203.0	53.2898101806641
474.0	94.1512832641602
565.0	2.50470304489136
265.0	80.7258148193359
93.0	66.2408981323242
345.0	54.921272277832
176.0	70.7759857177734
164.0	56.3397254943848
153.0	19.192928314209
401.0	5.93059349060059
314.0	60.0819549560547
273.0	37.6182861328125
1765.0	9.97939682006836
307.0	7.7811541557312
585.0	13.8368225097656
2101.0	0.0
233.0	77.3683700561523
175.0	55.9117889404297
75.0	51.3612174987793
181.0	27.6242828369141
2091.0	11.0466861724854
713.0	0.637917220592499
763.0	29.4888954162598
147.0	28.6028270721436
252.0	96.4474105834961
130.0	72.1083831787109
92.0	0.039016529917717
116.0	12.1462297439575
24.0	0.0205889027565718
211.0	57.4818344116211
255.0	93.9501495361328
173.0	18.6436748504639
686.0	0.008200442418456
234.0	20.1827049255371
19.0	20.7581806182861
92.0	41.6674537658691
58.0	98.2450866699219
57.0	5.27441120147705
97.0	82.8046417236328
771.0	12.0487203598022
361.0	84.7853851318359
750.0	18.4813957214355
103.0	1.0189460515976
907.0	0.0
65.0	33.40576171875
241.0	7.74240636825562
95.0	0.0444520488381386
210.0	45.5742301940918
471.0	97.58154296875
399.0	0.0057180365547537
140.0	84.0828475952148
208.0	0.621762871742249
104.0	5.10896015167236
358.0	92.7245025634766
115.0	16.2703742980957
575.0	0.0086193354800343
0.0	0.0
3561.0	0.0100369602441788
536.0	0.0613641627132893
57.0	80.0506744384766
0.0	42.9742584228516
112.0	0.20611959695816
340.0	1.60111236572266
101.0	0.0134292002767324
294.0	3.15957570075989
196.0	50.8545875549316
6.0	6.58040523529053
277.0	0.000815886480268
231.0	78.4358062744141
3369.0	0.0643224567174911
1319.0	17.6299610137939
48.0	0.0031952019780874
1175.0	11.6451683044434
541.0	33.7859840393066
362.0	6.52443742752075
972.0	0.0
255.0	3.28326940536499
142.0	27.2229309082031
147.0	88.6671295166016
190.0	40.1990356445313
487.0	27.2069416046143
1251.0	6.00508213043213
155.0	19.8514347076416
149.0	8.79060745239258
62.0	1.21326291561127
123.0	77.0735015869141
16.0	0.0288112405687571
273.0	96.4544296264648
42.0	14.2998876571655
243.0	2.09935665130615
372.0	96.6637649536133
363.0	3.85851645469666
38.0	20.7211208343506
5.0	3.80431008338928
75.0	0.452573597431183
229.0	86.7991561889648
292.0	0.010983039624989
332.0	65.9966583251953
363.0	19.6353912353516
517.0	0.843888521194458
311.0	48.390064239502
458.0	97.9403457641602
198.0	44.8252906799316
242.0	19.8068103790283
1336.0	0.0
10.0	39.499080657959
418.0	97.0207595825195
151.0	0.359224498271942
606.0	28.1506767272949
66.0	56.8632659912109
276.0	54.8562355041504
58.0	0.0
32.0	71.5034484863281
383.0	73.0283432006836
580.0	44.3554344177246
364.0	97.0116424560547
339.0	73.2993850708008
337.0	59.8760528564453
249.0	24.425874710083
258.0	44.5385208129883
252.0	21.6048469543457
381.0	82.6319808959961
136.0	38.6949043273926
465.0	85.5272064208984
80.0	0.33797013759613
443.0	59.7960395812988
473.0	96.8351364135742
364.0	77.833854675293
293.0	97.1024703979492
6.0	2.83917570114136
815.0	7.60053443908691
850.0	0.0409055799245834
124.0	82.6043090820313
56.0	68.9684906005859
194.0	41.1205596923828
690.0	5.79680824279785
184.0	0.0435869991779327
37.0	66.8999710083008
313.0	72.0925674438477
181.0	70.2000045776367
1165.0	2.57567191123962
135.0	43.5816230773926
161.0	13.4866065979004
360.0	0.730577349662781
339.0	80.7084579467773
2295.0	0.0468435399234295
61.0	8.25568866729736
513.0	92.3691940307617
122.0	96.9973907470703
179.0	7.27315521240234
292.0	26.8398132324219
83.0	20.543041229248
85.0	93.4671325683594
560.0	19.9221076965332
8.0	7.87820148468018
294.0	5.75863122940063
152.0	32.6649589538574
201.0	1.00234019756317
152.0	3.22310876846313
356.0	0.0224845111370087
370.0	27.5436229705811
874.0	33.8551292419434
0.0	0.0
172.0	0.644180417060852
533.0	1.44959616661072
1059.0	55.6217308044434
250.0	17.0329418182373
2440.0	0.243446007370949
297.0	95.4206848144531
2056.0	0.0
80.0	0.0178175307810307
1161.0	3.60686802864075
227.0	70.8039932250977
0.0	0.0
207.0	78.0083694458008
276.0	66.6025695800781
273.0	1.45173406600952
-1.0	0.672033488750458
326.0	63.2806243896484
443.0	26.3690090179443
295.0	67.437629699707
64.0	79.8736953735352
0.0	0.0
319.0	84.8417282104492
219.0	16.4016761779785
390.0	0.0
170.0	31.1108627319336
2531.0	0.126892998814583
1483.0	0.0
3.0	1.34586596488953
265.0	7.84868431091309
763.0	0.0570629797875881
118.0	0.855545222759247
88.0	9.49856853485107
164.0	41.3557014465332
292.0	68.8017120361328
274.0	0.0260024610906839
6.0	0.0
120.0	36.845573425293
1254.0	4.98035287857056
433.0	87.9319763183594
243.0	0.133515000343323
291.0	79.5467147827148
239.0	0.000972110137809
473.0	35.6437797546387
258.0	5.0938024520874
185.0	13.5365047454834
647.0	0.415705502033234
414.0	33.6099395751953
239.0	0.733477115631104
160.0	17.2024974822998
898.0	0.713401675224304
3.0	0.0
393.0	0.021166019141674
417.0	8.17699813842773
17.0	61.0566864013672
192.0	1.26021242141724
213.0	68.5106735229492
660.0	12.086483001709
252.0	65.3823165893555
602.0	41.9337959289551
443.0	91.005256652832
283.0	35.8824729919434
209.0	0.026837419718504
301.0	2.53031778335571
582.0	84.4370880126953
0.0	0.0
436.0	10.090407371521
252.0	0.261018991470337
207.0	68.3513717651367
135.0	43.4826736450195
380.0	97.460578918457
79.0	3.83507943153381
270.0	44.1570472717285
57.0	1.37204575538635
221.0	80.6400375366211
55.0	0.671558082103729
121.0	7.09916830062866
231.0	13.3686151504517
43.0	16.4495658874512
108.0	14.937876701355
1211.0	69.5005722045898
500.0	21.8568954467773
320.0	51.3334617614746
1024.0	23.9945316314697
369.0	97.1033782958984
53.0	60.6877212524414
732.0	39.0494155883789
750.0	12.1409912109375
180.0	0.163852497935295
2219.0	0.867042601108551
7.0	7.25555849075317
124.0	94.1967163085938
295.0	81.6477355957031
258.0	47.8513412475586
611.0	13.1924638748169
7.0	30.3967742919922
2157.0	0.0
132.0	44.9440841674805
1326.0	2.37460398674011
298.0	0.0447545908391476
49.0	18.4925708770752
338.0	0.0003648794081527
303.0	67.8223037719727
953.0	0.0439788103103638
1301.0	83.1413269042969
392.0	94.1364898681641
829.0	12.3746137619019
1044.0	25.6336727142334
705.0	44.7356224060059
261.0	13.1828393936157
247.0	0.0303865000605583
315.0	77.0156631469727
1178.0	0.284940987825394
193.0	0.753681123256683
194.0	68.0697250366211
87.0	0.0390885397791862
483.0	0.0087085356935858
105.0	74.0979614257813
519.0	97.8673477172852
429.0	0.14672739803791
517.0	14.0638427734375
220.0	97.1174774169922
400.0	0.099721759557724
223.0	37.5726661682129
230.0	22.0729694366455
364.0	46.8222465515137
203.0	45.720287322998
898.0	3.63431096076965
47.0	29.0344276428223
59.0	1.94636297225952
234.0	11.5111427307129
136.0	79.9840774536133
1098.0	11.1555299758911
613.0	22.2789363861084
136.0	23.8145389556885
234.0	11.1181240081787
38.0	0.0
49.0	16.2289237976074
61.0	88.7716445922852
209.0	13.1637744903564
345.0	18.8403377532959
685.0	35.9123229980469
7.0	61.6576118469238
262.0	37.3240852355957
263.0	79.6734771728516
76.0	72.5038604736328
137.0	82.8958511352539
31.0	8.13459014892578
209.0	19.2723121643066
296.0	83.7654876708984
239.0	74.2154388427734
114.0	54.8206481933594
3244.0	0.262645095586777
193.0	0.0117361405864358
300.0	0.0005941832787357
316.0	95.251594543457
348.0	96.5619354248047
278.0	68.4606552124023
7.0	35.4122161865234
198.0	1.91939699649811
1727.0	7.68627500534058
173.0	15.4942035675049
137.0	10.9795093536377
82.0	0.0900648534297943
331.0	0.0475042909383774
383.0	96.9274978637695
189.0	18.7826194763184
2143.0	0.0
639.0	74.371940612793
136.0	47.3596572875977
397.0	80.48828125
753.0	0.623236894607544
57.0	2.26361799240112
133.0	76.4636764526367
102.0	0.105484299361706
360.0	87.5866622924805
661.0	0.272794395685196
22.0	9.96706771850586
276.0	96.8388137817383
27.0	54.6922836303711
43.0	13.6858129501343
529.0	30.1253318786621
46.0	29.2549419403076
210.0	37.4246215820313
144.0	11.1035499572754
374.0	0.51238089799881
1222.0	20.5605525970459
537.0	18.707368850708
78.0	0.140905305743217
216.0	9.0315523147583
194.0	33.2166023254395
959.0	0.145277604460716
643.0	5.27363014221191
454.0	11.1709489822388
279.0	78.8676300048828
185.0	1.66428935527802
87.0	17.2393035888672
1567.0	36.7010612487793
885.0	2.00168800354004
285.0	81.7993392944336
2257.0	0.154041796922684
435.0	95.9389038085938
141.0	0.0476357601583004
251.0	54.0626487731934
69.0	81.8174057006836
378.0	65.4502716064453
181.0	91.9202880859375
200.0	39.6379280090332
385.0	0.0057926401495933
443.0	96.8948211669922
189.0	95.478401184082
479.0	0.116907104849815
183.0	0.162772014737129
1.0	1.60222697257996
237.0	52.7338562011719
96.0	37.7729110717773
332.0	4.45589399337769
568.0	95.6635894775391
329.0	2.59301090240479
269.0	28.068473815918
18.0	50.5127601623535
8.0	47.2832984924316
299.0	65.9139099121094
207.0	67.6671829223633
193.0	77.4599533081055
30.0	71.1527938842773
10.0	17.7712383270264
1246.0	26.7943992614746
41.0	14.5984315872192
369.0	0.0
1182.0	0.465821802616119
336.0	0.83941912651062
964.0	40.1009216308594
162.0	20.8504638671875
3.0	2.00160717964172
1386.0	5.65058135986328
296.0	15.7521848678589
233.0	0.636068642139435
1457.0	0.325599312782288
2426.0	0.0
208.0	96.714111328125
7.0	9.71694850921631
23.0	9.01264953613281
349.0	56.9289894104004
248.0	79.0020904541016
425.0	59.3948059082031
331.0	94.3296737670898
3561.0	0.0
329.0	46.8399391174316
212.0	33.7406768798828
445.0	2.58534860610962
245.0	26.2640914916992
32.0	2.54238605499268
332.0	55.5720252990723
307.0	97.0239639282227
273.0	20.6886768341064
380.0	16.3334312438965
993.0	27.1929969787598
237.0	86.1763763427734
131.0	7.65129852294922
156.0	81.1814498901367
1.0	11.6063280105591
340.0	0.0261189825832844
56.0	0.149597302079201
120.0	2.81083106994629
31.0	14.244213104248
265.0	59.8871421813965
271.0	7.03109836578369
422.0	40.1137428283691
327.0	0.0047296867705881
708.0	1.46043705940247
373.0	3.6271071434021
465.0	82.5437393188477
272.0	67.8132553100586
298.0	0.10652519762516
666.0	80.2188110351563
56.0	84.5502777099609
250.0	12.7982482910156
148.0	31.7630748748779
243.0	72.1655960083008
1192.0	5.23580408096313
933.0	0.0354419685900211
1217.0	14.7667055130005
67.0	3.48138499259949
100.0	3.89960789680481
63.0	0.0264024194329977
997.0	20.8609275817871
174.0	64.6560668945313
194.0	72.8573379516602
337.0	96.8267517089844
481.0	35.2470359802246
20.0	42.1637687683105
111.0	91.5182266235352
17.0	0.0001761167950462
190.0	2.95479774475098
502.0	87.4341583251953
184.0	75.4467010498047
555.0	0.0
3.0	0.0
149.0	3.26544165611267
362.0	70.3725662231445
346.0	0.858837962150574
494.0	28.6614761352539
333.0	41.1030502319336
154.0	94.3040161132813
391.0	73.6714096069336
26.0	17.1582546234131
1727.0	0.0
1139.0	18.7151851654053
990.0	56.8472175598145
54.0	74.8530578613281
732.0	2.43872594833374
459.0	83.6913528442383
6.0	19.0169715881348
250.0	0.689229309558868
152.0	81.6816558837891
583.0	1.32534301280975
273.0	14.9636468887329
349.0	19.994649887085
819.0	0.508913338184357
179.0	0.0204451717436314
226.0	79.0073699951172
517.0	2.46956157684326
375.0	0.0628172308206558
307.0	47.2619438171387
701.0	83.2857360839844
115.0	0.0265501793473959
134.0	6.94419479370117
265.0	0.310922592878342
585.0	10.4810466766357
187.0	97.1702499389648
579.0	13.6530952453613
946.0	4.84519195556641
124.0	0.813413381576538
15.0	0.0049019311554729
211.0	89.2304306030273
1442.0	8.92272472381592
646.0	0.514151036739349
292.0	26.6512851715088
387.0	4.38867807388306
149.0	0.0127998013049364
15.0	4.78360176086426
304.0	87.2902374267578
47.0	26.0044612884521
97.0	71.08154296875
2239.0	0.0
231.0	13.9990348815918
86.0	42.9098358154297
143.0	28.3484287261963
391.0	0.404429376125336
448.0	97.2410583496094
299.0	81.7299728393555
655.0	56.3617973327637
380.0	0.0527413822710514
336.0	0.608814418315887
631.0	44.775390625
148.0	15.764331817627
21.0	2.5567421913147
316.0	82.166015625
794.0	11.3383483886719
436.0	0.0309381801635027
201.0	78.9858932495117
146.0	74.4069595336914
255.0	0.0013980129733681
184.0	57.046199798584
537.0	95.7015991210938
312.0	93.9678421020508
338.0	3.30448698997498
221.0	20.6426048278809
216.0	83.5053558349609
542.0	2.17999935150146
96.0	0.0048858299851417
555.0	12.4451322555542
488.0	97.8219451904297
682.0	32.5696487426758
249.0	95.9180145263672
267.0	49.2520408630371
0.0	0.0
15.0	20.6413135528564
210.0	96.2355422973633
41.0	70.0338973999023
248.0	74.3372268676758
194.0	53.2851715087891
449.0	39.6265754699707
1184.0	41.0463638305664
191.0	5.12044429779053
101.0	0.0204572398215532
781.0	0.0
290.0	26.3911037445068
81.0	0.134710296988487
37.0	44.2652893066406
284.0	0.100788496434689
290.0	83.8538055419922
289.0	0.0884412154555321
342.0	10.9789447784424
868.0	37.0960311889648
341.0	73.0633316040039
264.0	58.2797813415527
448.0	24.7017650604248
740.0	65.0326232910156
246.0	67.4158172607422
217.0	92.6586837768555
456.0	4.40790939331055
2724.0	5.23580408096313
113.0	0.886261820793152
31.0	38.8128356933594
431.0	15.7808771133423
250.0	22.2778911590576
1354.0	30.7236824035645
-1.0	2.1285138130188
4.0	0.0
234.0	22.8120937347412
1366.0	1.82644331455231
1007.0	0.0
821.0	20.8087368011475
654.0	1.53448355197906
631.0	17.4658298492432
23.0	8.46348285675049
165.0	13.1464471817017
98.0	0.0204286109656096
256.0	9.79268836975098
163.0	81.9091339111328
268.0	16.4278831481934
265.0	76.1891708374023
206.0	0.0434838496148586
381.0	0.0354761183261871
39.0	75.112678527832
146.0	53.2215423583984
23.0	99.9568405151367
83.0	89.3480224609375
0.0	0.0
566.0	29.9545078277588
129.0	86.3473968505859
84.0	25.3101482391357
611.0	2.69483113288879
114.0	27.5533676147461
80.0	0.0054459138773381
274.0	6.79894733428955
124.0	2.31869125366211
301.0	8.30812358856201
1257.0	15.6651821136475
739.0	0.0127090997993946
19.0	82.3483505249023
720.0	0.805857717990875
303.0	44.0727462768555
257.0	93.6500625610352
173.0	0.166521996259689
272.0	20.4339847564697
210.0	0.0604463294148445
349.0	0.0364305898547173
288.0	85.242431640625
20.0	20.9705104827881
31.0	0.0
1570.0	3.65288662910461
243.0	88.8528137207031
105.0	3.43210792541504
18.0	2.69410991668701
60.0	52.640552520752
515.0	34.7752990722656
521.0	9.85587310791016
1196.0	9.58430862426758
72.0	35.8176422119141
966.0	46.5523986816406
216.0	1.92562222480774
29.0	13.4374771118164
337.0	3.55216193199158
104.0	0.0738530531525612
309.0	95.887092590332
74.0	0.839061319828033
99.0	29.0929260253906
149.0	42.1317558288574
42.0	0.0103006307035685
280.0	63.051212310791
13.0	2.82769918441772
92.0	24.933422088623
340.0	2.55902719497681
630.0	0.0070820804685354
307.0	96.6794662475586
229.0	1.68271017074585
333.0	96.7204971313477
328.0	26.7488632202148
309.0	2.25884318351746
15.0	66.4160995483398
1708.0	2.12366461753845
531.0	62.5919570922852
246.0	0.305433809757233
217.0	68.1728820800781
175.0	13.9821653366089
330.0	92.1572875976563
163.0	1.40663850307465
238.0	80.4717483520508
614.0	66.643928527832
484.0	9.70284271240234
499.0	3.70452809333801
2301.0	7.18401050567627
197.0	0.0887051522731781
282.0	5.47362518310547
218.0	54.533805847168
247.0	79.2724685668945
3.0	1.11528873443604
251.0	54.6706237792969
262.0	0.0053515778854489
2015.0	2.33970642089844
985.0	11.8504600524902
333.0	1.65682649612427
69.0	78.4082717895508
419.0	79.8973388671875
701.0	0.005111311096698
350.0	12.9512691497803
292.0	0.0375418215990067
11.0	0.0
230.0	37.5534019470215
296.0	72.4412460327148
1111.0	4.01817512512207
1735.0	0.0
202.0	14.2236442565918
350.0	7.63079166412354
2810.0	10.1749658584595
226.0	72.0080490112305
759.0	8.38771438598633
157.0	83.4877548217773
222.0	17.4649391174316
377.0	6.59713459014893
322.0	2.07029604911804
742.0	14.2675924301147
359.0	81.0327682495117
183.0	73.8791809082031
166.0	81.7736053466797
748.0	14.2099990844727
0.0	0.0
832.0	12.0729007720947
98.0	56.5660858154297
344.0	64.0092620849609
8.0	19.5258331298828
900.0	0.0014868830330669
718.0	0.0010001029586419
474.0	32.2225646972656
165.0	75.5503921508789
1241.0	0.0688808336853981
294.0	92.6142654418945
158.0	52.0557327270508
5.0	8.08490371704102
148.0	3.26956248283386
10.0	0.00186480616685
240.0	90.7664566040039
131.0	28.4582977294922
216.0	13.5915727615356
166.0	2.88325476646423
533.0	0.137124001979828
22.0	14.907112121582
435.0	70.6495132446289
251.0	47.6176147460938
203.0	3.21029806137085
369.0	55.9772338867188
239.0	1.93085551261902
347.0	53.1412696838379
388.0	97.031852722168
338.0	96.1420211791992
231.0	0.209640607237816
203.0	76.1214065551758
257.0	14.1545581817627
315.0	18.7148532867432
25.0	68.5528717041016
274.0	0.736796081066132
190.0	0.181876793503761
171.0	68.2339019775391
442.0	93.1361618041992
1512.0	6.13253307342529
25.0	32.1688804626465
16.0	0.455479115247726
449.0	16.2289066314697
423.0	27.3599262237549
