0.0073	31.9279251098633
0.0379	46.8879890441895
0.0045	0.973347902297974
0.0009	0.0127434097230434
0.105	48.7597923278809
0.0756	44.4655799865723
0.0145	1.51758015155792
0.0706	40.4985618591309
0.0002	0.0151025597006083
0.0317	4.23693799972534
0.1384	79.8997116088867
0.0177	0.0717628821730614
0.0426	55.1139602661133
0.0402	0.905236780643463
0.0125	0.249395504593849
0.0251	49.2885818481445
0.0	0.0
0.0203	26.0419502258301
0.0453	48.1012763977051
0.0293	18.5354385375977
0.0058	21.5935573577881
0.0649	16.7852993011475
0.1621	90.7021331787109
0.0245	79.4765167236328
0.0106	60.96044921875
0.0301	34.0699462890625
0.0426	94.5923233032227
0.0001	0.249765500426292
0.0014	0.0018970160745084
0.0015	0.0
0.0018	11.9882888793945
0.0561	28.2578506469727
0.0278	18.811279296875
0.0243	79.299186706543
0.07	0.285278111696243
0.0981	96.3674621582031
0.0941	19.3673973083496
0.0095	84.203987121582
0.0101	2.63327741622925
0.0035	0.221090152859688
0.0085	84.639778137207
0.0896	3.22457814216614
0.0019	12.1919584274292
0.0448	91.6556701660156
0.1504	0.730577349662781
0.1205	93.5631332397461
0.0012	42.2020606994629
0.0333	75.0248641967773
0.311	92.7350540161133
0.2681	52.3775444030762
0.0557	29.3425769805908
0.0122	8.46134948730469
0.05	67.6188659667969
0.0088	0.501800179481506
0.0623	32.4317932128906
0.0647	0.59451812505722
0.0047	0.328773587942123
0.0486	10.2104997634888
0.027	80.2073440551758
0.1494	75.2740325927734
0.0104	12.4634399414063
0.0	0.184688195586205
0.137	61.5272216796875
0.0584	0.608814418315887
0.3642	70.9465789794922
0.1086	92.548210144043
0.0174	12.1049308776855
0.0282	0.130554094910622
0.0171	28.5770168304443
0.0101	0.0045298901386559
0.0246	88.1586380004883
0.0247	15.1964340209961
0.001	6.51172590255737
0.013	77.3021011352539
0.078	92.9852905273438
0.0084	11.9741439819336
0.038	27.003288269043
0.148	92.2610092163086
0.0041	69.6155395507813
0.0098	46.3486480712891
0.0053	7.84904336929321
0.1429	7.1220498085022
0.0022	0.163042396306992
0.1566	85.7327270507813
0.0171	0.0040347320027649
0.001	2.09751224517822
0.0105	11.7434568405151
0.037	60.5928726196289
0.0037	0.0582855716347694
0.0529	17.5482578277588
0.1245	90.7243118286133
0.0377	42.7613716125488
0.0539	35.1484413146973
0.0146	27.7621803283691
0.0524	17.3249549865723
0.0106	29.4606647491455
0.1589	36.813102722168
0.0029	0.0
0.0223	28.9376163482666
0.0378	72.2557830810547
0.0	0.0052129458636045
0.0547	43.4956283569336
0.051	35.9451599121094
0.0233	49.3270874023438
0.0135	21.9680004119873
0.255	9.89965534210205
0.1162	0.074577122926712
0.0037	1.43103694915771
0.0473	61.950756072998
0.0013	0.0013055040035396
0.0183	24.1331901550293
0.001	13.0169515609741
0.0349	22.8288135528564
0.0213	54.3913421630859
0.0063	12.2465209960938
0.1009	18.788049697876
0.0267	93.1560440063477
0.031	2.80203199386597
0.0124	86.0044937133789
0.0338	51.1270027160645
0.063	0.365820944309235
0.008	0.783673167228699
0.0116	5.5646390914917
0.0489	84.002067565918
0.0152	75.2860717773438
0.0333	5.94757604598999
0.0685	24.6083068847656
0.0103	28.3605556488037
0.0388	0.882843315601349
0.0667	16.1540012359619
0.0546	96.888427734375
0.0	0.0
0.1106	95.440299987793
0.0104	22.7301139831543
0.0128	29.8149280548096
0.2126	0.0
0.1037	77.4557723999023
0.0033	21.4200878143311
0.0269	71.9705123901367
0.0104	0.0
0.1054	81.9408111572266
0.008	24.3716793060303
0.0077	1.93777477741241
0.0192	31.7150859832764
0.0172	18.8132934570313
0.0484	18.5825519561768
0.0634	31.9737644195557
0.0144	6.85051965713501
0.0344	40.0733489990234
0.0017	1.64677333831787
0.0434	0.223048105835915
0.0001	0.0
0.0122	91.7589797973633
0.0055	3.19033002853394
0.0087	0.0609640292823315
0.0419	57.3082237243652
0.0323	2.00849270820618
0.0516	25.7475910186768
0.0011	10.2658596038818
0.0075	7.80556726455688
0.0083	17.3503475189209
0.0038	1.17796277999878
0.0103	26.8227653503418
0.017	0.261588394641876
0.0224	38.8133659362793
0.0121	27.0940093994141
0.0642	30.3397369384766
0.0068	0.0019905399531126
0.0082	4.13318777084351
0.0205	57.3710899353027
0.0106	0.0063296309672296
0.0432	39.2262077331543
0.0348	0.0451906844973564
0.0065	0.132161602377892
0.0292	24.6349830627441
0.0118	1.42607176303864
0.0618	32.1019554138184
0.0332	14.7698574066162
0.1155	39.1854515075684
0.0323	27.0511875152588
0.0	0.0
0.1136	96.5618133544922
0.0131	1.5276050567627
0.0079	0.0336852483451366
0.0055	10.7042350769043
0.0009	0.0147196603938937
0.0021	11.9809560775757
0.0408	36.5543365478516
0.006	53.3346939086914
0.0125	38.5004501342773
0.0117	55.3095779418945
0.1768	25.6530513763428
0.0003	6.81777191162109
0.0987	92.4800033569336
0.0007	2.41302490234375
0.158	93.0510101318359
0.0339	0.273995786905289
0.0401	46.9070434570313
0.0008	1.42394888401031
0.0931	75.6706390380859
0.0126	1.26566410064697
0.1537	91.6434326171875
0.0111	62.1588859558105
0.0725	96.0696182250977
0.0003	0.0
0.0403	22.7131328582764
0.0104	0.0078249778598547
0.0115	24.1301250457764
0.0502	0.193537905812263
0.0002	0.98818564414978
0.0012	4.55225229263306
0.001	0.0457646436989307
0.2244	93.8261642456055
0.0207	0.017595449462533
0.0036	12.1720533370972
0.0714	54.4535751342773
0.0103	50.7635459899902
0.0097	0.0115040801465511
0.1178	42.929370880127
0.0962	21.2056179046631
0.0048	2.63753700256348
0.0434	44.0161628723145
0.0328	78.0628814697266
0.0133	4.38024854660034
0.0272	2.24939441680908
0.0365	43.5134620666504
0.8889	3.89021611213684
0.1393	96.5137176513672
0.0208	96.9362945556641
0.0444	35.1255073547363
0.0019	0.0451520942151546
0.0029	2.95065712928772
0.0188	0.0280324425548315
0.0038	1.92670714855194
0.0001	2.3362181186676
0.0124	0.0
0.2406	30.7645587921143
0.0177	5.78758907318115
0.0445	96.7845077514648
0.0024	1.93759346008301
0.0229	15.175106048584
0.3147	0.0
0.0333	96.6322021484375
0.035	12.1301231384277
0.0075	0.0448071993887424
0.065	0.35568180680275
0.004	2.2890739440918
0.0239	28.5593490600586
0.0288	33.7159194946289
0.0878	1.03934502601624
0.0011	4.37684488296509
0.0595	92.7847442626953
0.0336	14.4626502990723
0.0131	16.8186168670654
0.0171	56.2166938781738
0.0021	28.773796081543
0.0603	83.5475845336914
0.0156	66.5553207397461
0.0129	74.9836959838867
0.1391	6.47643899917603
0.002	0.0
0.0921	57.1817932128906
0.0	10.3380241394043
0.0503	22.4441909790039
0.0361	0.0109272003173828
0.0034	2.73117852210999
0.024	0.0071927662938833
0.0169	96.9192581176758
0.0051	8.35868263244629
0.0807	0.918008208274841
0.0011	3.45664024353027
0.0108	5.82085990905762
0.0521	0.0181760899722576
0.0072	0.249901488423347
0.021	15.2141399383545
0.0595	1.21140348911285
0.1048	73.8577270507813
0.0265	85.1694793701172
0.0633	0.095061331987381
0.0172	24.439136505127
0.0318	22.9848518371582
0.0526	23.99391746521
0.0141	33.6460952758789
0.0007	15.6651678085327
0.0693	7.26301240921021
0.0438	0.226008921861649
0.0541	78.6886825561523
0.0162	4.95093679428101
0.005	4.10357904434204
0.0044	72.0293502807617
0.0168	37.5931015014648
0.0268	83.5373764038086
0.0021	0.0
0.0078	1.31798601150513
0.0055	0.0
0.0003	2.92230916023254
0.0174	24.2231388092041
0.1017	59.1293106079102
0.0521	30.8188877105713
0.0953	91.8703231811523
0.022	2.28150844573975
0.0814	0.775358498096466
0.0378	77.4542541503906
0.1254	89.5247573852539
0.0546	54.5709114074707
0.0029	5.41741609573364
0.0698	15.9454574584961
0.0033	63.0032501220703
0.0158	65.8757934570313
0.162	79.7738189697266
0.0031	13.9589519500732
0.008	0.306118100881577
0.0306	88.8646392822266
0.0096	77.4205703735352
0.0267	34.7924499511719
0.1064	80.4454574584961
0.0153	56.3092765808105
0.2259	11.9081468582153
0.031	12.1208810806274
0.0445	12.0235280990601
0.0318	85.1554870605469
0.0139	24.7273273468018
0.1127	17.8782043457031
0.0012	6.74405717849731
0.0	0.0
0.0139	20.2239170074463
0.015	0.0076136579737067
0.0525	56.3212242126465
0.0006	12.3905143737793
0.106	87.0569763183594
0.0457	84.6115112304688
0.0014	0.0
0.003	0.212870895862579
0.0894	0.578290522098541
0.0267	0.0
0.082	25.3772678375244
0.0364	39.6527976989746
0.0179	0.531646072864532
0.0648	37.3348159790039
0.0134	59.2119293212891
0.0101	45.7169227600098
0.0223	0.344860792160034
0.003	0.0583416782319546
0.0015	0.0006115874275565
0.0526	97.0869445800781
0.0402	12.9336767196655
0.0143	15.7329788208008
0.0526	54.5350532531738
0.0533	88.0025863647461
0.0211	13.8857975006104
0.0003	0.0
0.0462	1.2977100610733
0.0343	38.6808853149414
0.0017	1.11491310596466
0.1253	82.2069702148438
0.2745	7.61466360092163
0.0318	19.7488327026367
0.1287	30.8136882781982
0.0223	33.1474609375
0.0317	78.3326034545898
0.0016	0.107594080269337
0.0206	52.6319694519043
0.0073	45.1564788818359
0.0289	26.6786823272705
0.0075	5.48680353164673
0.0018	1.28657150268555
0.0044	59.4582290649414
0.0181	9.56043529510498
0.0002	0.49516698718071
0.0036	22.6353969573975
0.0734	3.57307982444763
0.0112	15.9939641952515
0.0572	83.4622116088867
0.0341	85.7080688476563
0.0161	0.0541127100586891
0.0508	13.5929937362671
0.0179	0.321841895580292
0.0272	12.5768241882324
0.054	52.881950378418
0.0051	68.548454284668
0.0003	3.21852827072144
0.072	14.9152355194092
0.1294	9.40526008605957
0.0283	50.5592269897461
0.0452	3.1658308506012
0.0039	0.116361707448959
0.018	51.0045623779297
0.0421	20.2097816467285
0.0428	32.436580657959
0.1229	16.5592994689941
0.0182	0.0102738505229354
0.0307	47.547290802002
0.0074	0.430267125368118
0.0507	10.0473594665527
0.0217	7.63024663925171
0.0	0.0
0.0109	3.14904093742371
0.004	0.0058642700314521
0.3446	15.5397500991821
0.1505	6.27167987823486
0.0189	77.1065139770508
0.0656	93.8162612915039
0.2259	94.2597198486328
0.0	8.2093505859375
0.0652	82.4438400268555
0.0586	79.7985382080078
0.1823	91.3930206298828
0.288	71.6775283813477
0.0587	24.5989093780518
0.0291	0.0
0.0136	9.65280151367188
0.0043	0.0004186173318885
0.0117	0.0695753023028374
0.0619	0.0
0.0494	9.60825252532959
0.047	15.2561864852905
0.0049	75.2787475585938
0.0323	0.343452394008636
0.0609	32.7861289978027
0.0759	96.5222549438477
0.0018	1.096794962883
0.0007	1.21762883663177
0.0819	33.1484794616699
0.1232	79.6613311767578
0.0629	0.112508006393909
0.036	81.8677825927734
0.0188	32.8519859313965
0.0076	66.5516586303711
0.0087	89.4110794067383
0.0898	0.0
0.1427	89.667594909668
0.0016	12.1521530151367
0.0048	50.6790046691895
0.0405	50.8828773498535
0.1377	18.8503913879395
0.0489	55.1404266357422
0.114	92.5884475708008
0.0662	54.5945205688477
0.0174	0.149570196866989
0.0384	80.5825119018555
0.0063	19.6951484680176
0.0	0.0
0.0121	27.4703884124756
0.0718	4.48096704483032
0.0001	0.0
0.0478	61.1934547424316
0.1128	58.3553123474121
0.0818	35.5880470275879
0.0358	0.0
0.0001	4.71131038665771
0.1205	82.7466888427734
0.0155	90.9445724487305
0.015	17.7642040252686
0.0205	9.87743759155273
0.0658	0.387976825237274
0.1307	90.7746505737305
0.0008	0.040642999112606
0.1673	52.5263328552246
0.0369	0.101333096623421
0.0754	90.8138198852539
0.0108	31.2456798553467
0.0314	47.5059432983398
0.0083	0.805839419364929
0.042	0.12176288664341
0.0415	92.4294586181641
0.0165	76.2787475585938
0.0493	60.9764938354492
0.0422	53.7362442016602
0.1059	92.4568939208984
0.0569	34.257438659668
0.0231	44.2551383972168
0.1398	90.054817199707
0.0613	48.2910308837891
0.0288	96.637077331543
0.0156	0.97206312417984
0.0241	14.5531921386719
0.01	5.79953622817993
0.0058	12.109881401062
0.0333	91.5619964599609
0.0818	72.045051574707
0.0485	0.933900713920593
0.032	0.0012909730430692
0.0172	19.7969760894775
0.1436	84.8826293945313
0.0002	7.79019451141357
0.002	12.449592590332
0.0735	75.3523788452148
0.0454	53.8685874938965
0.04	71.437744140625
0.035	0.0
0.0399	69.8457641601563
0.0467	82.5321426391602
0.0362	60.5889205932617
0.0011	12.3845338821411
0.0158	0.0070735150948166
0.1054	56.1339225769043
0.0126	28.6607971191406
0.0864	70.2935638427734
0.0125	96.1249694824219
0.0294	47.5792961120605
0.0519	11.2559595108032
0.0378	3.35856199264526
0.033	84.6448745727539
0.0035	20.7298336029053
0.0431	96.857063293457
0.0425	83.5483551025391
0.0795	17.4546718597412
0.0011	1.58721649646759
0.0899	96.3098678588867
0.0124	20.6641540527344
0.0006	1.21762883663177
0.1237	0.0
0.0686	84.7707748413086
0.0203	5.16658496856689
0.0233	28.6726245880127
0.0031	14.1403799057007
0.0098	75.7168045043945
0.1165	32.874584197998
0.1544	29.2002410888672
0.0118	0.412078231573105
0.0336	1.2283935546875
0.0841	89.2453308105469
0.0107	0.571189880371094
0.0191	50.8612022399902
0.0044	0.0
0.0006	0.599083006381989
0.0433	35.8379859924316
0.1069	90.084716796875
0.0006	13.4193487167358
0.183	22.0798377990723
0.0265	1.79220509529114
0.0089	1.96260941028595
0.0292	0.095438577234745
0.0721	96.3360748291016
0.0675	59.927490234375
0.1285	74.1124420166016
0.8473	1.93745791912079
0.0018	7.17370462417603
0.0069	1.39065778255463
0.0972	96.2054977416992
0.0005	0.0275430008769035
0.0441	0.0517742596566677
0.0237	5.52942657470703
0.0489	95.4332656860352
0.0154	0.0
0.0189	49.287181854248
0.0325	6.21716022491455
0.0099	5.30076932907104
0.0475	67.2794342041016
0.0013	6.34428739547729
0.1184	70.6570892333984
0.05	67.2343978881836
0.0578	89.6105880737305
0.1311	28.9788036346436
0.0175	0.963798880577087
0.007	86.6953277587891
0.0336	7.57267808914185
0.0383	80.3693008422852
0.1547	37.7710952758789
0.0623	96.7685470581055
0.007	2.63158011436462
0.0091	13.8587598800659
0.0559	50.0627021789551
0.0244	83.5047149658203
0.0036	0.272310614585876
0.0188	37.3078918457031
0.0151	31.9658737182617
0.022	58.3267860412598
0.0556	69.9258651733398
0.1924	47.6978149414063
0.0081	0.0118656596168876
0.1204	0.0019605099223554
0.0796	55.7069358825684
0.0289	57.9808349609375
0.0325	1.38639068603516
0.0377	0.251788288354874
0.046	55.8860549926758
0.4364	96.8058090209961
0.0125	72.9878311157227
0.0109	0.0033643529750406
0.0046	0.153764203190804
0.0105	7.85220813751221
0.0161	0.0767501965165138
0.0021	0.0
0.0299	59.4009208679199
0.0003	1.21762883663177
0.0327	20.0233383178711
0.0209	0.0
0.1025	24.8050003051758
0.0709	45.395866394043
0.0055	0.393746614456177
0.1577	28.6924743652344
0.0143	7.08964920043945
0.0422	0.220510795712471
0.1354	71.5450134277344
0.0017	2.55253982543945
0.0439	2.86936068534851
0.0024	0.836812794208527
0.0469	19.6394214630127
0.0338	93.8302764892578
0.0002	5.76547527313232
0.0628	86.0258865356445
0.0083	47.4270858764648
0.004	30.7619819641113
0.0004	0.0
0.0061	1.62639462947845
0.0403	64.2356491088867
0.0332	67.5006561279297
0.1746	1.36125898361206
0.0938	73.6395568847656
0.0018	20.032772064209
0.043	0.100188903510571
0.006	4.80221080780029
0.0011	3.64779686927795
0.2017	40.8645095825195
0.3492	28.201000213623
0.2314	77.8024291992188
0.0038	0.0350980795919895
0.0279	60.8751678466797
0.0	0.0
0.0025	25.6230983734131
0.0004	10.9047222137451
0.0726	94.6505508422852
0.0074	8.64635562896729
0.0056	0.730038940906525
0.0001	1.33136761188507
0.0005	0.0484095811843872
0.0606	8.0759391784668
0.0	0.0
0.0098	65.1576690673828
0.014	0.0
0.0339	2.24496650695801
0.0229	41.8971710205078
0.0972	1.62097644805908
0.1109	39.057674407959
0.0403	15.9089851379395
0.0133	2.59092211723328
0.0004	0.0
0.1035	6.08442211151123
0.0539	37.0674591064453
0.0096	18.4487571716309
0.1379	62.6958503723145
0.0464	65.5061187744141
0.0019	0.0357314310967922
0.006	0.64585930109024
0.9488	77.9903411865234
0.0281	80.4578399658203
0.0	0.0
0.026	22.8664722442627
0.1152	66.3645935058594
0.0001	14.2675924301147
0.0091	42.7721290588379
0.0105	28.2269382476807
0.0253	30.0071086883545
0.0	2.10112857818604
0.1632	0.0043678940273821
0.046	86.5697326660156
0.1074	93.9656219482422
0.0079	27.1398963928223
0.0118	31.2992420196533
0.0006	0.0
0.0703	4.20834112167358
0.0083	0.0511084720492363
0.0668	75.6454238891602
0.0917	21.5632228851318
0.0007	1.03924453258514
0.0471	28.9652042388916
0.6602	0.0323750488460064
0.1078	55.7924690246582
0.0415	53.7104759216309
0.0098	31.7859725952148
0.0118	84.3935852050781
0.0149	46.6130599975586
0.0563	1.78604698181152
0.1162	0.608122587203979
0.0051	41.453742980957
0.0363	65.0799560546875
0.0093	72.6872940063477
0.0635	36.0737380981445
0.0063	3.77885818481445
0.0017	46.2736320495605
0.0105	0.0127003602683544
0.0045	0.0
0.035	83.2741928100586
0.0022	23.1467342376709
0.0292	0.0020030930172652
0.053	0.0422792285680771
0.1004	84.3401260375977
0.039	3.50459218025208
0.0225	63.3816413879395
0.0061	0.0074202460236847
0.0646	0.0852377414703369
0.0525	1.76115453243256
0.0145	95.6348876953125
0.0093	11.3774652481079
0.0062	4.20945930480957
0.0009	0.0
0.0053	0.312889486551285
0.0064	1.27517199516296
0.0361	65.6470642089844
0.0207	49.6017150878906
0.0105	53.2160835266113
0.0006	2.00408911705017
0.0603	89.5929107666016
0.0422	0.344688087701797
0.0039	0.482725203037262
0.0176	0.620053291320801
0.0203	0.0383357107639313
0.0093	1.00510573387146
0.0003	0.0001792383991414
0.1525	96.8148727416992
0.1068	69.7865371704102
0.0015	17.2093963623047
0.0025	0.381076693534851
0.08	7.57915544509888
0.1267	73.1002731323242
0.1233	69.3083343505859
0.0357	7.73701000213623
0.0109	96.7627105712891
0.056	40.7531547546387
0.0611	80.1759872436523
0.0501	2.72314476966858
0.0171	0.144360795617104
0.0051	12.1602897644043
0.0125	5.09999752044678
0.0223	1.61919713020325
0.0186	0.0706848129630089
0.0319	0.001137610990554
0.1617	11.7556781768799
0.0002	0.0
0.0235	0.0
0.0563	75.3040924072266
0.0103	0.0092467982321977
0.001	0.0
0.0252	3.50280141830444
0.036	0.0117365103214979
0.0011	11.790340423584
0.0443	84.5744552612305
0.0	0.0
0.0319	13.1988353729248
0.0632	37.7709007263184
0.0276	88.8110656738281
0.0212	93.9876098632813
0.0521	38.4798431396484
0.0456	0.026013670489192
0.0211	70.285041809082
0.1205	80.8063125610352
0.0517	90.6254272460938
0.0439	96.1978149414063
0.2541	33.6575660705566
0.0057	4.62937450408936
0.0174	8.75883769989014
0.0719	0.0
0.0516	32.7035102844238
0.0487	68.5382308959961
0.1073	81.7160797119141
0.0763	75.796745300293
0.0162	15.5389604568481
0.0061	1.18193662166595
0.0332	35.8215751647949
0.0481	95.7756652832031
0.1002	16.2719573974609
0.0018	0.168115317821503
0.0054	0.0091366004198789
0.0639	72.7580184936523
0.0272	0.358494430780411
0.0435	31.0504779815674
0.0953	40.0486259460449
0.069	7.86495351791382
0.1318	0.0127626303583384
0.0364	1.40067267417908
0.0353	23.5664234161377
0.1895	7.31673717498779
0.0455	22.6746673583984
0.0326	1.59531998634338
0.0095	49.4457359313965
0.0029	28.6765518188477
0.0001	0.0600808933377266
0.1144	38.3175621032715
0.0657	19.8998241424561
0.0606	25.9599285125732
0.0022	1.33767902851105
0.0515	33.5357856750488
0.0065	40.4560852050781
0.0149	21.0343837738037
0.0085	4.01256227493286
0.0033	14.2895421981812
0.0695	3.24247598648071
0.047	96.5117492675781
0.0056	18.4893817901611
0.0483	43.5031356811523
0.0861	0.0004174936038907
0.0172	1.1462630033493
0.0097	0.0959785878658295
0.0701	67.3696975708008
0.0308	97.2060012817383
0.0003	0.0076336883939802
0.0375	39.5384483337402
0.0375	77.2099227905273
0.1107	0.0838689431548119
0.0397	0.0151901300996542
0.0126	0.771359324455261
0.0021	5.45605659484863
0.328	80.3598403930664
0.0156	0.602305710315704
0.0112	6.38921785354614
0.0209	17.0906658172607
0.0023	1.92461800575256
0.0226	9.87420463562012
0.0799	59.5904502868652
0.1563	33.3486518859863
0.0082	1.9588143825531
0.0325	0.0
0.08	12.1824321746826
0.0502	54.3313026428223
0.0106	2.11235475540161
0.0191	0.0008138421108014
0.0005	0.0884369984269142
0.0417	8.35172939300537
0.0296	90.9515762329102
0.001	0.015087160281837
0.0303	25.8589324951172
0.0301	8.64456367492676
0.2194	51.9856567382813
0.0457	26.9743404388428
0.0109	28.4435729980469
0.0079	0.509267687797546
0.4156	96.6266784667969
0.0003	1.03939175605774
0.0115	0.100236609578133
0.2625	53.4670257568359
0.0381	84.3723678588867
0.0049	0.67548394203186
0.0112	95.3735809326172
0.0744	39.4028434753418
0.0002	9.3654956817627
0.0426	36.4524574279785
0.0459	4.63649749755859
0.0721	0.822311282157898
0.1433	66.0684280395508
0.0657	16.7900295257568
0.0629	64.9263458251953
0.0816	92.7477035522461
0.0333	96.9452056884766
0.0674	43.3507423400879
0.0774	38.2496452331543
0.0004	0.0
0.0	1.70468044281006
0.0125	64.9580841064453
0.0294	80.9377288818359
0.0022	11.1995878219604
0.0742	18.5846271514893
0.0022	0.004836999811232
0.0004	3.96301317214966
0.122	96.0326614379883
0.0114	55.2189865112305
0.0131	67.8610992431641
0.0187	0.436216026544571
0.0066	22.1123332977295
0.0106	67.460563659668
0.0224	6.81281995773315
0.004	6.63361167907715
0.0283	15.8365173339844
0.0123	0.0
0.0073	21.2914657592773
0.0016	6.51596593856812
0.0836	86.5146713256836
0.0039	9.68789672851563
0.0464	61.0006256103516
0.0563	69.435546875
0.0026	22.0945472717285
0.0637	60.0052108764648
0.1444	28.4355068206787
0.0478	0.047399278730154
0.0856	3.14527678489685
0.0237	81.480827331543
0.0569	63.8413619995117
0.0086	0.780739605426788
0.0403	19.6910095214844
0.0833	0.464469611644745
0.09	66.8206329345703
0.05	45.532787322998
0.2686	75.1797180175781
0.001	11.6993722915649
0.0089	0.0
0.0037	49.0557289123535
0.0181	96.8833847045898
0.0096	8.08949851989746
0.0048	7.16314792633057
0.0021	9.91554546356201
0.2041	63.3863792419434
0.0098	22.0735530853271
0.2954	89.1508102416992
0.0587	68.215446472168
0.0185	1.22961401939392
0.1273	57.7601776123047
0.0273	36.1868438720703
0.0082	89.9391860961914
0.0134	11.0265846252441
0.0003	6.91262197494507
0.0193	88.765266418457
0.0	1.43622887134552
0.0046	8.28396511077881
0.057	0.029082179069519
0.0701	37.7120018005371
0.0012	12.0320606231689
0.0499	0.0
0.2199	86.5093612670898
0.0758	29.1458778381348
0.0194	9.44076347351074
0.0441	0.0684920996427536
0.0	0.323400557041168
0.0182	64.5012130737305
0.0889	82.1187973022461
0.0015	0.0
0.0463	5.0818567276001
0.1396	8.17538166046143
0.039	21.0943260192871
0.0855	52.4131965637207
0.2179	95.1331939697266
0.0013	19.1747169494629
0.094	94.7248611450195
0.06	3.83504414558411
0.117	25.7965831756592
0.0797	7.91950273513794
0.0641	73.5845184326172
0.1068	82.414192199707
0.0299	33.4891357421875
0.0132	7.63732242584229
0.0424	84.4279937744141
0.0362	65.8493270874023
0.0581	44.1105079650879
0.0097	41.8020553588867
0.0644	19.2252235412598
0.0067	0.0721018463373184
0.0554	48.6741180419922
0.03	21.8122978210449
0.0359	88.5131607055664
0.11	86.3613891601563
0.0334	1.49768126010895
0.0223	1.46661400794983
0.0109	36.4423713684082
0.0342	4.98073768615723
0.0597	1.66732001304626
0.0128	96.6124954223633
0.0067	14.3871021270752
0.0896	0.0
0.0005	12.3230428695679
0.0026	3.60736465454102
0.0046	13.9014072418213
0.0347	0.444518685340881
0.009	1.02801895141602
0.0004	12.3813943862915
0.2306	71.241813659668
0.9682	2.09249091148376
0.0034	43.3176307678223
0.1693	61.5633316040039
0.1453	93.6519241333008
0.0609	0.0044797668233513
0.0428	0.814646422863007
0.0718	81.271369934082
0.0854	43.4282760620117
0.0287	31.313720703125
0.0366	0.0
0.0733	0.0056914458982646
0.0042	12.8371305465698
0.028	5.93218851089478
0.0913	95.213996887207
0.0018	0.823018789291382
0.0523	82.3097076416016
0.0345	1.66915500164032
0.0005	0.112037412822247
0.0466	87.7982406616211
0.0071	23.375617980957
0.0054	11.9239835739136
0.0267	24.0052490234375
0.048	0.010757589712739
0.0001	6.27059412002563
0.0285	12.771240234375
0.0022	11.6762990951538
0.1483	0.0
0.0005	9.3750114440918
0.0006	22.1490859985352
0.0782	84.0269622802734
0.0095	40.2198905944824
0.0176	0.0
0.0005	0.0
0.0002	7.03831720352173
0.0782	87.7865753173828
0.0	0.0
0.0398	8.80679321289063
0.0563	39.3322982788086
0.0047	2.9753303527832
0.0071	0.0166666116565466
0.0006	0.0024481660220772
0.1447	41.6011581420898
0.153	81.764892578125
0.0323	79.3760223388672
0.0555	45.7003440856934
0.0271	0.0681336671113968
0.2185	7.95102977752686
0.0138	11.047589302063
0.0274	6.08865404129028
0.006	70.7624969482422
0.0046	4.15354442596436
0.0253	5.29977416992188
0.0114	0.136637955904007
0.0041	73.3628540039063
0.0648	47.9212989807129
0.001	0.0058278008364141
0.1342	85.8587112426758
0.1844	79.2959289550781
0.0131	18.6171264648438
0.2986	4.06363153457642
0.0829	58.0027465820313
0.0093	91.6671447753906
0.1681	83.5048141479492
0.0912	96.9187545776367
0.0037	12.5616626739502
0.0243	96.6040573120117
0.0502	35.7556915283203
0.0421	30.523120880127
0.0898	97.2844696044922
0.0264	52.4102363586426
0.0348	13.5579061508179
0.0653	0.179462894797325
0.0891	88.8168334960938
0.0204	4.10936307907104
0.0384	94.1130065917969
0.0623	0.0312159098684788
0.0258	2.50535941123962
0.0409	29.34547996521
0.0621	84.9858856201172
0.0071	0.0
0.2377	53.8658752441406
0.1492	96.9771423339844
0.0432	10.1944913864136
0.0869	1.81924295425415
0.0554	0.821320414543152
0.0009	20.8524188995361
0.0172	62.5378150939941
0.004	0.355250209569931
0.0472	5.03478670120239
0.0125	94.4873580932617
0.025	65.3660736083984
0.0371	0.0909460186958313
0.0174	60.2099113464355
0.1987	61.7701301574707
0.0432	78.5203628540039
0.0246	79.1305541992188
0.079	37.777530670166
0.2378	64.9398574829102
0.0151	59.2778205871582
0.1193	0.412384688854218
0.0005	3.6041579246521
0.0155	0.0438507609069347
0.0711	0.910041928291321
0.0529	27.7471752166748
0.0124	27.2493896484375
0.0008	0.0
0.0245	0.0556240789592266
0.0016	0.0
0.0304	49.9185180664063
0.0052	6.4534330368042
0.0676	0.482038885354996
0.0027	42.3424224853516
0.0229	9.21746158599854
0.0097	61.830924987793
0.0005	5.35718965530396
0.0505	61.489616394043
0.0207	7.72791719436646
0.0541	44.4222297668457
0.0131	9.79916477203369
0.1014	40.3975791931152
0.001	2.53250694274902
0.0109	6.36010694503784
0.2322	82.9119873046875
0.1784	97.0218048095703
0.0314	0.0979944318532944
0.0495	12.9059352874756
0.1135	36.3056945800781
0.0004	10.8843593597412
0.0049	0.0073872599750757
0.012	13.6993970870972
0.1191	95.9098358154297
0.0025	62.1599502563477
0.113	95.306396484375
0.0986	97.0826034545898
0.023	7.18229055404663
0.061	0.114673808217049
0.0971	96.4753952026367
0.0078	47.8953247070313
0.0096	63.3005256652832
0.0055	0.0
0.1101	0.106789700686932
0.0905	95.0180816650391
0.0533	62.3622856140137
0.181	8.43299388885498
0.0023	10.911826133728
0.0294	56.1127700805664
0.0976	57.5820655822754
0.0323	0.0231840405613184
0.0274	15.9559421539307
0.1075	2.96228909492493
0.0124	29.5870399475098
0.1304	81.354736328125
0.0245	88.1889495849609
0.0565	15.1217832565308
0.304	75.2687530517578
0.0344	0.0
0.1184	95.5393981933594
0.0008	5.91760921478271
0.0003	5.10642147064209
0.0027	0.0499256923794746
0.0171	2.26383471488953
0.0025	0.0025251950137317
0.0551	90.9213333129883
0.239	36.3194999694824
0.0054	40.2033958435059
0.0118	87.3949203491211
0.2716	87.5103454589844
0.0038	5.16237735748291
0.0024	0.0172917991876602
0.0125	20.6098194122314
0.02	23.9600238800049
0.0877	84.3986587524414
0.085	72.013313293457
0.0713	46.6715469360352
0.0063	35.6306991577148
0.0344	70.2476272583008
0.0035	0.0
0.042	1.92570400238037
0.1869	93.9864654541016
0.0578	51.4980049133301
0.0035	0.415012091398239
0.0004	0.985840022563934
0.0192	75.6593246459961
0.0136	0.0102249411866069
0.0481	81.9983291625977
0.0079	76.7997894287109
0.0074	0.010221210308373
0.0252	14.0051984786987
0.1762	16.1883354187012
0.0089	6.81631278991699
0.0	0.0
0.0204	72.7204437255859
0.0106	20.3688201904297
0.0378	28.7231826782227
0.0206	63.9627799987793
0.0915	32.671817779541
0.307	94.6094512939453
0.0081	23.1568241119385
0.0754	81.5950317382813
0.1166	57.0899200439453
0.016	0.0141555806621909
0.2051	44.8311386108398
0.06	0.0631659477949142
0.0739	73.6953582763672
0.0001	0.0
0.0519	0.635701417922974
0.0083	70.7796936035156
0.003	0.0351648107171059
0.0054	6.94388198852539
0.0066	8.08428764343262
0.0342	24.1107482910156
0.2165	83.507080078125
0.0075	12.2781429290771
0.0122	46.6321830749512
0.0342	71.3647537231445
0.0847	74.4508666992188
0.1749	95.4040756225586
0.0039	33.983959197998
0.3493	92.3214645385742
0.0842	92.853759765625
0.0043	76.9229507446289
0.0788	41.5026016235352
0.3295	68.5926361083984
0.093	4.74007606506348
0.0056	0.119736105203629
0.1587	85.3184356689453
0.2474	71.3294067382813
0.0052	13.6995344161987
0.0324	89.9867858886719
0.068	97.3124923706055
0.0789	0.880577266216278
0.013	0.296819031238556
0.0865	56.3294219970703
0.0235	2.01214694976807
0.0007	0.274565815925598
0.0903	61.5315170288086
0.036	0.0145428599789739
0.0666	52.7196311950684
0.0313	39.8837394714355
0.0098	0.0576545111835003
0.0459	68.5568008422852
0.0272	0.0245841108262539
0.1099	0.0
0.0013	20.0452899932861
0.0014	0.0076521066948771
0.0484	0.0322404988110065
0.0002	0.0
0.0239	3.31407976150513
0.0057	0.435186743736267
0.0504	87.1407623291016
0.005	59.477165222168
0.0172	66.6415100097656
0.0426	0.0148360412567854
0.1491	3.30816340446472
0.0081	1.86434149742126
0.1456	78.0065002441406
0.0424	0.000207177203265
0.1854	91.7558212280273
0.0178	97.4711685180664
0.0401	26.3580474853516
0.0201	28.513069152832
0.0002	0.722776234149933
0.078	71.3427276611328
0.0268	76.1514739990234
0.0449	9.41814422607422
0.0045	0.0
0.0042	0.0089889038354158
0.0728	74.5299301147461
0.04	50.3083457946777
0.1604	90.2527389526367
0.0098	1.88558208942413
0.18	92.1778182983398
0.0186	26.4044971466064
0.0102	0.342168718576431
0.0281	41.4758911132813
0.0498	5.69342947006226
0.057	5.79390096664429
0.0657	10.7153329849243
0.026	0.0876017510890961
0.0213	0.0025527200195938
0.0125	41.4329643249512
0.0477	20.0961170196533
0.0786	19.6185340881348
0.0505	27.3429107666016
0.004	5.71972990036011
0.0333	65.816780090332
0.0014	3.20642232894897
0.0076	6.81759405136108
0.0695	69.8514251708984
0.0537	87.033317565918
0.021	24.5631408691406
0.0228	76.784294128418
0.012	15.9260635375977
0.0699	83.4599990844727
0.0661	37.7228584289551
0.0331	21.1346244812012
0.0998	77.6931228637695
0.0191	15.2145013809204
0.0918	12.0604877471924
0.016	11.6840314865112
0.0039	0.0002544964081607
0.0422	81.2768325805664
0.2822	85.1399307250977
0.098	0.161825895309448
0.0495	22.0349349975586
0.0849	53.1996765136719
0.0004	0.0020766772795468
0.0008	11.8324384689331
0.0	0.0
0.0099	35.4511032104492
0.0009	1.46115469932556
0.0619	18.1392192840576
0.0069	35.9987602233887
0.0413	29.1013679504395
0.0032	21.2063312530518
0.0791	86.1806640625
0.0611	20.9090785980225
0.0163	50.4347381591797
0.0085	9.49773502349854
0.2576	90.5812606811523
0.0081	91.334342956543
0.0253	0.0018682490335777
0.0175	0.0052472976967692
0.002	60.0705184936523
0.033	22.4999237060547
0.0058	0.0010785619961097
0.0507	0.083113506436348
0.0044	19.0455188751221
0.059	0.0883616283535957
0.0013	12.1931953430176
0.0001	0.0
0.0134	96.2447280883789
0.0558	31.0399188995361
0.0013	0.0017457179492339
0.0588	74.9987945556641
0.0641	19.6370048522949
0.028	13.2335596084595
0.0623	51.399585723877
0.0618	96.3214874267578
0.0314	11.2908029556274
0.0348	0.0741894170641899
0.0001	0.0
0.2226	81.6399536132813
0.0049	10.0601243972778
0.057	26.1359558105469
0.0002	11.53648853302
0.037	9.93217754364014
0.123	33.3834190368652
0.077	63.769416809082
0.0936	0.0044304141774773
0.001	12.1707601547241
0.0576	81.8748016357422
0.0636	81.4690933227539
0.0449	39.9256210327148
0.0317	34.3137054443359
0.035	27.766284942627
0.0	0.0
0.0153	21.1466178894043
0.176	85.6549301147461
0.0358	20.9698009490967
0.0027	0.200551599264145
0.0056	0.0266991294920444
0.0574	34.0110282897949
0.0446	51.9670600891113
0.0984	49.3252983093262
0.0118	0.0263746995478868
0.1142	30.099494934082
0.0173	0.100111700594425
0.01	89.9055328369141
0.0945	52.7485504150391
0.1746	0.0
0.053	1.07749700546265
0.0018	4.4869704246521
0.0151	0.0
0.0956	0.0063433540053665
0.0107	97.4915008544922
0.0067	1.9292938709259
0.3002	71.9501266479492
0.1991	80.2382278442383
0.0189	36.9219169616699
0.0431	27.697790145874
0.015	0.0689156278967857
0.231	81.7976303100586
0.0839	6.05600214004517
0.0081	0.65534782409668
0.013	36.0668563842773
0.0463	52.7044944763184
0.1415	79.8527221679688
0.011	0.238916620612144
0.0199	71.8094635009766
0.0096	60.6374206542969
0.004	0.390208423137665
0.0291	91.7390518188477
0.0911	8.81990432739258
0.0023	5.77557992935181
0.0005	0.009763354435563
0.0302	13.1932783126831
0.0	0.0
0.025	19.4718151092529
0.0093	55.3936042785645
0.158	79.2891464233398
0.0012	0.0183020699769258
0.0368	51.1637878417969
0.0024	67.7587585449219
0.0204	10.5311069488525
0.0238	0.127562895417213
0.0178	0.564510643482208
0.0023	52.499439239502
0.0248	79.0222244262695
0.248	74.8043899536133
0.0072	1.3968950510025
0.0956	93.2571563720703
0.0773	91.210578918457
0.0325	0.0006684560212306
0.0694	63.5539207458496
0.0009	0.307426601648331
0.2233	83.5546417236328
0.023	26.2382793426514
0.1847	77.7903594970703
0.0166	96.7812652587891
0.0063	17.9262294769287
0.1389	90.6052627563477
0.0037	0.0
0.0597	12.7261562347412
0.0111	39.6188850402832
0.0386	81.3725967407227
0.001	0.0729984268546104
0.001	16.7305507659912
0.135	96.8215179443359
0.0015	0.400253802537918
0.022	0.12440000474453
0.949	88.9085083007813
0.0372	24.2163505554199
0.0492	68.3371124267578
0.0646	73.7748413085938
0.0061	36.7128105163574
0.0216	79.1611251831055
0.0135	35.0363273620605
0.0252	59.632438659668
0.0204	79.0107574462891
0.9001	9.499267578125
0.0094	0.0
0.0123	42.1499633789063
0.0306	0.0
0.047	3.28254365921021
0.0928	13.2875089645386
0.0353	27.8281364440918
0.0139	19.5318641662598
0.1323	87.4712982177734
0.0013	13.5498714447021
0.0001	1.82584667205811
0.0127	12.4094381332397
0.0202	31.7172832489014
0.0752	4.48886203765869
0.0925	0.0
0.0049	0.109852708876133
0.012	0.0
0.0089	0.154628604650497
0.0009	0.0
0.0078	27.4523010253906
0.0997	46.0356941223145
0.0001	4.92442989349365
0.0331	10.2567729949951
0.0172	35.991153717041
0.0124	2.04591155052185
0.1873	76.0668411254883
0.2252	90.5630798339844
0.0485	0.562245905399323
0.1412	63.5139083862305
0.0801	60.5007171630859
0.0103	96.8406600952148
0.0447	42.7972106933594
0.0384	0.0
0.8753	2.56867480278015
0.0816	84.7620239257813
0.0115	41.4303512573242
0.0649	47.8637733459473
0.0543	0.310116052627563
0.0587	23.3193740844727
0.0106	9.06178665161133
0.1135	93.5980606079102
0.0338	3.53369927406311
0.0715	50.983024597168
0.0874	87.0998001098633
0.0319	12.9554691314697
0.1599	31.9123954772949
0.0328	10.5793991088867
0.0316	8.2136058807373
0.0003	2.44121766090393
0.0107	21.6065616607666
0.0119	3.41020011901855
0.2561	85.490852355957
0.0288	0.0163463708013296
0.0063	17.1757678985596
0.04	33.7687759399414
0.005	11.7692928314209
0.0009	0.0084043126553297
0.0194	25.2903003692627
0.0957	96.7128372192383
0.0553	64.8907318115234
0.2812	86.3146133422852
0.0882	0.369907110929489
0.0048	0.0
0.0207	23.2881011962891
0.0315	92.4942932128906
0.0043	20.1397094726563
0.0459	0.63384485244751
0.0646	82.9886322021484
0.0003	0.0
0.016	85.3831939697266
0.0	12.148063659668
0.0735	95.665283203125
0.0031	19.8068103790283
0.0099	3.79407620429993
0.064	32.8667526245117
0.0036	1.26826274394989
0.036	11.174859046936
0.0096	0.0084151718765497
0.0628	31.9722366333008
0.028	68.5869827270508
0.051	30.2398490905762
0.1573	82.3074645996094
0.0644	10.1505975723267
0.0	4.25832843780518
0.0458	32.236400604248
0.0837	0.0152059700340033
0.0568	32.7339057922363
0.0238	29.7538394927979
0.0137	36.3196601867676
0.0742	25.7987308502197
0.0326	20.670804977417
0.016	0.69734913110733
0.0034	0.104789599776268
0.0014	14.7003288269043
0.0017	0.982527852058411
0.0109	66.5620956420898
0.061	8.8718433380127
0.0123	3.94049477577209
0.0564	33.0764503479004
0.0376	0.0014068069867789
0.0487	0.0303320903331041
0.0408	72.2342147827148
0.0091	0.844969928264618
0.0	0.0
0.1555	14.6763296127319
0.1521	80.3249206542969
0.0521	80.654655456543
0.0046	2.75942635536194
0.0102	9.76072216033936
0.0974	12.7448711395264
0.139	76.1043930053711
0.0074	82.1351089477539
0.0435	15.0955095291138
0.0758	34.0351600646973
0.0177	26.6026706695557
0.0219	81.8772430419922
0.1663	82.0781860351563
0.0016	0.0608281530439854
0.0265	75.1285171508789
0.0174	15.9946765899658
0.1086	65.2330856323242
0.0342	7.16412734985352
0.0397	8.25630283355713
0.0672	62.6057586669922
0.0031	4.54769134521484
0.0401	13.2732524871826
0.0234	0.0
0.0031	0.0
0.0	0.0
0.9187	0.903358519077301
0.0592	79.6644744873047
0.0762	19.8791007995605
0.0109	0.731443703174591
0.0783	83.4699554443359
0.0017	13.4147024154663
0.1181	77.3307647705078
0.0239	15.6838102340698
0.0249	7.88917016983032
0.0083	0.326535731554031
0.0004	1.21762883663177
0.0039	15.4261302947998
0.0269	17.2848300933838
0.0843	11.6201515197754
0.2244	94.8813934326172
0.0008	0.0120169101282954
0.0267	56.6984214782715
0.0069	0.270277798175812
0.0094	0.419367790222168
0.0106	3.80670809745789
0.0766	60.7757568359375
0.0099	97.1463623046875
0.0619	46.9450759887695
0.0	3.04336595535278
0.079	33.9601402282715
0.0005	4.20405673980713
0.068	18.3999671936035
0.2314	96.4430847167969
0.07	6.42007827758789
0.0196	6.75272130966187
0.3	5.87415266036987
0.0707	44.6905632019043
0.0144	11.5100212097168
0.0289	6.53715705871582
0.1288	55.5539665222168
0.0346	9.20660018920898
0.1186	1.05089795589447
0.0894	0.365287601947784
0.0206	2.02553176879883
0.2079	95.8782577514648
0.1666	38.2777290344238
0.1315	15.2617321014404
0.0329	45.8655548095703
0.017	23.8469371795654
0.0099	27.3661861419678
0.0067	0.0125837996602058
0.0315	0.780189156532288
0.0054	75.9077224731445
0.0055	19.9244785308838
0.0471	30.1078643798828
0.0218	60.4953231811523
0.2797	82.4131393432617
0.0919	61.0157928466797
0.0439	24.9904747009277
0.0934	7.96982717514038
0.0	0.0
0.0843	81.8770980834961
0.1083	95.9332580566406
0.0111	4.93225765228271
0.021	11.4089441299438
0.0119	40.4789428710938
0.0046	34.4778327941895
0.0007	12.165379524231
0.0011	4.61118125915527
0.05	10.6759948730469
0.1157	67.9530868530273
0.0004	0.0
0.042	13.1588315963745
0.048	79.791145324707
0.0486	27.9129123687744
0.2073	74.9220275878906
0.2016	95.1721496582031
0.1112	12.932183265686
0.0061	43.6772613525391
0.0007	13.5601997375488
0.005	17.8699417114258
0.0181	68.5227813720703
0.2857	96.9590835571289
0.0	0.358814418315887
0.1437	93.6322479248047
0.0466	0.293433010578156
0.1656	86.5840301513672
0.1368	92.9054183959961
0.1282	0.0004862906062044
0.0019	0.0
0.1022	5.04154682159424
0.0205	74.1508178710938
0.0476	89.1998748779297
0.0003	3.64150166511536
0.0274	35.9045257568359
0.043	17.3065891265869
0.0097	25.0712356567383
0.0073	0.0443947538733482
0.016	96.328727722168
0.0202	61.7416229248047
0.0008	1.29248595237732
0.0973	2.89596819877625
0.0139	9.30163860321045
0.0075	16.4128494262695
0.0279	0.0778180509805679
0.013	25.5008411407471
0.0989	87.8668594360352
0.0734	0.71175491809845
0.0074	69.5801162719727
0.0127	0.0440795533359051
0.0066	24.2158985137939
0.0009	8.58594131469727
0.0891	0.0003142076893709
0.2679	96.5760726928711
0.1398	92.0343780517578
0.0419	0.837396383285522
0.0386	58.7131195068359
0.2506	52.7314224243164
0.0034	0.0
0.0568	33.878589630127
0.0837	16.7259197235107
0.0356	69.1234817504883
0.0	0.0
0.0	0.0
0.0183	55.7653579711914
0.0348	23.0453128814697
0.0995	27.8511066436768
0.2838	4.98115062713623
0.0931	96.5748138427734
0.056	56.9137954711914
0.0702	54.3158302307129
0.001	0.0907211899757385
0.0154	0.0083492342382669
0.029	1.88611495494843
0.023	28.0047588348389
0.0801	82.8657073974609
0.0011	12.5628776550293
0.0038	0.925401926040649
0.0004	0.0
0.071	0.0648396834731102
0.2131	95.6316375732422
0.0035	6.0897274017334
0.0056	0.0
0.0031	13.0519304275513
0.1072	33.2823143005371
0.0064	81.5520935058594
0.0017	0.0334258005023003
0.0108	0.0129436403512955
0.005	16.6914329528809
0.1675	67.0721664428711
0.1151	31.7930526733398
0.0649	58.3393936157227
0.0067	4.48505735397339
0.8189	7.83158159255981
0.0175	0.0045563308522105
0.974	0.0238051395863295
0.0006	4.62698984146118
0.0171	42.7167549133301
0.1155	84.9656829833984
0.0746	62.8405532836914
0.0536	0.0206617694348097
0.0599	53.4791793823242
0.1754	11.099681854248
0.0789	0.17812579870224
0.0024	0.12176288664341
0.0412	24.1011161804199
0.0169	3.66246294975281
0.0691	90.8441772460938
0.0278	67.5293273925781
0.0068	0.044751588255167
0.0001	0.0242626909166574
0.1918	94.5340957641602
0.0277	80.7239151000977
0.0734	22.9935035705566
0.0558	0.113250397145748
0.0004	1.61689805984497
0.0	15.6512203216553
0.0009	12.2120399475098
0.112	15.9435596466064
0.0115	1.28780698776245
0.0757	29.5178089141846
0.0626	28.3857555389404
0.0	0.0
0.0046	28.5880813598633
0.0427	42.2064666748047
0.0	4.37798452377319
0.0154	13.333571434021
0.0022	28.0984725952148
0.0253	2.99890995025635
0.0485	77.9721069335938
0.966	29.648380279541
0.0059	3.1041944026947
0.1899	80.3611831665039
0.0661	0.36563178896904
0.0509	87.5070571899414
0.0013	0.0180586706846952
0.0163	59.3128051757813
0.3228	96.3180465698242
0.0042	0.0072907130233943
0.0444	72.5268096923828
0.0011	0.0096880998462438
0.0299	83.5415115356445
0.0654	41.671459197998
0.0345	44.1991004943848
0.0463	0.0020046608988195
0.0381	74.7832794189453
0.0589	40.8801689147949
0.0065	7.66736698150635
0.0003	0.0036092291120439
0.0036	1.64700996875763
0.0016	0.0067189135588705
0.0644	6.33220148086548
0.0143	0.0874525308609009
0.0013	11.0640354156494
0.0037	1.32148873806
0.0318	0.0166569091379642
0.0003	1.45940136909485
0.1279	70.7513275146484
0.0693	3.92026853561401
0.1077	10.6981887817383
0.0222	0.68705153465271
0.0003	0.0069472519680857
0.0701	15.5768165588379
0.1316	94.1971740722656
0.0039	13.7204866409302
0.0046	0.0
0.0101	41.978084564209
0.0005	0.062432199716568
0.1334	72.061882019043
0.0324	4.92026281356812
0.033	40.5413513183594
0.0177	11.4574527740479
0.1057	89.1374130249023
0.9143	24.3995494842529
0.0568	84.4673919677734
0.0089	96.7636260986328
0.0099	8.11747932434082
0.0959	83.278694152832
0.8987	84.2025680541992
0.0103	0.0221245903521776
0.2066	0.0170771591365337
0.0967	83.0842514038086
0.1876	9.40493488311768
0.0081	31.0812664031982
0.0292	8.08782768249512
0.0229	2.58059430122375
0.044	0.0
0.0164	12.4496717453003
0.1405	84.7483901977539
0.0198	80.9486846923828
0.0964	93.630500793457
0.0349	47.3728065490723
0.006	7.44773530960083
0.0149	78.6709442138672
0.0112	9.72155094146729
0.0002	0.0
0.0	0.0
0.1846	31.7418346405029
0.1984	88.6415863037109
0.0145	0.667609810829163
0.0047	0.0002209485974162
0.0235	6.43525791168213
0.202	91.9357681274414
0.0467	37.7356109619141
0.0713	36.3027992248535
0.0046	17.8148288726807
0.0032	12.5379066467285
0.0812	0.0
0.0416	56.3400917053223
0.0603	42.4135208129883
0.053	3.99696159362793
0.0015	0.031678780913353
0.0523	36.6842079162598
0.2244	19.6661815643311
0.0002	9.11550712585449
0.0015	0.845865964889526
0.0743	13.4165334701538
0.0713	44.7722702026367
0.1396	1.35170102119446
0.0187	96.6904983520508
0.0087	40.1897048950195
0.1013	46.7202262878418
0.1756	40.2099723815918
0.0193	56.7479553222656
0.1498	34.6274795532227
0.0283	0.0005632182001136
0.0411	76.4416961669922
0.0261	44.3430442810059
0.0041	10.9786214828491
0.0063	7.1417293548584
0.0999	93.5670471191406
0.0372	56.1936950683594
0.0419	4.1167459487915
0.0173	23.0603675842285
0.022	6.40467548370361
0.0158	44.9488258361816
0.0101	8.84363651275635
0.0062	11.9688329696655
0.0491	16.7219905853271
0.0059	11.2205982208252
0.0279	16.712345123291
0.1005	30.2449531555176
0.0803	1.96983599662781
0.1186	79.4363632202148
0.0002	0.0
0.0056	19.6633129119873
0.1458	77.2756958007813
0.057	0.170889094471931
0.001	0.117558099329472
0.0312	69.5673370361328
0.0178	27.7877063751221
0.0217	84.6519470214844
0.1026	2.23071098327637
0.216	65.2743301391602
0.0	0.0
0.0586	8.91626262664795
0.0391	64.1573791503906
0.0125	22.5135822296143
0.1472	4.29087591171265
0.0603	48.0237693786621
0.0281	0.182805299758911
0.0069	24.6077651977539
0.0439	1.93827748298645
0.0704	7.8772439956665
0.0072	2.28861308097839
0.008	82.1764297485352
0.1175	94.6122970581055
0.0062	33.8791923522949
0.0034	0.058700829744339
0.1817	71.341667175293
0.091	96.773063659668
0.0035	23.1186656951904
0.178	89.3061828613281
0.0387	96.6726608276367
0.0144	12.5851392745972
0.0066	26.2605476379395
0.14	6.01850605010986
0.0592	40.0212783813477
0.019	30.5700778961182
0.0095	0.016172269359231
0.0384	30.7758026123047
0.044	3.26011085510254
0.019	56.9816246032715
0.1038	30.4717597961426
0.0004	0.0166543405503035
0.1439	2.80179667472839
0.196	92.8991546630859
0.1005	96.9897384643555
0.0495	2.36089992523193
0.0528	2.7053861618042
0.002	28.6144580841064
0.1649	0.656430184841156
0.0103	0.0
0.0105	23.067310333252
0.0218	55.9940528869629
0.1202	10.7048006057739
0.0146	13.156231880188
0.175	63.9942665100098
0.0207	0.0
0.0883	34.0002021789551
0.0151	3.08373427391052
0.0141	96.6749572753906
0.063	23.7430667877197
0.0138	6.92373085021973
0.0071	40.3299751281738
0.0002	0.139363467693329
0.0016	0.0
0.0002	12.1711921691895
0.0105	8.31678295135498
0.1507	93.4402389526367
0.0028	3.86657905578613
0.0208	0.0496225282549858
0.0073	14.2642011642456
0.0326	51.1938667297363
0.0046	0.231445103883743
0.0274	39.8577041625977
0.0222	3.94555497169495
0.1762	97.1045989990234
0.013	0.0315525494515896
0.0103	17.3018569946289
0.0337	1.69301676750183
0.0167	0.0329920798540115
0.0077	78.9844741821289
0.0203	45.5228881835938
0.0072	69.7520446777344
0.082	43.2833976745605
0.0471	34.2340202331543
0.0376	82.1546249389648
0.0873	31.5382633209229
0.0807	2.73632502555847
0.0031	0.009117423556745
0.0139	39.1916999816895
0.0038	0.182097002863884
0.038	18.2741813659668
0.0064	54.4371032714844
0.0	0.0
0.2068	26.8803958892822
0.0047	9.74380970001221
0.0097	6.57570123672485
0.0752	82.4425430297852
0.0034	0.18045300245285
0.0216	2.63768911361694
0.0553	0.993987381458282
0.0961	95.1973114013672
0.018	20.3305110931396
0.027	20.1438522338867
0.029	0.183384701609612
0.0182	85.6169128417969
0.0365	0.0463431254029274
0.0011	7.17683935165405
0.2572	0.0358814410865307
0.0023	0.0
0.0752	80.0962219238281
0.0249	7.59473085403442
0.0004	7.52990865707397
0.0233	6.40777349472046
0.2386	92.9598159790039
0.0269	0.125288799405098
0.0525	54.8592720031738
0.0095	4.54643154144287
0.0195	85.5843124389648
0.0573	0.798910081386566
0.0713	26.7023773193359
0.2132	96.9423599243164
0.0662	96.3432846069336
0.0241	0.150650098919868
0.0915	34.5985717773438
0.129	0.354379206895828
0.1274	82.8435592651367
0.012	0.267105489969254
0.1392	59.3422775268555
0.0797	21.4417247772217
0.0	0.0
0.1643	34.8002395629883
0.0479	21.784460067749
0.0372	0.172889694571495
0.0469	39.7005653381348
0.0004	0.0121965799480677
0.0163	0.0401174612343311
0.0062	0.657023727893829
0.0812	34.1896438598633
0.0326	0.0
0.0608	59.1514320373535
0.057	66.5163803100586
0.0546	5.62823104858398
0.0175	62.7346878051758
0.1095	81.7464752197266
0.0144	71.0086364746094
0.0142	3.69531154632568
0.0451	5.83033514022827
0.0537	12.3496704101563
0.1414	95.9628372192383
0.031	47.9087219238281
0.1018	0.0
0.0558	18.1258392333984
0.0211	19.4419193267822
0.0818	36.9735221862793
0.0162	81.9841613769531
0.0145	0.0420074686408043
0.0125	18.9142742156982
0.0017	13.7514333724976
0.0201	13.5875253677368
0.0043	6.94711065292358
0.0643	25.8083591461182
0.0083	96.8041610717773
0.0594	0.0089654810726642
0.0299	5.4590950012207
0.0347	32.7831153869629
0.0754	96.8881759643555
0.0233	18.4950122833252
0.1027	5.35337400436401
0.0649	52.6685447692871
0.0445	32.8308029174805
0.0	0.0
0.0207	96.9383926391602
0.0179	52.2629051208496
0.0254	10.6644945144653
0.0245	19.7319355010986
0.0627	86.2763290405273
0.0284	2.1555004119873
0.0972	77.1908264160156
0.0967	13.5644807815552
0.2322	28.8383502960205
0.0	7.83394956588745
0.0114	19.3459300994873
0.0132	8.68016338348389
0.0025	1.92533659934998
0.0004	35.7467994689941
0.0413	25.5271186828613
0.012	96.9372329711914
0.0053	0.0154126295819879
0.053	72.2004547119141
0.0042	0.0140415905043483
0.0291	13.0937242507935
0.1303	62.1063690185547
0.0433	51.8795433044434
0.8178	0.0
0.0161	0.0
0.0171	3.13470268249512
0.0149	0.0051069390028715
0.1544	88.8836441040039
0.001	12.1416568756104
0.0512	46.3478889465332
0.1254	0.0076521937735378
0.0083	96.7004547119141
0.0074	0.0158657692372799
0.0005	1.61638903617859
0.036	40.8383598327637
0.0085	22.6344318389893
0.0133	42.9509925842285
0.06	68.1159896850586
0.0	0.0
0.0048	77.6923141479492
0.0404	45.5802230834961
0.0298	1.95566260814667
0.0118	19.8504772186279
0.0566	21.8698844909668
0.1626	82.1421737670898
0.0118	0.005634575150907
0.0445	74.9879913330078
0.083	92.6259460449219
0.1078	65.2724685668945
0.0223	20.9241485595703
0.0116	80.1942672729492
0.0042	67.5995178222656
0.106	94.0881042480469
0.0	0.0
0.0321	49.3816719055176
0.04	11.200569152832
0.0004	0.0019560460932552
0.0843	61.7125091552734
0.0446	2.98642182350159
0.0032	0.014079250395298
0.006	0.0566613115370274
0.1492	73.2399444580078
0.0211	97.0105285644531
0.0071	0.464258015155792
0.2249	0.360783994197845
0.0052	4.75315141677856
0.0178	0.0399200804531574
0.1288	37.5678901672363
0.0004	0.0099199274554848
0.032	17.6008701324463
0.0218	14.4519710540771
0.0128	10.2471618652344
0.0354	39.6572074890137
0.0	0.0553492493927479
0.0591	0.0457164086401463
0.055	66.4432601928711
0.0129	32.9535942077637
0.0057	25.4804821014404
0.1175	0.0
0.0747	96.7014617919922
0.0093	34.6887054443359
0.126	30.1392002105713
0.0392	59.2164268493652
0.0088	18.5505390167236
0.0294	6.9488697052002
0.279	36.7316703796387
0.0316	0.0
0.8671	9.99376010894775
0.0174	0.005976874846965
0.0158	0.0006957530858926
0.1254	92.4079666137695
0.0135	0.633208453655243
0.0015	14.2151403427124
0.028	54.3703689575195
0.0033	3.36484909057617
0.0209	0.0090192379429936
0.0284	66.2844696044922
0.0012	12.2489719390869
0.0447	40.0262413024902
0.0762	0.430207103490829
0.03	0.31705978512764
0.0057	0.598879098892212
0.0736	0.176292195916176
0.1492	0.0
0.0392	15.6728601455688
0.067	36.5396537780762
0.0002	0.365081667900085
0.0458	0.0104683497920632
0.3136	76.9100875854492
0.0106	43.7470550537109
0.0457	42.8805999755859
0.0856	41.5443305969238
0.0	0.0
0.0742	46.9088745117188
0.0035	94.2367401123047
0.032	32.4169731140137
0.0752	16.1460304260254
0.0159	11.5063858032227
0.0074	0.0277643706649542
0.0284	61.5868263244629
0.0147	55.7451629638672
0.0914	72.5909957885742
0.0042	9.80285453796387
0.0231	27.1818866729736
0.2498	77.8536148071289
0.0524	0.630292236804962
0.1473	90.8350219726563
0.063	91.0033950805664
0.0098	71.2379379272461
0.0103	23.5027523040771
0.0627	3.6177282333374
0.0057	19.3892669677734
0.0751	12.5329732894897
0.0822	43.2517776489258
0.0402	60.7497520446777
0.013	19.4476566314697
0.1126	0.0012262630043551
0.0125	52.1175117492676
0.0058	0.0083976527675986
0.0331	96.5472717285156
0.0011	11.4100713729858
0.0288	0.0052910884842276
0.1913	86.8668746948242
0.0808	28.727912902832
0.0006	0.0
0.0069	11.1492023468018
0.0094	3.52399301528931
0.0163	30.6380043029785
0.0088	3.44282412528992
0.0011	12.3315315246582
0.0295	45.9551124572754
0.0112	5.14550733566284
0.0057	47.9177665710449
0.0539	83.6825256347656
0.0358	22.9524593353271
0.1237	78.8994216918945
0.017	32.98486328125
0.0123	36.5095062255859
0.0118	9.60731601715088
0.0385	71.5374145507813
0.2501	91.2571716308594
0.0688	1.08563601970673
0.0149	41.1376037597656
0.0428	28.1930847167969
0.0747	68.9579238891602
0.0065	0.0
0.1413	88.1659317016602
0.0033	12.5356025695801
0.0374	49.770866394043
0.0513	20.7207717895508
0.0089	97.1857147216797
0.052	75.8193740844727
0.0038	5.02700138092041
0.014	0.0185243226587772
0.0665	13.971471786499
0.0652	32.9050064086914
0.0032	0.0243130903691053
0.0763	68.060791015625
0.158	84.7082977294922
0.1565	7.82658052444458
0.0001	0.0163411200046539
0.0348	0.0329745784401894
0.0368	23.8552436828613
0.0286	0.0
0.0844	24.5986423492432
0.0116	0.025037931278348
0.0328	0.0
0.0048	0.818718671798706
0.002	0.0483637005090714
0.2374	79.0200424194336
0.0017	0.20189280807972
0.1376	82.133918762207
0.1162	20.3302574157715
0.228	77.31005859375
0.0172	38.9724655151367
0.0802	48.051830291748
0.0024	0.271983861923218
0.0082	0.0448418036103249
0.0094	0.154850393533707
0.0228	63.7622985839844
0.2398	49.4283103942871
0.0753	53.3524703979492
0.0485	0.0130822006613016
0.0231	15.9045419692993
0.0802	20.0640144348145
0.0047	3.58432626724243
0.0044	11.6146144866943
0.1558	43.2738037109375
0.0691	9.67181301116943
0.3075	71.0122375488281
0.1245	96.315788269043
0.0044	4.36943197250366
0.0248	2.12969493865967
0.0079	16.097240447998
0.0059	40.6829490661621
0.0	7.0776309967041
0.0895	0.0127929905429482
0.2737	86.4238052368164
0.0162	42.3359451293945
0.1483	95.7578506469727
0.0465	37.960693359375
0.154	85.2998428344727
0.0007	0.0063590197823941
0.0047	4.65452718734741
0.0242	17.5539054870605
0.0118	0.764219462871552
0.0612	0.238843306899071
0.0856	61.4454383850098
0.0284	51.6297988891602
0.0466	76.8610153198242
0.0695	6.22106647491455
0.0009	1.09718918800354
0.0139	16.2125968933105
0.018	22.938404083252
0.0474	2.21139788627625
0.062	22.387939453125
0.1751	0.427230298519135
0.0378	0.500290274620056
0.1551	60.1807289123535
0.0656	78.1265029907227
0.0015	19.4596614837646
0.0101	55.4736404418945
0.0058	25.4750328063965
0.0656	96.8107604980469
0.0004	2.56300401687622
0.0061	78.2686920166016
0.2351	34.5060997009277
0.1332	93.5883865356445
0.0756	6.13003206253052
0.0047	29.9227924346924
0.1081	73.4166564941406
0.0837	0.690332472324371
0.0144	1.92492389678955
0.0992	15.2130699157715
0.0446	2.26342296600342
0.0088	1.21148800849915
0.0215	0.657094597816467
0.1257	2.02998876571655
0.0081	54.3326797485352
0.0801	9.00899505615234
0.0144	77.3436279296875
0.0001	0.274004101753235
0.0005	4.13876962661743
0.0259	2.73147225379944
0.0222	30.0168972015381
0.1888	83.9600601196289
0.0	5.11366367340088
0.0451	18.8396511077881
0.0258	81.3400268554688
0.1086	0.0425671003758907
0.3235	80.6963577270508
0.0084	14.3347387313843
0.1544	87.0420379638672
0.0532	0.0
0.1289	58.3533210754395
0.0167	13.7998352050781
0.1023	96.3553314208984
0.0025	15.3081216812134
0.0166	70.654167175293
0.0488	31.3658256530762
0.0093	4.27434682846069
0.0007	5.76877737045288
0.0115	1.98471796512604
0.0014	0.332178354263306
0.0032	0.648596942424774
0.0032	17.0504016876221
0.1696	95.6518020629883
0.0068	1.56959390640259
0.0007	0.730577290058136
0.0036	0.109060607850552
0.0964	38.4786338806152
0.1866	40.5544624328613
0.0731	19.868839263916
0.0579	49.166862487793
0.1254	3.29477453231812
0.0084	2.58344864845276
0.112	85.4580535888672
0.0037	2.03815531730652
0.0175	12.606107711792
0.0174	0.238534420728683
0.0815	0.214073404669762
0.0194	1.15078508853912
0.0076	0.0
0.0543	4.45080518722534
0.0738	56.948371887207
0.0023	0.0072206151671707
0.0367	81.5376129150391
0.1033	33.8222351074219
0.0993	24.8626232147217
0.0007	2.7205605506897
0.0109	0.302074700593948
0.056	8.36553955078125
0.0148	30.995491027832
0.0534	73.2212219238281
0.0004	0.179407209157944
0.0177	13.8418025970459
0.0054	11.5228271484375
0.0491	87.5205154418945
0.9562	0.853118419647217
0.0361	0.0327466316521168
0.0456	91.0003204345703
0.0029	0.0042779608629643
0.0236	56.3609580993652
0.0334	34.2704429626465
0.1977	0.0424519814550877
0.0038	81.6156387329102
0.048	4.40917873382568
0.0177	79.1061935424805
0.0086	15.5236148834229
0.1844	74.4190902709961
0.0573	76.1885757446289
0.0118	0.0234811305999756
0.0189	6.47051525115967
0.0038	4.36687517166138
0.0406	0.671508491039276
0.0149	0.327956199645996
0.0126	10.597677230835
0.1935	0.0476313307881355
0.0361	0.185724601149559
0.0259	5.31432008743286
0.314	1.99277997016907
0.04	4.50570297241211
0.0354	32.8146934509277
0.006	38.4573783874512
0.04	94.5680999755859
0.005	16.9182720184326
0.0057	0.0031855429988354
0.0367	13.254222869873
0.1823	89.7877502441406
0.0192	88.4050369262695
0.2299	89.7390594482422
0.0152	20.743034362793
0.0287	0.167349696159363
0.3039	0.0
0.0739	1.0125230550766
0.0659	11.5531406402588
0.0136	74.8761825561523
0.3453	85.4951858520508
0.0089	0.124730199575424
0.0302	96.4808044433594
0.041	42.2750396728516
0.0551	0.0
0.0395	2.60837626457214
0.0546	38.7551498413086
0.0973	8.04113960266113
0.0249	84.1004943847656
0.0278	31.8427963256836
0.1393	28.3524494171143
0.0053	52.4072532653809
0.0208	17.8697566986084
0.0043	9.94221687316895
0.3108	84.6420974731445
0.0463	97.0459899902344
0.0029	0.36528867483139
0.0125	37.8586273193359
0.0235	64.8500747680664
0.0906	49.7244148254395
0.0014	2.271404504776
0.1238	91.9216079711914
0.0004	0.0
0.0059	8.74544906616211
0.193	80.3834075927734
0.071	36.3939018249512
0.043	2.10596132278442
0.0103	87.8720474243164
0.0588	53.2898101806641
0.1055	94.1512832641602
0.0003	2.50470304489136
0.0446	80.7258148193359
0.0289	66.2408981323242
0.0413	54.921272277832
0.1004	70.7759857177734
0.0094	56.3397254943848
0.0067	19.192928314209
0.0047	5.93059349060059
0.712	60.0819549560547
0.0154	37.6182861328125
0.0169	9.97939682006836
0.0785	7.7811541557312
0.0264	13.8368225097656
0.0004	0.0
0.0181	77.3683700561523
0.0418	55.9117889404297
0.0844	51.3612174987793
0.0767	27.6242828369141
0.0144	11.0466861724854
0.004	0.637917220592499
0.0247	29.4888954162598
0.0187	28.6028270721436
0.102	96.4474105834961
0.0299	72.1083831787109
0.0188	0.039016529917717
0.0104	12.1462297439575
0.0597	0.0205889027565718
0.0561	57.4818344116211
0.0997	93.9501495361328
0.0027	18.6436748504639
0.0061	0.008200442418456
0.0109	20.1827049255371
0.0484	20.7581806182861
0.0247	41.6674537658691
0.2312	98.2450866699219
0.1747	5.27441120147705
0.1451	82.8046417236328
0.0014	12.0487203598022
0.0314	84.7853851318359
0.0218	18.4813957214355
0.0136	1.0189460515976
0.0828	0.0
0.0314	33.40576171875
0.0047	7.74240636825562
0.0149	0.0444520488381386
0.0537	45.5742301940918
0.029	97.58154296875
0.0005	0.0057180365547537
0.109	84.0828475952148
0.0032	0.621762871742249
0.0081	5.10896015167236
0.108	92.7245025634766
0.0107	16.2703742980957
0.001	0.0086193354800343
0.0	0.0
0.0002	0.0100369602441788
0.0004	0.0613641627132893
0.0599	80.0506744384766
0.0	42.9742584228516
0.1387	0.20611959695816
0.0021	1.60111236572266
0.0291	0.0134292002767324
0.0052	3.15957570075989
0.017	50.8545875549316
0.0836	6.58040523529053
0.0124	0.000815886480268
0.1092	78.4358062744141
0.0	0.0643224567174911
0.0325	17.6299610137939
0.6155	0.0031952019780874
0.0181	11.6451683044434
0.0149	33.7859840393066
0.0236	6.52443742752075
0.1259	0.0
0.0264	3.28326940536499
0.0229	27.2229309082031
0.0638	88.6671295166016
0.0121	40.1990356445313
0.0238	27.2069416046143
0.0001	6.00508213043213
0.0582	19.8514347076416
0.0084	8.79060745239258
0.0143	1.21326291561127
0.0364	77.0735015869141
0.0426	0.0288112405687571
0.1224	96.4544296264648
0.0411	14.2998876571655
0.0006	2.09935665130615
0.068	96.6637649536133
0.0012	3.85851645469666
0.0656	20.7211208343506
0.1808	3.80431008338928
0.0223	0.452573597431183
0.0661	86.7991561889648
0.0204	0.010983039624989
0.0286	65.9966583251953
0.0056	19.6353912353516
0.0708	0.843888521194458
0.0338	48.390064239502
0.0872	97.9403457641602
0.0603	44.8252906799316
0.0031	19.8068103790283
0.0004	0.0
0.0633	39.499080657959
0.0366	97.0207595825195
0.0067	0.359224498271942
0.0033	28.1506767272949
0.193	56.8632659912109
0.0335	54.8562355041504
0.0255	0.0
0.1896	71.5034484863281
0.0097	73.0283432006836
0.0475	44.3554344177246
0.0109	97.0116424560547
0.0244	73.2993850708008
0.0231	59.8760528564453
0.0157	24.425874710083
0.0479	44.5385208129883
0.0159	21.6048469543457
0.1306	82.6319808959961
0.0186	38.6949043273926
0.1325	85.5272064208984
0.029	0.33797013759613
0.1199	59.7960395812988
0.0767	96.8351364135742
0.0361	77.833854675293
0.0529	97.1024703979492
0.1075	2.83917570114136
0.0815	7.60053443908691
0.0607	0.0409055799245834
0.061	82.6043090820313
0.3431	68.9684906005859
0.0195	41.1205596923828
0.0097	5.79680824279785
0.0084	0.0435869991779327
0.1395	66.8999710083008
0.0156	72.0925674438477
0.1757	70.2000045776367
0.0009	2.57567191123962
0.0165	43.5816230773926
0.027	13.4866065979004
0.0092	0.730577349662781
0.303	80.7084579467773
0.1289	0.0468435399234295
0.034	8.25568866729736
0.1982	92.3691940307617
0.0394	96.9973907470703
0.0687	7.27315521240234
0.0155	26.8398132324219
0.0254	20.543041229248
0.2475	93.4671325683594
0.1323	19.9221076965332
0.0857	7.87820148468018
0.008	5.75863122940063
0.0086	32.6649589538574
0.084	1.00234019756317
0.023	3.22310876846313
0.0103	0.0224845111370087
0.033	27.5436229705811
0.0546	33.8551292419434
0.0	0.0
0.0063	0.644180417060852
0.071	1.44959616661072
0.028	55.6217308044434
0.0122	17.0329418182373
0.0008	0.243446007370949
0.1388	95.4206848144531
0.0005	0.0
0.0194	0.0178175307810307
0.0126	3.60686802864075
0.0105	70.8039932250977
0.0	0.0
0.0319	78.0083694458008
0.0256	66.6025695800781
0.0078	1.45173406600952
0.202	0.672033488750458
0.0136	63.2806243896484
0.1424	26.3690090179443
0.0388	67.437629699707
0.0977	79.8736953735352
0.0	0.0
0.0105	84.8417282104492
0.0334	16.4016761779785
0.0004	0.0
0.0467	31.1108627319336
0.0004	0.126892998814583
0.0016	0.0
0.1137	1.34586596488953
0.0096	7.84868431091309
0.0021	0.0570629797875881
0.0045	0.855545222759247
0.0075	9.49856853485107
0.011	41.3557014465332
0.0483	68.8017120361328
0.019	0.0260024610906839
0.0884	0.0
0.0404	36.845573425293
0.1759	4.98035287857056
0.0766	87.9319763183594
0.0111	0.133515000343323
0.0939	79.5467147827148
0.0564	0.000972110137809
0.1505	35.6437797546387
0.0038	5.0938024520874
0.0171	13.5365047454834
0.0363	0.415705502033234
0.099	33.6099395751953
0.1203	0.733477115631104
0.0295	17.2024974822998
0.049	0.713401675224304
0.0009	0.0
0.0008	0.021166019141674
0.004	8.17699813842773
0.0396	61.0566864013672
0.0133	1.26021242141724
0.1915	68.5106735229492
0.0008	12.086483001709
0.0101	65.3823165893555
0.0344	41.9337959289551
0.0482	91.005256652832
0.0422	35.8824729919434
0.0058	0.026837419718504
0.01	2.53031778335571
0.0178	84.4370880126953
0.0	0.0
0.0052	10.090407371521
0.018	0.261018991470337
0.1665	68.3513717651367
0.0781	43.4826736450195
0.0056	97.460578918457
0.0069	3.83507943153381
0.0097	44.1570472717285
0.0077	1.37204575538635
0.0061	80.6400375366211
0.0217	0.671558082103729
0.0305	7.09916830062866
0.0035	13.3686151504517
0.0467	16.4495658874512
0.0103	14.937876701355
0.0565	69.5005722045898
0.0009	21.8568954467773
0.0167	51.3334617614746
0.1211	23.9945316314697
0.0167	97.1033782958984
0.1085	60.6877212524414
0.0379	39.0494155883789
0.001	12.1409912109375
0.0215	0.163852497935295
0.0032	0.867042601108551
0.0948	7.25555849075317
0.0291	94.1967163085938
0.0383	81.6477355957031
0.0037	47.8513412475586
0.003	13.1924638748169
0.0845	30.3967742919922
0.0019	0.0
0.0533	44.9440841674805
0.077	2.37460398674011
0.0019	0.0447545908391476
0.0207	18.4925708770752
0.0005	0.0003648794081527
0.0656	67.8223037719727
0.0495	0.0439788103103638
0.1107	83.1413269042969
0.1838	94.1364898681641
0.0001	12.3746137619019
0.0914	25.6336727142334
0.0085	44.7356224060059
0.0249	13.1828393936157
0.0094	0.0303865000605583
0.0673	77.0156631469727
0.097	0.284940987825394
0.0296	0.753681123256683
0.0126	68.0697250366211
0.0201	0.0390885397791862
0.0003	0.0087085356935858
0.0715	74.0979614257813
0.0312	97.8673477172852
0.0102	0.14672739803791
0.0042	14.0638427734375
0.1697	97.1174774169922
0.0103	0.099721759557724
0.147	37.5726661682129
0.0382	22.0729694366455
0.015	46.8222465515137
0.0155	45.720287322998
0.0011	3.63431096076965
0.0268	29.0344276428223
0.0395	1.94636297225952
0.0127	11.5111427307129
0.0333	79.9840774536133
0.0674	11.1555299758911
0.2275	22.2789363861084
0.0225	23.8145389556885
0.0069	11.1181240081787
0.0063	0.0
0.0475	16.2289237976074
0.1883	88.7716445922852
0.0201	13.1637744903564
0.0027	18.8403377532959
0.0352	35.9123229980469
0.112	61.6576118469238
0.01	37.3240852355957
0.0883	79.6734771728516
0.2556	72.5038604736328
0.0679	82.8958511352539
0.0274	8.13459014892578
0.0101	19.2723121643066
0.057	83.7654876708984
0.0167	74.2154388427734
0.0421	54.8206481933594
0.0001	0.262645095586777
0.0077	0.0117361405864358
0.0078	0.0005941832787357
0.0062	95.251594543457
0.0578	96.5619354248047
0.0729	68.4606552124023
0.1471	35.4122161865234
0.005	1.91939699649811
0.0	7.68627500534058
0.0078	15.4942035675049
0.0107	10.9795093536377
0.0436	0.0900648534297943
0.0013	0.0475042909383774
0.0227	96.9274978637695
0.0068	18.7826194763184
0.0	0.0
0.0515	74.371940612793
0.0716	47.3596572875977
0.1375	80.48828125
0.0008	0.623236894607544
0.0153	2.26361799240112
0.1573	76.4636764526367
0.0284	0.105484299361706
0.0939	87.5866622924805
0.0615	0.272794395685196
0.1563	9.96706771850586
0.0205	96.8388137817383
0.1066	54.6922836303711
0.0267	13.6858129501343
0.0261	30.1253318786621
0.0553	29.2549419403076
0.0065	37.4246215820313
0.0708	11.1035499572754
0.0046	0.51238089799881
0.1033	20.5605525970459
0.0473	18.707368850708
0.0296	0.140905305743217
0.0095	9.0315523147583
0.0174	33.2166023254395
0.0021	0.145277604460716
0.0742	5.27363014221191
0.0008	11.1709489822388
0.1158	78.8676300048828
0.0086	1.66428935527802
0.0174	17.2393035888672
0.0064	36.7010612487793
0.0143	2.00168800354004
0.019	81.7993392944336
0.0	0.154041796922684
0.074	95.9389038085938
0.0255	0.0476357601583004
0.043	54.0626487731934
0.0908	81.8174057006836
0.0163	65.4502716064453
0.0931	91.9202880859375
0.1114	39.6379280090332
0.0002	0.0057926401495933
0.0506	96.8948211669922
0.1615	95.478401184082
0.0462	0.116907104849815
0.0099	0.162772014737129
0.1968	1.60222697257996
0.0415	52.7338562011719
0.0348	37.7729110717773
0.069	4.45589399337769
0.1101	95.6635894775391
0.0069	2.59301090240479
0.0312	28.068473815918
0.1563	50.5127601623535
0.139	47.2832984924316
0.0122	65.9139099121094
0.2288	67.6671829223633
0.1946	77.4599533081055
0.2545	71.1527938842773
0.1215	17.7712383270264
0.1447	26.7943992614746
0.0274	14.5984315872192
0.0007	0.0
0.0015	0.465821802616119
0.0021	0.83941912651062
0.0714	40.1009216308594
0.0178	20.8504638671875
0.3238	2.00160717964172
0.0042	5.65058135986328
0.0255	15.7521848678589
0.0078	0.636068642139435
0.0072	0.325599312782288
0.0002	0.0
0.1374	96.714111328125
0.072	9.71694850921631
0.0524	9.01264953613281
0.0136	56.9289894104004
0.0103	79.0020904541016
0.153	59.3948059082031
0.0434	94.3296737670898
0.0003	0.0
0.0288	46.8399391174316
0.0306	33.7406768798828
0.0035	2.58534860610962
0.1008	26.2640914916992
0.4681	2.54238605499268
0.0182	55.5720252990723
0.0435	97.0239639282227
0.0124	20.6886768341064
0.0044	16.3334312438965
0.1622	27.1929969787598
0.1127	86.1763763427734
0.0824	7.65129852294922
0.0617	81.1814498901367
0.0052	11.6063280105591
0.0174	0.0261189825832844
0.0394	0.149597302079201
0.0196	2.81083106994629
0.0266	14.244213104248
0.0254	59.8871421813965
0.0083	7.03109836578369
0.0519	40.1137428283691
0.0006	0.0047296867705881
0.0418	1.46043705940247
0.0023	3.6271071434021
0.0345	82.5437393188477
0.0397	67.8132553100586
0.0573	0.10652519762516
0.193	80.2188110351563
0.0364	84.5502777099609
0.0152	12.7982482910156
0.0168	31.7630748748779
0.0058	72.1655960083008
0.0	5.23580408096313
0.1347	0.0354419685900211
0.0505	14.7667055130005
0.0753	3.48138499259949
0.0138	3.89960789680481
0.0299	0.0264024194329977
0.0618	20.8609275817871
0.1299	64.6560668945313
0.0259	72.8573379516602
0.0156	96.8267517089844
0.0455	35.2470359802246
0.0284	42.1637687683105
0.0382	91.5182266235352
0.0121	0.0001761167950462
0.0065	2.95479774475098
0.0778	87.4341583251953
0.1948	75.4467010498047
0.0016	0.0
0.1441	0.0
0.0081	3.26544165611267
0.0763	70.3725662231445
0.0044	0.858837962150574
0.0253	28.6614761352539
0.005	41.1030502319336
0.2431	94.3040161132813
0.0745	73.6714096069336
0.0452	17.1582546234131
0.0058	0.0
0.1592	18.7151851654053
0.065	56.8472175598145
0.1751	74.8530578613281
0.001	2.43872594833374
0.1893	83.6913528442383
0.1914	19.0169715881348
0.0093	0.689229309558868
0.0748	81.6816558837891
0.0167	1.32534301280975
0.0208	14.9636468887329
0.1132	19.994649887085
0.0264	0.508913338184357
0.0095	0.0204451717436314
0.0315	79.0073699951172
0.0027	2.46956157684326
0.0037	0.0628172308206558
0.0091	47.2619438171387
0.084	83.2857360839844
0.0218	0.0265501793473959
0.0211	6.94419479370117
0.0658	0.310922592878342
0.0001	10.4810466766357
0.2074	97.1702499389648
0.0078	13.6530952453613
0.032	4.84519195556641
0.0184	0.813413381576538
0.0275	0.0049019311554729
0.0937	89.2304306030273
0.0094	8.92272472381592
0.0003	0.514151036739349
0.009	26.6512851715088
0.0004	4.38867807388306
0.0106	0.0127998013049364
0.0892	4.78360176086426
0.032	87.2902374267578
0.0291	26.0044612884521
0.084	71.08154296875
0.0005	0.0
0.0872	13.9990348815918
0.0128	42.9098358154297
0.0143	28.3484287261963
0.0089	0.404429376125336
0.0398	97.2410583496094
0.0421	81.7299728393555
0.0396	56.3617973327637
0.0116	0.0527413822710514
0.0069	0.608814418315887
0.0374	44.775390625
0.0129	15.764331817627
0.0525	2.5567421913147
0.0763	82.166015625
0.0166	11.3383483886719
0.0009	0.0309381801635027
0.0694	78.9858932495117
0.0158	74.4069595336914
0.0056	0.0013980129733681
0.0421	57.046199798584
0.1333	95.7015991210938
0.2253	93.9678421020508
0.0025	3.30448698997498
0.009	20.6426048278809
0.0186	83.5053558349609
0.0164	2.17999935150146
0.022	0.0048858299851417
0.002	12.4451322555542
0.1088	97.8219451904297
0.0347	32.5696487426758
0.2379	95.9180145263672
0.0382	49.2520408630371
0.0	0.0
0.1432	20.6413135528564
0.1146	96.2355422973633
0.1875	70.0338973999023
0.0306	74.3372268676758
0.0234	53.2851715087891
0.0418	39.6265754699707
0.104	41.0463638305664
0.0071	5.12044429779053
0.0328	0.0204572398215532
0.0884	0.0
0.0274	26.3911037445068
0.0263	0.134710296988487
0.1929	44.2652893066406
0.0032	0.100788496434689
0.0195	83.8538055419922
0.008	0.0884412154555321
0.0106	10.9789447784424
0.0242	37.0960311889648
0.1423	73.0633316040039
0.0966	58.2797813415527
0.0375	24.7017650604248
0.1725	65.0326232910156
0.0089	67.4158172607422
0.0676	92.6586837768555
0.0238	4.40790939331055
0.0	5.23580408096313
0.0282	0.886261820793152
0.3207	38.8128356933594
0.0916	15.7808771133423
0.0201	22.2778911590576
0.1027	30.7236824035645
0.0026	2.1285138130188
0.0307	0.0
0.003	22.8120937347412
0.0009	1.82644331455231
0.0159	0.0
0.0009	20.8087368011475
0.0014	1.53448355197906
0.017	17.4658298492432
0.039	8.46348285675049
0.0078	13.1464471817017
0.0305	0.0204286109656096
0.0307	9.79268836975098
0.1654	81.9091339111328
0.0013	16.4278831481934
0.0697	76.1891708374023
0.0055	0.0434838496148586
0.0028	0.0354761183261871
0.0601	75.112678527832
0.0243	53.2215423583984
0.1099	99.9568405151367
0.0411	89.3480224609375
0.0	0.0
0.0232	29.9545078277588
0.0245	86.3473968505859
0.0182	25.3101482391357
0.0001	2.69483113288879
0.0304	27.5533676147461
0.0295	0.0054459138773381
0.0165	6.79894733428955
0.0168	2.31869125366211
0.0128	8.30812358856201
0.0028	15.6651821136475
0.0018	0.0127090997993946
0.0392	82.3483505249023
0.0238	0.805857717990875
0.0474	44.0727462768555
0.0416	93.6500625610352
0.0039	0.166521996259689
0.005	20.4339847564697
0.0084	0.0604463294148445
0.0015	0.0364305898547173
0.8645	85.242431640625
0.0645	20.9705104827881
0.011	0.0
0.0038	3.65288662910461
0.2419	88.8528137207031
0.2881	3.43210792541504
0.0247	2.69410991668701
0.0565	52.640552520752
0.1147	34.7752990722656
0.0034	9.85587310791016
0.1108	9.58430862426758
0.0506	35.8176422119141
0.0478	46.5523986816406
0.0064	1.92562222480774
0.0052	13.4374771118164
0.0113	3.55216193199158
0.0166	0.0738530531525612
0.1521	95.887092590332
0.0347	0.839061319828033
0.0119	29.0929260253906
0.028	42.1317558288574
0.0294	0.0103006307035685
0.1577	63.051212310791
0.0731	2.82769918441772
0.0536	24.933422088623
0.0068	2.55902719497681
0.0021	0.0070820804685354
0.0832	96.6794662475586
0.0026	1.68271017074585
0.1053	96.7204971313477
0.0045	26.7488632202148
0.0302	2.25884318351746
0.0706	66.4160995483398
0.0237	2.12366461753845
0.1578	62.5919570922852
0.0034	0.305433809757233
0.061	68.1728820800781
0.0112	13.9821653366089
0.0172	92.1572875976563
0.0121	1.40663850307465
0.0127	80.4717483520508
0.0687	66.643928527832
0.0015	9.70284271240234
0.0015	3.70452809333801
0.0	7.18401050567627
0.003	0.0887051522731781
0.0077	5.47362518310547
0.0181	54.533805847168
0.0189	79.2724685668945
0.2361	1.11528873443604
0.0329	54.6706237792969
0.0004	0.0053515778854489
0.0018	2.33970642089844
0.0004	11.8504600524902
0.0009	1.65682649612427
0.041	78.4082717895508
0.1184	79.8973388671875
0.0177	0.005111311096698
0.01	12.9512691497803
0.0007	0.0375418215990067
0.0329	0.0
0.0404	37.5534019470215
0.3643	72.4412460327148
0.0004	4.01817512512207
0.0107	0.0
0.0059	14.2236442565918
0.0039	7.63079166412354
0.0002	10.1749658584595
0.0835	72.0080490112305
0.0099	8.38771438598633
0.1017	83.4877548217773
0.0036	17.4649391174316
0.0241	6.59713459014893
0.0046	2.07029604911804
0.0001	14.2675924301147
0.0507	81.0327682495117
0.0977	73.8791809082031
0.0117	81.7736053466797
0.001	14.2099990844727
0.0	0.0
0.0012	12.0729007720947
0.0841	56.5660858154297
0.0148	64.0092620849609
0.2378	19.5258331298828
0.0005	0.0014868830330669
0.0016	0.0010001029586419
0.002	32.2225646972656
0.0087	75.5503921508789
0.2927	0.0688808336853981
0.0975	92.6142654418945
0.0934	52.0557327270508
0.1852	8.08490371704102
0.008	3.26956248283386
0.0646	0.00186480616685
0.0614	90.7664566040039
0.0073	28.4582977294922
0.0208	13.5915727615356
0.0086	2.88325476646423
0.008	0.137124001979828
0.0399	14.907112121582
0.0781	70.6495132446289
0.0601	47.6176147460938
0.0076	3.21029806137085
0.003	55.9772338867188
0.009	1.93085551261902
0.0616	53.1412696838379
0.0107	97.031852722168
0.0376	96.1420211791992
0.0074	0.209640607237816
0.0305	76.1214065551758
0.0175	14.1545581817627
0.0022	18.7148532867432
0.1458	68.5528717041016
0.0921	0.736796081066132
0.0153	0.181876793503761
0.1033	68.2339019775391
0.0595	93.1361618041992
0.002	6.13253307342529
0.0596	32.1688804626465
0.0842	0.455479115247726
0.0928	16.2289066314697
0.0533	27.3599262237549
