0.0073	31.7663021087646
0.0379	44.6887702941895
0.0045	0.972918689250946
0.0009	0.0
0.105	42.2600631713867
0.0756	44.0860900878906
0.0145	1.51003205776215
0.0706	29.6761207580566
0.0002	0.0
0.0317	4.02497720718384
0.1384	78.9522476196289
0.0177	0.0717628821730614
0.0426	51.8689155578613
0.0402	5.96046447753906e-08
0.0125	0.0
0.0251	48.940242767334
0.0	0.0
0.0203	25.5196895599365
0.0453	47.5993843078613
0.0293	13.5953998565674
0.0058	21.4630813598633
0.0649	0.0
0.1621	88.1375198364258
0.0245	78.1612014770508
0.0106	60.9489898681641
0.0301	33.9072608947754
0.0426	86.3552627563477
0.0001	0.0
0.0014	1.16415321826935e-10
0.0015	0.0
0.0018	11.9307870864868
0.0561	28.138298034668
0.0278	18.6876277923584
0.0243	77.7124404907227
0.07	0.0
0.0981	96.1001586914063
0.0941	18.3574771881104
0.0095	82.3397064208984
0.0101	0.451319456100464
0.0035	0.112820349633694
0.0085	84.4133529663086
0.0896	3.20508408546448
0.0019	12.1081628799438
0.0448	91.212890625
0.1504	0.730577349662781
0.1205	93.4994430541992
0.0012	0.0
0.0333	74.7248916625977
0.311	92.4042510986328
0.2681	51.7370796203613
0.0557	27.8835544586182
0.0122	7.7312126159668
0.05	58.396053314209
0.0088	0.0
0.0623	32.0704307556152
0.0647	0.106593012809753
0.0047	0.0
0.0486	6.74862384796143
0.027	80.011344909668
0.1494	74.8853225708008
0.0104	12.4089965820313
0.0	0.0
0.137	59.8005905151367
0.0584	0.608814418315887
0.3642	70.8798446655273
0.1086	87.754264831543
0.0174	11.1130971908569
0.0282	0.0
0.0171	28.5311069488525
0.0101	0.0
0.0246	87.5532379150391
0.0247	7.75922918319702
0.001	1.48752403259277
0.013	76.6962051391602
0.078	92.7359619140625
0.0084	10.9739713668823
0.038	26.32981300354
0.148	92.250862121582
0.0041	69.5479125976563
0.0098	46.0949745178223
0.0053	7.04867362976074
0.1429	0.0
0.0022	0.0
0.1566	84.7346115112305
0.0171	0.0
0.001	2.08870005607605
0.0105	11.5039215087891
0.037	60.5663223266602
0.0037	0.0
0.0529	1.82302761077881
0.1245	90.6412353515625
0.0377	39.8024139404297
0.0539	34.711067199707
0.0146	27.7193756103516
0.0524	13.7837562561035
0.0106	29.4109706878662
0.1589	24.7313232421875
0.0029	0.0
0.0223	28.852689743042
0.0378	48.121711730957
0.0	0.0
0.0547	42.3930358886719
0.051	34.1048049926758
0.0233	48.2287750244141
0.0135	21.668851852417
0.255	9.33062171936035
0.1162	0.0
0.0037	1.40286314487457
0.0473	55.017017364502
0.0013	0.0
0.0183	23.7993640899658
0.001	12.9014978408813
0.0349	18.5495052337646
0.0213	54.0051307678223
0.0063	11.9357290267944
0.1009	18.611011505127
0.0267	92.1957168579102
0.031	0.0
0.0124	85.9639053344727
0.0338	47.6025581359863
0.063	0.2950379550457
0.008	0.728142082691193
0.0116	0.221763134002686
0.0489	78.981201171875
0.0152	74.7839813232422
0.0333	5.92752981185913
0.0685	23.0935955047607
0.0103	28.3099269866943
0.0388	0.522631824016571
0.0667	15.7932033538818
0.0546	96.0049285888672
0.0	0.0
0.1106	95.0036849975586
0.0104	22.574010848999
0.0128	29.2511539459229
0.2126	0.0
0.1037	76.926139831543
0.0033	20.9438438415527
0.0269	71.5903244018555
0.0104	0.0
0.1054	81.7488021850586
0.008	23.0073719024658
0.0077	1.89754593372345
0.0192	30.7271728515625
0.0172	18.8096446990967
0.0484	18.2485961914063
0.0634	29.8761787414551
0.0144	6.4794659614563
0.0344	39.5316734313965
0.0017	1.53726553916931
0.0434	0.0
0.0001	0.0
0.0122	87.7364349365234
0.0055	1.76691007614136
0.0087	0.0
0.0419	56.2934112548828
0.0323	1.74966263771057
0.0516	18.8090858459473
0.0011	9.70046329498291
0.0075	6.98830795288086
0.0083	15.3080883026123
0.0038	1.09159016609192
0.0103	26.5633316040039
0.017	0.0
0.0224	38.5741119384766
0.0121	26.9370708465576
0.0642	29.656192779541
0.0068	0.0
0.0082	3.88557052612305
0.0205	2.96944808959961
0.0106	0.0
0.0432	38.6409568786621
0.0348	3.7252902984619103e-09
0.0065	0.0
0.0292	0.221763610839844
0.0118	1.2187203168869
0.0618	32.0837783813477
0.0332	14.7571773529053
0.1155	38.9862632751465
0.0323	25.5888614654541
0.0	0.0
0.1136	96.2084884643555
0.0131	0.0
0.0079	0.0
0.0055	7.50449800491333
0.0009	0.0
0.0021	11.8316974639893
0.0408	36.5251388549805
0.006	21.9047546386719
0.0125	38.3268737792969
0.0117	54.0027923583984
0.1768	22.7521743774414
0.0003	6.81777191162109
0.0987	91.4501571655273
0.0007	0.851840853691101
0.158	92.8670272827148
0.0339	0.0
0.0401	12.8577346801758
0.0008	1.02024042606354
0.0931	75.4942092895508
0.0126	1.23413479328156
0.1537	31.2361526489258
0.0111	61.8812294006348
0.0725	94.9418563842773
0.0003	0.0
0.0403	22.0364894866943
0.0104	0.0
0.0115	24.0776500701904
0.0502	0.0
0.0002	0.945754706859589
0.0012	4.15220928192139
0.001	3.7252902984619103e-09
0.2244	93.7580108642578
0.0207	0.0
0.0036	12.1018657684326
0.0714	47.4761047363281
0.0103	50.3605537414551
0.0097	0.0
0.1178	0.0
0.0962	21.2056179046631
0.0048	0.0
0.0434	43.9729270935059
0.0328	71.2030792236328
0.0133	4.33657932281494
0.0272	1.77778387069702
0.0365	43.4042854309082
0.8889	3.26260685920715
0.1393	96.4191513061523
0.0208	96.9353485107422
0.0444	31.7523956298828
0.0019	3.7252902984619103e-09
0.0029	2.4661819934845
0.0188	1.8626451492309603e-09
0.0038	1.9027224779129
0.0001	0.0
0.0124	0.0
0.2406	26.5016040802002
0.0177	5.78464794158936
0.0445	96.3290710449219
0.0024	1.88162553310394
0.0229	5.10282611846924
0.3147	0.0
0.0333	96.6322021484375
0.035	11.7853708267212
0.0075	0.0
0.065	0.0
0.004	1.97341632843018
0.0239	28.387716293335
0.0288	33.4961357116699
0.0878	0.0
0.0011	4.37684488296509
0.0595	90.8778381347656
0.0336	14.3513517379761
0.0131	16.4717750549316
0.0171	56.1172523498535
0.0021	28.705415725708
0.0603	83.3364944458008
0.0156	66.1669692993164
0.0129	74.013313293457
0.1391	0.0
0.002	0.0
0.0921	55.1502456665039
0.0	10.3250646591187
0.0503	21.8211441040039
0.0361	0.0
0.0034	2.72345924377441
0.024	4.65661287307739e-10
0.0169	96.9192581176758
0.0051	8.23125743865967
0.0807	0.0
0.0011	2.51979565620422
0.0108	5.08605003356934
0.0521	0.0
0.0072	0.243525788187981
0.021	14.8224964141846
0.0595	1.17365980148315
0.1048	73.6928176879883
0.0265	84.7685546875
0.0633	0.0
0.0172	10.4712867736816
0.0318	21.5381984710693
0.0526	1.51044654846191
0.0141	33.3715972900391
0.0007	15.4639329910278
0.0693	4.36634063720703
0.0438	1.49011611938477e-08
0.0541	68.4396896362305
0.0162	4.86473226547241
0.005	3.98634028434753
0.0044	69.8368148803711
0.0168	26.9420013427734
0.0268	81.3915100097656
0.0021	0.0
0.0078	0.0
0.0055	0.0
0.0003	2.92230916023254
0.0174	23.7697296142578
0.1017	40.7965698242188
0.0521	29.5740795135498
0.0953	91.4356155395508
0.022	2.23903894424438
0.0814	0.0
0.0378	75.3249740600586
0.1254	89.4110488891602
0.0546	50.5952529907227
0.0029	5.41365003585815
0.0698	15.9288835525513
0.0033	62.3094100952148
0.0158	64.2087478637695
0.162	14.9919967651367
0.0031	13.7219305038452
0.008	0.0
0.0306	88.6259078979492
0.0096	76.9662475585938
0.0267	34.5179595947266
0.1064	80.2533416748047
0.0153	56.1639022827148
0.2259	10.7861633300781
0.031	12.0882501602173
0.0445	10.1937685012817
0.0318	83.1986923217773
0.0139	24.3928985595703
0.1127	17.743013381958
0.0012	6.74405717849731
0.0	0.0
0.0139	20.1057834625244
0.015	0.0
0.0525	55.1717338562012
0.0006	12.3683815002441
0.106	85.9027633666992
0.0457	84.6073379516602
0.0014	0.0
0.003	0.0
0.0894	0.53680431842804
0.0267	0.0
0.082	9.60507774353027
0.0364	39.6450576782227
0.0179	0.0
0.0648	37.2342109680176
0.0134	58.503044128418
0.0101	45.6323699951172
0.0223	0.0
0.003	0.0
0.0015	0.0
0.0526	96.0490188598633
0.0402	12.7278842926025
0.0143	12.5155029296875
0.0526	44.6756896972656
0.0533	82.7276763916016
0.0211	13.619743347168
0.0003	0.0
0.0462	1.26546323299408
0.0343	37.0454902648926
0.0017	0.420302391052246
0.1253	82.1255722045898
0.2745	7.61214017868042
0.0318	15.8421058654785
0.1287	30.3676815032959
0.0223	33.1044273376465
0.0317	77.3402481079102
0.0016	0.107594080269337
0.0206	52.5433616638184
0.0073	43.3668518066406
0.0289	26.3713607788086
0.0075	5.39539957046509
0.0018	1.26264488697052
0.0044	59.3592872619629
0.0181	9.269362449646
0.0002	0.0
0.0036	22.5945377349854
0.0734	1.29657888412476
0.0112	15.7963809967041
0.0572	83.0712814331055
0.0341	85.6551666259766
0.0161	0.0
0.0508	13.1857748031616
0.0179	0.0
0.0272	12.3134498596191
0.054	52.4841461181641
0.0051	68.354606628418
0.0003	3.21600532531738
0.072	13.619291305542
0.1294	3.79221725463867
0.0283	50.2790298461914
0.0452	3.16450476646423
0.0039	7.450580596923831e-09
0.018	50.7234382629395
0.0421	19.556058883667
0.0428	31.427417755127
0.1229	0.0
0.0182	9.31322574615479e-10
0.0307	46.8331527709961
0.0074	0.220770820975304
0.0507	10.0087194442749
0.0217	7.06836128234863
0.0	0.0
0.0109	0.0
0.004	0.0
0.3446	12.5690889358521
0.1505	3.19464683532715
0.0189	76.4391174316406
0.0656	60.906120300293
0.2259	94.0914459228516
0.0	0.0
0.0652	77.7135696411133
0.0586	79.5956344604492
0.1823	59.3175010681152
0.288	71.6762847900391
0.0587	18.7525081634521
0.0291	0.0
0.0136	9.63874053955078
0.0043	2.9103830456733697e-11
0.0117	0.0
0.0619	0.0
0.0494	9.46988487243652
0.047	15.0697269439697
0.0049	74.6217269897461
0.0323	0.106316700577736
0.0609	31.5182933807373
0.0759	96.3622512817383
0.0018	1.09573745727539
0.0007	1.21762883663177
0.0819	33.1366806030273
0.1232	10.1512680053711
0.0629	7.450580596923831e-09
0.036	80.7454376220703
0.0188	31.6225166320801
0.0076	32.3678169250488
0.0087	89.3577270507813
0.0898	0.0
0.1427	42.0442352294922
0.0016	12.0286855697632
0.0048	50.1526756286621
0.0405	50.5897941589355
0.1377	16.5870590209961
0.0489	54.7928009033203
0.114	7.89308929443359
0.0662	47.4772720336914
0.0174	0.0
0.0384	80.491081237793
0.0063	19.5015888214111
0.0	0.0
0.0121	26.8843593597412
0.0718	4.00350713729858
0.0001	0.0
0.0478	60.0962982177734
0.1128	38.4793395996094
0.0818	34.8317756652832
0.0358	0.0
0.0001	4.71131038665771
0.1205	81.4313888549805
0.0155	90.9320449829102
0.015	17.7642040252686
0.0205	9.73686790466309
0.0658	0.362351626157761
0.1307	89.6445693969727
0.0008	0.0
0.1673	25.3051128387451
0.0369	0.0
0.0754	87.4128723144531
0.0108	30.366870880127
0.0314	47.316291809082
0.0083	0.76885050535202
0.042	0.12176288664341
0.0415	67.6753845214844
0.0165	75.5681228637695
0.0493	18.4028434753418
0.0422	44.7497406005859
0.1059	92.1217575073242
0.0569	34.0495376586914
0.0231	43.0228881835938
0.1398	81.378547668457
0.0613	14.9590606689453
0.0288	90.5904541015625
0.0156	0.961432993412018
0.0241	14.4788637161255
0.01	5.57365036010742
0.0058	12.0185947418213
0.0333	91.5381088256836
0.0818	71.3257598876953
0.0485	0.0
0.032	0.0
0.0172	18.7059440612793
0.1436	84.7926025390625
0.0002	7.79019451141357
0.002	12.4314680099487
0.0735	63.1680793762207
0.0454	49.4609603881836
0.04	71.4215316772461
0.035	0.0
0.0399	68.0292892456055
0.0467	82.1412353515625
0.0362	51.654369354248
0.0011	12.0229082107544
0.0158	0.0
0.1054	55.5719375610352
0.0126	4.41583633422852
0.0864	68.8051986694336
0.0125	92.8647308349609
0.0294	27.0956764221191
0.0519	11.2350606918335
0.0378	1.78494000434875
0.033	83.1672515869141
0.0035	20.6570816040039
0.0431	96.5370025634766
0.0425	83.407112121582
0.0795	15.1132221221924
0.0011	1.56484735012054
0.0899	96.1824951171875
0.0124	19.6856727600098
0.0006	1.21762883663177
0.1237	0.0
0.0686	81.3142929077148
0.0203	5.16062021255493
0.0233	28.1865272521973
0.0031	13.9291009902954
0.0098	75.2805404663086
0.1165	32.1030044555664
0.1544	29.1979293823242
0.0118	2.98023223876953e-08
0.0336	0.108386516571045
0.0841	88.8015365600586
0.0107	0.0
0.0191	49.6116333007813
0.0044	0.0
0.0006	0.0
0.0433	35.429630279541
0.1069	90.0697174072266
0.0006	12.0831174850464
0.183	20.9522285461426
0.0265	1.19209289550781e-07
0.0089	1.86589133739471
0.0292	0.0
0.0721	95.3941955566406
0.0675	51.4710388183594
0.1285	69.4811630249023
0.8473	0.259765863418579
0.0018	5.30290079116821
0.0069	1.3870347738266
0.0972	59.8535385131836
0.0005	0.0
0.0441	0.0
0.0237	5.23066902160645
0.0489	95.1088104248047
0.0154	0.0
0.0189	39.4343948364258
0.0325	4.51683712005615
0.0099	5.1165943145752
0.0475	66.4547119140625
0.0013	3.98525738716125
0.1184	66.1174392700195
0.05	66.8122863769531
0.0578	89.5143203735352
0.1311	25.2685585021973
0.0175	0.953317880630493
0.007	86.6589202880859
0.0336	7.56737089157104
0.0383	49.9029312133789
0.1547	23.30690574646
0.0623	95.8871612548828
0.007	2.58419275283813
0.0091	13.7664594650269
0.0559	49.5501747131348
0.0244	71.015625
0.0036	0.0
0.0188	37.2672233581543
0.0151	30.9716529846191
0.022	56.2482872009277
0.0556	41.3054351806641
0.1924	37.1618270874023
0.0081	0.0
0.1204	0.0
0.0796	55.0995674133301
0.0289	52.4225234985352
0.0325	1.09038925170898
0.0377	0.0
0.046	43.2690544128418
0.4364	96.746223449707
0.0125	72.1090698242188
0.0109	0.0
0.0046	0.0
0.0105	7.38747119903564
0.0161	0.0
0.0021	0.0
0.0299	59.2996635437012
0.0003	1.21762883663177
0.0327	18.7303409576416
0.0209	0.0
0.1025	0.0
0.0709	44.8337898254395
0.0055	0.0
0.1577	28.1923923492432
0.0143	6.9683632850647
0.0422	0.0
0.1354	68.3878479003906
0.0017	2.55253982543945
0.0439	2.83969712257385
0.0024	0.733472168445587
0.0469	2.26370239257813
0.0338	87.6005783081055
0.0002	5.09125518798828
0.0628	11.2951431274414
0.0083	47.3512535095215
0.004	30.6364116668701
0.0004	0.0
0.0061	1.54961514472961
0.0403	64.2293167114258
0.0332	67.1216430664063
0.1746	0.0
0.0938	68.8635787963867
0.0018	19.9170970916748
0.043	0.0
0.006	4.51891231536865
0.0011	3.64779686927795
0.2017	7.47193908691406
0.3492	26.2314014434814
0.2314	5.51225280761719
0.0038	0.0
0.0279	59.6463432312012
0.0	0.0
0.0025	25.1898860931396
0.0004	10.8708038330078
0.0726	74.6087036132813
0.0074	9.5367431640625e-07
0.0056	0.477960348129272
0.0001	1.33136761188507
0.0005	0.0
0.0606	1.32410335540771
0.0	0.0
0.0098	62.5601272583008
0.014	0.0
0.0339	2.16523551940918
0.0229	41.6400871276855
0.0972	1.04571223258972
0.1109	37.3263206481934
0.0403	15.3818511962891
0.0133	2.50095629692078
0.0004	0.0
0.1035	0.0
0.0539	24.2403888702393
0.0096	18.116060256958
0.1379	62.3564529418945
0.0464	64.984130859375
0.0019	0.0
0.006	0.639313161373138
0.9488	71.7496948242188
0.0281	79.6906356811523
0.0	0.0
0.026	22.8194427490234
0.1152	66.2582092285156
0.0001	14.0856847763062
0.0091	42.6224021911621
0.0105	27.3131008148193
0.0253	28.5594520568848
0.0	2.06565427780151
0.1632	0.0
0.046	82.4790496826172
0.1074	84.4348449707031
0.0079	1.0460262298584
0.0118	29.7334041595459
0.0006	0.0
0.0703	0.0
0.0083	3.7252902984619103e-09
0.0668	74.8735961914063
0.0917	21.5064582824707
0.0007	1.03924453258514
0.0471	28.8843765258789
0.6602	0.0
0.1078	54.8824005126953
0.0415	53.6021537780762
0.0098	30.997350692749
0.0118	83.9652404785156
0.0149	46.5835113525391
0.0563	0.0
0.1162	0.0
0.0051	40.9145393371582
0.0363	64.8383102416992
0.0093	71.9078521728516
0.0635	0.0
0.0063	3.57375192642212
0.0017	18.2713813781738
0.0105	0.0
0.0045	0.0
0.035	82.7734680175781
0.0022	3.19025421142578
0.0292	0.0
0.053	0.0
0.1004	83.0544967651367
0.039	3.30671858787537
0.0225	45.5304794311523
0.0061	0.0
0.0646	0.0
0.0525	1.76115453243256
0.0145	95.4314193725586
0.0093	11.3686656951904
0.0062	4.10040140151978
0.0009	0.0
0.0053	0.0
0.0064	1.26860105991364
0.0361	65.5611419677734
0.0207	48.4277648925781
0.0105	48.7450714111328
0.0006	1.94820606708527
0.0603	84.2344741821289
0.0422	0.0
0.0039	0.0
0.0176	0.0
0.0203	0.0
0.0093	0.364643335342407
0.0003	0.0
0.1525	94.1088943481445
0.1068	67.4380340576172
0.0015	16.6885833740234
0.0025	0.0
0.08	4.76837158203125e-07
0.1267	71.6407623291016
0.1233	68.5923919677734
0.0357	7.51919078826904
0.0109	96.7627105712891
0.056	3.814697265625e-06
0.0611	80.0121612548828
0.0501	2.42310523986816
0.0171	0.0
0.0051	12.0431814193726
0.0125	5.09999752044678
0.0223	1.19209289550781e-07
0.0186	0.0
0.0319	0.0
0.1617	11.2046194076538
0.0002	0.0
0.0235	0.0
0.0563	0.436431884765625
0.0103	0.0
0.001	0.0
0.0252	0.817054510116577
0.036	0.0
0.0011	11.7751331329346
0.0443	84.0122528076172
0.0	0.0
0.0319	12.7232799530029
0.0632	35.1831932067871
0.0276	88.336181640625
0.0212	93.9819488525391
0.0521	38.1328201293945
0.0456	0.0
0.0211	57.6572418212891
0.1205	80.6592636108398
0.0517	89.6232147216797
0.0439	95.8091735839844
0.2541	33.6575660705566
0.0057	4.60711717605591
0.0174	8.47320175170898
0.0719	0.0
0.0516	2.15176963806152
0.0487	68.0516357421875
0.1073	81.6314086914063
0.0763	75.4376220703125
0.0162	14.8614025115967
0.0061	0.835404217243195
0.0332	32.0885162353516
0.0481	95.7214508056641
0.1002	16.2015132904053
0.0018	1.49011611938477e-08
0.0054	0.0
0.0639	72.1794891357422
0.0272	2.98023223876953e-08
0.0435	13.4553089141846
0.0953	37.0786399841309
0.069	3.14752674102783
0.1318	0.0
0.0364	1.02961480617523
0.0353	23.4978065490723
0.1895	0.0
0.0455	21.7153873443604
0.0326	1.59462523460388
0.0095	44.247730255127
0.0029	28.2366218566895
0.0001	3.7252902984619103e-09
0.1144	25.4032707214355
0.0657	17.2339019775391
0.0606	25.650785446167
0.0022	1.18291759490967
0.0515	27.3017501831055
0.0065	39.1273536682129
0.0149	20.7104053497314
0.0085	3.47626209259033
0.0033	14.1765727996826
0.0695	0.0
0.047	96.0934982299805
0.0056	18.3021945953369
0.0483	42.8191757202148
0.0861	0.0
0.0172	0.0
0.0097	7.450580596923831e-09
0.0701	67.1977462768555
0.0308	90.4445114135742
0.0003	4.65661287307739e-10
0.0375	25.1085681915283
0.0375	76.9561157226563
0.1107	0.0
0.0397	0.0
0.0126	0.391271412372589
0.0021	5.43787288665771
0.328	51.0624389648438
0.0156	0.0
0.0112	6.21676731109619
0.0209	17.0486850738525
0.0023	1.92328286170959
0.0226	9.51619625091553
0.0799	0.587051391601563
0.1563	0.0
0.0082	1.9588143825531
0.0325	0.0
0.08	11.6547317504883
0.0502	42.1310920715332
0.0106	2.03613901138306
0.0191	0.0
0.0005	0.0
0.0417	8.31387233734131
0.0296	88.6728668212891
0.001	0.0
0.0303	25.3733787536621
0.0301	8.61197185516357
0.2194	51.8185539245605
0.0457	25.5692749023438
0.0109	28.2025318145752
0.0079	0.0
0.4156	96.5951538085938
0.0003	1.03939175605774
0.0115	7.450580596923831e-09
0.2625	42.8432960510254
0.0381	41.8620071411133
0.0049	0.556227266788483
0.0112	95.3706970214844
0.0744	39.057056427002
0.0002	6.55360460281372
0.0426	34.4559211730957
0.0459	4.13756465911865
0.0721	0.0
0.1433	59.2957229614258
0.0657	16.5624217987061
0.0629	48.8042449951172
0.0816	92.6829833984375
0.0333	96.7353210449219
0.0674	41.3874397277832
0.0774	37.562572479248
0.0004	0.0
0.0	1.70468044281006
0.0125	64.9472427368164
0.0294	80.1571578979492
0.0022	11.1842336654663
0.0742	12.938796043396
0.0022	0.0
0.0004	3.92340111732483
0.122	96.0031356811523
0.0114	54.9896621704102
0.0131	67.2631454467773
0.0187	2.98023223876953e-08
0.0066	21.5055408477783
0.0106	66.2288513183594
0.0224	4.51037216186523
0.004	5.84053230285645
0.0283	14.9413270950317
0.0123	0.0
0.0073	21.1902618408203
0.0016	6.51570844650269
0.0836	85.8407592773438
0.0039	0.185218811035156
0.0464	53.7802505493164
0.0563	58.7356491088867
0.0026	12.397931098938
0.0637	38.8464813232422
0.1444	27.282205581665
0.0478	0.0
0.0856	3.12702441215515
0.0237	80.6800079345703
0.0569	62.4407615661621
0.0086	0.0
0.0403	0.0
0.0833	0.0
0.09	0.269569396972656
0.05	45.3935127258301
0.2686	74.8500137329102
0.001	11.6204843521118
0.0089	0.0
0.0037	48.9259262084961
0.0181	96.8117904663086
0.0096	7.87650442123413
0.0048	5.33254289627075
0.0021	9.88804912567139
0.2041	63.385684967041
0.0098	21.936580657959
0.2954	88.395133972168
0.0587	67.9908065795898
0.0185	0.0
0.1273	57.6429061889648
0.0273	26.8446655273438
0.0082	89.8846893310547
0.0134	10.6217527389526
0.0003	6.90212535858154
0.0193	87.7193450927734
0.0	0.172992825508118
0.0046	2.1950740814209
0.057	0.0
0.0701	37.10888671875
0.0012	11.8807029724121
0.0499	0.0
0.2199	85.9926300048828
0.0758	26.0465717315674
0.0194	9.34537696838379
0.0441	0.0
0.0	0.143525764346123
0.0182	64.4562454223633
0.0889	81.8684692382813
0.0015	0.0
0.0463	4.81631469726563
0.1396	0.0
0.039	20.8156394958496
0.0855	50.6724052429199
0.2179	93.6564025878906
0.0013	18.9473133087158
0.094	94.3463439941406
0.06	3.52688789367676
0.117	7.5010929107666
0.0797	6.27739667892456
0.0641	73.0163726806641
0.1068	81.9175720214844
0.0299	33.3064117431641
0.0132	7.60997438430786
0.0424	84.243782043457
0.0362	65.1688919067383
0.0581	43.1882400512695
0.0097	41.7039756774902
0.0644	18.8586082458496
0.0067	0.0
0.0554	48.151741027832
0.03	21.5188255310059
0.0359	61.7536697387695
0.11	86.2008361816406
0.0334	0.90211808681488
0.0223	0.0
0.0109	21.6907215118408
0.0342	4.79078340530396
0.0597	0.0
0.0128	96.5635528564453
0.0067	12.9184913635254
0.0896	0.0
0.0005	12.0195293426514
0.0026	3.22507786750793
0.0046	13.8902187347412
0.0347	0.0
0.009	0.0
0.0004	11.9494113922119
0.2306	71.1795272827148
0.9682	0.0
0.0034	42.017822265625
0.1693	1.37253189086914
0.1453	93.5788879394531
0.0609	0.0
0.0428	0.809390246868134
0.0718	81.0843048095703
0.0854	42.4592933654785
0.0287	29.5862560272217
0.0366	0.0
0.0733	0.0
0.0042	12.203218460083
0.028	4.68015146255493
0.0913	95.1432342529297
0.0018	0.701171278953552
0.0523	81.9127655029297
0.0345	0.0
0.0005	0.107644326984882
0.0466	87.3001251220703
0.0071	22.9034519195557
0.0054	10.6396560668945
0.0267	9.78698921203613
0.048	0.0
0.0001	0.821585178375244
0.0285	12.5570192337036
0.0022	11.6704292297363
0.1483	0.0
0.0005	9.3750114440918
0.0006	5.39079666137695
0.0782	80.6645660400391
0.0095	38.5745964050293
0.0176	0.0
0.0005	0.0
0.0002	7.03831720352173
0.0782	85.7256317138672
0.0	0.0
0.0398	8.80679321289063
0.0563	37.5986137390137
0.0047	2.90747404098511
0.0071	1.8626451492309603e-09
0.0006	0.0
0.1447	8.49838638305664
0.153	81.7179946899414
0.0323	77.8009643554688
0.0555	44.6434516906738
0.0271	0.0
0.2185	7.95102977752686
0.0138	10.8997116088867
0.0274	6.00873517990112
0.006	70.636116027832
0.0046	1.33216238021851
0.0253	5.10478782653809
0.0114	0.121661894023418
0.0041	73.2238082885742
0.0648	47.6109848022461
0.001	0.0
0.1342	84.4186248779297
0.1844	0.0670166015625
0.0131	18.1122055053711
0.2986	4.06286430358887
0.0829	19.1116180419922
0.0093	91.6347198486328
0.1681	79.8637237548828
0.0912	90.638786315918
0.0037	12.1805629730225
0.0243	96.5406494140625
0.0502	30.2670421600342
0.0421	0.0
0.0898	45.8361701965332
0.0264	52.1896438598633
0.0348	12.1694221496582
0.0653	0.0
0.0891	86.8402709960938
0.0204	3.77271914482117
0.0384	93.6181640625
0.0623	0.0
0.0258	1.95276808738708
0.0409	28.8702526092529
0.0621	67.2532730102539
0.0071	0.0
0.2377	53.8361473083496
0.1492	96.0284957885742
0.0432	2.23519659042358
0.0869	0.0
0.0554	0.791297256946564
0.0009	20.7483081817627
0.0172	61.9638404846191
0.004	0.0
0.0472	0.780577659606934
0.0125	92.9160690307617
0.025	12.2174644470215
0.0371	0.0
0.0174	59.4056549072266
0.1987	54.4001235961914
0.0432	76.8932037353516
0.0246	78.2340316772461
0.079	37.6423835754395
0.2378	64.1562423706055
0.0151	59.1435508728027
0.1193	0.0
0.0005	2.31108379364014
0.0155	0.0
0.0711	0.0
0.0529	25.4346942901611
0.0124	7.73456954956055
0.0008	0.0
0.0245	0.0
0.0016	0.0
0.0304	49.7849159240723
0.0052	6.4534330368042
0.0676	0.0
0.0027	41.9892921447754
0.0229	8.96513080596924
0.0097	61.7832260131836
0.0005	5.35718965530396
0.0505	60.4756660461426
0.0207	6.9472508430481
0.0541	41.8590660095215
0.0131	9.76698112487793
0.1014	40.2041854858398
0.001	2.53203368186951
0.0109	6.24188947677612
0.2322	82.7360153198242
0.1784	96.6974029541016
0.0314	0.0
0.0495	12.603720664978
0.1135	31.578010559082
0.0004	10.8467292785645
0.0049	0.0
0.012	12.9274921417236
0.1191	95.851432800293
0.0025	61.1787338256836
0.113	39.1629867553711
0.0986	96.4083557128906
0.023	7.10111379623413
0.061	7.450580596923831e-09
0.0971	95.0974273681641
0.0078	47.4757118225098
0.0096	51.3439178466797
0.0055	0.0
0.1101	0.0
0.0905	94.9182662963867
0.0533	30.0185546875
0.181	0.0
0.0023	10.8962755203247
0.0294	32.8641204833984
0.0976	48.3646278381348
0.0323	0.0
0.0274	14.0274152755737
0.1075	0.0619909763336182
0.0124	29.4564895629883
0.1304	80.6020660400391
0.0245	88.1873626708984
0.0565	15.0686264038086
0.304	47.4689712524414
0.0344	0.0
0.1184	95.1730651855469
0.0008	5.08759784698486
0.0003	5.10642147064209
0.0027	3.7252902984619103e-09
0.0171	2.06762862205505
0.0025	0.0
0.0551	88.4339218139648
0.239	19.6034202575684
0.0054	40.0176544189453
0.0118	87.3910903930664
0.2716	54.3523750305176
0.0038	4.93144702911377
0.0024	0.0
0.0125	17.6671714782715
0.02	23.9279441833496
0.0877	84.0186233520508
0.085	69.1240463256836
0.0713	45.9810447692871
0.0063	34.8332633972168
0.0344	69.9227828979492
0.0035	0.0
0.042	0.0
0.1869	73.9255065917969
0.0578	47.8965873718262
0.0035	0.0
0.0004	0.947071552276611
0.0192	75.6455001831055
0.0136	9.31322574615479e-10
0.0481	81.3016510009766
0.0079	76.5639419555664
0.0074	0.0
0.0252	13.0333213806152
0.1762	16.1391849517822
0.0089	6.77506637573242
0.0	0.0
0.0204	72.6203079223633
0.0106	20.3277797698975
0.0378	27.8087940216064
0.0206	63.0187835693359
0.0915	26.4047012329102
0.307	94.3970642089844
0.0081	22.9249324798584
0.0754	80.7164459228516
0.1166	51.3247261047363
0.016	9.31322574615479e-10
0.2051	43.7315673828125
0.06	0.0
0.0739	71.344970703125
0.0001	0.0
0.0519	0.573497295379639
0.0083	69.5918655395508
0.003	0.0
0.0054	4.69524383544922
0.0066	7.77385187149048
0.0342	22.9423561096191
0.2165	81.6268081665039
0.0075	12.0591449737549
0.0122	46.5041465759277
0.0342	71.2684326171875
0.0847	73.5671768188477
0.1749	94.7162628173828
0.0039	33.6965179443359
0.3493	47.7649955749512
0.0842	92.8248901367188
0.0043	75.5608825683594
0.0788	41.1243858337402
0.3295	67.5186920166016
0.093	4.21667194366455
0.0056	7.450580596923831e-09
0.1587	83.5571975708008
0.2474	70.7834548950195
0.0052	12.9319887161255
0.0324	77.8686065673828
0.068	75.6980743408203
0.0789	0.880577266216278
0.013	0.237888962030411
0.0865	43.8299026489258
0.0235	0.0
0.0007	2.98023223876953e-08
0.0903	53.917106628418
0.036	0.0
0.0666	52.1540718078613
0.0313	39.8262825012207
0.0098	0.0
0.0459	68.4229278564453
0.0272	0.0
0.1099	0.0
0.0013	20.0242881774902
0.0014	4.65661287307739e-10
0.0484	0.0
0.0002	0.0
0.0239	3.16243958473206
0.0057	2.98023223876953e-08
0.0504	48.4019012451172
0.005	58.8282279968262
0.0172	66.551025390625
0.0426	9.31322574615479e-10
0.1491	2.55664873123169
0.0081	1.65931677818298
0.1456	31.8245811462402
0.0424	0.0
0.1854	91.6565704345703
0.0178	85.7481155395508
0.0401	22.0063819885254
0.0201	25.3109321594238
0.0002	0.717470169067383
0.078	71.3049850463867
0.0268	74.8069458007813
0.0449	0.0
0.0045	0.0
0.0042	0.0
0.0728	71.2436218261719
0.04	50.3039703369141
0.1604	89.9820709228516
0.0098	1.19209289550781e-07
0.18	91.4831466674805
0.0186	26.0947303771973
0.0102	2.98023223876953e-08
0.0281	41.353343963623
0.0498	5.63885021209717
0.057	2.27767491340637
0.0657	10.6766176223755
0.026	7.450580596923831e-09
0.0213	0.0
0.0125	40.9137306213379
0.0477	19.7078704833984
0.0786	18.9739475250244
0.0505	26.2582168579102
0.004	5.7052640914917
0.0333	57.2677536010742
0.0014	0.726778268814087
0.0076	6.58623266220093
0.0695	69.6274948120117
0.0537	85.1205520629883
0.021	22.9268341064453
0.0228	76.7315368652344
0.012	15.8618631362915
0.0699	83.1597366333008
0.0661	30.2886867523193
0.0331	16.6880130767822
0.0998	76.6469192504883
0.0191	15.0727109909058
0.0918	11.3637828826904
0.016	11.4547863006592
0.0039	0.0
0.0422	81.2263336181641
0.2822	45.5072822570801
0.098	0.0
0.0495	17.3309688568115
0.0849	45.5041770935059
0.0004	2.3283064365387004e-10
0.0008	0.300388336181641
0.0	0.0
0.0099	35.1271018981934
0.0009	1.46115469932556
0.0619	16.6488056182861
0.0069	35.9025726318359
0.0413	16.7866477966309
0.0032	21.1291542053223
0.0791	86.0570068359375
0.0611	4.20945930480957
0.0163	50.2543106079102
0.0085	9.02088832855225
0.2576	90.3218154907227
0.0081	91.0025253295898
0.0253	0.0
0.0175	4.65661287307739e-10
0.002	59.6885261535645
0.033	22.3982791900635
0.0058	0.0
0.0507	0.0
0.0044	17.9492416381836
0.059	0.0
0.0013	12.1186389923096
0.0001	0.0
0.0134	96.0750045776367
0.0558	29.4303512573242
0.0013	0.0
0.0588	74.0032196044922
0.0641	19.3297290802002
0.028	10.9595756530762
0.0623	48.390251159668
0.0618	95.8824615478516
0.0314	11.1735010147095
0.0348	0.0
0.0001	0.0
0.2226	26.1184844970703
0.0049	8.78797340393066
0.057	25.9639930725098
0.0002	11.5308504104614
0.037	9.31725597381592
0.123	25.4019432067871
0.077	63.7512397766113
0.0936	0.0
0.001	12.1125812530518
0.0576	81.7294540405273
0.0636	81.262580871582
0.0449	39.1086158752441
0.0317	29.7282867431641
0.035	25.2969284057617
0.0	0.0
0.0153	20.9134712219238
0.176	67.7612457275391
0.0358	20.0736865997314
0.0027	0.0
0.0056	0.0
0.0574	32.0403442382813
0.0446	50.9516792297363
0.0984	0.0
0.0118	0.0
0.1142	29.0963859558105
0.0173	0.0
0.01	89.7607650756836
0.0945	52.4125480651855
0.1746	0.0
0.053	0.0
0.0018	4.4781608581543
0.0151	0.0
0.0956	0.0
0.0107	84.3633041381836
0.0067	1.91375863552094
0.3002	71.8148345947266
0.1991	80.2052536010742
0.0189	36.8895149230957
0.0431	0.0
0.015	0.0
0.231	54.1197814941406
0.0839	1.22278022766113
0.0081	0.619837284088135
0.013	24.6626663208008
0.0463	48.5222778320313
0.1415	73.7068481445313
0.011	1.49011611938477e-08
0.0199	64.290657043457
0.0096	60.4406318664551
0.004	2.98023223876953e-08
0.0291	43.3544807434082
0.0911	2.05473041534424
0.0023	5.77395439147949
0.0005	0.0
0.0302	11.3684282302856
0.0	0.0
0.025	19.0786781311035
0.0093	54.0947761535645
0.158	27.1346168518066
0.0012	0.0
0.0368	50.8190307617188
0.0024	67.7252349853516
0.0204	10.4586753845215
0.0238	0.0
0.0178	0.241334050893784
0.0023	52.0460433959961
0.0248	78.7749862670898
0.248	3.07676696777344
0.0072	0.0
0.0956	86.0099792480469
0.0773	89.0800628662109
0.0325	0.0
0.0694	19.596622467041
0.0009	0.0
0.2233	43.6574401855469
0.023	26.1042003631592
0.1847	0.302642822265625
0.0166	96.746955871582
0.0063	17.8365516662598
0.1389	90.5793762207031
0.0037	0.0
0.0597	9.40200710296631
0.0111	24.603084564209
0.0386	81.3326721191406
0.001	0.0
0.001	16.5729904174805
0.135	96.6968231201172
0.0015	0.0
0.022	7.450580596923831e-09
0.949	87.9258728027344
0.0372	24.0048236846924
0.0492	59.7434921264648
0.0646	73.3190460205078
0.0061	36.6721878051758
0.0216	78.8643188476563
0.0135	34.1398696899414
0.0252	54.3549156188965
0.0204	77.6384582519531
0.9001	9.17871475219727
0.0094	0.0
0.0123	39.5165176391602
0.0306	0.0
0.047	3.00676798820496
0.0928	8.97301864624023
0.0353	26.7732028961182
0.0139	1.14289474487305
0.1323	83.4447174072266
0.0013	12.6837511062622
0.0001	1.82584667205811
0.0127	12.0558214187622
0.0202	28.7556953430176
0.0752	4.22416353225708
0.0925	0.0
0.0049	7.450580596923831e-09
0.012	0.0
0.0089	0.0
0.0009	0.0
0.0078	27.4283466339111
0.0997	40.3422050476074
0.0001	0.742867946624756
0.0331	10.2367877960205
0.0172	32.341739654541
0.0124	1.65539491176605
0.1873	73.4587478637695
0.2252	0.0
0.0485	0.0
0.1412	0.0
0.0801	60.1140899658203
0.0103	96.6232070922852
0.0447	0.0
0.0384	0.0
0.8753	2.49045896530151
0.0816	82.8142471313477
0.0115	38.054874420166
0.0649	47.1348152160645
0.0543	0.220764607191086
0.0587	20.5139579772949
0.0106	8.63942050933838
0.1135	91.8542404174805
0.0338	3.36182355880737
0.0715	50.7076797485352
0.0874	55.2153472900391
0.0319	12.8255481719971
0.1599	31.7585391998291
0.0328	10.5405464172363
0.0316	8.06047439575195
0.0003	2.44072031974792
0.0107	21.4783611297607
0.0119	2.64173173904419
0.2561	59.0378112792969
0.0288	0.0
0.0063	16.7558670043945
0.04	29.6451759338379
0.005	1.01370239257813
0.0009	0.0
0.0194	23.1738758087158
0.0957	96.6652679443359
0.0553	64.10205078125
0.2812	84.2614059448242
0.0882	0.0
0.0048	0.0
0.0207	22.4930229187012
0.0315	66.7233123779297
0.0043	20.0248241424561
0.0459	0.485882639884949
0.0646	80.2615127563477
0.0003	0.0
0.016	84.9264068603516
0.0	12.1247291564941
0.0735	94.5790100097656
0.0031	19.4235210418701
0.0099	3.33314609527588
0.064	30.9843273162842
0.0036	1.24501347541809
0.036	11.0919628143311
0.0096	0.0
0.0628	31.849781036377
0.028	68.4875717163086
0.051	30.1632843017578
0.1573	81.3714294433594
0.0644	9.85826587677002
0.0	4.25832843780518
0.0458	31.1444282531738
0.0837	0.0
0.0568	30.7515659332275
0.0238	28.9649085998535
0.0137	33.3244667053223
0.0742	0.0
0.0326	20.6249256134033
0.016	0.527586340904236
0.0034	0.0
0.0014	9.18790817260742
0.0017	0.857430338859558
0.0109	66.5374298095703
0.061	8.83369445800781
0.0123	1.77005887031555
0.0564	30.7894878387451
0.0376	0.0
0.0487	0.0
0.0408	70.903076171875
0.0091	0.121762931346893
0.0	0.0
0.1555	0.0
0.1521	78.3050155639648
0.0521	71.9298553466797
0.0046	2.58279657363892
0.0102	9.67465972900391
0.0974	9.5367431640625e-07
0.139	76.0300064086914
0.0074	81.9862518310547
0.0435	14.2539834976196
0.0758	0.0
0.0177	26.5707569122314
0.0219	80.6527252197266
0.1663	81.8345260620117
0.0016	3.7252902984619103e-09
0.0265	74.5320205688477
0.0174	15.8934307098389
0.1086	16.3514671325684
0.0342	6.98856163024902
0.0397	6.72741985321045
0.0672	61.9827499389648
0.0031	4.47392845153809
0.0401	12.7877130508423
0.0234	0.0
0.0031	0.0
0.0	0.0
0.9187	0.0
0.0592	79.603759765625
0.0762	19.3652629852295
0.0109	0.697367668151855
0.0783	82.7750091552734
0.0017	13.3098669052124
0.1181	41.8603630065918
0.0239	15.5196952819824
0.0249	7.87656259536743
0.0083	2.98023223876953e-08
0.0004	1.21762883663177
0.0039	14.8485107421875
0.0269	17.0527801513672
0.0843	10.3915643692017
0.2244	94.8779525756836
0.0008	0.0
0.0267	56.2125282287598
0.0069	0.0
0.0094	0.0
0.0106	1.42972707748413
0.0766	60.6154594421387
0.0099	88.9523010253906
0.0619	46.6663970947266
0.0	3.04336595535278
0.079	33.8931007385254
0.0005	4.20405673980713
0.068	18.2497005462646
0.2314	95.0151062011719
0.07	6.33332920074463
0.0196	5.72978830337524
0.3	1.10160970687866
0.0707	3.814697265625e-06
0.0144	11.4946355819702
0.0289	6.00936079025269
0.1288	55.0412254333496
0.0346	8.92779350280762
0.1186	0.0
0.0894	0.0
0.0206	0.744695782661438
0.2079	95.7663879394531
0.1666	0.0
0.1315	14.5178985595703
0.0329	45.8435707092285
0.017	3.02961730957031
0.0099	26.9984035491943
0.0067	0.0
0.0315	0.602355122566223
0.0054	74.9957504272461
0.0055	19.7180767059326
0.0471	0.443525314331055
0.0218	2.06115341186523
0.2797	81.1451873779297
0.0919	3.814697265625e-06
0.0439	16.0057697296143
0.0934	0.0
0.0	0.0
0.0843	81.263313293457
0.1083	95.8249816894531
0.0111	4.39186143875122
0.021	11.2775478363037
0.0119	40.363151550293
0.0046	34.2730827331543
0.0007	12.033634185791
0.0011	4.60725355148315
0.05	10.0059080123901
0.1157	56.0356674194336
0.0004	0.0
0.042	13.1166286468506
0.048	79.76416015625
0.0486	27.5495567321777
0.2073	0.0
0.2016	93.2990646362305
0.1112	7.76156520843506
0.0061	43.581844329834
0.0007	13.2046804428101
0.005	16.6571063995361
0.0181	68.4152984619141
0.2857	96.7876358032227
0.0	0.358814418315887
0.1437	93.5436172485352
0.0466	0.0
0.1656	31.1979789733887
0.1368	92.629264831543
0.1282	0.0
0.0019	0.0
0.1022	0.0
0.0205	74.1419830322266
0.0476	89.1897811889648
0.0003	3.64150166511536
0.0274	25.8715667724609
0.043	0.0
0.0097	24.8837089538574
0.0073	3.7252902984619103e-09
0.016	96.328727722168
0.0202	61.3580131530762
0.0008	1.27002060413361
0.0973	2.63035821914673
0.0139	9.30163860321045
0.0075	16.3508930206299
0.0279	7.450580596923831e-09
0.013	25.2507171630859
0.0989	59.5111618041992
0.0734	0.473830014467239
0.0074	68.1995315551758
0.0127	3.7252902984619103e-09
0.0066	23.5197887420654
0.0009	8.57214546203613
0.0891	0.0
0.2679	96.5368041992188
0.1398	91.8974990844727
0.0419	0.0
0.0386	57.0932464599609
0.2506	3.814697265625e-06
0.0034	0.0
0.0568	33.6677627563477
0.0837	16.6514930725098
0.0356	68.9494323730469
0.0	0.0
0.0	0.0
0.0183	52.7016983032227
0.0348	21.9286556243896
0.0995	26.3672389984131
0.2838	4.98115062713623
0.0931	96.0912857055664
0.056	55.5305366516113
0.0702	53.6245574951172
0.001	0.0
0.0154	0.0
0.029	0.0
0.023	27.5363883972168
0.0801	82.6507568359375
0.0011	12.292010307312
0.0038	0.0
0.0004	0.0
0.071	0.0
0.2131	95.5692138671875
0.0035	6.08776044845581
0.0056	0.0
0.0031	12.3191890716553
0.1072	26.34228515625
0.0064	81.2864608764648
0.0017	0.0
0.0108	0.0
0.005	16.5430908203125
0.1675	67.0435485839844
0.1151	30.6606750488281
0.0649	53.8650665283203
0.0067	4.38565969467163
0.8189	7.39473533630371
0.0175	0.0
0.974	0.0
0.0006	4.62698984146118
0.0171	41.6890029907227
0.1155	78.3820114135742
0.0746	59.8436393737793
0.0536	0.0
0.0599	51.1235046386719
0.1754	10.865213394165
0.0789	0.0
0.0024	0.12176288664341
0.0412	22.7501239776611
0.0169	0.0
0.0691	68.5791931152344
0.0278	67.4031448364258
0.0068	0.0
0.0001	0.0
0.1918	94.3687057495117
0.0277	80.3569030761719
0.0734	1.42644309997559
0.0558	0.0
0.0004	1.14036512374878
0.0	14.8282146453857
0.0009	12.0303516387939
0.112	0.0
0.0115	1.27557837963104
0.0757	29.3348236083984
0.0626	28.25901222229
0.0	0.0
0.0046	28.1913909912109
0.0427	42.130485534668
0.0	4.37798452377319
0.0154	12.3093719482422
0.0022	27.6876068115234
0.0253	2.40462064743042
0.0485	77.336296081543
0.966	26.3822250366211
0.0059	3.06347322463989
0.1899	18.351203918457
0.0661	0.0
0.0509	87.3612823486328
0.0013	0.0
0.0163	57.320198059082
0.3228	96.021484375
0.0042	0.0
0.0444	66.8553085327148
0.0011	0.0
0.0299	82.8831939697266
0.0654	41.4994926452637
0.0345	43.8606224060059
0.0463	0.0
0.0381	73.8086929321289
0.0589	40.7793426513672
0.0065	7.35772514343262
0.0003	0.0
0.0036	0.121762990951538
0.0016	4.65661287307739e-10
0.0644	6.1839747428894
0.0143	0.0
0.0013	10.8290824890137
0.0037	1.2086364030838
0.0318	0.0
0.0003	1.45940136909485
0.1279	70.6220092773438
0.0693	2.01040458679199
0.1077	8.86338424682617
0.0222	0.68705153465271
0.0003	0.0
0.0701	13.4521751403809
0.1316	93.8062210083008
0.0039	13.2831001281738
0.0046	0.0
0.0101	41.413013458252
0.0005	0.0
0.1334	65.8726196289063
0.0324	0.0
0.033	40.2581253051758
0.0177	10.3604831695557
0.1057	89.0499038696289
0.9143	23.9755325317383
0.0568	79.2882385253906
0.0089	96.6555099487305
0.0099	7.96652555465698
0.0959	76.4382095336914
0.8987	82.7836685180664
0.0103	0.0
0.2066	0.0
0.0967	83.0381469726563
0.1876	9.4010648727417
0.0081	29.9854850769043
0.0292	8.06312656402588
0.0229	2.42789363861084
0.044	0.0
0.0164	11.7095508575439
0.1405	84.4540023803711
0.0198	80.8014678955078
0.0964	93.5250396728516
0.0349	47.1441268920898
0.006	7.38806247711182
0.0149	78.6307983398438
0.0112	9.71663093566895
0.0002	0.0
0.0	0.0
0.1846	31.2987403869629
0.1984	56.5788269042969
0.0145	0.58488392829895
0.0047	0.0
0.0235	6.43525791168213
0.202	91.7804260253906
0.0467	37.7052764892578
0.0713	36.2086524963379
0.0046	17.761754989624
0.0032	11.9767189025879
0.0812	0.0
0.0416	56.3178215026855
0.0603	37.1214561462402
0.053	2.21762847900391
0.0015	0.0
0.0523	31.6189041137695
0.2244	13.7032976150513
0.0002	9.05641746520996
0.0015	0.845865964889526
0.0743	13.3034534454346
0.0713	41.9792289733887
0.1396	0.0
0.0187	96.5979614257813
0.0087	40.0393218994141
0.1013	45.5845832824707
0.1756	15.3734016418457
0.0193	56.1754417419434
0.1498	24.0353298187256
0.0283	0.0
0.0411	76.0724258422852
0.0261	34.1787033081055
0.0041	5.33265161514282
0.0063	7.12959384918213
0.0999	93.2583999633789
0.0372	55.786922454834
0.0419	0.0
0.0173	22.8321971893311
0.022	4.76837158203125e-07
0.0158	44.9260940551758
0.0101	8.79616928100586
0.0062	11.933217048645
0.0491	1.10234069824219
0.0059	10.925910949707
0.0279	16.5505847930908
0.1005	30.0420169830322
0.0803	0.0
0.1186	75.4967956542969
0.0002	0.0
0.0056	19.3765144348145
0.1458	76.5871429443359
0.057	0.0
0.001	0.0
0.0312	61.112232208252
0.0178	27.2826251983643
0.0217	84.2061309814453
0.1026	0.0
0.216	27.8687705993652
0.0	0.0
0.0586	0.0
0.0391	56.2820014953613
0.0125	22.3531875610352
0.1472	0.0
0.0603	47.5345115661621
0.0281	0.0
0.0069	24.310131072998
0.0439	1.86739301681519
0.0704	6.86351776123047
0.0072	0.844653129577637
0.008	82.1738586425781
0.1175	94.4071731567383
0.0062	32.4031181335449
0.0034	0.0
0.1817	0.0
0.091	96.5888214111328
0.0035	22.8428764343262
0.178	89.1080703735352
0.0387	96.6334075927734
0.0144	12.1371746063232
0.0066	23.8129234313965
0.14	0.0
0.0592	39.7690620422363
0.019	29.9313850402832
0.0095	0.0
0.0384	30.4304275512695
0.044	3.12324690818787
0.019	56.6348838806152
0.1038	22.3903179168701
0.0004	0.0
0.1439	2.80037331581116
0.196	92.3354110717773
0.1005	96.1834716796875
0.0495	0.242429971694946
0.0528	2.30948352813721
0.002	28.152400970459
0.1649	0.0
0.0103	0.0
0.0105	19.2417488098145
0.0218	55.7169609069824
0.1202	9.5367431640625e-07
0.0146	12.6344795227051
0.175	63.9721755981445
0.0207	0.0
0.0883	33.2136306762695
0.0151	3.07194113731384
0.0141	85.4593887329102
0.063	23.5544319152832
0.0138	6.57062721252441
0.0071	39.5121994018555
0.0002	0.12176288664341
0.0016	0.0
0.0002	11.3850011825562
0.0105	8.31678295135498
0.1507	93.3834686279297
0.0028	3.71975755691528
0.0208	0.0
0.0073	2.94173145294189
0.0326	47.4732208251953
0.0046	0.0
0.0274	26.864803314209
0.0222	0.221762895584106
0.1762	96.6252899169922
0.013	0.0
0.0103	16.3776302337646
0.0337	1.64906942844391
0.0167	0.0
0.0077	78.7765884399414
0.0203	43.9369468688965
0.0072	69.0952072143555
0.082	41.2102394104004
0.0471	33.8193283081055
0.0376	79.2064819335938
0.0873	27.0212459564209
0.0807	0.0
0.0031	0.0
0.0139	38.9657096862793
0.0038	0.0
0.038	17.7177352905273
0.0064	54.0366172790527
0.0	0.0
0.2068	22.4865226745605
0.0047	9.74349308013916
0.0097	6.57548522949219
0.0752	79.937614440918
0.0034	0.0
0.0216	0.0
0.0553	0.0
0.0961	95.1425476074219
0.018	20.1853199005127
0.027	20.0907783508301
0.029	0.0
0.0182	84.4783325195313
0.0365	3.7252902984619103e-09
0.0011	7.14378547668457
0.2572	0.0358814410865307
0.0023	0.0
0.0752	78.8457870483398
0.0249	7.56224966049194
0.0004	7.31337213516235
0.0233	6.17149114608765
0.2386	91.4552536010742
0.0269	0.0
0.0525	40.9343032836914
0.0095	4.29824781417847
0.0195	84.905158996582
0.0573	0.0
0.0713	24.2807769775391
0.2132	96.767692565918
0.0662	95.7378921508789
0.0241	0.0
0.0915	0.0
0.129	0.0
0.1274	78.4751358032227
0.012	0.0
0.1392	50.4001770019531
0.0797	20.4667663574219
0.0	0.0
0.1643	27.7124118804932
0.0479	21.6637020111084
0.0372	0.0
0.0469	39.3146705627441
0.0004	0.0
0.0163	0.0
0.0062	0.59424614906311
0.0812	33.1685905456543
0.0326	0.0
0.0608	58.9179382324219
0.057	59.5745849609375
0.0546	0.0
0.0175	62.5591735839844
0.1095	81.5615158081055
0.0144	70.9945755004883
0.0142	2.85465049743652
0.0451	5.77646207809448
0.0537	12.3280811309814
0.1414	95.8428115844727
0.031	34.0078620910645
0.1018	0.0
0.0558	0.0
0.0211	13.5385093688965
0.0818	36.9176712036133
0.0162	81.3495712280273
0.0145	0.0
0.0125	16.0758934020996
0.0017	13.5156755447388
0.0201	13.1493072509766
0.0043	6.83645391464233
0.0643	25.1425819396973
0.0083	96.7401351928711
0.0594	0.0
0.0299	5.37155103683472
0.0347	29.0964317321777
0.0754	96.4851379394531
0.0233	18.318675994873
0.1027	5.2314920425415
0.0649	44.7863731384277
0.0445	0.157463073730469
0.0	0.0
0.0207	96.8595352172852
0.0179	50.8393363952637
0.0254	10.6310625076294
0.0245	17.5393409729004
0.0627	86.0889053344727
0.0284	1.75242304801941
0.0972	77.1489410400391
0.0967	13.5279140472412
0.2322	21.6842308044434
0.0	5.64258480072021
0.0114	19.048246383667
0.0132	8.40675163269043
0.0025	1.91837501525879
0.0004	35.6325607299805
0.0413	19.8059616088867
0.012	95.7569885253906
0.0053	0.0
0.053	70.3489456176758
0.0042	9.31322574615479e-10
0.0291	12.6228609085083
0.1303	62.089038848877
0.0433	51.4815216064453
0.8178	0.0
0.0161	0.0
0.0171	1.50431168079376
0.0149	0.0
0.1544	88.8361206054688
0.001	12.0963191986084
0.0512	39.1875343322754
0.1254	0.0
0.0083	95.8628692626953
0.0074	0.0
0.0005	0.0
0.036	40.4673919677734
0.0085	21.7192687988281
0.0133	42.2954177856445
0.06	68.0442047119141
0.0	0.0
0.0048	77.6606750488281
0.0404	45.5574150085449
0.0298	1.85514414310455
0.0118	19.7211246490479
0.0566	21.5865993499756
0.1626	81.5378265380859
0.0118	0.0
0.0445	74.8838043212891
0.083	92.3151245117188
0.1078	46.5509872436523
0.0223	19.3425636291504
0.0116	78.8239517211914
0.0042	67.5649185180664
0.106	92.7913818359375
0.0	0.0
0.0321	34.6195030212402
0.04	11.08251953125
0.0004	0.0
0.0843	42.5933303833008
0.0446	2.98642182350159
0.0032	0.0
0.006	0.0
0.1492	61.6979064941406
0.0211	96.920280456543
0.0071	2.98023223876953e-08
0.2249	0.0
0.0052	4.58153438568115
0.0178	0.0
0.1288	0.0
0.0004	0.0
0.032	17.4033508300781
0.0218	14.2583065032959
0.0128	8.64710521697998
0.0354	34.0574493408203
0.0	0.0
0.0591	0.0
0.055	64.6753616333008
0.0129	32.9532165527344
0.0057	25.1892738342285
0.1175	0.0
0.0747	96.6575546264648
0.0093	34.3553047180176
0.126	28.7690296173096
0.0392	58.767822265625
0.0088	18.5074062347412
0.0294	6.77088499069214
0.279	36.7316703796387
0.0316	0.0
0.8671	9.0666332244873
0.0174	0.0
0.0158	0.0
0.1254	92.2935333251953
0.0135	0.591746270656586
0.0015	14.077220916748
0.028	49.741138458252
0.0033	3.30134057998657
0.0209	0.0
0.0284	65.6248550415039
0.0012	12.2397518157959
0.0447	39.5927886962891
0.0762	0.0
0.03	0.0
0.0057	0.0
0.0736	0.0
0.1492	0.0
0.0392	0.0
0.067	34.0331192016602
0.0002	0.365081667900085
0.0458	0.0
0.3136	76.7851181030273
0.0106	42.4298133850098
0.0457	41.2219924926758
0.0856	41.5043563842773
0.0	0.0
0.0742	46.7388305664063
0.0035	88.5641403198242
0.032	32.3365669250488
0.0752	0.0
0.0159	11.3671159744263
0.0074	0.0
0.0284	61.3207550048828
0.0147	54.7870864868164
0.0914	70.7516326904297
0.0042	9.76940631866455
0.0231	26.2932090759277
0.2498	77.808723449707
0.0524	0.607741832733154
0.1473	89.5114822387695
0.063	80.9118347167969
0.0098	71.0195159912109
0.0103	23.1473140716553
0.0627	2.08672118186951
0.0057	19.1567916870117
0.0751	12.5012035369873
0.0822	42.9858894348145
0.0402	60.2671127319336
0.013	19.1446628570557
0.1126	0.0
0.0125	51.4250793457031
0.0058	0.0
0.0331	96.5265426635742
0.0011	11.359658241272
0.0288	4.65661287307739e-10
0.1913	45.0409851074219
0.0808	5.64254379272461
0.0006	0.0
0.0069	10.5367298126221
0.0094	2.60625267028809
0.0163	29.2635822296143
0.0088	3.15548372268677
0.0011	12.1050214767456
0.0295	29.1404228210449
0.0112	5.11065435409546
0.0057	47.3929672241211
0.0539	82.0746688842773
0.0358	22.49609375
0.1237	58.1046295166016
0.017	27.1100063323975
0.0123	34.9714851379395
0.0118	9.40346908569336
0.0385	56.0386848449707
0.2501	90.834228515625
0.0688	0.0
0.0149	27.675464630127
0.0428	27.4722423553467
0.0747	68.4685440063477
0.0065	0.0
0.1413	23.804084777832
0.0033	12.3079833984375
0.0374	48.4596290588379
0.0513	20.5722942352295
0.0089	90.3613586425781
0.052	75.7953720092773
0.0038	4.99842691421509
0.014	1.8626451492309603e-09
0.0665	2.49305152893066
0.0652	32.9050064086914
0.0032	0.0
0.0763	64.1244659423828
0.158	84.6352691650391
0.1565	7.77942371368408
0.0001	0.0
0.0348	0.0
0.0368	23.7610836029053
0.0286	0.0
0.0844	24.4323234558105
0.0116	1.8626451492309603e-09
0.0328	0.0
0.0048	0.773556590080261
0.002	0.0
0.2374	78.7416839599609
0.0017	1.49011611938477e-08
0.1376	81.4698333740234
0.1162	19.1006813049316
0.228	30.0264167785645
0.0172	38.4268493652344
0.0802	47.76416015625
0.0024	0.238628134131432
0.0082	3.7252902984619103e-09
0.0094	0.0
0.0228	62.0063896179199
0.2398	24.936840057373
0.0753	52.3454360961914
0.0485	9.31322574615479e-10
0.0231	11.1539783477783
0.0802	20.0025291442871
0.0047	2.23291730880737
0.0044	11.37877368927
0.1558	43.1856498718262
0.0691	9.39520740509033
0.3075	69.8637084960938
0.1245	18.3581848144531
0.0044	0.0
0.0248	0.0
0.0079	16.0697250366211
0.0059	37.2412796020508
0.0	6.99020051956177
0.0895	9.31322574615479e-10
0.2737	83.330696105957
0.0162	42.3192939758301
0.1483	95.4327011108398
0.0465	36.4347038269043
0.154	85.208122253418
0.0007	0.0
0.0047	4.59151077270508
0.0242	17.3021812438965
0.0118	5.96046447753906e-08
0.0612	0.0
0.0856	61.3567504882813
0.0284	51.5162162780762
0.0466	76.1572189331055
0.0695	0.608814239501953
0.0009	1.09581017494202
0.0139	15.2534589767456
0.018	2.88227462768555
0.0474	0.0
0.062	22.1987648010254
0.1751	0.0
0.0378	0.0
0.1551	20.9235191345215
0.0656	76.7163772583008
0.0015	19.388463973999
0.0101	54.8811454772949
0.0058	24.3265533447266
0.0656	96.8055801391602
0.0004	2.54417490959167
0.0061	73.0432052612305
0.2351	0.0
0.1332	91.9469146728516
0.0756	6.1005973815918
0.0047	29.8639602661133
0.1081	73.3434829711914
0.0837	0.0
0.0144	1.91659343242645
0.0992	0.0
0.0446	0.0
0.0088	0.0338649749755859
0.0215	0.610365331172943
0.1257	1.9848747253418
0.0081	54.239143371582
0.0801	0.0
0.0144	75.9284439086914
0.0001	0.0
0.0005	4.13815975189209
0.0259	2.5276734828949
0.0222	30.0012550354004
0.1888	54.9530029296875
0.0	5.11366367340088
0.0451	18.3439483642578
0.0258	79.4569549560547
0.1086	0.0
0.3235	80.6528701782227
0.0084	13.9924268722534
0.1544	86.0373992919922
0.0532	0.0
0.1289	56.0334167480469
0.0167	13.7603578567505
0.1023	96.0971221923828
0.0025	15.2912349700928
0.0166	69.8069152832031
0.0488	31.3225727081299
0.0093	2.13939189910889
0.0007	5.74543619155884
0.0115	0.0
0.0014	0.287001937627792
0.0032	0.620470583438873
0.0032	16.900842666626
0.1696	94.4210052490234
0.0068	0.243525862693787
0.0007	0.730577290058136
0.0036	7.450580596923831e-09
0.0964	37.3559303283691
0.1866	39.4601936340332
0.0731	0.0
0.0579	49.138069152832
0.1254	3.23525762557983
0.0084	2.53015351295471
0.112	85.2906875610352
0.0037	1.63437569141388
0.0175	8.28766632080078
0.0174	1.49011611938477e-08
0.0815	0.0
0.0194	1.09207606315613
0.0076	0.0
0.0543	0.0
0.0738	29.8278713226318
0.0023	0.0
0.0367	81.1674194335938
0.1033	23.3917961120605
0.0993	19.9724445343018
0.0007	0.408254623413086
0.0109	0.0
0.056	0.0
0.0148	30.7112636566162
0.0534	52.4809494018555
0.0004	0.179407209157944
0.0177	13.8278741836548
0.0054	11.4835176467896
0.0491	85.6836242675781
0.9562	0.0
0.0361	0.0
0.0456	85.5574951171875
0.0029	0.0
0.0236	53.6579055786133
0.0334	33.8877105712891
0.1977	0.0
0.0038	81.3664779663086
0.048	4.32935953140259
0.0177	78.9040145874023
0.0086	15.4318857192993
0.1844	42.8019027709961
0.0573	73.2339096069336
0.0118	0.0
0.0189	6.47051525115967
0.0038	4.20332336425781
0.0406	0.588316202163696
0.0149	0.0
0.0126	9.50010108947754
0.1935	0.0
0.0361	0.0
0.0259	0.0
0.314	1.42096829414368
0.04	4.47160387039185
0.0354	32.6407585144043
0.006	37.5388298034668
0.04	94.0383682250977
0.005	16.8250827789307
0.0057	0.0
0.0367	13.0566825866699
0.1823	88.3486785888672
0.0192	46.7076568603516
0.2299	89.1113052368164
0.0152	20.5908241271973
0.0287	0.0
0.3039	0.0
0.0739	0.0
0.0659	9.5367431640625e-07
0.0136	74.0731887817383
0.3453	85.1174621582031
0.0089	0.0
0.0302	96.3774719238281
0.041	41.7828216552734
0.0551	0.0
0.0395	2.48226428031921
0.0546	37.5972213745117
0.0973	5.46623039245605
0.0249	84.0519180297852
0.0278	29.9527168273926
0.1393	0.0
0.0053	51.1884307861328
0.0208	17.5730400085449
0.0043	9.79768943786621
0.3108	8.10730743408203
0.0463	96.9078674316406
0.0029	0.36528867483139
0.0125	37.3002738952637
0.0235	64.8420028686523
0.0906	8.97581481933594
0.0014	2.23463749885559
0.1238	91.9210357666016
0.0004	0.0
0.0059	0.0
0.193	80.1501770019531
0.071	35.9780616760254
0.043	2.10532546043396
0.0103	87.3500823974609
0.0588	53.1839332580566
0.1055	94.0998687744141
0.0003	2.49482202529907
0.0446	80.5907669067383
0.0289	47.4138107299805
0.0413	54.282470703125
0.1004	70.7382125854492
0.0094	55.847354888916
0.0067	18.9785919189453
0.0047	5.91610860824585
0.712	59.9908027648926
0.0154	36.2886428833008
0.0169	9.91621017456055
0.0785	0.0
0.0264	13.2758760452271
0.0004	0.0
0.0181	77.1339263916016
0.0418	53.6951332092285
0.0844	45.8091659545898
0.0767	27.577112197876
0.0144	0.481566429138184
0.004	0.0
0.0247	29.2959365844727
0.0187	28.5986881256104
0.102	96.3373870849609
0.0299	72.0282821655273
0.0188	0.0
0.0104	12.0589847564697
0.0597	1.8626451492309603e-09
0.0561	56.7936668395996
0.0997	93.7879486083984
0.0027	18.1728248596191
0.0061	0.0
0.0109	20.1220436096191
0.0484	18.0948696136475
0.0247	41.4203033447266
0.2312	0.0
0.1747	4.69641208648682
0.1451	4.06285095214844
0.0014	11.9746074676514
0.0314	80.6869659423828
0.0218	18.4023952484131
0.0136	0.0
0.0828	0.0
0.0314	9.05380249023438
0.0047	7.57627058029175
0.0149	0.0
0.0537	45.5525856018066
0.029	76.3708801269531
0.0005	4.65661287307739e-10
0.109	83.1194839477539
0.0032	0.621762871742249
0.0081	4.99142837524414
0.108	92.7217254638672
0.0107	15.9770660400391
0.001	9.31322574615479e-10
0.0	0.0
0.0002	0.0
0.0004	3.7252902984619103e-09
0.0599	74.3430786132813
0.0	41.8772621154785
0.1387	0.0
0.0021	1.49144101142883
0.0291	0.0
0.0052	3.07926225662231
0.017	50.0900039672852
0.0836	6.43791437149048
0.0124	0.0
0.1092	66.9487762451172
0.0	0.0
0.0325	13.617826461792
0.6155	0.0
0.0181	9.95737648010254
0.0149	32.28271484375
0.0236	6.01719808578491
0.1259	0.0
0.0264	2.98252320289612
0.0229	25.3495941162109
0.0638	84.9412078857422
0.0121	38.5582809448242
0.0238	23.9976615905762
0.0001	0.737051963806152
0.0582	19.7716045379639
0.0084	8.73738956451416
0.0143	1.21307826042175
0.0364	76.7538452148438
0.0426	0.0
0.1224	96.3489685058594
0.0411	13.7586555480957
0.0006	2.0483922958374
0.068	96.2273712158203
0.0012	3.85851645469666
0.0656	17.043664932251
0.1808	3.64895367622375
0.0223	0.0
0.0661	86.6790237426758
0.0204	0.0
0.0286	65.8105621337891
0.0056	19.558723449707
0.0708	0.0
0.0338	46.4079666137695
0.0872	63.7925148010254
0.0603	44.5239868164063
0.0031	19.4235210418701
0.0004	0.0
0.0633	34.3242645263672
0.0366	96.5439987182617
0.0067	0.0
0.0033	28.1287689208984
0.193	46.9684257507324
0.0335	54.412109375
0.0255	0.0
0.1896	44.5766906738281
0.0097	71.845573425293
0.0475	23.6280040740967
0.0109	96.8717193603516
0.0244	72.9165649414063
0.0231	59.365592956543
0.0157	23.8387317657471
0.0479	42.3347702026367
0.0159	21.567554473877
0.1306	79.6640701293945
0.0186	38.3979606628418
0.1325	84.7438125610352
0.029	2.98023223876953e-08
0.1199	48.9421501159668
0.0767	96.2557601928711
0.0361	77.6808471679688
0.0529	95.500846862793
0.1075	2.83917570114136
0.0815	4.76837158203125e-07
0.0607	0.0
0.061	81.5459823608398
0.3431	0.272293090820313
0.0195	40.7846794128418
0.0097	1.20020437240601
0.0084	0.0
0.1395	34.1505317687988
0.0156	71.9191741943359
0.1757	68.3983535766602
0.0009	0.419411897659302
0.0165	36.0057830810547
0.027	13.3234043121338
0.0092	0.730577349662781
0.303	80.6328582763672
0.1289	0.0
0.034	4.61164665222168
0.1982	19.3551177978516
0.0394	72.8544464111328
0.0687	0.822332382202148
0.0155	26.4190731048584
0.0254	20.0491180419922
0.2475	35.2078742980957
0.1323	15.8568658828735
0.0857	7.81321954727173
0.008	5.7334246635437
0.0086	29.7029705047607
0.084	1.00234019756317
0.023	3.18190312385559
0.0103	1.8626451492309603e-09
0.033	27.1301021575928
0.0546	23.4676494598389
0.0	0.0
0.0063	0.633137226104736
0.071	1.19209289550781e-07
0.028	40.7274627685547
0.0122	16.9858226776123
0.0008	0.0
0.1388	95.3100738525391
0.0005	0.0
0.0194	0.0
0.0126	0.0
0.0105	69.9323272705078
0.0	0.0
0.0319	77.7455291748047
0.0256	66.4308547973633
0.0078	1.44916069507599
0.202	0.539125680923462
0.0136	63.2806243896484
0.1424	25.0161304473877
0.0388	66.9623565673828
0.0977	43.0073852539063
0.0	0.0
0.0105	84.7751159667969
0.0334	16.3878726959229
0.0004	0.0
0.0467	30.5334224700928
0.0004	0.0
0.0016	0.0
0.1137	1.34586596488953
0.0096	7.28692817687988
0.0021	0.0
0.0045	0.589014112949371
0.0075	9.4621753692627
0.011	37.134204864502
0.0483	67.8530120849609
0.019	1.8626451492309603e-09
0.0884	0.0
0.0404	36.7760124206543
0.1759	0.0
0.0766	87.5775375366211
0.0111	0.0
0.0939	79.0253601074219
0.0564	5.8207660913467394e-11
0.1505	35.6400947570801
0.0038	5.09333372116089
0.0171	13.4106292724609
0.0363	0.0
0.099	33.0626754760742
0.1203	0.0
0.0295	16.8836765289307
0.049	0.0
0.0009	0.0
0.0008	0.0
0.004	6.75968837738037
0.0396	55.0172233581543
0.0133	1.23365104198456
0.1915	60.4543647766113
0.0008	12.0797853469849
0.0101	65.2717819213867
0.0344	35.0965003967285
0.0482	90.9312286376953
0.0422	33.6559257507324
0.0058	0.0
0.01	2.41707277297974
0.0178	33.7776069641113
0.0	0.0
0.0052	10.0206108093262
0.018	0.0
0.1665	67.6221466064453
0.0781	42.0825500488281
0.0056	82.1995086669922
0.0069	3.83150362968445
0.0097	43.8806686401367
0.0077	1.35418081283569
0.0061	79.9252319335938
0.0217	0.0
0.0305	7.00203037261963
0.0035	12.9112462997437
0.0467	16.1980209350586
0.0103	14.5977716445923
0.0565	51.5204620361328
0.0009	21.7342281341553
0.0167	51.149959564209
0.1211	1.17410087585449
0.0167	95.4800872802734
0.1085	35.04248046875
0.0379	32.4087600708008
0.001	12.1387310028076
0.0215	0.0
0.0032	0.830577254295349
0.0948	6.63360929489136
0.0291	82.1032104492188
0.0383	81.3652572631836
0.0037	47.8326110839844
0.003	12.9912118911743
0.0845	30.3507614135742
0.0019	0.0
0.0533	44.8519744873047
0.077	0.0
0.0019	0.0
0.0207	16.7993507385254
0.0005	0.0
0.0656	66.7129440307617
0.0495	0.0
0.1107	0.0
0.1838	89.1405487060547
0.0001	12.0280227661133
0.0914	1.9073486328125e-06
0.0085	44.5652008056641
0.0249	13.1351585388184
0.0094	0.0
0.0673	76.951042175293
0.097	0.0
0.0296	0.75211489200592
0.0126	67.9514083862305
0.0201	0.0
0.0003	0.0
0.0715	72.5639953613281
0.0312	67.0239715576172
0.0102	0.0
0.0042	14.0439367294312
0.1697	96.9357070922852
0.0103	7.450580596923831e-09
0.147	36.8699035644531
0.0382	22.0062675476074
0.015	46.4184455871582
0.0155	43.6011123657227
0.0011	0.0
0.0268	28.4613475799561
0.0395	1.061239361763
0.0127	11.227931022644
0.0333	79.545166015625
0.0674	0.0
0.2275	12.6050024032593
0.0225	23.7744750976563
0.0069	10.9123039245605
0.0063	0.0
0.0475	15.6631755828857
0.1883	44.4179229736328
0.0201	12.6130743026733
0.0027	18.7437973022461
0.0352	35.5091552734375
0.112	61.5101127624512
0.01	36.8894996643066
0.0883	79.2864379882813
0.2556	15.2191314697266
0.0679	82.485710144043
0.0274	8.01370620727539
0.0101	18.6229038238525
0.057	82.7670669555664
0.0167	73.9236907958984
0.0421	42.5688095092773
0.0001	0.0
0.0077	9.31322574615479e-10
0.0078	0.0
0.0062	94.931640625
0.0578	96.3449401855469
0.0729	67.9064865112305
0.1471	35.392261505127
0.005	1.89190936088562
0.0	7.68627500534058
0.0078	15.3140411376953
0.0107	10.2656354904175
0.0436	0.0714184120297432
0.0013	0.0
0.0227	96.8388442993164
0.0068	18.6507873535156
0.0	0.0
0.0515	74.0537414550781
0.0716	47.3589820861816
0.1375	79.9105529785156
0.0008	0.142563909292221
0.0153	2.13028311729431
0.1573	76.0186462402344
0.0284	0.0
0.0939	87.1986999511719
0.0615	0.0
0.1563	0.0
0.0205	96.8244400024414
0.1066	46.8789291381836
0.0267	13.2502117156982
0.0261	30.0601463317871
0.0553	28.7147312164307
0.0065	37.3791046142578
0.0708	0.0
0.0046	0.0
0.1033	1.9073486328125e-06
0.0473	17.7829780578613
0.0296	0.0
0.0095	8.79888248443604
0.0174	32.9830589294434
0.0021	0.0
0.0742	4.86786937713623
0.0008	11.1699285507202
0.1158	78.8178253173828
0.0086	1.48417067527771
0.0174	15.8270931243896
0.0064	0.583770751953125
0.0143	0.0
0.019	80.107780456543
0.0	0.0
0.074	95.6855621337891
0.0255	0.0
0.043	53.5383453369141
0.0908	59.0655670166016
0.0163	64.6805572509766
0.0931	91.7757797241211
0.1114	38.1007537841797
0.0002	0.0
0.0506	96.4112091064453
0.1615	92.0872039794922
0.0462	7.450580596923831e-09
0.0099	1.49011611938477e-08
0.1968	0.0
0.0415	52.2209968566895
0.0348	36.4275894165039
0.069	3.95103788375854
0.1101	95.5521926879883
0.0069	2.50314259529114
0.0312	24.6604595184326
0.1563	1.81296157836914
0.139	47.2800598144531
0.0122	65.1164093017578
0.2288	63.1029510498047
0.1946	73.865608215332
0.2545	4.88575744628906
0.1215	17.5999069213867
0.1447	0.0
0.0274	14.3632020950317
0.0007	0.0
0.0015	0.465288668870926
0.0021	0.733904004096985
0.0714	0.0
0.0178	20.7423839569092
0.3238	2.00160717964172
0.0042	2.88593935966492
0.0255	15.4540557861328
0.0078	0.628645360469818
0.0072	0.0
0.0002	0.0
0.1374	93.4313659667969
0.072	9.37936782836914
0.0524	8.32485580444336
0.0136	56.870677947998
0.0103	78.8581237792969
0.153	57.8894958496094
0.0434	94.3080749511719
0.0003	0.0
0.0288	46.0571212768555
0.0306	33.6313934326172
0.0035	2.52672386169434
0.1008	24.4741973876953
0.4681	0.0
0.0182	53.9893493652344
0.0435	96.8054962158203
0.0124	20.6373500823975
0.0044	16.0428581237793
0.1622	15.9415769577026
0.1127	85.7582931518555
0.0824	4.25561618804932
0.0617	81.1174774169922
0.0052	11.5596799850464
0.0174	1.8626451492309603e-09
0.0394	0.0
0.0196	2.10793662071228
0.0266	13.8121194839478
0.0254	59.6035995483398
0.0083	6.8697943687439
0.0519	38.0871353149414
0.0006	0.0
0.0418	0.0
0.0023	3.1886465549469
0.0345	44.5706176757813
0.0397	67.2707977294922
0.0573	0.0
0.193	47.5170516967773
0.0364	78.5959014892578
0.0152	12.3532524108887
0.0168	25.6370429992676
0.0058	69.9474182128906
0.0	5.23580408096313
0.1347	0.0
0.0505	11.621636390686
0.0753	0.0
0.0138	2.80266094207764
0.0299	0.0
0.0618	3.65683746337891
0.1299	64.6140594482422
0.0259	72.4239273071289
0.0156	95.8217010498047
0.0455	34.0787353515625
0.0284	27.8303089141846
0.0382	80.1048583984375
0.0121	0.0
0.0065	2.64882111549377
0.0778	43.9651489257813
0.1948	75.2621231079102
0.0016	0.0
0.1441	0.0
0.0081	3.06452035903931
0.0763	70.0129852294922
0.0044	0.254832863807678
0.0253	27.1998977661133
0.005	40.244873046875
0.2431	85.6359100341797
0.0745	65.8068008422852
0.0452	16.6589164733887
0.0058	0.0
0.1592	11.9492273330688
0.065	13.2560768127441
0.1751	35.9225082397461
0.001	0.0
0.1893	83.0825653076172
0.1914	1.9073486328125e-06
0.0093	0.533940613269806
0.0748	81.6540908813477
0.0167	1.32410299777985
0.0208	14.6285600662231
0.1132	0.0
0.0264	0.293525755405426
0.0095	1.8626451492309603e-09
0.0315	78.8639755249023
0.0027	2.40039086341858
0.0037	0.0
0.0091	45.7705116271973
0.084	83.2296295166016
0.0218	0.0
0.0211	6.76935338973999
0.0658	0.0
0.0001	10.4810466766357
0.2074	85.3596725463867
0.0078	13.0138807296753
0.032	0.0
0.0184	0.0
0.0275	0.0
0.0937	89.1597442626953
0.0094	3.43896055221558
0.0003	0.480122327804565
0.009	25.7548542022705
0.0004	4.29174423217773
0.0106	9.31322574615479e-10
0.0892	4.67649221420288
0.032	87.2426834106445
0.0291	0.0338211059570313
0.084	68.5378112792969
0.0005	0.0
0.0872	13.9435091018677
0.0128	42.6770896911621
0.0143	28.3326454162598
0.0089	0.360293537378311
0.0398	75.5646667480469
0.0421	80.5613403320313
0.0396	29.5124168395996
0.0116	3.7252902984619103e-09
0.0069	0.608814418315887
0.0374	29.1108016967773
0.0129	15.7107257843018
0.0525	2.33179450035095
0.0763	82.0194244384766
0.0166	9.90574932098389
0.0009	0.0
0.0694	77.6718139648438
0.0158	72.5788040161133
0.0056	0.0
0.0421	56.6276779174805
0.1333	39.3667182922363
0.2253	93.5815505981445
0.0025	3.18726253509521
0.009	20.538387298584
0.0186	82.0808029174805
0.0164	1.72225832939148
0.022	0.0
0.002	12.3096446990967
0.1088	64.0470275878906
0.0347	32.4392890930176
0.2379	95.8298797607422
0.0382	49.2278785705566
0.0	0.0
0.1432	0.573432922363281
0.1146	94.9100494384766
0.1875	51.1846466064453
0.0306	74.2905578613281
0.0234	51.9743843078613
0.0418	39.172679901123
0.104	3.814697265625e-06
0.0071	5.11094856262207
0.0328	0.0
0.0884	0.0
0.0274	26.0552101135254
0.0263	0.0
0.1929	0.0
0.0032	0.0
0.0195	83.4566497802734
0.008	7.450580596923831e-09
0.0106	10.9169635772705
0.0242	26.8740119934082
0.1423	69.2810440063477
0.0966	57.8851776123047
0.0375	24.5755195617676
0.1725	22.7735023498535
0.0089	66.6945648193359
0.0676	92.6568374633789
0.0238	4.40288639068604
0.0	5.23580408096313
0.0282	0.42640683054924
0.3207	25.6018447875977
0.0916	1.03057670593262
0.0201	22.2243156433105
0.1027	3.00017166137695
0.0026	1.1896333694458
0.0307	0.0
0.003	22.297571182251
0.0009	1.82644331455231
0.0159	0.0
0.0009	20.7444496154785
0.0014	1.51936018466949
0.017	0.0
0.039	5.39361763000488
0.0078	12.9154243469238
0.0305	1.8626451492309603e-09
0.0307	9.7664852142334
0.1654	81.8713455200195
0.0013	16.3545398712158
0.0697	76.0841751098633
0.0055	0.0
0.0028	0.0
0.0601	74.2483978271484
0.0243	52.9744300842285
0.1099	0.0
0.0411	78.3327713012695
0.0	0.0
0.0232	28.386402130127
0.0245	68.9699478149414
0.0182	25.0957889556885
0.0001	2.69380569458008
0.0304	27.4521369934082
0.0295	0.0
0.0165	6.7382345199585
0.0168	2.31869125366211
0.0128	8.04776954650879
0.0028	14.0764493942261
0.0018	0.0
0.0392	79.3011169433594
0.0238	0.0
0.0474	44.0443000793457
0.0416	93.4811935424805
0.0039	0.0
0.005	20.3677806854248
0.0084	0.0
0.0015	0.0
0.8645	85.0575942993164
0.0645	19.6894207000732
0.011	0.0
0.0038	3.65288662910461
0.2419	88.7956237792969
0.2881	2.75036549568176
0.0247	0.0
0.0565	46.2222747802734
0.1147	34.3204078674316
0.0034	9.79943656921387
0.1108	0.887051582336426
0.0506	26.8414306640625
0.0478	0.0
0.0064	1.92562222480774
0.0052	13.3297252655029
0.0113	3.50295090675354
0.0166	0.0
0.1521	95.7272415161133
0.0347	0.713670492172241
0.0119	28.0795650482178
0.028	41.7463874816895
0.0294	9.31322574615479e-10
0.1577	62.9650802612305
0.0731	2.06918144226074
0.0536	17.6468544006348
0.0068	2.29399514198303
0.0021	4.65661287307739e-10
0.0832	96.3372802734375
0.0026	1.35820817947388
0.1053	96.6391677856445
0.0045	26.6673107147217
0.0302	2.14676189422607
0.0706	63.0337715148926
0.0237	2.08528852462769
0.1578	61.0847549438477
0.0034	0.0
0.061	66.6909408569336
0.0112	11.7101440429688
0.0172	92.1483306884766
0.0121	1.04372715950012
0.0127	78.5082550048828
0.0687	66.5844421386719
0.0015	0.383396148681641
0.0015	1.54202318191528
0.0	7.18401050567627
0.003	0.0
0.0077	5.39244604110718
0.0181	54.2211990356445
0.0189	78.7182388305664
0.2361	1.11528873443604
0.0329	54.426628112793
0.0004	0.0
0.0018	2.3264434337616
0.0004	11.7821979522705
0.0009	1.50659048557281
0.041	76.0116424560547
0.1184	79.7213592529297
0.0177	0.0
0.01	12.8792791366577
0.0007	0.0
0.0329	0.0
0.0404	37.092700958252
0.3643	71.5703277587891
0.0004	4.01817512512207
0.0107	0.0
0.0059	14.065128326416
0.0039	7.62279510498047
0.0002	0.338530540466309
0.0835	71.1960754394531
0.0099	7.71939373016357
0.1017	83.4474411010742
0.0036	17.360689163208
0.0241	5.98150873184204
0.0046	1.91847038269043
0.0001	14.0856847763062
0.0507	80.8767929077148
0.0977	73.8287506103516
0.0117	80.8391952514648
0.001	14.1398391723633
0.0	0.0
0.0012	11.8294057846069
0.0841	44.5862655639648
0.0148	60.820728302002
0.2378	9.84929943084717
0.0005	0.0
0.0016	0.0
0.002	32.1814880371094
0.0087	74.4905776977539
0.2927	0.0
0.0975	91.5047607421875
0.0934	51.7250671386719
0.1852	8.08211517333984
0.008	3.01029181480408
0.0646	1.16415321826935e-10
0.0614	90.2614288330078
0.0073	26.6042423248291
0.0208	13.510440826416
0.0086	2.35550570487976
0.008	0.0
0.0399	14.8203649520874
0.0781	68.5135116577148
0.0601	47.0439071655273
0.0076	3.18771648406982
0.003	55.2280807495117
0.009	1.90245509147644
0.0616	44.629222869873
0.0107	97.0295715332031
0.0376	93.1307220458984
0.0074	0.0
0.0305	75.8628768920898
0.0175	14.1364612579346
0.0022	18.2300910949707
0.1458	58.9091567993164
0.0921	0.727801382541656
0.0153	0.0
0.1033	67.8691329956055
0.0595	70.5715713500977
0.002	5.88109636306763
0.0596	32.1365013122559
0.0842	0.441190987825394
0.0928	13.7333240509033
0.0533	27.2116870880127
