0.124	31.7663021087646
0.0004	44.6887702941895
0.2871	0.972918689250946
0.382	0.0
0.0	42.2600631713867
0.0	44.0860900878906
0.0123	1.51003205776215
0.0001	29.6761207580566
0.5246	0.0
0.0001	4.02497720718384
0.0025	78.9522476196289
0.0531	0.0717628821730614
0.0	51.8689155578613
0.0786	5.96046447753906e-08
0.0267	0.0
0.0	48.940242767334
0.1516	0.0
0.0042	25.5196895599365
0.0135	47.5993843078613
0.0	13.5953998565674
0.1802	21.4630813598633
0.0	0.0
0.0	88.1375198364258
0.0	78.1612014770508
0.0008	60.9489898681641
0.0003	33.9072608947754
0.0	86.3552627563477
0.4297	0.0
0.382	1.16415321826935e-10
0.2061	0.0
0.2397	11.9307870864868
0.0	28.138298034668
0.0	18.6876277923584
0.0	77.7124404907227
0.0	0.0
0.0	96.1001586914063
0.0	18.3574771881104
0.0005	82.3397064208984
0.144	0.451319456100464
0.2525	0.112820349633694
0.0001	84.4133529663086
0.0	3.20508408546448
0.3091	12.1081628799438
0.0002	91.212890625
0.0002	0.730577349662781
0.0	93.4994430541992
0.4174	0.0
0.0108	74.7248916625977
0.0	92.4042510986328
0.0	51.7370796203613
0.0003	27.8835544586182
0.0217	7.7312126159668
0.0018	58.396053314209
0.0168	0.0
0.0	32.0704307556152
0.0	0.106593012809753
0.3929	0.0
0.0	6.74862384796143
0.0041	80.011344909668
0.0032	74.8853225708008
0.0089	12.4089965820313
0.2212	0.0
0.0	59.8005905151367
0.0	0.608814418315887
0.0	70.8798446655273
0.0	87.754264831543
0.0633	11.1130971908569
0.0004	0.0
0.0324	28.5311069488525
0.016	0.0
0.0021	87.5532379150391
0.0449	7.75922918319702
0.1184	1.48752403259277
0.0012	76.6962051391602
0.0	92.7359619140625
0.0001	10.9739713668823
0.0184	26.32981300354
0.0	92.250862121582
0.0758	69.5479125976563
0.0835	46.0949745178223
0.0778	7.04867362976074
0.0	0.0
0.3056	0.0
0.0	84.7346115112305
0.2102	0.0
0.4753	2.08870005607605
0.1659	11.5039215087891
0.0523	60.5663223266602
0.1375	0.0
0.1894	1.82302761077881
0.0	90.6412353515625
0.0001	39.8024139404297
0.0014	34.711067199707
0.0054	27.7193756103516
0.0	13.7837562561035
0.0117	29.4109706878662
0.0	24.7313232421875
0.2966	0.0
0.004	28.852689743042
0.0	48.121711730957
0.2959	0.0
0.0	42.3930358886719
0.0	34.1048049926758
0.0049	48.2287750244141
0.3305	21.668851852417
0.0	9.33062171936035
0.0006	0.0
0.0658	1.40286314487457
0.0	55.017017364502
0.1515	0.0
0.0021	23.7993640899658
0.3564	12.9014978408813
0.0	18.5495052337646
0.0	54.0051307678223
0.0086	11.9357290267944
0.0034	18.611011505127
0.0	92.1957168579102
0.0014	0.0
0.006	85.9639053344727
0.0	47.6025581359863
0.0007	0.2950379550457
0.1401	0.728142082691193
0.0006	0.221763134002686
0.0224	78.981201171875
0.0034	74.7839813232422
0.0122	5.92752981185913
0.0	23.0935955047607
0.206	28.3099269866943
0.0003	0.522631824016571
0.0	15.7932033538818
0.0	96.0049285888672
0.0	0.0
0.0	95.0036849975586
0.0091	22.574010848999
0.3219	29.2511539459229
0.0	0.0
0.0	76.926139831543
0.1204	20.9438438415527
0.0079	71.5903244018555
0.0903	0.0
0.0	81.7488021850586
0.0063	23.0073719024658
0.0766	1.89754593372345
0.0	30.7271728515625
0.0	18.8096446990967
0.0	18.2485961914063
0.0	29.8761787414551
0.0047	6.4794659614563
0.0	39.5316734313965
0.2824	1.53726553916931
0.0	0.0
0.4421	0.0
0.0011	87.7364349365234
0.2551	1.76691007614136
0.1482	0.0
0.017	56.2934112548828
0.2854	1.74966263771057
0.0	18.8090858459473
0.2835	9.70046329498291
0.0	6.98830795288086
0.2334	15.3080883026123
0.0974	1.09159016609192
0.0153	26.5633316040039
0.0002	0.0
0.001	38.5741119384766
0.0016	26.9370708465576
0.0033	29.656192779541
0.0202	0.0
0.0608	3.88557052612305
0.144	2.96944808959961
0.013	0.0
0.0	38.6409568786621
0.0002	3.7252902984619103e-09
0.0559	0.0
0.0373	0.221763610839844
0.0006	1.2187203168869
0.1477	32.0837783813477
0.0904	14.7571773529053
0.0	38.9862632751465
0.001	25.5888614654541
0.0	0.0
0.0	96.2084884643555
0.0	0.0
0.2034	0.0
0.0654	7.50449800491333
0.2515	0.0
0.2245	11.8316974639893
0.0002	36.5251388549805
0.2368	21.9047546386719
0.0021	38.3268737792969
0.0007	54.0027923583984
0.0	22.7521743774414
0.5263	6.81777191162109
0.0	91.4501571655273
0.4279	0.851840853691101
0.0	92.8670272827148
0.0003	0.0
0.0094	12.8577346801758
0.4244	1.02024042606354
0.0043	75.4942092895508
0.1742	1.23413479328156
0.0	31.2361526489258
0.0281	61.8812294006348
0.0	94.9418563842773
0.4969	0.0
0.0351	22.0364894866943
0.0002	0.0
0.1473	24.0776500701904
0.0	0.0
0.4407	0.945754706859589
0.3521	4.15220928192139
0.3334	3.7252902984619103e-09
0.0	93.7580108642578
0.0002	0.0
0.0828	12.1018657684326
0.0	47.4761047363281
0.0123	50.3605537414551
0.2114	0.0
0.0	0.0
0.0	21.2056179046631
0.232	0.0
0.0003	43.9729270935059
0.0	71.2030792236328
0.0	4.33657932281494
0.0048	1.77778387069702
0.0	43.4042854309082
0.0	3.26260685920715
0.0	96.4191513061523
0.0	96.9353485107422
0.0	31.7523956298828
0.1901	3.7252902984619103e-09
0.2041	2.4661819934845
0.0001	1.8626451492309603e-09
0.2036	1.9027224779129
0.2227	0.0
0.008	0.0
0.0	26.5016040802002
0.0034	5.78464794158936
0.0	96.3290710449219
0.1686	1.88162553310394
0.2221	5.10282611846924
0.0	0.0
0.0	96.6322021484375
0.0	11.7853708267212
0.2516	0.0
0.0	0.0
0.1436	1.97341632843018
0.0	28.387716293335
0.0001	33.4961357116699
0.0	0.0
0.1385	4.37684488296509
0.0	90.8778381347656
0.0002	14.3513517379761
0.0381	16.4717750549316
0.0059	56.1172523498535
0.1224	28.705415725708
0.0	83.3364944458008
0.0001	66.1669692993164
0.0073	74.013313293457
0.0	0.0
0.0742	0.0
0.0	55.1502456665039
0.4293	10.3250646591187
0.0	21.8211441040039
0.0	0.0
0.2275	2.72345924377441
0.0	4.65661287307739e-10
0.0006	96.9192581176758
0.2359	8.23125743865967
0.0	0.0
0.4022	2.51979565620422
0.0014	5.08605003356934
0.0	0.0
0.1969	0.243525788187981
0.0	14.8224964141846
0.0	1.17365980148315
0.0	73.6928176879883
0.0	84.7685546875
0.0027	0.0
0.209	10.4712867736816
0.0	21.5381984710693
0.0	1.51044654846191
0.0023	33.3715972900391
0.4256	15.4639329910278
0.0	4.36634063720703
0.043	1.49011611938477e-08
0.0003	68.4396896362305
0.0009	4.86473226547241
0.0202	3.98634028434753
0.0599	69.8368148803711
0.0	26.9420013427734
0.0	81.3915100097656
0.2481	0.0
0.1166	0.0
0.0046	0.0
0.5005	2.92230916023254
0.0	23.7697296142578
0.0	40.7965698242188
0.0	29.5740795135498
0.0	91.4356155395508
0.0099	2.23903894424438
0.0	0.0
0.0003	75.3249740600586
0.0007	89.4110488891602
0.0	50.5952529907227
0.2989	5.41365003585815
0.0	15.9288835525513
0.2602	62.3094100952148
0.0006	64.2087478637695
0.0	14.9919967651367
0.0443	13.7219305038452
0.0018	0.0
0.0002	88.6259078979492
0.0082	76.9662475585938
0.0347	34.5179595947266
0.0	80.2533416748047
0.0003	56.1639022827148
0.0	10.7861633300781
0.0018	12.0882501602173
0.0	10.1937685012817
0.0	83.1986923217773
0.1639	24.3928985595703
0.0	17.743013381958
0.1816	6.74405717849731
0.0	0.0
0.0274	20.1057834625244
0.001	0.0
0.0	55.1717338562012
0.4474	12.3683815002441
0.0	85.9027633666992
0.0005	84.6073379516602
0.252	0.0
0.2123	0.0
0.0	0.53680431842804
0.0237	0.0
0.0878	9.60507774353027
0.0029	39.6450576782227
0.0016	0.0
0.0	37.2342109680176
0.0008	58.503044128418
0.0462	45.6323699951172
0.1159	0.0
0.1908	0.0
0.4007	0.0
0.0008	96.0490188598633
0.0	12.7278842926025
0.0013	12.5155029296875
0.0	44.6756896972656
0.0	82.7276763916016
0.0224	13.619743347168
0.3791	0.0
0.0	1.26546323299408
0.0	37.0454902648926
0.2391	0.420302391052246
0.0109	82.1255722045898
0.0	7.61214017868042
0.0004	15.8421058654785
0.0	30.3676815032959
0.0214	33.1044273376465
0.0	77.3402481079102
0.4584	0.107594080269337
0.0001	52.5433616638184
0.0309	43.3668518066406
0.0	26.3713607788086
0.2676	5.39539957046509
0.3195	1.26264488697052
0.2531	59.3592872619629
0.0001	9.269362449646
0.404	0.0
0.1807	22.5945377349854
0.0291	1.29657888412476
0.0325	15.7963809967041
0.0	83.0712814331055
0.0004	85.6551666259766
0.0	0.0
0.0	13.1857748031616
0.0791	0.0
0.0062	12.3134498596191
0.0003	52.4841461181641
0.0205	68.354606628418
0.235	3.21600532531738
0.0	13.619291305542
0.0052	3.79221725463867
0.0	50.2790298461914
0.0	3.16450476646423
0.1881	7.450580596923831e-09
0.072	50.7234382629395
0.0	19.556058883667
0.0034	31.427417755127
0.0	0.0
0.0003	9.31322574615479e-10
0.0001	46.8331527709961
0.2991	0.220770820975304
0.0006	10.0087194442749
0.0	7.06836128234863
0.0	0.0
0.3269	0.0
0.2037	0.0
0.0	12.5690889358521
0.0	3.19464683532715
0.0071	76.4391174316406
0.0	60.906120300293
0.0	94.0914459228516
0.2795	0.0
0.0	77.7135696411133
0.0	79.5956344604492
0.0	59.3175010681152
0.0	71.6762847900391
0.0014	18.7525081634521
0.0961	0.0
0.0283	9.63874053955078
0.1043	2.9103830456733697e-11
0.1359	0.0
0.0435	0.0
0.0	9.46988487243652
0.0	15.0697269439697
0.0091	74.6217269897461
0.0	0.106316700577736
0.0	31.5182933807373
0.0	96.3622512817383
0.4053	1.09573745727539
0.195	1.21762883663177
0.0	33.1366806030273
0.0	10.1512680053711
0.0092	7.450580596923831e-09
0.0277	80.7454376220703
0.0	31.6225166320801
0.0	32.3678169250488
0.0828	89.3577270507813
0.0	0.0
0.0	42.0442352294922
0.1621	12.0286855697632
0.0165	50.1526756286621
0.0	50.5897941589355
0.0	16.5870590209961
0.0	54.7928009033203
0.0	7.89308929443359
0.0	47.4772720336914
0.0045	0.0
0.0123	80.491081237793
0.0415	19.5015888214111
0.0	0.0
0.0028	26.8843593597412
0.0	4.00350713729858
0.2573	0.0
0.0007	60.0962982177734
0.0	38.4793395996094
0.0	34.8317756652832
0.0968	0.0
0.4349	4.71131038665771
0.0	81.4313888549805
0.0	90.9320449829102
0.0012	17.7642040252686
0.0002	9.73686790466309
0.0003	0.362351626157761
0.0	89.6445693969727
0.4236	0.0
0.0	25.3051128387451
0.0	0.0
0.0	87.4128723144531
0.0053	30.366870880127
0.0	47.316291809082
0.032	0.76885050535202
0.0005	0.12176288664341
0.0	67.6753845214844
0.0	75.5681228637695
0.0	18.4028434753418
0.0	44.7497406005859
0.0141	92.1217575073242
0.0001	34.0495376586914
0.2206	43.0228881835938
0.0	81.378547668457
0.0006	14.9590606689453
0.0	90.5904541015625
0.0014	0.961432993412018
0.0	14.4788637161255
0.1789	5.57365036010742
0.342	12.0185947418213
0.0003	91.5381088256836
0.0027	71.3257598876953
0.0	0.0
0.0	0.0
0.1379	18.7059440612793
0.0	84.7926025390625
0.3869	7.79019451141357
0.2884	12.4314680099487
0.0	63.1680793762207
0.001	49.4609603881836
0.0013	71.4215316772461
0.0054	0.0
0.0	68.0292892456055
0.0111	82.1412353515625
0.0	51.654369354248
0.2011	12.0229082107544
0.0	0.0
0.0	55.5719375610352
0.0007	4.41583633422852
0.0	68.8051986694336
0.0	92.8647308349609
0.0014	27.0956764221191
0.0006	11.2350606918335
0.0013	1.78494000434875
0.0029	83.1672515869141
0.1442	20.6570816040039
0.0	96.5370025634766
0.0004	83.407112121582
0.0368	15.1132221221924
0.4784	1.56484735012054
0.0	96.1824951171875
0.0	19.6856727600098
0.2971	1.21762883663177
0.0478	0.0
0.0	81.3142929077148
0.0	5.16062021255493
0.0014	28.1865272521973
0.1405	13.9291009902954
0.0006	75.2805404663086
0.0	32.1030044555664
0.0	29.1979293823242
0.001	2.98023223876953e-08
0.0092	0.108386516571045
0.0	88.8015365600586
0.2028	0.0
0.0	49.6116333007813
0.2006	0.0
0.4645	0.0
0.0011	35.429630279541
0.0	90.0697174072266
0.3631	12.0831174850464
0.0	20.9522285461426
0.0269	1.19209289550781e-07
0.0015	1.86589133739471
0.2995	0.0
0.0	95.3941955566406
0.0	51.4710388183594
0.0	69.4811630249023
0.0	0.259765863418579
0.082	5.30290079116821
0.2123	1.3870347738266
0.0	59.8535385131836
0.3301	0.0
0.0003	0.0
0.0175	5.23066902160645
0.0	95.1088104248047
0.0638	0.0
0.0	39.4343948364258
0.0004	4.51683712005615
0.057	5.1165943145752
0.0068	66.4547119140625
0.3728	3.98525738716125
0.0006	66.1174392700195
0.0	66.8122863769531
0.0	89.5143203735352
0.0	25.2685585021973
0.1592	0.953317880630493
0.032	86.6589202880859
0.0094	7.56737089157104
0.0	49.9029312133789
0.0	23.30690574646
0.0	95.8871612548828
0.3421	2.58419275283813
0.001	13.7664594650269
0.0	49.5501747131348
0.0	71.015625
0.1434	0.0
0.0502	37.2672233581543
0.0	30.9716529846191
0.0029	56.2482872009277
0.0038	41.3054351806641
0.0	37.1618270874023
0.0227	0.0
0.0004	0.0
0.0	55.0995674133301
0.0	52.4225234985352
0.0	1.09038925170898
0.0	0.0
0.0	43.2690544128418
0.0	96.746223449707
0.0	72.1090698242188
0.0807	0.0
0.1958	0.0
0.003	7.38747119903564
0.0	0.0
0.257	0.0
0.0119	59.2996635437012
0.4289	1.21762883663177
0.0	18.7303409576416
0.0032	0.0
0.0	0.0
0.0003	44.8337898254395
0.2639	0.0
0.0001	28.1923923492432
0.0004	6.9683632850647
0.0009	0.0
0.0	68.3878479003906
0.3412	2.55253982543945
0.0	2.83969712257385
0.1399	0.733472168445587
0.0002	2.26370239257813
0.0	87.6005783081055
0.4078	5.09125518798828
0.0	11.2951431274414
0.085	47.3512535095215
0.1364	30.6364116668701
0.1678	0.0
0.0641	1.54961514472961
0.0027	64.2293167114258
0.0	67.1216430664063
0.0	0.0
0.0	68.8635787963867
0.3053	19.9170970916748
0.0	0.0
0.2504	4.51891231536865
0.299	3.64779686927795
0.0	7.47193908691406
0.0	26.2314014434814
0.0	5.51225280761719
0.0004	0.0
0.0	59.6463432312012
0.0	0.0
0.0282	25.1898860931396
0.4488	10.8708038330078
0.0	74.6087036132813
0.0028	9.5367431640625e-07
0.1631	0.477960348129272
0.2451	1.33136761188507
0.4219	0.0
0.0001	1.32410335540771
0.556	0.0
0.0117	62.5601272583008
0.0	0.0
0.0	2.16523551940918
0.0053	41.6400871276855
0.0	1.04571223258972
0.0013	37.3263206481934
0.0638	15.3818511962891
0.3133	2.50095629692078
0.0	0.0
0.0	0.0
0.0	24.2403888702393
0.0013	18.116060256958
0.0	62.3564529418945
0.0007	64.984130859375
0.497	0.0
0.1426	0.639313161373138
0.0	71.7496948242188
0.0013	79.6906356811523
0.0	0.0
0.0047	22.8194427490234
0.0	66.2582092285156
0.4294	14.0856847763062
0.0132	42.6224021911621
0.0047	27.3131008148193
0.0	28.5594520568848
0.3836	2.06565427780151
0.0	0.0
0.0008	82.4790496826172
0.0019	84.4348449707031
0.1652	1.0460262298584
0.1241	29.7334041595459
0.3966	0.0
0.0	0.0
0.0521	3.7252902984619103e-09
0.0	74.8735961914063
0.0	21.5064582824707
0.3394	1.03924453258514
0.0	28.8843765258789
0.0	0.0
0.0	54.8824005126953
0.0	53.6021537780762
0.1492	30.997350692749
0.0344	83.9652404785156
0.0062	46.5835113525391
0.0266	0.0
0.0	0.0
0.1925	40.9145393371582
0.037	64.8383102416992
0.0009	71.9078521728516
0.0	0.0
0.0541	3.57375192642212
0.202	18.2713813781738
0.0121	0.0
0.3715	0.0
0.0	82.7734680175781
0.4381	3.19025421142578
0.0539	0.0
0.0	0.0
0.0002	83.0544967651367
0.0012	3.30671858787537
0.0115	45.5304794311523
0.1605	0.0
0.0	0.0
0.0003	1.76115453243256
0.0	95.4314193725586
0.0015	11.3686656951904
0.0152	4.10040140151978
0.3096	0.0
0.3832	0.0
0.0334	1.26860105991364
0.0	65.5611419677734
0.0444	48.4277648925781
0.0001	48.7450714111328
0.3264	1.94820606708527
0.0	84.2344741821289
0.0	0.0
0.0481	0.0
0.0	0.0
0.0159	0.0
0.0105	0.364643335342407
0.4938	0.0
0.0	94.1088943481445
0.0	67.4380340576172
0.4865	16.6885833740234
0.0537	0.0
0.0	4.76837158203125e-07
0.0	71.6407623291016
0.0	68.5923919677734
0.0	7.51919078826904
0.0004	96.7627105712891
0.0	3.814697265625e-06
0.0004	80.0121612548828
0.0002	2.42310523986816
0.0003	0.0
0.0997	12.0431814193726
0.0081	5.09999752044678
0.0267	1.19209289550781e-07
0.0	0.0
0.0079	0.0
0.0014	11.2046194076538
0.2015	0.0
0.0	0.0
0.1048	0.436431884765625
0.0003	0.0
0.3098	0.0
0.0	0.817054510116577
0.0209	0.0
0.4318	11.7751331329346
0.0002	84.0122528076172
0.0	0.0
0.0002	12.7232799530029
0.0	35.1831932067871
0.0002	88.336181640625
0.0	93.9819488525391
0.0006	38.1328201293945
0.1038	0.0
0.0	57.6572418212891
0.0021	80.6592636108398
0.0	89.6232147216797
0.0058	95.8091735839844
0.0	33.6575660705566
0.0409	4.60711717605591
0.161	8.47320175170898
0.0	0.0
0.089	2.15176963806152
0.0008	68.0516357421875
0.0	81.6314086914063
0.0002	75.4376220703125
0.0038	14.8614025115967
0.0773	0.835404217243195
0.0	32.0885162353516
0.0	95.7214508056641
0.0	16.2015132904053
0.2381	1.49011611938477e-08
0.2567	0.0
0.0	72.1794891357422
0.0009	2.98023223876953e-08
0.0	13.4553089141846
0.0	37.0786399841309
0.0	3.14752674102783
0.0	0.0
0.0043	1.02961480617523
0.005	23.4978065490723
0.0	0.0
0.0	21.7153873443604
0.0043	1.59462523460388
0.0009	44.247730255127
0.2844	28.2366218566895
0.338	3.7252902984619103e-09
0.0	25.4032707214355
0.0	17.2339019775391
0.0	25.650785446167
0.0413	1.18291759490967
0.0003	27.3017501831055
0.0244	39.1273536682129
0.0062	20.7104053497314
0.0009	3.47626209259033
0.2877	14.1765727996826
0.0	0.0
0.0	96.0934982299805
0.0517	18.3021945953369
0.0002	42.8191757202148
0.0	0.0
0.1667	0.0
0.2059	7.450580596923831e-09
0.0	67.1977462768555
0.0086	90.4445114135742
0.422	4.65661287307739e-10
0.0	25.1085681915283
0.0002	76.9561157226563
0.0	0.0
0.0003	0.0
0.0098	0.391271412372589
0.2636	5.43787288665771
0.0	51.0624389648438
0.0515	0.0
0.0456	6.21676731109619
0.0166	17.0486850738525
0.3537	1.92328286170959
0.001	9.51619625091553
0.0001	0.587051391601563
0.0	0.0
0.0172	1.9588143825531
0.0	0.0
0.0	11.6547317504883
0.0	42.1310920715332
0.0497	2.03613901138306
0.0837	0.0
0.4775	0.0
0.0	8.31387233734131
0.0	88.6728668212891
0.4743	0.0
0.0028	25.3733787536621
0.0	8.61197185516357
0.0	51.8185539245605
0.0005	25.5692749023438
0.1327	28.2025318145752
0.0006	0.0
0.0	96.5951538085938
0.3208	1.03939175605774
0.0946	7.450580596923831e-09
0.0	42.8432960510254
0.0	41.8620071411133
0.1229	0.556227266788483
0.0003	95.3706970214844
0.0	39.057056427002
0.5149	6.55360460281372
0.0008	34.4559211730957
0.0006	4.13756465911865
0.0	0.0
0.0	59.2957229614258
0.0391	16.5624217987061
0.0	48.8042449951172
0.0	92.6829833984375
0.0022	96.7353210449219
0.0	41.3874397277832
0.0	37.562572479248
0.3776	0.0
0.2361	1.70468044281006
0.0004	64.9472427368164
0.0	80.1571578979492
0.3768	11.1842336654663
0.0	12.938796043396
0.3808	0.0
0.4577	3.92340111732483
0.011	96.0031356811523
0.0831	54.9896621704102
0.101	67.2631454467773
0.0003	2.98023223876953e-08
0.0857	21.5055408477783
0.2098	66.2288513183594
0.2397	4.51037216186523
0.0301	5.84053230285645
0.0	14.9413270950317
0.0066	0.0
0.0983	21.1902618408203
0.405	6.51570844650269
0.0	85.8407592773438
0.238	0.185218811035156
0.0	53.7802505493164
0.0	58.7356491088867
0.044	12.397931098938
0.0126	38.8464813232422
0.0	27.282205581665
0.0	0.0
0.0004	3.12702441215515
0.0006	80.6800079345703
0.0031	62.4407615661621
0.2857	0.0
0.0007	0.0
0.0	0.0
0.0	0.269569396972656
0.0	45.3935127258301
0.0	74.8500137329102
0.4475	11.6204843521118
0.4271	0.0
0.2932	48.9259262084961
0.0004	96.8117904663086
0.2868	7.87650442123413
0.3097	5.33254289627075
0.2577	9.88804912567139
0.0	63.385684967041
0.0028	21.936580657959
0.0	88.395133972168
0.0	67.9908065795898
0.0651	0.0
0.0002	57.6429061889648
0.0	26.8446655273438
0.0521	89.8846893310547
0.036	10.6217527389526
0.3978	6.90212535858154
0.0	87.7193450927734
0.2568	0.172992825508118
0.0862	2.1950740814209
0.0002	0.0
0.0184	37.10888671875
0.3765	11.8807029724121
0.0203	0.0
0.0	85.9926300048828
0.0	26.0465717315674
0.1224	9.34537696838379
0.0	0.0
0.4406	0.143525764346123
0.0073	64.4562454223633
0.0001	81.8684692382813
0.4039	0.0
0.0585	4.81631469726563
0.0	0.0
0.0	20.8156394958496
0.0	50.6724052429199
0.0	93.6564025878906
0.3514	18.9473133087158
0.0	94.3463439941406
0.0	3.52688789367676
0.0	7.5010929107666
0.0	6.27739667892456
0.0	73.0163726806641
0.0	81.9175720214844
0.0	33.3064117431641
0.0004	7.60997438430786
0.0201	84.243782043457
0.0005	65.1688919067383
0.0	43.1882400512695
0.1111	41.7039756774902
0.0	18.8586082458496
0.0771	0.0
0.0052	48.151741027832
0.0	21.5188255310059
0.0	61.7536697387695
0.0	86.2008361816406
0.0002	0.90211808681488
0.0	0.0
0.0001	21.6907215118408
0.0008	4.79078340530396
0.0	0.0
0.001	96.5635528564453
0.0235	12.9184913635254
0.0	0.0
0.4441	12.0195293426514
0.2704	3.22507786750793
0.0619	13.8902187347412
0.0539	0.0
0.1219	0.0
0.4353	11.9494113922119
0.0	71.1795272827148
0.0	0.0
0.1638	42.017822265625
0.001	1.37253189086914
0.0	93.5788879394531
0.0	0.0
0.0006	0.809390246868134
0.0	81.0843048095703
0.0024	42.4592933654785
0.0103	29.5862560272217
0.0001	0.0
0.0	0.0
0.1267	12.203218460083
0.0245	4.68015146255493
0.0	95.1432342529297
0.3748	0.701171278953552
0.0001	81.9127655029297
0.0022	0.0
0.2339	0.107644326984882
0.0007	87.3001251220703
0.0047	22.9034519195557
0.2519	10.6396560668945
0.077	9.78698921203613
0.0	0.0
0.4037	0.821585178375244
0.0116	12.5570192337036
0.2923	11.6704292297363
0.0	0.0
0.3424	9.3750114440918
0.3348	5.39079666137695
0.0	80.6645660400391
0.0059	38.5745964050293
0.0368	0.0
0.2966	0.0
0.5862	7.03831720352173
0.0	85.7256317138672
0.0	0.0
0.0	8.80679321289063
0.0	37.5986137390137
0.1615	2.90747404098511
0.0115	1.8626451492309603e-09
0.4588	0.0
0.0	8.49838638305664
0.0	81.7179946899414
0.0	77.8009643554688
0.0	44.6434516906738
0.0	0.0
0.0	7.95102977752686
0.0036	10.8997116088867
0.0196	6.00873517990112
0.0199	70.636116027832
0.4035	1.33216238021851
0.0017	5.10478782653809
0.0323	0.121661894023418
0.0139	73.2238082885742
0.0	47.6109848022461
0.4593	0.0
0.0	84.4186248779297
0.0	0.0670166015625
0.0021	18.1122055053711
0.0	4.06286430358887
0.0451	19.1116180419922
0.0002	91.6347198486328
0.0	79.8637237548828
0.0005	90.638786315918
0.2918	12.1805629730225
0.004	96.5406494140625
0.0	30.2670421600342
0.0	0.0
0.0	45.8361701965332
0.0003	52.1896438598633
0.0	12.1694221496582
0.0	0.0
0.0089	86.8402709960938
0.0063	3.77271914482117
0.0001	93.6181640625
0.0	0.0
0.0003	1.95276808738708
0.0	28.8702526092529
0.0041	67.2532730102539
0.0032	0.0
0.0	53.8361473083496
0.0	96.0284957885742
0.0001	2.23519659042358
0.0	0.0
0.0	0.791297256946564
0.444	20.7483081817627
0.014	61.9638404846191
0.1982	0.0
0.0	0.780577659606934
0.0	92.9160690307617
0.0124	12.2174644470215
0.001	0.0
0.02	59.4056549072266
0.0	54.4001235961914
0.0002	76.8932037353516
0.0068	78.2340316772461
0.0	37.6423835754395
0.0	64.1562423706055
0.0018	59.1435508728027
0.0	0.0
0.4163	2.31108379364014
0.0002	0.0
0.0	0.0
0.0	25.4346942901611
0.0385	7.73456954956055
0.342	0.0
0.0	0.0
0.2178	0.0
0.0	49.7849159240723
0.408	6.4534330368042
0.0	0.0
0.1215	41.9892921447754
0.0	8.96513080596924
0.0155	61.7832260131836
0.2434	5.35718965530396
0.0	60.4756660461426
0.0022	6.9472508430481
0.0001	41.8590660095215
0.0015	9.76698112487793
0.0	40.2041854858398
0.5387	2.53203368186951
0.0	6.24188947677612
0.0	82.7360153198242
0.0	96.6974029541016
0.0	0.0
0.0011	12.603720664978
0.0	31.578010559082
0.3613	10.8467292785645
0.0326	0.0
0.0	12.9274921417236
0.0	95.851432800293
0.0933	61.1787338256836
0.0	39.1629867553711
0.0	96.4083557128906
0.0656	7.10111379623413
0.0029	7.450580596923831e-09
0.0053	95.0974273681641
0.0047	47.4757118225098
0.3794	51.3439178466797
0.1398	0.0
0.0039	0.0
0.0003	94.9182662963867
0.0	30.0185546875
0.0	0.0
0.2452	10.8962755203247
0.0009	32.8641204833984
0.0	48.3646278381348
0.0738	0.0
0.0	14.0274152755737
0.0	0.0619909763336182
0.1144	29.4564895629883
0.0	80.6020660400391
0.0004	88.1873626708984
0.0	15.0686264038086
0.0	47.4689712524414
0.0	0.0
0.0	95.1730651855469
0.1873	5.08759784698486
0.373	5.10642147064209
0.1396	3.7252902984619103e-09
0.0007	2.06762862205505
0.2242	0.0
0.0	88.4339218139648
0.0	19.6034202575684
0.0108	40.0176544189453
0.0	87.3910903930664
0.0	54.3523750305176
0.1849	4.93144702911377
0.2546	0.0
0.0	17.6671714782715
0.0092	23.9279441833496
0.0	84.0186233520508
0.0	69.1240463256836
0.0	45.9810447692871
0.0	34.8332633972168
0.0001	69.9227828979492
0.1832	0.0
0.008	0.0
0.0	73.9255065917969
0.0071	47.8965873718262
0.4956	0.0
0.2976	0.947071552276611
0.0005	75.6455001831055
0.0	9.31322574615479e-10
0.0	81.3016510009766
0.0089	76.5639419555664
0.0061	0.0
0.0027	13.0333213806152
0.0037	16.1391849517822
0.003	6.77506637573242
0.0	0.0
0.0002	72.6203079223633
0.0084	20.3277797698975
0.0	27.8087940216064
0.0	63.0187835693359
0.0	26.4047012329102
0.0	94.3970642089844
0.036	22.9249324798584
0.0	80.7164459228516
0.0	51.3247261047363
0.007	9.31322574615479e-10
0.0	43.7315673828125
0.0005	0.0
0.0	71.344970703125
0.1787	0.0
0.0013	0.573497295379639
0.0405	69.5918655395508
0.0527	0.0
0.1094	4.69524383544922
0.2883	7.77385187149048
0.0632	22.9423561096191
0.0	81.6268081665039
0.0082	12.0591449737549
0.02	46.5041465759277
0.0065	71.2684326171875
0.0	73.5671768188477
0.0	94.7162628173828
0.1306	33.6965179443359
0.0	47.7649955749512
0.0	92.8248901367188
0.0154	75.5608825683594
0.0	41.1243858337402
0.0	67.5186920166016
0.0	4.21667194366455
0.0077	7.450580596923831e-09
0.0	83.5571975708008
0.0	70.7834548950195
0.0331	12.9319887161255
0.0	77.8686065673828
0.0	75.6980743408203
0.0	0.880577266216278
0.2006	0.237888962030411
0.0	43.8299026489258
0.0649	0.0
0.3692	2.98023223876953e-08
0.0	53.917106628418
0.0173	0.0
0.007	52.1540718078613
0.0	39.8262825012207
0.0004	0.0
0.0005	68.4229278564453
0.0	0.0
0.0	0.0
0.2687	20.0242881774902
0.5056	4.65661287307739e-10
0.0	0.0
0.2716	0.0
0.0	3.16243958473206
0.059	2.98023223876953e-08
0.0	48.4019012451172
0.1094	58.8282279968262
0.07	66.551025390625
0.0087	9.31322574615479e-10
0.0008	2.55664873123169
0.0867	1.65931677818298
0.0	31.8245811462402
0.0	0.0
0.0	91.6565704345703
0.0	85.7481155395508
0.0	22.0063819885254
0.0	25.3109321594238
0.3342	0.717470169067383
0.0087	71.3049850463867
0.0074	74.8069458007813
0.0004	0.0
0.1144	0.0
0.1494	0.0
0.0	71.2436218261719
0.0089	50.3039703369141
0.0	89.9820709228516
0.2522	1.19209289550781e-07
0.0	91.4831466674805
0.0	26.0947303771973
0.0372	2.98023223876953e-08
0.0	41.353343963623
0.0	5.63885021209717
0.0	2.27767491340637
0.0004	10.6766176223755
0.0	7.450580596923831e-09
0.0252	0.0
0.0003	40.9137306213379
0.0001	19.7078704833984
0.0	18.9739475250244
0.0	26.2582168579102
0.2168	5.7052640914917
0.0	57.2677536010742
0.1443	0.726778268814087
0.1247	6.58623266220093
0.0	69.6274948120117
0.0	85.1205520629883
0.0039	22.9268341064453
0.0125	76.7315368652344
0.0246	15.8618631362915
0.0	83.1597366333008
0.0	30.2886867523193
0.0	16.6880130767822
0.0	76.6469192504883
0.0006	15.0727109909058
0.0	11.3637828826904
0.0	11.4547863006592
0.0033	0.0
0.0047	81.2263336181641
0.0	45.5072822570801
0.0	0.0
0.0001	17.3309688568115
0.0	45.5041770935059
0.482	2.3283064365387004e-10
0.381	0.300388336181641
0.0	0.0
0.0707	35.1271018981934
0.3572	1.46115469932556
0.0014	16.6488056182861
0.1402	35.9025726318359
0.0	16.7866477966309
0.0288	21.1291542053223
0.0	86.0570068359375
0.0047	4.20945930480957
0.0031	50.2543106079102
0.0114	9.02088832855225
0.0	90.3218154907227
0.002	91.0025253295898
0.0	0.0
0.0157	4.65661287307739e-10
0.3166	59.6885261535645
0.0837	22.3982791900635
0.0422	0.0
0.0258	0.0
0.0536	17.9492416381836
0.0126	0.0
0.3894	12.1186389923096
0.3779	0.0
0.0	96.0750045776367
0.0	29.4303512573242
0.3245	0.0
0.0001	74.0032196044922
0.009	19.3297290802002
0.0	10.9595756530762
0.0008	48.390251159668
0.0	95.8824615478516
0.0	11.1735010147095
0.009	0.0
0.4672	0.0
0.0	26.1184844970703
0.0457	8.78797340393066
0.1805	25.9639930725098
0.4368	11.5308504104614
0.0	9.31725597381592
0.0	25.4019432067871
0.0	63.7512397766113
0.0	0.0
0.4788	12.1125812530518
0.0	81.7294540405273
0.0086	81.262580871582
0.0	39.1086158752441
0.0018	29.7282867431641
0.0	25.2969284057617
0.0	0.0
0.0106	20.9134712219238
0.0	67.7612457275391
0.0	20.0736865997314
0.0896	0.0
0.0252	0.0
0.0	32.0403442382813
0.0113	50.9516792297363
0.0	0.0
0.0005	0.0
0.0	29.0963859558105
0.0	0.0
0.0	89.7607650756836
0.0	52.4125480651855
0.0018	0.0
0.0	0.0
0.5232	4.4781608581543
0.0612	0.0
0.0003	0.0
0.0	84.3633041381836
0.1106	1.91375863552094
0.0	71.8148345947266
0.0	80.2052536010742
0.0	36.8895149230957
0.3325	0.0
0.0	0.0
0.0	54.1197814941406
0.0	1.22278022766113
0.0016	0.619837284088135
0.0366	24.6626663208008
0.0009	48.5222778320313
0.0	73.7068481445313
0.0	1.49011611938477e-08
0.0	64.290657043457
0.1351	60.4406318664551
0.2137	2.98023223876953e-08
0.0001	43.3544807434082
0.0	2.05473041534424
0.3635	5.77395439147949
0.2717	0.0
0.0139	11.3684282302856
0.0	0.0
0.2925	19.0786781311035
0.0421	54.0947761535645
0.0	27.1346168518066
0.5002	0.0
0.0	50.8190307617188
0.212	67.7252349853516
0.0071	10.4586753845215
0.0025	0.0
0.2883	0.241334050893784
0.1294	52.0460433959961
0.0028	78.7749862670898
0.0	3.07676696777344
0.182	0.0
0.0227	86.0099792480469
0.0	89.0800628662109
0.0106	0.0
0.0	19.596622467041
0.0735	0.0
0.0	43.6574401855469
0.0	26.1042003631592
0.0	0.302642822265625
0.0047	96.746955871582
0.1746	17.8365516662598
0.0	90.5793762207031
0.0077	0.0
0.0556	9.40200710296631
0.0001	24.603084564209
0.0	81.3326721191406
0.1391	0.0
0.4556	16.5729904174805
0.0	96.6968231201172
0.2693	0.0
0.0134	7.450580596923831e-09
0.0	87.9258728027344
0.0	24.0048236846924
0.0003	59.7434921264648
0.0	73.3190460205078
0.039	36.6721878051758
0.0616	78.8643188476563
0.0466	34.1398696899414
0.0011	54.3549156188965
0.0	77.6384582519531
0.0	9.17871475219727
0.0701	0.0
0.0002	39.5165176391602
0.0085	0.0
0.0	3.00676798820496
0.0	8.97301864624023
0.0	26.7732028961182
0.0984	1.14289474487305
0.0	83.4447174072266
0.3462	12.6837511062622
0.3049	1.82584667205811
0.0002	12.0558214187622
0.0002	28.7556953430176
0.0	4.22416353225708
0.0	0.0
0.1348	7.450580596923831e-09
0.2453	0.0
0.0058	0.0
0.2992	0.0
0.0108	27.4283466339111
0.0381	40.3422050476074
0.4822	0.742867946624756
0.0053	10.2367877960205
0.0	32.341739654541
0.0002	1.65539491176605
0.0	73.4587478637695
0.0	0.0
0.0	0.0
0.0	0.0
0.0015	60.1140899658203
0.0049	96.6232070922852
0.0003	0.0
0.0025	0.0
0.0	2.49045896530151
0.0	82.8142471313477
0.0736	38.054874420166
0.0	47.1348152160645
0.0	0.220764607191086
0.0	20.5139579772949
0.1747	8.63942050933838
0.0	91.8542404174805
0.0	3.36182355880737
0.0014	50.7076797485352
0.0	55.2153472900391
0.0001	12.8255481719971
0.0	31.7585391998291
0.0139	10.5405464172363
0.0	8.06047439575195
0.4087	2.44072031974792
0.0	21.4783611297607
0.0444	2.64173173904419
0.0	59.0378112792969
0.0421	0.0
0.1482	16.7558670043945
0.0	29.6451759338379
0.1031	1.01370239257813
0.2835	0.0
0.017	23.1738758087158
0.0	96.6652679443359
0.0	64.10205078125
0.0	84.2614059448242
0.0	0.0
0.2786	0.0
0.0609	22.4930229187012
0.0002	66.7233123779297
0.2279	20.0248241424561
0.0027	0.485882639884949
0.002	80.2615127563477
0.2149	0.0
0.0004	84.9264068603516
0.4731	12.1247291564941
0.0	94.5790100097656
0.0094	19.4235210418701
0.1414	3.33314609527588
0.0	30.9843273162842
0.305	1.24501347541809
0.0	11.0919628143311
0.0893	0.0
0.0	31.849781036377
0.202	68.4875717163086
0.0154	30.1632843017578
0.0	81.3714294433594
0.0038	9.85826587677002
0.3217	4.25832843780518
0.0155	31.1444282531738
0.0014	0.0
0.0006	30.7515659332275
0.0057	28.9649085998535
0.0	33.3244667053223
0.0	0.0
0.0	20.6249256134033
0.0144	0.527586340904236
0.1853	0.0
0.427	9.18790817260742
0.258	0.857430338859558
0.0	66.5374298095703
0.0009	8.83369445800781
0.0005	1.77005887031555
0.0	30.7894878387451
0.0	0.0
0.0	0.0
0.0	70.903076171875
0.0014	0.121762931346893
0.0	0.0
0.0	0.0
0.0004	78.3050155639648
0.0	71.9298553466797
0.239	2.58279657363892
0.3263	9.67465972900391
0.0	9.5367431640625e-07
0.0002	76.0300064086914
0.0044	81.9862518310547
0.0067	14.2539834976196
0.0048	0.0
0.0382	26.5707569122314
0.0052	80.6527252197266
0.0	81.8345260620117
0.2278	3.7252902984619103e-09
0.0003	74.5320205688477
0.0005	15.8934307098389
0.0	16.3514671325684
0.1246	6.98856163024902
0.001	6.72741985321045
0.0	61.9827499389648
0.2901	4.47392845153809
0.0	12.7877130508423
0.0049	0.0
0.1033	0.0
0.0	0.0
0.0	0.0
0.0	79.603759765625
0.0	19.3652629852295
0.0016	0.697367668151855
0.0	82.7750091552734
0.2837	13.3098669052124
0.0	41.8603630065918
0.0103	15.5196952819824
0.0	7.87656259536743
0.0171	2.98023223876953e-08
0.4883	1.21762883663177
0.111	14.8485107421875
0.0156	17.0527801513672
0.0	10.3915643692017
0.0	94.8779525756836
0.432	0.0
0.0	56.2125282287598
0.0294	0.0
0.0085	0.0
0.3172	1.42972707748413
0.0	60.6154594421387
0.0003	88.9523010253906
0.0001	46.6663970947266
0.1578	3.04336595535278
0.0	33.8931007385254
0.4004	4.20405673980713
0.0	18.2497005462646
0.0	95.0151062011719
0.0	6.33332920074463
0.0	5.72978830337524
0.0	1.10160970687866
0.0	3.814697265625e-06
0.0007	11.4946355819702
0.1049	6.00936079025269
0.0	55.0412254333496
0.0043	8.92779350280762
0.0	0.0
0.0	0.0
0.1272	0.744695782661438
0.0006	95.7663879394531
0.0	0.0
0.0	14.5178985595703
0.0092	45.8435707092285
0.0114	3.02961730957031
0.0012	26.9984035491943
0.1676	0.0
0.0	0.602355122566223
0.0174	74.9957504272461
0.3447	19.7180767059326
0.0268	0.443525314331055
0.1257	2.06115341186523
0.0	81.1451873779297
0.0003	3.814697265625e-06
0.0027	16.0057697296143
0.0	0.0
0.0	0.0
0.0	81.263313293457
0.0	95.8249816894531
0.006	4.39186143875122
0.0844	11.2775478363037
0.0057	40.363151550293
0.0797	34.2730827331543
0.4625	12.033634185791
0.3379	4.60725355148315
0.0002	10.0059080123901
0.0	56.0356674194336
0.3339	0.0
0.0228	13.1166286468506
0.002	79.76416015625
0.0	27.5495567321777
0.0	0.0
0.0	93.2990646362305
0.0	7.76156520843506
0.1472	43.581844329834
0.4701	13.2046804428101
0.0349	16.6571063995361
0.0218	68.4152984619141
0.0	96.7876358032227
0.2891	0.358814418315887
0.0	93.5436172485352
0.0	0.0
0.0	31.1979789733887
0.0	92.629264831543
0.0	0.0
0.1319	0.0
0.0	0.0
0.0077	74.1419830322266
0.0	89.1897811889648
0.2758	3.64150166511536
0.0	25.8715667724609
0.0018	0.0
0.1311	24.8837089538574
0.0176	3.7252902984619103e-09
0.0	96.328727722168
0.0078	61.3580131530762
0.4815	1.27002060413361
0.0	2.63035821914673
0.0531	9.30163860321045
0.0178	16.3508930206299
0.0003	7.450580596923831e-09
0.0163	25.2507171630859
0.0003	59.5111618041992
0.0	0.473830014467239
0.0927	68.1995315551758
0.0035	3.7252902984619103e-09
0.0943	23.5197887420654
0.2304	8.57214546203613
0.0	0.0
0.0	96.5368041992188
0.0	91.8974990844727
0.0	0.0
0.0031	57.0932464599609
0.0	3.814697265625e-06
0.0999	0.0
0.0	33.6677627563477
0.0	16.6514930725098
0.0	68.9494323730469
0.0	0.0
0.0	0.0
0.0001	52.7016983032227
0.0	21.9286556243896
0.0	26.3672389984131
0.0	4.98115062713623
0.0	96.0912857055664
0.0014	55.5305366516113
0.0	53.6245574951172
0.4423	0.0
0.0	0.0
0.0	0.0
0.1069	27.5363883972168
0.0002	82.6507568359375
0.2313	12.292010307312
0.0014	0.0
0.3842	0.0
0.0	0.0
0.0	95.5692138671875
0.1833	6.08776044845581
0.1382	0.0
0.0577	12.3191890716553
0.0	26.34228515625
0.0044	81.2864608764648
0.4054	0.0
0.3953	0.0
0.1263	16.5430908203125
0.0	67.0435485839844
0.0	30.6606750488281
0.0001	53.8650665283203
0.0071	4.38565969467163
0.0	7.39473533630371
0.0986	0.0
0.0	0.0
0.3634	4.62698984146118
0.001	41.6890029907227
0.0	78.3820114135742
0.0	59.8436393737793
0.0145	0.0
0.0	51.1235046386719
0.0	10.865213394165
0.0	0.0
0.2185	0.12176288664341
0.0	22.7501239776611
0.0	0.0
0.0	68.5791931152344
0.0029	67.4031448364258
0.0672	0.0
0.1386	0.0
0.0001	94.3687057495117
0.0134	80.3569030761719
0.0244	1.42644309997559
0.0002	0.0
0.4324	1.14036512374878
0.0	14.8282146453857
0.3958	12.0303516387939
0.0	0.0
0.0891	1.27557837963104
0.0	29.3348236083984
0.0	28.25901222229
0.0	0.0
0.032	28.1913909912109
0.0445	42.130485534668
0.4561	4.37798452377319
0.0013	12.3093719482422
0.1183	27.6876068115234
0.0007	2.40462064743042
0.0	77.336296081543
0.0	26.3822250366211
0.0895	3.06347322463989
0.0	18.351203918457
0.0	0.0
0.0	87.3612823486328
0.4643	0.0
0.0	57.320198059082
0.0	96.021484375
0.0676	0.0
0.0	66.8553085327148
0.5018	0.0
0.0013	82.8831939697266
0.0	41.4994926452637
0.0101	43.8606224060059
0.0008	0.0
0.0	73.8086929321289
0.0	40.7793426513672
0.0064	7.35772514343262
0.387	0.0
0.1334	0.121762990951538
0.4086	4.65661287307739e-10
0.0012	6.1839747428894
0.002	0.0
0.2456	10.8290824890137
0.2336	1.2086364030838
0.0	0.0
0.2061	1.45940136909485
0.0004	70.6220092773438
0.0	2.01040458679199
0.0	8.86338424682617
0.0016	0.68705153465271
0.4501	0.0
0.0	13.4521751403809
0.0	93.8062210083008
0.0485	13.2831001281738
0.1447	0.0
0.0005	41.413013458252
0.2828	0.0
0.0	65.8726196289063
0.0	0.0
0.0	40.2581253051758
0.0731	10.3604831695557
0.0	89.0499038696289
0.0	23.9755325317383
0.0	79.2882385253906
0.0	96.6555099487305
0.0405	7.96652555465698
0.0003	76.4382095336914
0.0	82.7836685180664
0.0127	0.0
0.0	0.0
0.0003	83.0381469726563
0.0	9.4010648727417
0.0061	29.9854850769043
0.0137	8.06312656402588
0.0	2.42789363861084
0.0015	0.0
0.001	11.7095508575439
0.0	84.4540023803711
0.0241	80.8014678955078
0.0	93.5250396728516
0.0043	47.1441268920898
0.416	7.38806247711182
0.0006	78.6307983398438
0.0014	9.71663093566895
0.1792	0.0
0.1501	0.0
0.0	31.2987403869629
0.0001	56.5788269042969
0.0014	0.58488392829895
0.1149	0.0
0.0415	6.43525791168213
0.0	91.7804260253906
0.0	37.7052764892578
0.0	36.2086524963379
0.1202	17.761754989624
0.2853	11.9767189025879
0.0	0.0
0.0001	56.3178215026855
0.001	37.1214561462402
0.0	2.21762847900391
0.0651	0.0
0.0001	31.6189041137695
0.0	13.7032976150513
0.4429	9.05641746520996
0.3972	0.845865964889526
0.0	13.3034534454346
0.0	41.9792289733887
0.0	0.0
0.0	96.5979614257813
0.136	40.0393218994141
0.0	45.5845832824707
0.0	15.3734016418457
0.0004	56.1754417419434
0.0	24.0353298187256
0.0	0.0
0.001	76.0724258422852
0.0062	34.1787033081055
0.3497	5.33265161514282
0.1774	7.12959384918213
0.0007	93.2583999633789
0.0019	55.786922454834
0.0001	0.0
0.0047	22.8321971893311
0.0	4.76837158203125e-07
0.0	44.9260940551758
0.0732	8.79616928100586
0.0682	11.933217048645
0.0	1.10234069824219
0.0113	10.925910949707
0.1313	16.5505847930908
0.0005	30.0420169830322
0.0004	0.0
0.0	75.4967956542969
0.3407	0.0
0.0244	19.3765144348145
0.0	76.5871429443359
0.0	0.0
0.3788	0.0
0.0	61.112232208252
0.0	27.2826251983643
0.0044	84.2061309814453
0.0	0.0
0.0	27.8687705993652
0.0	0.0
0.0	0.0
0.037	56.2820014953613
0.0034	22.3531875610352
0.0052	0.0
0.0	47.5345115661621
0.0	0.0
0.0551	24.310131072998
0.0	1.86739301681519
0.0001	6.86351776123047
0.0264	0.844653129577637
0.0271	82.1738586425781
0.003	94.4071731567383
0.1241	32.4031181335449
0.0753	0.0
0.0	0.0
0.0	96.5888214111328
0.1435	22.8428764343262
0.0	89.1080703735352
0.0	96.6334075927734
0.0	12.1371746063232
0.046	23.8129234313965
0.0	0.0
0.0001	39.7690620422363
0.0	29.9313850402832
0.093	0.0
0.0001	30.4304275512695
0.0	3.12324690818787
0.0	56.6348838806152
0.0	22.3903179168701
0.4221	0.0
0.0	2.80037331581116
0.0	92.3354110717773
0.0002	96.1834716796875
0.1408	0.242429971694946
0.0	2.30948352813721
0.2378	28.152400970459
0.0	0.0
0.0001	0.0
0.0006	19.2417488098145
0.006	55.7169609069824
0.0	9.5367431640625e-07
0.1538	12.6344795227051
0.0	63.9721755981445
0.1953	0.0
0.0	33.2136306762695
0.0005	3.07194113731384
0.0	85.4593887329102
0.0	23.5544319152832
0.0037	6.57062721252441
0.0	39.5121994018555
0.4692	0.12176288664341
0.2097	0.0
0.4208	11.3850011825562
0.1892	8.31678295135498
0.0	93.3834686279297
0.2626	3.71975755691528
0.0191	0.0
0.0008	2.94173145294189
0.0002	47.4732208251953
0.1553	0.0
0.0	26.864803314209
0.0135	0.221762895584106
0.0	96.6252899169922
0.0047	0.0
0.1401	16.3776302337646
0.0004	1.64906942844391
0.0201	0.0
0.0263	78.7765884399414
0.001	43.9369468688965
0.0096	69.0952072143555
0.0	41.2102394104004
0.0	33.8193283081055
0.0006	79.2064819335938
0.0	27.0212459564209
0.0	0.0
0.3968	0.0
0.001	38.9657096862793
0.1295	0.0
0.0	17.7177352905273
0.017	54.0366172790527
0.0	0.0
0.0	22.4865226745605
0.0149	9.74349308013916
0.0025	6.57548522949219
0.0003	79.937614440918
0.2001	0.0
0.0003	0.0
0.0	0.0
0.0	95.1425476074219
0.0004	20.1853199005127
0.0023	20.0907783508301
0.0	0.0
0.0003	84.4783325195313
0.0	3.7252902984619103e-09
0.3335	7.14378547668457
0.0295	0.0358814410865307
0.1237	0.0
0.0	78.8457870483398
0.0	7.56224966049194
0.3915	7.31337213516235
0.0176	6.17149114608765
0.0	91.4552536010742
0.0017	0.0
0.0	40.9343032836914
0.0111	4.29824781417847
0.0064	84.905158996582
0.0	0.0
0.0	24.2807769775391
0.0	96.767692565918
0.0	95.7378921508789
0.0	0.0
0.0	0.0
0.0	0.0
0.0	78.4751358032227
0.0009	0.0
0.0	50.4001770019531
0.0	20.4667663574219
0.0	0.0
0.0	27.7124118804932
0.0	21.6637020111084
0.0015	0.0
0.0	39.3146705627441
0.499	0.0
0.0865	0.0
0.0486	0.59424614906311
0.0	33.1685905456543
0.0	0.0
0.0034	58.9179382324219
0.0	59.5745849609375
0.0	0.0
0.0185	62.5591735839844
0.0015	81.5615158081055
0.0013	70.9945755004883
0.0061	2.85465049743652
0.0	5.77646207809448
0.0	12.3280811309814
0.0	95.8428115844727
0.0	34.0078620910645
0.0	0.0
0.0012	0.0
0.0043	13.5385093688965
0.0	36.9176712036133
0.0	81.3495712280273
0.0027	0.0
0.0	16.0758934020996
0.1715	13.5156755447388
0.0	13.1493072509766
0.2798	6.83645391464233
0.0026	25.1425819396973
0.0033	96.7401351928711
0.0	0.0
0.0003	5.37155103683472
0.0015	29.0964317321777
0.0	96.4851379394531
0.0014	18.318675994873
0.0	5.2314920425415
0.0002	44.7863731384277
0.0376	0.157463073730469
0.2376	0.0
0.0	96.8595352172852
0.0	50.8393363952637
0.0022	10.6310625076294
0.0002	17.5393409729004
0.0037	86.0889053344727
0.0406	1.75242304801941
0.0	77.1489410400391
0.0	13.5279140472412
0.0	21.6842308044434
0.4365	5.64258480072021
0.161	19.048246383667
0.0	8.40675163269043
0.0835	1.91837501525879
0.3285	35.6325607299805
0.0079	19.8059616088867
0.0074	95.7569885253906
0.526	0.0
0.0	70.3489456176758
0.1567	9.31322574615479e-10
0.0	12.6228609085083
0.0	62.089038848877
0.0001	51.4815216064453
0.0	0.0
0.0042	0.0
0.0018	1.50431168079376
0.0189	0.0
0.0	88.8361206054688
0.3211	12.0963191986084
0.0052	39.1875343322754
0.0	0.0
0.0	95.8628692626953
0.0924	0.0
0.2335	0.0
0.0	40.4673919677734
0.0521	21.7192687988281
0.2773	42.2954177856445
0.0025	68.0442047119141
0.0	0.0
0.1251	77.6606750488281
0.0007	45.5574150085449
0.0	1.85514414310455
0.0211	19.7211246490479
0.0	21.5865993499756
0.0001	81.5378265380859
0.0022	0.0
0.0	74.8838043212891
0.0004	92.3151245117188
0.0	46.5509872436523
0.0	19.3425636291504
0.0028	78.8239517211914
0.1455	67.5649185180664
0.0001	92.7913818359375
0.0	0.0
0.0	34.6195030212402
0.0	11.08251953125
0.4311	0.0
0.0	42.5933303833008
0.0	2.98642182350159
0.2923	0.0
0.2465	0.0
0.0	61.6979064941406
0.0009	96.920280456543
0.0752	2.98023223876953e-08
0.0	0.0
0.015	4.58153438568115
0.0272	0.0
0.0	0.0
0.5396	0.0
0.009	17.4033508300781
0.0513	14.2583065032959
0.001	8.64710521697998
0.0	34.0574493408203
0.2532	0.0
0.0001	0.0
0.0	64.6753616333008
0.0401	32.9532165527344
0.0997	25.1892738342285
0.0007	0.0
0.0	96.6575546264648
0.0524	34.3553047180176
0.0	28.7690296173096
0.0	58.767822265625
0.0844	18.5074062347412
0.0002	6.77088499069214
0.0	36.7316703796387
0.0497	0.0
0.0	9.0666332244873
0.0002	0.0
0.0077	0.0
0.0	92.2935333251953
0.1224	0.591746270656586
0.3141	14.077220916748
0.0004	49.741138458252
0.1804	3.30134057998657
0.0379	0.0
0.0241	65.6248550415039
0.3652	12.2397518157959
0.0115	39.5927886962891
0.0003	0.0
0.0027	0.0
0.022	0.0
0.0	0.0
0.0	0.0
0.0002	0.0
0.0	34.0331192016602
0.3284	0.365081667900085
0.0002	0.0
0.0	76.7851181030273
0.0061	42.4298133850098
0.0	41.2219924926758
0.0004	41.5043563842773
0.0	0.0
0.0	46.7388305664063
0.0001	88.5641403198242
0.0001	32.3365669250488
0.0038	0.0
0.0	11.3671159744263
0.3002	0.0
0.0016	61.3207550048828
0.0001	54.7870864868164
0.0	70.7516326904297
0.2259	9.76940631866455
0.0	26.2932090759277
0.0	77.808723449707
0.0	0.607741832733154
0.0	89.5114822387695
0.0	80.9118347167969
0.2418	71.0195159912109
0.0024	23.1473140716553
0.0	2.08672118186951
0.222	19.1567916870117
0.0	12.5012035369873
0.0	42.9858894348145
0.0	60.2671127319336
0.0008	19.1446628570557
0.0052	0.0
0.0	51.4250793457031
0.0648	0.0
0.0	96.5265426635742
0.4133	11.359658241272
0.0	4.65661287307739e-10
0.0	45.0409851074219
0.0023	5.64254379272461
0.5392	0.0
0.1186	10.5367298126221
0.263	2.60625267028809
0.0001	29.2635822296143
0.0809	3.15548372268677
0.4169	12.1050214767456
0.0002	29.1404228210449
0.0015	5.11065435409546
0.0061	47.3929672241211
0.0	82.0746688842773
0.0	22.49609375
0.0	58.1046295166016
0.0017	27.1100063323975
0.0	34.9714851379395
0.0014	9.40346908569336
0.0	56.0386848449707
0.0	90.834228515625
0.0068	0.0
0.0	27.675464630127
0.0	27.4722423553467
0.0	68.4685440063477
0.0	0.0
0.0	23.804084777832
0.151	12.3079833984375
0.0011	48.4596290588379
0.0002	20.5722942352295
0.0437	90.3613586425781
0.0	75.7953720092773
0.1057	4.99842691421509
0.0344	1.8626451492309603e-09
0.1193	2.49305152893066
0.0	32.9050064086914
0.404	0.0
0.0	64.1244659423828
0.0	84.6352691650391
0.0	7.77942371368408
0.2471	0.0
0.034	0.0
0.0048	23.7610836029053
0.0535	0.0
0.0	24.4323234558105
0.0	1.8626451492309603e-09
0.001	0.0
0.4135	0.773556590080261
0.1164	0.0
0.0	78.7416839599609
0.3096	1.49011611938477e-08
0.0	81.4698333740234
0.0	19.1006813049316
0.0	30.0264167785645
0.0002	38.4268493652344
0.0	47.76416015625
0.2434	0.238628134131432
0.0562	3.7252902984619103e-09
0.0018	0.0
0.0012	62.0063896179199
0.0	24.936840057373
0.0	52.3454360961914
0.0	9.31322574615479e-10
0.0041	11.1539783477783
0.0001	20.0025291442871
0.0223	2.23291730880737
0.4135	11.37877368927
0.0	43.1856498718262
0.0	9.39520740509033
0.0	69.8637084960938
0.0	18.3581848144531
0.0421	0.0
0.0001	0.0
0.1368	16.0697250366211
0.0205	37.2412796020508
0.2495	6.99020051956177
0.0	9.31322574615479e-10
0.0068	83.330696105957
0.1482	42.3192939758301
0.0	95.4327011108398
0.0	36.4347038269043
0.0	85.208122253418
0.3297	0.0
0.0165	4.59151077270508
0.0498	17.3021812438965
0.0208	5.96046447753906e-08
0.0	0.0
0.0199	61.3567504882813
0.0	51.5162162780762
0.0	76.1572189331055
0.0001	0.608814239501953
0.3448	1.09581017494202
0.0006	15.2534589767456
0.246	2.88227462768555
0.0	0.0
0.0141	22.1987648010254
0.0	0.0
0.0	0.0
0.0	20.9235191345215
0.0	76.7163772583008
0.1533	19.388463973999
0.007	54.8811454772949
0.0014	24.3265533447266
0.0	96.8055801391602
0.336	2.54417490959167
0.0095	73.0432052612305
0.0	0.0
0.0	91.9469146728516
0.0	6.1005973815918
0.1019	29.8639602661133
0.0009	73.3434829711914
0.0	0.0
0.0134	1.91659343242645
0.0093	0.0
0.0648	0.0
0.0068	0.0338649749755859
0.0001	0.610365331172943
0.0004	1.9848747253418
0.0	54.239143371582
0.0	0.0
0.0002	75.9284439086914
0.3123	0.0
0.3799	4.13815975189209
0.0036	2.5276734828949
0.0022	30.0012550354004
0.0061	54.9530029296875
0.4862	5.11366367340088
0.0001	18.3439483642578
0.0946	79.4569549560547
0.0	0.0
0.0	80.6528701782227
0.0771	13.9924268722534
0.0	86.0373992919922
0.0015	0.0
0.0	56.0334167480469
0.0122	13.7603578567505
0.0068	96.0971221923828
0.2363	15.2912349700928
0.0002	69.8069152832031
0.0	31.3225727081299
0.002	2.13939189910889
0.2702	5.74543619155884
0.0235	0.0
0.1878	0.287001937627792
0.0674	0.620470583438873
0.3974	16.900842666626
0.0004	94.4210052490234
0.0997	0.243525862693787
0.2497	0.730577290058136
0.4298	7.450580596923831e-09
0.0	37.3559303283691
0.0002	39.4601936340332
0.0	0.0
0.0	49.138069152832
0.0	3.23525762557983
0.0745	2.53015351295471
0.0002	85.2906875610352
0.0345	1.63437569141388
0.0006	8.28766632080078
0.1256	1.49011611938477e-08
0.0	0.0
0.0058	1.09207606315613
0.0188	0.0
0.0	0.0
0.0	29.8278713226318
0.4777	0.0
0.0123	81.1674194335938
0.0	23.3917961120605
0.0	19.9724445343018
0.3791	0.408254623413086
0.001	0.0
0.0	0.0
0.104	30.7112636566162
0.0	52.4809494018555
0.3914	0.179407209157944
0.0002	13.8278741836548
0.0054	11.4835176467896
0.0592	85.6836242675781
0.0	0.0
0.0108	0.0
0.0004	85.5574951171875
0.1022	0.0
0.0001	53.6579055786133
0.0001	33.8877105712891
0.0	0.0
0.0322	81.3664779663086
0.0	4.32935953140259
0.0772	78.9040145874023
0.0128	15.4318857192993
0.0	42.8019027709961
0.0	73.2339096069336
0.0095	0.0
0.0568	6.47051525115967
0.4457	4.20332336425781
0.0	0.588316202163696
0.0574	0.0
0.057	9.50010108947754
0.0002	0.0
0.0	0.0
0.2119	0.0
0.0001	1.42096829414368
0.0	4.47160387039185
0.0042	32.6407585144043
0.065	37.5388298034668
0.0	94.0383682250977
0.0563	16.8250827789307
0.0532	0.0
0.0001	13.0566825866699
0.0009	88.3486785888672
0.0001	46.7076568603516
0.0	89.1113052368164
0.0	20.5908241271973
0.0016	0.0
0.0	0.0
0.0	0.0
0.0	9.5367431640625e-07
0.0004	74.0731887817383
0.0	85.1174621582031
0.0312	0.0
0.0	96.3774719238281
0.0012	41.7828216552734
0.0	0.0
0.0	2.48226428031921
0.0	37.5972213745117
0.0001	5.46623039245605
0.0004	84.0519180297852
0.0	29.9527168273926
0.0187	0.0
0.005	51.1884307861328
0.0359	17.5730400085449
0.2289	9.79768943786621
0.0077	8.10730743408203
0.0	96.9078674316406
0.281	0.36528867483139
0.0413	37.3002738952637
0.0003	64.8420028686523
0.0	8.97581481933594
0.3961	2.23463749885559
0.0	91.9210357666016
0.5155	0.0
0.3175	0.0
0.0	80.1501770019531
0.0082	35.9780616760254
0.0	2.10532546043396
0.0626	87.3500823974609
0.0009	53.1839332580566
0.0	94.0998687744141
0.3941	2.49482202529907
0.0002	80.5907669067383
0.0	47.4138107299805
0.0	54.282470703125
0.0047	70.7382125854492
0.1381	55.847354888916
0.021	18.9785919189453
0.143	5.91610860824585
0.0	59.9908027648926
0.0	36.2886428833008
0.0024	9.91621017456055
0.0052	0.0
0.0008	13.2758760452271
0.4852	0.0
0.0005	77.1339263916016
0.0239	53.6951332092285
0.0	45.8091659545898
0.0007	27.577112197876
0.0297	0.481566429138184
0.1147	0.0
0.0	29.2959365844727
0.0001	28.5986881256104
0.0	96.3373870849609
0.0001	72.0282821655273
0.0012	0.0
0.0014	12.0589847564697
0.0	1.8626451492309603e-09
0.0	56.7936668395996
0.0	93.7879486083984
0.1775	18.1728248596191
0.0045	0.0
0.0242	20.1220436096191
0.0	18.0948696136475
0.0042	41.4203033447266
0.0	0.0
0.0	4.69641208648682
0.0	4.06285095214844
0.3601	11.9746074676514
0.0	80.6869659423828
0.0059	18.4023952484131
0.0016	0.0
0.0	0.0
0.0	9.05380249023438
0.1859	7.57627058029175
0.0005	0.0
0.0004	45.5525856018066
0.0	76.3708801269531
0.5312	4.65661287307739e-10
0.0	83.1194839477539
0.02	0.621762871742249
0.035	4.99142837524414
0.0	92.7217254638672
0.0007	15.9770660400391
0.4416	9.31322574615479e-10
0.0	0.0
0.1596	0.0
0.4661	3.7252902984619103e-09
0.0	74.3430786132813
0.0	41.8772621154785
0.0	0.0
0.2925	1.49144101142883
0.0	0.0
0.1758	3.07926225662231
0.1324	50.0900039672852
0.0	6.43791437149048
0.0352	0.0
0.0	66.9487762451172
0.3066	0.0
0.0001	13.617826461792
0.0	0.0
0.0169	9.95737648010254
0.0015	32.28271484375
0.0026	6.01719808578491
0.0	0.0
0.0148	2.98252320289612
0.0001	25.3495941162109
0.0	84.9412078857422
0.0	38.5582809448242
0.0	23.9976615905762
0.4087	0.737051963806152
0.0	19.7716045379639
0.003	8.73738956451416
0.0195	1.21307826042175
0.0001	76.7538452148438
0.0	0.0
0.0	96.3489685058594
0.0004	13.7586555480957
0.4853	2.0483922958374
0.0	96.2273712158203
0.5082	3.85851645469666
0.0	17.043664932251
0.0	3.64895367622375
0.0	0.0
0.0	86.6790237426758
0.005	0.0
0.0014	65.8105621337891
0.0048	19.558723449707
0.0	0.0
0.0006	46.4079666137695
0.0	63.7925148010254
0.0	44.5239868164063
0.0094	19.4235210418701
0.2089	0.0
0.0003	34.3242645263672
0.0	96.5439987182617
0.1186	0.0
0.195	28.1287689208984
0.0	46.9684257507324
0.0	54.412109375
0.0	0.0
0.0	44.5766906738281
0.0142	71.845573425293
0.0	23.6280040740967
0.0006	96.8717193603516
0.0017	72.9165649414063
0.0008	59.365592956543
0.0075	23.8387317657471
0.0001	42.3347702026367
0.0587	21.567554473877
0.0	79.6640701293945
0.0007	38.3979606628418
0.0	84.7438125610352
0.0	2.98023223876953e-08
0.0	48.9421501159668
0.0	96.2557601928711
0.0	77.6808471679688
0.0	95.500846862793
0.0	2.83917570114136
0.0	4.76837158203125e-07
0.0111	0.0
0.0038	81.5459823608398
0.0	0.272293090820313
0.0109	40.7846794128418
0.2376	1.20020437240601
0.1423	0.0
0.0	34.1505317687988
0.0399	71.9191741943359
0.0	68.3983535766602
0.2417	0.419411897659302
0.1264	36.0057830810547
0.0052	13.3234043121338
0.0585	0.730577349662781
0.0	80.6328582763672
0.0	0.0
0.0	4.61164665222168
0.0	19.3551177978516
0.0	72.8544464111328
0.0	0.822332382202148
0.0217	26.4190731048584
0.0037	20.0491180419922
0.0	35.2078742980957
0.0	15.8568658828735
0.0	7.81321954727173
0.0121	5.7334246635437
0.0073	29.7029705047607
0.0	1.00234019756317
0.0001	3.18190312385559
0.2381	1.8626451492309603e-09
0.0096	27.1301021575928
0.002	23.4676494598389
0.0	0.0
0.1095	0.633137226104736
0.0	1.19209289550781e-07
0.0	40.7274627685547
0.0135	16.9858226776123
0.4248	0.0
0.0	95.3100738525391
0.2736	0.0
0.0235	0.0
0.0021	0.0
0.1198	69.9323272705078
0.0	0.0
0.0006	77.7455291748047
0.0005	66.4308547973633
0.1585	1.44916069507599
0.0	0.539125680923462
0.0	63.2806243896484
0.0	25.0161304473877
0.0001	66.9623565673828
0.0031	43.0073852539063
0.0	0.0
0.0982	84.7751159667969
0.027	16.3878726959229
0.4389	0.0
0.0028	30.5334224700928
0.3925	0.0
0.1501	0.0
0.0	1.34586596488953
0.0003	7.28692817687988
0.2872	0.0
0.102	0.589014112949371
0.0233	9.4621753692627
0.0002	37.134204864502
0.0002	67.8530120849609
0.0234	1.8626451492309603e-09
0.0	0.0
0.007	36.7760124206543
0.0	0.0
0.0	87.5775375366211
0.0088	0.0
0.0	79.0253601074219
0.0007	5.8207660913467394e-11
0.0	35.6400947570801
0.239	5.09333372116089
0.03	13.4106292724609
0.0	0.0
0.0	33.0626754760742
0.0	0.0
0.0073	16.8836765289307
0.0134	0.0
0.0	0.0
0.6068	0.0
0.0397	6.75968837738037
0.0001	55.0172233581543
0.1596	1.23365104198456
0.0	60.4543647766113
0.4734	12.0797853469849
0.0008	65.2717819213867
0.0	35.0965003967285
0.0	90.9312286376953
0.0049	33.6559257507324
0.0418	0.0
0.0015	2.41707277297974
0.0	33.7776069641113
0.0	0.0
0.2761	10.0206108093262
0.3539	0.0
0.002	67.6221466064453
0.0	42.0825500488281
0.0022	82.1995086669922
0.0622	3.83150362968445
0.0222	43.8806686401367
0.0397	1.35418081283569
0.0204	79.9252319335938
0.009	0.0
0.0	7.00203037261963
0.037	12.9112462997437
0.0	16.1980209350586
0.0002	14.5977716445923
0.0201	51.5204620361328
0.4044	21.7342281341553
0.0	51.149959564209
0.0	1.17410087585449
0.001	95.4800872802734
0.0004	35.04248046875
0.0	32.4087600708008
0.4028	12.1387310028076
0.0	0.0
0.0354	0.830577254295349
0.0	6.63360929489136
0.0	82.1032104492188
0.0005	81.3652572631836
0.1725	47.8326110839844
0.1921	12.9912118911743
0.0017	30.3507614135742
0.2518	0.0
0.0	44.8519744873047
0.0	0.0
0.4298	0.0
0.0	16.7993507385254
0.523	0.0
0.0	66.7129440307617
0.0261	0.0
0.0	0.0
0.0	89.1405487060547
0.3854	12.0280227661133
0.0	1.9073486328125e-06
0.0325	44.5652008056641
0.0003	13.1351585388184
0.1108	0.0
0.0	76.951042175293
0.0	0.0
0.0269	0.75211489200592
0.1074	67.9514083862305
0.0012	0.0
0.2209	0.0
0.0	72.5639953613281
0.0	67.0239715576172
0.1738	0.0
0.205	14.0439367294312
0.0001	96.9357070922852
0.1835	7.450580596923831e-09
0.0	36.8699035644531
0.0013	22.0062675476074
0.0	46.4184455871582
0.0031	43.6011123657227
0.3517	0.0
0.0007	28.4613475799561
0.0	1.061239361763
0.0627	11.227931022644
0.0	79.545166015625
0.0	0.0
0.0	12.6050024032593
0.0101	23.7744750976563
0.0294	10.9123039245605
0.0121	0.0
0.0	15.6631755828857
0.0	44.4179229736328
0.1685	12.6130743026733
0.1938	18.7437973022461
0.0082	35.5091552734375
0.0045	61.5101127624512
0.0578	36.8894996643066
0.0029	79.2864379882813
0.0	15.2191314697266
0.0	82.485710144043
0.0018	8.01370620727539
0.0025	18.6229038238525
0.0022	82.7670669555664
0.0007	73.9236907958984
0.0	42.5688095092773
0.4245	0.0
0.1075	9.31322574615479e-10
0.3172	0.0
0.0155	94.931640625
0.0	96.3449401855469
0.0	67.9064865112305
0.01	35.392261505127
0.1037	1.89190936088562
0.1852	7.68627500534058
0.0	15.3140411376953
0.1238	10.2656354904175
0.0	0.0714184120297432
0.5033	0.0
0.0009	96.8388442993164
0.033	18.6507873535156
0.4021	0.0
0.0425	74.0537414550781
0.0	47.3589820861816
0.0	79.9105529785156
0.381	0.142563909292221
0.0334	2.13028311729431
0.0021	76.0186462402344
0.0	0.0
0.0	87.1986999511719
0.0035	0.0
0.0	0.0
0.0	96.8244400024414
0.0007	46.8789291381836
0.0055	13.2502117156982
0.0445	30.0601463317871
0.0	28.7147312164307
0.0527	37.3791046142578
0.0	0.0
0.051	0.0
0.0001	1.9073486328125e-06
0.0	17.7829780578613
0.0	0.0
0.2054	8.79888248443604
0.0832	32.9830589294434
0.278	0.0
0.0557	4.86786937713623
0.3764	11.1699285507202
0.0	78.8178253173828
0.0511	1.48417067527771
0.0	15.8270931243896
0.2886	0.583770751953125
0.0118	0.0
0.0018	80.107780456543
0.4527	0.0
0.0	95.6855621337891
0.0	0.0
0.0	53.5383453369141
0.0	59.0655670166016
0.0	64.6805572509766
0.0045	91.7757797241211
0.0	38.1007537841797
0.4462	0.0
0.0	96.4112091064453
0.0029	92.0872039794922
0.0019	7.450580596923831e-09
0.1198	1.49011611938477e-08
0.0004	0.0
0.0175	52.2209968566895
0.0	36.4275894165039
0.0	3.95103788375854
0.0023	95.5521926879883
0.1999	2.50314259529114
0.0025	24.6604595184326
0.0	1.81296157836914
0.0	47.2800598144531
0.0	65.1164093017578
0.0	63.1029510498047
0.0	73.865608215332
0.0	4.88575744628906
0.0	17.5999069213867
0.0	0.0
0.0055	14.3632020950317
0.5453	0.0
0.1399	0.465288668870926
0.3979	0.733904004096985
0.0	0.0
0.0028	20.7423839569092
0.0	2.00160717964172
0.3137	2.88593935966492
0.0012	15.4540557861328
0.1298	0.628645360469818
0.0099	0.0
0.3518	0.0
0.0	93.4313659667969
0.0002	9.37936782836914
0.0003	8.32485580444336
0.0085	56.870677947998
0.0293	78.8581237792969
0.0	57.8894958496094
0.0003	94.3080749511719
0.3824	0.0
0.0036	46.0571212768555
0.0025	33.6313934326172
0.44	2.52672386169434
0.0	24.4741973876953
0.0	0.0
0.0029	53.9893493652344
0.009	96.8054962158203
0.0778	20.6373500823975
0.0481	16.0428581237793
0.0	15.9415769577026
0.0	85.7582931518555
0.0	4.25561618804932
0.0	81.1174774169922
0.0	11.5596799850464
0.01	1.8626451492309603e-09
0.0003	0.0
0.0	2.10793662071228
0.0131	13.8121194839478
0.0	59.6035995483398
0.2739	6.8697943687439
0.0001	38.0871353149414
0.5613	0.0
0.0695	0.0
0.2899	3.1886465549469
0.0	44.5706176757813
0.0055	67.2707977294922
0.0	0.0
0.0	47.5170516967773
0.0	78.5959014892578
0.0171	12.3532524108887
0.2466	25.6370429992676
0.0557	69.9474182128906
0.4827	5.23580408096313
0.0	0.0
0.0	11.621636390686
0.0	0.0
0.0	2.80266094207764
0.0025	0.0
0.0	3.65683746337891
0.0	64.6140594482422
0.0002	72.4239273071289
0.0085	95.8217010498047
0.0	34.0787353515625
0.0658	27.8303089141846
0.0	80.1048583984375
0.0428	0.0
0.1937	2.64882111549377
0.0041	43.9651489257813
0.0	75.2621231079102
0.255	0.0
0.0	0.0
0.0024	3.06452035903931
0.0	70.0129852294922
0.1551	0.254832863807678
0.0	27.1998977661133
0.3994	40.244873046875
0.0	85.6359100341797
0.0027	65.8068008422852
0.0007	16.6589164733887
0.1536	0.0
0.0	11.9492273330688
0.0021	13.2560768127441
0.0	35.9225082397461
0.3876	0.0
0.0	83.0825653076172
0.0	1.9073486328125e-06
0.0128	0.533940613269806
0.0	81.6540908813477
0.0023	1.32410299777985
0.0118	14.6285600662231
0.022	0.0
0.0145	0.293525755405426
0.0	1.8626451492309603e-09
0.0036	78.8639755249023
0.4813	2.40039086341858
0.27	0.0
0.0018	45.7705116271973
0.0	83.2296295166016
0.0	0.0
0.0008	6.76935338973999
0.0044	0.0
0.4133	10.4810466766357
0.0	85.3596725463867
0.254	13.0138807296753
0.1978	0.0
0.0234	0.0
0.0023	0.0
0.0	89.1597442626953
0.1732	3.43896055221558
0.3469	0.480122327804565
0.0378	25.7548542022705
0.5339	4.29174423217773
0.0001	9.31322574615479e-10
0.0	4.67649221420288
0.0	87.2426834106445
0.0	0.0338211059570313
0.0	68.5378112792969
0.4367	0.0
0.0	13.9435091018677
0.0	42.6770896911621
0.0041	28.3326454162598
0.109	0.360293537378311
0.0	75.5646667480469
0.012	80.5613403320313
0.002	29.5124168395996
0.0076	3.7252902984619103e-09
0.1981	0.608814418315887
0.0001	29.1108016967773
0.0111	15.7107257843018
0.0	2.33179450035095
0.0	82.0194244384766
0.0	9.90574932098389
0.3257	0.0
0.0115	77.6718139648438
0.0003	72.5788040161133
0.1554	0.0
0.0818	56.6276779174805
0.0	39.3667182922363
0.0	93.5815505981445
0.2657	3.18726253509521
0.086	20.538387298584
0.0095	82.0808029174805
0.0063	1.72225832939148
0.0	0.0
0.4015	12.3096446990967
0.0	64.0470275878906
0.0069	32.4392890930176
0.0	95.8298797607422
0.0059	49.2278785705566
0.0	0.0
0.0	0.573432922363281
0.0004	94.9100494384766
0.0	51.1846466064453
0.0049	74.2905578613281
0.0323	51.9743843078613
0.0031	39.172679901123
0.0	3.814697265625e-06
0.1832	5.11094856262207
0.0001	0.0
0.0017	0.0
0.0013	26.0552101135254
0.0	0.0
0.0	0.0
0.2186	0.0
0.0023	83.4566497802734
0.0964	7.450580596923831e-09
0.0037	10.9169635772705
0.0	26.8740119934082
0.0	69.2810440063477
0.0011	57.8851776123047
0.0	24.5755195617676
0.0	22.7735023498535
0.0001	66.6945648193359
0.0002	92.6568374633789
0.0015	4.40288639068604
0.2107	5.23580408096313
0.0	0.42640683054924
0.0	25.6018447875977
0.0	1.03057670593262
0.0165	22.2243156433105
0.0586	3.00017166137695
0.0	1.1896333694458
0.0	0.0
0.1143	22.297571182251
0.4533	1.82644331455231
0.0023	0.0
0.361	20.7444496154785
0.3335	1.51936018466949
0.0	0.0
0.0202	5.39361763000488
0.0175	12.9154243469238
0.0	1.8626451492309603e-09
0.1369	9.7664852142334
0.0003	81.8713455200195
0.3188	16.3545398712158
0.0	76.0841751098633
0.0557	0.0
0.2972	0.0
0.0	74.2483978271484
0.0029	52.9744300842285
0.0	0.0
0.0	78.3327713012695
0.0	0.0
0.0	28.386402130127
0.0	68.9699478149414
0.0045	25.0957889556885
0.3655	2.69380569458008
0.05	27.4521369934082
0.0	0.0
0.0043	6.7382345199585
0.0043	2.31869125366211
0.0094	8.04776954650879
0.1906	14.0764493942261
0.3392	0.0
0.0	79.3011169433594
0.0	0.0
0.0	44.0443000793457
0.0002	93.4811935424805
0.1443	0.0
0.152	20.3677806854248
0.0067	0.0
0.4375	0.0
0.0	85.0575942993164
0.0004	19.6894207000732
0.0284	0.0
0.0631	3.65288662910461
0.0	88.7956237792969
0.0	2.75036549568176
0.0022	0.0
0.0	46.2222747802734
0.0	34.3204078674316
0.1867	9.79943656921387
0.0003	0.887051582336426
0.0	26.8414306640625
0.0	0.0
0.0039	1.92562222480774
0.0021	13.3297252655029
0.2492	3.50295090675354
0.0002	0.0
0.0	95.7272415161133
0.0015	0.713670492172241
0.0016	28.0795650482178
0.0002	41.7463874816895
0.0	9.31322574615479e-10
0.0	62.9650802612305
0.0	2.06918144226074
0.0001	17.6468544006348
0.0007	2.29399514198303
0.3116	4.65661287307739e-10
0.0	96.3372802734375
0.2766	1.35820817947388
0.0	96.6391677856445
0.3149	26.6673107147217
0.008	2.14676189422607
0.0	63.0337715148926
0.1058	2.08528852462769
0.0	61.0847549438477
0.4063	0.0
0.0	66.6909408569336
0.0012	11.7101440429688
0.0308	92.1483306884766
0.0003	1.04372715950012
0.0288	78.5082550048828
0.0	66.5844421386719
0.2737	0.383396148681641
0.3175	1.54202318191528
0.4223	7.18401050567627
0.2202	0.0
0.2683	5.39244604110718
0.0074	54.2211990356445
0.0	78.7182388305664
0.0	1.11528873443604
0.0	54.426628112793
0.4846	0.0
0.3237	2.3264434337616
0.3432	11.7821979522705
0.3589	1.50659048557281
0.0	76.0116424560547
0.0	79.7213592529297
0.0005	0.0
0.0142	12.8792791366577
0.4533	0.0
0.0	0.0
0.0091	37.092700958252
0.0	71.5703277587891
0.4791	4.01817512512207
0.0584	0.0
0.1376	14.065128326416
0.2272	7.62279510498047
0.4195	0.338530540466309
0.0008	71.1960754394531
0.1097	7.71939373016357
0.0004	83.4474411010742
0.0358	17.360689163208
0.0049	5.98150873184204
0.2055	1.91847038269043
0.4294	14.0856847763062
0.0	80.8767929077148
0.0019	73.8287506103516
0.0068	80.8391952514648
0.3821	14.1398391723633
0.0	0.0
0.3008	11.8294057846069
0.0037	44.5862655639648
0.1368	60.820728302002
0.0	9.84929943084717
0.3355	0.0
0.2936	0.0
0.1531	32.1814880371094
0.0493	74.4905776977539
0.0	0.0
0.0	91.5047607421875
0.0	51.7250671386719
0.0	8.08211517333984
0.0	3.01029181480408
0.0006	1.16415321826935e-10
0.0029	90.2614288330078
0.0008	26.6042423248291
0.0133	13.510440826416
0.0025	2.35550570487976
0.1976	0.0
0.0	14.8203649520874
0.0	68.5135116577148
0.0	47.0439071655273
0.1	3.18771648406982
0.0966	55.2280807495117
0.0993	1.90245509147644
0.0046	44.629222869873
0.0002	97.0295715332031
0.0	93.1307220458984
0.0915	0.0
0.0054	75.8628768920898
0.1125	14.1364612579346
0.2699	18.2300910949707
0.0	58.9091567993164
0.0001	0.727801382541656
0.0008	0.0
0.0004	67.8691329956055
0.0	70.5715713500977
0.3866	5.88109636306763
0.0	32.1365013122559
0.0	0.441190987825394
0.0004	13.7333240509033
0.0	27.2116870880127
