0.0073	59.4993171691895
0.0379	39.0155982971191
0.0045	84.9470367431641
0.0009	87.1766738891602
0.105	39.8019943237305
0.0756	43.4339714050293
0.0145	7.6920485496521
0.0706	52.1293907165527
0.0002	90.6154251098633
0.0317	86.9672622680664
0.1384	1.32809555530548
0.0177	26.4989986419678
0.0426	2.77262234687805
0.0402	0.0
0.0125	85.4223327636719
0.0251	9.72732448577881
0.0	91.0361404418945
0.0203	13.2253198623657
0.0453	2.60509014129639
0.0293	73.2404556274414
0.0058	65.9621887207031
0.0649	0.0
0.1621	7.64820671081543
0.0245	14.2472229003906
0.0106	32.0766639709473
0.0301	47.7878913879395
0.0426	4.24604463577271
0.0001	90.1707611083984
0.0014	90.7989730834961
0.0015	0.0
0.0018	76.2411804199219
0.0561	15.6023750305176
0.0278	55.5705718994141
0.0243	17.034107208252
0.07	90.7848815917969
0.0981	2.50101065635681
0.0941	67.1710433959961
0.0095	13.5496616363525
0.0101	85.8553695678711
0.0035	90.1700439453125
0.0085	10.9378862380981
0.0896	88.2106323242188
0.0019	60.3568153381348
0.0448	6.63048505783081
0.1504	0.303482055664063
0.1205	5.14672946929932
0.0012	52.6219100952148
0.0333	20.6739387512207
0.311	6.04660892486572
0.2681	43.1347541809082
0.0557	60.6352005004883
0.0122	81.502326965332
0.05	11.7589902877808
0.0088	10.9253530502319
0.0623	60.5064277648926
0.0647	88.1414642333984
0.0047	90.519287109375
0.0486	72.4930419921875
0.027	14.6007843017578
0.1494	13.3596792221069
0.0104	60.1081047058105
0.0	90.8677139282227
0.137	26.9483737945557
0.0584	14.8556880950928
0.3642	20.8387603759766
0.1086	2.06336617469788
0.0174	14.2425413131714
0.0282	90.5471420288086
0.0171	64.2318496704102
0.0101	3.28743886947632
0.0246	9.90294742584229
0.0247	26.0161457061768
0.001	24.3841152191162
0.013	19.0249557495117
0.078	6.05774879455566
0.0084	3.25957489013672
0.038	25.3510150909424
0.148	6.95306301116943
0.0041	26.4522190093994
0.0098	48.0306701660156
0.0053	39.3603668212891
0.1429	79.3285064697266
0.0022	90.8961715698242
0.1566	1.62122595310211
0.0171	90.6912689208984
0.001	88.7657623291016
0.0105	78.7296981811523
0.037	11.3545579910278
0.0037	90.6383666992188
0.0529	67.419319152832
0.1245	2.57733964920044
0.0377	3.86762285232544
0.0539	41.1188735961914
0.0146	21.4927463531494
0.0524	69.1182098388672
0.0106	58.0130500793457
0.1589	0.0100992498919368
0.0029	88.7768707275391
0.0223	62.6008186340332
0.0378	0.946246385574341
0.0	0.910446107387543
0.0547	1.89660120010376
0.051	57.8138618469238
0.0233	44.6355400085449
0.0135	51.7485885620117
0.255	57.7109832763672
0.1162	30.4991245269775
0.0037	85.4677734375
0.0473	19.0118045806885
0.0013	90.638786315918
0.0183	60.3909339904785
0.001	59.9745483398438
0.0349	0.370260536670685
0.0213	3.49790143966675
0.0063	78.6878967285156
0.1009	59.4438667297363
0.0267	5.34774351119995
0.031	0.0
0.0124	12.2032299041748
0.0338	31.5555858612061
0.063	87.9278335571289
0.008	10.9223184585571
0.0116	0.0
0.0489	13.165867805481
0.0152	17.8218402862549
0.0333	56.8670272827148
0.0685	10.5416631698608
0.0103	64.8820037841797
0.0388	89.731201171875
0.0667	0.0
0.0546	2.49853229522705
0.0	0.0
0.1106	3.76658964157104
0.0104	54.8269157409668
0.0128	62.7021102905273
0.2126	0.0
0.1037	13.9337911605835
0.0033	52.811393737793
0.0269	7.04816293716431
0.0104	0.0
0.1054	3.62195634841919
0.008	60.9677772521973
0.0077	88.9831848144531
0.0192	60.4707908630371
0.0172	72.9738998413086
0.0484	64.8347396850586
0.0634	40.767879486084
0.0144	82.9929046630859
0.0344	0.993805706501007
0.0017	88.6599502563477
0.0434	90.1428146362305
0.0001	71.6217651367188
0.0122	7.13080167770386
0.0055	76.1603393554688
0.0087	90.8191833496094
0.0419	10.7147026062012
0.0323	88.2467575073242
0.0516	64.2563629150391
0.0011	80.8573226928711
0.0075	55.1044082641602
0.0083	75.5271759033203
0.0038	84.3711624145508
0.0103	65.8116912841797
0.017	90.3001403808594
0.0224	45.4296569824219
0.0121	61.0741806030273
0.0642	10.3528957366943
0.0068	90.3483963012695
0.0082	75.3092727661133
0.0205	10.3641595840454
0.0106	0.0
0.0432	46.4165191650391
0.0348	90.8910217285156
0.0065	90.6462936401367
0.0292	28.0981884002686
0.0118	88.4904403686523
0.0618	54.8356742858887
0.0332	76.6419525146484
0.1155	54.9219551086426
0.0323	65.3801498413086
0.0	0.0
0.1136	2.50382995605469
0.0131	0.112271517515182
0.0079	90.2676391601563
0.0055	44.2939834594727
0.0009	90.6740570068359
0.0021	60.7983093261719
0.0408	49.6803283691406
0.006	19.4940738677979
0.0125	49.2018699645996
0.0117	31.6184768676758
0.1768	11.5237083435059
0.0003	74.0402450561523
0.0987	5.73523616790771
0.0007	77.9808807373047
0.158	6.04945707321167
0.0339	90.7951507568359
0.0401	45.6786422729492
0.0008	89.6979141235352
0.0931	0.580520153045654
0.0126	88.2838668823242
0.1537	5.35872650146484
0.0111	33.2813987731934
0.0725	3.37858057022095
0.0003	90.9121398925781
0.0403	58.9406623840332
0.0104	90.7260437011719
0.0115	68.7757186889648
0.0502	90.5884780883789
0.0002	64.4883651733398
0.0012	60.0232963562012
0.001	90.4173126220703
0.2244	4.73208332061768
0.0207	76.9302368164063
0.0036	60.3254318237305
0.0714	30.181324005127
0.0103	35.0365028381348
0.0097	90.4334259033203
0.1178	2.98173975944519
0.0962	7.38472938537598
0.0048	24.2183513641357
0.0434	9.19030857086182
0.0328	12.137001991272
0.0133	86.5197143554688
0.0272	84.8781890869141
0.0365	1.78426015377045
0.8889	87.0877380371094
0.1393	2.52100086212158
0.0208	2.52274656295776
0.0444	0.235435053706169
0.0019	0.910446107387543
0.0029	86.1398315429688
0.0188	90.635368347168
0.0038	88.8926239013672
0.0001	30.9551677703857
0.0124	0.215237572789192
0.2406	22.2680473327637
0.0177	7.65022039413452
0.0445	2.50696802139282
0.0024	88.7243270874023
0.0229	67.3273773193359
0.3147	0.0
0.0333	2.51485705375671
0.035	0.113886758685112
0.0075	0.0
0.065	90.4985275268555
0.004	80.344841003418
0.0239	34.0106353759766
0.0288	0.0503409393131733
0.0878	0.910446107387543
0.0011	86.8381958007813
0.0595	4.64194679260254
0.0336	62.0954704284668
0.0131	73.9326477050781
0.0171	38.4650535583496
0.0021	49.5937004089355
0.0603	9.18744277954102
0.0156	28.9422664642334
0.0129	21.6245403289795
0.1391	0.0
0.002	49.0182342529297
0.0921	1.60493195056915
0.0	65.0802230834961
0.0503	0.0695152059197426
0.0361	90.667594909668
0.0034	88.0963439941406
0.024	89.0224151611328
0.0169	2.52232789993286
0.0051	81.4548187255859
0.0807	0.0
0.0011	71.365119934082
0.0108	85.7311706542969
0.0521	90.8036193847656
0.0072	47.6466789245605
0.021	60.5926933288574
0.0595	0.0
0.1048	21.7399024963379
0.0265	11.5231151580811
0.0633	0.0
0.0172	60.5958290100098
0.0318	67.2186279296875
0.0526	7.719642162323
0.0141	59.1327781677246
0.0007	65.8143310546875
0.0693	82.1208953857422
0.0438	81.5760650634766
0.0541	17.2843761444092
0.0162	82.5744476318359
0.005	86.7291793823242
0.0044	21.2478427886963
0.0168	56.0565185546875
0.0268	12.0717172622681
0.0021	37.3282890319824
0.0078	16.6915130615234
0.0055	0.0
0.0003	82.5429306030273
0.0174	49.9992027282715
0.1017	0.129046306014061
0.0521	54.1339416503906
0.0953	5.96058177947998
0.022	86.9026947021484
0.0814	0.408849537372589
0.0378	19.1332302093506
0.1254	4.70326614379883
0.0546	40.2016487121582
0.0029	77.7973022460938
0.0698	6.8874340057373
0.0033	22.10471534729
0.0158	28.1223945617676
0.162	16.9510364532471
0.0031	61.1482620239258
0.008	89.9843978881836
0.0306	8.55615901947021
0.0096	18.9669818878174
0.0267	37.9939384460449
0.1064	10.8103790283203
0.0153	38.0224113464355
0.2259	21.7226276397705
0.031	78.0386810302734
0.0445	79.3682708740234
0.0318	12.3664207458496
0.0139	67.5557098388672
0.1127	74.4209060668945
0.0012	42.6205596923828
0.0	0.0
0.0139	70.2369232177734
0.015	79.5378494262695
0.0525	37.7922515869141
0.0006	61.5508728027344
0.106	10.3394804000854
0.0457	13.4633665084839
0.0014	85.546516418457
0.003	90.2672729492188
0.0894	84.795295715332
0.0267	0.0
0.082	67.9900588989258
0.0364	10.7663679122925
0.0179	86.4006042480469
0.0648	25.1671981811523
0.0134	31.109203338623
0.0101	48.1122283935547
0.0223	23.6170616149902
0.003	90.0402984619141
0.0015	90.9754180908203
0.0526	2.49967980384827
0.0402	52.3865394592285
0.0143	71.910530090332
0.0526	34.0678405761719
0.0533	9.88722324371338
0.0211	70.15234375
0.0003	90.1556549072266
0.0462	89.4984283447266
0.0343	0.764390468597412
0.0017	87.7010955810547
0.1253	14.0897750854492
0.2745	52.0544090270996
0.0318	72.1276473999023
0.1287	1.28915619850159
0.0223	59.9930877685547
0.0317	18.5076885223389
0.0016	82.3866195678711
0.0206	41.8265113830566
0.0073	37.0453681945801
0.0289	65.3958740234375
0.0075	85.4490203857422
0.0018	89.0910034179688
0.0044	35.0612983703613
0.0181	81.0428771972656
0.0002	85.2424926757813
0.0036	69.2308654785156
0.0734	8.49559020996094
0.0112	76.4255828857422
0.0572	1.62995278835297
0.0341	12.1355867385864
0.0161	0.0
0.0508	59.1022644042969
0.0179	78.971549987793
0.0272	59.944896697998
0.054	41.4574165344238
0.0051	27.1158256530762
0.0003	87.9165573120117
0.072	29.1648635864258
0.1294	61.1986694335938
0.0283	36.1595458984375
0.0452	83.134521484375
0.0039	90.1862411499023
0.018	42.8244018554688
0.0421	22.661642074585
0.0428	48.5529327392578
0.1229	0.0
0.0182	90.6012268066406
0.0307	20.4278678894043
0.0074	87.1320114135742
0.0507	81.682487487793
0.0217	72.7824859619141
0.0	0.0
0.0109	44.0496597290039
0.004	90.7397918701172
0.3446	5.75155639648438
0.1505	56.5736274719238
0.0189	19.757194519043
0.0656	2.68766808509827
0.2259	4.91389560699463
0.0	11.8357992172241
0.0652	11.3691568374634
0.0586	15.9211196899414
0.1823	8.05522060394287
0.288	1.94612801074982
0.0587	68.6724624633789
0.0291	11.8357992172241
0.0136	81.3839263916016
0.0043	0.0
0.0117	88.9816284179688
0.0619	0.0
0.0494	70.6624526977539
0.047	61.2102394104004
0.0049	21.0223655700684
0.0323	89.0553894042969
0.0609	1.1322603225708
0.0759	2.44389271736145
0.0018	88.3051681518555
0.0007	45.2152709960938
0.0819	0.353141844272614
0.1232	18.443883895874
0.0629	90.6566696166992
0.036	13.860954284668
0.0188	41.5857849121094
0.0076	0.611363887786865
0.0087	8.68641757965088
0.0898	90.8159103393555
0.1427	9.23523044586182
0.0016	59.960636138916
0.0048	41.9776916503906
0.0405	43.8135871887207
0.1377	6.66358661651611
0.0489	39.3272399902344
0.114	3.84720230102539
0.0662	5.72899770736694
0.0174	0.0
0.0384	14.862922668457
0.0063	52.9422187805176
0.0	0.0
0.0121	64.0864639282227
0.0718	86.9992141723633
0.0001	91.0395126342773
0.0478	33.1920471191406
0.1128	1.10812926292419
0.0818	0.560296893119812
0.0358	14.5671367645264
0.0001	78.5791473388672
0.1205	2.13512825965881
0.0155	2.39232611656189
0.015	54.8300399780273
0.0205	81.5686187744141
0.0658	89.9491806030273
0.1307	7.18139505386353
0.0008	90.4291458129883
0.1673	5.4840235710144
0.0369	0.0
0.0754	5.97704648971558
0.0108	4.7034707069397
0.0314	10.3066892623901
0.0083	73.5638961791992
0.042	0.606964111328125
0.0415	5.84146785736084
0.0165	13.3472719192505
0.0493	0.114508926868439
0.0422	1.80505800247192
0.1059	6.77207231521606
0.0569	58.8854789733887
0.0231	50.592960357666
0.1398	7.4836573600769
0.0613	0.0
0.0288	2.72360825538635
0.0156	89.745475769043
0.0241	23.8925132751465
0.01	84.6740493774414
0.0058	59.9103393554688
0.0333	2.69380187988281
0.0818	26.0617122650146
0.0485	0.265323281288147
0.032	90.7742080688477
0.0172	72.5098571777344
0.1436	12.0564832687378
0.0002	47.4852905273438
0.002	60.1935386657715
0.0735	11.7162857055664
0.0454	29.7811450958252
0.04	23.7148895263672
0.035	87.3555755615234
0.0399	25.825403213501
0.0467	14.6478843688965
0.0362	33.7665596008301
0.0011	59.9318389892578
0.0158	0.0
0.1054	20.9753952026367
0.0126	0.0
0.0864	22.6513919830322
0.0125	2.41680884361267
0.0294	40.4860649108887
0.0519	80.9801559448242
0.0378	19.2759628295898
0.033	8.89129829406738
0.0035	70.5859146118164
0.0431	2.51237964630127
0.0425	10.9932641983032
0.0795	33.7035064697266
0.0011	83.5946426391602
0.0899	2.50315356254578
0.0124	48.9946746826172
0.0006	48.8516845703125
0.1237	0.0
0.0686	13.3282251358032
0.0203	2.76433491706848
0.0233	63.4154891967773
0.0031	59.6796455383301
0.0098	12.9289875030518
0.1165	4.65041637420654
0.1544	27.1978130340576
0.0118	89.8623046875
0.0336	2.05900096893311
0.0841	1.06768989562988
0.0107	90.1967086791992
0.0191	41.2840003967285
0.0044	74.0496139526367
0.0006	90.4991760253906
0.0433	57.2620658874512
0.1069	8.54109954833984
0.0006	57.3949851989746
0.183	33.6488151550293
0.0265	0.0
0.0089	89.1273727416992
0.0292	90.4377059936523
0.0721	2.48263788223267
0.0675	34.2887420654297
0.1285	17.003381729126
0.8473	88.9651489257813
0.0018	50.2238273620605
0.0069	10.1842613220215
0.0972	3.37858319282532
0.0005	86.0318298339844
0.0441	90.6833419799805
0.0237	85.8774795532227
0.0489	3.3797390460968
0.0154	0.0
0.0189	0.559545338153839
0.0325	0.0576256029307842
0.0099	85.6048736572266
0.0475	26.6039085388184
0.0013	10.9238958358765
0.1184	10.7498760223389
0.05	5.44200944900513
0.0578	8.64577770233154
0.1311	65.6306686401367
0.0175	66.6279449462891
0.007	10.6681547164917
0.0336	75.4015426635742
0.0383	14.2981004714966
0.1547	47.204662322998
0.0623	2.4954674243927
0.007	70.6538772583008
0.0091	58.8022384643555
0.0559	44.2016220092773
0.0244	11.1183214187622
0.0036	87.1615600585938
0.0188	56.6649971008301
0.0151	0.69896787405014
0.022	2.74904417991638
0.0556	10.9236354827881
0.1924	0.528956890106201
0.0081	55.5372123718262
0.1204	0.0
0.0796	9.93686866760254
0.0289	28.7629108428955
0.0325	89.5074462890625
0.0377	90.7303237915039
0.046	18.6580066680908
0.4364	2.85513925552368
0.0125	13.0516595840454
0.0109	62.5909843444824
0.0046	80.283317565918
0.0105	72.7445297241211
0.0161	90.6087799072266
0.0021	91.0446090698242
0.0299	37.3859214782715
0.0003	88.0097885131836
0.0327	56.4667015075684
0.0209	0.0
0.1025	4.04501104354858
0.0709	2.00579690933228
0.0055	85.5768737792969
0.1577	3.06126189231873
0.0143	84.2222290039063
0.0422	6.31283092498779
0.1354	25.2400798797607
0.0017	60.6723747253418
0.0439	87.9983673095703
0.0024	88.0459289550781
0.0469	3.83306932449341
0.0338	5.02319955825806
0.0002	76.7518310546875
0.0628	0.0
0.0083	47.0226364135742
0.004	60.0811653137207
0.0004	91.0446090698242
0.0061	85.6093292236328
0.0403	15.7810192108154
0.0332	28.7368698120117
0.1746	5.48228931427002
0.0938	14.6311473846436
0.0018	72.0765991210938
0.043	0.0
0.006	73.847297668457
0.0011	78.1875076293945
0.2017	17.1678276062012
0.3492	4.58341264724731
0.2314	20.1481437683105
0.0038	0.0
0.0279	26.7706146240234
0.0	0.0
0.0025	67.2509307861328
0.0004	63.2314682006836
0.0726	1.67319810390472
0.0074	0.0
0.0056	89.8446731567383
0.0001	87.4214935302734
0.0005	90.4143981933594
0.0606	0.0
0.0	88.721061706543
0.0098	29.6878204345703
0.014	0.0
0.0339	88.2568817138672
0.0229	1.17334544658661
0.0972	85.7954483032227
0.1109	6.33570671081543
0.0403	76.2139282226563
0.0133	88.2748107910156
0.0004	0.0
0.1035	0.0
0.0539	54.2996292114258
0.0096	73.0303802490234
0.1379	19.8589878082275
0.0464	0.377432644367218
0.0019	89.3447189331055
0.006	90.0814895629883
0.9488	15.5332088470459
0.0281	15.7658224105835
0.0	0.0
0.026	14.2981052398682
0.1152	1.36151206493378
0.0001	60.3256149291992
0.0091	50.7259101867676
0.0105	65.2839889526367
0.0253	1.26457536220551
0.0	85.846794128418
0.1632	0.0
0.046	7.60898590087891
0.1074	4.89926052093506
0.0079	55.4912757873535
0.0118	52.5253753662109
0.0006	90.5790100097656
0.0703	0.0642271488904953
0.0083	89.8652191162109
0.0668	16.5991630554199
0.0917	61.9615783691406
0.0007	84.6560287475586
0.0471	1.33691442012787
0.6602	90.951286315918
0.1078	6.90300512313843
0.0415	2.27989315986633
0.0098	61.3915214538574
0.0118	9.01660251617432
0.0149	15.7427368164063
0.0563	28.9949169158936
0.1162	0.0
0.0051	45.2597885131836
0.0363	25.1201782226563
0.0093	8.78579711914063
0.0635	0.0
0.0063	80.5105209350586
0.0017	0.0
0.0105	0.0
0.0045	90.7074737548828
0.035	9.61568832397461
0.0022	43.0450172424316
0.0292	0.0
0.053	49.6975212097168
0.1004	13.0537586212158
0.039	18.6589908599854
0.0225	18.9904098510742
0.0061	90.8749008178711
0.0646	90.8420333862305
0.0525	0.0
0.0145	3.38922762870789
0.0093	80.2174072265625
0.0062	86.5196228027344
0.0009	91.0363235473633
0.0053	81.0082015991211
0.0064	83.3683929443359
0.0361	15.6935472488403
0.0207	41.1279525756836
0.0105	3.40516209602356
0.0006	65.2486343383789
0.0603	8.59667015075684
0.0422	89.7259216308594
0.0039	90.2847518920898
0.0176	0.018661817535758
0.0203	0.0
0.0093	29.583869934082
0.0003	90.4051132202148
0.1525	2.38676476478577
0.1068	3.13954019546509
0.0015	71.9230575561523
0.0025	90.5979461669922
0.08	3.44245338439941
0.1267	23.5979042053223
0.1233	16.4812812805176
0.0357	30.8462200164795
0.0109	2.51825356483459
0.056	1.01160681247711
0.0611	16.5819053649902
0.0501	82.6426162719727
0.0171	89.8966293334961
0.0051	60.032901763916
0.0125	4.68519592285156
0.0223	0.0
0.0186	88.007453918457
0.0319	0.0
0.1617	21.956127166748
0.0002	0.0
0.0235	0.0
0.0563	17.9599323272705
0.0103	90.3910903930664
0.001	90.8321151733398
0.0252	87.5560150146484
0.036	0.0
0.0011	61.4280662536621
0.0443	12.7582988739014
0.0	0.0
0.0319	74.7099151611328
0.0632	0.0
0.0276	9.93280792236328
0.0212	2.44588422775269
0.0521	12.9159250259399
0.0456	0.0
0.0211	25.8147888183594
0.1205	13.6708183288574
0.0517	6.05550527572632
0.0439	2.49343776702881
0.2541	55.132568359375
0.0057	85.073860168457
0.0174	81.5808029174805
0.0719	0.0
0.0516	8.51707172393799
0.0487	28.1864833831787
0.1073	14.0179052352905
0.0763	19.547945022583
0.0162	58.6499633789063
0.0061	76.0075378417969
0.0332	27.5496520996094
0.0481	2.4970965385437
0.1002	75.1403274536133
0.0018	90.4639282226563
0.0054	73.5126037597656
0.0639	16.791633605957
0.0272	0.0
0.0435	62.3169288635254
0.0953	53.2531051635742
0.069	0.0940910652279854
0.1318	0.0
0.0364	5.93833875656128
0.0353	33.9055023193359
0.1895	0.510990142822266
0.0455	60.1360931396484
0.0326	5.47501373291016
0.0095	0.560306310653687
0.0029	56.6077842712402
0.0001	89.6077423095703
0.1144	50.4434700012207
0.0657	10.2754640579224
0.0606	7.10402059555054
0.0022	8.85155963897705
0.0515	5.60730028152466
0.0065	42.7745933532715
0.0149	35.850471496582
0.0085	81.7326965332031
0.0033	61.4097480773926
0.0695	83.668571472168
0.047	2.50083756446838
0.0056	63.2893333435059
0.0483	51.5218124389648
0.0861	90.9301681518555
0.0172	90.0009994506836
0.0097	90.4036560058594
0.0701	28.3217716217041
0.0308	2.35382223129272
0.0003	90.6123275756836
0.0375	0.0
0.0375	20.093713760376
0.1107	0.325021833181381
0.0397	90.7136611938477
0.0126	89.0458602905273
0.0021	85.1765670776367
0.328	5.3638653755188
0.0156	87.4187622070313
0.0112	73.6999588012695
0.0209	0.0481873266398907
0.0023	89.1367340087891
0.0226	3.03115344047546
0.0799	22.6311416625977
0.1563	0.0100926887243986
0.0082	18.2512283325195
0.0325	0.0
0.08	75.6921157836914
0.0502	0.754049837589264
0.0106	87.6251220703125
0.0191	0.0
0.0005	90.4743041992188
0.0417	82.7073516845703
0.0296	7.74690198898315
0.001	90.492790222168
0.0303	55.5393180847168
0.0301	82.7710800170898
0.2194	23.4976348876953
0.0457	65.4636688232422
0.0109	64.2328414916992
0.0079	89.3293304443359
0.4156	2.51389288902283
0.0003	83.7448348999023
0.0115	90.2981338500977
0.2625	35.4686431884766
0.0381	10.6766176223755
0.0049	81.2034454345703
0.0112	4.16859912872314
0.0744	4.54155254364014
0.0002	43.8220443725586
0.0426	45.2837791442871
0.0459	75.1258010864258
0.0721	0.0
0.1433	22.7624549865723
0.0657	21.5138721466064
0.0629	1.735471367836
0.0816	2.52108812332153
0.0333	2.51754093170166
0.0674	50.4274406433105
0.0774	0.787523925304413
0.0004	90.9806976318359
0.0	86.3406372070313
0.0125	25.7185592651367
0.0294	14.6823863983154
0.0022	63.034782409668
0.0742	70.1030731201172
0.0022	90.9478302001953
0.0004	85.743522644043
0.122	2.51798224449158
0.0114	38.5418090820313
0.0131	18.717456817627
0.0187	90.569450378418
0.0066	69.8599548339844
0.0106	19.0715198516846
0.0224	49.6773910522461
0.004	83.4996109008789
0.0283	62.3695259094238
0.0123	0.0
0.0073	69.5215682983398
0.0016	84.1396179199219
0.0836	2.20545673370361
0.0039	81.2256546020508
0.0464	0.602277338504791
0.0563	22.5241241455078
0.0026	17.7454509735107
0.0637	36.6125869750977
0.1444	17.0139255523682
0.0478	90.6431045532227
0.0856	82.3407363891602
0.0237	0.910446107387543
0.0569	32.5059127807617
0.0086	78.8878707885742
0.0403	1.00852143764496
0.0833	0.0
0.09	27.4134902954102
0.05	9.23977661132813
0.2686	13.3529672622681
0.001	60.6151123046875
0.0089	90.971321105957
0.0037	45.0997314453125
0.0181	2.51953101158142
0.0096	82.1772384643555
0.0048	44.9197425842285
0.0021	79.5134506225586
0.2041	4.83040618896484
0.0098	59.4652557373047
0.2954	8.6298713684082
0.0587	26.8788967132568
0.0185	39.3710021972656
0.1273	37.5118255615234
0.0273	48.6906471252441
0.0082	8.91283798217773
0.0134	35.1031227111816
0.0003	74.2163848876953
0.0193	10.02894115448
0.0	85.7874145507813
0.0046	73.7334442138672
0.057	90.7387008666992
0.0701	33.957706451416
0.0012	61.2839508056641
0.0499	0.0
0.2199	10.3623275756836
0.0758	13.0544767379761
0.0194	81.6587295532227
0.0441	90.5331192016602
0.0	87.5930404663086
0.0182	31.0182132720947
0.0889	15.7685680389404
0.0015	66.7660522460938
0.0463	0.0086315451189875
0.1396	0.0
0.039	0.302175432443619
0.0855	29.6096363067627
0.2179	3.58412575721741
0.0013	61.8844337463379
0.094	4.2680344581604
0.06	77.3743591308594
0.117	0.0
0.0797	81.6388931274414
0.0641	23.7027053833008
0.1068	14.515772819519
0.0299	15.5162115097046
0.0132	83.4260559082031
0.0424	11.5803060531616
0.0362	6.7301459312439
0.0581	1.93217742443085
0.0097	52.240047454834
0.0644	0.620463609695435
0.0067	84.5335540771484
0.0554	36.5587196350098
0.03	70.5572052001953
0.0359	5.30359315872192
0.11	4.99381351470947
0.0334	89.3038024902344
0.0223	33.6956672668457
0.0109	0.396744906902313
0.0342	81.673225402832
0.0597	0.0
0.0128	2.51307058334351
0.0067	39.4636688232422
0.0896	0.0
0.0005	59.9149932861328
0.0026	87.0346603393555
0.0046	77.3656997680664
0.0347	47.3246231079102
0.009	90.1086578369141
0.0004	59.5654716491699
0.2306	15.2696981430054
0.9682	89.1395111083984
0.0034	35.7278518676758
0.1693	20.7658157348633
0.1453	2.43539452552795
0.0609	90.9850692749023
0.0428	0.149456381797791
0.0718	5.17996025085449
0.0854	11.775221824646
0.0287	42.66064453125
0.0366	0.656836271286011
0.0733	90.4652938842773
0.0042	71.6389541625977
0.028	39.8950729370117
0.0913	2.34890794754028
0.0018	81.2655181884766
0.0523	14.1468544006348
0.0345	0.386480450630188
0.0005	87.9810180664063
0.0466	8.4472131729126
0.0071	69.0105743408203
0.0054	15.4495553970337
0.0267	65.2568893432617
0.048	89.3713912963867
0.0001	83.7599334716797
0.0285	55.0182991027832
0.0022	61.8165855407715
0.1483	0.0
0.0005	64.9415130615234
0.0006	41.231559753418
0.0782	13.4682197570801
0.0095	22.9990463256836
0.0176	0.0
0.0005	0.0
0.0002	67.9894332885742
0.0782	9.80933284759521
0.0	0.0
0.0398	82.1161193847656
0.0563	23.8681793212891
0.0047	74.5380249023438
0.0071	0.679741501808167
0.0006	90.9635772705078
0.1447	1.02008152008057
0.153	15.0894775390625
0.0323	13.9121532440186
0.0555	38.6612205505371
0.0271	90.5744552612305
0.2185	59.9897575378418
0.0138	80.0771865844727
0.0274	74.2921142578125
0.006	25.045747756958
0.0046	74.5329895019531
0.0253	85.051513671875
0.0114	31.2167510986328
0.0041	22.5304088592529
0.0648	35.920352935791
0.001	90.7567291259766
0.1342	9.15209484100342
0.1844	18.1551170349121
0.0131	64.4630661010742
0.2986	3.79350614547729
0.0829	0.159057691693306
0.0093	7.50306510925293
0.1681	14.1163263320923
0.0912	2.35887837409973
0.0037	59.5895118713379
0.0243	2.51247453689575
0.0502	0.971462428569794
0.0421	0.0
0.0898	1.05952823162079
0.0264	40.738224029541
0.0348	74.1394195556641
0.0653	90.881217956543
0.0891	9.45189189910889
0.0204	84.9960479736328
0.0384	4.88248014450073
0.0623	0.0
0.0258	0.009019661694765
0.0409	49.4775886535645
0.0621	3.72004103660583
0.0071	1.82089221477509
0.2377	29.890739440918
0.1492	2.49914574623108
0.0432	50.5939445495605
0.0869	0.0513188578188419
0.0554	80.7356109619141
0.0009	62.0021133422852
0.0172	31.5984878540039
0.004	89.7850112915039
0.0472	1.61857092380524
0.0125	3.59200572967529
0.025	3.08400678634644
0.0371	0.0
0.0174	33.9238510131836
0.1987	1.62724912166595
0.0432	17.8409996032715
0.0246	18.4606456756592
0.079	0.903339624404907
0.2378	28.5408058166504
0.0151	34.7357864379883
0.1193	0.0
0.0005	70.2350616455078
0.0155	90.2651748657227
0.0711	90.216064453125
0.0529	57.0918083190918
0.0124	3.71518540382385
0.0008	0.0
0.0245	90.2476043701172
0.0016	90.9104080200195
0.0304	5.42051076889038
0.0052	56.2959175109863
0.0676	90.6057434082031
0.0027	48.5918884277344
0.0229	79.7805862426758
0.0097	34.2117042541504
0.0005	70.8611755371094
0.0505	26.5812511444092
0.0207	59.4997749328613
0.0541	26.3553905487061
0.0131	47.634464263916
0.1014	53.3019714355469
0.001	88.3983383178711
0.0109	84.5531539916992
0.2322	14.7742671966553
0.1784	2.51655387878418
0.0314	90.507080078125
0.0495	76.5121612548828
0.1135	57.2007484436035
0.0004	63.1407775878906
0.0049	90.794059753418
0.012	62.8748779296875
0.1191	2.52574944496155
0.0025	31.7125473022461
0.113	3.46383786201477
0.0986	2.50903153419495
0.023	82.6831665039063
0.061	0.505803406238556
0.0971	2.47491478919983
0.0078	41.2061309814453
0.0096	4.79465198516846
0.0055	77.1733245849609
0.1101	0.0
0.0905	4.15017986297607
0.0533	32.4132995605469
0.181	4.55223035812378
0.0023	81.2912979125977
0.0294	7.63802766799927
0.0976	37.7934303283691
0.0323	0.0
0.0274	73.7616424560547
0.1075	1.63413512706757
0.0124	1.8382602930069
0.1304	0.0
0.0245	9.19687747955322
0.0565	2.35120463371277
0.304	6.20744466781616
0.0344	0.0
0.1184	2.47688317298889
0.0008	11.8329763412476
0.0003	53.3602142333984
0.0027	78.6060943603516
0.0171	0.0
0.0025	90.8383026123047
0.0551	6.01592588424683
0.239	0.0
0.0054	50.3163948059082
0.0118	11.3647975921631
0.2716	10.3944053649902
0.0038	85.8456192016602
0.0024	89.6905975341797
0.0125	72.5092620849609
0.02	4.16605806350708
0.0877	2.49073934555054
0.085	24.0612106323242
0.0713	5.94819307327271
0.0063	0.534099698066711
0.0344	0.0
0.0035	43.7335319519043
0.042	7.16671848297119
0.1869	2.28060746192932
0.0578	23.6864471435547
0.0035	89.6736755371094
0.0004	85.5699768066406
0.0192	21.7143268585205
0.0136	90.6152420043945
0.0481	14.5574741363525
0.0079	19.4832992553711
0.0074	90.8120803833008
0.0252	61.2171630859375
0.1762	75.4931945800781
0.0089	0.106432609260082
0.0	0.0
0.0204	23.3706607818604
0.0106	71.7657318115234
0.0378	40.9599380493164
0.0206	28.2659091949463
0.0915	0.298757582902908
0.307	4.27011394500732
0.0081	69.0794525146484
0.0754	14.4599666595459
0.1166	35.4118041992188
0.016	0.706846237182617
0.2051	19.2350044250488
0.06	90.4623794555664
0.0739	16.4760761260986
0.0001	84.6714859008789
0.0519	86.360466003418
0.0083	25.2852993011475
0.003	0.0
0.0054	83.4574508666992
0.0066	70.5084915161133
0.0342	68.8417358398438
0.2165	0.62036120891571
0.0075	60.1124725341797
0.0122	46.0708656311035
0.0342	11.7114553451538
0.0847	1.64797019958496
0.1749	3.36733770370483
0.0039	58.5486907958984
0.3493	4.46975135803223
0.0842	5.37356281280518
0.0043	19.4015674591064
0.0788	18.9428997039795
0.3295	2.32077026367188
0.093	75.8348770141602
0.0056	90.692268371582
0.1587	0.96797901391983
0.2474	25.8625984191895
0.0052	76.2844848632813
0.0324	2.35747933387756
0.068	1.97004568576813
0.0789	62.8033027648926
0.013	89.4032287597656
0.0865	32.4396476745605
0.0235	12.7404193878174
0.0007	81.0879592895508
0.0903	25.0359058380127
0.036	0.0
0.0666	42.0602607727051
0.0313	53.3432235717773
0.0098	42.5736427307129
0.0459	28.5317096710205
0.0272	90.8959350585938
0.1099	0.0
0.0013	71.6978302001953
0.0014	90.1767730712891
0.0484	79.9526443481445
0.0002	90.6306304931641
0.0239	81.3111190795898
0.0057	88.7613906860352
0.0504	1.31718385219574
0.005	28.0861549377441
0.0172	28.6535835266113
0.0426	90.8311996459961
0.1491	86.6359710693359
0.0081	87.1076049804688
0.1456	19.350736618042
0.0424	91.0400619506836
0.1854	2.47537040710449
0.0178	2.23159837722778
0.0401	56.8804550170898
0.0201	64.1790542602539
0.0002	82.9487152099609
0.078	25.2125377655029
0.0268	16.834602355957
0.0449	0.214627295732498
0.0045	0.0
0.0042	90.3475723266602
0.0728	18.7260417938232
0.04	44.8899765014648
0.1604	8.71217823028564
0.0098	89.3278884887695
0.18	7.19356966018677
0.0186	64.9925079345703
0.0102	88.9658813476563
0.0281	5.03695487976074
0.0498	75.9627838134766
0.057	72.4886245727539
0.0657	0.101470574736595
0.026	90.2306747436523
0.0213	90.9295272827148
0.0125	29.072301864624
0.0477	0.149170979857445
0.0786	0.0
0.0505	62.487247467041
0.004	85.3731231689453
0.0333	1.21788644790649
0.0014	60.9022903442383
0.0076	76.1697311401367
0.0695	16.2890720367432
0.0537	11.0226068496704
0.021	0.0
0.0228	20.4225406646729
0.012	75.7769012451172
0.0699	7.52161121368408
0.0661	12.4849328994751
0.0331	68.6977386474609
0.0998	20.1850891113281
0.0191	45.3433303833008
0.0918	77.4340286254883
0.016	61.6160430908203
0.0039	0.0
0.0422	16.2826271057129
0.2822	3.91853189468384
0.098	0.0
0.0495	0.0
0.0849	3.87784790992737
0.0004	90.5675354003906
0.0008	2.67443537712097
0.0	0.0
0.0099	51.1134338378906
0.0009	87.380615234375
0.0619	63.2611885070801
0.0069	56.781307220459
0.0413	0.343920528888702
0.0032	67.9328231811523
0.0791	2.04627418518066
0.0611	20.3927536010742
0.0163	32.0530776977539
0.0085	62.734992980957
0.2576	7.75968027114868
0.0081	5.53827524185181
0.0253	90.7539978027344
0.0175	90.6396408081055
0.002	31.0491981506348
0.033	69.7552261352539
0.0058	90.7859497070313
0.0507	89.8163299560547
0.0044	60.2715644836426
0.059	90.8813705444336
0.0013	60.4090385437012
0.0001	74.3530960083008
0.0134	2.46332693099976
0.0558	3.0862672328949
0.0013	26.6302757263184
0.0588	21.0916748046875
0.0641	0.116279117763042
0.028	77.0539855957031
0.0623	33.3694801330566
0.0618	2.49534511566162
0.0314	8.03814601898193
0.0348	86.8086700439453
0.0001	90.932258605957
0.2226	4.84832859039307
0.0049	14.5446500778198
0.057	67.1534423828125
0.0002	66.9096603393555
0.037	2.01910901069641
0.123	44.294376373291
0.077	28.6949310302734
0.0936	0.0
0.001	60.3788414001465
0.0576	13.9708194732666
0.0636	3.10432648658752
0.0449	5.59734153747559
0.0317	0.161259785294533
0.035	0.0067557310685515
0.0	0.0
0.0153	67.1926879882813
0.176	11.1545972824097
0.0358	21.6396636962891
0.0027	90.3158874511719
0.0056	90.4117584228516
0.0574	0.290105581283569
0.0446	23.7134189605713
0.0984	4.06731843948364
0.0118	90.8021621704102
0.1142	5.65984630584717
0.0173	90.5943069458008
0.01	8.68637466430664
0.0945	32.0096549987793
0.1746	0.0
0.053	0.0
0.0018	85.8120880126953
0.0151	8.80097961425781
0.0956	50.5067253112793
0.0107	2.19555854797363
0.0067	88.6936569213867
0.3002	12.3789596557617
0.1991	2.34408855438232
0.0189	27.5546913146973
0.0431	0.0
0.015	9.98568153381348
0.231	9.3626594543457
0.0839	15.6445360183716
0.0081	90.1598129272461
0.013	0.0
0.0463	29.9941558837891
0.1415	7.41343259811401
0.011	90.6100540161133
0.0199	22.1109085083008
0.0096	34.0046882629395
0.004	90.4146728515625
0.0291	2.91558051109314
0.0911	82.7140197753906
0.0023	85.7075347900391
0.0005	90.752082824707
0.0302	33.2156372070313
0.0	0.0
0.025	72.4744186401367
0.0093	39.0133934020996
0.158	18.0166187286377
0.0012	90.0065231323242
0.0368	44.2802085876465
0.0024	27.7758159637451
0.0204	62.9371452331543
0.0238	89.4987640380859
0.0178	2.10871458053589
0.0023	34.4384841918945
0.0248	15.2817392349243
0.248	22.8182239532471
0.0072	87.2249221801758
0.0956	5.86499309539795
0.0773	6.55068874359131
0.0325	0.0
0.0694	0.234298259019852
0.0009	0.0
0.2233	12.0347814559937
0.023	59.1362724304199
0.1847	17.0832138061523
0.0166	2.51784348487854
0.0063	74.3058700561523
0.1389	2.5125105381012
0.0037	0.0
0.0597	4.14036893844604
0.0111	0.019642136991024
0.0386	6.24633550643921
0.001	1.51741027832031
0.001	54.5924453735352
0.135	2.51653909683228
0.0015	87.982292175293
0.022	22.4563655853271
0.949	7.17988014221191
0.0372	24.3690528869629
0.0492	22.5793285369873
0.0646	17.8904247283936
0.0061	53.8786163330078
0.0216	16.0507583618164
0.0135	56.6733131408691
0.0252	36.8488502502441
0.0204	2.31761789321899
0.9001	80.14306640625
0.0094	0.0
0.0123	40.9363021850586
0.0306	0.0
0.047	2.85324478149414
0.0928	59.2532768249512
0.0353	57.0367584228516
0.0139	61.4137954711914
0.1323	8.29158020019531
0.0013	59.2970085144043
0.0001	86.4206695556641
0.0127	60.0959053039551
0.0202	0.0258240979164839
0.0752	80.1947631835938
0.0925	0.0
0.0049	90.1308898925781
0.012	90.9825210571289
0.0089	90.4613800048828
0.0009	0.0
0.0078	64.5776748657227
0.0997	45.3354911804199
0.0001	85.0569686889648
0.0331	76.0992431640625
0.0172	0.462028294801712
0.0124	87.6397857666016
0.1873	20.4904499053955
0.2252	8.59181022644043
0.0485	90.53271484375
0.1412	33.218620300293
0.0801	34.6345863342285
0.0103	2.51462316513062
0.0447	0.0
0.0384	0.0
0.8753	83.9737319946289
0.0816	9.94863319396973
0.0115	53.0434799194336
0.0649	47.0334014892578
0.0543	88.5950775146484
0.0587	70.3315353393555
0.0106	82.378059387207
0.1135	4.8871750831604
0.0338	87.369743347168
0.0715	32.7899208068848
0.0874	1.50217926502228
0.0319	78.4412307739258
0.1599	6.3677978515625
0.0328	10.2507925033569
0.0316	12.7379713058472
0.0003	87.4923400878906
0.0107	41.2937965393066
0.0119	0.0
0.2561	3.91975283622742
0.0288	90.9490127563477
0.0063	74.6761093139648
0.04	0.163680717349052
0.005	69.6318359375
0.0009	90.5704498291016
0.0194	0.800390243530273
0.0957	2.51571774482727
0.0553	2.37197113037109
0.2812	6.18932962417603
0.0882	0.71388965845108
0.0048	90.906494140625
0.0207	69.9005432128906
0.0315	2.97616076469421
0.0043	72.1826171875
0.0459	0.605507433414459
0.0646	13.7789916992188
0.0003	89.6925964355469
0.016	10.5680418014526
0.0	60.439395904541
0.0735	2.58816194534302
0.0031	55.0363464355469
0.0099	82.8842926025391
0.064	0.204321190714836
0.0036	87.0088272094727
0.036	64.1509704589844
0.0096	45.2327842712402
0.0628	1.92426943778992
0.028	26.6937828063965
0.051	5.73824167251587
0.1573	1.65352058410645
0.0644	44.664005279541
0.0	80.2929382324219
0.0458	0.0850115045905113
0.0837	0.0
0.0568	47.6340789794922
0.0238	33.8912734985352
0.0137	0.403393417596817
0.0742	21.9584159851074
0.0326	1.58969509601593
0.016	89.5970230102539
0.0034	90.3188018798828
0.0014	28.7484569549561
0.0017	54.8331031799316
0.0109	16.2458171844482
0.061	82.9446182250977
0.0123	86.0796432495117
0.0564	0.471374362707138
0.0376	0.0
0.0487	0.0
0.0408	23.348274230957
0.0091	0.151741027832031
0.0	0.0
0.1555	0.906136691570282
0.1521	14.3878517150879
0.0521	13.5553827285767
0.0046	87.9489364624023
0.0102	67.7773895263672
0.0974	1.16203272342682
0.139	20.3806133270264
0.0074	14.9188461303711
0.0435	59.3202247619629
0.0758	0.0
0.0177	22.406364440918
0.0219	14.8927726745605
0.1663	15.7288980484009
0.0016	80.3639831542969
0.0265	9.29582786560059
0.0174	26.6088695526123
0.1086	24.2910842895508
0.0342	83.3712387084961
0.0397	30.3145904541016
0.0672	33.3618812561035
0.0031	79.4233322143555
0.0401	37.3986549377441
0.0234	0.0
0.0031	0.0
0.0	0.0
0.9187	90.2221527099609
0.0592	15.8325910568237
0.0762	17.0368671417236
0.0109	2.31198668479919
0.0783	0.251143723726273
0.0017	76.623893737793
0.1181	5.78299474716187
0.0239	29.2689971923828
0.0249	83.6731109619141
0.0083	89.7302932739258
0.0004	44.2833404541016
0.0039	76.0625076293945
0.0269	74.3976135253906
0.0843	0.346715956926346
0.2244	2.45188856124878
0.0008	90.9572067260742
0.0267	0.183052703738213
0.0069	0.0
0.0094	90.0748062133789
0.0106	56.342903137207
0.0766	6.76570892333984
0.0099	2.31498742103577
0.0619	47.1722984313965
0.0	83.4540405273438
0.079	0.426378607749939
0.0005	67.420768737793
0.068	17.1981563568115
0.2314	2.47277235984802
0.07	81.9654235839844
0.0196	83.9241409301758
0.3	59.5855102539063
0.0707	1.00781333446503
0.0144	38.0939331054688
0.0289	46.7362327575684
0.1288	29.4946022033691
0.0346	76.1747741699219
0.1186	0.0
0.0894	0.0
0.0206	0.657544434070587
0.2079	2.4923243522644
0.1666	0.0
0.1315	43.5980949401855
0.0329	10.9895858764648
0.017	19.1047210693359
0.0099	54.4838218688965
0.0067	90.9307174682617
0.0315	87.862663269043
0.0054	18.7619686126709
0.0055	72.8134307861328
0.0471	38.0213241577148
0.0218	0.0
0.2797	11.2744102478027
0.0919	0.0
0.0439	68.5900421142578
0.0934	0.0
0.0	0.0
0.0843	14.5503511428833
0.1083	2.49384927749634
0.0111	86.2737503051758
0.021	79.6223068237305
0.0119	32.0051803588867
0.0046	58.8129653930664
0.0007	59.9853096008301
0.0011	79.2085189819336
0.05	72.4170455932617
0.1157	18.8502235412598
0.0004	0.0
0.042	78.7144241333008
0.048	17.7646541595459
0.0486	43.6609840393066
0.2073	4.04642724990845
0.2016	4.24900436401367
0.1112	72.8355026245117
0.0061	10.4890727996826
0.0007	61.6923942565918
0.005	8.7269172668457
0.0181	28.515905380249
0.2857	2.51890230178833
0.0	86.9981842041016
0.1437	3.19440770149231
0.0466	90.6459274291992
0.1656	9.13085460662842
0.1368	2.41068053245544
0.1282	83.7610397338867
0.0019	0.910446107387543
0.1022	0.0
0.0205	11.171703338623
0.0476	9.58840560913086
0.0003	81.5367050170898
0.0274	0.437345892190933
0.043	31.9186420440674
0.0097	69.000129699707
0.0073	89.283447265625
0.016	3.15873217582703
0.0202	33.2195205688477
0.0008	89.4082565307617
0.0973	83.7449569702148
0.0139	20.6873588562012
0.0075	75.5248413085938
0.0279	90.4829559326172
0.013	66.4429168701172
0.0989	10.2649354934692
0.0734	39.2050514221191
0.0074	25.6442718505859
0.0127	90.9400939941406
0.0066	1.35340690612793
0.0009	81.3557968139648
0.0891	91.0317764282227
0.2679	2.51237440109253
0.1398	5.11232233047485
0.0419	0.0
0.0386	25.3444557189941
0.2506	0.0
0.0034	0.0
0.0568	0.348447233438492
0.0837	54.3820838928223
0.0356	23.2239990234375
0.0	0.0
0.0	0.0
0.0183	34.5109596252441
0.0348	0.0
0.0995	0.108846351504326
0.2838	3.59024310112
0.0931	2.50077986717224
0.056	35.0840797424316
0.0702	41.0053939819336
0.001	90.4438095092773
0.0154	90.637092590332
0.029	0.310768932104111
0.023	64.9308776855469
0.0801	14.8767185211182
0.0011	59.9266319274902
0.0038	0.0656698197126389
0.0004	91.0217590332031
0.071	0.0
0.2131	3.12938451766968
0.0035	79.8600997924805
0.0056	0.0
0.0031	59.9221611022949
0.1072	58.5808334350586
0.0064	15.0097923278809
0.0017	90.6259002685547
0.0108	90.4692077636719
0.005	76.1093368530273
0.1675	29.1786937713623
0.1151	8.58905029296875
0.0649	37.8247833251953
0.0067	78.3466796875
0.8189	81.7264099121094
0.0175	90.9626693725586
0.974	90.9013977050781
0.0006	73.5943984985352
0.0171	50.0295639038086
0.1155	8.00692844390869
0.0746	28.6859912872314
0.0536	0.0
0.0599	0.024343978613615
0.1754	55.6338195800781
0.0789	0.0
0.0024	62.0620765686035
0.0412	31.5788898468018
0.0169	0.0
0.0691	7.81138324737549
0.0278	27.7874870300293
0.0068	90.4052963256836
0.0001	88.1835021972656
0.1918	2.57307529449463
0.0277	13.9286222457886
0.0734	24.9845638275146
0.0558	0.0
0.0004	86.881721496582
0.0	16.2549228668213
0.0009	59.9689407348633
0.112	0.0
0.0115	89.5098190307617
0.0757	32.1001434326172
0.0626	52.0806274414063
0.0	0.0
0.0046	60.7474670410156
0.0427	45.9424209594727
0.0	80.0609893798828
0.0154	77.742790222168
0.0022	56.2379302978516
0.0253	78.3149032592773
0.0485	17.3268032073975
0.966	57.4409332275391
0.0059	87.6431732177734
0.1899	0.334109991788864
0.0661	88.9573211669922
0.0509	10.5416107177734
0.0013	90.5403137207031
0.0163	4.62424659729004
0.3228	2.49896335601807
0.0042	90.5615310668945
0.0444	23.3476428985596
0.0011	90.6170654296875
0.0299	13.1139802932739
0.0654	11.1672430038452
0.0345	23.12428855896
0.0463	18.3100833892822
0.0381	15.6562328338623
0.0589	6.34122085571289
0.0065	78.1343460083008
0.0003	90.4458999633789
0.0036	72.0769805908203
0.0016	90.3945541381836
0.0644	36.206600189209
0.0143	69.7429962158203
0.0013	64.353630065918
0.0037	89.4955673217773
0.0318	90.6230773925781
0.0003	85.4249725341797
0.1279	18.1182651519775
0.0693	38.1968688964844
0.1077	80.2054061889648
0.0222	23.2355060577393
0.0003	89.2195053100586
0.0701	74.3433151245117
0.1316	4.45221185684204
0.0039	78.0843963623047
0.0046	90.6914520263672
0.0101	42.759391784668
0.0005	89.5529327392578
0.1334	0.277152448892593
0.0324	86.5649795532227
0.033	51.869255065918
0.0177	75.4377212524414
0.1057	9.05852603912354
0.9143	68.9401550292969
0.0568	11.3473033905029
0.0089	2.51546359062195
0.0099	82.0439758300781
0.0959	12.0395917892456
0.8987	13.6434383392334
0.0103	90.6974563598633
0.2066	0.0
0.0967	12.1413841247559
0.1876	10.3688716888428
0.0081	23.027286529541
0.0292	48.9762229919434
0.0229	88.2621994018555
0.044	0.0
0.0164	62.0527801513672
0.1405	3.64638495445251
0.0198	14.9202375411987
0.0964	4.48677396774292
0.0349	25.6635322570801
0.006	72.2134399414063
0.0149	19.2050323486328
0.0112	66.4745254516602
0.0002	91.0446090698242
0.0	73.7407608032227
0.1846	18.8967113494873
0.1984	9.40475082397461
0.0145	89.7798690795898
0.0047	90.7421569824219
0.0235	85.1939849853516
0.202	6.40597057342529
0.0467	55.8087882995605
0.0713	22.6203384399414
0.0046	73.9519119262695
0.0032	59.7015953063965
0.0812	0.0
0.0416	38.055850982666
0.0603	20.6791820526123
0.053	0.0
0.0015	0.0
0.0523	52.2659912109375
0.2244	17.3582019805908
0.0002	71.1259231567383
0.0015	84.5197448730469
0.0743	0.701243281364441
0.0713	1.33967995643616
0.1396	6.73465728759766
0.0187	2.51396584510803
0.0087	38.0745162963867
0.1013	1.55350577831268
0.1756	0.0
0.0193	33.0663871765137
0.1498	0.118216045200825
0.0283	90.9486465454102
0.0411	14.0470056533813
0.0261	31.3015766143799
0.0041	41.2446441650391
0.0063	50.4638214111328
0.0999	4.74618911743164
0.0372	39.1696395874023
0.0419	0.0
0.0173	69.016357421875
0.022	0.0
0.0158	16.5020198822021
0.0101	82.8019638061523
0.0062	77.0004043579102
0.0491	0.0
0.0059	61.1947288513184
0.0279	39.8581123352051
0.1005	4.79931735992432
0.0803	0.0
0.1186	11.5009126663208
0.0002	49.771053314209
0.0056	72.4883193969727
0.1458	0.40136244893074
0.057	0.0740215480327606
0.001	89.6729354858398
0.0312	23.2594966888428
0.0178	33.2031059265137
0.0217	7.64081907272339
0.1026	0.0178456455469131
0.216	3.31588053703308
0.0	0.0
0.0586	9.37501525878906
0.0391	32.3802146911621
0.0125	35.5197525024414
0.1472	8.25773906707764
0.0603	19.2727146148682
0.0281	0.0
0.0069	55.5574989318848
0.0439	88.6676025390625
0.0704	0.240580692887306
0.0072	87.5305023193359
0.008	15.0909776687622
0.1175	2.57460951805115
0.0062	46.5236511230469
0.0034	90.403564453125
0.1817	26.0918674468994
0.091	2.51372814178467
0.0035	50.3625030517578
0.178	4.73972320556641
0.0387	2.51488852500916
0.0144	59.4912567138672
0.0066	56.894660949707
0.14	0.634772181510925
0.0592	53.2578659057617
0.019	2.05689764022827
0.0095	0.0
0.0384	62.2811737060547
0.044	87.9529266357422
0.019	18.7742042541504
0.1038	1.45215702056885
0.0004	90.8161773681641
0.1439	73.5787887573242
0.196	2.60037994384766
0.1005	2.50317907333374
0.0495	16.6028347015381
0.0528	88.1442413330078
0.002	63.9160079956055
0.1649	0.0
0.0103	0.0
0.0105	0.0828443840146065
0.0218	38.4528732299805
0.1202	0.0
0.0146	78.2763061523438
0.175	5.18665409088135
0.0207	6.37312269210815
0.0883	0.382848352193832
0.0151	87.4822540283203
0.0141	2.22408413887024
0.063	0.503947138786316
0.0138	83.6457061767578
0.0071	0.979802548885345
0.0002	1.06218707561493
0.0016	0.0
0.0002	60.2967338562012
0.0105	32.8755836486816
0.1507	2.84698963165283
0.0028	84.877082824707
0.0208	79.6329879760742
0.0073	0.0
0.0326	41.6863746643066
0.0046	90.3296356201172
0.0274	0.125075057148933
0.0222	0.0
0.1762	2.51467728614807
0.013	90.7140274047852
0.0103	74.4198150634766
0.0337	30.9179286956787
0.0167	0.0
0.0077	17.26611328125
0.0203	21.2653999328613
0.0072	23.5967845916748
0.082	2.86126136779785
0.0471	39.6507034301758
0.0376	13.4772911071777
0.0873	40.7641372680664
0.0807	0.0
0.0031	90.8309326171875
0.0139	53.004508972168
0.0038	89.6996078491211
0.038	45.5530014038086
0.0064	32.5133361816406
0.0	0.0
0.2068	40.8041725158691
0.0047	81.7916259765625
0.0097	76.5005187988281
0.0752	11.7256565093994
0.0034	89.9372329711914
0.0216	88.6431350708008
0.0553	90.1338882446289
0.0961	2.59479784965515
0.018	47.1963386535645
0.027	71.8200759887695
0.029	90.1795043945313
0.0182	11.0788488388062
0.0365	0.503173232078552
0.0011	47.7255249023438
0.2572	36.0132026672363
0.0023	0.0
0.0752	14.6141767501831
0.0249	65.6152038574219
0.0004	71.5263824462891
0.0233	80.5910873413086
0.2386	2.61654233932495
0.0269	0.0
0.0525	39.5387878417969
0.0095	86.0436859130859
0.0195	12.8102550506592
0.0573	0.0
0.0713	66.7410202026367
0.2132	2.51838350296021
0.0662	2.49158263206482
0.0241	90.5791015625
0.0915	0.0
0.129	0.0
0.1274	3.18829751014709
0.012	90.3176193237305
0.1392	3.02479290962219
0.0797	67.4157257080078
0.0	0.0
0.1643	0.141433835029602
0.0479	23.9444885253906
0.0372	90.2990493774414
0.0469	1.74574780464172
0.0004	90.223388671875
0.0163	18.2089214324951
0.0062	89.7653503417969
0.0812	4.66380596160889
0.0326	90.7658309936523
0.0608	19.3990154266357
0.057	27.9332904815674
0.0546	0.0
0.0175	30.0964736938477
0.1095	10.1376867294312
0.0144	25.5734748840332
0.0142	86.6765975952148
0.0451	84.6901397705078
0.0537	0.0
0.1414	2.49431324005127
0.031	37.6804962158203
0.1018	0.0
0.0558	18.7662963867188
0.0211	42.394603729248
0.0818	29.926477432251
0.0162	15.3344898223877
0.0145	89.8500137329102
0.0125	9.06090641021729
0.0017	58.6909523010254
0.0201	33.5679779052734
0.0043	84.441535949707
0.0643	54.8290138244629
0.0083	2.51766633987427
0.0594	90.9976348876953
0.0299	85.9736938476563
0.0347	6.55575132369995
0.0754	2.5110297203064
0.0233	73.5691299438477
0.1027	0.125980451703072
0.0649	31.7160339355469
0.0445	26.1429786682129
0.0	83.6942443847656
0.0207	2.52077341079712
0.0179	24.3877658843994
0.0254	9.1251392364502
0.0245	65.615478515625
0.0627	11.2504987716675
0.0284	84.464225769043
0.0972	17.4849605560303
0.0967	0.448050886392593
0.2322	62.8548927307129
0.0	61.7328109741211
0.0114	72.0637054443359
0.0132	82.724006652832
0.0025	88.798713684082
0.0004	50.9636116027832
0.0413	9.20637989044189
0.012	2.49207973480225
0.0053	90.8480453491211
0.053	21.7895488739014
0.0042	90.1642990112305
0.0291	58.4264030456543
0.1303	0.303397208452225
0.0433	0.0252142995595932
0.8178	90.9657669067383
0.0161	5.46267652511597
0.0171	87.6167526245117
0.0149	0.0
0.1544	1.16125094890594
0.001	60.2977828979492
0.0512	47.1557502746582
0.1254	90.9979019165039
0.0083	2.49483513832092
0.0074	90.6096878051758
0.0005	0.0
0.036	51.2397880554199
0.0085	58.5357513427734
0.0133	51.2979850769043
0.06	27.8010025024414
0.0	0.0
0.0048	17.9546585083008
0.0404	48.4323768615723
0.0298	88.3239974975586
0.0118	73.6851806640625
0.0566	70.6012268066406
0.1626	0.226233586668968
0.0118	90.8906555175781
0.0445	22.3858604431152
0.083	6.04428958892822
0.1078	1.42830312252045
0.0223	57.8205299377441
0.0116	17.5315074920654
0.0042	28.4093742370605
0.106	5.14086627960205
0.0	0.0
0.0321	0.541443228721619
0.04	56.6252288818359
0.0004	90.935173034668
0.0843	0.854861378669739
0.0446	13.1840486526489
0.0032	59.7175254821777
0.006	90.1661224365234
0.1492	15.3296976089478
0.0211	2.52235436439514
0.0071	86.9090881347656
0.2249	0.0
0.0052	79.5093841552734
0.0178	90.1465454101563
0.1288	0.0
0.0004	90.4501800537109
0.032	58.8743019104004
0.0218	72.4371566772461
0.0128	78.9050369262695
0.0354	47.9943771362305
0.0	23.3681163787842
0.0591	88.363166809082
0.055	17.7321548461914
0.0129	54.5071487426758
0.0057	52.3648071289063
0.1175	40.9700736999512
0.0747	2.51551699638367
0.0093	58.0203018188477
0.126	6.68242883682251
0.0392	27.7606143951416
0.0088	73.2991638183594
0.0294	84.1716690063477
0.279	48.3548049926758
0.0316	0.0
0.8671	81.2164916992188
0.0174	0.0
0.0158	84.6509094238281
0.1254	3.02901911735535
0.0135	89.593994140625
0.0015	58.5639610290527
0.028	2.40313267707825
0.0033	85.7111434936523
0.0209	2.15038180351257
0.0284	21.3791580200195
0.0012	60.2614479064941
0.0447	0.201663821935654
0.0762	0.0
0.03	90.6584014892578
0.0057	83.9160919189453
0.0736	0.138770043849945
0.1492	0.0
0.0392	0.121312215924263
0.067	0.483216464519501
0.0002	89.1748428344727
0.0458	90.7127532958984
0.3136	9.96845531463623
0.0106	49.050365447998
0.0457	1.09124052524567
0.0856	52.9080085754395
0.0	0.0
0.0742	6.91927003860474
0.0035	5.03358316421509
0.032	11.6614818572998
0.0752	15.7782487869263
0.0159	80.3194351196289
0.0074	90.486328125
0.0284	30.5733585357666
0.0147	37.6827011108398
0.0914	3.47527241706848
0.0042	81.5281677246094
0.0231	6.9825611114502
0.2498	16.1134090423584
0.0524	51.7037963867188
0.1473	7.79847097396851
0.063	7.55475378036499
0.0098	24.9679298400879
0.0103	58.6794509887695
0.0627	84.4502792358398
0.0057	71.0566253662109
0.0751	2.24885845184326
0.0822	5.03773975372314
0.0402	1.53493881225586
0.013	71.5093536376953
0.1126	0.0
0.0125	2.27441763877869
0.0058	90.3825378417969
0.0331	2.51210737228394
0.0011	67.8454360961914
0.0288	90.8292922973633
0.1913	11.8442335128784
0.0808	18.5543308258057
0.0006	90.7384262084961
0.0069	63.2893714904785
0.0094	87.6300659179688
0.0163	35.6006736755371
0.0088	87.2140274047852
0.0011	60.3411560058594
0.0295	0.28209188580513
0.0112	86.3603820800781
0.0057	37.3546943664551
0.0539	11.1745691299438
0.0358	25.5115203857422
0.1237	16.4700355529785
0.017	43.1373176574707
0.0123	0.566547334194183
0.0118	82.1320037841797
0.0385	23.6208934783936
0.2501	6.70843124389648
0.0688	0.0
0.0149	0.156838282942772
0.0428	53.7576026916504
0.0747	28.9953651428223
0.0065	0.0
0.1413	10.6226215362549
0.0033	59.9396858215332
0.0374	9.30002880096436
0.0513	6.12114667892456
0.0089	2.35165810585022
0.052	0.910035967826843
0.0038	79.3298263549805
0.014	89.7131729125977
0.0665	25.0800285339355
0.0652	0.882991135120392
0.0032	90.3826217651367
0.0763	26.7051334381104
0.158	13.9116992950439
0.1565	70.4643020629883
0.0001	89.63232421875
0.0348	90.7494430541992
0.0368	2.94130706787109
0.0286	0.0
0.0844	66.6471328735352
0.0116	90.7055587768555
0.0328	0.0
0.0048	68.5451126098633
0.002	90.7634658813477
0.2374	11.9869375228882
0.0017	90.459831237793
0.1376	0.0
0.1162	0.447446942329407
0.228	20.6392879486084
0.0172	52.4262199401855
0.0802	35.1752166748047
0.0024	90.0799179077148
0.0082	88.0630798339844
0.0094	90.5082702636719
0.0228	29.8381366729736
0.2398	4.7320818901062
0.0753	21.0164928436279
0.0485	30.0222339630127
0.0231	0.0
0.0802	72.564094543457
0.0047	3.03482031822205
0.0044	61.1846923828125
0.1558	5.9666223526001
0.0691	5.83912038803101
0.3075	13.1151752471924
0.1245	3.05146288871765
0.0044	0.0
0.0248	0.275973737239838
0.0079	75.2197875976563
0.0059	0.543805122375488
0.0	59.7297515869141
0.0895	0.0
0.2737	11.5411758422852
0.0162	9.64155006408691
0.1483	2.48364019393921
0.0465	0.680242359638214
0.154	11.1733312606812
0.0007	90.8390350341797
0.0047	78.9698028564453
0.0242	74.2780456542969
0.0118	0.0
0.0612	90.5570678710938
0.0856	26.9354228973389
0.0284	15.6778860092163
0.0466	17.5175647735596
0.0695	1.31508886814117
0.0009	71.8430252075195
0.0139	74.6536331176758
0.018	45.6960678100586
0.0474	1.82004249095917
0.062	69.976806640625
0.1751	33.1237106323242
0.0378	0.181462958455086
0.1551	26.9154586791992
0.0656	18.4744262695313
0.0015	72.8668365478516
0.0101	37.1448516845703
0.0058	54.5769195556641
0.0656	2.51936936378479
0.0004	52.8385353088379
0.0061	13.0604047775269
0.2351	0.0
0.1332	2.49951171875
0.0756	0.0496892519295216
0.0047	45.8453102111816
0.1081	23.858211517334
0.0837	0.0
0.0144	89.1721115112305
0.0992	0.50332498550415
0.0446	49.655818939209
0.0088	81.3467483520508
0.0215	90.1595230102539
0.1257	2.46554660797119
0.0081	1.46343445777893
0.0801	2.77678990364075
0.0144	14.9495439529419
0.0001	88.2121124267578
0.0005	80.6462478637695
0.0259	55.4797744750977
0.0222	2.04689168930054
0.1888	12.159707069397
0.0	69.6486587524414
0.0451	54.8372383117676
0.0258	15.2416038513184
0.1086	0.0
0.3235	5.02978515625
0.0084	75.8587799072266
0.1544	1.02543342113495
0.0532	42.6839790344238
0.1289	27.5880489349365
0.0167	78.4465713500977
0.1023	2.75378727912903
0.0025	69.6352691650391
0.0166	25.7513084411621
0.0488	57.8621635437012
0.0093	0.0
0.0007	85.507209777832
0.0115	2.48627758026123
0.0014	87.7668991088867
0.0032	87.3443374633789
0.0032	62.7089653015137
0.1696	3.35496091842651
0.0068	0.303482055664063
0.0007	11.8357992172241
0.0036	90.7340545654297
0.0964	0.953661024570465
0.1866	2.3219039440155
0.0731	0.0
0.0579	17.4838790893555
0.1254	0.0
0.0084	86.6542510986328
0.112	10.73166847229
0.0037	88.3044128417969
0.0175	0.0556378588080406
0.0174	89.6593704223633
0.0815	0.396068930625916
0.0194	86.2380599975586
0.0076	84.8738098144531
0.0543	1.51741015911102
0.0738	38.8308258056641
0.0023	90.719856262207
0.0367	14.9878120422363
0.1033	0.140412554144859
0.0993	19.2996196746826
0.0007	51.4961471557617
0.0109	88.8110122680664
0.056	4.69493055343628
0.0148	45.900951385498
0.0534	24.0527420043945
0.0004	89.0214004516602
0.0177	77.9708404541016
0.0054	80.5734786987305
0.0491	10.7450971603394
0.9562	90.2678909301758
0.0361	0.0217147767543793
0.0456	6.60097885131836
0.0029	0.0
0.0236	8.05405902862549
0.0334	51.9013824462891
0.1977	89.2758483886719
0.0038	15.0245676040649
0.048	78.1970520019531
0.0177	17.8090286254883
0.0086	66.691764831543
0.1844	13.1902017593384
0.0573	20.7222442626953
0.0118	88.8863067626953
0.0189	79.1076507568359
0.0038	82.8840866088867
0.0406	90.0195617675781
0.0149	54.10107421875
0.0126	77.6022262573242
0.1935	0.0
0.0361	0.0
0.0259	82.8355712890625
0.314	44.3271598815918
0.04	86.6257019042969
0.0354	0.750054180622101
0.006	57.0125770568848
0.04	4.51388502120972
0.005	54.9022026062012
0.0057	90.566535949707
0.0367	67.5770263671875
0.1823	7.80726099014282
0.0192	8.93832492828369
0.2299	8.88414478302002
0.0152	64.540397644043
0.0287	21.6650657653809
0.3039	0.0
0.0739	89.7929306030273
0.0659	4.74815368652344
0.0136	19.833028793335
0.3453	1.33336234092712
0.0089	89.3324279785156
0.0302	2.50822758674622
0.041	7.43419456481934
0.0551	0.0
0.0395	88.371955871582
0.0546	0.802206039428711
0.0973	43.5900955200195
0.0249	12.4653921127319
0.0278	0.205554783344269
0.1393	16.1295337677002
0.0053	37.3107948303223
0.0208	72.3878631591797
0.0043	66.8139877319336
0.3108	11.5464649200439
0.0463	2.52203130722046
0.0029	73.2909088134766
0.0125	44.0213928222656
0.0235	31.6710548400879
0.0906	1.05945575237274
0.0014	87.8450317382813
0.1238	2.27461671829224
0.0004	90.9207000732422
0.0059	86.3726577758789
0.193	15.6581649780273
0.071	5.34580373764038
0.043	73.4778518676758
0.0103	9.4785041809082
0.0588	19.7128086090088
0.1055	5.1763768196106
0.0003	84.0606079101563
0.0446	1.76681911945343
0.0289	28.6994323730469
0.0413	2.0147111415863
0.1004	25.8390235900879
0.0094	34.336727142334
0.0067	55.8217735290527
0.0047	85.2729721069336
0.712	33.393741607666
0.0154	47.3204727172852
0.0169	0.0
0.0785	5.54320096969604
0.0264	13.7700033187866
0.0004	91.0446090698242
0.0181	20.1417694091797
0.0418	27.4199810028076
0.0844	36.0756378173828
0.0767	65.1143341064453
0.0144	75.9949111938477
0.004	0.0
0.0247	0.0
0.0187	64.6574172973633
0.102	2.63719964027405
0.0299	14.6599941253662
0.0188	86.8417205810547
0.0104	60.1116752624512
0.0597	90.9241561889648
0.0561	37.7819747924805
0.0997	5.15797090530396
0.0027	55.7757759094238
0.0061	0.0
0.0109	71.1116256713867
0.0484	60.0714683532715
0.0247	47.8171272277832
0.2312	1.59775400161743
0.1747	0.0
0.1451	15.568115234375
0.0014	59.6910743713379
0.0314	1.80334162712097
0.0218	4.76010131835938
0.0136	90.1169128417969
0.0828	8.17261981964111
0.0314	59.2712135314941
0.0047	84.0101547241211
0.0149	90.671142578125
0.0537	44.7536964416504
0.029	1.98755550384521
0.0005	90.4839553833008
0.109	11.8766174316406
0.0032	4.87287902832031
0.0081	83.8088455200195
0.108	3.32639145851135
0.0107	57.0914878845215
0.001	90.5170974731445
0.0	0.0
0.0002	91.0446090698242
0.0004	90.8800964355469
0.0599	16.1490268707275
0.0	33.9729461669922
0.1387	85.5512542724609
0.0021	85.3655090332031
0.0291	90.3214416503906
0.0052	86.7033538818359
0.017	24.0797576904297
0.0836	81.124267578125
0.0124	90.9072265625
0.1092	14.0366010665894
0.0	81.7378311157227
0.0325	2.87006115913391
0.6155	90.9671325683594
0.0181	2.1680166721344
0.0149	0.314936697483063
0.0236	83.6665878295898
0.1259	0.0
0.0264	84.7673110961914
0.0229	51.9960479736328
0.0638	8.62272930145264
0.0121	25.373161315918
0.0238	0.40371710062027
0.0001	13.638391494751
0.0582	6.32024478912354
0.0084	82.8583450317383
0.0143	35.8903274536133
0.0364	18.6922855377197
0.0426	89.6508102416992
0.1224	2.50748610496521
0.0411	68.6213150024414
0.0006	88.0639266967773
0.068	2.50432133674622
0.0012	87.4844360351563
0.0656	68.9565124511719
0.1808	28.3774280548096
0.0223	90.4019241333008
0.0661	11.7655477523804
0.0204	90.8070755004883
0.0286	28.3143577575684
0.0056	72.525520324707
0.0708	2.03516125679016
0.0338	44.33203125
0.0872	1.66020286083221
0.0603	49.2530288696289
0.0031	55.0363464355469
0.0004	54.1911430358887
0.0633	52.6247024536133
0.0366	2.51256155967712
0.0067	48.0707359313965
0.0033	63.0387001037598
0.193	2.08816528320313
0.0335	3.41979932785034
0.0255	90.6429214477539
0.1896	16.0620594024658
0.0097	3.03961300849915
0.0475	0.0555566884577274
0.0109	2.52109050750732
0.0244	22.4679412841797
0.0231	34.2653884887695
0.0157	61.0769805908203
0.0479	49.409049987793
0.0159	70.9887924194336
0.1306	3.53127670288086
0.0186	55.3622932434082
0.1325	1.38275349140167
0.029	90.4062957763672
0.1199	1.5361932516098
0.0767	2.50506019592285
0.0361	18.9262924194336
0.0529	2.48541378974915
0.1075	15.5271701812744
0.0815	0.0
0.0607	0.208910942077637
0.061	12.4491500854492
0.3431	25.4296722412109
0.0195	12.9825468063354
0.0097	47.2260322570801
0.0084	90.5616226196289
0.1395	20.229190826416
0.0156	24.1857147216797
0.1757	22.6705799102783
0.0009	2.79850912094116
0.0165	41.8854751586914
0.027	66.1500091552734
0.0092	88.3076248168945
0.303	10.7771368026733
0.1289	8.39237594604492
0.034	77.6292343139648
0.1982	5.98075389862061
0.0394	2.23291611671448
0.0687	13.6774864196777
0.0155	65.6328506469727
0.0254	72.2238311767578
0.2475	5.66249656677246
0.1323	1.01160681247711
0.0857	77.3450469970703
0.008	85.0452880859375
0.0086	60.7126312255859
0.084	26.0954494476318
0.023	87.5409393310547
0.0103	90.2313995361328
0.033	51.4783782958984
0.0546	0.293303281068802
0.0	0.0
0.0063	90.185432434082
0.071	0.0
0.028	0.055108830332756
0.0122	73.8507461547852
0.0008	79.2963943481445
0.1388	2.55957984924316
0.0005	82.5471115112305
0.0194	89.1741027832031
0.0126	0.0
0.0105	23.9711990356445
0.0	0.0
0.0319	14.2052412033081
0.0256	5.79879665374756
0.0078	43.1163864135742
0.202	0.30700471997261
0.0136	30.89892578125
0.1424	0.0
0.0388	5.4535493850708
0.0977	18.0145416259766
0.0	0.0
0.0105	12.7240295410156
0.0334	75.0097122192383
0.0004	91.0315017700195
0.0467	10.390453338623
0.0004	87.7063064575195
0.0016	82.8699493408203
0.1137	0.303482055664063
0.0096	83.0573196411133
0.0021	90.2679061889648
0.0045	83.5437774658203
0.0075	40.3599395751953
0.011	49.878547668457
0.0483	26.3265743255615
0.019	87.0903625488281
0.0884	0.0
0.0404	56.8929328918457
0.1759	1.01160681247711
0.0766	2.95150351524353
0.0111	90.2057266235352
0.0939	6.19292116165161
0.0564	91.0197525024414
0.1505	10.891716003418
0.0038	86.1955337524414
0.0171	4.82781839370728
0.0363	14.5671377182007
0.099	0.389226794242859
0.1203	0.215797260403633
0.0295	74.5512237548828
0.049	0.0
0.0009	0.0
0.0008	89.8063125610352
0.004	53.262996673584
0.0396	33.9024620056152
0.0133	86.2693252563477
0.1915	6.10745191574097
0.0008	60.2153663635254
0.0101	30.1593112945557
0.0344	0.431022793054581
0.0482	7.7605185508728
0.0422	10.7596235275269
0.0058	90.7478942871094
0.01	27.1351432800293
0.0178	0.765496015548706
0.0	0.0
0.0052	81.5028991699219
0.018	81.1850280761719
0.1665	22.7152824401855
0.0781	19.0790252685547
0.0056	2.1392457485199
0.0069	87.2026290893555
0.0097	41.3111572265625
0.0077	78.7997436523438
0.0061	15.6609621047974
0.0217	82.2361373901367
0.0305	82.1459274291992
0.0035	43.1668739318848
0.0467	57.5234756469727
0.0103	57.8863182067871
0.0565	10.8040037155151
0.0009	62.5570297241211
0.0167	8.65875720977783
0.1211	0.0
0.0167	2.48487329483032
0.1085	30.2623062133789
0.0379	0.433591395616531
0.001	60.5091896057129
0.0215	90.4135818481445
0.0032	82.6918411254883
0.0948	51.778736114502
0.0291	3.01286363601685
0.0383	14.6975774765015
0.0037	46.3751182556152
0.003	59.6545066833496
0.0845	28.7090492248535
0.0019	73.7049789428711
0.0533	16.918571472168
0.077	0.0
0.0019	90.6859893798828
0.0207	44.2434959411621
0.0005	90.5094528198242
0.0656	27.6391487121582
0.0495	0.0
0.1107	15.3489122390747
0.1838	5.05122470855713
0.0001	59.957332611084
0.0914	0.0
0.0085	50.3562622070313
0.0249	72.8223037719727
0.0094	90.2187423706055
0.0673	0.202179074287415
0.097	0.0
0.0296	33.531795501709
0.0126	27.6290702819824
0.0201	78.9052658081055
0.0003	89.8318023681641
0.0715	13.3991632461548
0.0312	1.74430155754089
0.0102	90.3493957519531
0.0042	60.0794372558594
0.1697	2.52275609970093
0.0103	90.7503509521484
0.147	48.686222076416
0.0382	70.8928298950195
0.015	0.40071365237236
0.0155	20.0846481323242
0.0011	0.0
0.0268	62.7085342407227
0.0395	85.103889465332
0.0127	75.428825378418
0.0333	16.9520797729492
0.0674	0.169925421476364
0.2275	0.159987300634384
0.0225	68.7353897094727
0.0069	71.8410568237305
0.0063	0.0
0.0475	57.9829750061035
0.1883	7.56728076934814
0.0201	78.3196105957031
0.0027	53.3188400268555
0.0352	3.65350842475891
0.112	33.2596054077148
0.01	54.0284233093262
0.0883	9.42903900146484
0.2556	24.1803913116455
0.0679	12.0610265731812
0.0274	23.327615737915
0.0101	55.0363845825195
0.057	5.76648426055908
0.0167	22.199779510498
0.0421	32.6396636962891
0.0001	86.3825836181641
0.0077	90.5753631591797
0.0078	90.7234039306641
0.0062	3.84361910820007
0.0578	2.46481657028198
0.0729	26.9699840545654
0.1471	55.0498809814453
0.005	88.4700469970703
0.0	50.335823059082
0.0078	73.3077011108398
0.0107	78.7798767089844
0.0436	89.8962478637695
0.0013	90.3889083862305
0.0227	2.52023506164551
0.0068	72.9081420898438
0.0	56.7188186645508
0.0515	1.73603069782257
0.0716	11.4516515731812
0.1375	2.15138864517212
0.0008	88.9992599487305
0.0153	84.8094711303711
0.1573	20.4406852722168
0.0284	90.6081390380859
0.0939	2.18837380409241
0.0615	42.7909660339355
0.1563	0.0
0.0205	2.51986026763916
0.1066	35.2785606384277
0.0267	52.8549499511719
0.0261	5.95879602432251
0.0553	62.9574966430664
0.0065	55.7317581176758
0.0708	0.0
0.0046	87.9012069702148
0.1033	4.83492422103882
0.0473	0.178384453058243
0.0296	90.5806503295898
0.0095	15.6671848297119
0.0174	54.726261138916
0.0021	89.1998672485352
0.0742	52.6561813354492
0.0008	62.9236869812012
0.1158	2.59407114982605
0.0086	86.9827575683594
0.0174	58.0089073181152
0.0064	34.6829071044922
0.0143	0.0
0.019	15.7448539733887
0.0	90.5906600952148
0.074	2.49022102355957
0.0255	90.5110015869141
0.043	2.57748985290527
0.0908	8.85957050323486
0.0163	1.49764847755432
0.0931	7.0711030960083
0.1114	1.70457088947296
0.0002	85.7111282348633
0.0506	2.50910592079163
0.1615	3.77703523635864
0.0462	88.460578918457
0.0099	82.9393615722656
0.1968	0.0
0.0415	13.2048406600952
0.0348	50.5224227905273
0.069	86.5542449951172
0.1101	2.525719165802
0.0069	88.1329803466797
0.0312	64.4998397827148
0.1563	26.2608890533447
0.139	46.8965110778809
0.0122	29.1656398773193
0.2288	22.0678424835205
0.1946	13.1332321166992
0.2545	14.1137866973877
0.1215	8.63674640655518
0.1447	4.39585113525391
0.0274	63.8629302978516
0.0007	90.7237701416016
0.0015	72.2225341796875
0.0021	88.5758895874023
0.0714	0.0
0.0178	70.6567611694336
0.3238	33.4332313537598
0.0042	6.16876316070557
0.0255	71.1783905029297
0.0078	77.2831268310547
0.0072	0.0
0.0002	70.0537719726563
0.1374	2.43155527114868
0.072	63.9355201721191
0.0524	65.8001098632813
0.0136	38.4425659179688
0.0103	17.276252746582
0.153	18.1107578277588
0.0434	2.06967902183533
0.0003	82.0751113891602
0.0288	47.0829086303711
0.0306	42.4227409362793
0.0035	88.4980239868164
0.1008	13.3661203384399
0.4681	56.5175819396973
0.0182	13.488263130188
0.0435	2.51936721801758
0.0124	69.8777542114258
0.0044	66.9666213989258
0.1622	0.0
0.1127	8.2063045501709
0.0824	0.190389916300774
0.0617	14.978588104248
0.0052	56.3168678283691
0.0174	90.7875900268555
0.0394	83.458137512207
0.0196	88.3114929199219
0.0266	58.5830001831055
0.0254	35.1805534362793
0.0083	84.2881088256836
0.0519	40.6972427368164
0.0006	90.547966003418
0.0418	0.0
0.0023	64.1376113891602
0.0345	0.973419427871704
0.0397	6.00495529174805
0.0573	90.6162490844727
0.193	0.531458616256714
0.0364	12.1806077957153
0.0152	71.8392105102539
0.0168	54.5334587097168
0.0058	7.01903820037842
0.0	76.6263046264648
0.1347	0.0
0.0505	0.11538241058588
0.0753	87.875
0.0138	87.1997451782227
0.0299	90.5966720581055
0.0618	0.151513412594795
0.1299	30.9864559173584
0.0259	23.5266933441162
0.0156	2.49376392364502
0.0455	0.474079430103302
0.0284	28.7639293670654
0.0382	5.74749231338501
0.0121	85.5874862670898
0.0065	87.1882781982422
0.0778	1.17312228679657
0.1948	11.930832862854
0.0016	91.0417861938477
0.1441	0.0
0.0081	87.2092819213867
0.0763	24.6126861572266
0.0044	89.6979675292969
0.0253	0.389572858810425
0.005	53.7051582336426
0.2431	5.15943956375122
0.0745	9.8541898727417
0.0452	59.8918266296387
0.0058	59.1789970397949
0.1592	0.0223063547164202
0.065	0.0
0.1751	19.8298873901367
0.001	0.0
0.1893	3.63138198852539
0.1914	7.24556303024292
0.0093	89.5849533081055
0.0748	15.077675819397
0.0167	22.7611522674561
0.0208	31.4412250518799
0.1132	31.676513671875
0.0264	0.0
0.0095	90.8308410644531
0.0315	17.4925422668457
0.0027	84.1222457885742
0.0037	90.8210983276367
0.0091	48.0942344665527
0.084	0.808797180652618
0.0218	90.7151184082031
0.0211	84.1919937133789
0.0658	90.7615356445313
0.0001	68.306510925293
0.2074	2.2214891910553
0.0078	74.9291076660156
0.032	20.9498443603516
0.0184	26.2692527770996
0.0275	0.0
0.0937	9.20171451568604
0.0094	59.3200149536133
0.0003	88.9820175170898
0.009	61.128246307373
0.0004	70.1666717529297
0.0106	90.6198883056641
0.0892	32.2292671203613
0.032	8.20448684692383
0.0291	67.0183181762695
0.084	14.7647829055786
0.0005	83.4276962280273
0.0872	6.77364253997803
0.0128	22.9656867980957
0.0143	64.0983352661133
0.0089	89.4438171386719
0.0398	1.97712254524231
0.0421	14.8758964538574
0.0396	0.406360447406769
0.0116	90.7875900268555
0.0069	79.0570678710938
0.0374	0.423826396465302
0.0129	75.7626571655273
0.0525	26.0965442657471
0.0763	7.57265138626099
0.0166	1.01160681247711
0.0009	90.1694869995117
0.0694	16.8797092437744
0.0158	22.9528388977051
0.0056	90.993896484375
0.0421	39.154354095459
0.1333	3.75585865974426
0.2253	5.11727380752563
0.0025	86.7892532348633
0.009	71.5128555297852
0.0186	7.5223069190979
0.0164	88.5362014770508
0.022	90.6398239135742
0.002	78.0612335205078
0.1088	1.66682648658752
0.0347	0.0650147870182991
0.2379	2.49397659301758
0.0382	44.9423789978027
0.0	0.0
0.1432	62.5976333618164
0.1146	2.47003817558289
0.1875	25.9877738952637
0.0306	22.5309658050537
0.0234	39.5089416503906
0.0418	41.1541595458984
0.104	6.28122711181641
0.0071	86.4263687133789
0.0328	90.5062637329102
0.0884	0.0246663447469473
0.0274	41.3997383117676
0.0263	90.2702789306641
0.1929	50.7434501647949
0.0032	90.6383666992188
0.0195	11.8504858016968
0.008	89.8615798950195
0.0106	80.9720077514648
0.0242	0.352342933416367
0.1423	14.0831327438354
0.0966	36.5746574401855
0.0375	64.1778411865234
0.1725	16.118221282959
0.0089	27.5956439971924
0.0676	6.16977977752686
0.0238	47.3388290405273
0.0	77.9948883056641
0.0282	87.1757583618164
0.3207	1.13016319274902
0.0916	0.455223053693771
0.0201	69.7457733154297
0.1027	10.5753326416016
0.0026	61.5958518981934
0.0307	0.0
0.003	69.3885116577148
0.0009	86.4923782348633
0.0159	0.0
0.0009	55.4917869567871
0.0014	87.3051452636719
0.017	0.0
0.039	51.4556121826172
0.0078	60.1765365600586
0.0305	90.5420455932617
0.0307	81.2924575805664
0.1654	15.1177940368652
0.0013	56.9503288269043
0.0697	4.54777193069458
0.0055	90.2423248291016
0.0028	90.9500122070313
0.0601	21.1276454925537
0.0243	38.8354148864746
0.1099	0.0393013283610344
0.0411	3.65665912628174
0.0	0.0
0.0232	0.0
0.0245	5.28305196762085
0.0182	42.7508087158203
0.0001	84.8333358764648
0.0304	64.9479751586914
0.0295	86.2355422973633
0.0165	84.2438888549805
0.0168	80.9450531005859
0.0128	6.65794610977173
0.0028	17.6850299835205
0.0018	90.8293838500977
0.0392	13.9818477630615
0.0238	0.625311851501465
0.0474	1.03219044208527
0.0416	5.1641902923584
0.0039	82.8159103393555
0.005	72.5491256713867
0.0084	90.6583099365234
0.0015	89.6639175415039
0.8645	12.0857763290405
0.0645	71.8116607666016
0.011	0.0
0.0038	81.0297012329102
0.2419	9.2691764831543
0.2881	85.454345703125
0.0247	0.0
0.0565	36.9406890869141
0.1147	6.15767860412598
0.0034	66.1150894165039
0.1108	7.28356885910034
0.0506	53.3272972106934
0.0478	0.0
0.0064	89.08203125
0.0052	52.9260177612305
0.0113	87.5251922607422
0.0166	90.7009201049805
0.1521	2.4913055896759
0.0347	75.7313003540039
0.0119	64.7117767333984
0.028	29.1410598754883
0.0294	90.482048034668
0.1577	32.5778884887695
0.0731	87.9369201660156
0.0536	68.1292495727539
0.0068	85.7272109985352
0.0021	90.6103286743164
0.0832	2.50718188285828
0.0026	88.5061645507813
0.1053	2.51503849029541
0.0045	64.2450790405273
0.0302	2.55137395858765
0.0706	22.6875915527344
0.0237	87.1477355957031
0.1578	9.84182262420654
0.0034	79.4766616821289
0.061	26.9525985717773
0.0112	72.0257949829102
0.0172	6.95039463043213
0.0121	70.6960830688477
0.0127	16.3693885803223
0.0687	6.39668893814087
0.0015	79.9389266967773
0.0015	71.646598815918
0.0	73.1391754150391
0.003	90.3462066650391
0.0077	85.5900726318359
0.0181	39.9820022583008
0.0189	17.8072261810303
0.2361	40.0849189758301
0.0329	3.42722797393799
0.0004	90.1765899658203
0.0018	71.1665344238281
0.0004	61.4632835388184
0.0009	88.8204498291016
0.041	7.3432765007019
0.1184	15.3464307785034
0.0177	45.067081451416
0.01	79.0875396728516
0.0007	90.7014617919922
0.0329	0.0
0.0404	14.5775117874146
0.3643	6.69040679931641
0.0004	80.5744781494141
0.0107	19.1150894165039
0.0059	58.4712257385254
0.0039	82.4255676269531
0.0002	79.5948028564453
0.0835	22.8365898132324
0.0099	0.0774968042969704
0.1017	13.7202844619751
0.0036	73.4839324951172
0.0241	80.7334899902344
0.0046	72.9715347290039
0.0001	60.3256149291992
0.0507	14.4797925949097
0.0977	22.6017742156982
0.0117	14.9272031784058
0.001	59.3321838378906
0.0	0.0
0.0012	58.9672698974609
0.0841	35.208683013916
0.0148	31.9664440155029
0.2378	0.910446107387543
0.0005	90.8420333862305
0.0016	0.0
0.002	60.0093421936035
0.0087	21.0230026245117
0.2927	5.46267652511597
0.0975	5.4393424987793
0.0934	3.15906691551208
0.1852	83.6900405883789
0.008	58.2915153503418
0.0646	3.8138587474823
0.0614	6.0228533744812
0.0073	56.4676971435547
0.0208	77.5994415283203
0.0086	84.1237030029297
0.008	89.4558792114258
0.0399	77.5033950805664
0.0781	0.495387971401215
0.0601	8.91721153259277
0.0076	87.8481903076172
0.003	32.2633666992188
0.009	89.0331344604492
0.0616	37.5162544250488
0.0107	2.52519869804382
0.0376	2.44639921188354
0.0074	90.71484375
0.0305	19.9208297729492
0.0175	78.7211761474609
0.0022	73.4765853881836
0.1458	11.5112075805664
0.0921	88.3056259155273
0.0153	90.6494750976563
0.1033	16.5536651611328
0.0595	1.83662807941437
0.002	83.1127166748047
0.0596	29.2464618682861
0.0842	77.1816101074219
0.0928	71.9414825439453
0.0533	0.352775126695633
