0.31	0.161622494459152
0.0987	2.19921898841858
0.2626	0.0004292372032068
0.2135	0.0127434097230434
0.0096	6.49973106384277
0.0174	0.379490703344345
0.3082	0.0075481231324374
0.0492	10.8224401473999
0.0792	0.0151025597006083
0.1738	0.211960807442665
0.0631	0.947466313838959
0.3842	0.0
0.0459	3.2450430393219
0.1223	0.905236721038818
0.2236	0.249395504593849
0.0182	0.348338305950165
0.0118	0.0
0.2499	0.522261083126068
0.1031	0.501890897750854
0.1585	4.94003820419312
0.2953	0.1304751932621
0.0423	16.7852993011475
0.0239	2.56461310386658
0.1078	1.31531798839569
0.4156	0.0114609999582171
0.0999	0.162684202194214
0.1167	8.23705959320068
0.1539	0.249765500426292
0.2388	0.0018970159580931
0.3058	0.0
0.2831	0.0575018487870693
0.045	0.119552701711655
0.172	0.123652197420597
0.0774	1.58674502372742
0.0286	0.285278111696243
0.0435	0.267305612564087
0.0168	1.00992095470428
0.3902	1.86428105831146
0.2872	2.18195796012878
0.2751	0.108269803225994
0.2077	0.22642670571804
0.0245	0.0194940697401762
0.2176	0.0837957933545113
0.1072	0.442783087491989
0.0305	0.0
0.0266	0.0636883601546288
0.1221	42.2020606994629
0.1448	0.299972593784332
0.018	0.330800801515579
0.0004	0.640464723110199
0.0855	1.4590220451355
0.2634	0.73013710975647
0.0653	9.22281360626221
0.275	0.501800179481506
0.0439	0.361362606287003
0.0548	0.487925112247467
0.1875	0.328773587942123
0.0385	3.46187591552734
0.121	0.196001902222633
0.0214	0.388706713914871
0.3844	0.0544430688023567
0.0163	0.184688195586205
0.0929	1.72663295269012
0.0441	0.0
0.0	0.066736601293087
0.0575	4.79394817352295
0.1418	0.991833686828613
0.1739	0.130554094910622
0.2473	0.0459093488752842
0.3145	0.0045298901386559
0.2297	0.605400919914246
0.2693	7.43720483779907
0.2945	5.0242018699646
0.2486	0.605895280838013
0.0161	0.249327406287193
0.3157	1.00017297267914
0.163	0.673474788665771
0.0028	0.0101467603817582
0.5083	0.0676306784152985
0.2797	0.253672391176224
0.2894	0.800369679927826
0.0185	7.1220498085022
0.1907	0.163042396306992
0.0114	0.998119115829468
0.1262	0.0040347320027649
0.1541	0.0088121127337217
0.2276	0.239535704255104
0.0863	0.0265484601259232
0.3584	0.0582855716347694
0.1749	15.72523021698
0.0171	0.0830749124288559
0.0793	2.95895791053772
0.0846	0.437373787164688
0.1655	0.0428054295480251
0.062	3.54119896888733
0.4002	0.0496938414871693
0.0016	12.0817804336548
0.2716	0.0
0.167	0.084926463663578
0.0508	24.134069442749
0.1093	0.0052129458636045
0.0366	1.10259103775024
0.1833	1.84035301208496
0.2429	1.09831094741821
0.1277	0.299147695302963
0.0071	0.569033980369568
0.0352	0.074577122926712
0.4672	0.0281738601624966
0.0665	6.93373823165894
0.1779	0.0013055040035396
0.1296	0.333825588226318
0.131	0.115454003214836
0.0302	4.27930784225464
0.0959	0.386212289333344
0.4064	0.310791909694672
0.1162	0.177037805318832
0.0763	0.960327506065369
0.043	2.80203199386597
0.3075	0.0405872911214828
0.0666	3.52444291114807
0.1525	0.0707829892635345
0.2808	0.0555310882627964
0.4327	5.34287595748901
0.2155	5.02086782455444
0.2379	0.50208842754364
0.226	0.0200462192296982
0.029	1.51471102237701
0.2374	0.0506291091442108
0.1655	0.360211491584778
0.048	0.360798001289368
0.0306	0.883497595787048
0.0	0.0
0.0282	0.436614185571671
0.3314	0.15610359609127
0.2238	0.563774228096008
0.0	0.0
0.0225	0.529630601406097
0.4114	0.476244509220123
0.1599	0.380190789699554
0.226	0.0
0.0024	0.192012697458267
0.3829	1.3643079996109
0.3302	0.0402288287878036
0.144	0.98791241645813
0.2597	0.0036491909995675
0.0745	0.333956390619278
0.0185	2.09758496284485
0.3339	0.371053695678711
0.0312	0.541674613952637
0.2976	0.10950779914856
0.0649	0.223048105835915
0.1039	0.0
0.3471	4.02254390716553
0.2268	1.42341995239258
0.3663	0.0609640292823315
0.2497	1.01481103897095
0.1989	0.258830100297928
0.1001	6.93850517272949
0.3062	0.565396428108215
0.3281	0.817259311676025
0.2404	2.04225897789001
0.3724	0.0863726213574409
0.3706	0.259434193372726
0.2648	0.261588394641876
0.268	0.239252701401711
0.2378	0.156938597559929
0.0386	0.683545112609863
0.4565	0.0019905399531126
0.3494	0.247617200016975
0.1453	54.4016418457031
0.072	0.0063296309672296
0.0942	0.585250079631805
0.212	0.0451906807720661
0.4002	0.132161602377892
0.2651	24.4132194519043
0.2423	0.20735140144825
0.1923	0.0181775093078613
0.2267	0.0126800695434213
0.0395	0.1991878002882
0.1947	1.46232604980469
0.0	0.0
0.0542	0.35332190990448
0.234	1.5276050567627
0.2851	0.0336852483451366
0.292	3.19973707199097
0.3111	0.0147196603938937
0.3289	0.149258702993393
0.095	0.0291992593556643
0.3008	31.4299392700195
0.2483	0.173576906323433
0.311	1.30678594112396
0.0002	2.90087604522705
0.1112	0.0
0.0319	1.02984404563904
0.2097	1.56118404865265
0.0054	0.183985993266106
0.1876	0.273995786905289
0.2523	34.0493087768555
0.0633	0.4037084877491
0.0277	0.176432102918625
0.2783	0.0315293483436108
0.0008	60.4072799682617
0.3139	0.277655214071274
0.0148	1.12776100635529
0.0766	0.0
0.3509	0.676642775535583
0.2704	0.0078249778598547
0.3199	0.0524745807051659
0.1058	0.193537905812263
0.1662	0.0424309298396111
0.2251	0.400043100118637
0.2496	0.0457646399736404
0.0226	0.0681517124176025
0.1625	0.017595449462533
0.402	0.070187546312809
0.0379	6.97747087478638
0.294	0.402991205453873
0.205	0.0115040801465511
0.001	42.929370880127
0.0001	0.0
0.2519	2.63753700256348
0.0969	0.0432355590164661
0.0688	6.85980081558228
0.2734	0.0436693988740444
0.1982	0.471610486507416
0.1076	0.109175100922585
0.0	0.627609193325043
0.0005	0.0945687294006348
0.4696	0.0009446492767892
0.1769	3.37311100959778
0.2038	0.0451520904898643
0.3254	0.4844751060009
0.227	0.0280324406921864
0.266	0.0239846203476191
0.322	2.3362181186676
0.2081	0.0
0.001	4.2629542350769
0.135	0.0029413609299808
0.1401	0.455439507961273
0.3784	0.0559679791331291
0.24	10.0722799301147
0.0032	0.0
0.1341	0.0
0.0786	0.344752609729767
0.2263	0.0448071993887424
0.0315	0.35568180680275
0.3353	0.315657585859299
0.1734	0.171631902456284
0.1127	0.219785094261169
0.0008	1.03934502601624
0.4137	0.0
0.0221	1.90690398216248
0.1369	0.111299000680447
0.2961	0.346841007471085
0.2591	0.0994422733783722
0.4161	0.0683810487389565
0.0419	0.211090996861458
0.0919	0.388353407382965
0.3723	0.970381319522858
0.0062	6.47643899917603
0.3324	0.0
0.0058	2.03154802322388
0.1019	0.0129599301144481
0.04	0.623047828674316
0.0956	0.0109272003173828
0.3138	0.0077192489989101
0.1559	0.007192765828222
0.2061	0.0
0.2862	0.127425193786621
0.0013	0.918008208274841
0.1901	0.93684458732605
0.4248	0.73481011390686
0.035	0.0181760899722576
0.1639	0.0063757058233022
0.1126	0.391643494367599
0.0836	0.0377436317503452
0.057	0.164911895990372
0.0881	0.400924414396286
0.0862	0.095061331987381
0.1302	13.9678497314453
0.0889	1.446653008461
0.0074	22.483470916748
0.3578	0.274498403072357
0.1186	0.201234996318817
0.0077	2.89667201042175
0.2371	0.226008906960487
0.0783	10.2489900588989
0.2916	0.0862046331167221
0.4139	0.11723879724741
0.4093	2.192538022995
0.2074	10.6511001586914
0.0545	2.14586710929871
0.2797	0.0
0.2923	1.31798601150513
0.3299	0.0
0.0722	0.0
0.2431	0.453408390283585
0.0057	18.3327407836914
0.0543	1.24480903148651
0.0736	0.43470498919487
0.2299	0.0424695201218128
0.0043	0.775358498096466
0.0961	2.12928295135498
0.014	0.113712102174759
0.0356	3.97565793991089
0.2251	0.0037662601098418
0.0141	0.0165742598474026
0.2783	0.693841397762299
0.2	1.66704702377319
0.0297	64.7818222045898
0.4906	0.237021297216415
0.3362	0.306118100881577
0.0624	0.238729700446129
0.2863	0.454322189092636
0.2082	0.274488985538483
0.0243	0.192117497324944
0.3258	0.145373195409775
0.0001	1.12198305130005
0.3555	0.0326310805976391
0.0727	1.82975995540619
0.094	1.95679295063019
0.2728	0.334428489208221
0.0569	0.135190099477768
0.3975	0.0
0.0	0.0
0.3062	0.118133701384068
0.2247	0.0076136579737067
0.0728	1.14949095249176
0.1589	0.0221326407045126
0.0041	1.15421104431152
0.1581	0.0041741780005395
0.215	0.0
0.3195	0.212870895862579
0.065	0.0414862185716629
0.1268	0.0
0.063	15.7721900939941
0.1399	0.0077401688322424
0.2066	0.531646072864532
0.0066	0.100605502724648
0.2744	0.708887100219727
0.3227	0.0845522284507751
0.202	0.344860792160034
0.3393	0.0583416782319546
0.2025	0.0006115874275565
0.1974	1.03792202472687
0.0843	0.205792799592018
0.3324	3.21747589111328
0.0885	9.85936546325684
0.0831	5.2749080657959
0.2211	0.266053885221481
0.0693	0.0
0.0761	0.0322467982769012
0.0424	1.63539600372314
0.3299	0.694610714912415
0.1021	0.0813952162861824
0.0	0.002523296047002
0.093	3.90672707557678
0.0085	0.446005910634995
0.2993	0.0430345796048641
0.1553	0.992352724075317
0.0933	0.0
0.1985	0.0886091664433479
0.3226	1.78962695598602
0.0738	0.307321488857269
0.2431	0.0914037972688675
0.2552	0.0239266697317362
0.2703	0.0989425107836723
0.1535	0.29107278585434
0.0948	0.49516698718071
0.2955	0.0408599190413952
0.274	2.27650094032288
0.2438	0.19758340716362
0.0835	0.390929102897644
0.0596	0.0529026910662651
0.0932	0.0541127100586891
0.0363	0.407219111919403
0.2899	0.321841895580292
0.126	0.263374805450439
0.0981	0.397805213928223
0.4797	0.193845197558403
0.0464	0.0025229880120605
0.0422	1.29594397544861
0.0452	5.6130428314209
0.1166	0.280197411775589
0.0698	0.0013261690037325
0.3512	0.116361699998379
0.2223	0.281125009059906
0.0781	0.653721928596497
0.1624	1.00916194915771
0.009	16.5592994689941
0.2371	0.0102738495916128
0.1652	0.714136719703674
0.2271	0.209496304392815
0.0832	0.038640171289444
0.2141	0.561885178089142
0.0	0.0
0.1041	3.14904093742371
0.3318	0.0058642700314521
0.0005	2.9706609249115
0.0157	3.07703304290771
0.2092	0.667400121688843
0.0344	32.9101409912109
0.0038	0.168270498514175
0.181	8.2093505859375
0.0347	4.73026704788208
0.0448	0.202906906604767
0.0052	32.0755195617676
0.0	0.0012464120518416
0.0673	5.84640121459961
0.1217	0.0
0.209	0.0140610001981258
0.2754	0.0004186173027846
0.3047	0.0695753023028374
0.0518	0.0
0.0522	0.13836769759655
0.0818	0.186459302902222
0.4263	0.657019376754761
0.1762	0.237135693430901
0.0111	1.2678359746933
0.016	0.160006195306778
0.0754	0.0010575619526207
0.3342	0.0
0.0133	0.0117988102138042
0.0198	69.5100631713867
0.1814	0.112507998943329
0.1737	1.1223429441452
0.2169	1.22947001457214
0.4009	34.1838417053223
0.2496	0.0533531717956066
0.0423	0.0
0.0	47.6233596801758
0.3764	0.123467803001404
0.4506	0.526329219341278
0.0401	0.293082296848297
0.0002	2.2633318901062
0.1068	0.347626507282257
0.0038	84.6953582763672
0.086	7.11724710464478
0.0319	0.149570196866989
0.1572	0.091431550681591
0.4289	0.19355970621109
0.0	0.0
0.2669	0.586028397083282
0.068	0.477459907531738
0.023	0.0
0.0979	1.09715497493744
0.0039	19.8759708404541
0.0262	0.756272971630096
0.0874	0.0
0.0716	0.0
0.0348	1.31529998779297
0.1166	0.0125301899388433
0.2253	0.0
0.1965	0.140569806098938
0.0365	0.0256251897662878
0.0175	1.13008296489716
0.147	0.040642999112606
0.0063	27.2212200164795
0.0107	0.101333096623421
0.0562	3.40094995498657
0.2756	0.878808975219727
0.0605	0.18965120613575
0.3644	0.0369888916611671
0.0257	0.0
0.0882	24.7540702819824
0.1311	0.710621178150177
0.0396	42.5736503601074
0.0412	8.98650360107422
0.0716	0.335133492946625
0.147	0.20790259540081
0.2361	1.23225200176239
0.0229	8.67626953125
0.1566	33.3319702148438
0.0343	6.04662704467773
0.284	0.0106301102787256
0.1234	0.0743287801742554
0.2589	0.225885704159737
0.1846	0.0912862122058868
0.2133	0.0238842591643333
0.0427	0.719294488430023
0.0417	0.933900713920593
0.117	0.0012909730430692
0.2385	1.09103202819824
0.0157	0.0900250673294067
0.0566	0.0
0.1868	0.0181242395192385
0.0272	12.1843004226685
0.1784	4.40762901306152
0.1309	0.0162123292684555
0.1481	0.0
0.0834	1.81647396087646
0.0942	0.390906512737274
0.0783	8.93455219268799
0.3691	0.361625909805298
0.1688	0.0070735150948166
0.0234	0.561984300613403
0.3824	24.2449607849121
0.0197	1.48836195468903
0.0941	3.26023507118225
0.2781	20.4836196899414
0.0554	0.0208992008119822
0.1219	1.57362198829651
0.1295	1.4776200056076
0.3761	0.0727522522211075
0.0059	0.320060789585114
0.1014	0.141240298748016
0.1231	2.34144997596741
0.1537	0.0223691891878843
0.0056	0.127369701862335
0.2372	0.978481113910675
0.2524	0.0
0.1183	0.0
0.1119	3.45648193359375
0.2013	0.005964838899672
0.1985	0.486096501350403
0.3883	0.211279094219208
0.3228	0.436267405748367
0.0176	0.771579086780548
0.0145	0.0023121249396354
0.2897	0.412078201770782
0.0976	1.12000703811646
0.0326	0.443793088197708
0.3028	0.571189880371094
0.1887	1.24957001209259
0.2437	0.0
0.1464	0.599083006381989
0.0751	0.408355891704559
0.0647	0.0149985896423459
0.1408	1.33623099327087
0.0015	1.12760901451111
0.2073	1.79220497608185
0.3331	0.0967181175947189
0.1775	0.095438577234745
0.0481	0.94188117980957
0.09	8.45645046234131
0.0401	4.63127994537354
0.0	1.67769205570221
0.4428	1.8708039522171
0.27	0.0036229509860277
0.0451	36.3519592285156
0.0793	0.0275430008769035
0.1491	0.0517742596566677
0.3077	0.298757791519165
0.0551	0.324458688497543
0.3742	0.0
0.1422	9.85278701782227
0.1919	1.70032298564911
0.3528	0.184174999594688
0.1814	0.824720680713654
0.2388	2.35903000831604
0.0731	4.53964996337891
0.0527	0.422115087509155
0.1047	0.096269503235817
0.0365	3.71024608612061
0.2434	0.0104809897020459
0.3597	0.0364045687019825
0.2131	0.0053070280700922
0.0935	30.4663696289063
0.0334	14.4641895294189
0.0034	0.881387710571289
0.2224	0.0473873987793922
0.3311	0.0923002436757088
0.0561	0.512527227401733
0.1462	12.4890899658203
0.3663	0.272310614585876
0.1966	0.040667999535799
0.2558	0.994220972061157
0.2677	2.07849907875061
0.166	28.6204299926758
0.0012	10.5359897613525
0.3749	0.0118656596168876
0.05	0.0019605099223554
0.0242	0.607369422912598
0.0695	5.55831098556519
0.1179	0.296001493930817
0.0707	0.251788288354874
0.0543	12.6169996261597
0.0004	0.0595824494957924
0.187	0.878761172294617
0.3573	0.0033643529750406
0.3173	0.153764203190804
0.2959	0.464736998081207
0.1937	0.0767501965165138
0.2768	0.0
0.1552	0.101258799433708
0.1129	0.0
0.1454	1.29299795627594
0.1163	0.0
0.0019	24.8050003051758
0.0239	0.562076389789581
0.275	0.393746614456177
0.0264	0.500081479549408
0.3249	0.121286101639271
0.1291	0.220510795712471
0.0137	3.15716695785522
0.1442	0.0
0.0873	0.029663659632206
0.3905	0.103340603411198
0.1863	17.3757190704346
0.2639	6.22969913482666
0.0607	0.674220323562622
0.0876	74.7307434082031
0.3683	0.0758313611149788
0.3382	0.125569701194763
0.0432	0.0
0.3801	0.0767794325947762
0.1354	0.0063307899981737
0.1166	0.379013806581497
0.0096	1.36125898361206
0.029	4.77597999572754
0.2766	0.115674398839474
0.0125	0.100188903510571
0.2341	0.28329861164093
0.1604	0.0
0.0001	33.3925704956055
0.0013	1.96959805488586
0.0015	72.2901763916016
0.0171	0.0350980795919895
0.1652	1.22882294654846
0.0	0.0
0.5326	0.433211505413055
0.0955	0.0339183211326599
0.0219	20.0418491363525
0.4484	8.64635467529297
0.3642	0.252078592777252
0.0191	0.0
0.0818	0.0484095811843872
0.0725	6.75183582305908
0.0583	0.0
0.3454	2.59754300117493
0.0043	0.0
0.0867	0.0797309130430222
0.1872	0.257084608078003
0.0722	0.57526421546936
0.0467	1.7313539981842
0.1538	0.527134001255035
0.1882	0.0899658426642418
0.0011	0.0
0.0089	6.08442211151123
0.05	12.8270702362061
0.3546	0.332696914672852
0.037	0.339395612478256
0.1252	0.521985590457916
0.1558	0.0357314310967922
0.3251	0.0065461369231343
0.0	6.24064302444458
0.217	0.767202019691467
0.0	0.0
0.2907	0.047028910368681
0.0216	0.106381200253963
0.0929	0.18190810084343
0.4412	0.149727299809456
0.3462	0.913836896419525
0.0876	1.4476569890976
0.0199	0.0354741811752319
0.0057	0.0043678940273821
0.1268	4.09067916870117
0.1007	9.53077793121338
0.2589	26.0938701629639
0.2601	1.5658370256424
0.0993	0.0
0.0112	4.20834112167358
0.374	0.051108468323946
0.1035	0.7718306183815
0.0515	0.0567649193108082
0.1798	0.0
0.0156	0.0808282494544983
0.0033	0.0323750488460064
0.0012	0.910066604614258
0.0532	0.108323097229004
0.309	0.788621187210083
0.2998	0.428348302841187
0.3369	0.0295483991503716
0.2	1.78604698181152
0.0887	0.608122587203979
0.2875	0.539203584194183
0.1723	0.241646394133568
0.3335	0.779442429542542
0.0277	36.0737380981445
0.3833	0.205106303095818
0.3607	28.0022506713867
0.3138	0.0127003602683544
0.1682	0.0
0.0789	0.500724792480469
0.1136	19.9564800262451
0.1914	0.0020030930172652
0.0306	0.0422792285680771
0.0526	1.28562998771667
0.1742	0.19787360727787
0.2241	17.8511600494385
0.3379	0.0074202460236847
0.0557	0.0852377414703369
0.0514	0.0
0.2691	0.203467905521393
0.2407	0.0087997689843177
0.3896	0.109057903289795
0.1	0.0
0.1367	0.312889486551285
0.4063	0.0065709729678928
0.03	0.0859214663505554
0.2115	1.17395102977753
0.3226	4.47101306915283
0.1643	0.0558830313384533
0.0663	5.35843706130981
0.0762	0.344688087701797
0.4671	0.482725203037262
0.149	0.620053291320801
0.2709	0.0383357107639313
0.1575	0.640462398529053
0.0766	0.0001792383991414
0.0161	2.70598101615906
0.0097	2.34850406646729
0.0938	0.520813882350922
0.4726	0.381076693534851
0.047	7.57915496826172
0.0598	1.45950901508331
0.0303	0.715943098068237
0.1045	0.217819198966026
0.3261	0.0
0.0282	40.7531509399414
0.052	0.163828000426292
0.1538	0.300039410591125
0.1684	0.144360795617104
0.3545	0.117108203470707
0.2336	0.0
0.3087	1.61919701099396
0.2146	0.0706848129630089
0.2553	0.001137610990554
0.0149	0.551058709621429
0.2968	0.0
0.1169	0.0
0.0709	74.8676605224609
0.3797	0.0092467982321977
0.0642	0.0
0.1344	2.68574690818787
0.2532	0.0117365103214979
0.1717	0.0152076603844762
0.1093	0.562205910682678
0.0	0.0
0.1536	0.475555300712585
0.0747	2.58770704269409
0.1083	0.474883586168289
0.1789	0.0056597189977765
0.1008	0.347022712230682
0.1746	0.026013670489192
0.2025	12.627799987793
0.0872	0.147045806050301
0.1041	1.00221300125122
0.1143	0.388641089200974
0.0052	0.0
0.3962	0.0222573205828667
0.1684	0.285636395215988
0.0003	0.0
0.2005	30.5517406463623
0.1097	0.486598789691925
0.0316	0.0846743434667587
0.0707	0.35912099480629
0.2338	0.677557826042175
0.3787	0.34653240442276
0.06	3.73305988311768
0.0675	0.0542175695300102
0.049	0.0704435631632805
0.3279	0.168115302920341
0.2683	0.0091366004198789
0.0264	0.578526377677917
0.1591	0.358494400978088
0.0657	17.5951690673828
0.0222	2.96998596191406
0.0499	4.71742677688599
0.0631	0.0127626303583384
0.1521	0.371057897806168
0.1226	0.0686173886060715
0.0022	7.31673717498779
0.1035	0.95928031206131
0.2057	0.0006947023211978
0.3477	5.19800710678101
0.2577	0.439930588006973
0.0495	0.0600808896124363
0.0576	12.9142904281616
0.0004	2.66592311859131
0.0284	0.30914369225502
0.4851	0.154761493206024
0.1928	6.2340350151062
0.3441	1.32873094081879
0.2872	0.323978304862976
0.2824	0.536300301551819
0.1795	0.112969003617764
0.0643	3.24247598648071
0.0647	0.418248802423477
0.4289	0.187186896800995
0.1387	0.683958113193512
0.0191	0.0004174936038907
0.2797	1.1462630033493
0.2893	0.0959785804152489
0.0502	0.171952903270721
0.3799	6.76149082183838
0.0683	0.0076336879283189
0.2181	14.4298801422119
0.1173	0.253806203603745
0.0043	0.0838689431548119
0.1165	0.0151901300996542
0.3035	0.380087912082672
0.2917	0.0181837994605303
0.007	29.297399520874
0.3734	0.602305710315704
0.3206	0.172450304031372
0.273	0.0419801808893681
0.2044	0.0013350889785215
0.1597	0.358008503913879
0.0245	59.0033988952637
0.0198	33.3486518859863
0.1066	0.0
0.021	0.0
0.0181	0.527700901031494
0.0814	12.2002096176147
0.3195	0.0762157365679741
0.1192	0.0008138421108014
0.1752	0.0884369984269142
0.1015	0.037856750190258
0.029	2.27870988845825
0.1858	0.015087160281837
0.1766	0.485553294420242
0.1737	0.0325920917093754
0.0002	0.16710190474987
0.1086	1.40506601333618
0.2741	0.241042107343674
0.3713	0.509267687797546
0.0101	0.0315269082784653
0.1014	0.0
0.2729	0.100236602127552
0.0199	10.6237297058105
0.1553	42.5103607177734
0.3706	0.119256697595119
0.3055	0.0028855130076408
0.0048	0.345788389444351
0.0662	2.81189107894897
0.0721	1.99653804302216
0.1519	0.498932600021362
0.0609	0.822311282157898
0.0267	6.77270412445068
0.0668	0.227607503533363
0.049	16.1221008300781
0.0064	0.0647192373871803
0.062	0.209883004426956
0.0211	1.96330094337463
0.0206	0.68707287311554
0.057	0.0
0.0267	0.0
0.2104	0.0108388103544712
0.164	0.780567228794098
0.202	0.0153540102764964
0.0246	5.64583110809326
0.151	0.004836999811232
0.1233	0.0396120809018612
0.0363	0.0295241307467222
0.2601	0.229323297739029
0.207	0.597952723503113
0.1839	0.436215996742249
0.2914	0.606791973114014
0.2699	1.23171496391296
0.193	2.3024480342865
0.4365	0.793079376220703
0.176	0.895190119743347
0.1919	0.0
0.3412	0.101203702390194
0.1404	0.000257707608398
0.0342	0.673914611339569
0.1863	9.50267791748047
0.026	7.22037315368652
0.0758	10.6998996734619
0.5152	9.69661617279053
0.2128	21.1587295532227
0.0378	1.15330195426941
0.0886	0.047399278730154
0.0419	0.0182523000985384
0.1545	0.800817489624023
0.1298	1.40060102939606
0.1363	0.780739605426788
0.1034	19.6910095214844
0.0149	0.464469611644745
0.0119	66.5510635375977
0.0223	0.139274597167969
0.0005	0.329705089330673
0.1636	0.0788878127932549
0.0852	0.0
0.231	0.12980130314827
0.2725	0.0715922266244888
0.2325	0.212993994355202
0.2596	1.83060503005981
0.3093	0.027496350929141
0.001	0.0006949782837182
0.2955	0.136972293257713
0.0324	0.755676925182343
0.0584	0.224638506770134
0.2273	1.22961401939392
0.0385	0.117270901799202
0.1609	9.34217929840088
0.4207	0.0544963590800762
0.239	0.40483221411705
0.0599	0.010496630333364
0.1275	1.04591798782349
0.0177	1.2632360458374
0.4136	6.08889102935791
0.0962	0.029082179069519
0.1611	0.603115200996399
0.1804	0.151357799768448
0.1149	0.0
0.0057	0.5167316198349
0.0436	3.09930610656738
0.2551	0.0953866466879845
0.0585	0.0684920996427536
0.0912	0.179874792695045
0.2588	0.0449665412306786
0.0323	0.250327706336975
0.1577	0.0
0.1649	0.26554200053215
0.0003	8.17538166046143
0.0976	0.278686195611954
0.0245	1.74079096317291
0.0157	1.47678804397583
0.2431	0.227404206991196
0.064	0.378517985343933
0.0606	0.308156192302704
0.0503	18.2954902648926
0.0062	1.64210605621338
0.0372	0.568146288394928
0.044	0.496623307466507
0.035	0.182725101709366
0.3114	0.0273480303585529
0.1976	0.184213504195213
0.1514	0.680432379245758
0.0018	0.922268509864807
0.2433	0.0980782136321068
0.0263	0.36661559343338
0.3896	0.0721018463373184
0.1688	0.522377371788025
0.0924	0.293471992015839
0.0935	26.7594890594482
0.0001	0.160553097724915
0.169	0.595563173294067
0.157	1.46661400794983
0.4067	14.7516498565674
0.2126	0.189954206347466
0.0146	1.66732001304626
0.3132	0.0489413216710091
0.3428	1.46861100196838
0.0019	0.0
0.1135	0.303513497114182
0.2373	0.382286787033081
0.3932	0.0111885797232389
0.1427	0.444518685340881
0.3175	1.02801895141602
0.0975	0.431982785463333
0.0028	0.0622851103544235
0.0	2.09249091148376
0.3544	1.29980897903442
0.0141	60.1907997131348
0.003	0.0730359181761742
0.053	0.0044797668233513
0.0525	0.005256189033389
0.0722	0.187066495418549
0.046	0.968981385231018
0.1961	1.72746503353119
0.0966	0.0
0.0492	0.0056914458982646
0.3625	0.633911788463593
0.2344	1.25203704833984
0.0247	0.0707659497857094
0.199	0.121847502887249
0.1012	0.396940112113953
0.1749	1.66915500164032
0.3661	0.0043930849060416
0.0405	0.498114585876465
0.3616	0.472165286540985
0.2906	1.28432703018188
0.1981	14.2182598114014
0.0284	0.010757589712739
0.0594	5.44900894165039
0.1659	0.214220896363258
0.2043	0.0058699850924313
0.0061	0.0
0.0514	0.0
0.2342	16.7582893371582
0.0303	3.36239504814148
0.2924	1.64529502391815
0.1836	0.0
0.2838	0.0
0.0349	0.0
0.1036	2.06094288825989
0.0	0.0
0.1815	0.0
0.0348	1.73368501663208
0.3704	0.0678562298417091
0.1499	0.0166666097939014
0.1295	0.0024481660220772
0.0288	33.1027717590332
0.0134	0.0468965508043766
0.0676	1.5750550031662
0.0234	1.05689299106598
0.1457	0.0681336671113968
0.0116	0.0
0.2022	0.14787769317627
0.1378	0.079918846487999
0.4388	0.126378506422043
0.1725	2.82138204574585
0.1758	0.194986194372177
0.3239	0.0149760600179434
0.4374	0.139047294855118
0.0797	0.310312896966934
0.1553	0.0058278008364141
0.0503	1.44008600711823
0.0002	79.2289123535156
0.3395	0.504921615123749
0.0005	0.0007673347136005
0.1933	38.8911285400391
0.3784	0.0324263386428356
0.0245	3.64109110832214
0.066	6.27996778488159
0.2446	0.381099313497543
0.3264	0.0634079575538635
0.0762	5.48864984512329
0.1024	30.523120880127
0.0469	51.448299407959
0.1908	0.220592096447945
0.1007	1.38848400115967
0.0389	0.179462894797325
0.1469	1.97655999660492
0.2702	0.336643904447556
0.0974	0.494842410087585
0.0021	0.0312159098684788
0.2538	0.552591323852539
0.1186	0.475228011608124
0.0904	17.7326107025146
0.1813	0.0
0.0002	0.0297290999442339
0.0115	0.948647022247314
0.1232	7.95929479598999
0.0013	1.81924295425415
0.03	0.0300231296569109
0.1771	0.104111596941948
0.2438	0.573974370956421
0.2914	0.355250209569931
0.0782	4.25420904159546
0.0768	1.57128798961639
0.2515	53.148609161377
0.0765	0.0909460186958313
0.3495	0.804258227348328
0.0126	7.37000799179077
0.1311	1.62716102600098
0.2256	0.896519005298615
0.0046	0.135148495435715
0.0006	0.78361451625824
0.2668	0.13427110016346
0.0182	0.412384688854218
0.1573	1.29307401180267
0.299	0.0438507609069347
0.0524	0.910041928291321
0.06	2.31248092651367
0.3616	19.514820098877
0.1861	0.0
0.1648	0.0556240789592266
0.1246	0.0
0.1107	0.133602693676949
0.1242	0.0
0.0742	0.482038885354996
0.4141	0.353132098913193
0.1604	0.25233119726181
0.3636	0.0476977489888668
0.03	0.0
0.086	1.01395201683044
0.2115	0.780666172504425
0.0499	2.56316304206848
0.2001	0.0321832709014416
0.05	0.193395301699638
0.1065	0.000473186810268
0.3223	0.118217296898365
0.0149	0.175970107316971
0.0029	0.324403285980225
0.0909	0.0979944318532944
0.1142	0.302214503288269
0.0828	4.72768497467041
0.1712	0.0376300513744354
0.4489	0.0073872599750757
0.2541	0.771904587745667
0.0045	0.0584060810506344
0.4335	0.981217324733734
0.0232	56.1434097290039
0.0118	0.674248576164246
0.2431	0.0811769813299179
0.0911	0.114673800766468
0.0999	1.37796497344971
0.278	0.419613510370255
0.1634	11.9566097259521
0.3429	0.0
0.0651	0.106789700686932
0.0784	0.0998178422451019
0.047	32.3437309265137
0.0	8.43299388885498
0.3169	0.015550940297544
0.2642	23.248649597168
0.0734	9.21743679046631
0.198	0.0231840405613184
0.0986	1.92852699756622
0.0099	2.90029811859131
0.3361	0.130550399422646
0.026	0.752668499946594
0.1666	0.0015876709949225
0.1076	0.0531568787992001
0.0004	27.7997798919678
0.0179	0.0
0.0478	0.3663310110569
0.1745	0.830011129379272
0.0978	0.0
0.3976	0.0499256886541843
0.2324	0.196206003427505
0.3077	0.0025251950137317
0.0311	2.48741507530212
0.001	16.7160797119141
0.393	0.185741201043129
0.2157	0.0038299090228974
0.0053	33.1579704284668
0.3237	0.230930298566818
0.3119	0.0172917991876602
0.3071	2.94264698028564
0.2798	0.0320790186524391
0.0714	0.380037009716034
0.0622	2.88926911354065
0.0441	0.690503299236298
0.4021	0.797434687614441
0.0692	0.324841111898422
0.3436	0.0
0.2046	1.92570400238037
0.0213	20.0609607696533
0.0794	3.60141611099243
0.0753	0.415012091398239
0.1872	0.0387684889137745
0.2741	0.0138280903920531
0.2259	0.0102249402552843
0.0685	0.696677923202515
0.2749	0.235849604010582
0.3551	0.010221210308373
0.158	0.97187751531601
0.0169	0.0491505600512028
0.2544	0.041246559470892
0.0	0.0
0.2094	0.100138500332832
0.317	0.0410413406789303
0.0457	0.914388716220856
0.1083	0.943997085094452
0.0489	6.26711702346802
0.0167	0.21238699555397
0.4458	0.231890797615051
0.0454	0.878588974475861
0.0101	5.7651948928833
0.0888	0.0141555797308683
0.0159	1.09957301616669
0.0596	0.0631659477949142
0.1139	2.35038709640503
0.0215	0.0
0.0952	0.0622041113674641
0.2747	1.18782603740692
0.4163	0.0351648107171059
0.3735	2.24863791465759
0.1931	0.310435801744461
0.1718	1.16839194297791
0.0001	1.88027095794678
0.388	0.218997895717621
0.3307	0.128036499023438
0.1312	0.0963201224803925
0.0176	0.883691310882568
0.0101	0.687813222408295
0.3771	0.287441700696945
0.0	44.556468963623
0.0368	0.0288722403347492
0.3964	1.36206495761871
0.0085	0.378214806318283
0.0007	1.07394301891327
0.0166	0.523403882980347
0.4821	0.119736097753048
0.0592	1.76123702526093
0.0087	0.545950889587402
0.4167	0.767546117305756
0.0811	12.1181802749634
0.0891	21.6144199371338
0.0129	0.0
0.2437	0.0589300617575645
0.0465	12.4995203018188
0.2482	2.01214694976807
0.1375	0.274565786123276
0.0347	7.61441087722778
0.1935	0.0145428599789739
0.1927	0.565559089183807
0.1932	0.0574573911726475
0.2522	0.0576545111835003
0.1239	0.133874595165253
0.1229	0.0245841108262539
0.0358	0.0
0.2943	0.0210017692297697
0.1607	0.0076521062292158
0.102	0.0322404988110065
0.0474	0.0
0.2989	0.151640206575394
0.3973	0.435186713933945
0.1204	38.7388610839844
0.3549	0.64893627166748
0.2878	0.0904833003878593
0.1722	0.0148360403254628
0.1481	0.751514613628387
0.3679	0.20502470433712
0.0155	46.1819190979004
0.0456	0.000207177203265
0.0033	0.0992473810911179
0.3113	11.7230501174927
0.1411	4.35166501998901
0.1486	3.2021369934082
0.0998	0.0053060678765177
0.1258	0.0377411395311356
0.1685	1.34452700614929
0.1237	9.41814422607422
0.3431	0.0
0.3729	0.0089889038354158
0.0278	3.28630590438843
0.2853	0.0043737068772316
0.0016	0.270670086145401
0.2396	1.88558197021484
0.0111	0.694672882556915
0.1179	0.309766411781311
0.3553	0.342168688774109
0.0546	0.122547097504139
0.0639	0.0545792803168297
0.0588	3.51622605323792
0.0688	0.0387154184281826
0.1792	0.0876017436385155
0.2722	0.0025527200195938
0.2299	0.51923280954361
0.059	0.388246089220047
0.0185	0.644586384296417
0.04	1.0846940279007
0.3113	0.0144655704498291
0.0552	8.5490255355835
0.2415	2.47964406013489
0.3068	0.231361597776413
0.0306	0.223930403590202
0.0622	1.91276597976685
0.2828	1.63630604743958
0.224	0.0527576208114624
0.4076	0.0642001330852509
0.0354	0.30026039481163
0.0895	7.4341721534729
0.0467	4.44661092758179
0.0027	1.04620099067688
0.2154	0.141790106892586
0.0244	0.696704924106598
0.1571	0.229245007038116
0.5717	0.0002544964081607
0.1154	0.0504985488951206
0.0079	39.6326484680176
0.0299	0.161825895309448
0.0922	4.70396614074707
0.0095	7.69549989700317
0.1309	0.0020766770467162
0.1027	11.5320501327515
0.0	0.0
0.2756	0.32400119304657
0.1512	0.0
0.1341	1.49041295051575
0.2923	0.0961878001689911
0.1127	12.3147201538086
0.4846	0.0771778672933578
0.0632	0.123654201626778
0.1571	16.6996192932129
0.2904	0.180425897240639
0.3293	0.476846486330032
0.0001	0.259443998336792
0.3265	0.331818014383316
0.1106	0.0018682490335777
0.3394	0.0052472972311079
0.176	0.381991386413574
0.1577	0.101643897593021
0.4819	0.0010785619961097
0.193	0.083113506436348
0.454	1.0962769985199
0.157	0.0883616283535957
0.1124	0.0745568200945854
0.0596	0.0
0.1078	0.169723600149155
0.0455	1.60956704616547
0.268	0.0017457179492339
0.0676	0.995572328567505
0.0692	0.30727618932724
0.0733	2.2739839553833
0.1358	3.00933504104614
0.0693	0.439029008150101
0.0897	0.117302097380161
0.2814	0.0741894170641899
0.0483	0.0
0.0018	55.5214691162109
0.3483	1.27215099334717
0.1659	0.171963006258011
0.048	0.005638028960675
0.0675	0.614921271800995
0.0296	7.98147678375244
0.0569	0.0181760005652905
0.0026	0.0044304141774773
0.1119	0.05817935988307
0.0778	0.145349994301796
0.1728	0.206508696079254
0.0745	0.817004501819611
0.1971	4.58541822433472
0.1084	2.46935701370239
0.0	0.0
0.2631	0.233146697282791
0.0386	17.8936805725098
0.0548	0.896114826202393
0.4142	0.200551599264145
0.3917	0.0266991294920444
0.0412	1.9706859588623
0.2285	1.0153820514679
0.0396	49.3252983093262
0.273	0.0263746995478868
0.0014	1.00310897827148
0.1614	0.100111700594425
0.2395	0.144768297672272
0.0116	0.336003005504608
0.0294	0.0
0.0863	1.07749700546265
0.0766	0.0088093532249331
0.0977	0.0
0.1409	0.0063433540053665
0.4067	13.1281995773315
0.2974	0.0155352000147104
0.0064	0.13528910279274
0.0002	0.0329728983342648
0.1809	0.032400980591774
0.1399	27.697790145874
0.1839	0.0689156278967857
0.0079	27.6778507232666
0.0022	4.83322191238403
0.3502	0.0355105698108673
0.3908	11.4041900634766
0.101	4.18221521377563
0.0302	6.14587306976318
0.2686	0.238916605710983
0.2034	7.51880598068237
0.246	0.196790099143982
0.3298	0.390208393335342
0.2396	48.3845710754395
0.0362	6.76517391204834
0.2181	0.0016257179668173
0.1742	0.009763354435563
0.2197	1.82484996318817
0.0	0.0
0.138	0.393137812614441
0.4312	1.29882705211639
0.018	52.1545295715332
0.1587	0.0183020699769258
0.1634	0.344757109880447
0.3362	0.0335220508277416
0.2557	0.0724313035607338
0.2168	0.127562895417213
0.1951	0.323176592588425
0.4083	0.453397005796432
0.1573	0.247237399220467
0.0048	71.7276229858398
0.2711	1.3968950510025
0.3038	7.24717998504639
0.0653	2.13051295280457
0.0889	0.0006684560212306
0.006	43.9572982788086
0.2023	0.307426601648331
0.0017	39.8972015380859
0.1457	0.134078204631805
0.002	77.4877166748047
0.4868	0.034311231225729
0.3401	0.0896783322095871
0.0086	0.0258891601115465
0.1124	0.0
0.1901	3.32414889335632
0.3463	15.0158004760742
0.0991	0.0399220995604992
0.285	0.0729984268546104
0.1526	0.157561004161835
0.0045	0.124691396951675
0.0306	0.400253802537918
0.1572	0.124399997293949
0.0126	0.982634782791138
0.1107	0.211526900529861
0.0518	8.59361934661865
0.0703	0.45579719543457
0.4265	0.0406237691640854
0.1641	0.296805292367935
0.2914	0.896458983421326
0.2147	5.27752304077148
0.1669	1.37230098247528
0.0	0.320553302764893
0.2407	0.0
0.2371	2.63344693183899
0.096	0.0
0.0923	0.275775611400604
0.0056	4.31448984146118
0.0901	1.05493295192719
0.2981	18.3889694213867
0.0637	4.02658176422119
0.1939	0.866119921207428
0.0201	0.0
0.2341	0.353616714477539
0.1642	2.96158790588379
0.0891	0.264698714017868
0.0119	0.0
0.3946	0.109852701425552
0.1163	0.0
0.3154	0.154628604650497
0.0964	0.0
0.4471	0.0239536594599485
0.142	5.69349002838135
0.0695	4.1815619468689
0.1183	0.0199847891926765
0.1953	3.64941501617432
0.2683	0.390516608953476
0.0236	2.60809206962585
0.0078	90.5630798339844
0.0798	0.562245905399323
0.0345	63.5139083862305
0.0925	0.386628210544586
0.4558	0.217452600598335
0.2262	42.7972106933594
0.0549	0.0
0.0	0.0782158300280571
0.025	1.94778001308441
0.3436	3.3754780292511
0.0299	0.728958189487457
0.0462	0.0893514528870583
0.0347	2.80541706085205
0.283	0.422366291284561
0.008	1.74381804466248
0.1215	0.171875596046448
0.0578	0.275346696376801
0.1499	31.8844509124756
0.1819	0.129921093583107
0.0007	0.15385539829731
0.2384	0.0388525612652302
0.0015	0.153131902217865
0.0672	0.0004974512849003
0.2459	0.128200799226761
0.3318	0.76846832036972
0.0098	26.4530391693115
0.1236	0.0163463708013296
0.3466	0.419900387525558
0.0505	4.1235990524292
0.1858	10.7555904388428
0.31	0.0084043126553297
0.2442	2.11642503738403
0.0366	0.0475708916783333
0.0058	0.788679778575897
0.0012	2.05320811271667
0.0077	0.369907110929489
0.2308	0.0
0.3804	0.795078277587891
0.1097	25.7709808349609
0.3376	0.114884600043297
0.0145	0.1479621976614
0.1264	2.72711801528931
0.0339	0.0
0.122	0.456784695386887
0.0794	0.0233344398438931
0.0283	1.08627104759216
0.5055	0.383289903402328
0.2921	0.460930109024048
0.008	1.88242495059967
0.2373	0.0232492499053478
0.1005	0.0828959122300148
0.3116	0.0084151718765497
0.0476	0.122455798089504
0.1895	0.0994116067886353
0.1311	0.0765650570392609
0.0098	0.936036705970764
0.0805	0.29233181476593
0.0323	0.0
0.2168	1.09197199344635
0.0826	0.0152059700340033
0.1073	1.98233902454376
0.2187	0.788931488990784
0.1817	2.99519491195679
0.0418	25.7987308502197
0.0185	0.0458795204758644
0.366	0.169762805104256
0.3292	0.104789599776268
0.0633	5.51242017745972
0.3096	0.125097498297691
0.2525	0.0246634501963854
0.0825	0.0381485596299171
0.2098	2.17043590545654
0.0097	2.28696203231812
0.01	0.0014068069867789
0.0298	0.0303320903331041
0.1195	1.33114194869995
0.274	0.723206996917725
0.0	0.0
0.0002	14.6763296127319
0.0616	2.01990604400635
0.0892	8.7248010635376
0.261	0.176629796624184
0.2228	0.0860620588064194
0.001	12.7448701858521
0.1194	0.0743852108716965
0.3725	0.148859098553658
0.0661	0.841525614261627
0.1408	34.0351600646973
0.3139	0.0319135896861553
0.2282	1.22451496124268
0.0057	0.243663102388382
0.3262	0.0608281493186951
0.0761	0.596496284008026
0.2443	0.101245902478695
0.0244	48.8816184997559
0.2529	0.175565794110298
0.0763	1.52888298034668
0.0375	0.623008787631989
0.2741	0.073762871325016
0.0553	0.485538989305496
0.2085	0.0
0.2602	0.0
0.0	0.0
0.0	0.903358519077301
0.0288	0.0607159100472927
0.0167	0.513838410377502
0.2707	0.0340760499238968
0.1196	0.694943070411682
0.2664	0.104835897684097
0.0025	35.470401763916
0.2833	0.164114996790886
0.1573	0.0126074999570847
0.4056	0.326535701751709
0.0898	0.0
0.3774	0.57761937379837
0.1533	0.232050806283951
0.0358	1.22858703136444
0.0	0.0034415600821375
0.1288	0.0120169101282954
0.1392	0.485894203186035
0.3326	0.270277798175812
0.3538	0.419367790222168
0.1025	2.37698101997375
0.0132	0.160296097397804
0.5492	8.19405746459961
0.089	0.27867978811264
0.0124	0.0
0.0007	0.0670409426093102
0.208	0.0
0.0854	0.150265902280807
0.0095	1.42797601222992
0.0339	0.0867490395903587
0.1895	1.02293300628662
0.0024	4.77254295349121
0.0667	44.690559387207
0.2742	0.0153857199475169
0.2648	0.527796387672424
0.0088	0.512741029262543
0.1873	0.278807103633881
0.0048	1.05089795589447
0.0178	0.365287601947784
0.3185	1.28083598613739
0.0356	0.111872799694538
0.0001	38.2777290344238
0.0015	0.743833124637604
0.2732	0.0219837408512831
0.1864	20.8173198699951
0.3068	0.367782890796661
0.2565	0.0125837996602058
0.0734	0.177834004163742
0.4025	0.911969184875488
0.1871	0.206401795148849
0.1014	29.6643390655518
0.1895	58.4341697692871
0.0004	1.26795303821564
0.0041	61.0157890319824
0.1035	8.98470497131348
0.072	7.96982717514038
0.0	0.0
0.0301	0.613787412643433
0.0677	0.108274802565575
0.4152	0.540396273136139
0.299	0.131395995616913
0.3357	0.115790300071239
0.376	0.204751595854759
0.1198	0.131745293736458
0.2424	0.0039277831092476
0.0822	0.67008650302887
0.0126	11.9174203872681
0.2563	0.0
0.063	0.0422028116881847
0.1226	0.0269876308739185
0.1026	0.363355785608292
0.0013	74.9220275878906
0.0041	1.87308502197266
0.0466	5.17061805725098
0.3059	0.0954154431819916
0.1703	0.355519503355026
0.4798	1.21283602714539
0.3357	0.107484698295593
0.0001	0.171444207429886
0.0241	0.0
0.0217	0.0886320173740387
0.1499	0.293433010578156
0.0065	55.3860511779785
0.0099	0.276154011487961
0.0023	0.0004862906062044
0.211	0.0
0.0087	5.04154682159424
0.2341	0.0088323764503002
0.1046	0.0100953700020909
0.1396	0.0
0.1112	10.0329599380493
0.1902	17.3065891265869
0.2436	0.187526300549507
0.4384	0.0443947501480579
0.2056	0.0
0.1564	0.383610486984253
0.1805	0.0224653892219067
0.0115	0.265609890222549
0.3228	0.0
0.4011	0.061956949532032
0.1376	0.0778180435299873
0.2464	0.250124514102936
0.1095	28.3556995391846
0.0113	0.23792490363121
0.3744	1.38058495521545
0.3653	0.0440795496106148
0.3994	0.696109712123871
0.2769	0.0137953897938132
0.0038	0.0003142076893709
0.0132	0.0392702296376228
0.038	0.136879995465279
0.1372	0.837396383285522
0.1112	1.61987197399139
0.0001	52.7314186096191
0.4099	0.0
0.0137	0.210828706622124
0.0265	0.0744273588061333
0.1145	0.174045994877815
0.0	0.0
0.0	0.0
0.1608	3.06366109848022
0.141	1.1166570186615
0.0578	1.48386800289154
0.0009	0.0
0.0002	0.483525902032852
0.1788	1.38326001167297
0.0374	0.691271722316742
0.1581	0.0907211899757385
0.2606	0.0083492342382669
0.0491	1.88611495494843
0.2982	0.46837130188942
0.0565	0.214947000145912
0.3235	0.27086740732193
0.4884	0.925401926040649
0.0261	0.0
0.0185	0.0648396834731102
0.0008	0.0624210387468338
0.3567	0.001967045944184
0.2487	0.0
0.4374	0.732741177082062
0.0159	6.94003009796143
0.4298	0.265635311603546
0.2141	0.0334258005023003
0.1454	0.0129436403512955
0.283	0.148341998457909
0.0087	0.0286162793636322
0.0022	1.13237702846527
0.1038	4.47432804107666
0.4138	0.0993978381156921
0.0	0.436846286058426
0.2875	0.0045563308522105
0.0	0.0238051395863295
0.243	0.0
0.297	1.02775001525879
0.0099	6.58367490768433
0.0469	2.99691390991211
0.0897	0.0206617694348097
0.0417	2.35567307472229
0.0068	0.234468594193459
0.0426	0.17812579870224
0.2084	0.0
0.0143	1.35099196434021
0.0233	3.66246294975281
0.0288	22.2649803161621
0.2259	0.126184105873108
0.344	0.044751588255167
0.0204	0.0242626909166574
0.0256	0.1653932929039
0.1947	0.367011100053787
0.1906	21.5670604705811
0.0427	0.113250397145748
0.1373	0.476532906293869
0.0	0.823005974292755
0.1846	0.181688398122787
0.0139	15.9435596466064
0.306	0.0122286295518279
0.0055	0.1829843968153
0.0899	0.126743599772453
0.0	0.0
0.4517	0.396689593791962
0.157	0.0759800374507904
0.0824	0.0
0.2054	1.02419996261597
0.4121	0.410865992307663
0.1728	0.594289183616638
0.1194	0.635811924934387
0.0	3.26615500450134
0.4197	0.0407211184501648
0.0	62.0099792480469
0.0565	0.36563178896904
0.0923	0.145772993564606
0.1691	0.0180586706846952
0.2651	1.99260699748993
0.0177	0.296559512615204
0.3985	0.0072907130233943
0.1139	5.6715030670166
0.1155	0.0096880998462438
0.1311	0.658314526081085
0.056	0.171967700123787
0.2231	0.338478296995163
0.0932	0.0020046608988195
0.0742	0.974587619304657
0.0095	0.100825801491737
0.4044	0.309641897678375
0.2307	0.0036092291120439
0.4833	1.52524697780609
0.0797	0.0067189130932092
0.0988	0.148226901888847
0.255	0.0874525308609009
0.3164	0.234952703118324
0.2303	0.112852297723293
0.1254	0.0166569091379642
0.0444	0.0
0.1069	0.129321396350861
0.0363	1.90986394882202
0.0232	1.83480501174927
0.1764	0.0
0.0928	0.0069472519680857
0.0387	2.12464094161987
0.0023	0.390955686569214
0.4477	0.437386214733124
0.3387	0.0
0.3655	0.565069317817688
0.0479	0.062432199716568
0.0006	6.18926191329956
0.0786	4.92026281356812
0.1054	0.283225685358047
0.1921	1.09696996212006
0.0938	0.0875105410814285
0.0	0.424017906188965
0.0902	5.17915010452271
0.2745	0.108117997646332
0.3283	0.150953903794289
0.0422	6.84048223495483
0.0	1.41889595985413
0.2829	0.0221245903521776
0.0	0.0170771591365337
0.0796	0.0461030900478363
0.0206	0.0038696839474141
0.3012	1.09578096866608
0.2938	0.0247014407068491
0.1859	0.152700707316399
0.0358	0.0
0.1884	0.740121304988861
0.0378	0.294385999441147
0.2089	0.147218301892281
0.0523	0.105464197695255
0.113	0.228678494691849
0.1453	0.0596729815006256
0.2953	0.0401470512151718
0.2695	0.0049204542301595
0.0178	0.0
0.0063	0.0
0.0	0.443093687295914
0.0347	32.0627593994141
0.2414	0.0827258825302124
0.375	0.0002209485974162
0.2249	0.0
0.0358	0.155345395207405
0.0916	0.0303327292203903
0.0439	0.094147726893425
0.3822	0.0530731193721294
0.2209	0.561188101768494
0.0059	0.0
0.0792	0.0222720596939325
0.0622	5.29206514358521
0.0278	1.77933299541473
0.4648	0.031678780913353
0.1055	5.06530284881592
0.0277	5.96288394927979
0.0999	0.0590900704264641
0.1968	0.0
0.0529	0.11308030039072
0.0288	2.79304194450378
0.0006	1.35170102119446
0.1873	0.092538557946682
0.3102	0.150384202599525
0.0142	1.13564300537109
0.0	24.8365707397461
0.1353	0.572514712810516
0.0333	10.5921497344971
0.1196	0.0005632182001136
0.1254	0.369270086288452
0.2051	10.1643400192261
0.2134	5.6459698677063
0.2449	0.0121355401352048
0.0734	0.308648586273193
0.1779	0.406774312257767
0.076	4.1167459487915
0.2434	0.228169500827789
0.2005	6.40467500686646
0.0902	0.0227301102131605
0.3636	0.0474668703973293
0.4099	0.0356159210205078
0.0315	15.619649887085
0.372	0.294687300920486
0.1329	0.161760196089745
0.006	0.202935293316841
0.0528	1.96983599662781
0.0731	3.93956804275513
0.1084	0.0
0.4533	0.286798596382141
0.0006	0.688551485538483
0.0785	0.170889094471931
0.2329	0.117558099329472
0.1035	8.45510578155518
0.0363	0.505080282688141
0.2137	0.44581401348114
0.003	2.23071098327637
0.0253	37.4055595397949
0.0	0.0
0.0255	8.91626262664795
0.3557	7.87537622451782
0.2508	0.160393893718719
0.012	4.29087591171265
0.0679	0.489256888628006
0.107	0.182805299758911
0.3935	0.297633796930313
0.04	0.0708844363689423
0.1225	1.01372599601746
0.4244	1.44395995140076
0.3455	0.002570014912635
0.0953	0.205122604966164
0.2601	1.47607505321503
0.4185	0.058700829744339
0.0097	71.341667175293
0.0112	0.184243202209473
0.3715	0.275788903236389
0.0208	0.198111295700073
0.1671	0.0392533391714096
0.1802	0.447964489459991
0.3931	2.44762492179871
0.0	6.01850605010986
0.0909	0.25221461057663
0.2103	0.638692378997803
0.3086	0.016172269359231
0.1048	0.345375508069992
0.1287	0.136864006519318
0.1292	0.346739202737808
0.0142	8.08144187927246
0.2038	0.0166543405503035
0.0183	0.0014234769623726
0.0091	0.563741326332092
0.1837	0.806264817714691
0.1479	2.11846995353699
0.0803	0.395902514457703
0.2997	0.462057709693909
0.0003	0.656430184841156
0.0684	0.0
0.2953	3.82556104660034
0.2928	0.277091085910797
0.0056	10.7047996520996
0.1621	0.521751999855042
0.0271	0.0220914706587791
0.211	0.0
0.0043	0.78657191991806
0.3147	0.0117931701242924
0.4788	11.2155704498291
0.0765	0.18863420188427
0.2452	0.353103488683701
0.3597	0.817774772644043
0.1463	0.017600579187274
0.3554	0.0
0.1573	0.786190629005432
0.285	0.0
0.0293	0.0567697994410992
0.2955	0.146821603178978
0.2764	0.0496225282549858
0.3113	11.3224697113037
0.1827	3.7206449508667
0.3589	0.231445103883743
0.2584	12.9928998947144
0.3697	3.72379207611084
0.0004	0.479307413101196
0.3818	0.0315525494515896
0.3193	0.924226820468903
0.179	0.0439473204314709
0.3018	0.0329920798540115
0.3121	0.207887202501297
0.2627	1.58594298362732
0.3624	0.656836926937103
0.0089	2.07315802574158
0.0721	0.414691507816315
0.0526	2.94814300537109
0.095	4.51701784133911
0.0037	2.73632502555847
0.1807	0.009117423556745
0.2926	0.225991800427437
0.3942	0.182097002863884
0.0368	0.556445181369781
0.4165	0.400484293699265
0.0	0.0
0.015	4.39387321472168
0.4461	0.0003167744143866
0.2773	0.0002160147996619
0.1141	2.5049250125885
0.2226	0.18045300245285
0.1989	2.63768911361694
0.0867	0.993987381458282
0.0104	0.0547632090747356
0.2377	0.145190700888634
0.1439	0.0530743189156055
0.167	0.183384701609612
0.1402	1.13857698440552
0.0191	0.0463431216776371
0.1037	0.0330537296831608
0.0258	0.0
0.2799	0.0
0.0337	1.25043296813965
0.1623	0.0324809700250626
0.0801	0.216536402702332
0.2251	0.236282393336296
0.0076	1.50456094741821
0.145	0.125288799405098
0.0528	13.9249696731567
0.3319	0.248183593153954
0.155	0.679151892662048
0.0946	0.798910081386566
0.0292	2.4216001033783
0.0179	0.174663603305817
0.0647	0.605392873287201
0.166	0.150650098919868
0.0185	34.5985717773438
0.0	0.354379206895828
0.0697	4.36842489242554
0.2643	0.267105489969254
0.0027	8.94210243225098
0.0263	0.974957883358002
0.0	0.0
0.0148	7.08782720565796
0.0556	0.120758898556232
0.1419	0.172889694571495
0.0411	0.385893195867538
0.1423	0.0121965799480677
0.2678	0.0401174612343311
0.4419	0.062777578830719
0.0134	1.02105402946472
0.1133	0.0
0.0426	0.233493596315384
0.0921	6.94179391860962
0.0364	5.62823104858398
0.2815	0.175513803958893
0.04	0.184961304068565
0.31	0.0140623496845365
0.2792	0.840660929679871
0.0912	0.0538728907704353
0.0938	0.0215889699757099
0.0673	0.120028801262379
0.0725	13.9008598327637
0.0177	0.0
0.0764	18.1258392333984
0.293	5.90340995788574
0.0298	0.0558494888246059
0.2751	0.634590685367584
0.3576	0.0420074686408043
0.3505	2.8383800983429
0.3762	0.235757797956467
0.2072	0.438217788934708
0.281	0.110656596720219
0.0221	0.665777027606964
0.343	0.0640236362814903
0.0652	0.0089654810726642
0.1207	0.087543860077858
0.1137	3.68668293952942
0.0066	0.40304109454155
0.2622	0.176337003707886
0.0205	0.121881902217865
0.1442	7.88217306137085
0.1131	32.67333984375
0.0353	0.0
0.171	0.0788606628775597
0.1872	1.4235680103302
0.1813	0.033431950956583
0.241	2.1925950050354
0.1154	0.187427297234535
0.3126	0.403077393770218
0.0046	0.0418891794979572
0.1332	0.0365671701729298
0.0283	7.15411996841431
0.06	2.19136500358582
0.3152	0.297684013843536
0.2573	0.273411512374878
0.4332	0.0069616218097508
0.0427	0.114239796996117
0.2246	5.72115707397461
0.2331	1.18024301528931
0.1333	0.0154126295819879
0.0369	1.85151195526123
0.3551	0.0140415895730257
0.1393	0.47086301445961
0.0075	0.0173311792314053
0.1958	0.398020207881927
0.0	0.0
0.1311	0.0
0.1824	1.63039100170135
0.0766	0.0051069390028715
0.021	0.0475231111049652
0.2399	0.0453373305499554
0.0803	7.16035413742065
0.0087	0.0076521937735378
0.4993	0.837588012218475
0.4267	0.0158657692372799
0.3276	1.61638903617859
0.0963	0.370967388153076
0.362	0.915163516998291
0.1649	0.655574917793274
0.1183	0.0717865899205208
0.0	0.0
0.3773	0.0316420011222363
0.1132	0.0228094290941954
0.108	0.100518502295017
0.343	0.129351794719696
0.0212	0.283285111188889
0.0499	0.604349076747894
0.2807	0.005634575150907
0.1383	0.104189299046993
0.0239	0.310818493366241
0.0395	18.7214794158936
0.1143	1.58158397674561
0.3667	1.37031495571136
0.4017	0.0345992408692837
0.0285	1.29672300815582
0.0	0.0
0.0759	14.7621698379517
0.072	0.118049196898937
0.0538	0.0019560460932552
0.1918	19.1191806793213
0.0148	0.0
0.265	0.014079250395298
0.2747	0.0566613115370274
0.0313	11.5420398712158
0.3938	0.0902472734451294
0.3891	0.46425798535347
0.0003	0.360783994197845
0.4258	0.171616896986961
0.3251	0.0399200804531574
0.0003	37.5678901672363
0.1299	0.0099199274554848
0.2152	0.197518602013588
0.1941	0.193664699792862
0.36	1.60005700588226
0.1805	5.59975910186768
0.0573	0.0553492493927479
0.0951	0.0457164086401463
0.0559	1.76789903640747
0.3033	0.0003787071909755
0.3764	0.291207700967789
0.0408	0.0
0.014	0.0439046993851662
0.2526	0.333402186632156
0.0	1.37017095088959
0.102	0.448605000972748
0.3723	0.0431321300566196
0.2711	0.177984699606895
0.0023	0.0
0.0964	0.0
0.0	0.927126824855804
0.2922	0.005976874846965
0.3092	0.0006957530858926
0.0237	0.114430397748947
0.1964	0.0414621792733669
0.2565	0.137919798493385
0.1562	4.62923002243042
0.375	0.0635086223483086
0.1338	0.0090192379429936
0.1647	0.659617185592651
0.2275	0.0092204343527555
0.1435	0.433453589677811
0.0292	0.430207103490829
0.2549	0.31705978512764
0.4208	0.598879098892212
0.0359	0.176292195916176
0.0	0.0
0.1102	15.6728601455688
0.035	2.50653409957886
0.0412	0.0
0.0953	0.0104683497920632
0.0016	0.124970100820065
0.3188	1.31723999977112
0.0345	1.658607006073
0.0972	0.0399739108979702
0.0	0.0
0.0663	0.170045495033264
0.4971	5.67260217666626
0.1018	0.0804056078195572
0.0831	16.1460304260254
0.2631	0.139270201325417
0.2013	0.0277643706649542
0.114	0.266071885824203
0.226	0.958077073097229
0.001	1.83936595916748
0.3082	0.0334484316408634
0.1222	0.888676881790161
0.0009	0.0448908694088459
0.0608	0.0225504096597433
0.0012	1.32354199886322
0.1143	10.0915603637695
0.2144	0.218418404459953
0.3426	0.355438113212585
0.0329	1.5310070514679
0.3106	0.232475906610489
0.0175	0.0317701809108257
0.0134	0.265888392925262
0.0712	0.482639014720917
0.3759	0.302993297576904
0.0373	0.0012262630043551
0.2641	0.692430675029755
0.4236	0.0083976527675986
0.0417	0.0207256097346544
0.1647	0.050412829965353
0.124	0.0052910880185663
0.0112	41.8258895874023
0.0504	23.0853691101074
0.1114	0.0
0.3009	0.612473011016846
0.2026	0.917740404605865
0.205	1.37442195415497
0.3698	0.287340492010117
0.1821	0.22651019692421
0.334	16.8146896362305
0.417	0.0348528213799
0.3664	0.524799287319183
0.0555	1.6078599691391
0.0367	0.456365406513214
0.0231	20.7947902679443
0.2424	5.87485694885254
0.199	1.53802096843719
0.2745	0.203846603631973
0.1275	15.4987297058105
0.0094	0.422944188117981
0.0645	1.08563601970673
0.209	13.462140083313
0.0325	0.720842897891998
0.0587	0.489382386207581
0.0056	0.0
0.0005	64.3618469238281
0.3761	0.227619394659996
0.1431	1.31123900413513
0.0559	0.148478403687477
0.4255	6.8243579864502
0.0647	0.0240028407424688
0.3533	0.0285743791610003
0.3024	0.0185243207961321
0.2594	11.4784202575684
0.0401	0.0
0.2047	0.0243130903691053
0.026	3.93632698059082
0.0106	0.0730295926332474
0.0009	0.047156810760498
0.0356	0.0163411200046539
0.2004	0.0329745784401894
0.122	0.0941609367728233
0.0923	0.0
0.0254	0.166319504380226
0.2486	0.0250379294157028
0.0177	0.0
0.2032	0.0451621115207672
0.3996	0.0483637005090714
0.0019	0.278356999158859
0.28	0.201892793178558
0.0109	0.664082288742065
0.0186	1.22957599163055
0.0028	47.2836418151855
0.219	0.545616984367371
0.076	0.287671804428101
0.3117	0.0333557315170765
0.3926	0.0448417998850346
0.3635	0.154850393533707
0.2176	1.75590896606445
0.0008	24.4914703369141
0.0343	1.00703597068787
0.032	0.013082199729979
0.2847	4.75056314468384
0.1069	0.0614853501319885
0.4778	1.35140895843506
0.1322	0.235840499401093
0.0005	0.0881529599428177
0.0484	0.276605904102325
0.0028	1.14853000640869
0.0036	77.9576034545898
0.4896	4.36943197250366
0.0836	2.12969493865967
0.3408	0.0275153294205666
0.4792	3.4416708946228
0.0163	0.0874306634068489
0.0024	0.0127929896116257
0.0205	3.09310793876648
0.287	0.0166523903608322
0.041	0.325148701667786
0.023	1.52599096298218
0.0337	0.0917173624038696
0.2052	0.0063590197823941
0.3843	0.0630165189504623
0.2585	0.25172421336174
0.3108	0.764219403266907
0.0391	0.238843306899071
0.1291	0.0886884182691574
0.1278	0.113582000136375
0.0185	0.703797280788422
0.0465	5.6122522354126
0.2027	0.0013789889635518
0.2437	0.95913827419281
0.1186	20.0561294555664
0.0093	2.21139788627625
0.1912	0.189173996448517
0.0001	0.427230298519135
0.1562	0.500290274620056
0.0142	39.257209777832
0.0457	1.4101220369339
0.3885	0.0711978003382683
0.2395	0.592495918273926
0.3879	1.14847898483276
0.0857	0.0051768468692898
0.1461	0.0188291408121586
0.3411	5.2254900932312
0.0005	34.5060997009277
0.0446	1.64146995544434
0.0601	0.0294346399605274
0.3207	0.058832760900259
0.0594	0.0731744319200516
0.0779	0.690332472324371
0.3493	0.0083304988220334
0.0286	15.2130699157715
0.1716	2.26342296600342
0.3677	1.17762303352356
0.2253	0.046729288995266
0.0194	0.0451140403747559
0.2922	0.0935356095433235
0.0003	9.00899505615234
0.1436	1.41518497467041
0.052	0.274004101753235
0.2273	0.0006098754238337
0.1393	0.203798800706863
0.1594	0.015641400590539
0.0411	29.00705909729
0.034	0.0
0.0772	0.495703607797623
0.1243	1.88307297229767
0.0001	0.0425671003758907
0.0005	0.0434887185692787
0.355	0.342312008142471
0.009	1.00464105606079
0.0099	0.0
0.0185	2.319904088974
0.3147	0.0394776202738285
0.067	0.258205711841583
0.2616	0.0168863199651241
0.1968	0.847253680229187
0.0529	0.0432526208460331
0.3293	2.13495492935181
0.2705	0.023341029882431
0.449	1.98471796512604
0.3188	0.0451764203608036
0.4166	0.028126360848546
0.2133	0.149558499455452
0.0231	1.23079299926758
0.2484	1.3260680437088
0.12	0.0
0.1727	0.109060600399971
0.0014	1.12270295619965
0.03	1.09426999092102
0.0064	19.868839263916
0.0842	0.028794139623642
0.0002	0.0595169216394424
0.382	0.0532950609922409
0.0574	0.167364701628685
0.4375	0.403779596090317
0.2776	4.31844091415405
0.3006	0.238534405827522
0.0027	0.214073404669762
0.1031	0.0587089918553829
0.3588	0.0
0.0207	4.45080518722534
0.0822	27.1205005645752
0.1309	0.0072206151671707
0.1121	0.370190292596817
0.0057	10.4304399490356
0.0334	4.89017820358276
0.1643	2.31230592727661
0.2988	0.302074700593948
0.0182	8.36553955078125
0.2167	0.284228295087814
0.0249	20.740270614624
0.2146	0.0
0.246	0.0139283603057265
0.4303	0.0393090508878231
0.1353	1.83689498901367
0.0	0.853118419647217
0.1804	0.0327466316521168
0.1071	5.44282579421997
0.3767	0.0042779608629643
0.2126	2.70305395126343
0.1646	0.382733285427094
0.0296	0.0424519814550877
0.4371	0.249163702130318
0.2008	0.0798192471265793
0.1767	0.202179804444313
0.3938	0.0917291864752769
0.0089	31.6171894073486
0.0518	2.95466303825378
0.3796	0.0234811305999756
0.2695	0.0
0.1457	0.16355200111866
0.0914	0.0831922963261604
0.2896	0.327956199645996
0.2729	1.09757602214813
0.0137	0.0476313307881355
0.1093	0.185724601149559
0.1359	5.31432008743286
0.0167	0.571811676025391
0.1077	0.0340991914272308
0.1507	0.173933997750282
0.4754	0.918548107147217
0.0657	0.529729187488556
0.4052	0.0931887999176979
0.4327	0.0031855429988354
0.1495	0.197539895772934
0.0476	1.43907296657562
0.2801	41.697380065918
0.0046	0.62775719165802
0.2044	0.152210503816605
0.1436	0.167349696159363
0.0	0.0
0.0197	1.0125230550766
0.0411	11.5531396865845
0.2453	0.802994608879089
0.0	0.377721011638641
0.3308	0.124730199575424
0.014	0.103335902094841
0.123	0.492216914892197
0.0546	0.0
0.096	0.126111894845963
0.0188	1.15792798995972
0.0292	2.5749089717865
0.0576	0.048578068614006
0.107	1.89007997512817
0.0595	28.3524494171143
0.437	1.21882295608521
0.2713	0.296717405319214
0.2275	0.144527301192284
0.0412	76.5347900390625
0.0079	0.138119697570801
0.2748	0.0
0.2667	0.558354318141937
0.2275	0.0080735124647617
0.0072	40.7486000061035
0.1141	0.0367670692503452
0.0009	0.0005728685064241
0.0999	0.0
0.198	8.74544906616211
0.0025	0.233234003186226
0.1112	0.415838897228241
0.1308	0.0006357919191941
0.2885	0.521967887878418
0.0639	0.105877801775932
0.0205	0.0514106899499893
0.0576	0.0098810503259301
0.1119	0.135050103068352
0.1352	18.8270893096924
0.0979	0.638800919055939
0.1256	0.0377708896994591
0.3049	0.492370694875717
0.4097	0.214336693286896
0.37	0.01448495965451
0.0	0.0911522433161736
0.1874	1.32964205741882
0.2863	0.0631869062781334
0.0528	7.7811541557312
0.2996	0.560946822166443
0.1196	0.0
0.1934	0.23444539308548
0.145	2.21665692329407
0.0163	5.55205202102661
0.1307	0.0471712611615658
0.1294	10.5651197433472
0.2807	0.637917220592499
0.1663	0.192958503961563
0.2092	0.0041382010094821
0.0615	0.110024496912956
0.0607	0.0800981298089027
0.2039	0.039016529917717
0.3272	0.0872445926070213
0.033	0.0205889008939266
0.0514	0.688168287277222
0.0335	0.162202998995781
0.339	0.470850586891174
0.3625	0.008200442418456
0.3966	0.0606614090502262
0.1022	2.66331100463867
0.0987	0.247152104973793
0.0316	98.2450866699219
0.0	0.577999174594879
0.0242	78.7417907714844
0.0853	0.0741126090288162
0.175	4.09841680526733
0.2903	0.079001173377037
0.3285	1.0189460515976
0.015	0.0
0.1221	24.3519592285156
0.2926	0.166135996580124
0.2732	0.0444520488381386
0.0494	0.0216460507363081
0.1509	21.2106609344482
0.1025	0.0057180360890924
0.0207	0.963362574577332
0.2251	0.0
0.3498	0.117531999945641
0.0022	0.0027743149548769
0.2814	0.293307989835739
0.1821	0.0086193345487117
0.0	0.0
0.0186	0.0100369602441788
0.1267	0.061364158987999
0.0389	5.70759296417236
0.0	1.0969979763031
0.0	0.20611959695816
0.2799	0.109671398997307
0.1442	0.0134292002767324
0.3517	0.0803133770823479
0.225	0.764582991600037
0.0439	0.1424909979105
0.3486	0.000815886480268
0.0397	11.4870300292969
0.052	0.0643224567174911
0.2244	4.01213502883911
0.0006	0.0031952019780874
0.1792	1.68779194355011
0.2009	1.50327098369598
0.2025	0.507239282131195
0.0004	0.0
0.2556	0.300746113061905
0.1072	1.87333595752716
0.0522	3.72592401504517
0.2714	1.64075398445129
0.227	3.20927906036377
0.1024	5.26803016662598
0.0202	0.0798292234539986
0.4645	0.0532183386385441
0.3163	0.0001846163067966
0.0903	0.319657206535339
0.0869	0.0288112405687571
0.0487	0.105459600687027
0.2181	0.541231870651245
0.1584	0.0509644411504269
0.0462	0.436396807432175
0.1292	0.0
0.0183	3.67745590209961
0.0115	0.155356407165527
0.1667	0.452573597431183
0.1417	0.120136000216007
0.3236	0.010983039624989
0.1882	0.186099603772163
0.4103	0.0766681581735611
0.0251	0.843888521194458
0.167	1.98209798336029
0.0188	34.1478309631348
0.0325	0.301305204629898
0.5055	0.383289903402328
0.2922	0.0
0.0707	5.17481517791748
0.0341	0.476763814687729
0.3399	0.359224498271942
0.3668	0.0219079498201609
0.0	9.89484119415283
0.0675	0.444128006696701
0.1717	0.0
0.0223	26.9267597198486
0.3437	1.18277096748352
0.0233	20.7274303436279
0.3357	0.139924302697182
0.1464	0.382819712162018
0.2513	0.510460376739502
0.2138	0.587143421173096
0.1253	2.20375204086304
0.2493	0.0372923389077187
0.0005	2.96790909767151
0.2654	0.296942889690399
0.0167	0.783390283584595
0.1321	0.337970107793808
0.0009	10.8538904190063
0.0249	0.579377114772797
0.0358	0.153005793690681
0.1863	1.60161995887756
0.0327	0.0
0.0008	7.60053396224976
0.2064	0.0409055799245834
0.0918	1.05832302570343
0.0	68.6961975097656
0.1744	0.335880607366562
0.2386	4.59660387039185
0.3403	0.0435869991779327
0.0302	32.749439239502
0.2311	0.173391699790955
0.0073	1.80165100097656
0.2962	2.15626001358032
0.2767	7.57583999633789
0.2079	0.163202196359634
0.355	0.0
0.0001	0.0755962580442429
0.0035	0.0468435399234295
0.0803	3.64404201507568
0.0017	73.0140762329102
0.0545	24.1429405212402
0.0104	6.4508228302002
0.2463	0.420740991830826
0.2831	0.493922591209412
0.0057	58.2592582702637
0.0228	4.06524181365967
0.1101	0.0649820566177368
0.4314	0.0252064093947411
0.3337	2.96198797225952
0.0354	0.0
0.1952	0.0412055402994156
0.2403	0.0224845092743635
0.2041	0.413521587848663
0.1191	10.3874797821045
0.0	0.0
0.3803	0.0110431900247931
0.0089	1.44959604740143
0.168	14.8942699432373
0.3311	0.0471190996468067
0.1009	0.243446007370949
0.0216	0.110611401498318
0.0897	0.0
0.267	0.0178175307810307
0.199	3.60686802864075
0.2723	0.871666491031647
0.0	0.0
0.1187	0.262837886810303
0.096	0.171717494726181
0.2797	0.0025733369402587
0.0067	0.132907792925835
0.3073	0.0
0.0001	1.35287797451019
0.1019	0.475274592638016
0.1269	36.8663101196289
0.0	0.0
0.3131	0.0666134208440781
0.263	0.0138038201257586
0.048	0.0
0.0893	0.57744038105011
0.1167	0.126892998814583
0.3592	0.0
0.0	0.0
0.3006	0.561756014823914
0.261	0.0570629797875881
0.3933	0.266531109809875
0.3875	0.0363933518528938
0.3398	4.22149610519409
0.1293	0.948703527450562
0.1888	0.0260024592280388
0.0083	0.0
0.2372	0.0695628300309181
0.0001	4.98035287857056
0.0199	0.354441791772842
0.3415	0.133515000343323
0.0035	0.521354496479034
0.0641	0.0009721100796014
0.0	0.003683314891532
0.3018	0.0004687086038757
0.2773	0.125875398516655
0.0565	0.415705502033234
0.0499	0.547262370586395
0.0005	0.733477115631104
0.1987	0.318820804357529
0.2151	0.713401675224304
0.0012	0.0
0.1154	0.021166019141674
0.4739	1.41730999946594
0.1565	6.03946304321289
0.2511	0.0265613496303558
0.0306	8.05630779266357
0.1034	0.0066972561180591
0.3376	0.110533200204372
0.1652	6.83729696273804
0.0052	0.0740305483341217
0.1432	2.22654700279236
0.3881	0.026837419718504
0.3225	0.113245002925396
0.3189	50.659481048584
0.0	0.0
0.242	0.0697968974709511
0.164	0.261018991470337
0.0592	0.729222774505615
0.0095	1.40012300014496
0.5254	15.2610702514648
0.4099	0.0035758221056312
0.3622	0.276380300521851
0.3932	0.017864890396595
0.2711	0.714808106422424
0.273	0.671558082103729
0.0947	0.0971378982067108
0.5113	0.457368612289429
0.0432	0.251545399427414
0.3108	0.340105205774307
0.2288	17.980110168457
0.1587	0.122667498886585
0.1727	0.183501198887825
0.003	22.8204307556152
0.3879	1.623291015625
0.0633	25.6452407836914
0.144	6.64065599441528
0.0767	0.0022604020778089
0.1393	0.163852497935295
0.2836	0.0364653393626213
0.0196	0.621949195861816
0.0742	12.0935096740723
0.1959	0.282479286193848
0.3265	0.0187303107231855
0.353	0.201251894235611
0.0297	0.0460124313831329
0.2825	0.0
0.0556	0.0921078100800514
0.021	2.37460398674011
0.198	0.0447545908391476
0.165	1.69322001934052
0.1031	0.0003648794081527
0.0903	1.10935795307159
0.3401	0.0439788103103638
0.0009	83.1413269042969
0.0012	4.99594402313232
0.0404	0.346591413021088
0.0188	25.6336708068848
0.3654	0.170422300696373
0.2331	0.0476805195212364
0.3331	0.0303865000605583
0.0519	0.0646206736564636
0.0035	0.284940987825394
0.1473	0.0015662469668313
0.2782	0.118313200771809
0.2456	0.0390885397791862
0.049	0.0087085356935858
0.0133	1.5339629650116
0.1356	30.8433799743652
0.2894	0.14672739803791
0.3166	0.0199064090847969
0.0662	0.181768193840981
0.2518	0.0997217521071434
0.0169	0.702760994434357
0.1645	0.0667013600468636
0.0759	0.403801500797272
0.3073	2.11917495727539
0.1699	3.63431096076965
0.1657	0.573080003261566
0.0781	0.885123610496521
0.2792	0.283211886882782
0.1013	0.438908904790878
0.0308	11.1555299758911
0.0029	9.67393398284912
0.261	0.0400646701455116
0.3826	0.205819606781006
0.2199	0.0
0.0379	0.565747976303101
0.0219	44.3537216186523
0.2333	0.550700187683105
0.3609	0.0965408235788345
0.2015	0.403168886899948
0.0377	0.147499799728394
0.328	0.434585690498352
0.1723	0.387037098407745
0.0023	57.2847290039063
0.0437	0.410139888525009
0.1763	0.120883703231812
0.2961	0.649407804012299
0.1558	0.998420000076294
0.0912	0.291750907897949
0.0476	12.2518396377563
0.0461	0.262645095586777
0.3193	0.0117361396551132
0.0886	0.0005941832787357
0.2663	0.319957703351974
0.0145	0.216994002461433
0.0442	0.554167509078979
0.0492	0.0199542194604874
0.3576	0.0274876691401005
0.0272	0.0
0.3441	0.180162906646729
0.2783	0.71387392282486
0.0943	0.018646439537406
0.1653	0.0475042909383774
0.3361	0.0886506363749504
0.4059	0.131832003593445
0.1391	0.0
0.1878	0.318196296691895
0.0088	0.000676279887557
0.0239	0.577730178833008
0.1814	0.480672985315323
0.3187	0.133334800601006
0.0583	0.445030510425568
0.2054	0.105484299361706
0.0037	0.387959212064743
0.1909	0.272794395685196
0.0027	9.96706771850586
0.3025	0.0143707999959588
0.0502	7.81335306167603
0.1833	0.435601711273193
0.1298	0.0651859566569328
0.0457	0.540210902690887
0.3359	0.0455165095627308
0.0022	11.1035499572754
0.4362	0.51238089799881
0.0352	20.5605506896973
0.0613	0.924390017986298
0.0961	0.140905305743217
0.2598	0.232669696211815
0.2091	0.233542397618294
0.2032	0.145277604460716
0.1169	0.405760586261749
0.2132	0.0010202310513705
0.0459	0.0498054400086403
0.3714	0.180118694901466
0.1479	1.41220998764038
0.1755	36.1172904968262
0.3117	2.00168800354004
0.4176	1.69156205654144
0.0967	0.154041796922684
0.0709	0.253340214490891
0.1216	0.0476357601583004
0.0449	0.52430522441864
0.0542	22.7518405914307
0.2351	0.769712388515472
0.1587	0.144504800438881
0.0208	1.53717303276062
0.0695	0.0057926401495933
0.052	0.483610898256302
0.0684	3.39119911193848
0.1698	0.116907097399235
0.3493	0.162771999835968
0.0422	1.60222697257996
0.1899	0.512860774993896
0.0782	1.34532296657562
0.0334	0.50485622882843
0.116	0.111398600041866
0.2948	0.0898682698607445
0.2198	3.40801501274109
0.0065	48.6997985839844
0.0292	0.0032368630636483
0.1802	0.79750120639801
0.0027	4.56423091888428
0.0133	3.59434604644775
0.0	66.2670364379883
0.0003	0.171331793069839
0.0001	26.7943992614746
0.2584	0.235229700803757
0.1405	0.0
0.3637	0.0005331407883204
0.2104	0.105515100061893
0.0257	40.1009216308594
0.2127	0.108079597353935
0.0094	0.0
0.2534	2.76464200019836
0.2157	0.298128604888916
0.2703	0.007423257920891
0.471	0.325599312782288
0.0244	0.0
0.0079	3.28274297714233
0.095	0.33758020401001
0.137	0.687793612480164
0.2607	0.0583102107048035
0.287	0.143964305520058
0.0037	1.50531005859375
0.0748	0.0216025393456221
0.0377	0.0
0.196	0.782819211483002
0.1695	0.109283901751041
0.1624	0.0586248002946377
0.0532	1.78989505767822
0.0	2.54238605499268
0.2381	1.5826770067215
0.2029	0.218465596437454
0.2806	0.0513260513544083
0.4605	0.290572285652161
0.0019	11.2514200210571
0.0249	0.418083786964417
0.0003	3.39568209648132
0.0411	0.0639755874872208
0.017	0.0466483607888222
0.3017	0.0261189807206392
0.1368	0.149597302079201
0.2259	0.702894389629364
0.2572	0.43209370970726
0.0523	0.283541798591614
0.2317	0.161303803324699
0.1261	2.02660894393921
0.0802	0.0047296867705881
0.2207	1.46043705940247
0.2433	0.4384605884552
0.0658	37.9731216430664
0.1651	0.542457282543182
0.1316	0.10652519762516
0.0004	32.7017593383789
0.0875	5.95437288284302
0.2583	0.444995999336243
0.2339	6.12603187561035
0.2446	2.21817803382874
0.0562	0.0
0.0012	0.0354419685900211
0.0382	3.14506888389587
0.03	3.48138499259949
0.2311	1.09694695472717
0.1753	0.0264024194329977
0.0263	17.2040901184082
0.0776	0.0420062392950058
0.1445	0.433414101600647
0.2415	1.00505101680756
0.0842	1.16829895973206
0.203	14.333459854126
0.0903	11.4133701324463
0.3512	0.0001761167950462
0.2941	0.305976688861847
0.1503	43.4690093994141
0.0149	0.184574499726295
0.2251	0.0
0.0699	0.0
0.3653	0.200921192765236
0.0676	0.359581708908081
0.3747	0.604005098342896
0.1058	1.46157801151276
0.2014	0.858177781105042
0.0372	8.66810417175293
0.1781	7.86461210250854
0.0559	0.499338299036026
0.2605	0.0
0.0009	6.76595783233643
0.1024	43.5911407470703
0.0267	38.930549621582
0.2693	2.43872594833374
0.0239	0.608790278434753
0.0	19.0169696807861
0.3669	0.155288696289063
0.0568	0.0275683104991913
0.2737	0.0012400309788063
0.1868	0.335087209939957
0.0775	19.994649887085
0.2137	0.215387597680092
0.269	0.0204451698809862
0.1429	0.143396005034447
0.1388	0.0691707879304886
0.2381	0.0628172308206558
0.3785	1.49143195152283
0.0026	0.0561071708798409
0.1697	0.0265501793473959
0.2509	0.174841299653053
0.0819	0.310922592878342
0.0673	0.0
0.0109	11.8105802536011
0.29	0.639214873313904
0.148	4.84519195556641
0.235	0.813413381576538
0.2302	0.0049019311554729
0.0756	0.0706857293844223
0.3274	5.48376417160034
0.0614	0.0340287201106548
0.4088	0.896431684494019
0.083	0.0969336032867432
0.2672	0.0127998003736138
0.0105	0.107109397649765
0.0749	0.0475531406700611
0.1601	25.9706401824951
0.0441	2.54373502731323
0.1625	0.0
0.017	0.0555254481732845
0.2947	0.232744604349136
0.3381	0.0157836508005857
0.3637	0.0441358312964439
0.0318	21.6763896942139
0.2563	1.16863203048706
0.2019	26.8493804931641
0.3555	0.0527413785457611
0.3137	0.0
0.1013	15.664589881897
0.3774	0.0536057017743587
0.0399	0.224947705864906
0.0015	0.146594405174255
0.1785	1.4325989484787
0.2671	0.0309381801635027
0.1398	1.31407701969147
0.2424	1.82815897464752
0.3099	0.0013980129733681
0.2092	0.418520092964172
0.0063	56.3348808288574
0.0024	0.386289298534393
0.2908	0.117224402725697
0.3678	0.104218102991581
0.1767	1.42455399036407
0.3242	0.457740992307663
0.1662	0.0048858299851417
0.1527	0.135487198829651
0.057	33.7749214172363
0.1757	0.130359798669815
0.0088	0.0881350785493851
0.1557	0.024163780733943
0.0	0.0
0.0219	20.0678806304932
0.0731	1.32548904418945
0.0078	18.849250793457
0.1848	0.0466687902808189
0.2497	1.31078600883484
0.2158	0.45389398932457
0.0114	41.0463600158691
0.26	0.0094957128167152
0.0728	0.0204572398215532
0.0248	0.0
0.2132	0.335893213748932
0.1613	0.134710296988487
0.0063	44.2652893066406
0.2919	0.100788496434689
0.1856	0.397155404090881
0.3474	0.0884412080049515
0.3331	0.0619814693927765
0.2593	10.222020149231
0.0228	3.78228902816772
0.1356	0.394604504108429
0.1364	0.126244604587555
0.0011	42.2591209411621
0.258	0.721256077289581
0.0991	0.001844907994382
0.1649	0.0050228419713676
0.0244	0.0
0.1191	0.459854990243912
0.0	13.2109899520874
0.0195	14.7503004074097
0.2968	0.0535755082964897
0.0931	27.7235107421875
0.0033	0.938880383968353
0.0062	0.0
0.4047	0.514522612094879
0.1466	0.0
0.2768	0.0
0.215	0.0642874985933304
0.2091	0.0151233300566673
0.1667	17.4658298492432
0.0528	3.06986498832703
0.3409	0.231023207306862
0.083	0.0204286091029644
0.2002	0.0262029804289341
0.0339	0.0377850383520126
0.2294	0.0733435526490211
0.0447	0.104992002248764
0.4307	0.0434838496148586
0.1603	0.0354761183261871
0.0241	0.864278614521027
0.2022	0.247111201286316
0.002	99.9568405151367
0.0621	11.0152502059937
0.0	0.0
0.1373	1.5681060552597
0.1214	17.3774509429932
0.2663	0.214358597993851
0.0517	0.0010254180524498
0.2266	0.101230598986149
0.1856	0.0054459138773381
0.3449	0.0607126392424107
0.2239	0.0
0.3268	0.260354489088058
0.3139	1.58873295783997
0.2733	0.0127090997993946
0.0719	3.04723000526428
0.0942	0.805857717990875
0.0321	0.028445040807128
0.2495	0.168870195746422
0.3739	0.166521996259689
0.348	0.0662041530013084
0.3953	0.0604463294148445
0.183	0.0364305898547173
0.0	0.184834003448486
0.0419	1.28109002113342
0.0848	0.0
0.3879	0.0
0.0213	0.0571872405707836
0.0298	0.681742489337921
0.0735	2.69410991668701
0.0366	6.41827821731567
0.003	0.45489290356636
0.3566	0.0564362816512585
0.0641	8.69725704193115
0.0391	8.97621154785156
0.083	46.5523986816406
0.4089	0.0
0.1076	0.107751801609993
0.2229	0.049211110919714
0.2732	0.0738530531525612
0.0436	0.159853607416153
0.1134	0.12539079785347
0.3043	1.01336097717285
0.1009	0.385367095470428
0.1145	0.0103006297722459
0.0156	0.0861339569091797
0.0594	0.758517801761627
0.0282	7.28656721115112
0.3547	0.265032112598419
0.2458	0.0070820800028741
0.0154	0.342188090085983
0.2853	0.324501991271973
0.0028	0.081329770386219
0.1449	0.0815518870949745
0.2041	0.112081401050091
0.0321	3.38232707977295
0.1293	0.0383760593831539
0.0062	1.5072009563446
0.0817	0.305433809757233
0.0237	1.48194098472595
0.3753	2.27202105522156
0.205	0.0089557059109211
0.2533	0.362911313772202
0.2395	1.9634929895401
0.0442	0.0594896785914898
0.2679	9.3194465637207
0.2526	2.16250491142273
0.0422	0.0
0.3302	0.0887051522731781
0.2254	0.0811790898442268
0.2999	0.312607407569885
0.0622	0.554227590560913
0.0017	0.0
0.0789	0.243995398283005
0.1615	0.0053515778854489
0.1366	0.0132630597800016
0.0684	0.0682624503970146
0.1194	0.150235995650291
0.0623	2.39663004875183
0.0005	0.175982594490051
0.2438	0.005111311096698
0.3278	0.0719898194074631
0.1859	0.0375418215990067
0.0264	0.0
0.1668	0.460699200630188
0.0	0.87091988325119
0.1042	0.0
0.1874	0.0
0.3118	0.158515706658363
0.3186	0.0079965824261307
0.1075	9.83643531799316
0.0726	0.811975479125977
0.24	0.668320894241333
0.0603	0.0403121598064899
0.4325	0.104249499738216
0.2864	0.615625977516174
0.3064	0.151825696229935
0.0929	0.18190810084343
0.0714	0.155974805355072
0.0837	0.0504302382469177
0.2825	0.934412896633148
0.1977	0.0701603069901466
0.0	0.0
0.2153	0.243494793772697
0.0809	11.9798202514648
0.2891	3.18853402137756
0.0	9.67653369903564
0.1651	0.0014868830330669
0.1849	0.0010001029586419
0.3713	0.0410777702927589
0.3584	1.05981802940369
0.0057	0.0688808336853981
0.0507	1.10950696468353
0.0182	0.330667495727539
0.0083	0.0027880750130862
0.3575	0.259270697832108
0.0491	0.0018648060504347
0.1388	0.505026578903198
0.442	1.85405504703522
0.1811	0.0811320468783379
0.3056	0.527749121189117
0.2909	0.137124001979828
0.0496	0.0867473632097244
0.0097	2.13600206375122
0.0615	0.573709487915039
0.3615	0.0225814692676067
0.426	0.749153971672058
0.3621	0.0284003894776106
0.2167	8.51204776763916
0.4023	0.0022796250414103
0.1926	3.01129698753357
0.3139	0.209640607237816
0.1733	0.258528411388397
0.2994	0.0180972497910261
0.297	0.484762012958527
0.0122	9.64371299743652
0.0707	0.0089946845546364
0.1785	0.181876793503761
0.0158	0.364766985177994
0.1403	22.5645904541016
0.2204	0.251436591148376
0.0396	0.0323772989213467
0.0264	0.0142881199717522
0.0533	2.49558210372925
0.0219	0.148239806294441
