1.53	60162.15
2.34	6923.91
1.1	465804.78
1.88	7618.91
1.79	1373.95
1.63	8857.68
1.27	422723.91
2.01	17582.93
1.66	7273.85
1.67	36469.37
1.54	10215.96
1.19	841723.81
1.21	287068.69
1.61	6834.42
1.14	501106.6
1.58	15923.18
1.96	4859.09
1.85	3162.45
1.32	258239.1
0.89	638486.47
1.43	5788.14
1.46	37948.74
1.26	1342963.26
0.99	554763.76
1.38	59427.83
1.53	2491.77
1.9	5479.7
1.35	42280.47
1.09	3538946.22
1.03	2193142.82
0.98	215985.17
1.5	644584.67
1.55	2954.83
1.69	29471.57
1.47	3103.71
1.44	10351.7
0.98	137773.84
1.27	219071.79
1.3	63345.59
1.95	3337.29
1.44	2973.94
1.87	7022.99
1.26	4661457.29
1.27	3250832.53
1.79	10567.84
1.83	43012.32
1.57	2144.0
1.15	3574050.61
1.17	204005.24
2.03	31901.63
0.65	1094731.43
1.87	5936.27
1.63	7324.06
1.21	4754.7
1.19	405555.56
1.55	1469.41
0.83	5291979.63
1.0	3804851.11
1.99	3921.5
0.85	100233.67
1.07	67763.91
1.9	8369.4
1.18	112106.05
1.28	500233.69
1.73	5627.1
1.11	431490.99
1.92	6255.19
1.26	96617.0
1.43	13607.51
1.03	153852.03
1.08	130920.97
1.02	3336245.24
1.12	309202.71
1.32	1731061.12
1.42	60007.19
1.53	57978.41
1.03	5138256.91
1.41	2274.19
0.89	1090493.39
1.0	236210.73
1.09	189609.49
1.07	149262.89
1.19	144301.73
1.32	45170.5
1.09	270529.34
1.66	8335.28
1.01	147459.62
1.24	200715.34
1.13	37233.34
0.96	365643.92
0.91	480396.16
0.91	5534450.99
1.88	8444.82
1.69	28577.15
1.5	1732.8
1.24	797060.27
1.22	187671.77
1.06	216993.01
1.95	5472.45
1.03	234307.92
1.52	120814.24
1.85	2161.08
1.04	248670.72
0.78	885067.49
1.49	5950.91
1.72	92086.0
1.91	9116.19
0.56	1456835.79
0.89	726095.5
2.0	1223.94
1.43	12224.14
0.79	3689140.93
1.09	77996.78
1.47	84677.56
1.19	244658.35
1.08	4600.76
1.92	7174.35
1.04	5216784.63
1.78	593797.17
0.97	447813.52
1.76	2745.8
0.94	414161.47
2.31	2700.77
1.02	99811.42
1.25	94495.69
1.25	257172.84
2.07	17959.18
1.09	955046.82
1.53	752191.79
1.75	182568.08
0.71	916367.42
1.15	690302.58
1.71	8720.44
1.93	1118.47
0.98	108051.54
0.94	80904.19
1.21	228585.31
1.26	120427.91
0.76	6008817.9
1.8	7895.81
0.71	1019160.83
2.31	1592.71
1.9	34978.87
1.85	19636.24
0.82	336520.6
1.16	2580705.47
0.71	1089117.0
1.55	679.51
0.71	6934356.31
1.21	127939.11
1.09	63902.9
1.83	1155.99
1.8	5951.51
1.16	247195.62
1.46	9717.55
1.28	12366.2
1.07	287015.98
1.14	12801.03
1.64	26757.91
1.12	351074.46
1.24	117645.69
1.03	401472.63
1.84	4440.45
1.86	3348.4
1.02	458191.52
1.91	1728.99
1.29	14473.73
1.94	35304.15
1.51	8109.67
0.94	566385.9
1.15	146422.18
1.84	7977.11
1.48	3595.02
1.34	127501.04
1.61	13924.11
1.6	5828.18
1.0	84612.39
0.62	1533409.28
1.02	4943781.29
0.98	252853.41
1.1	308371.9
0.85	2713699.6
1.39	56297.88
2.15	1196.53
1.07	448488.04
2.21	1920.19
1.1	121048.7
2.08	3643.37
1.89	950.14
1.82	28422.94
0.92	237910.63
1.84	3485.54
1.16	262288.53
1.08	124218.61
2.09	1153.0
1.14	114054.04
1.56	2568.19
1.71	7891.05
1.03	363935.24
1.66	1497.39
1.56	3291.61
1.14	797741.43
0.75	724915.6
1.17	150139.38
0.98	5148983.51
1.83	934.95
1.28	76111.27
1.27	212091.14
1.21	65742.4
0.82	1104602.14
1.5	6329.83
1.1	5341821.67
1.59	5305.71
1.51	84443.98
1.09	49820.01
0.99	22617999.38
1.37	700411.03
1.86	1070.6
1.4	130841.08
0.95	202831.97
1.29	223979.09
1.11	451250.7
1.74	16496.39
1.72	5031.11
1.42	118172.53
1.63	2901.01
0.89	268902.14
1.07	341289.98
0.98	499396.26
1.15	199980.3
1.04	200821.29
0.88	8567534.49
1.12	59496.33
1.34	314930.61
1.02	161438.17
1.32	63498.04
0.97	2853904.6
1.89	103081.23
1.52	2495.29
1.19	2595783.66
2.31	4484.97
1.51	1203.52
1.4	50591.38
1.52	116499.36
1.77	4400.55
1.6	1417.42
0.98	625475.1
2.38	2843.66
0.92	21537.11
1.74	4181.32
1.31	5694.0
1.93	5374.57
1.08	1547969.24
1.23	9890.95
1.63	56818.47
0.77	1007805.74
0.8	2326942.14
1.09	1402890.2
1.14	134921.44
1.77	1601.74
1.24	710718.98
1.84	3762.18
1.09	78926.9
2.02	3992.43
0.98	245167.14
1.51	2285.46
1.07	668601.5
1.83	2841.57
1.37	1044280.56
1.77	3577.55
1.3	5782.7
0.87	5200252.65
1.67	6453.51
0.8	839818.87
0.78	5775536.27
1.21	3585183.3
1.8	5259.46
1.33	11792.51
0.96	3496412.09
0.83	741702.5
1.09	137885.58
1.12	68533.2
1.42	139612.52
1.14	1458722.6
1.86	5461.83
0.76	369817.99
1.66	7277.02
1.43	1387.96
1.16	5428238.87
0.98	2557700.83
1.72	666276.26
1.37	44517.84
2.02	18149.27
0.97	634522.34
1.5	1359.19
1.08	1727851.85
1.41	6734.91
1.19	236434.37
1.18	60980.52
1.6	7634.17
1.01	99519.99
2.06	2371.09
1.83	753.64
2.0	3134.16
1.63	2224.4
1.02	12446.65
0.96	84053.56
0.89	244024.83
1.5	69798.09
1.18	908661.83
1.24	10963.48
1.25	6631.49
1.24	402706.71
1.63	6715.18
1.33	404664.32
1.57	67773.07
1.2	179026.88
1.21	91840.75
1.08	84333.73
0.96	468643.05
0.98	5026688.71
1.49	1786.45
1.43	7088.36
0.77	903242.22
1.08	3720458.83
1.61	28269.21
1.34	11247.71
1.68	2729.66
1.25	5712.92
1.35	5347.37
1.52	1111.9
1.2	99757.17
1.47	27146.38
1.24	734721.29
1.17	641881.96
0.94	185395.2
1.27	140920.61
1.47	48739.53
1.34	45689.27
1.71	24530.11
1.04	2026464.23
1.75	1081.18
2.06	1397.24
1.13	178889.83
1.88	9085.45
1.86	1328.38
1.08	313881.26
1.12	687650.27
1.05	662034.34
2.4	3413.65
2.73	14802.78
1.65	18494.23
1.02	312177.28
1.7	2826.08
1.64	1629.69
1.92	1415.1
1.82	2888.62
0.94	486113.55
1.13	147494.24
1.1	162802.65
1.84	4333.43
1.26	534488.54
1.53	9298.19
1.69	139473.83
1.03	343645.67
1.92	1989.25
1.85	18625.81
1.7	69033.16
0.51	1366844.88
1.62	4268.78
2.19	3425.95
0.96	187310.28
1.02	1674945.55
0.98	174380.77
1.82	3056.14
1.03	88304.41
1.71	2275.26
1.29	202034.59
1.37	178200.42
0.97	427229.44
1.17	9952.84
0.82	1101680.91
1.0	125682.96
1.71	194492.22
0.53	1097224.25
1.05	215736.47
1.02	262250.02
1.13	450816.39
1.27	366719.82
1.06	283137.88
1.26	164076.81
1.18	453173.22
0.96	208425.96
1.64	9959.6
1.75	501814.87
1.5	9857.51
1.13	559566.5
1.16	253577.94
1.27	12242.29
0.96	257403.43
1.32	50384.57
1.12	245491.91
0.89	5794410.58
1.52	3535.8
0.97	655821.9
1.4	22798.51
1.87	34667.31
1.3	121767.82
1.11	397542.72
1.84	3966.0
1.58	1698.9
0.89	2800679.5
1.96	5599.48
1.08	4169.57
1.64	15852.99
0.88	290906.05
0.75	6202513.84
1.04	649141.25
1.68	7895.99
1.07	122743.06
2.05	7346.43
1.7	5802.91
0.99	907795.89
1.63	4738.31
1.14	633521.98
1.98	774.2
1.92	7982.59
1.63	40544.17
1.2	83196.11
0.72	811664.36
2.09	2787.93
1.43	61953.59
2.01	19296.46
1.13	1526985.3
1.41	3807.38
1.82	1755.09
1.74	24743.66
1.46	9021.37
1.23	887105.04
1.25	138617.04
1.1	257374.81
1.06	75046.37
1.05	587740.55
1.07	29761638.48
1.35	241174.11
2.05	3217.19
1.25	341628.84
1.22	16026.95
1.3	742583.03
1.88	3143.38
1.08	545296.58
1.28	414823.74
1.47	12416.96
1.55	26530.7
0.77	1043172.77
1.39	77922.66
1.31	318048.12
0.79	1164808.22
1.27	11076.72
0.8	592115.57
1.76	12433.98
1.13	551498.09
2.59	15346.87
0.93	308655.6
1.11	18623.99
1.42	861671.11
1.11	404301.76
0.67	1088608.66
1.85	32022.52
1.59	107306.08
1.8	924.46
1.52	31950.47
1.58	12915.37
1.55	12418.02
1.33	170547.18
1.03	164322.04
1.03	269642.38
0.87	162993.77
1.72	2118.66
0.54	1343180.92
1.61	59169.17
1.68	30958.65
1.7	69867.41
1.17	2420829.45
1.97	95230.68
1.25	90999.05
1.03	57504.05
1.07	370321.17
1.59	71801.27
1.26	408485.16
1.64	15001.33
0.99	156114.08
1.92	3072.46
0.97	171575.35
1.16	54194.93
1.12	84739.31
1.06	259598.76
1.14	3026048.11
1.65	9262.66
0.52	1457359.83
0.76	1201673.17
2.01	1948.28
1.41	10506.78
1.35	3870.67
1.36	201480.84
1.49	33795.91
1.89	34274.47
1.04	143992.91
1.0	165068.86
1.23	696515.27
1.3	262638.61
1.74	1802.37
1.98	2117.48
1.85	34062.08
1.1	339919.17
1.5	4160.45
1.06	1007418.76
1.03	12425.42
1.7	51045.02
1.16	2197763.7
1.72	1998.39
1.09	3753201.03
1.65	21064.17
0.86	204217.2
1.96	27798.35
1.75	2076.28
1.4	4659.79
0.93	310672.4
1.16	1479334.84
0.77	1203553.98
1.0	2566690.28
1.06	223479.02
1.96	2728.36
0.83	207513.04
1.33	251749.94
2.07	47878.48
1.03	380726.46
1.12	3230139.65
1.11	485736.1
1.67	9356.12
1.81	10361.87
0.99	89538.02
2.36	2868.18
1.15	565795.06
1.11	340424.79
0.99	5382693.51
0.75	1283503.44
1.57	1980.42
0.94	268709.29
1.83	5003.46
1.16	657593.22
1.87	3413.88
1.48	12224.81
0.97	239232.35
1.35	137050.23
1.23	43059.51
1.02	28243505.52
1.92	8091.22
1.91	3005.89
1.32	11583.26
1.75	3315.89
1.55	1336.46
1.83	10235.09
1.24	369819.98
1.46	2390.65
1.56	1517.59
1.66	14741.72
1.73	5957.21
1.15	2742949.66
1.8	7836.65
1.65	58939.14
0.77	754672.44
1.49	1921.75
1.94	5345.41
1.0	401991.2
1.59	10924.58
2.02	1137.03
1.6	1640.89
1.35	30862.91
1.02	188937.83
1.44	1295589.61
2.29	2694.11
1.9	29598.14
1.74	3063.7
1.41	12250.82
1.84	7771.97
1.15	619509.33
1.64	49484.06
1.78	30801.68
1.77	1182.56
1.6	9214.37
1.5	6392.65
1.22	68972.79
1.22	329065.04
1.44	4363.13
0.98	3184946.53
1.84	4518.71
0.81	777883.03
1.13	10092.91
2.24	3193.41
0.93	661137.13
0.96	121236.54
1.08	186733.16
1.09	114280.87
0.98	186044.56
1.05	406711.2
1.09	63958.04
1.77	73826.41
1.51	901.53
1.7	7309.84
2.19	2058.04
0.75	1298826.19
1.38	6444.84
0.93	28041335.38
0.78	913360.72
1.2	129448.75
1.07	234981.67
1.38	651697.34
1.2	4561749.66
1.52	14391.05
1.19	3105.97
1.13	171746.76
0.96	310101.52
0.88	141356.34
1.88	5076.62
1.43	1005.8
1.15	2778000.82
1.76	1591.75
0.89	174892.99
1.99	4921.37
1.05	56443.43
1.81	23612.0
1.52	67600.74
1.72	10481.04
1.1	42234.91
1.33	98900.48
0.97	204738.15
1.13	5451636.92
1.52	12545.98
1.54	3414.8
1.05	528944.54
2.05	419.98
1.28	1099283.22
1.01	361243.2
1.0	93802.08
1.69	3621.53
0.74	908323.3
1.05	208608.84
0.99	248354.52
1.36	137246.7
1.47	2059.01
1.39	6313.67
1.25	41439.59
1.04	609985.34
1.98	6736.29
0.8	729795.72
1.07	82364.21
1.15	2664424.22
1.77	3990.91
2.09	2694.61
1.7	7446.43
1.15	17956.34
1.05	332735.24
1.8	3091.01
0.7	1015567.49
1.91	4907.1
1.14	2823405.23
1.14	2752081.97
1.6	2097.4
1.19	225494.59
2.06	3480.18
2.0	4054.1
1.97	3681.19
0.96	254514.32
1.84	4803.11
1.17	465897.27
1.88	7468.8
1.68	5161.57
0.98	403741.62
0.71	892151.19
1.09	465213.81
0.88	402228.35
1.39	339877.09
0.98	266950.55
1.27	65242.77
1.45	4317.94
1.4	160570.28
1.65	1283.8
1.73	379.82
1.07	690517.19
1.97	17859.24
1.82	7472.6
1.41	13561.23
1.84	1648.84
1.05	578436.76
1.07	105693.84
1.52	1156.05
1.07	318280.23
1.95	22571.11
1.24	804902.52
1.22	7507.69
1.13	48364.29
1.59	97265.23
0.78	646041.56
1.58	564456.6
1.79	1106.86
1.65	2953.53
1.52	549787.59
1.28	3056024.77
0.98	3867453.83
1.14	435921.23
1.62	8029.92
1.48	571.4
1.5	761972.65
1.87	1005.21
1.19	277325.29
0.77	6024103.65
1.22	98097.37
1.35	12470.02
1.55	3016.06
1.12	430966.34
1.52	5141.68
1.76	6069.35
1.01	461063.73
1.42	149583.28
1.07	1808842.07
1.72	3363.2
2.04	14355.23
1.29	2983695.9
1.1	808897.21
2.08	16567.2
1.44	27100.8
1.76	8150.95
1.91	25037.76
1.01	6269.43
1.63	2807.04
1.36	42078.58
1.2	3190120.04
1.01	234132.09
1.58	191660.54
0.88	21016.71
1.46	1738.65
1.73	2026.74
0.93	429103.52
1.81	16570.75
1.83	23690.65
1.23	95123.62
1.39	11010.45
1.39	63938.81
1.63	55389.85
1.43	210375.08
1.46	14755.15
1.14	3039403.06
1.13	3774004.27
1.35	5054.8
1.67	1713.35
1.1	449332.85
1.47	10676.71
1.63	15050.08
1.72	2091.42
0.95	753300.79
1.94	3327.1
1.28	350982.2
2.03	3075.46
1.24	102870.89
1.86	3012.55
1.06	1903245.0
1.19	299147.73
1.09	4457049.41
1.12	572019.8
1.67	3089.71
1.03	233274.4
1.57	28675.93
1.08	3006207.02
1.11	2796195.76
1.3	13234.04
1.43	389414.29
1.46	12893.69
2.02	10799.02
1.63	2377.5
1.82	1663.25
1.01	29063542.75
0.78	1166055.83
1.68	2896.72
1.88	3099.58
1.96	4167.78
0.96	188762.81
1.05	256291.77
1.29	404604.85
1.25	353231.58
1.58	80790.46
2.04	5705.15
1.07	412639.2
1.92	1267.44
1.13	3602112.79
1.5	114052.94
0.88	244696.01
1.65	143436.75
0.92	6760001.68
0.91	185962.59
1.26	116109.0
1.58	3505.54
1.82	13935.65
1.1	2720346.71
1.79	2141.08
1.76	1912.15
1.16	3026217.24
1.05	321823.77
1.27	582909.73
1.82	2109.04
1.17	2335986.11
1.49	10940.85
1.83	147088.73
1.24	182604.68
1.61	2478.05
1.28	435547.13
2.07	12935.87
1.22	69776.51
1.2	234361.36
1.85	2269.27
1.07	45675.05
1.36	1102868.27
1.28	128681.94
1.76	36734.87
1.12	791332.34
1.33	306843.13
1.48	14589.17
0.93	2943218.77
1.03	91379.33
1.59	37584.04
1.15	9173.77
1.43	60213.79
1.24	453589.67
1.25	637319.34
1.2	3151714.0
0.77	1155212.67
1.8	2180.46
1.27	761027.42
1.6	69918.93
0.95	216119.35
1.3	405138.19
1.75	3229.47
1.86	1702.0
1.31	61007.1
1.12	399566.22
2.18	14667.53
1.06	81397.07
1.75	4341.33
1.2	598195.03
1.09	127855.51
1.07	553307.04
1.57	85825.52
0.86	2797745.89
0.76	661405.9
1.93	24697.84
1.2	204464.92
1.22	243248.66
0.85	501838.1
0.8	4864814.01
1.56	56106.52
1.21	10531.95
1.48	41000.44
0.79	5831782.44
1.11	782886.63
1.15	720501.55
2.03	1798.99
1.92	8005.96
0.57	1231267.27
1.08	77503.36
1.32	164716.78
1.66	3313.55
1.66	1991.44
1.65	52559.1
1.02	491738.0
1.09	189916.88
0.95	433874.46
1.86	3095.1
1.33	3203213.09
0.99	2392448.9
1.48	5621.32
1.17	233638.96
1.83	5564.87
1.72	13720.73
1.63	8205.88
1.26	198137.18
1.56	8894.91
1.86	9756.1
1.39	37223.45
1.17	78272.57
1.22	204504.99
1.16	255597.63
0.96	422762.9
0.98	416298.84
1.77	4058.22
0.99	4295280.16
1.5	108655.36
1.17	373309.53
2.03	4731.93
1.02	160130.15
1.7	33155.61
1.1	2578275.12
1.68	4466.07
0.84	3261844.41
1.46	2344.24
1.01	149884.1
1.41	4655.86
0.96	262683.8
1.18	433999.24
1.39	70321.03
1.6	11772.43
1.8	2703.36
1.17	2748745.96
1.48	119059.56
1.48	12704.71
1.9	1187.71
0.77	737834.48
0.95	438581.5
1.01	549945.76
0.99	70873.6
1.51	8785.09
1.27	7598.26
1.23	411928.38
2.05	1454.28
0.98	98154.04
1.98	90125.42
0.93	2799667.4
0.97	217965.37
0.83	2954705.54
1.86	10167.7
1.14	269754.97
1.5	70718.4
1.21	228926.1
1.32	10961.82
1.54	61615.1
2.07	3522.67
1.84	32696.45
1.29	11881.44
2.05	3388.25
0.96	5990243.89
1.16	265367.52
1.36	1129333.95
1.22	14045.27
1.68	646098.42
1.98	7603.07
1.62	6483.98
1.79	1435.48
1.23	320058.33
1.65	79819.77
1.32	10626.54
1.56	7888.45
1.26	159942.68
0.99	288859.92
1.04	406548.16
1.94	4030.76
1.45	42017.49
1.35	53494.91
0.96	145930.35
1.4	225761.68
1.37	1515022.63
1.55	5611.76
1.01	173980.22
1.07	140855.47
1.26	184501.15
0.96	197713.69
1.78	5649.34
1.48	91211.53
1.23	355432.28
1.66	2914.35
1.26	600377.94
1.12	5467155.55
1.5	1200.48
1.59	8122.45
1.85	5737.78
1.36	997562.44
1.09	827010.39
1.69	12640.64
0.91	213527.77
1.04	383139.49
1.14	2849127.29
1.69	2205.12
1.23	257307.97
1.6	104331.19
1.79	2309.83
1.37	89534.81
1.18	400101.77
1.03	187983.88
1.79	12915.74
1.15	2486654.71
1.15	85044.45
1.02	36400886.58
1.23	108457.82
1.88	8208.44
0.83	5236047.86
1.26	405274.71
1.47	647789.17
1.19	309143.83
1.93	2688.02
1.24	125605.25
1.24	130073.74
1.65	53822.93
1.14	2751192.77
1.4	54484.31
1.24	195207.6
1.59	3487.35
2.37	4058.62
2.0	2209.34
1.17	13070.44
1.31	9212.46
1.47	11781.86
1.9	30582.99
1.6	2253.42
1.34	216484.22
1.9	21565.58
1.14	320934.33
1.24	198900.07
0.87	4687705.56
1.95	46496.41
1.15	382972.72
1.02	335693.08
0.89	44655461.51
1.08	255499.7
1.64	9013.89
1.46	142710.36
1.13	277977.73
1.69	2708.59
0.91	113578.24
1.07	5952597.29
1.91	1248.89
1.59	84.56
1.19	187575.03
1.48	2013.46
1.33	396728.35
0.91	1352027.64
1.68	46565.74
1.82	8902.22
1.44	82513.95
1.43	7442.75
1.09	1402841.83
2.05	3285.94
1.1	250436.24
1.7	7552.49
1.69	61260.09
1.19	10773.86
1.09	358478.08
0.82	544667.18
1.1	465258.45
1.41	52488.05
1.43	365947.19
1.22	452743.21
1.87	1275.64
1.59	37469.0
1.84	6353.19
1.21	6028.43
1.44	72159.84
2.02	7664.36
1.55	2093.11
1.35	11150.19
1.11	140981.22
1.55	27489.48
1.72	4946.4
1.03	78771.3
0.95	152084.79
1.74	10817.27
0.98	207627.79
1.56	227872.88
1.02	86635.35
1.09	2814803.06
1.12	3436864.41
1.26	174210.66
1.46	385541.99
0.67	565516.62
1.48	6050.63
1.61	8749.6
1.58	52680.94
1.14	485706.68
1.13	72693.94
0.83	992983.76
1.91	3850.51
0.99	55595.74
1.5	262870.62
1.0	87054.02
1.85	4249.61
1.53	13045.36
1.0	195410.86
1.01	278695.29
1.5	1366.32
0.95	766576.39
1.28	24738.5
1.6	674551.02
1.06	128054.41
1.15	250298.58
1.29	247141.63
0.99	512532.44
1.02	1472501.13
0.93	264223.22
1.07	30894157.8
0.85	5208272.73
1.93	30302.51
2.01	4447.09
1.36	26282.03
1.66	79844.57
1.01	1683795.3
1.07	4999031.79
1.57	1155.71
1.83	3495.22
0.74	885883.92
1.13	5557616.27
1.44	69649.85
1.13	1668243.39
1.11	180186.23
1.09	450185.94
0.58	1261540.03
1.96	2617.44
1.03	579226.47
1.72	6991.24
0.93	217174.66
1.43	121942.61
0.99	87607.71
0.92	5596091.03
1.27	9253.24
0.92	256174.52
1.02	137298.77
0.99	166083.52
1.03	2652480.7
1.21	64529.74
0.7	961001.34
1.08	735145.02
1.9	1170.01
1.34	5230.35
1.4	599884.32
0.98	251443.08
1.25	241532.74
1.18	675172.63
1.8	29669.53
1.83	2053.94
1.36	11720.06
1.38	50015.81
1.19	65332.74
1.43	9469.98
0.83	103277.35
1.7	1083.03
2.35	908.95
1.19	282155.05
1.22	45514.57
1.65	2362.64
1.22	259317.73
1.14	405013.16
0.99	77514.75
1.01	600303.28
1.4	71697.82
1.2	11760.53
1.04	3355.53
1.43	74680.7
1.46	7783.29
1.74	5317.73
1.35	65184.56
0.94	406840.38
0.98	363504.44
1.53	65341.66
2.14	2878.54
1.12	379054.29
1.25	69747.2
1.79	5018.44
1.7	36993.47
1.48	11445.39
2.15	2697.81
1.02	3382800.12
0.95	407482.83
1.08	131053.65
1.57	1726.96
1.26	565160.95
1.35	9895.96
2.09	1053.73
1.84	31299.72
1.54	2254.02
1.07	3410467.52
2.02	3367.46
1.04	139490.52
1.32	3066789.62
1.88	7515.96
1.4	52800.83
1.09	1651115.09
0.9	948126.9
1.04	488094.98
1.94	60348.96
1.1	274985.46
1.27	1338282.24
1.83	1062.54
1.25	219689.9
1.45	144120.63
1.03	33091256.26
1.61	7858.07
0.98	158792.02
1.17	284808.22
1.32	297969.31
1.95	3556.7
1.4	56625.63
0.93	735206.51
0.91	148660.26
1.06	222382.69
0.99	305773.54
1.19	166006.29
1.48	10914.03
1.78	5157.67
1.03	95615.23
1.94	3507.89
1.14	212599.11
1.19	577605.0
1.19	95935.66
0.82	3969578.89
0.97	311784.91
1.61	4088.37
0.83	6368728.85
0.82	1144448.23
1.75	1460.04
1.51	1164.87
1.9	929.61
1.16	743005.75
1.43	624300.31
1.3	25827.35
1.14	452801.32
1.26	204812.28
1.09	30358467.88
2.07	2016.06
0.97	557212.99
1.35	9019.0
1.68	1932.15
2.0	6447.44
2.72	15564.78
1.36	3646363.66
1.95	4303.93
1.77	845.05
1.85	8490.07
1.63	15847.83
1.22	144476.44
1.21	140487.57
1.78	5910.67
1.13	2928692.32
1.47	3834.42
1.32	11313.77
1.1	431308.56
1.1	1306923.23
2.21	16620.69
1.41	7939.48
0.97	58667.71
0.76	1091677.29
0.96	128078.27
1.05	159137.17
1.24	311879.23
1.22	40873.28
1.2	2699614.5
1.69	6861.73
0.91	226898.73
1.41	44688.56
1.9	68804.21
1.43	1255552.68
0.98	74543.98
1.53	66134.27
1.8	3597.07
1.49	3592.22
1.1	3135698.38
1.29	14996.12
0.8	1008295.47
1.83	2723.62
2.39	3753.16
1.8	4635.16
1.73	2421.86
2.18	2848.49
1.17	1129876.05
1.09	669377.04
1.24	4855273.71
1.55	28984.95
1.78	3610.91
1.18	823623.36
1.23	59947.27
1.11	435990.48
1.65	4701.71
1.84	2777.38
1.04	28470310.84
1.46	56929.52
1.44	19660.58
1.78	2943.85
1.07	142274.01
1.76	1663.35
1.19	949177.06
1.68	4193.17
0.99	344288.82
1.18	148030.6
1.5	4941.74
1.6	511347.26
1.14	1605913.77
0.89	226951.64
1.09	349072.48
1.48	3305.78
1.49	1054.07
1.88	7856.82
1.94	13713.65
1.57	24727.46
1.48	5151.37
1.16	783935.36
1.0	366680.0
1.56	96236.54
1.57	2544.92
1.6	74152.81
1.05	71064.71
0.87	216653.06
1.89	1163.03
1.63	7919.94
1.19	252843.56
1.57	3330.37
1.89	4860.39
1.49	60543.94
1.8	9065.72
1.79	10949.5
1.15	250888.8
1.49	10751.69
1.59	27490.93
1.0	373545.23
0.68	1377670.81
1.65	8119.93
1.43	28284.23
1.76	30507.45
1.67	2010.73
0.97	330071.34
1.7	1355.67
0.83	5755190.69
1.14	357132.53
1.54	60624.47
1.55	4719.47
1.38	9882.68
1.9	6433.37
1.79	3473.94
1.11	1531085.64
1.04	35344183.15
1.19	448135.88
1.9	6757.39
1.75	2807.44
1.41	136964.3
1.75	27365.89
1.19	74826.22
1.44	124145.62
0.97	472136.53
0.91	205592.1
1.75	2782.53
1.84	1014.02
1.87	7094.98
1.09	844931.21
1.07	197387.76
1.23	19089.36
1.83	3567.3
2.05	4981.33
1.12	234023.9
0.58	1390417.77
1.22	146737.74
1.31	3786141.18
1.19	255431.85
1.74	6650.29
1.9	1028.63
1.05	1560845.55
1.2	161443.98
1.24	11398.91
1.25	348210.5
1.02	219776.27
1.79	6259.44
1.47	1402.83
2.0	22931.78
2.14	14907.54
1.11	183276.68
1.19	490426.14
0.83	2926435.94
1.12	64001.61
1.89	2442.88
1.12	314917.55
2.01	5392.63
1.06	41567.62
0.99	570367.24
0.95	205476.61
2.05	1169.26
1.24	384192.52
1.78	5373.53
1.61	95931.87
1.07	160438.38
1.11	439617.61
1.59	140994.25
1.16	830775.42
1.36	128846.15
1.78	9910.84
1.17	264170.2
1.79	7296.3
1.21	713523.24
1.18	352369.17
1.84	4614.82
1.04	353818.15
0.98	195780.23
1.83	1228.51
1.36	46828.88
1.44	3930.94
1.77	2145.03
0.89	28020.38
1.38	5289.64
0.77	815638.81
1.18	1338129.89
1.05	139464.87
1.81	3851.22
1.23	401331.33
0.95	198365.16
1.4	75957.01
0.96	636771.37
1.13	135427.66
1.86	3619.27
1.96	3776.95
1.89	2310.76
1.64	8315.7
1.49	584276.79
1.69	4907.41
0.98	289290.98
1.5	1059.21
1.66	12668.99
1.52	2181.39
0.95	157146.19
1.33	42662.65
1.5	5224.18
1.97	63674.1
2.27	3253.43
0.86	968988.09
1.43	436027.81
1.33	80043.78
1.65	5676.99
1.0	899302.8
0.94	725296.29
1.78	17590.21
1.4	17519.51
1.0	1310364.67
1.6	51768.23
0.84	1063583.86
1.43	31954.94
1.59	1852.24
0.76	938880.6
1.07	150201.39
1.5	12023.56
1.37	142817.83
1.61	1438.14
1.98	1145.88
1.68	2086.14
1.96	26864.42
1.13	4146220.81
1.08	447701.68
1.21	198395.76
0.93	175681.09
1.64	8743.37
1.45	60658.97
1.37	6568.67
1.02	534249.47
0.78	4869309.42
1.28	1667026.11
1.19	574999.04
1.17	194086.08
1.81	2520.87
1.29	43649.12
0.99	153146.21
1.45	872239.07
1.3	158917.21
1.48	3636.86
1.03	258960.17
1.75	2470.94
1.05	513738.98
1.1	300679.66
2.32	5526.5
1.83	3436.93
1.12	268415.49
1.22	2593780.51
0.95	571442.54
1.17	61419.11
1.9	19904.38
1.35	99793.55
1.79	33795.51
1.67	1764.81
0.98	179837.71
2.03	14817.97
1.19	239945.42
1.05	147749.25
1.73	2210.49
1.83	1642.66
1.08	116995.68
1.26	12066.11
2.07	4774.56
1.82	1174.53
0.91	664201.67
1.29	747841.09
1.89	67904.99
1.08	1657404.68
0.81	2268076.38
1.03	447663.17
1.78	881.14
1.43	1780.76
0.91	1133491.66
1.28	64156.46
0.95	5939402.98
1.39	22300.6
0.8	1191310.92
1.36	12251.87
1.04	978376.13
0.79	6400340.97
1.03	10200.38
1.17	2314057.46
1.26	779754.03
1.6	1884.54
1.71	1404.65
1.15	297855.71
1.25	13781.05
0.85	3196936.02
1.23	404333.75
1.24	779868.01
1.84	9578.9
1.54	6084.48
1.93	6825.19
1.69	3079.23
1.72	1541.79
1.15	200794.99
1.53	2970.79
1.26	331077.9
1.73	1837.88
1.1	128848.68
1.62	8703.74
1.2	9979.64
1.18	69848.58
1.1	1563915.04
0.99	89694.96
1.95	8821.58
1.75	24607.2
1.12	57410.08
1.22	69191.72
1.77	4301.53
1.71	3617.71
1.19	2519677.31
1.3	194667.64
2.16	3669.96
1.31	2106.77
1.62	11399.34
1.29	353520.71
1.37	50198.43
1.78	7012.8
1.79	712.4
1.81	1279.45
1.24	10351.99
2.4	4295.54
0.95	138858.86
1.24	382583.75
0.84	2621078.31
1.05	379505.99
1.26	11088.2
1.06	463106.48
1.93	98449.84
1.23	242525.92
0.96	88111.17
1.36	16289.6
1.16	545800.05
1.65	19677.2
1.34	1047.42
1.42	1294.45
0.94	159318.32
1.77	1402.53
1.44	30625.69
1.68	5141.65
1.61	124812.43
1.03	85295.41
2.11	3977.77
1.68	940.43
1.54	11633.27
0.93	254760.33
1.23	204396.56
1.53	8962.77
1.79	7179.44
0.9	5040365.47
0.98	212719.94
1.16	54191.14
1.0	88183.03
1.68	3559.45
1.64	1350.16
1.08	179103.3
1.15	81748.59
1.87	18374.82
0.9	338638.8
1.19	177541.37
1.88	23132.95
1.05	430138.88
1.35	11092.7
0.91	675269.74
1.92	19634.24
1.81	2834.45
2.75	15953.01
1.2	199063.82
1.1	426180.78
0.99	388550.28
2.3	2855.32
1.2	692934.46
1.17	227131.21
1.11	196031.9
1.03	594451.88
2.06	1843.62
1.12	175958.11
1.1	291788.43
1.13	117662.32
1.36	1433763.11
1.25	491653.57
1.98	769.05
1.59	1723.36
1.76	1844.95
1.68	56569.37
1.11	278514.05
1.19	101470.91
1.01	98865.51
0.75	922355.67
1.46	9412.9
0.8	5930072.71
1.19	153112.84
0.66	907470.09
1.52	107040.29
1.65	1510.75
1.7	3031.46
2.17	3996.06
0.95	5333097.71
1.12	61555.62
1.5	41728.28
1.03	267962.33
1.02	243012.2
0.92	191937.02
1.4	2030.12
1.08	62870.49
1.04	245293.53
1.05	293036.34
1.27	4403.09
1.17	237429.16
1.06	373691.57
1.35	11843.43
1.44	100207.14
1.94	1355.5
0.96	2329987.29
1.81	4382.72
1.86	50079.81
1.3	4100932.47
1.24	112332.05
1.05	225079.92
1.46	12941.48
1.81	5837.79
1.34	4329239.82
1.02	488679.31
1.11	2779012.66
1.02	311124.27
1.54	10231.74
1.58	8340.73
0.98	339797.19
1.42	16514.55
1.95	8515.11
1.05	106663.68
1.19	79733.85
1.2	4454138.91
2.21	16170.46
1.11	228427.08
1.05	74677.72
1.22	10742.08
1.57	3860.33
1.99	4617.21
1.67	3565.0
1.49	68953.29
1.02	270601.09
1.39	23094.34
0.89	103768.67
1.11	267655.62
1.11	808677.78
1.38	130908.11
1.09	161288.59
1.02	169025.14
1.0	109928.84
1.11	115384.56
0.75	3094278.93
0.96	77987.53
1.25	11676.65
1.68	2109.19
0.79	5322625.57
1.49	229340.78
1.09	324400.67
2.31	15733.56
1.29	106083.75
1.54	3794.44
1.65	8205.75
1.32	224901.96
1.69	19520.71
1.54	605197.12
0.94	420476.44
1.84	57627.38
1.05	830967.23
0.94	2921148.91
1.07	151301.45
1.72	18034.01
1.07	536479.42
1.63	1219.02
0.76	838225.19
2.01	73799.28
1.76	1634.59
0.96	623212.04
2.03	2633.6
1.03	2981549.94
1.26	12380.68
1.17	726401.24
1.23	11727.34
1.39	62670.56
1.01	171879.57
1.83	3448.63
0.63	1163115.49
1.71	13808.71
1.14	65350.24
1.93	3024.32
0.98	5718139.41
1.19	177919.28
1.3	2258.1
1.79	60655.7
1.82	4234.28
1.34	163325.4
1.12	226246.39
2.73	15289.67
1.2	696697.65
1.44	40334.59
0.95	495155.82
1.44	4010.32
2.04	26756.69
1.85	9341.22
1.81	10575.65
1.0	353755.0
1.0	272464.74
1.08	83592.89
1.19	2544630.5
0.82	5544366.95
0.87	5259354.3
0.98	3259659.28
1.38	4780.87
0.98	258559.32
1.14	1309245.88
1.53	31271.46
1.19	656892.03
0.79	999607.51
1.59	3569.54
1.9	3072.73
1.06	272267.5
1.23	3886.59
1.64	6182.81
0.95	1039265.17
1.82	862.59
1.13	1481150.17
1.68	4821.3
1.53	51355.58
0.85	4899439.92
1.94	19311.21
1.15	276205.95
1.22	239841.95
0.92	28597756.27
1.68	3400.24
1.33	9213.49
1.21	70351.29
1.79	3705.26
1.14	4759791.13
0.73	1219398.43
2.16	18433.15
1.4	440574.33
1.27	12371.76
1.01	5791508.96
1.59	24059.71
2.17	7260.07
1.47	59312.07
0.95	32137333.01
0.97	642934.25
1.7	4152.94
1.9	2108.32
1.38	15485.45
1.01	12407.01
1.85	8109.3
1.05	5871080.81
1.04	771974.9
1.14	289679.91
1.97	3496.27
1.1	2671535.94
0.99	329684.97
2.02	971.81
2.1	6833.71
1.85	9557.56
1.12	4592461.81
1.14	197282.25
0.99	64187.8
1.88	8593.93
2.11	47299.93
1.36	39365.15
1.06	212887.85
1.66	5758.68
1.88	7583.31
1.79	4198.66
1.15	405898.44
1.11	602481.22
1.22	380761.14
1.5	8780.15
1.83	3795.21
1.0	479590.62
1.66	638192.89
1.0	308032.62
1.84	4143.11
1.81	3409.93
1.94	831.69
1.48	81489.76
0.81	5072550.94
1.01	309024.22
1.3	401708.33
1.01	225165.84
0.98	186258.97
1.85	6775.02
0.99	3286.32
1.23	217581.17
0.94	3371114.14
0.92	2561325.42
1.24	379954.31
0.81	4565207.85
0.93	4924049.79
1.04	5197578.46
1.13	329845.26
0.67	1207167.54
1.28	6873.18
1.66	11100.27
1.16	821523.45
2.0	1467.23
1.88	48280.46
1.17	459793.66
1.23	776336.17
1.02	30094698.85
1.66	101320.15
1.48	108346.9
1.54	26104.52
1.18	201544.53
1.42	6849.71
0.96	140036.16
1.5	45599.48
2.31	2928.46
0.96	5951871.32
1.03	2604991.25
2.07	3191.86
1.49	1744.67
1.55	81945.35
1.12	222849.89
1.57	1926.71
1.54	646324.68
1.7	25732.69
1.81	160585.07
0.8	977717.36
2.01	50307.57
0.75	758118.95
1.7	74965.16
1.09	310381.51
1.33	456983.44
0.98	776237.93
1.64	1643.19
1.83	1417.63
1.1	6232081.27
0.75	914966.82
1.72	593.39
0.53	1353850.06
1.35	10315.32
1.37	912681.57
1.24	333933.98
1.92	68435.46
0.81	367711.87
1.33	3213.0
1.02	277827.44
1.21	5498650.28
1.15	3021825.81
2.24	16541.9
1.32	9791.87
1.67	114406.15
1.62	1771.59
1.91	7575.34
1.96	90240.43
1.15	2274638.59
1.24	824216.23
2.0	81751.48
1.51	31932.1
0.7	942310.32
1.01	191180.56
1.24	832529.06
1.55	12946.65
1.31	758817.08
1.66	39909.48
1.39	9576.59
2.23	2428.95
1.33	69759.01
1.65	3559.21
2.02	6405.75
0.88	933623.58
1.59	1023.37
1.07	500999.15
1.19	453631.25
1.34	2103.36
1.06	4929884.26
1.74	2080.23
1.7	4352.18
1.87	27578.12
1.16	81573.97
1.54	11098.01
1.45	9167.42
1.56	37257.59
1.18	252527.34
1.52	50234.03
1.51	4120.01
1.15	422484.37
0.6	1102271.52
2.11	2895.23
1.95	10419.6
1.01	32513550.51
1.0	650389.0
1.62	29458.3
1.5	749.03
1.18	179038.39
1.03	216611.18
1.9	5599.89
1.22	260058.34
1.22	131935.23
2.08	3206.72
0.98	194990.71
1.97	6249.43
1.58	2041.47
1.42	22480.07
1.18	615500.43
0.91	182647.96
1.68	1272.64
1.06	196168.6
1.06	199908.44
1.66	4806.35
1.35	109252.12
0.97	421574.42
1.1	74725.33
1.15	69230.74
1.09	147544.08
1.09	272441.01
1.02	32046401.64
1.29	3042447.03
1.8	5052.41
1.66	5251.04
1.74	3905.44
0.92	41324.9
1.31	930.74
2.45	2960.69
1.12	773773.53
1.36	52815.97
1.14	51913.12
1.88	1721.57
1.47	1358.02
1.69	1708.12
1.79	3933.81
1.67	640448.59
1.82	5067.95
1.68	34443.27
0.99	29375123.6
1.68	18877.36
1.48	3139.5
0.91	279364.03
0.93	491990.83
0.98	254009.7
1.08	29699845.61
1.78	2982.83
0.97	62909.69
2.26	2727.38
0.89	5413532.64
1.09	76704.46
0.82	1144032.03
1.17	648148.15
0.94	15271.18
1.13	514196.67
1.2	129526.61
1.1	495344.27
1.92	3892.36
1.68	31802.25
1.73	1751.2
1.92	6846.72
1.81	3118.58
1.18	5193221.0
1.49	1726.25
1.39	13791.64
0.95	5929718.67
0.76	1128693.04
1.03	520698.46
1.17	363548.06
1.63	6032.31
1.05	216548.9
1.64	58545.6
1.19	74839.74
1.86	823.5
1.93	1526.1
1.53	32394.98
1.22	8938.32
2.09	7357.97
0.96	265555.66
0.92	201392.27
1.77	4156.05
1.7	8638.12
1.43	109857.47
1.93	1699.0
1.67	3110.45
1.55	3447.03
1.41	136421.88
0.9	2674658.54
0.9	282494.07
1.2	391178.81
1.09	170309.3
1.26	62027.52
1.05	70773.76
1.77	515240.82
1.44	331456.96
1.73	6607.42
1.29	355472.28
1.54	54644.32
1.87	3047.38
1.7	84089.07
1.26	420124.11
1.0	435021.49
1.55	2227.05
1.22	753746.51
1.0	2981347.2
2.21	4420.01
1.85	2811.06
1.7	45159.24
0.81	5142259.93
1.17	571994.5
1.19	275844.88
0.98	85919.67
1.08	143464.64
1.56	19053.84
1.08	201741.43
1.03	73952.9
1.0	167387.9
1.09	3759282.62
0.75	829727.75
1.58	1529.5
1.44	79976.86
1.96	3493.98
0.72	1211158.55
1.38	2038.99
1.05	31936856.18
2.21	17148.39
1.09	666579.35
0.9	3037663.98
1.25	75144.87
1.56	16335.15
1.01	417190.47
1.66	45533.58
1.25	112065.73
1.53	35667.73
0.96	5475363.01
1.81	3270.51
1.83	5444.87
1.22	3520408.65
1.87	3957.04
0.84	6700134.25
1.0	29216198.15
1.79	4076.63
1.97	1274.53
1.62	1617.91
1.63	8549.47
0.99	141875.2
1.06	57802.02
2.05	3885.45
0.53	1272428.72
1.76	2584.79
1.26	54779.61
1.04	61654.94
0.9	568414.35
1.12	213086.98
1.02	248646.25
1.67	83530.33
1.36	1284789.44
1.09	5806392.78
1.18	738933.68
0.98	293059.1
1.51	81495.39
1.13	322891.36
1.21	151268.28
1.15	72392.09
1.37	55813.66
1.0	538384.22
1.87	2804.46
1.44	2378.68
1.88	1332.27
1.23	3307828.65
1.06	159981.66
1.92	1386.85
1.24	158499.41
1.36	159461.64
2.16	4222.62
0.81	519028.45
1.15	338036.94
1.82	6940.73
1.26	373650.83
0.56	1282095.88
1.2	262575.33
0.79	981975.08
1.25	238269.85
1.72	5843.23
1.19	729117.42
1.23	68499.85
1.6	1480.91
1.17	435723.85
1.68	1396.48
1.55	4031.98
1.75	30089.62
1.37	5205.88
1.93	1082.44
2.71	15111.33
1.77	2102.93
1.26	11132.08
1.05	222696.44
2.06	21815.46
0.97	284247.2
1.18	2938918.81
1.54	1158.22
1.96	8067.82
1.32	535922.59
1.47	1962.43
1.27	790853.86
1.41	4367.47
1.4	60370.27
1.48	9468.77
0.93	2901188.07
2.0	3080.47
1.32	213631.54
1.65	3882.88
1.41	35852.68
1.11	2895992.9
0.96	314774.36
1.55	3195.92
1.19	10707.5
0.98	637326.79
1.03	125342.89
1.79	1626.32
0.76	928600.19
1.06	694982.49
1.06	5557163.11
2.3	16293.09
1.11	469883.87
1.65	2024.18
1.22	2118593.92
1.44	29105.69
1.2	73537.14
0.74	6349957.65
1.97	4065.69
0.99	386100.49
0.84	8362504.08
1.66	143146.85
1.66	13132.64
1.79	1369.82
1.17	427216.77
1.37	1251919.24
1.16	1201066.41
1.79	1446.07
1.16	113235.82
1.66	3977.03
1.54	220337.3
1.29	15054.25
1.25	731125.01
1.53	4594.71
1.04	537725.07
1.55	28094.96
1.2	413699.46
1.88	4015.99
0.79	1096074.97
1.18	62728.85
2.03	2943.18
2.04	4643.81
1.53	251074.96
1.33	742539.71
1.45	1097737.98
1.23	835938.63
1.95	1106.41
1.55	22819.1
0.97	440106.92
1.15	3780455.44
1.44	11764.76
0.74	2690296.07
1.8	7059.51
1.1	377192.1
1.11	2390611.02
1.15	205954.04
1.8	5792.88
2.03	3976.19
1.24	235231.08
1.26	13856.85
1.6	6095.01
1.25	152671.15
0.73	913002.96
1.14	3162447.64
1.22	16227.56
1.17	409343.56
1.48	730874.31
1.1	857872.86
0.65	1048062.16
1.95	6936.51
1.53	649891.92
0.97	433152.31
1.04	378845.21
1.05	124055.31
1.2	109940.55
1.92	4295.83
0.92	562242.53
1.12	742220.67
1.16	2558563.78
0.99	333280.79
1.13	2188485.29
0.97	400251.59
1.05	79567.66
1.49	9377.04
1.56	76139.58
0.76	4943687.09
0.99	1542657.96
1.1	248933.35
0.82	635873.6
1.48	2290.3
1.12	255465.26
1.27	13809.65
0.98	25083647.17
1.3	7166.04
1.06	2734006.98
1.02	586503.27
0.97	376187.98
2.01	22416.55
1.42	23701.5
1.69	56802.46
1.79	5445.08
1.84	3743.82
0.81	29694.82
1.22	474081.77
2.12	41882.91
2.01	6005.54
1.62	8704.72
0.99	551009.05
1.16	233277.19
1.38	315984.22
1.05	79503.08
1.37	3003.82
1.2	232204.85
1.8	5676.88
1.67	3999.44
1.06	314717.03
1.5	5744.26
1.36	42344.22
1.84	3195.0
1.0	668233.0
1.97	49376.19
1.03	662131.8
1.52	586073.85
1.66	15095.2
1.73	5749.75
1.28	155730.59
1.07	129397.39
1.0	580826.0
1.83	1701.31
1.03	74536.59
1.18	236189.46
1.84	2056.82
1.09	3696551.52
1.88	4785.67
1.8	3127.26
1.36	99703.72
0.75	6234006.44
1.43	10804.37
1.26	403793.79
1.25	51557.01
1.16	433703.29
1.49	4417.82
1.84	12357.55
1.89	2089.47
1.89	63807.3
2.04	1573.19
1.12	114216.62
1.21	56870.1
1.8	30207.8
1.59	228925.49
1.22	616016.46
2.0	3641.0
1.06	389782.2
1.0	2233138.01
1.47	48421.15
1.23	221548.25
1.21	3334592.0
1.1	171195.76
0.91	5871224.58
1.17	896972.05
1.39	119890.65
1.27	3238501.89
0.87	201620.58
1.15	203298.37
1.82	4123.17
1.36	159642.82
1.74	3665.62
1.65	1574.72
1.55	6367.54
1.9	7622.55
1.07	149832.2
2.11	1557.89
1.54	4893.26
1.12	229530.31
1.21	51725.93
1.42	669528.88
1.85	5114.38
1.79	6499.82
1.54	86288.07
1.13	339860.68
1.14	407204.88
1.07	3272555.01
1.47	46965.06
1.72	2578.53
1.03	2601821.63
1.98	17137.24
1.92	44128.54
1.3	742672.03
1.08	63821.22
1.1	319659.25
1.87	13703.79
1.93	7465.69
1.99	54255.52
1.27	304624.07
0.96	515764.64
1.68	876.35
1.14	309611.87
1.89	1727.27
1.25	307072.85
1.86	1577.51
1.86	4698.5
0.78	4015563.02
1.59	2570.94
1.45	1329.64
1.21	786250.22
1.55	4216.12
1.06	32408705.7
1.48	10674.23
1.54	1652.19
0.99	157688.29
1.25	6725.04
2.0	20787.25
1.84	13438.23
1.0	217777.46
1.66	46456.92
1.17	283647.52
1.0	84398.93
1.94	45208.21
1.11	1658708.73
1.51	59217.48
1.45	13268.55
1.11	235546.11
1.52	3561.9
0.88	4737649.03
1.89	5175.81
1.37	14618.92
0.99	83453.76
1.05	275587.85
1.23	241120.74
1.71	10276.01
1.31	56107.03
1.85	7576.11
2.08	9204.78
1.68	116322.44
1.42	79568.82
1.22	110964.6
1.62	15286.4
0.93	643402.84
1.1	1477964.12
1.66	4282.27
1.14	427776.92
2.02	3428.91
1.13	207249.74
1.83	7301.3
1.29	10569.83
1.17	2884507.74
0.81	360356.29
1.14	1111803.12
1.49	1162.28
1.8	26717.98
1.66	670005.94
1.65	7791.34
1.15	498640.23
1.73	29978.74
1.06	45147.5
0.82	928051.16
0.99	95101.27
1.94	15727.43
1.31	3775.87
2.06	17765.82
1.08	488980.65
1.3	111038.95
0.97	269072.2
1.15	280699.74
1.88	6485.3
1.17	222606.79
1.23	173896.82
1.44	335389.56
1.87	1787.44
1.97	969.29
1.81	10339.48
1.11	303058.29
1.52	94419.17
1.07	489802.88
1.25	339064.22
1.33	371716.28
1.63	2261.61
1.37	9936.12
1.04	1844887.26
1.51	57570.79
1.87	3890.97
0.79	1086740.19
1.23	115579.5
1.02	532467.38
1.11	5616434.08
1.7	14499.46
2.21	1979.87
1.09	354134.22
1.24	64518.82
1.16	2767.88
1.86	3254.64
1.65	17775.41
1.37	58961.59
1.73	1685.8
1.74	6908.14
1.09	477875.71
2.34	15733.14
0.95	197649.58
1.19	60099.83
1.61	1377.24
1.65	2261.62
2.17	18746.25
1.86	5859.11
1.11	286814.82
1.29	19137.28
1.0	116798.97
1.28	12634.71
1.55	13506.32
2.3	3485.39
1.33	64236.62
0.95	504284.16
0.95	119919.67
1.43	8082.85
0.78	743066.25
0.7	1035973.14
1.21	190799.99
1.52	3148.46
1.25	16507.0
1.26	70345.39
1.49	66775.85
1.56	1751.57
1.06	3857605.11
1.12	298222.53
1.81	1169.48
1.41	85405.61
1.11	552036.54
1.43	15989.61
1.74	6023.21
1.56	2747.19
1.56	58065.35
1.56	4336.41
1.39	10242.6
1.91	4366.74
1.59	11223.38
1.25	9077.59
1.57	43450.79
0.99	176737.77
0.98	2549512.5
1.13	70164.74
0.74	623231.77
1.13	3183419.6
1.79	6687.31
1.41	48799.38
1.02	310049.5
1.33	42934.45
1.93	17646.52
1.57	5834.95
0.94	222751.51
1.94	18054.18
1.87	2933.95
1.17	217234.17
1.17	255913.63
1.23	243265.56
1.46	45352.7
1.49	1889.99
2.06	2662.63
1.32	1679103.39
1.55	16352.08
1.13	126262.26
1.4	16702.43
1.66	9271.68
1.29	187692.67
0.78	746249.98
1.06	261084.13
1.5	14328.05
1.95	23972.69
0.96	3042588.2
0.94	2690257.2
1.03	280240.7
1.19	66246.3
1.1	4205775.44
0.71	1040439.71
1.02	452845.47
1.01	297481.36
0.95	263987.21
1.13	2205550.58
1.4	246616.27
1.08	1826182.48
1.16	862840.73
1.07	67826.07
2.36	19558.81
1.53	2614.93
1.79	2078.74
2.06	4040.75
1.53	41116.32
1.46	1383.12
1.07	136950.98
1.01	781496.4
1.02	568129.75
1.65	81469.58
1.33	729890.28
1.91	4036.73
0.82	5713017.35
1.76	2214.84
0.98	6236903.31
1.93	3851.01
1.01	369694.27
1.46	15287.62
0.8	1036663.77
1.57	1710.38
1.61	2879.62
0.98	185733.81
1.51	12044.14
2.12	1815.62
0.97	540234.22
1.5	8158.36
1.55	59719.09
1.08	797021.22
1.43	68936.46
1.92	1178.2
1.48	44030.34
2.24	2843.96
0.98	5609471.36
1.56	2305.49
1.58	4199.95
1.38	11128.3
1.77	30778.46
1.24	105176.25
1.07	7851.73
1.4	7201.85
1.27	419158.75
1.56	1711.63
1.25	210265.79
1.24	9207.99
1.65	1663.16
1.07	417232.18
1.59	27081.13
0.89	28800396.57
1.08	638696.86
1.95	964.25
1.87	2082.98
1.04	3746598.18
1.0	92345.33
1.44	10027.49
1.76	18014.56
0.79	6153608.75
0.98	37026085.75
1.36	24285.79
1.3	180705.59
2.74	11798.62
1.98	3862.72
1.61	62339.44
0.8	317861.35
1.19	192767.09
1.91	8889.38
1.03	10726.99
1.45	25375.78
0.94	171749.31
0.95	489224.51
1.23	818816.7
0.87	991328.46
1.05	337576.71
1.28	342796.99
1.78	29706.6
1.1	454702.0
2.01	683.76
1.55	2738.24
1.92	8552.32
1.89	2850.72
1.77	4599.05
1.01	711146.61
1.31	7676.74
1.06	487024.66
1.46	46687.01
1.28	3757524.71
1.86	1891.49
1.08	274209.2
1.48	67813.61
1.09	214993.36
1.04	234579.34
1.15	837629.62
1.73	32097.19
0.97	201797.82
1.84	9219.97
1.49	783913.05
1.12	543908.18
1.04	37943670.34
1.01	318770.67
1.18	519887.27
1.69	10284.23
1.23	87687.64
2.12	3870.58
1.1	143985.96
1.81	1885.9
1.13	194798.39
0.82	1019283.99
2.02	1200.61
0.89	5949846.14
0.93	134326.53
1.59	2108.82
1.11	1411354.54
2.02	1188.82
1.82	8902.03
1.8	2057.29
1.98	29929.57
1.09	287963.73
1.05	454428.03
1.01	735436.91
1.43	1254.81
0.83	1089679.39
1.86	5430.92
1.48	8656.18
1.2	425707.59
1.06	513268.88
2.09	1169.94
1.95	23502.62
1.61	9278.66
1.08	788025.06
1.08	221080.11
1.53	5821.39
1.68	2320.11
1.27	99496.16
1.49	13607.83
1.05	407499.97
1.9	6123.23
1.34	149376.79
1.09	364571.57
1.3	121698.02
1.26	6986.04
2.03	1542.45
1.74	3893.76
1.65	4964.88
1.41	15387.74
1.67	214374.59
0.72	998801.78
0.83	5211738.31
1.82	2478.71
1.7	47726.72
1.82	29548.36
1.22	548556.66
1.69	4029.03
1.96	4177.83
1.85	80734.58
1.34	6214.56
1.78	1221.24
0.77	1017854.16
1.42	34432.77
1.93	16746.9
1.63	3597.52
1.6	1552.91
0.73	1062387.72
1.48	1279.51
2.0	4032.41
1.67	2404.66
1.82	9753.85
1.33	75913.85
1.44	1492.44
1.36	44972.88
1.08	13703.15
1.23	1139347.98
0.99	169423.5
1.39	79973.14
1.55	1403.79
1.39	223170.31
1.78	1313.43
2.13	3962.07
0.98	3227049.19
0.98	448394.83
1.66	4628.41
1.27	449818.01
1.16	366987.36
0.72	1042159.49
1.7	1885.48
1.61	7900.21
1.22	241495.12
2.11	2605.97
1.23	118541.11
1.12	629074.28
1.41	10958.57
1.22	432729.65
2.28	3463.61
0.89	2617806.65
1.84	627.8
1.35	2211.53
1.02	29936729.76
1.32	47890.09
1.74	33530.11
1.11	91558.77
1.18	2674633.13
1.12	320750.54
1.38	20992.27
1.63	2273.57
0.94	598755.26
0.67	1333424.37
1.67	135522.65
1.14	577946.53
1.21	214125.11
1.02	67799.08
1.16	508174.09
0.99	375363.86
1.94	2217.82
1.1	437771.89
1.18	2642581.73
1.07	254744.58
1.66	57077.28
1.36	10570.74
1.21	10487.18
0.97	88236.19
0.88	334718.74
1.57	1767.58
1.2	216841.43
1.09	126109.82
1.12	354490.75
0.88	432962.29
1.02	232157.91
1.52	673720.54
1.15	2710710.15
1.69	17042.46
1.23	55560.09
0.98	109428.33
1.03	392755.13
1.82	6774.43
1.73	1767.3
1.43	41524.22
0.93	242065.29
1.01	60971.36
0.97	4986270.76
1.21	260471.23
1.38	66360.74
1.07	5126588.84
1.21	136761.35
1.26	466120.48
1.07	168164.47
1.66	1602.88
1.91	3098.29
1.01	229220.66
0.99	683877.72
1.16	74962.45
1.82	1758.64
1.26	803571.87
1.17	206074.14
2.73	15510.69
1.04	5525298.95
1.01	2504745.45
0.97	339909.13
1.75	1986.05
0.67	1072300.38
0.98	432572.45
1.66	18945.72
1.0	4298514.96
1.75	644689.71
1.53	3846.37
1.05	203939.14
1.98	3338.53
0.97	153506.84
1.53	4820.36
1.05	10387.69
0.9	145305.65
1.78	2605.01
1.11	2573973.63
1.54	13840.92
1.82	3595.26
1.85	7178.36
1.57	1238.66
0.96	257166.53
0.89	795732.52
0.77	1324348.89
0.97	125742.48
1.44	23563.42
1.76	2499.88
1.1	5621713.64
1.75	1791.51
1.75	2094.36
1.2	751850.01
1.01	606039.09
1.06	427391.28
2.08	1555.89
1.12	119124.45
1.27	4721927.3
1.51	25692.22
1.49	8349.37
1.55	62669.16
1.15	3306614.18
0.72	1172177.72
1.85	7438.22
0.99	135237.01
1.1	61286.98
1.2	81276.47
1.78	5657.77
1.83	1746.27
1.33	6991.11
0.8	1020390.64
1.83	6627.48
0.85	1124259.51
1.84	1346.16
1.55	3021.45
0.78	6558729.33
2.11	1553.92
1.58	64774.28
1.48	10458.62
1.39	680351.84
2.06	4163.99
1.21	64116.71
1.88	37004.14
1.24	178525.52
1.07	247575.06
1.06	423475.77
1.01	169281.16
1.41	43907.34
1.83	1742.99
1.19	5784.88
0.97	272925.76
1.92	3125.59
0.9	5142335.64
1.46	612910.15
1.18	2711008.32
1.04	709444.22
1.5	57245.86
1.58	48176.23
1.85	65898.99
1.08	484106.11
2.34	3478.25
1.69	1916.43
0.91	3040023.34
2.12	48785.22
1.49	2295.39
1.04	240560.86
0.96	41291704.39
1.6	12626.2
1.34	10511.94
1.59	10407.27
1.06	2180520.22
1.15	192277.92
1.11	223607.39
1.0	373461.94
1.92	40423.05
1.33	8892.2
1.25	340513.61
1.69	12480.84
1.13	219970.37
1.83	1410.31
0.86	1010394.81
1.03	66069.21
0.98	391556.97
1.14	222122.63
1.16	323449.77
0.93	690633.88
1.68	1253.46
1.24	205760.67
1.01	68648.22
1.56	41636.8
1.88	706.15
2.06	16605.6
1.84	2560.97
0.77	1020856.87
1.07	230913.14
0.93	293734.93
1.48	33676.05
0.99	164161.25
1.37	107181.78
1.74	4719.1
1.22	43116.44
2.16	2965.81
1.76	3166.83
1.79	5111.52
1.55	1313.49
1.89	1115.89
1.1	1590080.35
0.97	28485715.97
1.52	65708.3
1.09	729046.74
1.75	4292.52
1.0	608845.0
0.97	694871.74
1.45	1366.39
1.52	3512.7
1.05	353930.82
1.69	2622.05
1.21	466705.75
1.81	3647.7
1.7	30991.09
0.98	176410.4
1.64	2787.28
1.25	251083.39
0.94	159970.54
1.02	230069.01
0.8	720800.61
1.11	256610.0
1.08	622880.59
0.83	649885.76
0.96	98584.92
1.08	253422.99
0.9	484598.47
1.26	250040.49
0.82	933033.17
1.67	846.47
1.3	377229.13
1.46	4508.41
2.2	13745.4
1.03	53336.93
2.01	8059.96
1.17	146103.34
0.73	1255575.78
1.05	692206.4
1.88	28234.61
1.8	2585.22
1.52	3345.52
1.25	402791.86
1.69	1723.93
1.35	132790.41
1.36	12809.78
1.24	128105.43
0.93	123489.29
1.76	810.61
1.25	476017.06
1.45	2005.12
1.75	2035.58
2.0	3240.47
1.12	1714650.22
1.86	6466.04
1.29	168797.97
1.69	1858.03
1.14	2835630.41
1.42	22470.42
0.87	239070.13
1.85	995.96
1.92	2892.29
1.25	216925.45
1.95	25470.62
1.39	65372.85
1.32	186936.02
1.84	29745.23
1.36	740896.97
2.18	3286.02
1.08	151807.11
0.97	198769.54
1.8	76466.85
2.31	4655.07
1.21	234322.13
1.06	249509.99
1.02	151558.74
1.13	2829416.58
1.05	148597.91
0.92	237248.22
0.9	311228.44
1.48	3118.18
1.36	17429.71
1.29	436208.03
1.91	6593.87
1.22	26008.88
1.12	334041.6
1.73	3775.9
1.22	216519.33
1.85	56799.83
1.74	192122.01
1.69	1453.59
1.94	858.83
1.16	9840.34
1.83	3046.57
1.1	146744.37
1.53	1783.16
2.24	1140.95
1.62	8676.7
1.84	5971.62
1.22	273609.96
1.65	1269.74
0.79	783225.98
0.96	185570.06
1.03	83209.77
1.77	7210.19
1.67	3408.2
1.06	354986.48
1.1	467791.95
1.51	27210.49
1.58	716942.71
0.97	308461.1
1.31	5903.4
1.42	1332514.63
1.18	22630.58
1.07	589471.32
1.05	190716.43
1.4	48811.05
1.02	179083.03
1.69	1798.92
1.27	41482.48
0.91	187664.29
0.85	692276.13
1.04	364735.69
0.95	279843.22
1.63	54182.7
1.94	1558.39
1.23	70132.85
0.97	558113.22
1.78	1175.95
1.14	149319.82
1.68	37617.95
1.15	523157.29
1.24	378778.68
0.94	4695737.21
1.27	228920.62
1.33	352335.1
1.66	15545.06
1.69	194132.3
1.15	198735.26
1.0	222488.23
1.06	149473.79
0.94	594488.41
1.91	1656.67
1.81	36535.72
0.57	1320320.85
1.97	4459.56
1.37	10694.75
2.14	5469.71
1.13	233579.7
1.47	2156.53
1.65	64688.75
1.11	10581.74
1.34	1018225.83
0.97	599965.86
1.23	817870.17
1.53	63248.58
1.53	111423.89
2.19	5023.44
2.18	3471.08
1.02	5570915.26
0.94	461607.33
1.01	291046.81
1.45	5104.74
1.15	462526.0
1.12	1368887.69
1.27	92325.73
1.08	67101.52
1.11	106757.1
1.19	121569.73
1.27	226247.68
1.77	1863.24
1.37	2477.04
0.93	5719898.26
1.66	1973.39
1.37	13824.58
1.05	86318.9
1.05	356627.38
1.18	773078.09
0.95	192111.32
1.12	448596.76
1.03	261199.27
1.7	1961.33
1.39	91825.07
1.12	74999.31
1.13	729325.61
1.19	350559.81
1.33	48180.98
1.6	89062.36
1.44	7665.7
1.34	78708.38
0.97	175977.6
1.25	560494.92
1.03	125507.76
0.83	1320696.13
1.85	9159.44
1.02	590721.74
1.56	14281.66
0.97	933148.31
1.19	645727.95
1.92	7296.25
1.2	463472.52
1.51	4449.11
1.25	54495.54
1.08	60232.63
1.99	3812.69
1.64	103918.03
1.58	2550.15
2.58	13218.02
0.95	258979.63
1.17	176820.49
1.47	6982.04
1.64	3813.7
1.94	8633.7
1.87	1202.46
1.65	2337.44
1.5	998.28
1.17	251336.74
1.55	39542.9
1.33	23789.01
1.91	1992.05
1.93	1547.03
1.97	3343.86
1.08	450370.85
1.33	22502.5
1.09	1853451.18
1.01	234349.47
1.38	372062.3
0.92	928836.58
1.77	2184.05
1.09	346700.41
1.03	2608448.06
1.03	117393.22
1.03	124617.07
1.69	1837.03
1.69	10939.94
1.76	4172.75
1.16	2242688.2
1.56	633327.17
1.55	2797.39
1.01	2580602.96
1.93	8259.26
1.62	72563.98
1.14	3218494.55
1.05	438182.64
1.16	730826.79
1.84	6871.97
1.91	3753.82
1.0	133618.33
2.1	6389.53
1.59	14774.26
1.17	709268.62
1.09	168780.22
1.66	1713.63
1.32	701099.41
1.76	13622.89
1.21	200074.81
1.29	7641.69
1.99	1162.68
0.74	1135915.03
1.59	675907.97
1.24	165255.03
2.07	2290.54
2.09	12517.38
1.71	1860.35
0.85	9032180.67
1.62	2147.79
0.99	3810950.39
1.72	37288.73
1.68	2301.7
1.15	637091.48
1.82	7038.51
1.42	44245.45
0.99	110896.48
1.74	6539.55
1.31	129295.86
1.23	434025.46
1.49	62392.78
1.87	4096.12
1.29	52419.71
1.93	3194.76
1.02	206563.03
1.08	75626.3
1.63	4215.96
1.16	817690.89
1.06	496236.63
0.98	139917.89
1.47	14240.44
1.18	597168.12
1.52	7875.19
1.16	770115.24
1.44	9707.59
1.6	2743.42
1.71	43696.22
1.18	176146.34
1.28	326458.27
1.0	634213.1
1.16	188436.91
1.13	169556.49
1.56	10526.95
1.65	1243.4
1.35	9881.65
1.45	3103.11
1.75	1201.07
1.17	294964.3
1.22	12310.3
1.19	229650.57
1.52	3933.04
1.13	435210.71
2.18	1402.21
0.9	640331.58
1.87	761.86
1.87	3783.3
1.45	62132.94
1.31	167907.51
1.92	1200.0
1.93	24954.8
1.07	613535.33
1.62	26098.32
1.83	2450.71
1.92	27541.24
1.92	1610.6
1.61	3158.95
1.23	11254.29
0.92	516149.11
1.0	807041.46
1.15	207093.88
1.55	4984.2
2.12	2339.64
0.81	726504.61
1.17	596819.4
1.05	33254911.87
2.25	3551.66
1.48	10652.02
1.54	1773.44
1.65	3609.47
1.19	247167.15
1.2	1068971.54
1.88	1766.19
1.61	3044.44
1.36	11640.14
1.98	894.87
1.18	425885.58
1.93	56485.02
0.71	1100901.69
1.89	3707.77
1.66	9580.4
1.04	75280.41
1.44	73321.36
0.88	5761848.67
1.04	301641.21
1.0	329753.61
1.18	2433295.61
1.63	8147.68
1.05	229363.51
1.88	25842.76
1.22	745439.17
1.12	17296.85
1.6	7947.92
1.16	64464.61
1.87	1303.04
1.91	1365.23
1.32	156112.67
1.77	1811.7
2.24	3998.59
1.14	597860.19
1.53	5283.38
1.18	397215.12
1.27	281256.19
1.06	248273.79
1.2	401824.91
1.03	28012520.93
1.74	1653.86
1.15	137849.61
0.99	216767.98
1.13	60151.68
1.89	3128.95
1.47	1973.01
1.03	74092.73
0.94	196008.57
1.9	30028.0
1.92	1206.53
1.47	1390.96
1.62	47476.51
1.34	3135991.73
2.0	2023.36
1.81	1877.52
1.59	610212.92
1.44	42933.81
1.8	2749.93
1.09	131197.71
1.11	149631.24
1.62	560830.54
1.2	3156360.2
1.92	94267.54
0.94	751897.89
1.14	882754.72
1.82	31363.93
1.2	8896.59
1.09	2971443.88
1.0	162162.75
1.04	166214.14
1.02	502677.35
1.23	57669.71
1.09	356105.25
1.15	277853.94
1.34	88214.04
1.65	1285.09
1.98	17886.78
1.2	182141.55
1.5	135543.89
1.11	327629.87
1.26	178735.25
1.61	11341.36
1.82	2529.35
0.96	123669.89
1.35	27173.38
2.06	2725.27
1.09	429492.28
0.7	1180723.02
1.21	799946.53
1.43	1493218.75
1.2	109050.11
1.17	255921.9
1.62	3480.66
1.17	257472.31
1.0	3781504.91
1.14	721703.83
0.98	3024956.05
1.88	1239.16
1.14	259977.16
1.14	55351.03
1.91	2566.9
1.43	36082.44
1.65	4205.27
0.83	5972493.77
1.01	167254.64
1.36	5490.76
1.93	4131.86
1.85	3388.83
1.13	421430.94
1.89	5281.36
1.18	216118.9
1.07	70697.07
1.88	5003.8
2.02	2955.27
1.22	143144.15
1.15	192478.26
1.02	159846.2
1.11	365722.14
1.76	2882.1
2.16	3828.42
0.98	176731.22
1.62	28253.94
1.73	5491.23
1.5	119999.12
1.19	1849.29
1.5	8676.28
1.5	1484.89
0.91	2272.26
1.25	218562.94
1.49	2449.56
1.28	388205.8
0.97	162559.72
1.66	15999.82
1.13	255436.55
1.09	275080.92
1.71	68742.23
1.28	30682.77
1.25	562542.86
1.41	10168.54
1.58	2228.5
1.07	261650.41
2.01	5579.38
1.5	69339.77
1.91	30307.58
1.11	55847.79
1.64	2778.44
2.09	3137.41
1.58	6356.7
1.53	76027.78
1.66	1822.24
1.65	1156.12
1.4	90242.31
1.01	287571.95
1.25	65484.37
1.47	7113.17
1.93	956.97
1.85	4691.87
1.29	13288.3
1.68	7138.01
1.05	239908.64
1.0	261492.2
1.85	5912.34
0.79	1036269.51
1.57	3334.38
1.85	107431.24
2.77	15201.2
1.75	36529.07
1.6	5559.67
1.57	24095.66
1.85	7176.69
0.94	271448.06
0.87	1067498.21
1.02	5451040.76
1.11	43045.79
0.94	182625.49
1.72	3788.6
1.84	3547.22
1.77	2318.61
1.28	465911.37
1.9	2948.39
1.18	2523110.39
1.29	27527.63
2.41	4559.35
1.19	183944.05
0.99	237821.61
1.37	90867.51
1.44	33994.64
1.9	3772.87
1.25	460459.45
0.83	761261.71
0.93	86929.62
1.14	187058.65
0.98	1794543.77
1.1	152121.37
1.48	7986.08
1.82	6267.8
0.99	292744.22
1.27	36086.54
0.97	6741662.31
1.89	1890.99
1.15	301852.8
0.85	752576.08
1.17	11741.87
2.11	2184.03
0.93	235243.88
1.87	6926.75
0.68	1053997.99
1.14	4205294.58
1.23	7731.85
1.49	12775.39
1.75	30790.79
1.11	2935.57
1.03	3653376.07
0.61	1110753.05
1.52	29319.95
1.67	30193.16
1.08	66852.57
1.66	70809.98
2.11	3081.43
1.85	6428.81
1.85	2937.84
0.93	5777334.9
0.96	626841.5
2.26	2167.37
1.41	51748.65
1.64	4115.46
2.13	1534.35
1.87	29440.58
1.15	4923565.04
2.31	2790.4
1.55	4698.19
1.37	71375.61
1.44	37045.75
1.26	7698.58
1.43	59392.62
1.04	253158.7
1.21	592588.01
1.87	1155.28
1.4	54782.92
1.32	395471.89
0.82	831994.43
1.33	12299.69
1.18	69600.14
1.03	27753508.14
1.58	2093.17
1.62	8260.25
1.68	3313.75
1.82	2078.99
1.81	2281.85
2.02	15438.68
1.16	129475.25
1.23	1048045.86
1.53	49426.32
1.98	4881.79
1.24	653560.14
1.13	1139861.64
1.41	1244324.47
1.16	2211716.76
1.01	95959.08
1.04	26240072.11
1.83	1161.9
1.7	5359.81
1.87	4376.04
0.95	2327634.45
1.82	2405.02
1.05	20089.52
1.0	356414.57
1.28	7754.71
1.79	1602.79
1.74	5916.44
1.54	263845.02
0.66	1203149.94
2.11	22913.05
1.99	902.5
1.04	762866.62
0.71	95295.34
1.07	92664.44
1.36	48358.73
1.81	69377.2
2.27	2819.11
0.97	391514.43
2.01	40245.19
1.03	373245.43
1.94	4235.93
1.66	4174.55
0.96	232294.71
1.91	12784.61
1.09	152991.78
1.39	139927.17
1.01	503791.72
1.05	510152.67
1.59	39171.61
0.61	1233503.27
0.95	219380.93
1.34	21370.71
1.17	147066.48
1.02	33526480.08
0.9	2641032.65
1.45	3314.76
1.15	238950.84
0.98	325085.14
1.13	80537.77
2.31	2318.13
1.92	21986.87
1.66	3237.43
1.46	4349.0
0.97	159463.52
1.94	5043.08
1.93	1235.29
1.06	32027686.15
0.89	22034.63
1.13	395127.18
1.92	1069.67
1.09	1294866.75
1.14	2538981.6
1.6	11075.85
1.82	53701.26
1.47	5128.06
1.26	772151.2
1.58	166334.97
0.99	230414.44
0.99	425033.14
1.49	2029.52
1.19	736913.15
1.34	3467770.71
1.59	26247.16
1.65	4046.31
1.54	28220.45
1.99	1405.75
1.89	59179.16
1.74	10631.12
1.56	1803.0
1.95	7510.46
0.82	925618.09
1.02	695658.81
1.21	350533.71
1.4	88179.72
1.05	210445.12
1.1	509215.2
1.57	9930.12
1.37	81291.05
1.66	2883.1
1.04	1357393.34
2.19	2763.5
1.9	5495.95
1.53	67245.25
1.58	11456.41
1.81	12499.87
1.6	26935.23
2.07	70004.38
1.36	64839.58
1.83	3067.94
1.17	44511.28
1.68	5611.72
1.78	2011.47
1.2	243537.29
1.58	22452.3
1.22	120930.26
0.97	397899.56
1.31	49201.89
0.99	460041.38
1.71	518034.86
1.28	211991.09
1.18	226965.26
1.17	2963777.8
1.47	1278.14
1.86	1643.24
1.66	11538.97
1.76	52253.69
1.8	4777.04
1.55	29248.72
1.63	661842.02
2.01	3450.38
2.01	4203.2
1.72	8502.95
1.94	6106.73
1.88	1140.32
1.22	236178.67
1.07	165726.92
1.84	3350.22
0.94	221471.45
0.85	2682159.95
0.9	175833.54
1.06	1988311.9
1.32	83007.91
1.14	1535981.4
1.76	2966.77
1.22	49585.46
1.67	11593.7
0.8	4347510.51
1.44	42369.24
1.46	15386.2
0.89	5409823.02
1.5	4314.45
1.58	628331.04
1.64	1779.45
1.4	6163.88
1.91	3103.1
1.39	8557.95
1.11	510738.88
1.66	3764.64
1.06	5636644.51
1.35	12054.84
0.98	385300.75
1.04	29982648.43
1.87	3851.7
2.14	6723.56
1.26	381319.43
1.62	12799.12
0.97	237188.41
1.62	10430.71
1.9	3545.33
1.27	374933.8
1.49	697.76
1.02	2355703.98
0.73	805731.03
1.32	421514.11
1.28	107735.95
1.83	6900.94
1.11	171793.87
1.98	2121.96
1.93	17328.24
1.11	495032.46
0.96	127165.59
1.1	1281613.28
1.09	2494044.41
0.85	175425.57
1.28	762862.62
1.0	3229124.75
1.08	5063309.38
1.24	41195.08
1.11	295385.41
1.34	27146.81
1.87	1881.08
0.99	67431.18
1.72	561.1
1.54	6144.55
1.86	10242.52
1.51	57066.49
1.24	11997.73
1.02	29569086.56
1.25	159386.69
1.12	111140.93
1.11	156608.28
1.49	2726.65
1.12	275217.97
1.16	2766391.11
1.28	170590.85
1.19	2330829.2
0.8	5409726.02
1.83	4310.34
1.07	40507.36
2.01	1449.04
1.72	54619.72
1.86	4054.67
1.15	8779.47
1.47	4844.5
1.43	112363.86
2.2	27737.07
1.28	64489.17
1.15	603112.11
0.78	3553642.53
1.62	15010.83
1.07	31660031.68
1.2	246513.23
1.15	134989.16
1.22	1251081.11
1.48	4400.25
0.83	5578980.69
0.92	439968.4
1.17	151260.15
2.18	1594.45
0.79	1173819.67
1.74	4096.05
1.27	7668.48
1.64	1505.12
1.51	11225.55
1.36	4135.76
1.06	263027.68
1.04	490268.77
1.23	238992.24
1.1	279706.73
1.82	1754.98
0.93	198257.69
1.41	109546.92
0.93	263486.63
1.33	1192732.41
0.95	27297983.67
2.0	5891.89
1.2	358753.17
1.8	12928.53
1.06	374659.88
1.44	56752.92
1.7	8898.69
0.8	790420.66
1.0	332997.12
1.37	59918.41
1.1	2948199.23
1.05	154621.8
2.31	5078.46
0.91	153425.94
1.14	64822.88
1.1	222637.15
1.31	4288.7
0.98	139679.01
1.52	4830.76
1.14	60244.59
2.66	14031.73
1.49	9162.43
1.34	79992.09
0.97	420329.35
1.18	346896.0
1.03	250626.33
1.9	2940.47
1.85	5578.04
2.09	12422.6
0.99	3668037.65
1.55	8563.97
1.96	6799.27
1.58	25759.36
1.51	1015.04
1.7	75884.69
1.88	1421.47
0.99	362400.65
0.96	353118.24
1.6	24450.48
1.06	290611.31
1.47	1151.64
0.97	424580.52
1.21	151883.21
1.59	14448.15
1.78	4998.64
0.97	3750714.49
0.83	292707.14
1.13	2979417.82
1.81	29247.9
1.25	368779.77
1.02	225259.93
1.05	2783170.15
1.19	1491.28
1.19	2363.41
1.86	1627.96
1.01	192231.47
2.02	51879.97
1.08	5289138.5
1.68	26547.99
0.78	1062071.65
0.86	1212585.41
0.74	899632.66
1.58	3916.98
1.84	27102.7
1.31	8225.49
1.82	1403.1
1.8	10535.93
1.8	4973.92
1.95	1774.27
1.54	1895.06
1.46	10508.73
0.93	274481.48
0.89	5235579.44
1.67	16076.52
0.91	76543.82
1.1	480071.18
0.99	4866607.14
0.93	213554.45
0.96	189470.19
1.39	43407.79
1.0	4895485.63
1.93	2451.63
0.95	198267.13
1.1	850931.58
0.96	157490.03
1.59	48901.36
1.89	6755.96
2.34	3783.2
1.16	309186.06
0.76	840314.58
1.27	40141.38
1.03	135506.08
1.33	153920.35
1.33	191078.37
1.16	2558925.23
1.89	4548.77
1.18	2535192.78
1.81	8304.32
1.12	9505.74
1.67	19704.96
1.08	82469.7
1.09	214718.99
1.78	1983.73
1.05	75129.36
1.54	46329.16
1.11	63157.22
1.84	4027.45
1.06	553096.84
1.35	5879.03
1.79	1625.01
1.02	78626.99
1.04	211066.05
0.88	6612422.28
1.59	73043.2
1.09	206121.36
0.92	245352.56
1.1	85446.43
2.01	2865.92
1.2	148384.89
1.62	4147.44
1.56	6072.82
1.36	43115.31
1.34	184979.95
1.66	40390.21
1.25	111825.39
0.8	740760.3
1.24	27118.17
1.63	4965.1
1.47	78162.92
1.19	93337.13
1.08	3013825.75
1.74	6864.82
0.82	1025659.59
1.28	32927.82
1.75	8160.56
1.16	238903.72
1.6	40540.88
1.21	443970.6
0.68	1391089.32
1.48	1395.75
0.7	955510.57
1.06	155074.03
1.54	10849.4
1.08	1921720.44
1.23	372516.0
1.0	316199.07
1.85	1338.84
0.84	5201535.32
1.51	696873.03
1.49	17723.17
1.1	225830.42
1.69	11459.06
1.16	264908.94
1.94	3002.61
1.98	4920.3
1.04	2503008.26
1.01	264922.77
2.79	12642.11
0.74	1054849.97
0.89	5353393.56
1.91	24034.25
1.09	20407.13
1.4	349609.78
1.01	181169.72
2.08	3554.43
1.44	5184.57
1.24	450603.36
1.57	5746.55
1.21	265638.42
1.88	32159.33
1.46	82110.05
0.99	375737.02
1.06	213120.84
1.2	254520.54
1.36	99554.55
0.85	724865.72
1.62	3895.76
1.58	1477.67
1.03	139212.26
1.06	282822.72
2.15	5975.27
0.87	4054.49
1.4	119902.96
1.56	20111.3
1.09	863391.73
1.08	224752.17
1.22	1340925.56
1.12	115608.44
1.86	4129.23
1.87	6756.78
2.13	3420.17
1.14	437822.76
1.27	104849.39
1.04	114487.07
1.81	33553.42
1.9	3180.29
1.16	162429.43
1.69	2858.31
1.16	896298.77
1.49	4204.87
1.04	262509.58
1.53	556368.86
1.06	214469.51
1.38	2450.75
1.26	8170.13
1.01	227728.43
1.03	2026639.78
1.2	3825966.51
0.83	6380287.71
1.67	1347.62
1.94	2696.21
1.6	5946.34
0.81	4831664.77
1.26	156565.98
1.81	2017.29
0.79	5703759.21
1.47	4298.37
0.74	989676.85
2.07	482.26
1.89	2718.72
1.8	34244.34
0.84	723488.95
1.08	464305.03
1.6	71502.74
1.85	28183.63
1.77	3240.71
1.53	2167.25
1.53	2134.92
1.09	126535.83
1.55	92616.45
1.04	119210.27
1.27	16389.19
1.39	42131.8
1.81	2098.65
1.02	678935.84
1.22	371660.15
1.12	80751.29
1.08	149239.4
1.4	44605.56
1.6	1529.16
1.33	84556.54
2.28	996.79
0.97	235709.99
1.78	3199.37
1.69	519892.67
1.64	2512.58
1.27	4508474.0
1.67	9296.03
2.01	4259.63
0.98	718152.22
1.16	77305.34
1.8	2171.91
0.81	1102639.51
1.5	1541.99
1.36	355645.73
1.53	3532.67
1.53	603840.95
0.92	968899.09
1.35	61584.26
1.36	14035.18
1.93	4426.44
1.51	10372.71
1.75	5092.36
1.82	1152.33
1.23	178788.49
1.11	110991.01
2.09	3324.7
0.99	158870.28
0.99	58461.05
0.67	1013049.67
1.86	4294.01
1.78	2186.64
1.9	23927.09
1.14	298493.22
1.06	5571812.77
1.03	95550.51
1.64	31775.03
1.01	468472.81
1.21	868197.41
1.37	330353.76
1.1	155972.38
0.78	946868.0
1.5	1059.69
2.39	2606.3
1.96	6689.54
1.6	9421.09
1.4	116253.44
1.29	17267.84
1.01	171353.59
1.05	858680.51
1.26	7561.0
1.85	3534.37
0.97	203675.17
2.01	1841.62
1.88	2003.04
1.36	132760.1
0.91	469684.32
1.11	267968.5
0.86	5979528.24
2.18	2420.25
1.55	1906.4
0.97	210379.48
1.04	340746.59
1.24	12276.58
1.05	184067.49
1.69	58061.65
1.87	4011.02
2.03	3030.87
1.24	372525.3
1.57	2378.18
1.82	2498.36
1.56	11055.46
1.54	77222.36
0.84	462548.3
1.55	4265.98
1.91	2271.95
1.27	8471.24
0.74	1296308.05
0.99	106803.39
1.2	190760.3
1.22	11429.63
1.12	3511185.14
2.15	3823.73
0.93	186617.2
1.96	22886.87
1.22	156798.51
1.0	573873.0
1.48	13363.66
1.27	389892.07
0.98	18116.76
1.01	80034.32
1.37	1687.21
1.18	772997.09
1.04	131276.21
1.08	3140456.17
1.17	408403.96
1.04	718330.48
1.93	8028.95
0.88	346994.49
1.54	14390.21
0.79	657656.23
1.4	331495.41
2.22	4355.33
1.25	370065.74
0.97	304048.16
1.27	30032.31
1.0	180511.78
0.96	265739.79
1.02	687972.03
1.69	55097.44
1.8	115063.87
1.98	814.13
1.57	1599.13
0.98	189584.22
0.87	805437.95
1.92	8175.94
0.91	4575710.62
1.38	28687.98
1.72	657.42
1.09	3173051.42
1.08	708914.17
1.69	5077.17
1.11	642682.4
2.13	3135.77
1.29	688065.45
1.01	515246.69
1.34	335173.17
0.99	451101.89
1.64	6884.09
1.67	24311.76
1.07	426337.91
1.9	2720.17
1.57	4529.02
2.13	2753.92
1.08	477415.68
1.16	280464.73
1.92	29692.3
1.16	275670.52
1.76	1030.98
1.25	73109.9
1.86	1375.02
1.13	570030.63
1.35	54876.98
1.43	10527.86
1.87	1459.37
1.81	7155.63
1.17	264236.38
1.06	332208.14
1.35	6691.69
0.93	5900751.95
2.27	2220.8
1.45	2364.55
1.09	284309.17
2.18	2804.82
0.88	1122668.33
1.44	1513.77
1.7	8904.2
1.17	51432.09
1.01	508207.79
0.98	62592.4
1.07	466759.99
1.03	185135.41
1.81	7271.25
0.99	147617.68
1.45	44616.23
0.96	489339.78
1.11	59874.45
1.85	1082.52
1.86	25674.65
1.11	213032.44
1.31	90745.72
2.14	1808.46
2.15	2709.41
1.26	10792.32
1.19	194630.86
0.81	1100679.15
1.51	12166.64
1.91	29054.81
1.66	1295.6
0.99	107565.04
0.56	1544750.92
0.73	743770.2
1.51	38333.16
1.64	5450.41
1.18	446850.83
1.58	20995.37
0.99	117462.94
1.66	16396.29
1.81	1381.31
1.09	336982.39
1.26	7031.45
1.65	58236.29
1.25	92599.79
0.85	1120172.03
0.88	228569.58
1.33	10860.07
1.88	2901.35
1.7	1441.14
1.06	412752.74
1.5	87348.95
1.65	1038.67
1.23	71906.75
1.02	3004133.39
1.05	2814678.93
1.35	2808.98
1.13	1787071.74
0.99	140939.78
1.61	22648.93
1.6	75238.38
1.39	229216.05
1.72	28062.63
1.71	37578.78
1.03	2995.57
1.61	54907.07
1.04	123096.09
1.86	64445.98
1.43	31424.93
2.02	3545.7
1.26	8532.45
1.82	22950.59
1.91	1439.39
1.5	128166.45
2.02	4369.42
1.72	9192.79
0.95	247795.44
1.9	29227.44
1.96	1516.24
1.24	238558.16
1.81	161657.89
1.91	52969.72
0.86	300905.18
1.39	66454.5
1.03	267666.12
1.68	2584.14
1.64	82380.97
1.26	143944.11
1.54	2693.46
1.12	50107.32
1.92	4163.22
1.3	266049.58
1.32	89631.3
1.15	159011.26
1.14	2857156.51
1.06	238550.81
1.49	8216.98
1.45	127351.46
0.97	358143.26
0.87	4987381.36
1.68	5687.19
1.45	75133.1
0.94	5461313.9
1.18	264155.74
1.25	370924.13
0.99	132982.84
1.24	362232.28
1.14	8970.72
1.38	83731.42
0.99	347406.9
1.06	85580.15
0.8	5864999.81
0.89	158638.04
1.03	265237.17
1.89	5606.22
0.92	101162.98
1.83	8433.78
1.11	202861.68
1.14	160059.77
1.08	144665.27
2.08	3252.5
1.38	378931.1
1.13	8171.34
1.02	180316.1
1.42	136771.79
1.26	3497026.98
1.1	231641.21
0.84	1270739.69
1.67	2002.61
0.97	3179824.67
1.22	367047.36
1.29	46991.12
1.3	27835.34
2.35	2552.09
1.01	14131.07
0.92	5811260.29
1.97	4371.78
1.84	3840.59
1.0	172913.44
1.22	91195.99
2.37	5223.36
0.49	1137707.43
0.96	330060.95
1.82	24664.21
1.18	449261.63
0.92	492385.15
1.61	27327.18
0.87	5314431.93
1.0	692569.85
2.01	3397.0
1.96	23306.75
1.35	11467.23
1.38	66049.13
1.04	512172.44
1.49	10665.71
0.9	569414.76
0.97	2615828.04
0.92	4804278.16
1.12	29676.78
1.55	3520.47
1.44	2132.11
1.03	3532480.92
1.28	6869.81
1.14	569304.8
1.46	11147.93
1.19	49064.73
1.29	353474.52
1.61	35630.99
1.61	72541.61
0.83	1249645.2
0.72	1280364.01
1.24	9207.05
1.0	224017.47
1.21	304598.42
1.65	67376.23
1.93	24549.47
1.0	130989.23
1.83	3485.49
0.71	1062990.62
1.03	33720159.09
1.22	256149.75
1.3	356311.66
1.72	2403.77
1.03	172302.47
1.22	199222.68
1.2	39672.8
1.3	112284.57
1.01	99886.07
1.16	326067.03
1.5	821.99
1.54	2478.78
0.93	118220.22
1.18	435087.17
1.18	219908.82
0.94	6323724.8
1.18	71150.24
1.17	419849.55
1.13	346561.62
1.21	392802.67
1.55	4836.49
0.98	5338992.15
1.08	332165.05
1.08	331377.53
1.3	92713.49
1.96	1083.8
1.38	39100.45
0.85	681409.59
0.78	944506.54
1.6	32041.32
1.16	2730224.03
1.31	12992.93
1.0	158490.37
1.8	1571.89
1.27	243556.57
1.08	1510836.96
1.12	84843.44
1.34	9855.14
1.13	1406262.16
1.07	3336314.35
1.81	6250.05
1.5	1584.01
1.22	431791.38
1.59	6683.43
1.4	187548.3
1.03	916450.76
0.74	1196121.27
1.18	275260.08
1.04	372413.5
1.19	775671.49
1.24	693698.13
1.0	83963.95
1.68	30795.99
1.0	2742211.46
1.47	10957.17
1.04	118455.23
1.36	9622.66
1.17	289138.36
1.35	7324.92
1.96	53200.63
1.15	2936173.63
0.98	559818.31
1.21	61870.23
1.64	9992.2
1.3	109153.84
1.15	504619.83
1.03	73733.96
1.96	3760.73
1.15	3501344.46
1.7	1959.56
1.48	15735.77
1.49	75775.26
1.11	61176.91
0.98	173370.68
1.6	30663.55
0.94	184806.99
1.54	106221.32
1.72	7736.69
0.84	354048.59
1.61	176416.14
1.59	43426.6
0.79	714977.26
1.35	271198.73
1.6	1012.61
1.42	48697.16
1.16	47362.13
2.01	17916.34
1.69	2649.76
1.8	9073.21
1.03	31245835.65
2.13	2965.62
1.01	2603114.56
0.75	1218684.28
1.42	713120.0
0.97	1856337.85
2.03	3045.1
1.38	232640.15
0.97	4019384.71
1.68	2650.48
1.38	51786.11
1.07	2856456.35
1.13	3739072.7
1.72	11555.75
1.69	2448.58
1.12	429109.64
1.9	1640.06
1.17	193654.01
2.02	57645.02
1.72	557392.73
1.42	44984.85
1.18	180944.22
1.51	5360.41
0.99	51253.97
1.8	2279.15
1.83	135524.9
2.0	4330.23
1.55	6372.85
1.53	531478.24
0.99	4003121.77
0.6	1268607.36
1.5	1250.53
1.57	1531.14
1.44	2707.87
1.1	5641742.02
1.04	641759.57
1.92	3151.22
1.19	2462108.11
1.53	4954.18
1.71	2242.67
1.45	5828.38
1.08	5647385.15
1.51	3570.83
1.64	1130.91
1.55	2808.55
1.42	1108.9
0.97	457411.45
1.5	6607.74
1.68	2137.67
1.12	1254805.29
1.08	64208.84
1.76	4269.61
1.96	23093.97
1.22	4550.92
1.65	2119.22
1.56	852.98
1.77	1427.11
0.73	998752.95
0.99	419088.74
1.01	107443.35
1.57	35183.28
1.13	424708.39
1.18	4088061.71
1.23	657741.34
1.08	202012.62
1.82	7773.81
0.64	1151157.44
1.12	153868.79
1.37	74510.02
0.88	5094837.54
1.85	7128.73
1.13	9466.36
1.17	2956859.19
2.02	17078.8
1.59	1770.87
0.97	76689.38
1.16	242732.32
1.06	133856.19
1.82	24707.16
1.11	749845.79
1.67	74083.65
1.57	4883.55
1.85	3888.18
1.25	11026.61
0.98	222813.0
1.04	7189.48
1.9	34522.02
1.55	65534.87
1.75	26750.05
1.28	8186.26
1.54	1000.86
1.36	4664.67
1.36	348215.37
1.59	11586.41
1.27	751812.42
0.72	1266899.55
1.41	2604.25
1.75	6913.18
1.02	145648.4
1.68	1201.46
1.97	3502.37
1.24	204526.46
1.62	9637.66
1.12	46346.85
1.26	343757.21
2.09	4999.62
0.83	572552.24
1.08	437377.75
2.0	3593.05
1.86	159233.08
0.96	25114228.11
1.92	3507.63
1.15	123070.18
1.24	937317.45
1.04	124246.77
1.23	169118.65
1.05	2044020.93
1.35	12126.63
1.05	1845443.13
1.08	684346.48
1.69	34190.37
1.33	41143.51
1.45	68922.42
1.5	7189.95
1.97	4103.72
1.11	53170.36
0.85	649050.15
1.54	3133.63
1.26	423984.04
1.02	35734613.9
0.78	615077.36
1.08	166556.79
2.07	2588.12
1.59	61024.8
1.01	757305.14
1.49	682640.03
1.23	4298883.17
1.66	37079.86
2.06	4602.39
1.58	4317.12
1.54	72434.15
1.09	432770.06
0.94	169950.37
1.45	7100.18
1.08	2511760.36
1.33	319502.82
1.44	34888.66
2.16	2739.09
1.55	2718.12
1.52	123851.34
1.56	578500.76
1.24	132621.01
1.84	2375.83
0.75	983909.85
1.04	3134752.64
2.22	17054.18
1.14	53585.51
1.42	49071.35
1.36	147525.59
1.63	1052.37
1.13	2329757.67
1.77	4663.44
1.21	25645.44
1.92	27123.43
1.56	14507.57
1.42	14145.51
1.13	5106508.12
1.03	74139.25
1.92	2887.52
1.88	8083.91
1.16	173645.55
1.52	4176.1
1.43	33855.74
1.54	24581.46
0.96	417772.47
1.5	1955.27
1.45	32252.93
1.16	543944.19
1.18	1666825.63
1.62	73251.74
1.4	4144.82
0.9	847813.12
1.56	14000.96
0.89	607468.04
1.77	6764.37
1.99	1965.57
0.91	311876.75
1.55	4539.36
1.61	7509.74
1.47	140413.9
1.6	203951.84
1.72	7422.47
1.92	15144.79
1.02	332918.7
0.97	4792868.29
1.13	109215.0
1.48	13258.61
1.11	268195.87
0.89	1095790.27
1.57	4180.11
1.31	496302.98
1.1	116353.68
1.9	4289.1
0.7	1031351.33
1.51	2154.53
1.87	2437.13
0.71	907452.21
0.98	6374842.9
1.98	3885.53
1.61	1654.85
1.1	286400.89
1.43	23728.62
0.72	1262932.78
1.58	3886.94
1.59	618237.58
0.95	4945835.54
1.65	9164.19
1.69	3614.76
1.59	1377.1
1.04	195742.46
1.73	53587.09
1.83	1383.67
1.87	3956.75
1.67	70410.49
2.02	3405.9
1.58	13816.71
1.55	3448.42
1.24	179321.9
2.1	5232.0
1.44	5434.12
1.04	144563.15
1.73	33825.57
1.55	2215.74
1.24	11938.2
1.14	61221.98
1.18	2817008.33
1.43	13232.79
0.99	3719603.21
1.44	2648.03
1.01	2333238.9
1.96	19868.9
1.79	7423.5
2.01	2623.42
1.06	64602.5
1.23	257032.99
1.39	11119.47
1.4	24794.39
1.89	3973.64
1.48	68846.81
1.61	1601.29
1.91	2294.07
1.79	3464.77
1.9	7656.72
1.6	35085.7
1.45	25122.55
0.81	1184131.34
1.94	2763.26
1.47	5411.77
1.2	772926.12
1.88	2208.88
1.81	8669.79
1.81	2640.04
1.55	8707.92
1.03	5617752.22
0.91	4874124.41
0.96	394035.19
0.77	983910.94
1.36	8662.14
1.78	10554.69
1.05	651638.6
1.35	55512.87
0.98	3204112.16
0.92	6024932.34
0.86	4912068.04
0.93	6650357.96
1.05	3901054.42
2.05	4245.72
1.93	30001.14
1.88	896.16
1.37	10051.4
1.85	1614.56
1.19	415841.32
1.16	1386951.96
1.1	2770074.76
1.43	271984.49
1.07	30652211.08
1.1	420826.32
1.68	1747.11
1.48	10800.6
1.74	5464.3
0.83	5903596.18
1.85	28602.01
1.53	11171.13
1.59	22168.32
1.81	1182.3
1.51	14201.42
1.05	1507821.92
1.37	3182.2
0.97	2160085.64
1.21	242478.65
1.06	490827.32
1.06	311348.31
0.83	967228.05
1.47	5043.15
0.88	389599.87
1.4	40391.55
1.56	603876.9
1.14	664020.49
1.33	246967.21
1.22	368996.48
1.01	203681.71
1.01	114124.6
1.04	58816.5
1.11	325434.49
1.66	762.15
1.14	222483.88
1.56	2163.15
1.65	1974.52
1.05	514202.63
1.65	3796.16
1.05	235505.63
1.24	2299.74
1.4	814484.79
1.91	3202.71
0.99	545064.74
0.97	869927.27
0.9	5024858.14
1.08	108444.41
0.99	775848.72
1.68	33434.23
1.26	10518.1
1.58	77066.63
1.12	2765838.1
1.09	1619341.49
0.76	4938526.47
1.12	56013.43
0.91	385289.59
0.95	211960.25
2.08	4638.1
1.62	2353.2
1.18	274423.66
1.01	562462.33
1.74	5558.81
1.13	2447264.74
2.0	6595.69
1.08	219149.75
1.9	1478.7
1.86	588.87
1.17	1807.57
1.48	10647.39
1.34	41904.06
1.53	810018.27
1.19	304135.67
1.86	6499.18
1.14	167396.56
0.99	610658.64
1.85	2905.07
1.65	7244.44
2.04	4105.58
1.18	2680.01
1.13	264118.86
1.01	293408.89
1.79	4127.83
1.84	6564.71
1.84	1258.62
1.43	14898.15
1.04	232074.44
1.39	223156.55
1.33	6110.51
0.82	5593885.09
1.21	2297509.11
0.95	5830427.96
1.24	202954.88
2.42	2676.3
1.08	135281.35
1.39	680839.21
1.19	398337.69
1.35	96233.08
1.82	9064.11
1.01	118009.81
1.26	292827.27
1.31	10598.3
1.15	194460.59
1.59	1341.9
1.23	363889.04
1.12	1350091.82
0.98	458602.59
1.89	6551.44
1.6	9666.61
1.93	33557.37
1.71	4448.88
1.81	1339.36
1.11	577774.74
0.92	539750.77
1.55	24986.4
1.06	233186.09
0.71	732695.38
1.17	188314.24
2.24	9519.72
1.17	50632.73
1.58	14379.6
1.19	696281.81
1.05	727916.83
1.08	78992.15
1.66	4679.4
1.11	783068.03
1.26	55979.78
1.36	277178.42
1.26	57424.15
1.74	48955.21
1.0	173741.3
1.28	46199.2
1.17	552368.94
0.92	2983163.34
1.94	5657.95
2.17	3050.04
0.98	2667551.84
1.09	16805.16
1.34	11922.76
1.44	43060.6
1.11	288514.78
1.49	1098.67
1.08	322940.72
0.92	4481990.34
1.22	13195.65
1.18	2233935.94
1.43	27271.95
1.62	2794.65
1.47	233387.28
0.81	5822521.79
1.2	221086.46
1.55	9908.64
0.6	1159509.68
0.9	6013312.36
1.78	30206.24
1.13	88579.12
1.19	1391.25
1.76	27428.43
1.43	1084407.8
1.64	4614.78
1.02	495309.23
0.96	3435374.51
1.71	46229.47
1.14	634515.74
0.93	516432.6
1.05	355677.99
1.3	10407.9
1.59	75586.78
1.82	23344.7
1.17	800603.23
1.27	398055.71
0.98	161577.6
1.75	38093.47
1.56	21389.7
1.0	168217.72
1.4	1161.01
1.57	3681.62
1.71	5508.2
1.48	5070.79
2.76	13936.04
0.75	827795.25
1.25	329589.03
0.98	501573.86
1.71	1784.02
0.96	156698.24
1.66	9860.75
1.13	381041.74
1.75	62767.95
1.66	10159.47
1.04	115089.62
1.23	6492.79
1.07	357636.82
0.98	760083.16
1.35	125724.96
0.81	681501.3
1.26	437896.64
1.29	62866.23
1.05	135895.47
2.11	2990.97
1.4	3109.42
1.46	83253.18
1.52	10342.09
1.8	4231.32
1.06	527350.82
1.35	582037.07
1.0	280886.82
0.66	1019280.57
1.11	258728.48
1.58	616177.0
1.64	1426.87
1.12	2206305.07
0.99	137195.59
1.94	4595.5
1.69	34095.71
1.73	30519.41
1.39	98605.4
1.63	54932.83
1.21	230632.14
0.93	990211.57
1.76	4985.34
1.03	719792.51
1.37	7883.53
1.0	535519.29
1.62	16545.05
1.47	81830.13
0.56	1105500.34
1.7	13466.97
1.88	2490.11
1.11	341176.21
1.34	3590.4
0.97	277502.12
0.95	644419.48
1.59	1517.39
1.8	1591.6
1.44	89469.59
1.11	2998.88
2.04	24265.78
1.35	38750.74
1.21	5143.41
2.0	3283.74
1.84	849.44
2.01	1175.34
1.39	29621.9
1.26	855205.82
1.02	406591.11
1.19	360027.65
1.97	2798.21
1.69	7637.57
1.64	30717.28
1.87	4984.88
0.98	4739.17
1.93	65593.37
1.14	3119050.91
1.16	210124.43
1.81	10004.86
1.15	73681.06
1.04	124671.4
1.14	2918298.91
1.73	119727.18
1.15	459471.05
1.89	7451.55
1.12	415147.69
1.68	39967.69
1.42	44034.76
0.98	470218.14
1.32	8699.18
1.78	3483.64
1.89	1208.54
1.45	59406.24
1.06	1974806.07
1.34	7695.34
2.12	3357.29
1.18	182856.82
1.24	543504.66
0.99	180970.46
1.0	212854.47
1.78	63537.1
1.62	33737.71
1.08	146835.6
0.85	594740.3
1.52	9307.99
0.99	808194.41
1.25	417750.36
1.17	322729.94
1.36	9162.06
1.0	385518.03
1.08	1245289.61
1.39	53328.53
1.82	10066.22
0.97	455372.43
2.79	15197.42
1.46	47299.44
1.09	116317.58
1.36	7768.64
1.49	5999.26
1.01	5531488.2
1.85	30993.39
1.16	999169.64
1.23	275091.78
0.71	776404.39
1.02	234568.8
1.18	13645.72
1.45	3221.99
1.19	182876.15
1.21	173059.32
1.51	21378.66
1.03	630941.71
1.24	240821.52
2.06	2304.3
1.53	4116.38
1.6	10492.77
1.52	65483.08
1.64	9456.39
1.03	655682.95
1.55	561342.23
1.99	88963.61
1.79	2151.76
1.11	1099646.06
1.53	62096.82
1.04	3388803.79
1.75	7279.83
1.07	74338.76
1.23	234070.7
1.06	1731574.98
1.59	7908.2
1.22	490022.14
2.21	3002.5
1.99	23890.32
1.25	417082.92
1.19	23920.36
1.11	292821.36
1.48	10698.67
1.23	151219.39
1.26	12358.51
1.54	4212.16
1.6	75740.17
1.81	9760.46
0.76	803340.22
1.03	155881.73
0.94	5572582.45
1.5	27437.74
1.92	3336.76
0.85	2149872.45
1.82	1925.46
1.03	670820.5
1.29	8286.37
0.96	5699944.93
2.08	1076.23
0.74	948942.53
0.99	127373.56
0.79	207386.27
0.95	31324277.73
1.59	2253.92
1.73	57646.9
1.05	148164.2
2.01	711.52
1.35	27556.76
1.67	4847.86
0.98	566030.64
1.37	10756.77
0.97	529317.46
1.82	753.78
2.14	18576.24
1.61	9499.24
1.72	11937.63
1.53	6742.51
2.12	8182.86
1.06	1966712.28
1.8	1180.38
1.5	507830.81
1.26	550810.62
1.26	794310.29
1.38	220210.32
1.02	3566752.43
1.71	3543.38
1.27	4169213.2
1.15	65333.2
1.02	226978.72
2.12	13852.18
1.06	216580.39
1.6	2261.52
1.01	335464.54
1.07	149400.13
0.93	407866.27
1.65	9164.67
1.22	757271.96
1.63	24450.39
2.33	2641.01
1.43	42345.48
1.67	5760.76
1.95	5552.08
1.89	9962.63
1.51	8978.08
1.62	67201.29
1.68	75306.07
1.02	271182.01
1.47	5890.95
1.29	764114.39
1.53	9453.04
0.95	159735.96
1.53	5677.68
1.99	89435.6
1.12	1285586.97
0.92	2591981.76
1.13	2783554.82
2.02	14337.32
0.87	219110.81
1.25	399061.75
1.1	222390.09
1.4	76942.46
1.12	1801956.87
1.11	140649.3
2.4	3776.07
0.73	5900232.15
1.78	20398.64
1.33	4094677.85
0.93	91136.65
1.0	36549995.66
2.24	1381.67
0.74	4031949.04
1.24	4597313.41
1.59	15077.62
1.26	10191.82
1.24	179277.41
0.88	926124.93
1.58	5199.39
1.93	47669.22
1.12	120552.43
0.98	2278629.09
1.66	26746.71
1.58	14963.77
2.29	937.64
1.1	490312.63
1.25	112997.27
0.91	436528.94
1.02	2614726.11
2.29	2390.22
1.63	59906.52
1.7	11718.49
2.06	3885.79
2.03	86211.24
1.16	12951.28
1.25	663677.32
1.87	1329.82
1.68	8438.39
0.71	941135.5
1.13	254974.87
1.52	54956.8
1.07	160185.59
1.9	56898.92
1.55	4976.32
1.2	212527.72
1.5	1187.99
1.79	5446.24
1.04	160547.52
1.94	3856.28
0.82	1186878.88
1.21	52474.67
1.53	11438.64
1.72	12403.85
1.1	311646.73
1.19	13059.01
1.26	29803.99
1.76	2080.56
1.51	72375.15
1.49	52066.09
0.93	492276.73
1.41	56568.67
2.01	33404.92
1.19	278472.66
1.45	792.97
1.03	285741.48
0.74	887045.15
1.36	1286.83
1.21	152077.32
1.23	46949.06
0.99	668086.0
1.83	989.55
1.98	3184.94
1.13	147713.85
1.18	167270.13
1.67	116913.79
1.09	4801621.08
1.15	2610004.41
1.82	11842.47
1.53	43803.78
0.8	1116600.76
0.99	1005603.78
0.91	690669.34
1.5	5314.55
1.28	202457.31
1.48	188334.19
1.23	7148.26
1.63	6705.06
1.51	50546.78
1.0	376689.94
1.16	202842.97
1.29	164917.61
1.58	40655.43
1.64	4283.56
1.82	2288.44
1.05	67099.38
1.62	9011.35
1.16	135739.94
1.85	5756.8
1.86	7310.16
0.89	6937095.53
1.25	55167.3
1.23	38078.07
1.07	350260.55
1.16	3011225.49
1.35	11494.89
1.73	32091.23
1.39	369973.99
1.09	247813.45
1.61	2146.0
1.38	264227.78
1.5	2278.16
1.18	5225200.52
1.93	1628.65
1.89	716.29
1.38	2284.48
1.15	2480820.72
1.03	205199.16
1.88	1021.68
1.23	240185.69
1.24	57869.58
2.18	2789.49
1.82	16136.49
1.8	25412.6
1.16	111702.58
1.88	2730.74
1.0	625259.0
0.98	363733.15
1.92	31850.38
1.08	80443.94
1.27	494855.95
1.15	27929.74
1.2	6581.8
1.85	3024.12
1.74	25757.73
1.08	408336.19
1.75	4052.15
1.59	2078.49
1.8	2368.84
1.65	1664.74
1.5	4520.37
0.99	5368331.44
1.7	29354.75
1.28	12186.97
1.19	454795.64
1.58	2603.66
1.69	116908.54
1.07	224373.12
0.78	1114177.66
1.18	1192210.54
1.84	4609.25
1.47	1843.74
1.74	3900.18
1.88	14081.58
1.44	1269.64
1.88	3850.2
0.96	139065.31
1.79	1473.56
0.93	183072.02
1.24	51904.44
1.27	110128.66
1.25	308546.88
1.05	161431.59
1.07	223564.41
0.74	2828361.9
1.9	1752.14
1.28	657444.04
0.99	160322.48
1.76	1690.53
1.37	49534.9
1.81	3339.18
1.1	3067638.32
1.09	924993.61
1.82	7429.61
1.6	1566.33
1.92	4241.75
0.9	775976.51
1.85	2038.24
1.92	40358.44
1.34	102916.4
0.92	145740.44
1.2	191040.19
0.82	21425.19
1.67	33855.61
1.28	51039.6
1.86	3517.6
1.75	83415.54
0.97	31047484.27
0.97	135656.36
1.34	64364.81
1.88	1954.57
1.63	7436.13
1.69	4322.52
1.1	407675.56
0.83	2156008.93
1.3	88346.47
0.79	980891.18
1.17	12717.2
2.38	4834.37
1.65	68150.51
1.1	242281.36
0.94	198934.23
0.8	740213.87
1.63	9075.16
1.78	33922.49
0.95	2893887.74
0.79	1082231.89
1.03	29043458.85
1.97	5289.63
1.63	1780.6
0.69	7281803.61
1.66	49231.83
2.02	3359.58
1.51	69690.43
1.63	14551.96
1.03	97235.6
0.94	88580.07
2.09	23141.66
1.13	1593031.18
1.03	147230.76
0.92	584896.99
2.09	45881.11
1.95	2487.94
1.07	2198408.92
1.5	1563.02
0.94	192074.98
1.33	157799.23
1.17	670231.94
1.62	1308.88
1.36	373032.23
1.19	13985.95
1.4	218957.86
1.61	25244.87
2.18	1722.33
0.92	6669221.29
1.18	446862.52
1.02	116450.21
1.32	98722.79
1.13	129698.87
1.18	800194.34
1.47	12513.98
1.34	8764.33
1.38	14314.2
1.95	1396.94
0.82	978807.74
1.04	267919.95
1.0	85466.99
0.94	370223.11
1.5	35183.3
1.04	370830.93
1.61	1398.54
0.77	1282852.08
2.25	15454.59
1.47	103413.11
1.29	13176.92
1.63	2161.84
0.99	188720.77
1.2	53699.67
1.82	6046.98
0.98	190396.8
1.28	203247.31
1.57	645158.33
0.9	125504.98
1.11	99172.96
1.45	98576.63
1.85	30393.35
1.77	6381.57
1.14	3234024.32
1.83	2192.13
1.61	1602.4
0.78	1093424.59
1.79	4955.07
1.13	526664.87
1.35	4816.89
1.19	71766.04
0.95	141281.56
0.88	56722.58
1.35	476827.34
0.98	115300.79
1.36	25808.98
1.56	9530.76
0.89	933166.17
1.39	13968.18
0.93	6139159.81
1.51	673446.69
1.82	3494.91
1.76	1739.62
0.88	99545.41
1.32	2568.24
1.17	4221435.38
1.4	44090.53
1.71	195265.06
1.05	2065131.33
1.59	714266.31
1.06	49069.13
1.51	1780.24
0.92	935149.69
1.15	12285.76
1.79	19818.98
1.87	5476.77
1.28	10725.46
2.24	2490.3
1.45	10480.68
1.41	14057.45
1.54	646810.2
1.03	433883.91
1.26	48971.6
1.94	3614.95
1.2	399883.99
1.92	5058.93
1.67	4455.04
1.09	233696.32
1.23	231777.27
0.93	67512.97
1.32	30280.67
1.42	35121.94
1.44	388799.73
2.04	4279.91
2.05	3782.07
0.89	2661345.12
1.15	497526.51
1.09	449716.31
1.1	158110.68
1.02	147633.83
1.35	4770.93
1.8	552059.64
1.93	530.96
1.82	8064.16
2.36	3550.25
1.04	122568.69
1.52	10267.95
1.3	4854.67
1.77	170475.9
0.74	1086363.97
1.35	98473.23
1.65	3385.11
1.11	657.96
0.98	208821.04
1.78	3817.84
1.77	7485.54
0.8	5204971.91
1.16	259623.56
1.83	1802.83
1.08	214374.41
1.09	1701986.81
0.78	873856.52
1.76	3846.69
1.93	3557.34
1.26	657745.9
1.0	217221.23
1.09	142153.55
1.84	1158.42
1.19	620827.49
1.2	111690.04
1.15	200117.98
1.36	14317.26
2.28	15343.33
0.66	3048290.53
1.83	10951.51
0.8	1137811.87
1.79	1083.77
1.0	238990.38
1.0	65918.28
1.75	10280.59
1.11	284839.51
1.96	9346.73
1.22	157721.54
1.98	2617.63
1.7	1750.47
1.86	20871.17
1.07	69970.75
1.56	8432.66
1.22	45355.38
0.74	939785.74
0.79	795371.51
1.24	392412.07
1.27	59760.16
1.79	25740.0
1.09	70858.71
1.17	225227.57
1.79	4163.25
1.73	2478.0
0.87	630746.82
0.99	326233.8
1.41	236130.36
1.36	2154.49
2.33	1632.72
1.22	245528.89
1.42	33660.46
1.88	787.72
1.01	647014.16
1.92	31193.34
1.03	2105831.09
1.7	30978.21
1.35	9699.79
1.34	15445.59
1.16	228520.16
2.32	4801.1
1.35	32925.13
1.03	222882.86
1.11	627546.3
1.79	4385.19
1.92	2923.4
1.51	7442.68
1.87	7199.17
1.76	5592.18
1.11	360917.96
0.98	917424.76
2.23	25100.98
1.07	32324647.66
1.49	2117.32
1.02	2355839.19
1.15	404862.32
1.49	12523.04
0.98	117516.57
1.19	4154658.67
1.0	281803.19
1.65	2681.85
1.57	214929.13
1.52	166494.38
1.62	64282.45
1.86	3351.76
1.43	7422.92
1.04	29572225.71
1.74	3325.89
1.16	306250.63
0.98	6749081.2
0.95	482088.56
1.5	119549.28
1.22	16010.39
0.62	1010132.49
1.59	4436.79
1.25	107523.14
1.55	34437.74
1.61	31623.52
1.25	361361.6
0.6	1326720.8
1.35	6578.36
2.0	3813.54
1.03	136795.35
0.74	967144.19
1.21	270097.92
1.32	1363133.97
1.97	3601.21
1.18	57355.52
1.71	6848.76
1.21	216376.66
1.94	5147.5
1.08	238140.96
1.11	160557.81
1.87	1563.5
1.06	31500669.44
1.73	34022.57
1.0	402466.4
0.82	750669.14
0.93	6478952.08
1.14	3077237.12
1.47	2236.04
1.13	60732.92
1.46	1190.83
1.83	2731.48
1.51	6479.15
0.99	76836.1
1.8	5016.96
1.24	439846.35
1.84	1296.65
1.79	7292.08
1.63	6507.49
1.17	201173.1
1.71	1807.99
1.36	1183815.23
0.97	32994014.16
1.13	182697.97
1.81	23809.3
1.52	514112.96
1.35	51094.98
0.96	418682.26
1.82	2076.77
1.03	147690.42
2.07	2786.45
1.03	218170.8
1.19	171077.53
1.19	7688.92
1.42	32656.06
1.39	4414.29
1.17	124795.93
1.02	239756.62
1.12	6718011.83
1.15	173545.33
0.96	669409.29
1.35	2068.47
1.48	14656.29
1.82	2435.16
1.98	9560.55
0.96	147799.55
1.01	148242.89
1.93	23195.0
1.09	52875.58
1.87	3201.26
1.33	1088977.45
1.69	1565.24
1.72	27947.09
1.13	252128.43
1.44	30890.93
1.06	195532.38
1.57	2626.33
1.61	7867.61
1.15	536642.98
1.21	267022.77
1.49	133759.31
1.2	59197.67
1.52	1696.6
0.94	309471.69
1.16	55095.62
1.28	1211731.19
1.64	659947.03
0.96	167655.6
0.89	413839.96
1.86	1168.86
1.01	109274.98
1.14	625558.14
1.09	141860.18
0.83	5703940.56
0.65	1508750.45
1.01	3633174.13
1.71	1742.87
1.85	4484.76
1.18	703672.69
1.81	2221.57
1.76	2882.04
2.14	4092.07
1.1	4786334.13
1.24	360308.77
1.08	579558.0
1.93	31775.42
1.63	1777.09
0.93	5874982.36
1.06	95788.53
1.29	76146.82
0.79	1116225.29
0.95	5840742.83
1.13	113815.5
1.26	48655.18
1.24	112487.2
0.88	193723.22
1.38	10969.92
1.44	4632.15
1.7	55916.99
1.46	10812.09
1.7	11605.98
1.01	2466735.33
1.46	31602.66
1.48	4963.92
1.21	2602341.55
0.77	5144267.01
1.35	123895.07
1.21	399212.29
1.15	862261.64
1.65	7159.03
1.24	142349.77
1.25	28692.21
1.99	6608.39
1.83	2903.44
2.06	3762.06
1.15	802874.94
2.02	614.3
1.21	10464.45
1.34	80536.06
1.74	29549.92
1.84	2721.25
1.13	277578.88
