1.53	3637.71
2.34	2410.25
1.1	471.72
1.88	0.0
1.79	0.0
1.63	667.28
1.27	14700.4
2.01	0.0
1.66	0.0
1.67	22.87
1.54	685.19
1.19	30959.94
1.21	88.47
1.61	0.0
1.14	20132.68
1.58	732.79
1.96	930.22
1.85	0.0
1.32	5496.69
0.89	31027.33
1.43	1.82
1.46	32.35
1.26	1078.17
0.99	678.4
1.38	1027.97
1.53	0.0
1.9	0.0
1.35	0.0
1.09	3393.33
1.03	113979.43
0.98	3926.84
1.5	5308.79
1.55	0.0
1.69	3386.0
1.47	0.0
1.44	0.0
0.98	18606.59
1.27	86.78
1.3	1119.61
1.95	0.0
1.44	0.0
1.87	0.0
1.26	7774.83
1.27	7864.97
1.79	0.0
1.83	26.02
1.57	0.0
1.15	263068.72
1.17	39638.34
2.03	197.26
0.65	10255.97
1.87	0.0
1.63	0.0
1.21	0.0
1.19	801.53
1.55	0.0
0.83	125254.82
1.0	79631.92
1.99	598.79
0.85	2758.78
1.07	5435.36
1.9	0.0
1.18	117.98
1.28	1957.86
1.73	698.19
1.11	511.69
1.92	11.78
1.26	2238.02
1.43	6.9
1.03	11085.73
1.08	15723.09
1.02	418235.21
1.12	38.05
1.32	2235.54
1.42	0.0
1.53	4426.59
1.03	124657.84
1.41	0.0
0.89	6230.7
1.0	11394.34
1.09	6421.76
1.07	9807.32
1.19	6374.01
1.32	26.06
1.09	63404.02
1.66	0.0
1.01	16933.14
1.24	109.39
1.13	0.0
0.96	52.15
0.91	13673.67
0.91	178042.28
1.88	0.0
1.69	40.44
1.5	0.0
1.24	116910.43
1.22	503.53
1.06	21.88
1.95	0.0
1.03	2416.44
1.52	0.0
1.85	0.0
1.04	11763.0
0.78	9913.68
1.49	0.0
1.72	0.0
1.91	0.0
0.56	5251.74
0.89	10663.95
2.0	0.0
1.43	0.0
0.79	69556.02
1.09	4295.38
1.47	4478.81
1.19	37929.9
1.08	0.0
1.92	0.0
1.04	206460.07
1.78	5890.57
0.97	131114.3
1.76	0.0
0.94	11181.91
2.31	2.76
1.02	85.34
1.25	411.4
1.25	62.96
2.07	0.0
1.09	48344.86
1.53	30802.97
1.75	86.19
0.71	14107.36
1.15	118311.09
1.71	0.0
1.93	0.0
0.98	3133.35
0.94	7604.48
1.21	40.46
1.26	185.66
0.76	81039.5
1.8	0.0
0.71	13889.83
2.31	20.66
1.9	31.76
1.85	0.0
0.82	7618.69
1.16	35514.75
0.71	6035.48
1.55	0.0
0.71	161845.27
1.21	595.04
1.09	2196.24
1.83	0.0
1.8	0.0
1.16	8.73
1.46	444.69
1.28	0.0
1.07	90.93
1.14	0.0
1.64	0.0
1.12	886.72
1.24	3264.07
1.03	106452.77
1.84	15.02
1.86	0.0
1.02	9903.23
1.91	0.0
1.29	0.0
1.94	73.5
1.51	919.05
0.94	12831.81
1.15	2457.5
1.84	0.0
1.48	0.0
1.34	5161.84
1.61	956.31
1.6	0.0
1.0	3660.64
0.62	4700.1
1.02	222260.58
0.98	19484.71
1.1	59.1
0.85	58892.91
1.39	0.0
2.15	0.0
1.07	28629.58
2.21	9.36
1.1	1447.09
2.08	1127.82
1.89	0.0
1.82	41.32
0.92	1299.6
1.84	0.0
1.16	43537.37
1.08	12795.08
2.09	0.0
1.14	261.1
1.56	0.0
1.71	0.0
1.03	33.62
1.66	0.0
1.56	0.0
1.14	140239.95
0.75	9770.44
1.17	31778.73
0.98	216523.58
1.83	0.0
1.28	142.0
1.27	319.25
1.21	2780.63
0.82	50993.14
1.5	0.0
1.1	193577.55
1.59	0.0
1.51	5280.9
1.09	0.0
0.99	731008.41
1.37	23810.65
1.86	0.0
1.4	79.38
0.95	12315.03
1.29	123.89
1.11	838.68
1.74	6.63
1.72	0.0
1.42	92.75
1.63	0.0
0.89	20395.04
1.07	80145.92
0.98	72.44
1.15	38578.8
1.04	11357.4
0.88	192473.92
1.12	7551.63
1.34	177.56
1.02	16624.25
1.32	11.27
0.97	73414.62
1.89	0.0
1.52	0.0
1.19	22004.31
2.31	3.89
1.51	0.0
1.4	18.81
1.52	0.0
1.77	543.03
1.6	0.0
0.98	19103.69
2.38	0.0
0.92	0.0
1.74	0.0
1.31	422.63
1.93	0.0
1.08	20287.44
1.23	0.0
1.63	0.0
0.77	111263.81
0.8	86202.11
1.09	1871.07
1.14	9431.21
1.77	0.0
1.24	83137.77
1.84	0.0
1.09	7750.34
2.02	928.56
0.98	14217.03
1.51	0.0
1.07	94162.53
1.83	25.03
1.37	3039.37
1.77	0.0
1.3	0.0
0.87	28997.59
1.67	1068.76
0.8	6211.5
0.78	221957.26
1.21	5434.32
1.8	0.0
1.33	0.0
0.96	27931.94
0.83	29349.34
1.09	81.83
1.12	27.89
1.42	59.18
1.14	1330.65
1.86	3.83
0.76	4229.89
1.66	772.63
1.43	0.0
1.16	183471.03
0.98	54789.31
1.72	5985.12
1.37	36.39
2.02	0.0
0.97	15291.36
1.5	0.0
1.08	14777.59
1.41	342.54
1.19	59.0
1.18	4205.02
1.6	0.0
1.01	100.43
2.06	10.89
1.83	0.0
2.0	0.0
1.63	0.0
1.02	495.62
0.96	1535.63
0.89	10794.34
1.5	258.0
1.18	49808.51
1.24	0.0
1.25	0.0
1.24	87.27
1.63	4.83
1.33	14770.96
1.57	0.0
1.2	38130.29
1.21	375.65
1.08	2497.82
0.96	107930.54
0.98	91125.41
1.49	0.0
1.43	0.0
0.77	8805.55
1.08	493928.69
1.61	0.0
1.34	0.0
1.68	180.4
1.25	10.7
1.35	1.12
1.52	0.0
1.2	529.41
1.47	0.0
1.24	42754.34
1.17	93857.48
0.94	325.0
1.27	44882.51
1.47	0.0
1.34	0.0
1.71	226.27
1.04	17034.85
1.75	0.0
2.06	17.81
1.13	7488.56
1.88	0.0
1.86	0.0
1.08	158.24
1.12	108012.41
1.05	13261.84
2.4	0.0
2.73	0.0
1.65	1106.58
1.02	14421.82
1.7	17.31
1.64	0.0
1.92	0.0
1.82	22.7
0.94	15333.5
1.13	2717.16
1.1	10126.3
1.84	500.03
1.26	162.66
1.53	0.0
1.69	65.51
1.03	113928.21
1.92	10.39
1.85	0.0
1.7	3852.33
0.51	7534.3
1.62	16.5
2.19	1081.37
0.96	13672.42
1.02	14504.7
0.98	7096.7
1.82	25.21
1.03	2869.92
1.71	0.0
1.29	52.44
1.37	15.07
0.97	161.33
1.17	0.0
0.82	7468.25
1.0	128.08
1.71	282.49
0.53	10346.68
1.05	29478.33
1.02	268.71
1.13	13952.56
1.27	13085.26
1.06	851.33
1.26	16162.78
1.18	155.94
0.96	21669.44
1.64	0.0
1.75	4546.66
1.5	0.0
1.13	570.57
1.16	42039.92
1.27	3.24
0.96	262.0
1.32	5.7
1.12	37207.47
0.89	97024.09
1.52	2.23
0.97	81.16
1.4	9.63
1.87	18.94
1.3	4664.15
1.11	1135.18
1.84	76.21
1.58	0.0
0.89	59364.23
1.96	0.0
1.08	0.0
1.64	865.46
0.88	101.82
0.75	107568.34
1.04	25760.49
1.68	1260.14
1.07	90.32
2.05	0.0
1.7	0.0
0.99	8803.79
1.63	385.81
1.14	276.82
1.98	0.0
1.92	0.0
1.63	0.0
1.2	1714.56
0.72	13717.57
2.09	17.81
1.43	0.0
2.01	1178.79
1.13	15652.47
1.41	0.0
1.82	0.0
1.74	383.91
1.46	0.0
1.23	113475.77
1.25	1771.71
1.1	102.06
1.06	3491.83
1.05	18794.71
1.07	1060352.53
1.35	231.99
2.05	0.0
1.25	10100.06
1.22	0.0
1.3	26459.6
1.88	0.0
1.08	15312.9
1.28	13618.36
1.47	0.0
1.55	0.0
0.77	5000.2
1.39	0.0
1.31	40.63
0.79	13339.76
1.27	0.0
0.8	32802.6
1.76	0.0
1.13	9738.82
2.59	0.0
0.93	299.55
1.11	2.89
1.42	6213.47
1.11	18666.34
0.67	5643.07
1.85	85.87
1.59	4.72
1.8	0.0
1.52	0.0
1.58	0.0
1.55	0.0
1.33	185.16
1.03	49282.25
1.03	5011.33
0.87	9546.88
1.72	0.0
0.54	4910.71
1.61	0.0
1.68	26.27
1.7	4519.71
1.17	206499.63
1.97	0.0
1.25	998.99
1.03	7393.84
1.07	680.8
1.59	3.16
1.26	106.09
1.64	0.0
0.99	28482.72
1.92	28.73
0.97	10060.87
1.16	19.65
1.12	4665.82
1.06	2408.09
1.14	59679.47
1.65	0.0
0.52	4499.84
0.76	3776.21
2.01	0.0
1.41	0.0
1.35	0.0
1.36	149.12
1.49	1.23
1.89	28.11
1.04	16034.68
1.0	26200.37
1.23	27243.31
1.3	287.31
1.74	0.0
1.98	0.0
1.85	20.63
1.1	18287.95
1.5	0.0
1.06	83652.48
1.03	548.21
1.7	518.85
1.16	25682.97
1.72	0.0
1.09	406338.23
1.65	0.0
0.86	437.88
1.96	17.25
1.75	25.34
1.4	385.95
0.93	15023.71
1.16	1030.24
0.77	7191.26
1.0	69022.84
1.06	14449.26
1.96	11.44
0.83	15475.56
1.33	69.05
2.07	93.68
1.03	14806.53
1.12	331336.66
1.11	192.98
1.67	0.0
1.81	0.0
0.99	2321.1
2.36	2.75
1.15	748.65
1.11	18078.63
0.99	98092.96
0.75	8600.7
1.57	0.0
0.94	13357.96
1.83	0.0
1.16	18817.6
1.87	0.0
1.48	0.0
0.97	231.54
1.35	56.53
1.23	1.57
1.02	1209045.07
1.92	0.0
1.91	0.0
1.32	0.0
1.75	7.44
1.55	0.0
1.83	0.0
1.24	67.64
1.46	0.0
1.56	0.0
1.66	0.0
1.73	7.88
1.15	78530.49
1.8	25.97
1.65	4385.54
0.77	16185.82
1.49	0.0
1.94	683.44
1.0	160.42
1.59	0.0
2.02	0.0
1.6	0.0
1.35	3.13
1.02	1306.19
1.44	2618.1
2.29	920.11
1.9	1018.58
1.74	7.83
1.41	0.0
1.84	0.0
1.15	24291.2
1.64	73.11
1.78	802.8
1.77	0.0
1.6	1038.16
1.5	0.0
1.22	1003.63
1.22	21.15
1.44	0.0
0.98	425242.73
1.84	7.45
0.81	25086.72
1.13	431.22
2.24	18.36
0.93	78378.25
0.96	266.31
1.08	8389.85
1.09	10603.51
0.98	8931.62
1.05	20072.67
1.09	5565.17
1.77	2401.24
1.51	0.0
1.7	0.0
2.19	25.13
0.75	7803.87
1.38	0.0
0.93	1016163.17
0.78	18233.51
1.2	2506.31
1.07	14601.72
1.38	28301.64
1.2	56827.08
1.52	0.0
1.19	0.0
1.13	1.56
0.96	168.63
0.88	5885.57
1.88	0.0
1.43	0.0
1.15	18600.92
1.76	5.92
0.89	9595.72
1.99	0.0
1.05	2554.61
1.81	574.58
1.52	3438.23
1.72	0.0
1.1	42.01
1.33	101.43
0.97	486.47
1.13	157478.05
1.52	0.0
1.54	0.0
1.05	24477.83
2.05	0.0
1.28	721.46
1.01	66651.75
1.0	1117.0
1.69	9.16
0.74	18570.6
1.05	5299.54
0.99	2204.32
1.36	5397.32
1.47	0.0
1.39	0.0
1.25	0.0
1.04	383.73
1.98	0.0
0.8	12473.14
1.07	3570.35
1.15	199553.32
1.77	801.67
2.09	0.0
1.7	0.0
1.15	4562.19
1.05	6281.59
1.8	0.0
0.7	4759.57
1.91	572.65
1.14	222563.23
1.14	208419.92
1.6	0.0
1.19	465.01
2.06	808.84
2.0	0.0
1.97	1143.22
0.96	1347.25
1.84	0.0
1.17	15332.72
1.88	0.0
1.68	0.0
0.98	13805.3
0.71	6031.4
1.09	1424.96
0.88	80.58
1.39	1168.94
0.98	120.55
1.27	0.0
1.45	0.0
1.4	0.0
1.65	0.0
1.73	0.0
1.07	827.06
1.97	15.93
1.82	0.0
1.41	0.0
1.84	0.0
1.05	78.56
1.07	335.43
1.52	0.0
1.07	12748.39
1.95	16.7
1.24	122239.65
1.22	0.0
1.13	21.5
1.59	0.0
0.78	13576.25
1.58	33512.19
1.79	0.0
1.65	0.0
1.52	5836.04
1.28	6915.47
0.98	21570.5
1.14	10032.64
1.62	0.0
1.48	0.0
1.5	22024.09
1.87	0.0
1.19	45889.29
0.77	81756.0
1.22	796.53
1.35	0.0
1.55	0.0
1.12	873.24
1.52	0.0
1.76	780.46
1.01	14125.01
1.42	0.0
1.07	14462.47
1.72	428.31
2.04	0.0
1.29	7773.07
1.1	42381.39
2.08	85.52
1.44	32.24
1.76	0.0
1.91	49.9
1.01	0.0
1.63	0.0
1.36	18.86
1.2	14909.65
1.01	14357.02
1.58	172.53
0.88	0.0
1.46	0.0
1.73	0.0
0.93	12487.18
1.81	0.0
1.83	524.42
1.23	50.55
1.39	0.0
1.39	2965.17
1.63	217.07
1.43	145.3
1.46	0.0
1.14	207708.91
1.13	442059.88
1.35	0.0
1.67	0.0
1.1	594.25
1.47	0.0
1.63	0.0
1.72	0.0
0.95	82.04
1.94	0.0
1.28	13481.19
2.03	12.91
1.24	461.14
1.86	0.0
1.06	117353.23
1.19	585.43
1.09	7219.81
1.12	23343.49
1.67	223.9
1.03	9427.71
1.57	0.0
1.08	257105.89
1.11	34466.49
1.3	0.0
1.43	1309.62
1.46	0.0
2.02	53.34
1.63	0.0
1.82	0.0
1.01	866574.66
0.78	5321.52
1.68	0.0
1.88	0.0
1.96	0.0
0.96	8103.01
1.05	321.0
1.29	9285.1
1.25	12364.88
1.58	0.0
2.04	0.0
1.07	57.27
1.92	6.53
1.13	447117.42
1.5	74.53
0.88	9651.55
1.65	55.05
0.92	112965.22
0.91	24166.47
1.26	657.28
1.58	7.28
1.82	90.48
1.1	295228.18
1.79	0.0
1.76	0.0
1.16	4067.05
1.05	14.68
1.27	11053.82
1.82	12.57
1.17	191515.19
1.49	0.0
1.83	33.63
1.24	535.87
1.61	0.0
1.28	58.42
2.07	516.36
1.22	31.87
1.2	300.22
1.85	0.0
1.07	151.0
1.36	3184.12
1.28	5459.79
1.76	72.91
1.12	99066.58
1.33	532.68
1.48	0.0
0.93	79890.52
1.03	2783.29
1.59	586.36
1.15	0.0
1.43	1559.04
1.24	12217.98
1.25	45900.05
1.2	280464.92
0.77	10973.08
1.8	0.0
1.27	97419.33
1.6	0.0
0.95	4942.71
1.3	42.64
1.75	0.0
1.86	0.0
1.31	101.36
1.12	310.7
2.18	815.6
1.06	5875.85
1.75	14.17
1.2	21420.3
1.09	43.06
1.07	289.49
1.57	1.54
0.86	62567.6
0.76	11968.0
1.93	7.36
1.2	56.2
1.22	44520.15
0.85	15638.32
0.8	115276.98
1.56	18.03
1.21	0.0
1.48	219.89
0.79	33292.23
1.11	17507.3
1.15	101193.84
2.03	0.0
1.92	0.0
0.57	8638.85
1.08	4934.99
1.32	16.21
1.66	3.65
1.66	0.0
1.65	3345.08
1.02	128.82
1.09	93.58
0.95	599.71
1.86	0.0
1.33	5306.97
0.99	118706.07
1.48	0.0
1.17	2740.31
1.83	0.0
1.72	0.0
1.63	0.0
1.26	51.04
1.56	0.0
1.86	0.0
1.39	0.0
1.17	6132.64
1.22	39543.93
1.16	41639.69
0.96	100520.31
0.98	13276.06
1.77	0.0
0.99	97111.62
1.5	5424.52
1.17	9878.62
2.03	0.0
1.02	1201.5
1.7	710.75
1.1	181058.65
1.68	405.8
0.84	71705.74
1.46	0.0
1.01	9632.1
1.41	0.0
0.96	37.82
1.18	17189.62
1.39	0.0
1.6	698.25
1.8	0.0
1.17	72897.71
1.48	0.0
1.48	0.0
1.9	0.0
0.77	11102.75
0.95	773.09
1.01	219.4
0.99	179.32
1.51	0.0
1.27	0.0
1.23	6078.13
2.05	0.0
0.98	3287.09
1.98	0.0
0.93	64716.4
0.97	7454.33
0.83	61573.28
1.86	0.0
1.14	13939.72
1.5	0.0
1.21	81.78
1.32	432.48
1.54	0.0
2.07	0.0
1.84	37.76
1.29	0.0
2.05	0.0
0.96	184720.58
1.16	115.96
1.36	2109.98
1.22	0.0
1.68	6901.71
1.98	26.37
1.62	0.0
1.79	0.0
1.23	591.76
1.65	0.0
1.32	1163.17
1.56	0.0
1.26	40801.77
0.99	297.49
1.04	15085.38
1.94	722.33
1.45	14.93
1.35	0.0
0.96	3021.58
1.4	160.54
1.37	1724.03
1.55	0.0
1.01	13155.99
1.07	11082.07
1.26	4.0
0.96	692.39
1.78	0.0
1.48	1.53
1.23	142.33
1.66	270.92
1.26	18725.02
1.12	225396.85
1.5	0.0
1.59	0.0
1.85	18.86
1.36	2659.51
1.09	98822.1
1.69	1060.5
0.91	13777.63
1.04	374.51
1.14	279710.88
1.69	0.0
1.23	93.98
1.6	0.0
1.79	0.0
1.37	4662.71
1.18	608.29
1.03	29167.3
1.79	0.0
1.15	26776.37
1.15	8434.98
1.02	858145.45
1.23	167.12
1.88	0.0
0.83	426600.81
1.26	12415.75
1.47	6583.03
1.19	82.02
1.93	0.0
1.24	625.5
1.24	19399.4
1.65	83.64
1.14	218257.94
1.4	32.96
1.24	0.0
1.59	408.87
2.37	2.74
2.0	0.0
1.17	0.0
1.31	0.0
1.47	0.0
1.9	830.21
1.6	0.0
1.34	184.99
1.9	1319.02
1.14	17190.82
1.24	37877.54
0.87	274013.56
1.95	90.99
1.15	1034.09
1.02	5234.25
0.89	1381516.11
1.08	59789.18
1.64	0.0
1.46	38.63
1.13	46614.0
1.69	0.0
0.91	2904.77
1.07	218423.77
1.91	5.85
1.59	0.0
1.19	39515.29
1.48	0.0
1.33	11710.31
0.91	20587.92
1.68	1960.98
1.82	0.0
1.44	0.0
1.43	0.0
1.09	10009.45
2.05	0.0
1.1	45459.85
1.7	616.56
1.69	0.0
1.19	0.0
1.09	304.36
0.82	12900.65
1.1	13357.86
1.41	0.0
1.43	1290.63
1.22	9896.09
1.87	0.0
1.59	51.25
1.84	7.81
1.21	0.0
1.44	4813.6
2.02	0.0
1.55	0.0
1.35	519.67
1.11	5725.81
1.55	0.0
1.72	0.0
1.03	2657.99
0.95	29583.9
1.74	0.0
0.98	24041.02
1.56	129.25
1.02	234.29
1.09	182702.62
1.12	454643.18
1.26	102.49
1.46	1439.55
0.67	17406.01
1.48	0.0
1.61	0.0
1.58	54.61
1.14	355.03
1.13	1678.98
0.83	61892.18
1.91	482.3
0.99	181.49
1.5	99.65
1.0	1307.44
1.85	902.2
1.53	0.0
1.0	1049.26
1.01	46763.06
1.5	0.0
0.95	5420.92
1.28	26.14
1.6	5794.39
1.06	740.63
1.15	0.0
1.29	248.86
0.99	347.78
1.02	17927.73
0.93	408.03
1.07	889732.2
0.85	81708.29
1.93	48.82
2.01	0.0
1.36	28.59
1.66	0.0
1.01	10476.89
1.07	217814.17
1.57	0.0
1.83	10.76
0.74	20222.28
1.13	209427.05
1.44	39.09
1.13	11645.81
1.11	158.29
1.09	7000.66
0.58	6013.78
1.96	638.12
1.03	815.98
1.72	0.0
0.93	15635.86
1.43	103.94
0.99	3135.99
0.92	124207.93
1.27	0.0
0.92	346.88
1.02	18527.75
0.99	71.71
1.03	83398.45
1.21	3057.26
0.7	16243.48
1.08	16724.31
1.9	0.0
1.34	8.84
1.4	36598.97
0.98	8151.76
1.25	270.67
1.18	105711.4
1.8	34.56
1.83	22.28
1.36	0.0
1.38	20.46
1.19	959.83
1.43	0.0
0.83	4604.01
1.7	0.0
2.35	0.0
1.19	55.64
1.22	18.89
1.65	0.0
1.22	68.37
1.14	11561.59
0.99	1657.16
1.01	17218.66
1.4	36.67
1.2	0.0
1.04	0.0
1.43	1151.93
1.46	0.0
1.74	0.0
1.35	2737.16
0.94	6101.01
0.98	141.02
1.53	0.0
2.14	0.0
1.12	950.09
1.25	1503.84
1.79	0.0
1.7	18.33
1.48	0.0
2.15	766.41
1.02	318102.38
0.95	116.84
1.08	11458.43
1.57	0.0
1.26	108.6
1.35	0.0
2.09	0.0
1.84	722.63
1.54	0.0
1.07	364283.54
2.02	0.0
1.04	16176.43
1.32	7215.59
1.88	0.0
1.4	49.37
1.09	11548.82
0.9	3494.6
1.04	13282.24
1.94	50.04
1.1	37443.69
1.27	5130.14
1.83	0.0
1.25	88.58
1.45	38.63
1.03	1016631.26
1.61	0.0
0.98	8455.43
1.17	3820.83
1.32	364.83
1.95	499.5
1.4	0.0
0.93	11222.0
0.91	4334.1
1.06	4652.39
0.99	124.04
1.19	38568.95
1.48	0.0
1.78	0.0
1.03	3071.94
1.94	0.0
1.14	10407.58
1.19	16161.24
1.19	241.09
0.82	27985.18
0.97	57.68
1.61	0.0
0.83	104285.22
0.82	4382.19
1.75	0.0
1.51	0.0
1.9	0.0
1.16	17694.15
1.43	11645.54
1.3	26.07
1.14	15156.27
1.26	37.33
1.09	984702.75
2.07	8.04
0.97	1982.03
1.35	0.0
1.68	0.0
2.0	0.0
2.72	0.0
1.36	7040.21
1.95	48.94
1.77	0.0
1.85	0.0
1.63	786.94
1.22	7897.34
1.21	5551.28
1.78	0.0
1.13	271642.56
1.47	0.0
1.32	0.0
1.1	237.47
1.1	25188.57
2.21	43.85
1.41	61.76
0.97	2342.95
0.76	15550.56
0.96	7652.85
1.05	24209.42
1.24	79.62
1.22	49.9
1.2	192090.19
1.69	0.0
0.91	16719.44
1.41	1.52
1.9	29.41
1.43	1648.45
0.98	3101.98
1.53	0.0
1.8	0.0
1.49	0.0
1.1	281882.1
1.29	0.0
0.8	9610.83
1.83	0.0
2.39	2.72
1.8	1856.14
1.73	12.92
2.18	0.0
1.17	894.58
1.09	24025.84
1.24	92678.08
1.55	0.0
1.78	0.0
1.18	68180.35
1.23	334.92
1.11	14634.32
1.65	16.03
1.84	7.52
1.04	768020.05
1.46	4.75
1.44	12.76
1.78	0.0
1.07	99.51
1.76	0.0
1.19	45832.8
1.68	0.0
0.99	88450.29
1.18	25.08
1.5	0.0
1.6	3599.71
1.14	21090.12
0.89	18680.72
1.09	291.22
1.48	0.0
1.49	0.0
1.88	0.0
1.94	0.0
1.57	0.0
1.48	0.0
1.16	47216.18
1.0	15237.87
1.56	0.0
1.57	0.0
1.6	10.54
1.05	7294.86
0.87	21795.64
1.89	0.0
1.63	0.0
1.19	487.01
1.57	0.0
1.89	0.0
1.49	0.0
1.8	0.0
1.79	0.0
1.15	46471.63
1.49	0.0
1.59	0.0
1.0	111298.27
0.68	7287.06
1.65	0.0
1.43	21.94
1.76	12.12
1.67	0.0
0.97	80.56
1.7	0.0
0.83	195159.32
1.14	11093.06
1.54	88.61
1.55	444.17
1.38	0.0
1.9	0.0
1.79	0.0
1.11	9283.84
1.04	899779.92
1.19	17536.12
1.9	0.0
1.75	0.0
1.41	106.4
1.75	615.28
1.19	1176.81
1.44	95.69
0.97	911.25
0.91	8605.43
1.75	0.0
1.84	0.0
1.87	0.0
1.09	37437.32
1.07	4934.17
1.23	2.87
1.83	0.0
2.05	0.0
1.12	43.18
0.58	6101.99
1.22	40366.93
1.31	6389.9
1.19	3182.4
1.74	0.0
1.9	0.0
1.05	14585.67
1.2	41261.83
1.24	0.0
1.25	34.5
1.02	1713.51
1.79	0.0
1.47	0.0
2.0	923.15
2.14	10.97
1.11	185.61
1.19	10046.11
0.83	62511.83
1.12	6457.21
1.89	0.0
1.12	271.71
2.01	0.0
1.06	222.42
0.99	48.48
0.95	5227.59
2.05	0.0
1.24	15102.86
1.78	1021.05
1.61	0.0
1.07	10846.32
1.11	14692.73
1.59	121.41
1.16	31289.15
1.36	2205.14
1.78	0.0
1.17	66.95
1.79	11.51
1.21	21293.67
1.18	683.27
1.84	538.65
1.04	13672.29
0.98	335.0
1.83	0.0
1.36	26.37
1.44	0.0
1.77	0.0
0.89	2.21
1.38	0.0
0.77	20866.49
1.18	2849.43
1.05	109.92
1.81	416.03
1.23	132.53
0.95	2448.36
1.4	4053.24
0.96	294.94
1.13	40.52
1.86	0.0
1.96	464.13
1.89	0.0
1.64	0.0
1.49	3686.28
1.69	4.72
0.98	10989.87
1.5	0.0
1.66	0.0
1.52	0.0
0.95	23842.95
1.33	41.7
1.5	568.85
1.97	513.94
2.27	1.29
0.86	16780.9
1.43	1068.66
1.33	394.9
1.65	707.61
1.0	5686.33
0.94	332.87
1.78	6.64
1.4	0.0
1.0	32834.29
1.6	2431.47
0.84	25647.49
1.43	21.75
1.59	0.0
0.76	15530.04
1.07	6411.99
1.5	0.0
1.37	6630.76
1.61	0.0
1.98	0.0
1.68	0.0
1.96	0.0
1.13	7167.44
1.08	13386.63
1.21	56.26
0.93	1086.61
1.64	0.0
1.45	10.85
1.37	0.0
1.02	191.31
0.78	271514.98
1.28	5159.36
1.19	22969.6
1.17	8644.27
1.81	0.0
1.29	0.0
0.99	537.65
1.45	6150.07
1.3	3111.69
1.48	0.0
1.03	12343.88
1.75	248.41
1.05	139.71
1.1	103.76
2.32	6.81
1.83	0.0
1.12	39.19
1.22	3025.26
0.95	13860.48
1.17	7290.24
1.9	34.3
1.35	1.52
1.79	41.97
1.67	0.0
0.98	1561.01
2.03	60.93
1.19	192.36
1.05	2541.99
1.73	0.0
1.83	0.0
1.08	7822.59
1.26	0.0
2.07	1473.53
1.82	0.0
0.91	9974.5
1.29	39942.57
1.89	538.31
1.08	10085.33
0.81	75963.22
1.03	19380.83
1.78	0.0
1.43	0.0
0.91	164884.41
1.28	0.0
0.95	79181.93
1.39	1.66
0.8	6417.32
1.36	0.0
1.04	129694.01
0.79	36330.84
1.03	0.0
1.17	33834.37
1.26	25349.5
1.6	0.0
1.71	0.0
1.15	18024.31
1.25	0.0
0.85	76580.26
1.23	15099.24
1.24	97410.38
1.84	0.0
1.54	2.67
1.93	0.0
1.69	33.3
1.72	0.0
1.15	230.92
1.53	0.0
1.26	17.92
1.73	0.0
1.1	13860.26
1.62	0.0
1.2	0.0
1.18	2713.19
1.1	976.16
0.99	3260.22
1.95	0.0
1.75	6.64
1.12	0.0
1.22	1289.08
1.77	551.42
1.71	306.62
1.19	183653.85
1.3	41.86
2.16	1196.67
1.31	0.0
1.62	0.0
1.29	77.29
1.37	0.0
1.78	0.0
1.79	0.0
1.81	0.0
1.24	0.0
2.4	0.0
0.95	22685.8
1.24	13073.16
0.84	75385.11
1.05	18957.89
1.26	4975.49
1.06	17440.0
1.93	0.0
1.23	535.26
0.96	3401.65
1.36	0.0
1.16	20147.53
1.65	0.0
1.34	0.0
1.42	0.0
0.94	5054.46
1.77	0.0
1.44	33.28
1.68	0.0
1.61	71.92
1.03	2537.35
2.11	1083.55
1.68	0.0
1.54	0.0
0.93	13267.88
1.23	99.17
1.53	0.0
1.79	0.0
0.9	232755.85
0.98	23368.18
1.16	6586.27
1.0	116.69
1.68	3.33
1.64	0.0
1.08	10136.69
1.15	3205.65
1.87	0.0
0.9	4219.33
1.19	10295.75
1.88	19.98
1.05	9737.5
1.35	0.0
0.91	16212.44
1.92	4.6
1.81	0.0
2.75	0.0
1.2	121.93
1.1	16449.01
0.99	99.51
2.3	5.54
1.2	39488.95
1.17	43.83
1.11	2.92
1.03	6851.58
2.06	0.0
1.12	62.01
1.1	37740.18
1.13	110.35
1.36	3251.93
1.25	11882.66
1.98	0.0
1.59	0.0
1.76	0.0
1.68	0.0
1.11	14735.34
1.19	58.7
1.01	4540.35
0.75	127372.19
1.46	0.0
0.8	102729.01
1.19	9833.58
0.66	9429.99
1.52	133.29
1.65	0.0
1.7	0.0
2.17	0.0
0.95	127412.09
1.12	2660.37
1.5	1.67
1.03	20190.4
1.02	15259.47
0.92	255.72
1.4	0.0
1.08	2257.23
1.04	319.0
1.05	12440.57
1.27	0.0
1.17	501.77
1.06	96051.18
1.35	1655.48
1.44	57.76
1.94	8.74
0.96	60922.43
1.81	26.69
1.86	65.93
1.3	72708.66
1.24	759.06
1.05	267.77
1.46	0.0
1.81	0.0
1.34	5488.64
1.02	142.99
1.11	197573.91
1.02	7149.5
1.54	0.0
1.58	0.0
0.98	113791.21
1.42	0.0
1.95	0.0
1.05	8939.85
1.19	3744.52
1.2	75096.18
2.21	466.89
1.11	63664.14
1.05	7474.4
1.22	0.0
1.57	325.29
1.99	15.9
1.67	194.01
1.49	170.47
1.02	11466.99
1.39	30.25
0.89	5446.36
1.11	37794.41
1.11	122938.43
1.38	138.81
1.09	8095.81
1.02	26703.23
1.0	99.0
1.11	9639.94
0.75	61863.94
0.96	2919.87
1.25	0.0
1.68	0.0
0.79	146481.44
1.49	59.03
1.09	53233.66
2.31	875.98
1.29	58.28
1.54	0.0
1.65	0.0
1.32	23.52
1.69	0.0
1.54	4458.45
0.94	25052.93
1.84	78.86
1.05	51035.04
0.94	75759.53
1.07	14079.54
1.72	3.3
1.07	277.56
1.63	0.0
0.76	8807.96
2.01	3.09
1.76	0.0
0.96	1260.8
2.03	0.0
1.03	353741.96
1.26	0.0
1.17	110446.6
1.23	0.0
1.39	0.0
1.01	14261.54
1.83	7.42
0.63	6791.95
1.71	1042.17
1.14	7403.75
1.93	310.28
0.98	123334.73
1.19	36210.12
1.3	0.0
1.79	38.58
1.82	0.0
1.34	39.92
1.12	16616.9
2.73	0.0
1.2	18449.63
1.44	35.42
0.95	116503.88
1.44	0.0
2.04	55.81
1.85	0.0
1.81	0.0
1.0	23189.42
1.0	11932.03
1.08	4025.84
1.19	31618.81
0.82	33415.56
0.87	232985.13
0.98	25995.26
1.38	1.83
0.98	11720.44
1.14	15401.65
1.53	0.0
1.19	49085.74
0.79	3226.08
1.59	0.0
1.9	4.66
1.06	8654.82
1.23	0.0
1.64	0.0
0.95	22240.62
1.82	0.0
1.13	14634.43
1.68	53.33
1.53	30.85
0.85	134101.62
1.94	0.0
1.15	14954.1
1.22	71.27
0.92	815641.54
1.68	11.46
1.33	0.0
1.21	3261.8
1.79	0.0
1.14	273922.36
0.73	6382.5
2.16	0.0
1.4	1055.58
1.27	0.0
1.01	133097.0
1.59	0.0
2.17	0.0
1.47	1075.26
0.95	737939.45
0.97	165.2
1.7	23.9
1.9	0.0
1.38	0.0
1.01	1454.5
1.85	0.0
1.05	177354.82
1.04	15342.47
1.14	14400.7
1.97	628.28
1.1	331096.84
0.99	119.94
2.02	20.91
2.1	0.0
1.85	0.0
1.12	215622.63
1.14	418.1
0.99	3663.3
1.88	0.0
2.11	806.2
1.36	12.89
1.06	7883.33
1.66	0.0
1.88	0.0
1.79	511.45
1.15	3515.48
1.11	74988.97
1.22	14830.61
1.5	3.71
1.83	0.0
1.0	304.89
1.66	6264.36
1.0	105.62
1.84	1163.42
1.81	0.0
1.94	0.0
1.48	0.0
0.81	363472.91
1.01	12923.45
1.3	13395.95
1.01	3666.71
0.98	9567.97
1.85	0.0
0.99	0.0
1.23	53069.24
0.94	69168.37
0.92	13768.85
1.24	76.64
0.81	412828.75
0.93	40258.76
1.04	107786.51
1.13	16482.29
0.67	12106.6
1.28	413.27
1.66	0.0
1.16	42933.87
2.0	0.0
1.88	23.15
1.17	12346.64
1.23	27811.91
1.02	834009.15
1.66	0.0
1.48	0.0
1.54	0.0
1.18	400.34
1.42	0.0
0.96	199.12
1.5	2351.45
2.31	0.0
0.96	172675.88
1.03	92245.94
2.07	541.8
1.49	0.0
1.55	3.15
1.12	69313.13
1.57	0.0
1.54	29603.67
1.7	486.56
1.81	90.26
0.8	33026.94
2.01	852.47
0.75	15267.89
1.7	4122.53
1.09	17089.65
1.33	1155.21
0.98	15903.81
1.64	0.0
1.83	0.0
1.1	193831.6
0.75	14654.28
1.72	0.0
0.53	4263.45
1.35	0.0
1.37	8951.77
1.24	24.92
1.92	119.96
0.81	426.32
1.33	0.0
1.02	5024.08
1.21	10220.82
1.15	46585.63
2.24	844.54
1.32	53.9
1.67	6.16
1.62	0.0
1.91	0.0
1.96	0.0
1.15	28371.94
1.24	122929.34
2.0	0.0
1.51	0.0
0.7	12170.59
1.01	646.78
1.24	93303.25
1.55	0.0
1.31	36846.32
1.66	74.47
1.39	460.05
2.23	0.0
1.33	150.5
1.65	300.45
2.02	0.0
0.88	81274.85
1.59	0.0
1.07	12740.87
1.19	151.36
1.34	0.0
1.06	150535.5
1.74	0.0
1.7	0.0
1.87	877.52
1.16	1706.56
1.54	0.0
1.45	52.19
1.56	11.79
1.18	46569.19
1.52	3.19
1.51	487.95
1.15	29.88
0.6	11555.39
2.11	0.0
1.95	0.0
1.01	1066385.92
1.0	4758.0
1.62	0.0
1.5	0.0
1.18	9958.28
1.03	5691.94
1.9	0.0
1.22	804.17
1.22	10288.24
2.08	861.44
0.98	14228.41
1.97	30.95
1.58	0.0
1.42	7.56
1.18	13480.42
0.91	6047.46
1.68	0.0
1.06	2508.15
1.06	1515.75
1.66	3.34
1.35	5883.16
0.97	138.6
1.1	2400.38
1.15	1060.8
1.09	27.18
1.09	6250.99
1.02	807942.41
1.29	7049.52
1.8	393.19
1.66	116.49
1.74	437.05
0.92	33.27
1.31	0.0
2.45	4.04
1.12	112344.22
1.36	0.0
1.14	0.0
1.88	7.65
1.47	0.0
1.69	0.0
1.79	0.0
1.67	6286.15
1.82	0.0
1.68	0.0
0.99	1220251.19
1.68	0.0
1.48	16.38
0.91	4681.66
0.93	14807.56
0.98	80813.88
1.08	909284.22
1.78	0.0
0.97	5894.4
2.26	0.0
0.89	110348.57
1.09	3790.38
0.82	12398.67
1.17	18154.64
0.94	0.0
1.13	8716.19
1.2	2356.55
1.1	16605.49
1.92	0.0
1.68	31.51
1.73	0.0
1.92	891.22
1.81	86.02
1.18	222082.91
1.49	0.0
1.39	0.0
0.95	93055.21
0.76	11900.83
1.03	8273.34
1.17	604.6
1.63	0.0
1.05	18310.19
1.64	0.0
1.19	3189.46
1.86	0.0
1.93	0.0
1.53	13.35
1.22	0.0
2.09	0.0
0.96	32903.12
0.92	1203.53
1.77	528.23
1.7	0.0
1.43	94.32
1.93	19.58
1.67	0.0
1.55	0.0
1.41	0.0
0.9	81864.64
0.9	179.21
1.2	13740.39
1.09	6016.37
1.26	0.0
1.05	4433.12
1.77	4880.83
1.44	1077.74
1.73	0.0
1.29	13141.51
1.54	1325.17
1.87	0.0
1.7	7.88
1.26	11119.33
1.0	82.15
1.55	0.0
1.22	12868.74
1.0	398320.64
2.21	0.0
1.85	0.0
1.7	2840.16
0.81	68870.69
1.17	1451.95
1.19	3215.99
0.98	5424.16
1.08	12187.72
1.56	745.13
1.08	61590.31
1.03	6640.07
1.0	20857.42
1.09	7580.38
0.75	26174.67
1.58	0.0
1.44	1309.41
1.96	1227.69
0.72	14065.99
1.38	0.0
1.05	1143364.58
2.21	1.64
1.09	5357.69
0.9	86574.37
1.25	2809.38
1.56	777.82
1.01	16182.87
1.66	0.0
1.25	2164.35
1.53	733.63
0.96	76348.13
1.81	379.06
1.83	803.22
1.22	5436.84
1.87	24.64
0.84	170580.54
1.0	1614282.73
1.79	481.12
1.97	0.0
1.62	0.0
1.63	0.0
0.99	1201.18
1.06	0.0
2.05	1018.6
0.53	5832.62
1.76	0.0
1.26	958.7
1.04	3204.01
0.9	16340.66
1.12	10380.07
1.02	10333.21
1.67	0.0
1.36	3347.48
1.09	240185.0
1.18	22068.15
0.98	4566.03
1.51	0.0
1.13	18015.98
1.21	37.92
1.15	3108.08
1.37	9.93
1.0	21.6
1.87	0.0
1.44	0.0
1.88	0.0
1.23	4364.98
1.06	8297.63
1.92	0.0
1.24	16641.02
1.36	67.97
2.16	0.0
0.81	11463.06
1.15	6839.64
1.82	0.0
1.26	550.69
0.56	10400.82
1.2	149.12
0.79	7040.81
1.25	173.11
1.72	0.0
1.19	103103.75
1.23	1370.01
1.6	0.0
1.17	14172.36
1.68	0.0
1.55	0.0
1.75	776.94
1.37	0.0
1.93	0.0
2.71	0.0
1.77	0.0
1.26	0.0
1.05	12570.49
2.06	90.34
0.97	5225.21
1.18	221603.31
1.54	0.0
1.96	0.0
1.32	2051.34
1.47	0.0
1.27	44840.98
1.41	0.0
1.4	3173.19
1.48	0.0
0.93	58423.48
2.0	0.0
1.32	169.1
1.65	0.0
1.41	8.89
1.11	190091.28
0.96	7799.26
1.55	0.0
1.19	0.0
0.98	13.63
1.03	11398.44
1.79	0.0
0.76	4302.29
1.06	37321.12
1.06	194761.49
2.3	789.75
1.11	15718.9
1.65	0.0
1.22	4590.52
1.44	8.64
1.2	4737.13
0.74	34073.41
1.97	0.0
0.99	297.9
0.84	80893.53
1.66	56.28
1.66	836.42
1.79	0.0
1.17	37.43
1.37	2324.14
1.16	983.6
1.79	19.61
1.16	57.82
1.66	503.05
1.54	45.76
1.29	0.0
1.25	104796.41
1.53	0.0
1.04	10744.54
1.55	0.0
1.2	61.25
1.88	0.0
0.79	3936.53
1.18	1615.17
2.03	0.0
2.04	0.0
1.53	115.97
1.33	35650.7
1.45	1923.63
1.23	141250.98
1.95	3.91
1.55	12.02
0.97	105.17
1.15	7317.59
1.44	0.0
0.74	67975.05
1.8	0.0
1.1	12312.13
1.11	274903.15
1.15	11552.86
1.8	0.0
2.03	0.0
1.24	56.25
1.26	0.0
1.6	0.0
1.25	38677.39
0.73	6924.43
1.14	321610.93
1.22	0.0
1.17	45.98
1.48	5316.55
1.1	17089.18
0.65	6509.41
1.95	0.0
1.53	28647.61
0.97	467.96
1.04	17294.66
1.05	4257.64
1.2	523.89
1.92	554.79
0.92	79.96
1.12	58615.76
1.16	21706.04
0.99	307.83
1.13	211478.23
0.97	125069.99
1.05	1616.65
1.49	0.0
1.56	173.32
0.76	39019.73
0.99	14587.65
1.1	52490.9
0.82	31960.04
1.48	0.0
1.12	3869.22
1.27	0.0
0.98	1201020.01
1.3	0.0
1.06	159491.59
1.02	10787.88
0.97	56.54
2.01	736.12
1.42	20.72
1.69	457.14
1.79	0.0
1.84	0.0
0.81	1.11
1.22	13149.8
2.12	571.17
2.01	0.0
1.62	0.0
0.99	738.68
1.16	36067.46
1.38	1715.41
1.05	4327.13
1.37	0.0
1.2	41446.55
1.8	849.44
1.67	215.03
1.06	22.9
1.5	0.0
1.36	14.41
1.84	0.0
1.0	6251.0
1.97	853.19
1.03	5122.11
1.52	31021.35
1.66	0.0
1.73	855.4
1.28	10648.98
1.07	9955.72
1.0	4391.0
1.83	0.0
1.03	4873.81
1.18	9.0
1.84	8.35
1.09	4716.39
1.88	26.54
1.8	0.0
1.36	107.48
0.75	106106.86
1.43	0.0
1.26	12830.34
1.25	14.2
1.16	15964.76
1.49	0.0
1.84	0.0
1.89	9.03
1.89	704.73
2.04	0.0
1.12	2074.97
1.21	1294.26
1.8	20.69
1.59	210.81
1.22	34069.96
2.0	0.0
1.06	11286.35
1.0	133316.89
1.47	0.0
1.23	43.61
1.21	4293.65
1.1	118.19
0.91	149458.93
1.17	77537.43
1.39	80.52
1.27	7923.65
0.87	17967.91
1.15	41677.6
1.82	0.0
1.36	3817.57
1.74	15.55
1.65	0.0
1.55	0.0
1.9	0.0
1.07	11665.78
2.11	8.04
1.54	523.63
1.12	63741.6
1.21	20.94
1.42	3830.42
1.85	386.24
1.79	0.0
1.54	0.0
1.13	455.97
1.14	867.46
1.07	348448.68
1.47	802.4
1.72	0.0
1.03	280543.97
1.98	760.12
1.92	28.16
1.3	33343.35
1.08	2182.03
1.1	16204.46
1.87	0.0
1.93	0.0
1.99	917.81
1.27	9682.22
0.96	14165.05
1.68	0.0
1.14	19051.78
1.89	0.0
1.25	42.02
1.86	0.0
1.86	3.46
0.78	61569.48
1.59	0.0
1.45	0.0
1.21	104595.1
1.55	0.0
1.06	1045832.54
1.48	0.0
1.54	0.0
0.99	447.77
1.25	0.0
2.0	10.07
1.84	209.37
1.0	1155.54
1.66	2730.31
1.17	66.42
1.0	2013.77
1.94	87.72
1.11	2996.36
1.51	0.0
1.45	0.0
1.11	11133.44
1.52	0.0
0.88	130849.6
1.89	0.0
1.37	0.0
0.99	93.26
1.05	47788.47
1.23	47919.71
1.71	0.0
1.31	0.0
1.85	0.0
2.08	37.93
1.68	43.18
1.42	0.0
1.22	584.22
1.62	0.0
0.93	9650.82
1.1	822.48
1.66	0.0
1.14	13235.52
2.02	0.0
1.13	10942.01
1.83	0.0
1.29	0.0
1.17	25671.13
0.81	6194.31
1.14	1227.89
1.49	0.0
1.8	15.16
1.66	5569.76
1.65	0.0
1.15	418.46
1.73	820.95
1.06	164.14
0.82	91158.34
0.99	7475.66
1.94	411.18
1.31	0.0
2.06	34.69
1.08	10978.6
1.3	55.0
0.97	5551.93
1.15	15284.88
1.88	0.0
1.17	69417.88
1.23	39260.71
1.44	1217.98
1.87	9.15
1.97	0.0
1.81	0.0
1.11	94.18
1.52	0.0
1.07	5887.72
1.25	11793.14
1.33	145.85
1.63	0.0
1.37	0.0
1.04	53882.08
1.51	0.0
1.87	1102.84
0.79	5096.53
1.23	5316.06
1.02	12762.49
1.11	208724.73
1.7	1128.81
2.21	27.35
1.09	193.86
1.24	979.92
1.16	3.9
1.86	15.61
1.65	0.0
1.37	0.0
1.73	0.0
1.74	0.0
1.09	1353.94
2.34	1167.6
0.95	9286.56
1.19	7922.58
1.61	0.0
1.65	0.0
2.17	417.36
1.86	0.0
1.11	41274.25
1.29	657.48
1.0	177.07
1.28	0.0
1.55	0.0
2.3	2.61
1.33	48.16
0.95	14754.16
0.95	5435.02
1.43	0.0
0.78	12099.88
0.7	13413.05
1.21	40248.52
1.52	0.0
1.25	758.37
1.26	1187.76
1.49	4.66
1.56	0.0
1.06	383840.98
1.12	248.25
1.81	0.0
1.41	1406.54
1.11	10013.75
1.43	0.0
1.74	0.0
1.56	0.0
1.56	3672.89
1.56	0.0
1.39	0.0
1.91	0.0
1.59	768.94
1.25	0.0
1.57	0.0
0.99	15882.39
0.98	97210.13
1.13	5962.35
0.74	21088.12
1.13	232974.97
1.79	0.0
1.41	0.0
1.02	62708.05
1.33	0.0
1.93	649.64
1.57	516.55
0.94	218.63
1.94	0.0
1.87	18.59
1.17	54.82
1.17	527.56
1.23	173.63
1.46	0.0
1.49	0.0
2.06	0.0
1.32	4554.01
1.55	0.0
1.13	3211.51
1.4	0.0
1.66	0.0
1.29	45935.19
0.78	14247.44
1.06	4561.64
1.5	0.0
1.95	0.0
0.96	12361.35
0.94	70872.78
1.03	13055.11
1.19	7523.01
1.1	4491.79
0.71	10305.52
1.02	13870.37
1.01	15050.73
0.95	26454.42
1.13	15672.86
1.4	65.38
1.08	18637.71
1.16	51952.74
1.07	5479.57
2.36	0.0
1.53	0.0
1.79	0.0
2.06	1059.26
1.53	21.73
1.46	0.0
1.07	87.02
1.01	14810.14
1.02	17027.48
1.65	5020.21
1.33	25315.71
1.91	0.0
0.82	89374.2
1.76	17.06
0.98	209443.33
1.93	1123.58
1.01	74062.76
1.46	0.0
0.8	5199.15
1.57	0.0
1.61	0.0
0.98	21863.66
1.51	0.0
2.12	0.0
0.97	39.07
1.5	0.0
1.55	0.0
1.08	6231.67
1.43	1088.54
1.92	0.0
1.48	804.88
2.24	5.16
0.98	103110.58
1.56	0.0
1.58	342.69
1.38	0.0
1.77	723.38
1.24	595.88
1.07	12.36
1.4	0.0
1.27	57.9
1.56	0.0
1.25	91.29
1.24	0.0
1.65	0.0
1.07	714.93
1.59	0.0
0.89	931830.63
1.08	9484.24
1.95	0.0
1.87	0.0
1.04	451798.84
1.0	1622.81
1.44	0.0
1.76	0.0
0.79	97002.67
0.98	1085081.61
1.36	3.32
1.3	71.5
2.74	0.0
1.98	672.88
1.61	4471.19
0.8	4591.23
1.19	38370.27
1.91	0.0
1.03	560.45
1.45	23.09
0.94	9717.73
0.95	180.21
1.23	25208.79
0.87	4149.71
1.05	13638.46
1.28	38.69
1.78	911.72
1.1	522.81
2.01	0.0
1.55	0.0
1.92	0.0
1.89	0.0
1.77	0.0
1.01	101889.32
1.31	0.0
1.06	19253.03
1.46	13.48
1.28	14864.77
1.86	32.73
1.08	140.77
1.48	4067.67
1.09	169.5
1.04	14523.82
1.15	42270.76
1.73	328.59
0.97	10804.25
1.84	0.0
1.49	5658.7
1.12	14394.68
1.04	1342465.95
1.01	4610.86
1.18	12790.08
1.69	0.0
1.23	1381.07
2.12	1256.22
1.1	13935.13
1.81	48.77
1.13	9840.75
0.82	43558.15
2.02	0.0
0.89	76305.42
0.93	23069.29
1.59	0.0
1.11	15616.99
2.02	9.38
1.82	0.0
1.8	0.0
1.98	280.47
1.09	15.02
1.05	9650.5
1.01	17938.63
1.43	0.0
0.83	5151.72
1.86	660.36
1.48	0.0
1.2	652.49
1.06	11368.07
2.09	0.0
1.95	0.0
1.61	0.0
1.08	39995.03
1.08	15742.56
1.53	0.0
1.68	0.0
1.27	513.69
1.49	0.0
1.05	20373.51
1.9	899.25
1.34	4432.54
1.09	215.13
1.3	0.0
1.26	0.0
2.03	0.0
1.74	268.34
1.65	0.0
1.41	528.36
1.67	17.51
0.72	4611.0
0.83	39835.27
1.82	0.0
1.7	2.65
1.82	992.48
1.22	1834.71
1.69	0.0
1.96	9.72
1.85	0.0
1.34	0.0
1.78	0.0
0.77	9353.74
1.42	19.54
1.93	457.76
1.63	34.07
1.6	0.0
0.73	5598.15
1.48	0.0
2.0	545.05
1.67	0.0
1.82	0.0
1.33	0.0
1.44	0.0
1.36	0.0
1.08	0.0
1.23	803.83
0.99	10894.89
1.39	113.49
1.55	0.0
1.39	216.75
1.78	0.0
2.13	1144.44
0.98	31277.37
0.98	14251.47
1.66	0.0
1.27	99.92
1.16	59.55
0.72	5737.48
1.7	0.0
1.61	0.0
1.22	217.08
2.11	26.35
1.23	186.4
1.12	7797.57
1.41	0.0
1.22	19335.81
2.28	0.0
0.89	74252.61
1.84	0.0
1.35	0.0
1.02	937138.85
1.32	53.84
1.74	802.48
1.11	1852.47
1.18	81144.7
1.12	17614.64
1.38	8.34
1.63	0.0
0.94	16252.3
0.67	11678.42
1.67	18.66
1.14	14400.18
1.21	144.84
1.02	89.5
1.16	21601.64
0.99	96.79
1.94	0.0
1.1	121.81
1.18	20683.77
1.07	294.21
1.66	3739.04
1.36	1001.62
1.21	0.0
0.97	340.98
0.88	5032.11
1.57	0.0
1.2	36330.01
1.09	9926.54
1.12	706.64
0.88	88.0
1.02	8956.92
1.52	29789.01
1.15	203932.87
1.69	993.22
1.23	12.84
0.98	80.0
1.03	17373.26
1.82	1021.45
1.73	0.0
1.43	0.0
0.93	202.67
1.01	3367.31
0.97	40064.12
1.21	40.52
1.38	990.22
1.07	146112.77
1.21	4215.01
1.26	9791.26
1.07	15100.98
1.66	0.0
1.91	0.0
1.01	9499.01
0.99	103.99
1.16	998.6
1.82	16.72
1.26	132732.66
1.17	426.35
2.73	0.0
1.04	113523.76
1.01	241580.61
0.97	53.15
1.75	0.0
0.67	4878.68
0.98	9798.79
1.66	0.0
1.0	30510.18
1.75	6215.26
1.53	0.0
1.05	1286.19
1.98	465.66
0.97	468.7
1.53	0.0
1.05	0.0
0.9	24724.8
1.78	7.57
1.11	18310.04
1.54	0.0
1.82	373.74
1.85	0.0
1.57	0.0
0.96	7391.81
0.89	19579.82
0.77	13592.62
0.97	7190.05
1.44	65.71
1.76	0.0
1.1	195991.06
1.75	0.0
1.75	0.0
1.2	103622.38
1.01	15508.11
1.06	638.18
2.08	0.0
1.12	73.88
1.27	7058.9
1.51	32.61
1.49	0.0
1.55	6.23
1.15	3363.89
0.72	3899.67
1.85	0.0
0.99	23764.43
1.1	3931.19
1.2	6367.68
1.78	1023.16
1.83	9.17
1.33	452.74
0.8	84912.97
1.83	0.0
0.85	7793.22
1.84	0.0
1.55	0.0
0.78	58510.13
2.11	9.34
1.58	4388.15
1.48	0.0
1.39	10213.51
2.06	1400.1
1.21	2672.12
1.88	60.75
1.24	41343.26
1.07	510.58
1.06	11993.63
1.01	36860.51
1.41	0.0
1.83	15.32
1.19	0.0
0.97	4057.49
1.92	1056.49
0.9	24749.12
1.46	4370.99
1.18	190006.01
1.04	29410.26
1.5	2.84
1.58	2.66
1.85	38.35
1.08	10284.15
2.34	1.32
1.69	0.0
0.91	79616.07
2.12	1166.45
1.49	0.0
1.04	2886.6
0.96	1118329.5
1.6	715.02
1.34	0.0
1.59	0.0
1.06	1226.57
1.15	334.13
1.11	17192.49
1.0	38.19
1.92	77.27
1.33	0.0
1.25	83.27
1.69	902.49
1.13	173.18
1.83	0.0
0.86	49959.1
1.03	2061.16
0.98	561.66
1.14	9827.34
1.16	1283.94
0.93	12294.0
1.68	0.0
1.24	41272.69
1.01	6502.37
1.56	0.0
1.88	0.0
2.06	14.68
1.84	0.0
0.77	12656.97
1.07	614.07
0.93	7161.74
1.48	0.0
0.99	24529.19
1.37	5347.87
1.74	422.64
1.22	0.0
2.16	867.01
1.76	0.0
1.79	0.0
1.55	0.0
1.89	0.0
1.1	10344.37
0.97	1143214.59
1.52	0.0
1.09	19090.66
1.75	655.73
1.0	5093.0
0.97	15285.72
1.45	0.0
1.52	0.0
1.05	18362.39
1.69	0.0
1.21	17201.5
1.81	0.0
1.7	1077.87
0.98	10196.35
1.64	0.0
1.25	133.93
0.94	12796.57
1.02	253.04
0.8	10573.29
1.11	42.22
1.08	18608.64
0.83	12953.59
0.96	152.86
1.08	18765.64
0.9	13101.24
1.26	73.35
0.82	3898.56
1.67	0.0
1.3	17331.98
1.46	0.0
2.2	68.2
1.03	34.72
2.01	0.0
1.17	110.54
0.73	13350.4
1.05	28184.73
1.88	820.16
1.8	0.0
1.52	381.39
1.25	2452.04
1.69	0.0
1.35	0.0
1.36	0.0
1.24	615.86
0.93	2313.9
1.76	0.0
1.25	120.02
1.45	0.0
1.75	0.0
2.0	0.0
1.12	15397.86
1.86	690.11
1.29	14814.07
1.69	0.0
1.14	215752.18
1.42	3915.19
0.87	19577.35
1.85	0.0
1.92	80.56
1.25	128.97
1.95	712.41
1.39	0.0
1.32	37.3
1.84	865.07
1.36	5852.28
2.18	0.0
1.08	9366.36
0.97	49279.06
1.8	7637.49
2.31	0.0
1.21	415.14
1.06	3874.78
1.02	16586.3
1.13	185691.58
1.05	17344.74
0.92	5456.06
0.9	5684.01
1.48	0.0
1.36	0.0
1.29	12492.0
1.91	0.0
1.22	490.24
1.12	488.24
1.73	295.4
1.22	47238.12
1.85	26.54
1.74	122.03
1.69	0.0
1.94	0.0
1.16	0.0
1.83	0.0
1.1	848.18
1.53	0.0
2.24	8.74
1.62	0.0
1.84	0.0
1.22	203.98
1.65	0.0
0.79	4334.89
0.96	613.36
1.03	6037.23
1.77	0.0
1.67	0.0
1.06	12684.6
1.1	10158.38
1.51	0.0
1.58	6835.09
0.97	21686.02
1.31	0.0
1.42	2366.85
1.18	0.0
1.07	608.61
1.05	13495.86
1.4	19.39
1.02	25366.63
1.69	0.0
1.27	0.0
0.91	284.7
0.85	15691.23
1.04	76533.58
0.95	3609.37
1.63	111.18
1.94	15.42
1.23	1465.61
0.97	164.47
1.78	0.0
1.14	2048.78
1.68	4.62
1.15	13416.02
1.24	242.71
0.94	266689.82
1.27	37.38
1.33	8106.15
1.66	0.0
1.69	78.72
1.15	53.54
1.0	1171.5
1.06	724.5
0.94	16575.72
1.91	0.0
1.81	48.2
0.57	7128.12
1.97	0.0
1.37	0.0
2.14	0.0
1.13	232.99
1.47	0.0
1.65	4781.66
1.11	89.76
1.34	2315.72
0.97	19781.57
1.23	109205.15
1.53	0.0
1.53	0.0
2.19	0.0
2.18	1150.52
1.02	121614.31
0.94	15302.75
1.01	5339.34
1.45	5.99
1.15	16611.22
1.12	14931.07
1.27	1047.02
1.08	3891.68
1.11	966.61
1.19	258.54
1.27	115.89
1.77	4.8
1.37	0.0
0.93	89701.26
1.66	0.0
1.37	0.0
1.05	3714.04
1.05	16838.53
1.18	106178.47
0.95	1147.34
1.12	1041.78
1.03	8080.05
1.7	0.0
1.39	741.77
1.12	2051.36
1.13	119634.41
1.19	105.86
1.33	43.48
1.6	0.0
1.44	0.0
1.34	24.6
0.97	9638.66
1.25	9120.3
1.03	268.3
0.83	5388.47
1.85	0.0
1.02	11283.42
1.56	0.0
0.97	10182.71
1.19	6308.61
1.92	0.0
1.2	11177.67
1.51	0.0
1.25	0.0
1.08	0.0
1.99	644.08
1.64	0.0
1.58	0.0
2.58	0.0
0.95	22612.46
1.17	42.62
1.47	0.0
1.64	51.68
1.94	0.0
1.87	0.0
1.65	0.0
1.5	0.0
1.17	74327.91
1.55	0.0
1.33	29.19
1.91	0.0
1.93	0.0
1.97	0.0
1.08	14998.04
1.33	584.78
1.09	11918.96
1.01	21571.37
1.38	1885.79
0.92	20265.96
1.77	0.0
1.09	18077.99
1.03	228576.54
1.03	16370.5
1.03	12957.84
1.69	0.0
1.69	713.71
1.76	7.81
1.16	20815.34
1.56	19150.08
1.55	0.0
1.01	254629.93
1.93	0.0
1.62	1.58
1.14	3341.42
1.05	16086.11
1.16	12854.03
1.84	0.0
1.91	18.23
1.0	24221.58
2.1	0.0
1.59	0.0
1.17	45336.12
1.09	58551.64
1.66	0.0
1.32	26013.96
1.76	43.64
1.21	122.07
1.29	0.0
1.99	11.95
0.74	1935.65
1.59	6465.74
1.24	58.84
2.07	0.0
2.09	233.98
1.71	0.0
0.85	177145.49
1.62	0.0
0.99	77561.44
1.72	809.8
1.68	0.0
1.15	33083.99
1.82	0.0
1.42	82.0
0.99	153.35
1.74	977.29
1.31	4894.78
1.23	41.04
1.49	0.0
1.87	0.0
1.29	42.67
1.93	623.33
1.02	1003.78
1.08	565.69
1.63	0.0
1.16	104997.44
1.06	819.38
0.98	19842.51
1.47	0.0
1.18	5071.77
1.52	0.0
1.16	40241.65
1.44	0.0
1.6	0.0
1.71	2382.98
1.18	34948.86
1.28	12783.14
1.0	1059.73
1.16	323.79
1.13	14372.16
1.56	0.0
1.65	0.0
1.35	0.0
1.45	0.0
1.75	0.0
1.17	2087.35
1.22	0.0
1.19	1020.51
1.52	0.0
1.13	816.56
2.18	0.0
0.9	15431.19
1.87	0.0
1.87	487.37
1.45	0.0
1.31	3360.05
1.92	6.13
1.93	3.33
1.07	12576.63
1.62	0.0
1.83	14.17
1.92	18.52
1.92	0.0
1.61	0.0
1.23	0.0
0.92	14484.65
1.0	106536.92
1.15	41193.22
1.55	0.0
2.12	0.0
0.81	9120.48
1.17	17353.79
1.05	1014520.88
2.25	7.93
1.48	0.0
1.54	0.0
1.65	278.44
1.19	42204.73
1.2	892.62
1.88	0.0
1.61	0.0
1.36	0.0
1.98	0.0
1.18	14779.66
1.93	531.58
0.71	15399.69
1.89	0.0
1.66	0.0
1.04	3974.75
1.44	1675.99
0.88	34341.44
1.04	77352.73
1.0	48618.79
1.18	21918.53
1.63	0.0
1.05	10046.57
1.88	832.22
1.22	145882.24
1.12	0.0
1.6	0.0
1.16	7991.75
1.87	11.59
1.91	0.0
1.32	58.03
1.77	0.0
2.24	230.89
1.14	12664.42
1.53	0.0
1.18	12034.36
1.27	497.89
1.06	269.87
1.2	18487.16
1.03	845653.52
1.74	0.0
1.15	13024.28
0.99	8114.19
1.13	2428.84
1.89	371.85
1.47	0.0
1.03	2941.09
0.94	3387.38
1.9	41.89
1.92	0.0
1.47	0.0
1.62	95.23
1.34	5531.34
2.0	0.0
1.81	0.0
1.59	27089.79
1.44	77.91
1.8	3.32
1.09	139.46
1.11	3003.97
1.62	6181.13
1.2	35858.35
1.92	0.0
0.94	89732.33
1.14	43102.61
1.82	9.2
1.2	0.0
1.09	196545.04
1.0	11699.03
1.04	11839.0
1.02	19961.19
1.23	6.22
1.09	277.25
1.15	118.88
1.34	4210.41
1.65	0.0
1.98	0.0
1.2	37961.14
1.5	0.0
1.11	18771.89
1.26	582.3
1.61	0.0
1.82	0.0
0.96	4748.08
1.35	4.42
2.06	450.77
1.09	5094.23
0.7	5175.33
1.21	83937.78
1.43	1368.92
1.2	861.41
1.17	45055.08
1.62	363.06
1.17	78776.6
1.0	23471.11
1.14	19353.95
0.98	13994.48
1.88	0.0
1.14	41892.02
1.14	36.0
1.91	0.0
1.43	18.94
1.65	99.55
0.83	122763.34
1.01	570.69
1.36	0.0
1.93	0.0
1.85	12.85
1.13	45229.53
1.89	0.0
1.18	40602.17
1.07	4131.75
1.88	0.0
2.02	0.0
1.22	9.31
1.15	294.6
1.02	13557.25
1.11	261.01
1.76	3.78
2.16	0.0
0.98	7028.58
1.62	0.0
1.73	931.25
1.5	0.0
1.19	0.0
1.5	0.0
1.5	0.0
0.91	0.0
1.25	42.85
1.49	21.13
1.28	754.42
0.97	995.43
1.66	864.43
1.13	36476.98
1.09	32.39
1.71	3861.33
1.28	24.8
1.25	93.05
1.41	0.0
1.58	0.0
1.07	5897.76
2.01	0.0
1.5	1180.96
1.91	23.99
1.11	6285.73
1.64	0.0
2.09	0.0
1.58	0.0
1.53	5014.1
1.66	0.0
1.65	0.0
1.4	107.53
1.01	15212.24
1.25	1225.82
1.47	0.0
1.93	0.0
1.85	0.0
1.29	0.0
1.68	0.0
1.05	11822.33
1.0	77627.49
1.85	0.0
0.79	126765.96
1.57	0.0
1.85	3.11
2.77	0.0
1.75	836.19
1.6	486.7
1.57	0.0
1.85	0.0
0.94	352.52
0.87	4688.24
1.02	120434.79
1.11	99.67
0.94	24995.65
1.72	11.42
1.84	0.0
1.77	0.0
1.28	131.46
1.9	682.38
1.18	203057.64
1.29	104.48
2.41	4.14
1.19	43739.93
0.99	250.0
1.37	106.67
1.44	49.63
1.9	548.6
1.25	1024.11
0.83	19968.66
0.93	6709.02
1.14	229.97
0.98	12488.08
1.1	23.89
1.48	39.82
1.82	0.0
0.99	21169.69
1.27	14.93
0.97	210670.82
1.89	20.73
1.15	90.6
0.85	14084.25
1.17	0.0
2.11	0.0
0.93	11767.9
1.87	0.0
0.68	12543.43
1.14	4616.79
1.23	0.0
1.49	0.0
1.75	591.33
1.11	0.0
1.03	475383.38
0.61	12237.43
1.52	0.0
1.67	32.15
1.08	2073.74
1.66	0.0
2.11	0.0
1.85	0.0
1.85	0.0
0.93	137479.64
0.96	98.68
2.26	14.87
1.41	0.0
1.64	12.83
2.13	0.0
1.87	69.77
1.15	196469.02
2.31	0.0
1.55	40.49
1.37	0.0
1.44	29.82
1.26	0.0
1.43	0.0
1.04	7405.88
1.21	17377.87
1.87	0.0
1.4	0.0
1.32	13184.96
0.82	8551.05
1.33	0.0
1.18	2933.27
1.03	1061979.37
1.58	0.0
1.62	0.0
1.68	0.0
1.82	30.11
1.81	33.5
2.02	23.66
1.16	115.21
1.23	540.63
1.53	0.0
1.98	0.0
1.24	58490.1
1.13	27253.71
1.41	2011.01
1.16	28828.13
1.01	5341.52
1.04	1188118.95
1.83	0.0
1.7	383.27
1.87	592.72
0.95	78774.2
1.82	0.0
1.05	1.44
1.0	501.16
1.28	0.0
1.79	0.0
1.74	451.81
1.54	36.04
0.66	8294.96
2.11	6.64
1.99	0.0
1.04	32511.26
0.71	4086.26
1.07	3564.33
1.36	97.12
1.81	27.38
2.27	0.0
0.97	100.62
2.01	90.1
1.03	46503.59
1.94	0.0
1.66	371.33
0.96	4749.61
1.91	45.12
1.09	9746.41
1.39	61.25
1.01	4251.74
1.05	22743.24
1.59	1.59
0.61	5034.13
0.95	20439.94
1.34	0.0
1.17	15531.08
1.02	1129771.19
0.9	58216.26
1.45	0.0
1.15	33.84
0.98	4266.19
1.13	1394.17
2.31	1.38
1.92	368.09
1.66	0.0
1.46	0.0
0.97	12142.13
1.94	14.31
1.93	0.0
1.06	963549.53
0.89	0.0
1.13	457.24
1.92	0.0
1.09	17268.45
1.14	182873.34
1.6	0.0
1.82	108.53
1.47	0.0
1.26	109149.46
1.58	104.93
0.99	12912.69
0.99	170.44
1.49	0.0
1.19	19546.92
1.34	6203.7
1.59	0.0
1.65	313.05
1.54	0.0
1.99	0.0
1.89	788.85
1.74	0.0
1.56	0.0
1.95	0.0
0.82	20029.1
1.02	4944.79
1.21	92.33
1.4	0.0
1.05	21179.76
1.1	15371.77
1.57	0.0
1.37	0.0
1.66	0.0
1.04	929.57
2.19	0.0
1.9	18.14
1.53	961.1
1.58	0.0
1.81	0.0
1.6	0.0
2.07	3.1
1.36	44.53
1.83	0.0
1.17	135.77
1.68	436.52
1.78	0.0
1.2	2556.6
1.58	0.0
1.22	524.46
0.97	129285.88
1.31	0.0
0.99	279.94
1.71	5199.73
1.28	91.59
1.18	66.79
1.17	24440.63
1.47	0.0
1.86	0.0
1.66	0.0
1.76	3164.97
1.8	0.0
1.55	0.0
1.63	6434.88
2.01	0.0
2.01	1025.96
1.72	599.98
1.94	750.91
1.88	1.18
1.22	51.52
1.07	13932.74
1.84	0.0
0.94	17578.18
0.85	64225.78
0.9	298.68
1.06	19636.37
1.32	1439.62
1.14	1727.95
1.76	16.03
1.22	89.62
1.67	0.0
0.8	39736.75
1.44	22.09
1.46	0.0
0.89	35283.63
1.5	0.0
1.58	32096.3
1.64	0.0
1.4	493.2
1.91	751.01
1.39	0.0
1.11	91.39
1.66	0.0
1.06	185198.77
1.35	0.0
0.98	18973.9
1.04	811272.88
1.87	886.27
2.14	0.0
1.26	654.66
1.62	0.0
0.97	77.75
1.62	0.0
1.9	1099.96
1.27	479.7
1.49	0.0
1.02	62487.28
0.73	12344.54
1.32	1064.13
1.28	5246.3
1.83	522.0
1.11	53968.86
1.98	0.0
1.93	9.47
1.11	15574.43
0.96	5985.48
1.1	15421.83
1.09	248635.49
0.85	7517.01
1.28	42125.28
1.0	388703.05
1.08	221032.74
1.24	127.12
1.11	49925.6
1.34	0.0
1.87	0.0
0.99	2189.59
1.72	0.0
1.54	0.0
1.86	0.0
1.51	0.0
1.24	0.0
1.02	1112405.42
1.25	36249.61
1.12	368.95
1.11	16662.01
1.49	0.0
1.12	197.29
1.16	55158.31
1.28	145.35
1.19	186027.52
0.8	88373.78
1.83	17.23
1.07	159.05
2.01	0.0
1.72	3014.16
1.86	0.0
1.15	0.0
1.47	0.0
1.43	104.16
2.2	50.43
1.28	105.32
1.15	8461.12
0.78	60232.29
1.62	0.0
1.07	980361.75
1.2	45046.22
1.15	23.45
1.22	1530.58
1.48	0.0
0.83	73076.91
0.92	20174.55
1.17	2843.96
2.18	0.0
0.79	3957.2
1.74	0.0
1.27	0.0
1.64	0.0
1.51	0.0
1.36	0.0
1.06	11036.66
1.04	19843.62
1.23	44155.0
1.1	14197.05
1.82	28.43
0.93	7556.57
1.41	131.72
0.93	373.11
1.33	1650.73
0.95	1184340.09
2.0	0.0
1.2	249.3
1.8	3.32
1.06	74593.79
1.44	0.0
1.7	0.0
0.8	16170.57
1.0	60.86
1.37	71.02
1.1	223788.7
1.05	9786.12
2.31	1.36
0.91	6145.91
1.14	51.98
1.1	584.81
1.31	0.0
0.98	13528.83
1.52	530.63
1.14	0.0
2.66	0.0
1.49	0.0
1.34	444.78
0.97	83.04
1.18	540.52
1.03	10201.81
1.9	604.87
1.85	11.3
2.09	707.98
0.99	388259.15
1.55	251.75
1.96	0.0
1.58	0.0
1.51	0.0
1.7	1202.38
1.88	0.0
0.99	72960.79
0.96	8925.51
1.6	0.0
1.06	24.12
1.47	0.0
0.97	121664.66
1.21	13847.9
1.59	0.0
1.78	6.47
0.97	43507.27
0.83	4977.64
1.13	215613.45
1.81	808.5
1.25	497.49
1.02	12403.89
1.05	215608.69
1.19	0.0
1.19	0.0
1.86	0.0
1.01	16004.59
2.02	229.83
1.08	168597.35
1.68	3.31
0.78	4094.47
0.86	9094.89
0.74	14468.89
1.58	440.08
1.84	61.16
1.31	0.0
1.82	1.18
1.8	0.0
1.8	0.0
1.95	16.09
1.54	0.0
1.46	0.0
0.93	9591.88
0.89	30815.55
1.67	0.0
0.91	1613.63
1.1	1089.33
0.99	5421.22
0.93	656.23
0.96	10508.18
1.39	0.0
1.0	179192.02
1.93	20.65
0.95	9267.12
1.1	50679.01
0.96	6363.08
1.59	710.99
1.89	0.0
2.34	0.0
1.16	171.88
0.76	11290.94
1.27	1.64
1.03	4873.39
1.33	112.49
1.33	83.8
1.16	23224.7
1.89	12.7
1.18	196950.9
1.81	0.0
1.12	378.65
1.67	0.0
1.08	3310.34
1.09	48.87
1.78	0.0
1.05	237.88
1.54	32.13
1.11	4198.9
1.84	0.0
1.06	170.29
1.35	428.5
1.79	0.0
1.02	6909.13
1.04	6244.22
0.88	87250.83
1.59	134.33
1.09	9778.16
0.92	14761.53
1.1	606.53
2.01	450.46
1.2	12389.35
1.62	3.79
1.56	552.27
1.36	0.0
1.34	33.73
1.66	9.16
1.25	731.09
0.8	14408.91
1.24	10.05
1.63	0.0
1.47	471.55
1.19	703.2
1.08	314497.84
1.74	0.0
0.82	3241.06
1.28	3.15
1.75	0.0
1.16	37519.32
1.6	0.0
1.21	262.36
0.68	18855.32
1.48	0.0
0.7	4419.34
1.06	14141.74
1.54	0.0
1.08	22901.69
1.23	775.0
1.0	114.63
1.85	0.0
0.84	184770.84
1.51	32092.36
1.49	0.0
1.1	17018.36
1.69	0.0
1.16	41158.83
1.94	828.52
1.98	1410.55
1.04	228267.05
1.01	11120.6
2.79	0.0
0.74	8533.47
0.89	40173.44
1.91	15.03
1.09	0.0
1.4	1051.07
1.01	3203.21
2.08	0.0
1.44	0.0
1.24	136.17
1.57	488.5
1.21	675.56
1.88	35.65
1.46	1279.05
0.99	82.75
1.06	10562.29
1.2	94.15
1.36	79.64
0.85	18215.73
1.62	0.0
1.58	0.0
1.03	143.56
1.06	12641.17
2.15	0.0
0.87	2.58
1.4	48.2
1.56	0.0
1.09	111791.06
1.08	384.82
1.22	1295.45
1.12	318.39
1.86	0.0
1.87	0.0
2.13	0.0
1.14	13246.38
1.27	5481.18
1.04	126.92
1.81	11.92
1.9	992.87
1.16	198.26
1.69	0.0
1.16	56044.51
1.49	0.0
1.04	11273.72
1.53	4753.87
1.06	6904.19
1.38	0.0
1.26	474.62
1.01	64372.34
1.03	12148.13
1.2	11075.1
0.83	47955.04
1.67	0.0
1.94	0.0
1.6	0.0
0.81	392846.12
1.26	44707.32
1.81	0.0
0.79	115290.48
1.47	411.51
0.74	7041.19
2.07	0.0
1.89	0.0
1.8	22.89
0.84	28226.16
1.08	21645.98
1.6	3.12
1.85	19.35
1.77	344.25
1.53	0.0
1.53	0.0
1.09	102.64
1.55	0.0
1.04	19024.16
1.27	0.0
1.39	0.0
1.81	0.0
1.02	27621.71
1.22	66.26
1.12	6655.69
1.08	10813.59
1.4	0.0
1.6	0.0
1.33	1482.9
2.28	0.0
0.97	294.0
1.78	54.99
1.69	4792.06
1.64	0.0
1.27	77296.43
1.67	419.14
2.01	1018.35
0.98	193.76
1.16	2910.03
1.8	0.0
0.81	12091.21
1.5	0.0
1.36	1409.19
1.53	0.0
1.53	48322.55
0.92	3479.25
1.35	36.29
1.36	0.0
1.93	17.75
1.51	0.0
1.75	0.0
1.82	0.0
1.23	40688.42
1.11	79.57
2.09	0.0
0.99	5425.25
0.99	6458.44
0.67	4706.99
1.86	0.0
1.78	29.15
1.9	4130.01
1.14	422.19
1.06	195791.46
1.03	2641.74
1.64	666.44
1.01	17716.68
1.21	107908.15
1.37	176.53
1.1	9941.32
0.78	5261.65
1.5	0.0
2.39	0.0
1.96	0.0
1.6	687.55
1.4	109.55
1.29	0.0
1.01	20023.58
1.05	8603.75
1.26	0.0
1.85	0.0
0.97	16430.71
2.01	11.24
1.88	30.29
1.36	161.96
0.91	27248.16
1.11	61914.67
0.86	36318.54
2.18	0.0
1.55	0.0
0.97	26500.57
1.04	104529.5
1.24	0.0
1.05	10359.57
1.69	0.0
1.87	1092.82
2.03	0.0
1.24	63.85
1.57	0.0
1.82	0.0
1.56	0.0
1.54	127.35
0.84	16726.87
1.55	0.0
1.91	0.0
1.27	0.0
0.74	4521.86
0.99	154.84
1.2	470.53
1.22	0.0
1.12	346867.18
2.15	1016.64
0.93	4185.64
1.96	0.0
1.22	40430.51
1.0	5115.0
1.48	0.0
1.27	524.42
0.98	0.0
1.01	2752.35
1.37	0.0
1.18	112934.4
1.04	68.94
1.08	26137.34
1.17	78.96
1.04	37990.29
1.93	0.0
0.88	11064.14
1.54	0.0
0.79	31627.53
1.4	1469.44
2.22	0.0
1.25	87.26
0.97	38352.45
1.27	36.17
1.0	22934.89
0.96	288.0
1.02	11154.42
1.69	234.48
1.8	3.11
1.98	0.0
1.57	0.0
0.98	20913.36
0.87	13693.47
1.92	16.72
0.91	222311.07
1.38	34.1
1.72	0.0
1.09	206159.51
1.08	119996.31
1.69	0.0
1.11	19112.14
2.13	0.0
1.29	41867.08
1.01	14665.62
1.34	1259.97
0.99	219.14
1.64	458.97
1.67	0.0
1.07	9372.34
1.9	527.18
1.57	68.11
2.13	0.0
1.08	13519.38
1.16	138.42
1.92	43.95
1.16	40891.64
1.76	0.0
1.25	951.32
1.86	0.0
1.13	10877.06
1.35	58.33
1.43	0.0
1.87	0.0
1.81	14.1
1.17	41369.1
1.06	165.35
1.35	438.02
0.93	124722.73
2.27	0.0
1.45	0.0
1.09	6958.54
2.18	0.0
0.88	7090.26
1.44	0.0
1.7	759.55
1.17	2523.85
1.01	377.7
0.98	46.41
1.07	233.74
1.03	13798.9
1.81	0.0
0.99	180.33
1.45	7.34
0.96	132.37
1.11	6551.57
1.85	0.0
1.86	22.19
1.11	9863.28
1.31	106.47
2.14	5.73
2.15	51.05
1.26	0.0
1.19	44529.73
0.81	99900.94
1.51	0.0
1.91	841.73
1.66	0.0
0.99	15564.05
0.56	6335.66
0.73	13360.01
1.51	0.0
1.64	0.0
1.18	12204.13
1.58	0.0
0.99	15258.85
1.66	1163.9
1.81	6.98
1.09	79770.33
1.26	0.0
1.65	0.0
1.25	834.92
0.85	8261.74
0.88	1447.06
1.33	0.0
1.88	6.2
1.7	0.0
1.06	34.23
1.5	0.0
1.65	0.0
1.23	1291.66
1.02	456771.26
1.05	381986.61
1.35	0.0
1.13	23878.2
0.99	5499.99
1.61	0.0
1.6	0.0
1.39	286.52
1.72	3.18
1.71	836.47
1.03	0.0
1.61	3798.97
1.04	11206.4
1.86	1136.01
1.43	23.09
2.02	485.55
1.26	0.0
1.82	3.33
1.91	0.0
1.5	0.0
2.02	1159.44
1.72	0.0
0.95	4614.58
1.9	48.37
1.96	0.0
1.24	332.83
1.81	82.03
1.91	48.13
0.86	19442.29
1.39	31.07
1.03	213.64
1.68	0.0
1.64	4.73
1.26	25.38
1.54	0.0
1.12	0.0
1.92	0.0
1.3	2171.08
1.32	4377.19
1.15	28.01
1.14	23684.96
1.06	6727.83
1.49	0.0
1.45	4714.73
0.97	72553.22
0.87	83993.99
1.68	19.9
1.45	741.08
0.94	71550.57
1.18	184.96
1.25	390.91
0.99	514.7
1.24	73.73
1.14	0.0
1.38	241.67
0.99	13205.04
1.06	426.73
0.8	79560.0
0.89	7609.24
1.03	235.0
1.89	0.0
0.92	283.88
1.83	0.0
1.11	33.19
1.14	20017.79
1.08	146.75
2.08	0.0
1.38	806.52
1.13	0.0
1.02	13184.36
1.42	81.86
1.26	5707.16
1.1	10864.49
0.84	9815.66
1.67	0.0
0.97	34930.57
1.22	5672.46
1.29	0.0
1.3	0.0
2.35	12.07
1.01	0.0
0.92	136996.39
1.97	550.28
1.84	595.37
1.0	26369.27
1.22	6422.29
2.37	15.93
0.49	11642.46
0.96	18.37
1.82	1592.19
1.18	1104.04
0.92	16457.11
1.61	0.0
0.87	90167.62
1.0	59.84
2.01	772.21
1.96	0.0
1.35	0.0
1.38	0.0
1.04	53.34
1.49	0.0
0.9	14150.62
0.97	12260.75
0.92	215632.16
1.12	0.0
1.55	0.0
1.44	0.0
1.03	447108.5
1.28	0.0
1.14	1722.1
1.46	0.0
1.19	47.15
1.29	219.26
1.61	0.0
1.61	4782.0
0.83	4878.2
0.72	8063.4
1.24	435.65
1.0	1608.76
1.21	12123.24
1.65	4064.84
1.93	1760.45
1.0	5447.67
1.83	0.0
0.71	4378.92
1.03	903908.35
1.22	2083.82
1.3	62.9
1.72	0.0
1.03	7010.57
1.22	50086.92
1.2	4.68
1.3	0.0
1.01	127.18
1.16	288.44
1.5	0.0
1.54	0.0
0.93	130.5
1.18	14288.77
1.18	614.86
0.94	115290.95
1.18	3203.53
1.17	17444.77
1.13	78.27
1.21	17300.74
1.55	1.82
0.98	108561.0
1.08	76985.0
1.08	103.06
1.3	3147.67
1.96	0.0
1.38	34.38
0.85	16470.86
0.78	126150.81
1.6	1672.35
1.16	246541.13
1.31	36.97
1.0	12737.74
1.8	0.0
1.27	169.66
1.08	14022.68
1.12	117.07
1.34	0.0
1.13	753.78
1.07	261863.52
1.81	686.6
1.5	0.0
1.22	13867.94
1.59	861.5
1.4	24.3
1.03	4107.26
0.74	2227.98
1.18	79.99
1.04	90747.55
1.19	128619.66
1.24	46596.22
1.0	163.5
1.68	0.0
1.0	58532.61
1.47	0.0
1.04	67.53
1.36	0.0
1.17	100.6
1.35	23.75
1.96	438.48
1.15	26127.7
0.98	58.29
1.21	1081.56
1.64	0.0
1.3	96.18
1.15	162.91
1.03	114.57
1.96	0.0
1.15	274259.73
1.7	0.0
1.48	0.0
1.49	1286.7
1.11	3820.56
0.98	24674.62
1.6	0.0
0.94	17329.17
1.54	79.61
1.72	0.0
0.84	7463.43
1.61	59.03
1.59	2239.72
0.79	12988.42
1.35	175.12
1.6	0.0
1.42	0.0
1.16	93.76
2.01	1110.43
1.69	0.0
1.8	0.0
1.03	1118988.92
2.13	905.77
1.01	73965.36
0.75	11201.82
1.42	4020.85
0.97	1173.01
2.03	0.0
1.38	223.15
0.97	62634.6
1.68	0.0
1.38	0.0
1.07	238780.53
1.13	4785.85
1.72	635.31
1.69	0.0
1.12	14146.28
1.9	24.25
1.17	42044.35
2.02	857.17
1.72	4093.2
1.42	0.0
1.18	36041.12
1.51	0.0
0.99	163.25
1.8	0.0
1.83	51.1
2.0	19.56
1.55	20.71
1.53	8733.11
0.99	26236.45
0.6	5692.05
1.5	0.0
1.57	0.0
1.44	0.0
1.1	212173.21
1.04	231.74
1.92	15.28
1.19	210234.78
1.53	536.83
1.71	14.27
1.45	16.23
1.08	233027.36
1.51	0.0
1.64	0.0
1.55	0.0
1.42	0.0
0.97	26965.17
1.5	83.81
1.68	0.0
1.12	1657.92
1.08	6593.46
1.76	101.08
1.96	28.07
1.22	0.0
1.65	0.0
1.56	0.0
1.77	0.0
0.73	81450.04
0.99	252.79
1.01	1217.83
1.57	3.31
1.13	13423.63
1.18	6693.26
1.23	40576.08
1.08	11725.37
1.82	0.0
0.64	5517.0
1.12	9957.92
1.37	3632.29
0.88	107753.58
1.85	0.0
1.13	18.16
1.17	190755.81
2.02	0.0
1.59	0.0
0.97	4028.3
1.16	4731.85
1.06	33.05
1.82	4.98
1.11	62611.61
1.67	3866.74
1.57	0.0
1.85	0.0
1.25	0.0
0.98	16218.93
1.04	277.51
1.9	16.73
1.55	0.0
1.75	11.98
1.28	0.0
1.54	2.59
1.36	0.0
1.36	1353.67
1.59	745.35
1.27	90801.53
0.72	12596.79
1.41	0.0
1.75	1010.38
1.02	134.25
1.68	0.0
1.97	0.0
1.24	71.02
1.62	0.0
1.12	141.8
1.26	12903.0
2.09	0.0
0.83	14036.07
1.08	708.0
2.0	0.0
1.86	130.63
0.96	804662.83
1.92	1100.02
1.15	103.6
1.24	118634.7
1.04	110.24
1.23	41.17
1.05	96387.48
1.35	0.0
1.05	101739.67
1.08	6545.42
1.69	32.45
1.33	16.68
1.45	3980.63
1.5	0.0
1.97	842.48
1.11	1.56
0.85	16661.98
1.54	0.0
1.26	13590.1
1.02	1326422.56
0.78	12008.93
1.08	15685.44
2.07	1.88
1.59	45.41
1.01	72.94
1.49	5290.59
1.23	9191.41
1.66	58.17
2.06	1193.83
1.58	0.0
1.54	12.57
1.09	13384.3
0.94	3067.22
1.45	0.0
1.08	260946.16
1.33	142.52
1.44	21.94
2.16	15.11
1.55	0.0
1.52	1.49
1.56	33739.89
1.24	4855.23
1.84	0.0
0.75	20404.29
1.04	253978.78
2.22	536.67
1.14	6428.27
1.42	0.0
1.36	48.39
1.63	0.0
1.13	277954.43
1.77	589.03
1.21	3.35
1.92	723.36
1.56	0.0
1.42	0.0
1.13	270794.34
1.03	3175.96
1.92	3.78
1.88	0.0
1.16	149.11
1.52	0.0
1.43	21.27
1.54	0.0
0.96	275.8
1.5	0.0
1.45	10.4
1.16	19235.07
1.18	5470.64
1.62	4616.93
1.4	0.0
0.9	80895.03
1.56	0.0
0.89	13914.85
1.77	822.95
1.99	0.0
0.91	19097.99
1.55	1.89
1.61	0.0
1.47	6707.85
1.6	86.82
1.72	0.0
1.92	0.0
1.02	23875.57
0.97	98925.79
1.13	34.1
1.48	0.0
1.11	40515.81
0.89	5559.36
1.57	0.0
1.31	13848.78
1.1	9327.71
1.9	1221.87
0.7	12551.58
1.51	0.0
1.87	0.0
0.71	20971.41
0.98	221330.48
1.98	9.72
1.61	0.0
1.1	90271.45
1.43	12.14
0.72	2927.27
1.58	0.0
1.59	27530.5
0.95	134572.92
1.65	0.0
1.69	412.03
1.59	0.0
1.04	11692.02
1.73	3190.88
1.83	0.0
1.87	0.0
1.67	0.0
2.02	540.75
1.58	0.0
1.55	0.0
1.24	39734.9
2.1	0.0
1.44	1424.3
1.04	20842.4
1.73	746.1
1.55	0.0
1.24	0.0
1.14	6492.94
1.18	203615.52
1.43	0.0
0.99	104219.76
1.44	0.0
1.01	17406.31
1.96	0.0
1.79	0.0
2.01	0.0
1.06	4127.43
1.23	138.92
1.39	0.0
1.4	28.78
1.89	0.0
1.48	2652.87
1.61	0.0
1.91	0.0
1.79	0.0
1.9	0.0
1.6	804.65
1.45	24.06
0.81	6833.07
1.94	0.0
1.47	0.0
1.2	45010.81
1.88	16.25
1.81	649.81
1.81	0.0
1.55	0.0
1.03	123261.81
0.91	510153.65
0.96	726.55
0.77	4231.47
1.36	0.0
1.78	0.0
1.05	31195.04
1.35	0.0
0.98	18938.42
0.92	103573.42
0.86	247539.31
0.93	194575.97
1.05	327171.65
2.05	1191.26
1.93	48.5
1.88	0.0
1.37	0.0
1.85	0.0
1.19	13267.34
1.16	15441.14
1.1	344488.51
1.43	66.85
1.07	1017157.74
1.1	236.97
1.68	0.0
1.48	0.0
1.74	0.0
0.83	38143.15
1.85	11.72
1.53	0.0
1.59	0.0
1.81	0.0
1.51	318.34
1.05	17649.52
1.37	0.0
0.97	12343.11
1.21	56.4
1.06	9195.56
1.06	12431.59
0.83	6959.5
1.47	0.0
0.88	3768.89
1.4	27.89
1.56	24997.46
1.14	92888.37
1.33	194.45
1.22	21.31
1.01	9187.24
1.01	135.05
1.04	1787.47
1.11	108.06
1.66	0.0
1.14	33712.03
1.56	0.0
1.65	0.0
1.05	16942.25
1.65	0.0
1.05	13008.81
1.24	0.0
1.4	5556.02
1.91	0.0
0.99	54.44
0.97	31481.92
0.9	132883.59
1.08	10854.59
0.99	27969.25
1.68	13.73
1.26	0.0
1.58	108.75
1.12	210164.47
1.09	11417.67
0.76	38648.11
1.12	2671.75
0.91	20206.16
0.95	1193.27
2.08	61.71
1.62	0.0
1.18	170.4
1.01	848.55
1.74	0.0
1.13	208537.92
2.0	0.0
1.08	481.59
1.9	10.54
1.86	0.0
1.17	0.0
1.48	0.0
1.34	10.41
1.53	6179.48
1.19	118.14
1.86	0.0
1.14	58989.81
0.99	13456.08
1.85	0.0
1.65	0.0
2.04	0.0
1.18	0.0
1.13	23.63
1.01	4334.64
1.79	0.0
1.84	0.0
1.84	0.0
1.43	745.2
1.04	12155.66
1.39	63.88
1.33	0.0
0.82	114923.71
1.21	179824.24
0.95	211901.97
1.24	92.19
2.42	1.36
1.08	68.28
1.39	35558.24
1.19	437.37
1.35	85.76
1.82	0.0
1.01	151.21
1.26	593.94
1.31	0.0
1.15	10952.11
1.59	0.0
1.23	16459.01
1.12	17013.86
0.98	265.22
1.89	0.0
1.6	0.0
1.93	7.02
1.71	60.36
1.81	0.0
1.11	496.62
0.92	127173.89
1.55	0.0
1.06	4887.89
0.71	12780.68
1.17	279.75
2.24	123.46
1.17	11.91
1.58	717.8
1.19	59018.61
1.05	16711.0
1.08	72.58
1.66	0.0
1.11	124506.1
1.26	43.61
1.36	229.9
1.26	14.24
1.74	718.43
1.0	647.13
1.28	25.35
1.17	239.76
0.92	90624.69
1.94	0.0
2.17	2.63
0.98	13736.85
1.09	0.0
1.34	0.0
1.44	45.47
1.11	33.13
1.49	0.0
1.08	15722.07
0.92	118170.98
1.22	0.0
1.18	194003.8
1.43	11.45
1.62	0.0
1.47	126.96
0.81	32905.16
1.2	39928.01
1.55	0.0
0.6	5938.72
0.9	79259.0
1.78	950.98
1.13	3428.77
1.19	0.0
1.76	4.75
1.43	1846.37
1.64	124.35
1.02	15418.32
0.96	99097.11
1.71	144.7
1.14	9361.55
0.93	1349.41
1.05	41.26
1.3	0.0
1.59	261.3
1.82	28.42
1.17	44749.58
1.27	65.81
0.98	5986.26
1.75	91.29
1.56	0.0
1.0	93.81
1.4	0.0
1.57	0.0
1.71	0.0
1.48	0.0
2.76	0.0
0.75	13114.91
1.25	539.0
0.98	165.6
1.71	0.0
0.96	23041.69
1.66	0.0
1.13	10273.69
1.75	3467.76
1.66	0.0
1.04	20730.65
1.23	524.9
1.07	181.92
0.98	25529.99
1.35	102.31
0.81	15805.79
1.26	9215.34
1.29	17.09
1.05	73.18
2.11	0.0
1.4	11.9
1.46	4427.92
1.52	0.0
1.8	110.0
1.06	18076.48
1.35	16266.67
1.0	19045.03
0.66	5732.19
1.11	69371.34
1.58	4950.01
1.64	0.0
1.12	10520.4
0.99	24435.11
1.94	0.0
1.69	879.8
1.73	0.0
1.39	3.05
1.63	3297.83
1.21	48502.71
0.93	5736.45
1.76	0.0
1.03	7264.83
1.37	0.0
1.0	15103.06
1.62	0.0
1.47	349.19
0.56	13354.8
1.7	815.62
1.88	0.0
1.11	206.25
1.34	0.0
0.97	12421.42
0.95	16791.96
1.59	0.0
1.8	0.0
1.44	5152.23
1.11	0.0
2.04	34.25
1.35	7.48
1.21	0.0
2.0	0.0
1.84	0.0
2.01	0.0
1.39	16.15
1.26	44390.54
1.02	13326.97
1.19	9507.42
1.97	728.78
1.69	0.0
1.64	311.49
1.87	0.0
0.98	0.0
1.93	978.81
1.14	231744.91
1.16	11621.92
1.81	0.0
1.15	3073.43
1.04	5903.53
1.14	200001.49
1.73	32.24
1.15	20782.84
1.89	0.0
1.12	13402.92
1.68	32.1
1.42	6.3
0.98	70.13
1.32	0.0
1.78	0.0
1.89	0.0
1.45	3.14
1.06	27161.21
1.34	0.0
2.12	0.0
1.18	35107.11
1.24	8899.2
0.99	645.1
1.0	16391.8
1.78	13.97
1.62	3.18
1.08	3903.17
0.85	11997.54
1.52	0.0
0.99	4225.31
1.25	111.59
1.17	291.7
1.36	0.0
1.0	15917.28
1.08	13005.11
1.39	0.0
1.82	0.0
0.97	144745.74
2.79	0.0
1.46	728.08
1.09	76.24
1.36	0.0
1.49	516.81
1.01	135407.7
1.85	33.16
1.16	863.58
1.23	533.71
0.71	15486.97
1.02	12718.46
1.18	0.0
1.45	0.0
1.19	37099.23
1.21	37614.3
1.51	4.01
1.03	14248.31
1.24	88.69
2.06	357.87
1.53	233.68
1.6	0.0
1.52	3170.11
1.64	0.0
1.03	353.77
1.55	31358.89
1.99	0.0
1.79	0.0
1.11	10648.01
1.53	0.0
1.04	419390.5
1.75	0.0
1.07	113.0
1.23	44441.11
1.06	16041.72
1.59	564.15
1.22	272.81
2.21	26.04
1.99	5.31
1.25	1637.61
1.19	667.62
1.11	139.93
1.48	0.0
1.23	51.42
1.26	0.0
1.54	372.55
1.6	4677.73
1.81	0.0
0.76	16066.56
1.03	32383.88
0.94	85831.16
1.5	17.31
1.92	750.85
0.85	96111.9
1.82	0.0
1.03	5507.38
1.29	0.0
0.96	169907.54
2.08	0.0
0.74	13455.47
0.99	4356.81
0.79	4574.03
0.95	844093.32
1.59	0.0
1.73	0.0
1.05	13693.83
2.01	0.0
1.35	0.0
1.67	0.0
0.98	32.81
1.37	0.0
0.97	85.47
1.82	0.0
2.14	505.84
1.61	0.0
1.72	719.46
1.53	0.0
2.12	0.0
1.06	11424.24
1.8	0.0
1.5	3749.48
1.26	17131.92
1.26	43720.95
1.38	285.7
1.02	478701.64
1.71	348.82
1.27	36476.44
1.15	1974.24
1.02	12959.1
2.12	213.73
1.06	12731.89
1.6	0.0
1.01	80829.91
1.07	10852.62
0.93	594.12
1.65	0.0
1.22	84865.54
1.63	556.13
2.33	0.0
1.43	0.0
1.67	0.0
1.95	821.09
1.89	807.44
1.51	0.0
1.62	4380.25
1.68	0.0
1.02	43008.11
1.47	0.0
1.29	26109.55
1.53	597.61
0.95	3731.73
1.53	0.0
1.99	0.0
1.12	19975.92
0.92	74862.42
1.13	205773.72
2.02	46.42
0.87	3678.29
1.25	633.36
1.1	4490.78
1.4	768.15
1.12	33180.04
1.11	12377.93
2.4	0.0
0.73	75885.05
1.78	0.0
1.33	5593.26
0.93	3666.88
1.0	1144715.95
2.24	0.0
0.74	64439.7
1.24	13487.57
1.59	0.0
1.26	0.0
1.24	100.73
0.88	4514.17
1.58	0.0
1.93	1065.24
1.12	3336.97
0.98	86683.25
1.66	431.28
1.58	0.0
2.29	0.0
1.1	14524.67
1.25	619.03
0.91	63.26
1.02	89206.49
2.29	832.7
1.63	0.0
1.7	882.13
2.06	30.13
2.03	0.0
1.16	0.0
1.25	43759.68
1.87	0.0
1.68	0.0
0.71	13077.85
1.13	48302.85
1.52	1561.7
1.07	14.91
1.9	65.89
1.55	0.0
1.2	46014.43
1.5	0.0
1.79	20.66
1.04	6807.92
1.94	535.15
0.82	4970.49
1.21	0.0
1.53	3.44
1.72	337.45
1.1	18418.66
1.19	0.0
1.26	29.31
1.76	18.64
1.51	4080.75
1.49	0.0
0.93	17638.39
1.41	0.0
2.01	37.39
1.19	204.79
1.45	0.0
1.03	8253.99
0.74	25328.56
1.36	0.0
1.21	43.44
1.23	45.43
0.99	5553.6
1.83	0.0
1.98	0.0
1.13	5754.75
1.18	31576.2
1.67	0.0
1.09	4729.26
1.15	237030.33
1.82	0.0
1.53	0.0
0.8	12580.26
0.99	49171.33
0.91	96306.3
1.5	0.0
1.28	142.31
1.48	168.9
1.23	0.0
1.63	0.0
1.51	792.54
1.0	16953.75
1.16	34986.3
1.29	62.72
1.58	0.0
1.64	0.0
1.82	0.0
1.05	2889.97
1.62	0.0
1.16	866.73
1.85	0.0
1.86	0.0
0.89	104932.26
1.25	418.71
1.23	0.0
1.07	209.48
1.16	23844.72
1.35	0.0
1.73	620.92
1.39	1472.69
1.09	402.5
1.61	0.0
1.38	491.68
1.5	0.0
1.18	188207.47
1.93	0.0
1.89	0.0
1.38	0.0
1.15	164873.48
1.03	14564.3
1.88	0.0
1.23	91.62
1.24	2683.92
2.18	2.59
1.82	0.0
1.8	516.51
1.16	81.58
1.88	0.0
1.0	6905.0
0.98	61.06
1.92	14.28
1.08	2597.12
1.27	14325.27
1.15	667.82
1.2	227.92
1.85	0.0
1.74	63.86
1.08	18702.56
1.75	526.49
1.59	0.0
1.8	0.0
1.65	0.0
1.5	0.0
0.99	101626.05
1.7	7.33
1.28	0.0
1.19	752.17
1.58	0.0
1.69	3.09
1.07	11569.87
0.78	85323.07
1.18	801.09
1.84	414.55
1.47	0.0
1.74	0.0
1.88	0.0
1.44	0.0
1.88	8.35
0.96	8711.76
1.79	0.0
0.93	3240.16
1.24	4.7
1.27	999.8
1.25	530.89
1.05	7053.06
1.07	52451.86
0.74	70734.46
1.9	0.0
1.28	42257.73
0.99	18103.36
1.76	0.0
1.37	0.0
1.81	0.0
1.1	316856.73
1.09	42270.47
1.82	1022.13
1.6	0.0
1.92	0.0
0.9	18840.69
1.85	0.0
1.92	73.05
1.34	7065.04
0.92	13570.12
1.2	506.96
0.82	0.0
1.67	673.36
1.28	75.78
1.86	0.0
1.75	0.0
0.97	1410928.18
0.97	2704.69
1.34	0.0
1.88	16.1
1.63	0.0
1.69	712.15
1.1	2121.45
0.83	70943.62
1.3	0.0
0.79	62436.8
1.17	0.0
2.38	2.64
1.65	4688.87
1.1	733.22
0.94	9940.86
0.8	13332.23
1.63	0.0
1.78	819.17
0.95	79478.59
0.79	5527.28
1.03	831301.9
1.97	11.59
1.63	0.0
0.69	77844.97
1.66	3121.29
2.02	627.92
1.51	3790.49
1.63	708.11
1.03	16653.11
0.94	1932.9
2.09	0.0
1.13	33145.85
1.03	25751.74
0.92	27944.07
2.09	132.4
1.95	577.56
1.07	248818.72
1.5	0.0
0.94	388.83
1.33	69.74
1.17	42526.96
1.62	0.0
1.36	856.78
1.19	0.0
1.4	311.88
1.61	1.55
2.18	6.89
0.92	119829.5
1.18	16444.94
1.02	7040.95
1.32	2397.99
1.13	130.09
1.18	50319.84
1.47	0.0
1.34	0.0
1.38	0.0
1.95	0.0
0.82	6532.39
1.04	14906.36
1.0	4289.72
0.94	4255.15
1.5	83.21
1.04	105281.52
1.61	0.0
0.77	9753.52
2.25	47.48
1.47	66.42
1.29	0.0
1.63	0.0
0.99	668.99
1.2	102.42
1.82	0.0
0.98	710.02
1.28	102.06
1.57	28138.78
0.9	5155.25
1.11	240.79
1.45	0.0
1.85	45.84
1.77	791.99
1.14	294073.96
1.83	0.0
1.61	0.0
0.78	4233.66
1.79	0.0
1.13	554.04
1.35	2.23
1.19	3967.68
0.95	11404.82
0.88	15.54
1.35	1339.88
0.98	301.94
1.36	13.7
1.56	0.0
0.89	4323.68
1.39	0.0
0.93	120398.95
1.51	4883.55
1.82	419.63
1.76	0.0
0.88	2057.87
1.32	0.0
1.17	8138.99
1.4	0.0
1.71	310.31
1.05	103811.97
1.59	6911.26
1.06	6031.49
1.51	0.0
0.92	5288.3
1.15	0.0
1.79	0.0
1.87	0.0
1.28	0.0
2.24	0.0
1.45	0.0
1.41	659.56
1.54	30732.28
1.03	524.85
1.26	18.45
1.94	1016.7
1.2	143.41
1.92	0.0
1.67	96.0
1.09	183.95
1.23	205.89
0.93	3.35
1.32	35.68
1.42	0.0
1.44	1129.29
2.04	1269.58
2.05	27.99
0.89	78303.54
1.15	12055.67
1.09	717.48
1.1	1.47
1.02	19.99
1.35	0.0
1.8	5154.23
1.93	0.0
1.82	0.0
2.36	18.3
1.04	92.49
1.52	0.0
1.3	3.2
1.77	51.19
0.74	9817.28
1.35	66.45
1.65	0.0
1.11	0.0
0.98	5183.12
1.78	481.06
1.77	0.0
0.8	93961.98
1.16	38961.11
1.83	0.0
1.08	10921.95
1.09	37429.71
0.78	4923.05
1.76	0.0
1.93	1457.98
1.26	42267.91
1.0	13205.22
1.09	7912.88
1.84	0.0
1.19	5981.19
1.2	3823.55
1.15	227.53
1.36	0.0
2.28	921.71
0.66	64728.33
1.83	0.0
0.8	16013.68
1.79	0.0
1.0	38424.89
1.0	2981.8
1.75	864.71
1.11	16553.04
1.96	0.0
1.22	5487.61
1.98	33.86
1.7	0.0
1.86	0.0
1.07	3047.0
1.56	0.0
1.22	0.0
0.74	5931.86
0.79	13662.27
1.24	1528.3
1.27	0.0
1.79	498.66
1.09	45.91
1.17	480.44
1.79	531.25
1.73	0.0
0.87	14478.75
0.99	63099.7
1.41	69.48
1.36	0.0
2.33	0.0
1.22	73.35
1.42	11.49
1.88	0.0
1.01	41.65
1.92	11.65
1.03	12270.69
1.7	2396.87
1.35	0.0
1.34	0.0
1.16	67.91
2.32	0.0
1.35	30.8
1.03	11762.3
1.11	4760.21
1.79	968.1
1.92	0.0
1.51	0.0
1.87	0.0
1.76	645.0
1.11	48825.24
0.98	35.99
2.23	16.0
1.07	1154897.34
1.49	0.0
1.02	168586.54
1.15	6308.35
1.49	0.0
0.98	115.01
1.19	11726.4
1.0	75.22
1.65	0.0
1.57	135.42
1.52	749.3
1.62	0.0
1.86	439.19
1.43	0.0
1.04	871575.04
1.74	0.0
1.16	58.52
0.98	155862.52
0.95	163.96
1.5	0.0
1.22	0.0
0.62	11412.94
1.59	0.0
1.25	697.22
1.55	448.11
1.61	0.0
1.25	580.3
0.6	6041.54
1.35	0.0
2.0	661.17
1.03	25775.13
0.74	15065.01
1.21	777.66
1.32	3548.03
1.97	517.88
1.18	3321.89
1.71	23.54
1.21	485.39
1.94	11.62
1.08	7282.09
1.11	15542.64
1.87	0.0
1.06	871981.29
1.73	6.65
1.0	192.81
0.82	16298.54
0.93	138621.26
1.14	288141.07
1.47	10.92
1.13	1935.49
1.46	0.0
1.83	0.0
1.51	0.0
0.99	2122.09
1.8	0.0
1.24	8269.01
1.84	0.0
1.79	952.44
1.63	8.83
1.17	38260.1
1.71	0.0
1.36	1812.92
0.97	1070576.07
1.13	9762.41
1.81	612.99
1.52	4066.09
1.35	127.27
0.96	644.43
1.82	13.42
1.03	120.87
2.07	0.0
1.03	4243.48
1.19	36469.43
1.19	0.0
1.42	0.0
1.39	0.0
1.17	650.56
1.02	722.59
1.12	254187.47
1.15	13744.21
0.96	5433.8
1.35	0.0
1.48	0.0
1.82	0.0
1.98	0.0
0.96	20220.42
1.01	6545.55
1.93	7.75
1.09	6662.8
1.87	345.61
1.33	2885.0
1.69	0.0
1.72	931.33
1.13	99.97
1.44	48.34
1.06	5271.2
1.57	0.0
1.61	0.0
1.15	17991.98
1.21	50072.71
1.49	0.0
1.2	217.24
1.52	0.0
0.94	19211.54
1.16	29.66
1.28	1321.69
1.64	5956.87
0.96	7009.22
0.89	106.53
1.86	0.0
1.01	84.32
1.14	131.47
1.09	146.1
0.83	28797.39
0.65	7557.93
1.01	19429.67
1.71	0.0
1.85	0.0
1.18	25777.83
1.81	18.14
1.76	0.0
2.14	1348.57
1.1	9116.57
1.24	31.89
1.08	32660.15
1.93	53.66
1.63	0.0
0.93	129139.05
1.06	7891.16
1.29	1645.11
0.79	4633.28
0.95	110088.02
1.13	411.16
1.26	21.65
1.24	745.39
0.88	4905.63
1.38	0.0
1.44	0.0
1.7	4270.62
1.46	0.0
1.7	0.0
1.01	68607.44
1.46	54.55
1.48	194.73
1.21	25792.72
0.77	73432.89
1.35	4214.32
1.21	955.95
1.15	51109.85
1.65	566.83
1.24	2.93
1.25	30.75
1.99	0.0
1.83	0.0
2.06	0.0
1.15	133848.57
2.02	0.0
1.21	0.0
1.34	0.0
1.74	824.04
1.84	0.0
1.13	2028.31
