1.53	30952.79
2.34	2154.16
1.1	17701.12
1.88	569.28
1.79	153.88
1.63	6092.19
1.27	215068.66
2.01	16197.47
1.66	5477.67
1.67	14399.17
1.54	6014.66
1.19	568189.47
1.21	20278.37
1.61	3370.14
1.14	217474.07
1.58	4112.33
1.96	2540.93
1.85	2362.78
1.32	189919.51
0.89	258518.68
1.43	3973.9
1.46	6027.3
1.26	1060768.61
0.99	30231.78
1.38	34449.87
1.53	72.97
1.9	4277.28
1.35	769.47
1.09	2738913.76
1.03	1060753.67
0.98	91574.86
1.5	258475.58
1.55	43.82
1.69	12896.24
1.47	2789.26
1.44	4826.0
0.98	33116.75
1.27	19868.22
1.3	42392.76
1.95	66.51
1.44	2513.36
1.87	5300.75
1.26	3212552.24
1.27	2111936.1
1.79	1597.62
1.83	16559.95
1.57	917.96
1.15	1764210.85
1.17	50390.01
2.03	20743.71
0.65	287934.77
1.87	832.33
1.63	3032.72
1.21	2085.96
1.19	294414.04
1.55	41.6
0.83	1717599.45
1.0	498991.43
1.99	1470.53
0.85	39234.39
1.07	5140.89
1.9	3463.41
1.18	37854.42
1.28	393281.62
1.73	2506.16
1.11	18701.9
1.92	2407.32
1.26	82049.4
1.43	4326.02
1.03	9817.42
1.08	29728.3
1.02	1887110.85
1.12	241380.95
1.32	1347902.88
1.42	5897.44
1.53	29037.44
1.03	1986059.01
1.41	181.45
0.89	495487.54
1.0	90965.34
1.09	105590.91
1.07	19400.24
1.19	78092.72
1.32	27690.82
1.09	55945.23
1.66	3359.63
1.01	84968.04
1.24	20681.56
1.13	20986.36
0.96	40944.16
0.91	191061.91
0.91	2714363.53
1.88	553.8
1.69	13302.64
1.5	1.28
1.24	560871.56
1.22	85311.1
1.06	38710.22
1.95	3990.21
1.03	14746.53
1.52	51295.72
1.85	183.76
1.04	8025.5
0.78	264820.58
1.49	3627.94
1.72	75764.76
1.91	769.98
0.56	220124.25
0.89	269015.75
2.0	103.62
1.43	389.17
0.79	497878.86
1.09	24110.51
1.47	33492.63
1.19	60049.35
1.08	136.02
1.92	5898.07
1.04	2635028.38
1.78	271784.99
0.97	87106.49
1.76	103.61
0.94	262929.38
2.31	2459.91
1.02	87315.57
1.25	7707.94
1.25	19983.36
2.07	10615.36
1.09	593499.63
1.53	451890.53
1.75	68168.99
0.71	205181.23
1.15	482992.35
1.71	3488.67
1.93	178.78
0.98	48511.36
0.94	33415.88
1.21	33351.68
1.26	102000.52
0.76	1476714.1
1.8	5456.64
0.71	128168.65
2.31	49.36
1.9	23395.59
1.85	18325.17
0.82	66506.38
1.16	477975.75
0.71	208871.24
1.55	31.59
0.71	2348980.01
1.21	9218.89
1.09	23735.71
1.83	1014.34
1.8	4090.76
1.16	38945.34
1.46	4364.69
1.28	8290.39
1.07	237255.49
1.14	337.16
1.64	13297.52
1.12	292976.9
1.24	69582.68
1.03	73572.68
1.84	178.79
1.86	154.19
1.02	131772.59
1.91	123.39
1.29	580.15
1.94	13317.36
1.51	4454.61
0.94	291367.4
1.15	86722.03
1.84	3851.35
1.48	2671.18
1.34	80442.92
1.61	2943.69
1.6	4018.33
1.0	44341.92
0.62	439063.48
1.02	2788317.94
0.98	112958.68
1.1	48651.4
0.85	617233.39
1.39	3750.99
2.15	972.43
1.07	173105.77
2.21	1602.72
1.1	10684.39
2.08	1235.08
1.89	643.77
1.82	15072.15
0.92	22525.96
1.84	122.39
1.16	60701.02
1.08	71346.37
2.09	972.98
1.14	43618.93
1.56	30.18
1.71	4977.0
1.03	308443.03
1.66	568.47
1.56	127.31
1.14	533717.99
0.75	208439.29
1.17	35566.91
0.98	1758964.54
1.83	617.23
1.28	65696.86
1.27	176358.45
1.21	42192.26
0.82	439095.32
1.5	2141.91
1.1	1869271.31
1.59	3241.54
1.51	45874.1
1.09	14818.37
0.99	9003178.41
1.37	467572.13
1.86	793.97
1.4	54249.06
0.95	76222.46
1.29	77160.23
1.11	18618.84
1.74	9578.24
1.72	61.91
1.42	45443.61
1.63	7.19
0.89	177609.75
1.07	56896.42
0.98	47195.19
1.15	45226.73
1.04	91381.65
0.88	3403145.1
1.12	10821.85
1.34	229800.24
1.02	28964.04
1.32	41945.37
0.97	465604.19
1.89	59794.77
1.52	1866.45
1.19	273695.84
2.31	3796.6
1.51	14.34
1.4	24201.46
1.52	21689.75
1.77	2197.77
1.6	0.0
0.98	246747.13
2.38	2585.19
0.92	16312.06
1.74	3661.34
1.31	2522.36
1.93	263.94
1.08	430679.66
1.23	189.05
1.63	51274.78
0.77	365506.02
0.8	455203.42
1.09	1127882.44
1.14	86434.9
1.77	956.36
1.24	488323.33
1.84	1590.15
1.09	45325.78
2.02	1255.8
0.98	115618.11
1.51	1340.14
1.07	451470.42
1.83	44.38
1.37	749309.2
1.77	81.06
1.3	4221.15
0.87	1387819.83
1.67	3462.03
0.8	244879.52
0.78	2100246.17
1.21	2679760.58
1.8	4021.48
1.33	434.28
0.96	663554.32
0.83	321764.32
1.09	47028.39
1.12	27507.13
1.42	52954.82
1.14	1184264.91
1.86	1828.02
0.76	69484.66
1.66	2909.31
1.43	33.94
1.16	1737845.94
0.98	390302.38
1.72	298092.6
1.37	22526.2
2.02	10792.14
0.97	341836.86
1.5	7.72
1.08	508403.31
1.41	4129.59
1.19	21932.31
1.18	40352.61
1.6	2884.3
1.01	35662.29
2.06	1619.84
1.83	46.15
2.0	1669.42
1.63	51.47
1.02	6973.85
0.96	59821.03
0.89	107758.8
1.5	45937.58
1.18	560740.03
1.24	9758.15
1.25	488.5
1.24	79717.36
1.63	1809.47
1.33	209986.17
1.57	52934.16
1.2	41700.97
1.21	9886.68
1.08	35454.67
0.96	139016.06
0.98	1840716.14
1.49	0.0
1.43	5919.28
0.77	204147.69
1.08	1958437.1
1.61	26272.22
1.34	1390.2
1.68	1463.34
1.25	1240.67
1.35	3524.91
1.52	798.1
1.2	17025.48
1.47	23858.81
1.24	458207.46
1.17	441753.6
0.94	21553.04
1.27	38356.83
1.47	3491.54
1.34	15296.9
1.71	14933.22
1.04	445069.67
1.75	813.03
2.06	176.28
1.13	113204.3
1.88	6676.52
1.86	999.76
1.08	268057.07
1.12	454352.6
1.05	458178.77
2.4	2696.9
2.73	13395.36
1.65	7226.46
1.02	77644.18
1.7	149.88
1.64	485.09
1.92	6.2
1.82	1358.88
0.94	127874.99
1.13	66804.31
1.1	27581.34
1.84	1511.8
1.26	380514.08
1.53	3534.12
1.69	51718.64
1.03	72647.24
1.92	114.32
1.85	17156.71
1.7	39193.19
0.51	164460.99
1.62	1595.95
2.19	1506.6
0.96	18393.32
1.02	485150.34
0.98	75113.57
1.82	55.0
1.03	44707.74
1.71	9.4
1.29	39236.11
1.37	42320.51
0.97	58043.78
1.17	116.8
0.82	309275.19
1.0	37055.97
1.71	72391.43
0.53	204147.3
1.05	122122.69
1.02	10920.46
1.13	346964.7
1.27	205561.23
1.06	168621.69
1.26	89510.92
1.18	344396.92
0.96	86212.38
1.64	4490.5
1.75	238175.26
1.5	45.23
1.13	453729.65
1.16	61767.29
1.27	5007.42
0.96	9661.21
1.32	33149.83
1.12	53335.28
0.89	2582300.65
1.52	2218.83
0.97	86740.57
1.4	7175.41
1.87	16409.94
1.3	75495.03
1.11	18958.22
1.84	2700.02
1.58	32.09
0.89	526106.8
1.96	2753.95
1.08	845.07
1.64	3998.93
0.88	44789.17
0.75	2051392.83
1.04	453586.5
1.68	4244.69
1.07	99220.82
2.05	3601.95
1.7	4829.21
0.99	637000.1
1.63	2410.99
1.14	490485.76
1.98	228.13
1.92	631.45
1.63	16827.6
1.2	51014.61
0.72	175207.31
2.09	171.24
1.43	7687.89
2.01	11143.02
1.13	491074.45
1.41	3290.24
1.82	24.07
1.74	5604.0
1.46	3881.75
1.23	611797.34
1.25	100509.97
1.1	69978.38
1.06	23738.56
1.05	187820.87
1.07	11995960.83
1.35	150044.76
2.05	1735.13
1.25	258200.71
1.22	11705.02
1.3	460144.9
1.88	2051.73
1.08	274926.31
1.28	206011.16
1.47	58.47
1.55	9426.01
0.77	401259.86
1.39	7467.65
1.31	57857.02
0.79	396361.0
1.27	444.54
0.8	131576.51
1.76	7660.4
1.13	265837.45
2.59	13915.36
0.93	13133.92
1.11	1142.06
1.42	349907.52
1.11	194838.77
0.67	200514.36
1.85	16857.65
1.59	74972.26
1.8	833.02
1.52	8946.0
1.58	12416.63
1.55	1356.02
1.33	73754.3
1.03	54456.01
1.03	78566.88
0.87	100444.22
1.72	0.0
0.54	188115.35
1.61	46706.82
1.68	14235.26
1.7	39087.25
1.17	982380.32
1.97	54821.89
1.25	7319.36
1.03	2546.09
1.07	61870.63
1.59	58422.4
1.26	294164.23
1.64	12767.2
0.99	63074.74
1.92	1802.84
0.97	19284.06
1.16	43139.43
1.12	33789.94
1.06	172173.77
1.14	464034.18
1.65	149.62
0.52	199669.94
0.76	424395.94
2.01	760.39
1.41	6294.57
1.35	2832.21
1.36	65551.05
1.49	20720.77
1.89	20980.13
1.04	32449.21
1.0	31599.19
1.23	414826.51
1.3	205512.49
1.74	10.19
1.98	523.9
1.85	17818.18
1.1	60267.01
1.5	2865.37
1.06	666010.38
1.03	6174.2
1.7	14224.98
1.16	298081.99
1.72	5.96
1.09	1939235.3
1.65	20035.04
0.86	31214.29
1.96	14573.33
1.75	30.16
1.4	2108.83
0.93	217323.81
1.16	1208256.11
0.77	302577.78
1.0	535932.2
1.06	146965.54
1.96	198.74
0.83	129978.67
1.33	147608.3
2.07	20743.86
1.03	131660.3
1.12	1839862.82
1.11	383573.77
1.67	3641.12
1.81	6467.03
0.99	69555.83
2.36	2509.01
1.15	464476.33
1.11	76047.9
0.99	2120111.56
0.75	375820.52
1.57	692.85
0.94	155590.5
1.83	2660.93
1.16	369924.19
1.87	154.75
1.48	303.47
0.97	10680.54
1.35	61668.49
1.23	11520.76
1.02	13775651.69
1.92	848.18
1.91	19.66
1.32	5844.25
1.75	155.83
1.55	772.41
1.83	8648.92
1.24	35032.65
1.46	1072.14
1.56	68.05
1.66	11663.77
1.73	1892.8
1.15	424560.81
1.8	2981.01
1.65	28424.2
0.77	100148.7
1.49	1657.53
1.94	2870.92
1.0	29758.0
1.59	1454.55
2.02	822.27
1.6	506.83
1.35	10638.92
1.02	120830.33
1.44	932216.48
2.29	956.65
1.9	8881.24
1.74	266.54
1.41	268.05
1.84	3525.73
1.15	399851.59
1.64	35593.5
1.78	8453.37
1.77	305.12
1.6	5424.93
1.5	4755.78
1.22	40726.41
1.22	37562.72
1.44	3132.56
0.98	1794703.2
1.84	2943.26
0.81	96112.02
1.13	6403.66
2.24	2489.29
0.93	445218.79
0.96	7840.61
1.08	120579.39
1.09	26134.29
0.98	131737.84
1.05	93000.23
1.09	5300.3
1.77	17999.1
1.51	14.56
1.7	2610.02
2.19	60.54
0.75	357330.3
1.38	3738.62
0.93	10805838.91
0.78	123465.83
1.2	74695.44
1.07	146360.2
1.38	349648.86
1.2	2985953.81
1.52	11835.47
1.19	1060.84
1.13	99557.66
0.96	24260.86
0.88	94093.55
1.88	2847.3
1.43	5.28
1.15	266024.34
1.76	60.41
0.89	115591.25
1.99	2841.33
1.05	30942.26
1.81	6161.04
1.52	36107.8
1.72	1465.5
1.1	32538.95
1.33	38353.35
0.97	16059.69
1.13	1923893.11
1.52	1115.21
1.54	115.96
1.05	188263.2
2.05	63.42
1.28	792683.64
1.01	61051.45
1.0	64264.48
1.69	49.21
0.74	199938.3
1.05	141969.26
0.99	18010.18
1.36	51801.73
1.47	91.73
1.39	2306.95
1.25	12861.93
1.04	495731.7
1.98	3851.76
0.8	128438.87
1.07	50907.67
1.15	1239353.81
1.77	2088.94
2.09	1041.09
1.7	5025.58
1.15	10462.72
1.05	100709.15
1.8	1776.16
0.7	201234.96
1.91	1883.44
1.14	1355609.83
1.14	1359710.96
1.6	107.49
1.19	128772.37
2.06	1218.57
2.0	46.64
1.97	1394.0
0.96	16450.96
1.84	2484.81
1.17	190950.32
1.88	643.91
1.68	3959.43
0.98	249362.94
0.71	403760.93
1.09	41992.44
0.88	90767.27
1.39	222182.25
0.98	21585.56
1.27	6344.03
1.45	130.62
1.4	70434.57
1.65	114.59
1.73	59.82
1.07	590998.11
1.97	8805.98
1.82	4869.08
1.41	33.07
1.84	26.89
1.05	503984.46
1.07	94362.67
1.52	676.97
1.07	184349.52
1.95	10974.3
1.24	536926.08
1.22	486.67
1.13	30374.15
1.59	59089.47
0.78	100110.13
1.58	351965.39
1.79	676.38
1.65	7.2
1.52	206198.62
1.28	2070661.43
0.98	299770.04
1.14	176922.79
1.62	134.51
1.48	6.34
1.5	312193.09
1.87	631.84
1.19	47558.4
0.77	1416248.77
1.22	8956.16
1.35	4621.31
1.55	2193.93
1.12	18040.85
1.52	1780.46
1.76	2710.15
1.01	163944.2
1.42	135705.27
1.07	530475.53
1.72	1289.81
2.04	13499.38
1.29	1958075.38
1.1	524971.24
2.08	9765.56
1.44	3066.94
1.76	5237.43
1.91	15250.35
1.01	2453.22
1.63	2366.56
1.36	20482.33
1.2	2330694.41
1.01	153832.57
1.58	75401.95
0.88	13301.01
1.46	0.0
1.73	5.89
0.93	162734.28
1.81	9190.36
1.83	4678.19
1.23	70469.69
1.39	253.39
1.39	30246.27
1.63	14368.7
1.43	125712.73
1.46	1442.0
1.14	1377202.12
1.13	2055125.98
1.35	1133.16
1.67	94.74
1.1	18718.27
1.47	7509.63
1.63	12357.79
1.72	5.85
0.95	74532.61
1.94	1606.29
1.28	213297.91
2.03	1596.46
1.24	19471.72
1.86	67.3
1.06	955972.74
1.19	158314.43
1.09	3354876.63
1.12	386137.78
1.67	1608.75
1.03	47118.94
1.57	12733.52
1.08	1650327.26
1.11	236520.37
1.3	459.19
1.43	242740.8
1.46	11403.27
2.02	8167.79
1.63	3.61
1.82	328.49
1.01	12134773.38
0.78	517669.77
1.68	206.96
1.88	2160.38
1.96	1973.83
0.96	17917.39
1.05	7959.95
1.29	210334.54
1.25	220538.2
1.58	60044.76
2.04	3304.23
1.07	372165.06
1.92	166.18
1.13	1723625.04
1.5	54007.48
0.88	177686.12
1.65	51664.23
0.92	2416002.43
0.91	116683.58
1.26	19572.08
1.58	2113.94
1.82	9164.65
1.1	1209150.04
1.79	48.24
1.76	1201.62
1.16	2316404.82
1.05	264351.96
1.27	418251.03
1.82	21.71
1.17	1032606.49
1.49	6895.9
1.83	53808.76
1.24	85410.46
1.61	185.78
1.28	37151.03
2.07	9002.2
1.22	41825.39
1.2	183080.97
1.85	229.94
1.07	35056.13
1.36	768131.81
1.28	72826.86
1.76	24647.6
1.12	577460.34
1.33	198361.8
1.48	13023.85
0.93	516718.52
1.03	42072.81
1.59	15076.29
1.15	5220.51
1.43	32544.28
1.24	189014.61
1.25	361677.37
1.2	1478975.82
0.77	425539.41
1.8	1442.16
1.27	559825.17
1.6	50913.46
0.95	68490.51
1.3	42798.99
1.75	36.31
1.86	22.7
1.31	49880.67
1.12	16508.21
2.18	9782.05
1.06	15444.74
1.75	1244.41
1.2	318115.81
1.09	45806.33
1.07	463079.81
1.57	68315.02
0.86	400644.42
0.76	123745.68
1.93	12683.96
1.2	41712.52
1.22	64419.93
0.85	150523.33
0.8	1630407.36
1.56	43641.28
1.21	320.11
1.48	26661.77
0.79	1202270.23
1.11	439309.16
1.15	532028.74
2.03	130.62
1.92	675.06
0.57	157108.31
1.08	44739.72
1.32	34386.84
1.66	2325.24
1.66	816.29
1.65	25306.56
1.02	396752.18
1.09	113515.58
0.95	91047.32
1.86	910.36
1.33	2102179.57
0.99	947562.49
1.48	4464.75
1.17	119798.85
1.83	3763.92
1.72	7961.62
1.63	89.4
1.26	38461.41
1.56	3477.96
1.86	5180.96
1.39	11724.78
1.17	44777.85
1.22	55881.05
1.16	31170.09
0.96	75478.01
0.98	134956.77
1.77	2735.0
0.99	592279.23
1.5	47845.57
1.17	131571.17
2.03	2644.38
1.02	118435.79
1.7	7341.19
1.1	1311502.53
1.68	2719.94
0.84	447751.9
1.46	1652.88
1.01	27040.2
1.41	2588.45
0.96	21007.77
1.18	171527.43
1.39	6512.06
1.6	5418.35
1.8	1972.05
1.17	467848.98
1.48	51542.88
1.48	362.7
1.9	126.69
0.77	220374.84
0.95	58036.49
1.01	455362.38
0.99	60017.2
1.51	3605.45
1.27	3033.84
1.23	218611.12
2.05	1091.29
0.98	65116.35
1.98	55879.18
0.93	579426.16
0.97	42269.54
0.83	505580.16
1.86	3545.8
1.14	61067.3
1.5	4925.51
1.21	51869.47
1.32	5920.71
1.54	42963.06
2.07	1464.36
1.84	13870.67
1.29	499.9
2.05	2152.1
0.96	1649936.05
1.16	48153.33
1.36	755537.72
1.22	50.99
1.68	278912.22
1.98	3139.24
1.62	4197.32
1.79	1219.02
1.23	226193.52
1.65	58929.65
1.32	5374.06
1.56	2468.79
1.26	38118.77
0.99	8769.22
1.04	152265.41
1.94	1873.44
1.45	21576.29
1.35	8586.46
0.96	99815.2
1.4	150490.66
1.37	1103694.97
1.55	4642.83
1.01	9195.02
1.07	8371.74
1.26	43745.86
0.96	21552.54
1.78	5184.42
1.48	47527.65
1.23	251341.3
1.66	2060.44
1.26	365471.2
1.12	1886168.89
1.5	0.0
1.59	5966.03
1.85	1531.18
1.36	688201.27
1.09	600833.1
1.69	3268.67
0.91	146962.49
1.04	19254.39
1.14	1596909.93
1.69	949.01
1.23	21351.58
1.6	63408.14
1.79	1510.47
1.37	57545.79
1.18	338130.6
1.03	33225.37
1.79	10900.1
1.15	534412.71
1.15	8022.13
1.02	13509064.65
1.23	58197.34
1.88	879.99
0.83	1833545.05
1.26	233164.62
1.47	262559.59
1.19	252306.55
1.93	1425.94
1.24	8543.63
1.24	71859.63
1.65	41130.51
1.14	1234664.0
1.4	34897.03
1.24	58616.16
1.59	1701.25
2.37	3667.53
2.0	834.34
1.17	9304.08
1.31	622.23
1.47	46.33
1.9	9414.03
1.6	371.43
1.34	82183.07
1.9	6546.95
1.14	81353.84
1.24	54059.83
0.87	1352548.07
1.95	16533.45
1.15	44839.12
1.02	112611.12
0.89	18956479.74
1.08	50545.78
1.64	4319.15
1.46	48416.71
1.13	68496.4
1.69	15.26
0.91	36532.33
1.07	1743509.25
1.91	24.55
1.59	3.95
1.19	49072.16
1.48	34.57
1.33	184720.11
0.91	896514.3
1.68	24678.0
1.82	7001.62
1.44	57296.83
1.43	5358.58
1.09	448207.79
2.05	50.57
1.1	42663.06
1.7	4774.78
1.69	43284.57
1.19	312.85
1.09	64607.97
0.82	192913.11
1.1	188351.71
1.41	3331.02
1.43	240591.74
1.22	205582.46
1.87	97.82
1.59	22861.04
1.84	2127.85
1.21	2720.68
1.44	30751.68
2.02	3491.3
1.55	891.47
1.35	6346.51
1.11	94794.75
1.55	25888.63
1.72	3722.48
1.03	24065.27
0.95	35336.71
1.74	7936.29
0.98	86614.43
1.56	120177.62
1.02	63038.53
1.09	1444401.99
1.12	1843047.36
1.26	57717.17
1.46	249070.68
0.67	209350.93
1.48	3761.84
1.61	68.35
1.58	15407.35
1.14	378295.9
1.13	43381.39
0.83	266044.08
1.91	1327.79
0.99	45633.34
1.5	148667.1
1.0	59424.49
1.85	2618.03
1.53	5530.28
1.0	13258.26
1.01	29942.92
1.5	11.73
0.95	466313.49
1.28	4720.12
1.6	324919.62
1.06	42235.42
1.15	59786.79
1.29	196807.93
0.99	21183.7
1.02	463238.46
0.93	186372.86
1.07	10867403.08
0.85	1408136.41
1.93	17148.75
2.01	2751.73
1.36	3584.05
1.66	61338.68
1.01	466641.12
1.07	2286235.79
1.57	18.16
1.83	165.22
0.74	154758.26
1.13	1636659.9
1.44	42174.14
1.13	437183.58
1.11	100758.01
1.09	178459.6
0.58	180676.87
1.96	1404.09
1.03	523492.97
1.72	1160.53
0.93	165454.45
1.43	55018.95
0.99	17880.43
0.92	2825876.79
1.27	88.26
0.92	10819.78
1.02	33743.19
0.99	24481.09
1.03	548712.47
1.21	23281.52
0.7	154971.84
1.08	454026.16
1.9	88.25
1.34	866.31
1.4	319176.32
0.98	48908.4
1.25	179938.31
1.18	485262.12
1.8	13476.2
1.83	17.59
1.36	486.87
1.38	24675.99
1.19	38684.45
1.43	3688.02
0.83	65644.34
1.7	518.39
2.35	813.54
1.19	229492.52
1.22	8929.9
1.65	1193.4
1.22	19097.27
1.14	216791.05
0.99	47471.02
1.01	226577.97
1.4	5686.47
1.2	580.43
1.04	1328.8
1.43	42703.28
1.46	5216.4
1.74	2047.54
1.35	27340.54
0.94	188533.85
0.98	29682.52
1.53	46066.59
2.14	2199.02
1.12	46223.69
1.25	51530.22
1.79	173.27
1.7	17469.75
1.48	65.11
2.15	744.32
1.02	2059657.71
0.95	369076.25
1.08	6821.52
1.57	20.14
1.26	418105.36
1.35	1647.92
2.09	107.87
1.84	8541.06
1.54	71.5
1.07	1557507.45
2.02	1956.83
1.04	85578.17
1.32	2098784.32
1.88	677.58
1.4	24884.63
1.09	450192.76
0.9	281941.22
1.04	156651.22
1.94	24247.68
1.1	72736.73
1.27	956051.1
1.83	57.81
1.25	181977.84
1.45	45111.21
1.03	12277858.78
1.61	84.27
0.98	109166.71
1.17	232459.75
1.32	216923.02
1.95	1234.91
1.4	4598.59
0.93	393920.63
0.91	20511.16
1.06	143893.61
0.99	20765.29
1.19	47220.75
1.48	7398.74
1.78	2105.43
1.03	31703.17
1.94	1052.29
1.14	134230.11
1.19	272213.83
1.19	6544.15
0.82	1234911.39
0.97	39338.15
1.61	3550.53
0.83	1856953.2
0.82	319277.99
1.75	17.95
1.51	22.02
1.9	30.53
1.16	401133.25
1.43	222314.6
1.3	5707.23
1.14	282587.99
1.26	21210.42
1.09	12219014.12
2.07	55.1
0.97	47838.42
1.35	356.44
1.68	762.49
2.0	2895.73
2.72	13737.17
1.36	2492744.36
1.95	1865.32
1.77	130.95
1.85	6195.85
1.63	3597.75
1.22	84797.31
1.21	88080.11
1.78	2766.99
1.13	1649082.75
1.47	2899.9
1.32	10352.17
1.1	18324.76
1.1	404837.9
2.21	9549.06
1.41	511.07
0.97	34019.62
0.76	374230.89
0.96	23238.8
1.05	33397.18
1.24	253562.76
1.22	28287.42
1.2	1125853.0
1.69	2377.54
0.91	152332.2
1.41	21089.41
1.9	25193.73
1.43	871213.06
0.98	7119.52
1.53	4392.69
1.8	1521.26
1.49	2497.62
1.1	1616355.0
1.29	114.04
0.8	271152.06
1.83	35.41
2.39	2053.79
1.8	1499.19
1.73	134.32
2.18	2276.05
1.17	872603.6
1.09	377129.38
1.24	3328289.46
1.55	9164.18
1.78	1581.83
1.18	522568.44
1.23	41541.46
1.11	141949.05
1.65	261.1
1.84	1885.25
1.04	10734652.82
1.46	30121.84
1.44	7061.55
1.78	1308.94
1.07	50452.59
1.76	105.25
1.19	617813.87
1.68	3226.58
0.99	115316.24
1.18	29529.64
1.5	3819.72
1.6	225216.4
1.14	498857.3
0.89	157400.74
1.09	59731.79
1.48	2326.79
1.49	1.3
1.88	522.91
1.94	12152.1
1.57	24405.82
1.48	56.15
1.16	499100.39
1.0	48984.19
1.56	68165.17
1.57	102.56
1.6	46265.47
1.05	40184.52
0.87	59739.98
1.89	172.14
1.63	76.18
1.19	120942.94
1.57	19.22
1.89	2783.78
1.49	4880.71
1.8	3751.82
1.79	1893.33
1.15	34703.33
1.49	446.65
1.59	26526.91
1.0	71335.62
0.68	315653.39
1.65	155.21
1.43	2619.52
1.76	14625.55
1.67	941.11
0.97	29350.55
1.7	0.0
0.83	2164098.99
1.14	185189.82
1.54	39831.66
1.55	1872.21
1.38	398.95
1.9	569.59
1.79	145.17
1.11	412581.04
1.04	12513821.19
1.19	185098.36
1.9	593.56
1.75	44.49
1.41	49556.91
1.75	3844.81
1.19	44085.07
1.44	51023.86
0.97	73675.85
0.91	147281.28
1.75	52.89
1.84	64.68
1.87	444.69
1.09	554857.41
1.07	116392.81
1.23	735.22
1.83	125.23
2.05	2977.95
1.12	51940.14
0.58	293505.07
1.22	44671.1
1.31	2552885.19
1.19	128614.97
1.74	5582.97
1.9	885.31
1.05	576153.62
1.2	46906.06
1.24	893.97
1.25	35897.43
1.02	18106.55
1.79	2622.79
1.47	0.0
2.0	14260.6
2.14	8814.15
1.11	101618.92
1.19	188384.71
0.83	408395.74
1.12	5258.21
1.89	79.35
1.12	250129.65
2.01	3021.0
1.06	30045.51
0.99	63182.62
0.95	81160.21
2.05	836.3
1.24	220364.77
1.78	2583.24
1.61	70456.63
1.07	97697.59
1.11	220991.54
1.59	49103.5
1.16	442834.07
1.36	54492.85
1.78	6971.06
1.17	54873.96
1.79	1644.8
1.21	481792.41
1.18	244536.03
1.84	1449.2
1.04	113850.46
0.98	21747.26
1.83	99.36
1.36	21961.57
1.44	2432.81
1.77	49.66
0.89	18774.04
1.38	2859.4
0.77	154805.84
1.18	1025372.06
1.05	41702.47
1.81	1299.64
1.23	287778.52
0.95	122178.0
1.4	35943.26
0.96	31583.38
1.13	23867.6
1.86	915.97
1.96	1475.82
1.89	84.17
1.64	4001.1
1.49	249686.75
1.69	1416.23
0.98	113772.11
1.5	1.3
1.66	8211.33
1.52	61.61
0.95	62544.19
1.33	21441.05
1.5	2676.3
1.97	18983.33
2.27	2636.67
0.86	458982.9
1.43	270397.51
1.33	68666.01
1.65	2249.16
1.0	584093.63
0.94	627503.98
1.78	12022.04
1.4	2627.53
1.0	975141.69
1.6	25260.38
0.84	390554.54
1.43	2917.93
1.59	117.99
0.76	163481.6
1.07	78433.37
1.5	9299.99
1.37	80053.62
1.61	823.66
1.98	165.26
1.68	778.93
1.96	16510.02
1.13	3291930.64
1.08	232248.98
1.21	39575.0
0.93	128858.15
1.64	2725.29
1.45	44127.27
1.37	207.93
1.02	430725.78
0.78	1559601.21
1.28	1312242.38
1.19	273227.27
1.17	75205.48
1.81	122.82
1.29	1368.91
0.99	13922.67
1.45	379382.1
1.3	74169.01
1.48	2789.25
1.03	10443.49
1.75	186.61
1.05	420936.8
1.1	25858.76
2.32	3733.01
1.83	137.92
1.12	22043.38
1.22	1964333.5
0.95	224599.46
1.17	6589.77
1.9	8510.42
1.35	48195.95
1.79	20882.01
1.67	1045.34
0.98	23440.35
2.03	10901.43
1.19	199395.25
1.05	51261.23
1.73	8.38
1.83	128.39
1.08	32775.08
1.26	480.43
2.07	1601.85
1.82	858.4
0.91	229488.26
1.29	431532.87
1.89	25453.69
1.08	441015.24
0.81	558302.72
1.03	179049.25
1.78	538.4
1.43	999.31
0.91	824745.44
1.28	10410.41
0.95	2650986.14
1.39	13364.66
0.8	406523.56
1.36	1529.97
1.04	690167.81
0.79	1709201.45
1.03	6608.1
1.17	519006.76
1.26	455307.39
1.6	162.95
1.71	959.24
1.15	44167.57
1.25	13270.16
0.85	455405.46
1.23	214547.09
1.24	543002.3
1.84	6146.39
1.54	5406.05
1.93	1059.09
1.69	160.14
1.72	912.87
1.15	47874.46
1.53	1781.31
1.26	64770.61
1.73	1392.66
1.1	75604.83
1.62	7210.53
1.2	690.68
1.18	24432.93
1.1	1290583.13
0.99	21630.9
1.95	1072.94
1.75	11315.26
1.12	21670.78
1.22	40984.47
1.77	1947.83
1.71	1202.97
1.19	1066608.5
1.3	38450.22
2.16	1514.86
1.31	898.59
1.62	5119.6
1.29	34941.84
1.37	35409.64
1.78	5542.16
1.79	130.35
1.81	126.26
1.24	8949.13
2.4	3786.57
0.95	53470.54
1.24	208546.45
0.84	702841.97
1.05	70690.71
1.26	4780.37
1.06	144761.07
1.93	57990.08
1.23	78353.97
0.96	7985.48
1.36	13336.25
1.16	379156.09
1.65	18741.42
1.34	418.01
1.42	799.87
0.94	20102.72
1.77	32.38
1.44	2929.8
1.68	3811.97
1.61	44774.06
1.03	45291.88
2.11	1441.63
1.68	56.36
1.54	1568.59
0.93	166867.82
1.23	24318.2
1.53	5150.91
1.79	3109.69
0.9	1760956.02
0.98	137560.99
1.16	9069.38
1.0	31883.26
1.68	173.38
1.64	114.22
1.08	106308.89
1.15	49319.51
1.87	17175.28
0.9	126683.91
1.19	64964.66
1.88	11840.73
1.05	270107.61
1.35	445.77
0.91	295585.52
1.92	12724.89
1.81	45.68
2.75	13047.24
1.2	21555.66
1.1	213514.26
0.99	57952.32
2.3	2269.13
1.2	386398.73
1.17	29926.02
1.11	41999.51
1.03	522040.27
2.06	1300.71
1.12	34231.9
1.1	45446.17
1.13	46915.77
1.36	1084529.78
1.25	192075.86
1.98	620.24
1.59	1206.17
1.76	25.19
1.68	41242.41
1.11	40081.18
1.19	71376.81
1.01	62401.26
0.75	278067.11
1.46	278.7
0.8	1385674.25
1.19	66045.81
0.66	241774.69
1.52	61859.85
1.65	1077.97
1.7	28.85
2.17	2505.19
0.95	2292761.26
1.12	16576.75
1.5	34362.43
1.03	64658.41
1.02	158957.39
0.92	18630.27
1.4	1146.18
1.08	6342.37
1.04	8536.94
1.05	151163.75
1.27	2759.23
1.17	112023.17
1.06	62718.27
1.35	6282.96
1.44	43271.55
1.94	127.76
0.96	456562.55
1.81	1248.73
1.86	20043.89
1.3	2670469.78
1.24	19717.01
1.05	137367.2
1.46	347.0
1.81	3895.14
1.34	2954175.96
1.02	407520.22
1.11	1282053.45
1.02	128141.12
1.54	8519.0
1.58	261.9
0.98	78805.63
1.42	5425.94
1.95	1099.96
1.05	20939.99
1.19	26271.71
1.2	3051823.18
2.21	10026.69
1.11	38244.11
1.05	5802.65
1.22	9452.15
1.57	1998.19
1.99	1959.09
1.67	2009.89
1.49	43655.31
1.02	98090.75
1.39	5729.32
0.89	60544.64
1.11	60772.22
1.11	581941.46
1.38	57999.61
1.09	97691.27
1.02	31464.67
1.0	45406.39
1.11	68939.61
0.75	592196.29
0.96	7393.99
1.25	469.87
1.68	20.31
0.79	1782045.18
1.49	76060.75
1.09	28903.88
2.31	9225.5
1.29	40701.65
1.54	3153.99
1.65	3803.44
1.32	57668.67
1.69	18480.44
1.54	249160.89
0.94	119298.5
1.84	21385.14
1.05	576512.71
0.94	419199.06
1.07	8307.47
1.72	10525.36
1.07	427358.64
1.63	685.41
0.76	378124.28
2.01	48820.15
1.76	93.38
0.96	27284.43
2.03	1081.19
1.03	1695841.56
1.26	490.02
1.17	488591.6
1.23	5048.8
1.39	5442.25
1.01	37314.24
1.83	1390.5
0.63	163229.81
1.71	3115.87
1.14	7206.22
1.93	656.63
0.98	2027603.38
1.19	40448.49
1.3	895.67
1.79	17082.17
1.82	2272.83
1.34	37696.27
1.12	55038.8
2.73	13512.74
1.2	362226.14
1.44	21460.13
0.95	98513.1
1.44	2725.99
2.04	14816.24
1.85	6614.63
1.81	8233.79
1.0	78503.43
1.0	10121.42
1.08	52753.42
1.19	464251.81
0.82	1523777.99
0.87	1627240.76
0.98	591640.18
1.38	3192.62
0.98	8930.71
1.14	566241.35
1.53	8741.03
1.19	397911.35
0.79	307628.06
1.59	3008.82
1.9	243.82
1.06	75823.92
1.23	1743.54
1.64	2958.17
0.95	697969.61
1.82	690.02
1.13	477305.38
1.68	3162.23
1.53	38095.48
0.85	1596329.01
1.94	17960.82
1.15	44019.64
1.22	51179.38
0.92	11699787.51
1.68	152.59
1.33	4327.52
1.21	23114.49
1.79	204.38
1.14	2230693.51
0.73	261026.33
2.16	12040.49
1.4	277233.41
1.27	688.26
1.01	1950436.22
1.59	23109.9
2.17	5095.95
1.47	36730.4
0.95	13381347.54
0.97	58232.21
1.7	1357.51
1.9	2.39
1.38	851.3
1.01	7695.78
1.85	5744.36
1.05	2070974.14
1.04	429601.75
1.14	39009.78
1.97	1775.25
1.1	1460066.36
0.99	51930.95
2.02	142.9
2.1	4378.88
1.85	4500.75
1.12	2025016.15
1.14	102587.16
0.99	5754.04
1.88	1272.7
2.11	20046.99
1.36	22231.33
1.06	81138.97
1.66	3050.67
1.88	617.83
1.79	1494.47
1.15	41906.78
1.11	422479.32
1.22	204089.22
1.5	2365.13
1.83	2489.26
1.0	23419.6
1.66	304368.47
1.0	30064.22
1.84	1312.61
1.81	2068.04
1.94	94.73
1.48	55925.95
0.81	1704035.46
1.01	46253.49
1.3	202459.2
1.01	144983.7
0.98	19371.52
1.85	3504.8
0.99	1023.83
1.23	64754.24
0.94	813280.77
0.92	926444.37
1.24	63065.93
0.81	1226508.86
0.93	451194.73
1.04	2054710.68
1.13	44017.79
0.67	376914.26
1.28	3413.01
1.66	4443.29
1.16	557363.94
2.0	168.41
1.88	22389.09
1.17	155468.95
1.23	502502.44
1.02	10973972.6
1.66	62469.04
1.48	21619.82
1.54	11551.57
1.18	101051.47
1.42	5159.16
0.96	8913.72
1.5	24809.12
2.31	2302.09
0.96	1933699.49
1.03	538010.14
2.07	1526.88
1.49	1260.31
1.55	58492.04
1.12	71030.22
1.57	50.55
1.54	377054.83
1.7	5396.93
1.81	54445.94
0.8	278244.62
2.01	19017.27
0.75	147958.43
1.7	38841.85
1.09	64117.55
1.33	310906.06
0.98	535324.57
1.64	492.28
1.83	983.02
1.1	2196704.97
0.75	107964.22
1.72	102.71
0.53	180388.89
1.35	826.06
1.37	380650.64
1.24	42454.42
1.92	20525.36
0.81	11860.86
1.33	1585.47
1.02	83225.67
1.21	4143702.97
1.15	315079.1
2.24	10984.36
1.32	8060.61
1.67	52704.34
1.62	124.01
1.91	819.84
1.96	52035.43
1.15	426237.27
1.24	544663.98
2.0	57015.39
1.51	30398.61
0.7	112070.95
1.01	17516.63
1.24	594214.84
1.55	10206.13
1.31	477146.12
1.66	30041.24
1.39	6336.98
2.23	2079.43
1.33	59313.12
1.65	2225.93
2.02	4883.81
0.88	313129.29
1.59	39.83
1.07	168300.62
1.19	339299.3
1.34	1031.77
1.06	1827783.28
1.74	90.36
1.7	3564.95
1.87	6490.53
1.16	60507.97
1.54	4602.5
1.45	6291.91
1.56	21227.82
1.18	71027.65
1.52	20438.43
1.51	2167.08
1.15	287792.49
0.6	234926.57
2.11	41.52
1.95	1080.43
1.01	12659784.83
1.0	317728.0
1.62	27912.51
1.5	29.63
1.18	66963.59
1.03	139527.28
1.9	687.58
1.22	125281.89
1.22	77251.43
2.08	1265.39
0.98	9348.72
1.97	2873.92
1.58	0.0
1.42	6916.72
1.18	274970.73
0.91	29076.74
1.68	894.97
1.06	135093.59
1.06	17616.44
1.66	2740.64
1.35	72600.55
0.97	61716.04
1.1	28457.8
1.15	41216.44
1.09	25222.92
1.09	79606.69
1.02	11210544.11
1.29	2003076.22
1.8	3282.68
1.66	3354.35
1.74	1936.8
0.92	8059.68
1.31	0.0
2.45	2832.42
1.12	570147.23
1.36	20741.07
1.14	13612.91
1.88	156.68
1.47	11.79
1.69	695.07
1.79	2581.64
1.67	264482.87
1.82	2479.23
1.68	17362.62
0.99	14082539.61
1.68	18163.91
1.48	221.62
0.91	126743.26
0.93	245815.73
0.98	71209.89
1.08	12551529.7
1.78	61.14
0.97	2971.94
2.26	2234.24
0.89	2170792.82
1.09	9060.49
0.82	358628.24
1.17	348863.51
0.94	10599.98
1.13	229939.77
1.2	13979.81
1.1	161574.35
1.92	1704.54
1.68	14243.03
1.73	23.95
1.92	3262.67
1.81	1951.63
1.18	1798911.33
1.49	1052.49
1.39	11779.34
0.95	2022524.08
0.76	348535.22
1.03	201858.0
1.17	263608.21
1.63	1769.04
1.05	139863.58
1.64	35512.66
1.19	24453.69
1.86	606.83
1.93	202.52
1.53	23586.71
1.22	671.88
2.09	5065.13
0.96	167585.16
0.92	153100.22
1.77	1876.4
1.7	1301.83
1.43	81955.16
1.93	731.44
1.67	49.42
1.55	177.18
1.41	25715.73
0.9	1305809.85
0.9	8985.9
1.2	203705.17
1.09	111964.57
1.26	5752.63
1.05	14861.33
1.77	244950.88
1.44	199103.98
1.73	5079.88
1.29	211955.75
1.54	33759.12
1.87	735.23
1.7	64669.41
1.26	228985.5
1.0	23821.16
1.55	5.44
1.22	554501.21
1.0	1680591.43
2.21	2836.26
1.85	52.79
1.7	27350.5
0.81	1298842.9
1.17	468591.76
1.19	142250.13
0.98	56765.08
1.08	8423.57
1.56	3908.46
1.08	48498.63
1.03	21592.13
1.0	52440.39
1.09	2860709.93
0.75	330566.17
1.58	870.07
1.44	44304.28
1.96	1467.6
0.72	368421.28
1.38	829.5
1.05	12998327.25
2.21	12224.75
1.09	427723.2
0.9	503077.81
1.25	43147.8
1.56	3782.28
1.01	131201.91
1.66	15358.54
1.25	75345.64
1.53	6778.13
0.96	2258069.63
1.81	2033.23
1.83	3039.41
1.22	2526519.62
1.87	1921.1
0.84	2460932.41
1.0	13326573.45
1.79	1338.97
1.97	1108.3
1.62	87.09
1.63	4589.07
0.99	12101.67
1.06	19160.87
2.05	1516.86
0.53	159158.29
1.76	31.51
1.26	35859.3
1.04	37760.21
0.9	199356.57
1.12	91980.03
1.02	90992.27
1.67	64212.51
1.36	917010.98
1.09	2077193.6
1.18	423853.38
0.98	83857.08
1.51	60473.81
1.13	43301.71
1.21	37039.7
1.15	25970.27
1.37	38289.79
1.0	59335.78
1.87	79.52
1.44	1923.4
1.88	351.4
1.23	2383018.56
1.06	19436.14
1.92	19.2
1.24	88398.02
1.36	34544.71
2.16	2724.11
0.81	103635.94
1.15	253423.88
1.82	870.75
1.26	256350.83
0.56	177850.55
1.2	53665.74
0.79	228961.24
1.25	51487.73
1.72	56.94
1.19	534644.45
1.23	46711.0
1.6	90.53
1.17	219047.4
1.68	945.45
1.55	141.17
1.75	5784.58
1.37	2104.37
1.93	173.26
2.71	13252.57
1.77	45.56
1.26	470.05
1.05	95071.56
2.06	10860.17
0.97	163822.19
1.18	1595354.39
1.54	214.88
1.96	1104.69
1.32	381134.53
1.47	5.26
1.27	455166.65
1.41	2525.8
1.4	32511.25
1.48	375.38
0.93	487491.5
2.0	1201.46
1.32	172790.41
1.65	288.15
1.41	21285.35
1.11	1403326.56
0.96	136169.01
1.55	2452.48
1.19	9140.29
0.98	80524.31
1.03	69984.32
1.79	331.14
0.76	200732.5
1.06	498975.34
1.06	1737353.95
2.3	11396.1
1.11	162601.8
1.65	1348.4
1.22	1711900.09
1.44	8344.01
1.2	48390.37
0.74	1501302.47
1.97	1730.71
0.99	27350.92
0.84	3872672.0
1.66	57061.73
1.66	4109.96
1.79	1040.34
1.17	314308.78
1.37	923816.05
1.16	941112.78
1.79	166.6
1.16	37629.54
1.66	1272.79
1.54	112276.32
1.29	926.02
1.25	526303.06
1.53	2602.48
1.04	362082.5
1.55	9215.92
1.2	313153.31
1.88	2096.22
0.79	353794.42
1.18	38415.34
2.03	1018.87
2.04	3592.5
1.53	124169.28
1.33	473142.55
1.45	749461.13
1.23	545784.15
1.95	690.76
1.55	13425.9
0.97	32912.35
1.15	2790180.2
1.44	483.78
0.74	456120.56
1.8	4788.95
1.1	259002.51
1.11	1206766.08
1.15	96405.61
1.8	2627.72
2.03	2650.57
1.24	36017.93
1.26	522.8
1.6	353.34
1.25	40475.81
0.73	391110.76
1.14	1722754.95
1.22	12002.83
1.17	288094.65
1.48	273897.84
1.1	513055.1
0.65	178418.32
1.95	669.84
1.53	364371.17
0.97	35164.49
1.04	46631.18
1.05	94693.52
1.2	14505.13
1.92	1483.81
0.92	53180.28
1.12	473819.14
1.16	219336.78
0.99	28889.63
1.13	980865.05
0.97	86783.96
1.05	55999.82
1.49	62.57
1.56	49388.48
0.76	1375460.43
0.99	729792.24
1.1	35472.8
0.82	166607.85
1.48	1486.26
1.12	111729.04
1.27	12693.87
0.98	9329861.85
1.3	574.96
1.06	1222159.62
1.02	181240.95
0.97	35652.12
2.01	7230.75
1.42	4728.75
1.69	15489.48
1.79	2536.89
1.84	1207.72
0.81	17214.8
1.22	196907.32
2.12	21853.75
2.01	4536.12
1.62	5181.54
0.99	22414.17
1.16	59374.75
1.38	198387.14
1.05	42342.6
1.37	2116.56
1.2	52944.26
1.8	2750.18
1.67	2449.2
1.06	265252.09
1.5	2748.05
1.36	23560.51
1.84	1652.5
1.0	304597.0
1.97	18543.59
1.03	403060.76
1.52	332942.22
1.66	13919.8
1.73	2117.25
1.28	80781.48
1.07	28065.91
1.0	266249.0
1.83	1216.07
1.03	44941.49
1.18	38773.04
1.84	177.37
1.09	2852333.86
1.88	1816.51
1.8	18.78
1.36	41457.12
0.75	1479527.4
1.43	4362.09
1.26	232223.44
1.25	26366.48
1.16	199632.59
1.49	1500.12
1.84	1317.09
1.89	27.1
1.89	21199.65
2.04	183.9
1.12	78578.82
1.21	36582.61
1.8	14987.92
1.59	121231.87
1.22	384958.63
2.0	1199.74
1.06	299937.47
1.0	1154808.22
1.47	25963.83
1.23	51291.97
1.21	2492113.6
1.1	99013.86
0.91	2200393.89
1.17	536709.99
1.39	48430.03
1.27	2129188.49
0.87	130327.72
1.15	50475.57
1.82	1934.87
1.36	84947.73
1.74	1600.51
1.65	8.2
1.55	4720.92
1.9	1082.07
1.07	9098.86
2.11	19.52
1.54	2349.78
1.12	60350.15
1.21	34236.71
1.42	260971.6
1.85	3368.09
1.79	919.88
1.54	64726.47
1.13	28442.45
1.14	37953.24
1.07	1876392.91
1.47	19351.28
1.72	12.33
1.03	1471865.16
1.98	10634.97
1.92	20884.49
1.3	462218.87
1.08	26207.73
1.1	43170.27
1.87	12582.57
1.93	687.37
1.99	19200.77
1.27	226699.55
0.96	221942.26
1.68	121.82
1.14	64352.06
1.89	1103.19
1.25	35901.59
1.86	258.34
1.86	1171.58
0.78	670161.4
1.59	136.82
1.45	37.62
1.21	524476.99
1.55	3201.75
1.06	11505999.24
1.48	106.8
1.54	73.22
0.99	21665.96
1.25	3217.52
2.0	10612.61
1.84	8165.16
1.0	16126.01
1.66	30845.18
1.17	50157.8
1.0	38867.94
1.94	20119.18
1.11	1310966.23
1.51	5052.77
1.45	694.8
1.11	97538.87
1.52	16.3
0.88	1314711.0
1.89	689.99
1.37	1565.66
0.99	73672.72
1.05	38088.87
1.23	59216.72
1.71	7142.17
1.31	6317.71
1.85	5314.68
2.08	7146.78
1.68	54937.64
1.42	8143.8
1.22	18465.56
1.62	14035.28
0.93	213666.13
1.1	1222687.73
1.66	3186.8
1.14	186124.73
2.02	1275.48
1.13	77855.03
1.83	630.24
1.29	586.72
1.17	206982.3
0.81	76597.83
1.14	905344.06
1.49	1.28
1.8	17520.57
1.66	325442.96
1.65	4374.48
1.15	398673.48
1.73	6600.41
1.06	33196.16
0.82	257532.45
0.99	62778.34
1.94	8966.26
1.31	16.51
2.06	13403.0
1.08	257164.75
1.3	49507.25
0.97	154943.93
1.15	58761.62
1.88	590.02
1.17	54545.59
1.23	39607.94
1.44	210183.29
1.87	65.22
1.97	158.07
1.81	5256.1
1.11	261503.41
1.52	21855.14
1.07	390100.99
1.25	250696.56
1.33	35374.87
1.63	54.85
1.37	486.7
1.04	576870.99
1.51	4970.65
1.87	1300.42
0.79	443177.18
1.23	67122.02
1.02	300978.15
1.11	1731349.0
1.7	2924.01
2.21	61.55
1.09	26336.27
1.24	42966.81
1.16	1411.88
1.86	1817.74
1.65	4970.49
1.37	8792.21
1.73	8.85
1.74	4296.5
1.09	336509.39
2.34	9967.4
0.95	32478.82
1.19	5809.92
1.61	1053.5
1.65	675.78
2.17	9577.45
1.86	4345.56
1.11	95409.49
1.29	6557.47
1.0	40083.51
1.28	871.27
1.55	5782.57
2.3	2854.86
1.33	54454.85
0.95	127157.9
0.95	9407.46
1.43	6058.21
0.78	133695.54
0.7	202731.92
1.21	46424.29
1.52	93.2
1.25	4512.52
1.26	42829.11
1.49	43451.67
1.56	2.5
1.06	2140254.41
1.12	253346.07
1.81	812.75
1.41	50365.05
1.11	353201.96
1.43	11539.26
1.74	56.16
1.56	83.28
1.56	25228.37
1.56	3016.52
1.39	351.09
1.91	1651.19
1.59	6750.34
1.25	704.91
1.57	18316.88
0.99	53621.15
0.98	1079298.4
1.13	40377.06
0.74	133434.18
1.13	1545460.43
1.79	4739.12
1.41	21060.95
1.02	36569.66
1.33	14877.52
1.93	11206.98
1.57	2458.69
0.94	14085.72
1.94	10611.69
1.87	1823.62
1.17	40137.34
1.17	130134.66
1.23	19797.32
1.46	20593.79
1.49	39.22
2.06	1124.34
1.32	1317970.18
1.55	12801.71
1.13	85259.91
1.4	999.37
1.66	2867.38
1.29	56829.33
0.78	352998.81
1.06	84541.6
1.5	1290.72
1.95	8712.16
0.96	303892.09
0.94	445562.2
1.03	116589.43
1.19	8506.36
1.1	3333003.32
0.71	263132.27
1.02	256090.11
1.01	9201.65
0.95	182093.72
1.13	248205.38
1.4	116792.77
1.08	480810.73
1.16	527866.5
1.07	4856.27
2.36	15665.16
1.53	64.46
1.79	11.31
2.06	1432.84
1.53	33780.38
1.46	57.98
1.07	39203.72
1.01	485743.46
1.02	187613.16
1.65	43254.06
1.33	469655.44
1.91	1871.23
0.82	1836365.62
1.76	65.78
0.98	1826496.62
1.93	1551.67
1.01	117865.11
1.46	1143.87
0.8	393974.61
1.57	957.85
1.61	31.38
0.98	72843.91
1.51	8566.51
2.12	1198.78
0.97	54844.33
1.5	58.92
1.55	5205.26
1.08	544167.43
1.43	40238.45
1.92	1010.43
1.48	17032.1
2.24	2160.59
0.98	2267855.21
1.56	953.08
1.58	2006.69
1.38	384.49
1.77	6021.66
1.24	9457.72
1.07	935.8
1.4	4650.56
1.27	35493.31
1.56	1048.06
1.25	24182.08
1.24	836.89
1.65	531.29
1.07	62485.97
1.59	26104.8
0.89	12160838.62
1.08	242012.13
1.95	841.88
1.87	41.6
1.04	2146436.5
1.0	58910.38
1.44	83.94
1.76	9055.35
0.79	1739133.4
0.98	12821015.03
1.36	3155.41
1.3	36576.66
2.74	10523.68
1.98	1957.67
1.61	29547.34
0.8	120628.37
1.19	42863.8
1.91	1045.37
1.03	6066.03
1.45	2604.75
0.94	8119.73
0.95	50048.43
1.23	584922.85
0.87	391780.92
1.05	42197.08
1.28	36043.54
1.78	7181.54
1.1	19543.18
2.01	659.89
1.55	92.6
1.92	639.29
1.89	70.88
1.77	56.78
1.01	498562.41
1.31	4981.31
1.06	162760.11
1.46	33361.78
1.28	2757145.78
1.86	60.6
1.08	230517.24
1.48	34306.93
1.09	137670.52
1.04	150323.91
1.15	523170.13
1.73	14489.94
0.97	25125.21
1.84	4050.11
1.49	327972.28
1.12	185303.96
1.04	14213650.06
1.01	162192.25
1.18	181274.82
1.69	7404.88
1.23	53769.39
2.12	1460.35
1.1	21813.84
1.81	64.62
1.13	83985.84
0.82	435388.05
2.02	124.7
0.89	2418817.0
0.93	38396.06
1.59	98.86
1.11	583990.89
2.02	186.17
1.82	5592.09
1.8	53.55
1.98	20807.76
1.09	234532.06
1.05	156347.74
1.01	451936.38
1.43	5.09
0.83	324447.92
1.86	2235.5
1.48	7004.43
1.2	324061.94
1.06	281914.21
2.09	391.89
1.95	9227.71
1.61	78.95
1.08	552906.04
1.08	47266.75
1.53	92.08
1.68	866.05
1.27	16442.71
1.49	12556.25
1.05	58352.93
1.9	2851.16
1.34	48286.51
1.09	289098.22
1.3	28216.13
1.26	488.69
2.03	211.46
1.74	1373.19
1.65	3405.37
1.41	5023.48
1.67	90741.76
0.72	332541.11
0.83	2117631.84
1.82	33.94
1.7	27537.99
1.82	11195.55
1.22	393975.99
1.69	2153.19
1.96	2399.47
1.85	50992.3
1.34	3469.2
1.78	765.47
0.77	429687.47
1.42	6633.32
1.93	10764.53
1.63	23.85
1.6	138.07
0.73	364817.51
1.48	1.26
2.0	1732.31
1.67	1465.4
1.82	4488.96
1.33	5041.59
1.44	15.81
1.36	905.94
1.08	6329.81
1.23	867406.68
0.99	9712.84
1.39	35682.71
1.55	737.88
1.39	138690.77
1.78	905.1
2.13	1458.03
0.98	472310.67
0.98	162856.34
1.66	3479.25
1.27	330424.74
1.16	304233.27
0.72	143842.58
1.7	30.19
1.61	5960.45
1.22	184277.87
2.11	43.53
1.23	61874.92
1.12	404107.32
1.41	827.1
1.22	178795.8
2.28	3190.97
0.89	914725.31
1.84	151.46
1.35	0.0
1.02	11354281.64
1.32	22776.67
1.74	8692.14
1.11	62972.23
1.18	430133.96
1.12	60468.01
1.38	9321.52
1.63	222.96
0.94	359783.57
0.67	297656.4
1.67	74571.56
1.14	240665.64
1.21	37441.77
1.02	58623.22
1.16	223128.51
0.99	28203.4
1.94	956.07
1.1	320577.36
1.18	199317.95
1.07	170884.4
1.66	31526.9
1.36	6165.76
1.21	358.87
0.97	61733.99
0.88	132942.52
1.57	1157.11
1.2	55213.6
1.09	30313.37
1.12	292318.39
0.88	104344.66
1.02	154106.32
1.52	396191.28
1.15	1328248.62
1.69	3800.9
1.23	37788.65
0.98	101815.36
1.03	71556.59
1.82	2955.8
1.73	16.62
1.43	1026.28
0.93	8648.32
1.01	33164.09
0.97	383803.95
1.21	30244.52
1.38	37355.04
1.07	1776143.49
1.21	67025.59
1.26	238612.85
1.07	101983.73
1.66	595.85
1.91	948.71
1.01	89290.69
0.99	60937.0
1.16	43000.49
1.82	45.39
1.26	518850.04
1.17	89075.29
2.73	14090.42
1.04	2065939.21
1.01	1337404.03
0.97	37517.53
1.75	2.4
0.67	182956.41
0.98	237751.75
1.66	18087.09
1.0	311176.56
1.75	310229.77
1.53	2793.73
1.05	121020.54
1.98	1315.43
0.97	19147.78
1.53	74.17
1.05	8811.28
0.9	39207.76
1.78	1609.55
1.11	226039.73
1.54	1518.09
1.82	1273.05
1.85	1303.35
1.57	45.73
0.96	47393.23
0.89	321487.4
0.77	387745.54
0.97	34844.49
1.44	4706.9
1.76	53.81
1.1	1873205.91
1.75	2.55
1.75	19.75
1.2	550359.51
1.01	295332.36
1.06	17420.41
2.08	1201.02
1.12	43327.94
1.27	3416600.27
1.51	10887.79
1.49	315.77
1.55	45409.35
1.15	2438454.39
0.72	364707.14
1.85	5341.01
0.99	31821.24
1.1	5034.0
1.2	26660.48
1.78	2451.58
1.83	34.38
1.33	3425.03
0.8	276556.76
1.83	3335.84
0.85	332173.47
1.84	16.56
1.55	123.59
0.78	2265493.71
2.11	1027.34
1.58	26491.71
1.48	401.5
1.39	430540.93
2.06	1311.9
1.21	29590.6
1.88	21939.19
1.24	42068.1
1.07	149595.95
1.06	182672.87
1.01	80244.55
1.41	20351.39
1.83	55.37
1.19	2646.44
0.97	170341.44
1.92	1098.75
0.9	1254704.28
1.46	216611.2
1.18	1125460.56
1.04	502068.19
1.5	4491.84
1.58	35591.33
1.85	19979.96
1.08	185069.58
2.34	2787.48
1.69	3.52
0.91	473295.46
2.12	20200.25
1.49	42.74
1.04	18687.77
0.96	16602589.04
1.6	5164.04
1.34	3859.31
1.59	2923.89
1.06	1916954.83
1.15	75750.79
1.11	46792.32
1.0	27867.24
1.92	25315.81
1.33	6373.01
1.25	34861.19
1.69	3113.54
1.13	140625.82
1.83	921.79
0.86	301143.5
1.03	7555.95
0.98	33611.14
1.14	95585.93
1.16	268797.64
0.93	354454.62
1.68	66.64
1.24	54185.12
1.01	12085.72
1.56	15390.1
1.88	488.77
2.06	11750.04
1.84	204.73
0.77	299799.46
1.07	134019.55
0.93	8803.83
1.48	10608.04
0.99	40382.51
1.37	54218.49
1.74	1186.2
1.22	19745.21
2.16	1201.29
1.76	1925.8
1.79	196.22
1.55	238.73
1.89	148.72
1.1	435373.81
0.97	12199657.4
1.52	4503.52
1.09	420365.75
1.75	2037.97
1.0	267353.0
0.97	386987.12
1.45	53.1
1.52	5.59
1.05	69024.22
1.69	16.47
1.21	262139.81
1.81	168.13
1.7	6638.11
0.98	20560.4
1.64	1438.29
1.25	182584.86
0.94	38877.79
1.02	11863.71
0.8	124248.86
1.11	54378.07
1.08	323409.94
0.83	108176.29
0.96	31680.16
1.08	72273.16
0.9	187080.35
1.26	19641.65
0.82	250464.55
1.67	134.36
1.3	197034.03
1.46	3264.82
2.2	9080.28
1.03	19731.07
2.01	3621.73
1.17	82015.89
0.73	319283.75
1.05	422617.8
1.88	7533.08
1.8	131.49
1.52	2320.53
1.25	324258.79
1.69	27.34
1.35	24587.9
1.36	430.17
1.24	7980.5
0.93	85217.83
1.76	193.32
1.25	41476.06
1.45	941.53
1.75	2.55
2.0	1720.88
1.12	547236.44
1.86	3021.26
1.29	92856.9
1.69	1311.84
1.14	1324231.26
1.42	7358.76
0.87	156267.5
1.85	178.7
1.92	2168.33
1.25	18785.42
1.95	8109.19
1.39	6886.82
1.32	37553.09
1.84	7149.66
1.36	259286.44
2.18	2524.64
1.08	19863.22
0.97	106363.84
1.8	12755.23
2.31	3328.95
1.21	118533.62
1.06	98937.17
1.02	89943.26
1.13	1298472.42
1.05	30063.76
0.92	74648.59
0.9	115109.24
1.48	22.51
1.36	565.77
1.29	172990.41
1.91	970.16
1.22	7094.53
1.12	34483.33
1.73	1195.56
1.22	63790.55
1.85	17398.87
1.74	74180.44
1.69	1138.32
1.94	84.18
1.16	5037.78
1.83	173.81
1.1	11012.21
1.53	0.0
2.24	222.08
1.62	3628.56
1.84	5082.81
1.22	18121.91
1.65	123.93
0.79	289533.68
0.96	13642.52
1.03	14839.33
1.77	3012.44
1.67	136.56
1.06	218912.41
1.1	152002.76
1.51	26198.44
1.58	333300.63
0.97	140203.43
1.31	4088.38
1.42	927145.61
1.18	9028.34
1.07	488292.1
1.05	119457.27
1.4	23424.19
1.02	75630.56
1.69	1092.14
1.27	14789.4
0.91	18655.62
0.85	277723.14
1.04	58592.28
0.95	84178.93
1.63	16101.87
1.94	215.36
1.23	43226.31
0.97	37800.63
1.78	493.14
1.14	103890.9
1.68	15284.43
1.15	169096.61
1.24	121444.88
0.94	1543280.76
1.27	33674.07
1.33	171966.91
1.66	14605.4
1.69	82145.27
1.15	34555.73
1.0	20601.83
1.06	108152.4
0.94	163855.72
1.91	1098.33
1.81	18648.77
0.57	172115.69
1.97	2159.48
1.37	7336.27
2.14	4054.63
1.13	44204.19
1.47	6.79
1.65	30083.37
1.11	8525.9
1.34	714530.7
0.97	377138.79
1.23	569043.02
1.53	46378.83
1.53	44390.86
2.19	2911.75
2.18	1054.18
1.02	2108450.36
0.94	165299.33
1.01	132275.9
1.45	1325.46
1.15	142492.68
1.12	588304.97
1.27	14641.98
1.08	18153.73
1.11	91949.05
1.19	44874.21
1.27	21353.84
1.77	49.18
1.37	1786.74
0.93	2012384.12
1.66	61.43
1.37	1541.11
1.05	23703.42
1.05	49060.02
1.18	533387.47
0.95	23814.65
1.12	18366.33
1.03	10737.56
1.7	7.03
1.39	45615.48
1.12	26800.47
1.13	499138.28
1.19	272719.08
1.33	21884.43
1.6	51282.8
1.44	4210.72
1.34	44891.19
0.97	30510.75
1.25	403230.6
1.03	37729.4
0.83	334916.29
1.85	6332.4
1.02	242849.81
1.56	1365.84
0.97	578708.75
1.19	396449.92
1.92	3123.83
1.2	223145.82
1.51	2660.43
1.25	1723.4
1.08	2063.44
1.99	1406.36
1.64	66867.39
1.58	2464.53
2.58	12235.08
0.95	189348.6
1.17	31381.54
1.47	5302.25
1.64	2408.67
1.94	780.73
1.87	1107.08
1.65	330.67
1.5	1.26
1.17	49927.69
1.55	13358.18
1.33	3356.13
1.91	1381.73
1.93	125.66
1.97	1242.5
1.08	155583.39
1.33	8412.17
1.09	418763.72
1.01	146747.71
1.38	233808.22
0.92	581737.42
1.77	8.68
1.09	46163.06
1.03	1342449.84
1.03	23198.49
1.03	21750.83
1.69	762.63
1.69	2873.85
1.76	1031.48
1.16	294620.08
1.56	385520.87
1.55	119.68
1.01	1411808.83
1.93	690.82
1.62	57352.16
1.14	2541186.76
1.05	188908.15
1.16	405469.62
1.84	4568.82
1.91	47.86
1.0	53644.97
2.1	4370.66
1.59	12902.16
1.17	450283.01
1.09	54210.03
1.66	1231.13
1.32	434957.48
1.76	9221.79
1.21	15794.56
1.29	2221.88
1.99	263.8
0.74	337700.09
1.59	301783.5
1.24	37269.87
2.07	1609.65
2.09	8760.24
1.71	56.29
0.85	3460743.8
1.62	1202.07
0.99	515358.68
1.72	6548.52
1.68	5.96
1.15	364622.31
1.82	5742.58
1.42	32282.72
0.99	33829.89
1.74	2512.71
1.31	69934.93
1.23	38958.56
1.49	5271.1
1.87	1766.6
1.29	28858.3
1.93	1386.26
1.02	18241.03
1.08	49893.14
1.63	2985.02
1.16	609692.45
1.06	388376.48
0.98	55520.58
1.47	12167.6
1.18	477629.8
1.52	3666.37
1.16	498872.67
1.44	4741.77
1.6	188.59
1.71	27086.7
1.18	40006.65
1.28	175181.76
1.0	28568.26
1.16	95392.4
1.13	110740.95
1.56	8846.71
1.65	988.31
1.35	512.0
1.45	2527.06
1.75	745.28
1.17	39330.6
1.22	11231.53
1.19	119272.94
1.52	3776.05
1.13	37698.53
2.18	1161.32
0.9	301656.56
1.87	539.72
1.87	1101.72
1.45	7976.91
1.31	90411.8
1.92	290.51
1.93	14928.33
1.07	327299.85
1.62	25320.55
1.83	68.51
1.92	16891.72
1.92	53.66
1.61	2175.66
1.23	9998.18
0.92	151869.53
1.0	562214.56
1.15	64828.77
1.55	2767.07
2.12	1478.08
0.81	219412.63
1.17	394104.02
1.05	13926692.62
2.25	2957.88
1.48	39.52
1.54	24.72
1.65	2599.95
1.19	78845.11
1.2	887708.08
1.88	5.0
1.61	104.55
1.36	416.6
1.98	131.08
1.18	300069.61
1.93	22070.75
0.71	294311.71
1.89	1352.79
1.66	78.44
1.04	6573.26
1.44	43696.6
0.88	2390282.14
1.04	83271.26
1.0	30175.61
1.18	269027.02
1.63	6139.36
1.05	145975.24
1.88	7758.68
1.22	488218.44
1.12	1868.59
1.6	5320.38
1.16	5402.17
1.87	32.44
1.91	163.78
1.32	36667.64
1.77	16.06
2.24	1874.44
1.14	204320.97
1.53	92.4
1.18	200745.02
1.27	221997.7
1.06	12379.43
1.2	163122.62
1.03	9783489.59
1.74	835.92
1.15	87274.97
0.99	42099.26
1.13	23801.85
1.89	1342.39
1.47	27.33
1.03	46436.42
0.94	131234.14
1.9	17080.62
1.92	873.23
1.47	46.29
1.62	38276.41
1.34	2082038.09
2.0	758.31
1.81	35.22
1.59	380934.57
1.44	30616.05
1.8	1947.39
1.09	55250.67
1.11	63600.68
1.62	244222.97
1.2	2313155.65
1.92	60941.41
0.94	553545.31
1.14	597184.73
1.82	17207.03
1.2	7249.58
1.09	1472879.42
1.0	11083.58
1.04	8351.55
1.02	165034.84
1.23	32480.02
1.09	301172.05
1.15	52467.4
1.34	43292.93
1.65	111.53
1.98	16543.45
1.2	44796.9
1.5	63560.02
1.11	63162.91
1.26	78778.96
1.61	3018.12
1.82	16.91
0.96	8706.29
1.35	3262.41
2.06	1236.98
1.09	271300.08
0.7	535768.93
1.21	596341.85
1.43	1077663.26
1.2	8432.63
1.17	84150.14
1.62	2152.16
1.17	43702.48
1.0	292733.49
1.14	421032.49
0.98	275823.43
1.88	65.08
1.14	61502.61
1.14	9325.92
1.91	945.32
1.43	5497.61
1.65	2682.26
0.83	2060439.93
1.01	13685.85
1.36	4201.88
1.93	2031.56
1.85	155.59
1.13	172302.04
1.89	49.62
1.18	73470.29
1.07	35996.7
1.88	3115.3
2.02	1066.42
1.22	106059.64
1.15	108385.85
1.02	25540.09
1.11	16651.99
1.76	1617.67
2.16	2892.62
0.98	77494.48
1.62	26743.66
1.73	2571.34
1.5	53628.31
1.19	265.77
1.5	3186.51
1.5	5.28
0.91	508.49
1.25	33050.99
1.49	136.9
1.28	268719.03
0.97	11892.01
1.66	3634.16
1.13	58452.52
1.09	36252.66
1.71	39663.14
1.28	15070.85
1.25	421007.42
1.41	4211.52
1.58	62.73
1.07	108345.08
2.01	2855.35
1.5	38757.55
1.91	15626.82
1.11	4651.88
1.64	218.94
2.09	2013.4
1.58	5183.14
1.53	38006.99
1.66	0.0
1.65	835.97
1.4	38780.66
1.01	118022.58
1.25	39074.28
1.47	6449.34
1.93	723.01
1.85	4246.85
1.29	8656.15
1.68	2718.76
1.05	11069.26
1.0	69446.61
1.85	4367.33
0.79	385629.69
1.57	159.32
1.85	63850.97
2.77	13617.17
1.75	9070.56
1.6	3073.68
1.57	23255.65
1.85	5368.11
0.94	12771.98
0.87	253860.7
1.02	1962853.58
1.11	30447.17
0.94	40165.62
1.72	1597.97
1.84	132.65
1.77	1564.51
1.28	352464.49
1.9	1416.49
1.18	1160794.38
1.29	10709.5
2.41	4317.3
1.19	48595.62
0.99	7766.84
1.37	38430.71
1.44	4348.88
1.9	1498.15
1.25	306535.67
0.83	240689.98
0.93	52494.09
1.14	107144.99
0.98	490403.56
1.1	25206.85
1.48	775.99
1.82	873.74
0.99	128429.41
1.27	11650.03
0.97	1771908.98
1.89	56.1
1.15	247092.81
0.85	157679.62
1.17	277.55
2.11	1800.15
0.93	157237.69
1.87	5637.76
0.68	152736.51
1.14	3364304.91
1.23	4409.88
1.49	555.56
1.75	5218.44
1.11	963.26
1.03	2087149.52
0.61	182629.59
1.52	10024.67
1.67	14499.51
1.08	33389.28
1.66	55025.02
2.11	56.3
1.85	1182.27
1.85	826.83
0.93	2267755.26
0.96	96849.49
2.26	44.61
1.41	4660.68
1.64	118.98
2.13	1127.78
1.87	14930.59
1.15	1729486.77
2.31	2522.05
1.55	1708.91
1.37	7287.16
1.44	27299.15
1.26	386.4
1.43	4692.95
1.04	16681.65
1.21	305200.86
1.87	1114.66
1.4	6686.54
1.32	200668.51
0.82	446007.8
1.33	4328.35
1.18	29719.57
1.03	13819912.63
1.58	1174.85
1.62	88.91
1.68	13.18
1.82	26.5
1.81	45.46
2.02	11096.86
1.16	26526.03
1.23	790163.44
1.53	3632.0
1.98	890.96
1.24	392008.6
1.13	341262.17
1.41	909664.31
1.16	393459.25
1.01	62591.27
1.04	11410478.34
1.83	148.96
1.7	4051.34
1.87	1637.27
0.95	925306.32
1.82	62.1
1.05	767.68
1.0	29732.3
1.28	4517.25
1.79	1309.08
1.74	3358.92
1.54	151939.31
0.66	223690.17
2.11	11752.93
1.99	105.13
1.04	563257.19
0.71	12526.5
1.07	33679.94
1.36	37504.92
1.81	22584.41
2.27	2144.44
0.97	72749.38
2.01	19850.58
1.03	34774.04
1.94	1123.51
1.66	2344.49
0.96	77086.11
1.91	8850.03
1.09	17434.57
1.39	49596.02
1.01	47040.07
1.05	292968.56
1.59	13741.41
0.61	150640.9
0.95	143018.46
1.34	8370.33
1.17	86767.95
1.02	14245598.38
0.9	582236.24
1.45	94.92
1.15	23810.77
0.98	117101.65
1.13	50486.3
2.31	2079.91
1.92	13652.88
1.66	2078.6
1.46	2342.56
0.97	102117.87
1.94	1221.46
1.93	954.58
1.06	11003341.22
0.89	15349.07
1.13	337184.98
1.92	96.67
1.09	441216.08
1.14	1151353.87
1.6	4477.34
1.82	18185.35
1.47	4065.47
1.26	545739.34
1.58	72229.53
0.99	94900.43
0.99	30735.77
1.49	1068.47
1.19	428389.18
1.34	2409449.74
1.59	24713.93
1.65	2720.03
1.54	9332.79
1.99	810.37
1.89	20527.9
1.74	8951.71
1.56	54.03
1.95	1065.74
0.82	428998.81
1.02	422434.82
1.21	32386.55
1.4	56288.88
1.05	139042.8
1.1	341891.96
1.57	187.41
1.37	6627.71
1.66	1711.21
1.04	1107466.31
2.19	1646.24
1.9	1693.43
1.53	13280.16
1.58	3745.9
1.81	10830.61
1.6	25203.64
2.07	48933.21
1.36	34985.62
1.83	27.58
1.17	31540.32
1.68	3804.14
1.78	1164.3
1.2	124701.97
1.58	21574.99
1.22	8351.79
0.97	101935.17
1.31	18709.28
0.99	30794.75
1.71	224038.49
1.28	29418.39
1.18	22481.35
1.17	212422.04
1.47	10.61
1.86	80.85
1.66	5434.82
1.76	31426.09
1.8	167.38
1.55	10162.2
1.63	275595.72
2.01	1813.6
2.01	1401.28
1.72	3166.87
1.94	3098.11
1.88	22.43
1.22	32425.9
1.07	9079.59
1.84	89.02
0.94	13445.84
0.85	524430.47
0.9	23572.73
1.06	627548.45
1.32	45514.38
1.14	1291206.23
1.76	1814.9
1.22	35841.75
1.67	1510.63
0.8	1451468.73
1.44	18470.25
1.46	13907.82
0.89	1474652.79
1.5	3799.34
1.58	366576.34
1.64	1631.97
1.4	3651.1
1.91	1195.59
1.39	498.15
1.11	48767.27
1.66	2713.01
1.06	1988818.23
1.35	525.47
0.98	129579.32
1.04	11541041.35
1.87	2298.83
2.14	3222.2
1.26	269812.12
1.62	2031.09
0.97	9472.68
1.62	4688.66
1.9	1371.06
1.27	268320.02
1.49	0.0
1.02	427885.78
0.73	137012.17
1.32	253565.67
1.28	49525.46
1.83	2853.84
1.11	47079.68
1.98	745.34
1.93	12692.21
1.11	287695.04
0.96	10083.16
1.1	403638.25
1.09	1322818.28
0.85	108930.75
1.28	427623.27
1.0	1825512.93
1.08	2530023.18
1.24	31640.34
1.11	62859.83
1.34	9879.87
1.87	213.43
0.99	20738.68
1.72	47.64
1.54	2083.92
1.86	7080.66
1.51	4952.41
1.24	1065.56
1.02	13846044.56
1.25	39244.64
1.12	100961.46
1.11	92568.64
1.49	1625.92
1.12	228183.77
1.16	431016.1
1.28	50701.59
1.19	1045424.87
0.8	1717171.24
1.83	1310.14
1.07	30370.64
2.01	165.27
1.72	33591.15
1.86	2681.49
1.15	534.36
1.47	3203.91
1.43	41685.04
2.2	18815.78
1.28	52677.92
1.15	380284.5
0.78	390901.84
1.62	13286.9
1.07	12403360.2
1.2	63762.88
1.15	27003.98
1.22	982355.97
1.48	1735.98
0.83	1248422.73
0.92	130341.75
1.17	95213.63
2.18	1359.32
0.79	371700.87
1.74	1864.5
1.27	394.69
1.64	1129.5
1.51	4456.88
1.36	2726.7
1.06	115679.54
1.04	145974.51
1.23	71237.73
1.1	39713.75
1.82	45.01
0.93	149876.75
1.41	45393.96
0.93	12171.55
1.33	884992.9
0.95	10197890.05
2.0	3395.62
1.2	281567.1
1.8	9465.69
1.06	71919.54
1.44	5523.96
1.7	5619.88
0.8	183612.44
1.0	34085.54
1.37	6636.2
1.1	1626922.95
1.05	25095.26
2.31	2656.17
0.91	11175.45
1.14	22035.7
1.1	128402.42
1.31	2337.28
0.98	87385.31
1.52	2571.07
1.14	1680.02
2.66	12984.89
1.49	6238.51
1.34	67933.79
0.97	66371.81
1.18	254808.6
1.03	165479.82
1.9	1462.14
1.85	1605.75
2.09	8029.19
0.99	1798504.77
1.55	434.18
1.96	656.38
1.58	24890.06
1.51	16.6
1.7	15574.88
1.88	106.81
0.99	105188.14
0.96	163299.76
1.6	23373.58
1.06	233232.89
1.47	30.88
0.97	87075.84
1.21	94006.28
1.59	12290.62
1.78	228.82
0.97	650270.11
0.83	93317.46
1.13	1363070.07
1.81	6624.46
1.25	255352.91
1.02	84052.93
1.05	1537196.96
1.19	805.09
1.19	870.72
1.86	9.95
1.01	85083.67
2.02	18438.59
1.08	1649623.66
1.68	15805.53
0.78	441785.8
0.86	494078.53
0.74	174560.73
1.58	2059.65
1.84	12085.34
1.31	5187.04
1.82	55.27
1.8	1588.99
1.8	3078.38
1.95	85.02
1.54	1266.3
1.46	9461.16
0.93	101653.19
0.89	1546628.56
1.67	15367.09
0.91	47375.43
1.1	18860.63
0.99	4025382.16
0.93	162644.69
0.96	10385.79
1.39	17886.3
1.0	2378441.26
1.93	51.63
0.95	121148.6
1.1	547537.41
0.96	30106.11
1.59	9533.76
1.89	901.74
2.34	2556.59
1.16	260745.71
0.76	167105.74
1.27	21190.25
1.03	11807.4
1.33	64770.55
1.33	34703.28
1.16	205041.11
1.89	1671.71
1.18	1161145.08
1.81	5478.4
1.12	5299.89
1.67	18998.53
1.08	24334.27
1.09	31995.56
1.78	63.41
1.05	53313.74
1.54	26987.91
1.11	39700.73
1.84	2959.75
1.06	449532.49
1.35	3233.96
1.79	948.84
1.02	53158.82
1.04	39931.51
0.88	2557271.66
1.59	48468.73
1.09	142847.6
0.92	181784.28
1.1	60221.59
2.01	621.95
1.2	91631.6
1.62	2400.14
1.56	2142.16
1.36	17706.23
1.34	38169.29
1.66	17771.09
1.25	19269.77
0.8	247709.36
1.24	10909.14
1.63	3237.25
1.47	44620.7
1.19	7716.82
1.08	1458691.19
1.74	3493.83
0.82	263395.46
1.28	11685.08
1.75	3627.37
1.16	55553.71
1.6	16444.08
1.21	79482.73
0.68	495262.11
1.48	824.64
0.7	176318.03
1.06	8266.56
1.54	1728.24
1.08	474166.48
1.23	304465.27
1.0	26599.79
1.85	969.48
0.84	2067870.47
1.51	403173.66
1.49	15628.27
1.1	89874.92
1.69	3911.96
1.16	64994.1
1.94	1295.86
1.98	2116.41
1.04	1248271.45
1.01	99696.48
2.79	11680.56
0.74	412692.22
0.89	1600371.62
1.91	14130.91
1.09	795.47
1.4	207010.01
1.01	117543.69
2.08	2654.29
1.44	3221.39
1.24	36762.19
1.57	2471.16
1.21	138950.26
1.88	15506.11
1.46	48280.34
0.99	56930.16
1.06	86152.24
1.2	18562.0
1.36	36645.91
0.85	323796.5
1.62	2284.69
1.58	71.37
1.03	36428.1
1.06	41468.74
2.15	4540.83
0.87	738.96
1.4	45420.06
1.56	7159.0
1.09	637043.16
1.08	16229.64
1.22	1074698.43
1.12	47017.25
1.86	1664.7
1.87	809.1
2.13	2065.32
1.14	217681.33
1.27	76688.55
1.04	38394.24
1.81	18774.47
1.9	1119.06
1.16	85742.43
1.69	1602.7
1.16	567640.7
1.49	2569.3
1.04	103883.14
1.53	212312.02
1.06	138764.19
1.38	1262.12
1.26	4874.84
1.01	62187.49
1.03	450494.18
1.2	2981372.2
0.83	1639735.99
1.67	658.47
1.94	912.2
1.6	2208.56
0.81	1290847.05
1.26	54518.85
1.81	13.6
0.79	1644220.11
1.47	2466.7
0.74	490805.0
2.07	75.74
1.89	47.36
1.8	19130.46
0.84	167245.85
1.08	199953.93
1.6	53935.3
1.85	14238.72
1.77	1280.97
1.53	1322.93
1.53	124.46
1.09	46659.25
1.55	73735.0
1.04	23351.18
1.27	10504.29
1.39	19929.68
1.81	3.56
1.02	364774.25
1.22	66230.77
1.12	7237.55
1.08	7723.68
1.4	19119.68
1.6	0.0
1.33	43816.5
2.28	856.71
0.97	7155.35
1.78	2525.05
1.69	230653.61
1.64	1618.91
1.27	3203944.93
1.67	4702.33
2.01	1331.42
0.98	101119.61
1.16	23169.36
1.8	171.42
0.81	270228.19
1.5	0.0
1.36	211453.65
1.53	50.67
1.53	367833.98
0.92	297434.65
1.35	34572.48
1.36	1632.63
1.93	1691.1
1.51	6690.16
1.75	3976.44
1.82	31.76
1.23	50741.07
1.11	38348.5
2.09	1894.04
0.99	73851.02
0.99	2985.73
0.67	167185.6
1.86	989.4
1.78	58.31
1.9	6739.98
1.14	248478.66
1.06	2314393.94
1.03	66286.54
1.64	10814.64
1.01	179995.77
1.21	586037.06
1.37	178258.33
1.1	55014.27
0.78	205131.07
1.5	732.62
2.39	2487.67
1.96	3542.77
1.6	4105.67
1.4	55693.04
1.29	850.65
1.01	33535.09
1.05	574793.28
1.26	818.65
1.85	2330.76
0.97	101484.98
2.01	91.22
1.88	36.35
1.36	66261.92
0.91	78055.21
1.11	36663.35
0.86	2322076.97
2.18	1785.15
1.55	1061.64
0.97	84518.32
1.04	67252.29
1.24	1653.73
1.05	109853.88
1.69	44552.46
1.87	1382.91
2.03	1659.18
1.24	70677.18
1.57	0.0
1.82	48.87
1.56	7601.86
1.54	54952.16
0.84	118664.89
1.55	139.85
1.91	678.93
1.27	407.12
0.74	502617.22
0.99	99409.21
1.2	84433.44
1.22	465.54
1.12	1744519.06
2.15	1740.69
0.93	140926.77
1.96	8027.21
1.22	38591.73
1.0	263359.0
1.48	4286.32
1.27	163634.35
0.98	12165.3
1.01	24964.23
1.37	914.76
1.18	523118.0
1.04	43905.58
1.08	252737.98
1.17	290512.65
1.04	503470.08
1.93	722.78
0.88	179103.0
1.54	1272.45
0.79	324386.38
1.4	209523.15
2.22	2770.52
1.25	32977.11
0.97	28182.89
1.27	6320.58
1.0	38624.07
0.96	9195.1
1.02	355250.18
1.69	14320.5
1.8	60702.07
1.98	140.23
1.57	26.54
0.98	78630.35
0.87	435491.56
1.92	3271.43
0.91	1810202.7
1.38	9920.09
1.72	72.36
1.09	1484200.81
1.08	503813.92
1.69	3697.25
1.11	434590.82
2.13	1530.03
1.29	401279.47
1.01	189713.87
1.34	210874.58
0.99	22419.95
1.64	4772.58
1.67	23051.69
1.07	155494.84
1.9	1353.35
1.57	2364.7
2.13	1797.05
1.08	155813.57
1.16	19553.08
1.92	22605.23
1.16	103086.21
1.76	746.35
1.25	45856.11
1.86	326.78
1.13	324680.31
1.35	44638.81
1.43	3973.87
1.87	17.92
1.81	2629.64
1.17	87728.29
1.06	267593.62
1.35	4236.18
0.93	2086229.79
2.27	1846.21
1.45	100.55
1.09	124423.82
2.18	48.04
0.88	287298.98
1.44	61.75
1.7	2707.82
1.17	16826.84
1.01	456884.53
0.98	21981.81
1.07	383420.46
1.03	127984.25
1.81	5026.38
0.99	49831.29
1.45	30224.67
0.96	453089.14
1.11	10089.82
1.85	722.86
1.86	14390.54
1.11	96301.96
1.31	60292.79
2.14	50.47
2.15	1815.89
1.26	595.45
1.19	43259.91
0.81	349743.64
1.51	4781.85
1.91	7824.11
1.66	53.03
0.99	27120.67
0.56	261342.47
0.73	270188.87
1.51	17468.48
1.64	3387.7
1.18	150815.43
1.58	19320.66
0.99	26705.74
1.66	3755.62
1.81	47.67
1.09	51351.12
1.26	1798.19
1.65	40867.13
1.25	9666.15
0.85	321325.08
0.88	168764.78
1.33	421.38
1.88	86.59
1.7	91.36
1.06	361694.45
1.5	63468.5
1.65	76.09
1.23	44600.81
1.02	1652244.4
1.05	1632488.05
1.35	208.38
1.13	447514.72
0.99	65442.13
1.61	21495.92
1.6	50799.97
1.39	160683.8
1.72	14759.53
1.71	10002.25
1.03	1295.04
1.61	26550.99
1.04	69384.73
1.86	21432.21
1.43	2962.63
2.02	1269.42
1.26	252.79
1.82	14746.61
1.91	149.73
1.5	51223.93
2.02	1378.4
1.72	1160.9
0.95	106817.36
1.9	15998.87
1.96	102.45
1.24	186550.43
1.81	62394.38
1.91	15316.65
0.86	224967.68
1.39	5565.23
1.03	23263.42
1.68	1015.26
1.64	68639.13
1.26	34898.38
1.54	2374.26
1.12	1721.95
1.92	2048.18
1.3	205203.65
1.32	55400.94
1.15	25627.41
1.14	214218.14
1.06	176717.87
1.49	85.7
1.45	47294.67
0.97	97788.02
0.87	2042360.56
1.68	1672.25
1.45	62035.06
0.94	2031937.97
1.18	212205.34
1.25	288462.56
0.99	7688.79
1.24	66569.74
1.14	4732.53
1.38	61600.62
0.99	216851.97
1.06	63826.82
0.8	1855972.27
0.89	51860.47
1.03	10463.04
1.89	3117.37
0.92	75090.16
1.83	6512.03
1.11	35104.11
1.14	90141.76
1.08	44913.65
2.08	47.91
1.38	234777.69
1.13	3470.24
1.02	70131.72
1.42	50266.22
1.26	2543290.15
1.1	91143.24
0.84	505568.94
1.67	1474.26
0.97	579736.64
1.22	238956.51
1.29	2213.06
1.3	13294.66
2.35	2233.79
1.01	5955.13
0.92	2317428.16
1.97	1634.13
1.84	1440.42
1.0	40370.03
1.22	30059.65
2.37	4531.32
0.49	286858.37
0.96	41026.86
1.82	13189.18
1.18	322071.0
0.92	154270.39
1.61	26008.45
0.87	1629785.85
1.0	63130.09
2.01	1493.9
1.96	9796.67
1.35	4092.11
1.38	6529.22
1.04	372289.48
1.49	6126.03
0.9	153680.36
0.97	273706.42
0.92	1917124.52
1.12	11586.46
1.55	126.08
1.44	1335.83
1.03	1958150.0
1.28	388.1
1.14	417993.89
1.46	441.15
1.19	33941.51
1.29	281285.58
1.61	13291.44
1.61	36327.86
0.83	496479.07
0.72	597855.73
1.24	3796.02
1.0	24187.24
1.21	250270.9
1.65	38237.89
1.93	11118.88
1.0	9655.78
1.83	1059.48
0.71	436347.57
1.03	11599634.02
1.22	36946.34
1.3	32888.65
1.72	270.59
1.03	17224.17
1.22	50170.35
1.2	12970.57
1.3	40012.49
1.01	34347.46
1.16	271817.93
1.5	2.65
1.54	35.45
0.93	109149.67
1.18	224039.06
1.18	125106.29
0.94	2260890.88
1.18	22293.64
1.17	201529.6
1.13	284389.27
1.21	160239.43
1.55	3523.26
0.98	1654563.98
1.08	90104.73
1.08	20702.45
1.3	44490.6
1.96	925.94
1.38	22314.4
0.85	121269.48
0.78	288003.62
1.6	13453.09
1.16	1482033.31
1.31	522.44
1.0	9658.98
1.8	1128.02
1.27	194438.24
1.08	454162.3
1.12	75595.85
1.34	379.42
1.13	1097994.07
1.07	1631460.3
1.81	2446.9
1.5	2.65
1.22	209926.36
1.59	2450.97
1.4	72942.11
1.03	670522.75
0.74	449584.59
1.18	18249.86
1.04	58418.17
1.19	546965.49
1.24	395837.01
1.0	29324.32
1.68	14195.22
1.0	503247.72
1.47	6972.09
1.04	38794.48
1.36	67.49
1.17	54927.82
1.35	1520.73
1.96	16190.74
1.15	211868.36
0.98	76606.11
1.21	41481.83
1.64	7546.77
1.3	50862.0
1.15	384880.49
1.03	30145.95
1.96	63.54
1.15	1723310.79
1.7	1243.15
1.48	1697.81
1.49	43528.57
1.11	16651.71
0.98	39343.65
1.6	29017.63
0.94	118521.96
1.54	50985.2
1.72	6496.85
0.84	104621.47
1.61	79505.2
1.59	24285.58
0.79	376232.89
1.35	196720.42
1.6	772.85
1.42	19386.2
1.16	35577.66
2.01	12299.01
1.69	1894.81
1.8	3353.79
1.03	14888077.69
2.13	882.52
1.01	490701.38
0.75	371564.05
1.42	311811.01
0.97	1598365.27
2.03	1625.69
1.38	143001.84
0.97	462243.35
1.68	8.38
1.38	5766.06
1.07	1541252.99
1.13	2965153.82
1.72	3541.08
1.69	255.57
1.12	179982.42
1.9	41.57
1.17	58162.31
2.02	17359.72
1.72	269237.06
1.42	17529.71
1.18	41954.32
1.51	3593.0
0.99	39111.81
1.8	103.94
1.83	48060.97
2.0	235.65
1.55	5832.35
1.53	205909.13
0.99	294519.59
0.6	256791.72
1.5	2.48
1.57	34.03
1.44	1.31
1.1	1610910.07
1.04	542880.92
1.92	222.93
1.19	1066470.63
1.53	2462.31
1.71	63.04
1.45	186.22
1.08	1660274.32
1.51	3429.16
1.64	72.27
1.55	102.35
1.42	0.0
0.97	72324.54
1.5	4812.41
1.68	835.21
1.12	975504.52
1.08	4393.9
1.76	3226.75
1.96	14705.3
1.22	1045.22
1.65	82.54
1.56	46.87
1.77	74.32
0.73	386865.21
0.99	62980.07
1.01	77315.21
1.57	22640.35
1.13	221094.74
1.18	3227507.37
1.23	393359.6
1.08	138937.95
1.82	3256.86
0.64	184023.21
1.12	66065.84
1.37	40727.85
0.88	1668416.99
1.85	1578.82
1.13	4669.91
1.17	1299998.7
2.02	15979.71
1.59	152.74
0.97	7421.36
1.16	103066.3
1.06	41122.46
1.82	12902.48
1.11	445970.56
1.67	39381.46
1.57	3284.07
1.85	1661.96
1.25	351.8
0.98	13149.16
1.04	975.77
1.9	17178.11
1.55	47489.47
1.75	13215.71
1.28	647.58
1.54	724.33
1.36	3417.19
1.36	214953.17
1.59	3390.64
1.27	530946.92
0.72	288420.79
1.41	23.64
1.75	2924.84
1.02	38763.75
1.68	740.48
1.97	822.99
1.24	24094.4
1.62	4401.41
1.12	34313.56
1.26	190021.02
2.09	3460.14
0.83	202619.21
1.08	44087.07
2.0	1820.99
1.86	63812.49
0.96	10389879.59
1.92	1300.88
1.15	41412.29
1.24	661207.19
1.04	41554.57
1.23	33530.37
1.05	1024405.09
1.35	1353.62
1.05	939038.5
1.08	521254.77
1.69	14945.34
1.33	20905.01
1.45	35080.61
1.5	6272.44
1.97	1181.6
1.11	13978.6
0.85	317701.12
1.54	94.98
1.26	210343.54
1.02	13244466.6
0.78	122078.09
1.08	8599.82
2.07	2057.91
1.59	48802.16
1.01	62989.67
1.49	320353.82
1.23	3149375.34
1.66	22159.83
2.06	1766.07
1.58	3575.51
1.54	54649.47
1.09	229573.27
0.94	122866.03
1.45	5319.3
1.08	1188242.89
1.33	237651.14
1.44	3930.9
2.16	2179.25
1.55	11.01
1.52	57078.01
1.56	380999.77
1.24	74113.5
1.84	43.77
0.75	411365.91
1.04	1675102.29
2.22	12986.86
1.14	4359.52
1.42	24124.62
1.36	31856.71
1.63	48.75
1.13	1057488.47
1.77	1367.39
1.21	8864.75
1.92	7805.95
1.56	11177.28
1.42	11260.77
1.13	2388023.33
1.03	36736.53
1.92	2418.74
1.88	977.2
1.16	98629.2
1.52	47.43
1.43	4800.39
1.54	8626.08
0.96	31019.08
1.5	1.32
1.45	5062.53
1.16	239758.46
1.18	1290776.67
1.62	27277.29
1.4	2827.56
0.9	242842.91
1.56	11740.46
0.89	164367.13
1.77	2811.84
1.99	904.23
0.91	231211.7
1.55	3616.2
1.61	4593.51
1.47	56925.46
1.6	69103.55
1.72	906.49
1.92	13355.31
1.02	45809.76
0.97	2116029.65
1.13	37562.78
1.48	329.44
1.11	35996.84
0.89	540499.39
1.57	1561.3
1.31	222871.77
1.1	67983.94
1.9	1603.42
0.7	198955.65
1.51	30.05
1.87	80.84
0.71	232050.89
0.98	1860329.3
1.98	2232.58
1.61	16.56
1.1	60336.35
1.43	2853.98
0.72	383626.57
1.58	1098.88
1.59	364968.69
0.95	1990844.8
1.65	6641.62
1.69	1876.73
1.59	963.77
1.04	72627.68
1.73	32902.43
1.83	204.51
1.87	7.16
1.67	53256.82
2.02	1454.84
1.58	4300.0
1.55	709.27
1.24	48686.77
2.1	3815.69
1.44	2245.09
1.04	40880.96
1.73	9572.05
1.55	5.85
1.24	6816.25
1.14	7840.31
1.18	1201257.18
1.43	7778.97
0.99	1216811.0
1.44	1634.78
1.01	508885.83
1.96	7667.22
1.79	3550.81
2.01	1123.97
1.06	36450.26
1.23	19590.84
1.39	526.38
1.4	6082.18
1.89	1925.52
1.48	40944.72
1.61	1082.9
1.91	1775.29
1.79	2347.69
1.9	6430.19
1.6	9368.82
1.45	4070.46
0.81	299938.43
1.94	1119.46
1.47	4133.72
1.2	496508.65
1.88	60.35
1.81	2168.87
1.81	41.05
1.55	6955.71
1.03	1907834.16
0.91	2948564.71
0.96	57122.76
0.77	309974.97
1.36	7558.29
1.78	3556.76
1.05	462966.47
1.35	5875.04
0.98	320373.63
0.92	2485720.1
0.86	1537781.45
0.93	1735132.32
1.05	2200706.49
2.05	1282.98
1.93	17543.74
1.88	67.14
1.37	9374.23
1.85	49.95
1.19	241637.11
1.16	506379.84
1.1	1605775.14
1.43	143154.95
1.07	12009228.05
1.1	15788.71
1.68	71.51
1.48	101.39
1.74	2707.04
0.83	1434383.77
1.85	14692.47
1.53	6401.32
1.59	21677.7
1.81	83.02
1.51	5263.2
1.05	409541.36
1.37	232.2
0.97	471484.38
1.21	20647.04
1.06	172982.0
1.06	46947.97
0.83	445473.03
1.47	166.37
0.88	161219.75
1.4	24755.46
1.56	345590.21
1.14	455048.11
1.33	183801.36
1.22	42921.48
1.01	132625.92
1.01	35852.04
1.04	33868.95
1.11	56095.25
1.66	195.51
1.14	47671.39
1.56	94.74
1.65	1268.23
1.05	176899.01
1.65	151.13
1.05	101904.61
1.24	972.02
1.4	275458.57
1.91	932.58
0.99	44652.25
0.97	563719.33
0.9	1937479.91
1.08	65254.08
0.99	517366.37
1.68	12593.96
1.26	94.67
1.58	54687.19
1.12	1286342.3
1.09	460986.95
0.76	1989750.87
1.12	21806.06
0.91	140359.41
0.95	27446.0
2.08	2238.04
1.62	107.29
1.18	50642.05
1.01	54675.38
1.74	3073.37
1.13	1122683.82
2.0	5251.78
1.08	129731.5
1.9	42.17
1.86	67.66
1.17	409.07
1.48	378.41
1.34	22698.79
1.53	428607.3
1.19	19757.32
1.86	4643.12
1.14	45669.33
0.99	337188.3
1.85	8.83
1.65	5312.72
2.04	2270.74
1.18	1436.55
1.13	217477.35
1.01	86492.67
1.79	151.38
1.84	4577.75
1.84	44.49
1.43	4361.21
1.04	96308.77
1.39	111395.01
1.33	4546.72
0.82	1183497.85
1.21	949015.34
0.95	2596785.28
1.24	21007.3
2.42	2503.23
1.08	46302.99
1.39	458055.89
1.19	283085.98
1.35	39542.83
1.82	5555.73
1.01	37828.75
1.26	241162.58
1.31	57.91
1.15	66849.97
1.59	76.13
1.23	153003.62
1.12	584277.22
0.98	427544.89
1.89	568.47
1.6	4582.74
1.93	20984.14
1.71	2511.65
1.81	124.33
1.11	477867.83
0.92	136119.82
1.55	8294.37
1.06	94930.69
0.71	155778.7
1.17	101200.97
2.24	6858.33
1.17	34439.57
1.58	5041.08
1.19	451061.03
1.05	423519.88
1.08	71976.41
1.66	2930.12
1.11	550752.19
1.26	48067.99
1.36	206008.87
1.26	30243.88
1.74	14384.31
1.0	24068.98
1.28	23821.37
1.17	429586.28
0.92	738938.41
1.94	2870.36
2.17	2158.92
0.98	285065.9
1.09	6949.68
1.34	659.64
1.44	30696.69
1.11	232117.81
1.49	0.0
1.08	43227.61
0.92	1588339.47
1.22	5624.41
1.18	1070891.86
1.43	5153.61
1.62	1731.98
1.47	77718.2
0.81	1982138.27
1.2	72178.46
1.55	7097.83
0.6	143378.43
0.9	2021745.62
1.78	7223.77
1.13	35548.22
1.19	868.57
1.76	17777.46
1.43	764676.24
1.64	2704.37
1.02	142348.73
0.96	564583.23
1.71	37972.31
1.14	471639.53
0.93	82762.72
1.05	310490.26
1.3	7705.72
1.59	54952.19
1.82	12315.78
1.17	535167.1
1.27	41120.06
0.98	67974.89
1.75	29192.23
1.56	8105.63
1.0	65784.29
1.4	136.42
1.57	181.17
1.71	2078.72
1.48	2548.11
2.76	12145.2
0.75	115089.7
1.25	255378.5
0.98	36610.76
1.71	248.56
0.96	62956.24
1.66	8500.97
1.13	194031.02
1.75	38182.38
1.66	1205.1
1.04	25643.76
1.23	3395.88
1.07	23740.85
0.98	461272.5
1.35	61973.56
0.81	177573.02
1.26	55875.2
1.29	40685.17
1.05	47601.83
2.11	27.8
1.4	199.95
1.46	42025.26
1.52	3862.12
1.8	2967.69
1.06	278069.43
1.35	263046.88
1.0	59937.59
0.66	181417.77
1.11	69081.33
1.58	228653.33
1.64	137.49
1.12	211595.53
0.99	33565.14
1.94	2391.02
1.69	9302.64
1.73	19426.12
1.39	46518.56
1.63	26029.58
1.21	55126.76
0.93	608156.34
1.76	3570.63
1.03	491584.39
1.37	5367.15
1.0	181246.81
1.62	13266.68
1.47	56289.28
0.56	271207.14
1.7	3106.49
1.88	57.67
1.11	283221.2
1.34	17.7
0.97	202939.01
0.95	305964.15
1.59	896.16
1.8	1040.59
1.44	46639.27
1.11	1177.29
2.04	16785.46
1.35	19621.76
1.21	2589.7
2.0	1299.4
1.84	506.75
2.01	92.17
1.39	8034.98
1.26	507104.15
1.02	140456.68
1.19	210411.75
1.97	1454.12
1.69	5309.86
1.64	13212.07
1.87	3931.5
0.98	2.64
1.93	25148.95
1.14	1431141.56
1.16	87711.9
1.81	1347.23
1.15	29902.8
1.04	11869.33
1.14	1217522.42
1.73	41159.81
1.15	153378.68
1.89	1005.37
1.12	199610.67
1.68	19892.57
1.42	19066.01
0.98	42435.51
1.32	6153.05
1.78	2071.17
1.89	238.16
1.45	45312.41
1.06	443241.8
1.34	4828.27
2.12	1353.43
1.18	56317.45
1.24	404908.53
0.99	13392.51
1.0	93880.64
1.78	23694.61
1.62	16004.06
1.08	68592.44
0.85	136147.89
1.52	1140.49
0.99	500683.5
1.25	308996.7
1.17	270775.68
1.36	467.75
1.0	224843.47
1.08	394656.96
1.39	8596.61
1.82	1473.42
0.97	109057.9
2.79	13971.53
1.46	20649.03
1.09	40962.84
1.36	4852.16
1.49	3608.18
1.01	2068854.19
1.85	17449.97
1.16	814571.57
1.23	195284.31
0.71	141599.36
1.02	90573.83
1.18	2016.62
1.45	152.15
1.19	44726.81
1.21	43782.95
1.51	13103.85
1.03	288086.68
1.24	49482.92
2.06	793.53
1.53	1910.71
1.6	5225.48
1.52	30445.75
1.64	7160.95
1.03	560792.23
1.55	334051.96
1.99	56393.97
1.79	31.27
1.11	364748.79
1.53	5744.39
1.04	1877733.21
1.75	3377.79
1.07	64757.44
1.23	65067.83
1.06	498120.52
1.59	4351.68
1.22	373452.06
2.21	1854.95
1.99	11441.26
1.25	347110.01
1.19	5815.13
1.11	230143.88
1.48	6603.33
1.23	36643.05
1.26	366.75
1.54	1678.83
1.6	33250.84
1.81	5927.1
0.76	101243.9
1.03	36257.41
0.94	1829868.35
1.5	11965.96
1.92	1266.75
0.85	396515.66
1.82	53.81
1.03	487873.51
1.29	466.83
0.96	1620462.13
2.08	112.36
0.74	158997.23
0.99	7415.81
0.79	123544.78
0.95	13624083.05
1.59	1469.69
1.73	43653.15
1.05	10053.42
2.01	572.36
1.35	9396.92
1.67	3650.73
0.98	54992.76
1.37	7968.37
0.97	49363.2
1.82	126.65
2.14	11540.21
1.61	7556.8
1.72	3335.55
1.53	4994.22
2.12	5160.65
1.06	413931.34
1.8	825.93
1.5	208733.32
1.26	305122.62
1.26	462951.05
1.38	142741.2
1.02	2135517.89
1.71	1185.76
1.27	3057929.0
1.15	39932.88
1.02	144900.84
2.12	8910.09
1.06	87338.9
1.6	129.95
1.01	108604.01
1.07	8161.87
0.93	357183.34
1.65	4568.21
1.22	545317.99
1.63	5929.83
2.33	2172.97
1.43	4666.48
1.67	4263.28
1.95	2705.46
1.89	4689.04
1.51	6496.51
1.62	35220.02
1.68	60724.74
1.02	24663.5
1.47	4223.23
1.29	469208.86
1.53	5639.91
0.95	116151.4
1.53	2748.69
1.99	54133.2
1.12	467808.56
0.92	1205553.71
1.13	1337980.83
2.02	10912.03
0.87	147536.24
1.25	284480.15
1.1	152036.29
1.4	8032.39
1.12	433296.82
1.11	7598.5
2.4	3375.21
0.73	1927404.12
1.78	19394.87
1.33	2730591.16
0.93	59505.29
1.0	12582265.21
2.24	1262.37
0.74	854673.24
1.24	3365962.7
1.59	12154.91
1.26	8150.22
1.24	39403.61
0.88	260761.33
1.58	3578.07
1.93	21233.25
1.12	82760.11
0.98	1120569.37
1.66	5808.76
1.58	13036.74
2.29	794.15
1.1	182844.55
1.25	19637.03
0.91	94841.92
1.02	417289.56
2.29	969.82
1.63	45327.3
1.7	2728.68
2.06	2067.63
2.03	52640.84
1.16	4447.33
1.25	398050.87
1.87	813.47
1.68	6399.23
0.71	108019.8
1.13	31613.46
1.52	35456.88
1.07	28499.99
1.9	17737.13
1.55	3428.69
1.2	59207.62
1.5	3.74
1.79	2300.97
1.04	25445.0
1.94	1406.72
0.82	364124.15
1.21	15290.56
1.53	7539.16
1.72	4510.99
1.1	44278.23
1.19	105.92
1.26	6277.42
1.76	43.1
1.51	34618.18
1.49	4496.4
0.93	234833.71
1.41	5554.48
2.01	21345.94
1.19	231543.02
1.45	1.26
1.03	84841.82
0.74	124037.26
1.36	533.55
1.21	34559.26
1.23	8573.27
0.99	429518.41
1.83	88.59
1.98	2218.55
1.13	101109.84
1.18	44000.75
1.67	61727.62
1.09	3920642.46
1.15	1331420.43
1.82	9823.85
1.53	18294.82
0.8	305788.6
0.99	745385.26
0.91	464574.15
1.5	151.73
1.28	41995.26
1.48	70229.26
1.23	4695.24
1.63	4094.67
1.51	16658.11
1.0	221627.68
1.16	109357.57
1.29	41050.38
1.58	16296.72
1.64	2597.56
1.82	53.73
1.05	21592.44
1.62	189.08
1.16	19522.69
1.85	4399.58
1.86	5145.47
0.89	2917083.83
1.25	20764.48
1.23	1355.8
1.07	281498.53
1.16	220781.47
1.35	93.57
1.73	6052.24
1.39	237182.53
1.09	161018.66
1.61	650.48
1.38	206738.06
1.5	162.74
1.18	1629871.75
1.93	183.55
1.89	154.22
1.38	50.31
1.15	1077630.8
1.03	124628.24
1.88	137.58
1.23	46941.6
1.24	22723.92
2.18	1927.65
1.82	15171.04
1.8	5879.54
1.16	36289.08
1.88	46.0
1.0	269330.0
0.98	57749.18
1.92	16543.46
1.08	24094.05
1.27	207213.71
1.15	8013.19
1.2	1349.56
1.85	932.5
1.74	11950.72
1.08	165522.86
1.75	1292.31
1.59	143.51
1.8	927.34
1.65	731.35
1.5	2970.35
0.99	2163704.41
1.7	17363.12
1.28	7155.42
1.19	346217.39
1.58	2.75
1.69	55597.45
1.07	61600.25
0.78	376913.25
1.18	913022.98
1.84	3412.43
1.47	1.32
1.74	2289.49
1.88	13036.76
1.44	42.56
1.88	251.83
0.96	25151.42
1.79	164.73
0.93	134258.95
1.24	30078.32
1.27	8987.99
1.25	208945.03
1.05	101947.17
1.07	68546.36
0.74	661936.25
1.9	105.49
1.28	407609.95
0.99	102316.58
1.76	104.5
1.37	5388.51
1.81	97.81
1.1	1818618.04
1.09	675524.33
1.82	3879.39
1.6	91.58
1.92	2046.5
0.9	432102.05
1.85	41.34
1.92	17147.02
1.34	47953.23
0.92	89452.99
1.2	83702.91
0.82	12996.7
1.67	6913.97
1.28	43838.39
1.86	956.52
1.75	48229.29
0.97	14229286.82
0.97	84741.31
1.34	6093.92
1.88	48.3
1.63	3406.08
1.69	1862.3
1.1	294715.33
0.83	501667.47
1.3	86707.64
0.79	319789.56
1.17	353.51
2.38	3747.31
1.65	31229.73
1.1	143352.05
0.94	101470.66
0.8	100108.86
1.63	4262.4
1.78	8347.0
0.95	440413.6
0.79	295785.8
1.03	11701947.8
1.97	1960.21
1.63	874.32
0.69	1660109.04
1.66	24573.94
2.02	1948.96
1.51	33297.71
1.63	3199.51
1.03	22858.09
0.94	56878.37
2.09	15212.8
1.13	506914.62
1.03	32172.79
0.92	129717.42
2.09	18758.96
1.95	1278.07
1.07	1199426.12
1.5	1.3
0.94	18822.53
1.33	36549.13
1.17	420837.82
1.62	891.63
1.36	251976.91
1.19	9249.47
1.4	81474.98
1.61	13800.36
2.18	60.86
0.92	2145071.52
1.18	180269.35
1.02	26458.99
1.32	70060.41
1.13	49285.67
1.18	496206.47
1.47	240.17
1.34	6921.75
1.38	4514.13
1.95	1160.59
0.82	346617.64
1.04	70671.2
1.0	7942.34
0.94	185057.29
1.5	20645.52
1.04	66223.96
1.61	59.14
0.77	509069.75
2.25	11877.16
1.47	45688.61
1.29	765.04
1.63	17.54
0.99	22750.53
1.2	43932.05
1.82	2997.73
0.98	13656.8
1.28	41782.62
1.57	374726.64
0.9	83854.56
1.11	90062.62
1.45	50893.97
1.85	15101.88
1.77	2831.38
1.14	1580854.41
1.83	939.43
1.61	102.48
0.78	424786.53
1.79	3860.73
1.13	438502.9
1.35	3362.89
1.19	26391.31
0.95	37382.46
0.88	11715.12
1.35	325420.87
0.98	8054.18
1.36	3509.31
1.56	1255.07
0.89	321616.5
1.39	5289.93
0.93	2036656.12
1.51	230342.87
1.82	2097.0
1.76	16.4
0.88	64026.49
1.32	1587.44
1.17	3382543.31
1.4	17652.02
1.71	71889.5
1.05	1022861.71
1.59	293553.99
1.06	2789.67
1.51	3.98
0.92	356592.63
1.15	1505.58
1.79	18374.81
1.87	2684.67
1.28	449.8
2.24	22.72
1.45	7045.39
1.41	4725.43
1.54	384033.22
1.03	17162.5
1.26	30448.48
1.94	1370.54
1.2	281106.45
1.92	3137.14
1.67	2754.56
1.09	11363.11
1.23	18812.23
0.93	20963.47
1.32	12225.23
1.42	12697.51
1.44	241209.0
2.04	1496.03
2.05	1534.94
0.89	1169758.16
1.15	201936.28
1.09	336374.97
1.1	25975.27
1.02	50914.84
1.35	154.67
1.8	251786.63
1.93	147.63
1.82	1462.53
2.36	3012.17
1.04	45920.97
1.52	7216.36
1.3	185.9
1.77	54803.47
0.74	374420.68
1.35	40783.22
1.65	2060.4
1.11	7.87
0.98	145405.43
1.78	1898.15
1.77	3230.94
0.8	1421557.06
1.16	62292.95
1.83	1456.26
1.08	144957.92
1.09	491747.17
0.78	228549.09
1.76	938.35
1.93	1244.18
1.26	367670.93
1.0	106053.96
1.09	21072.35
1.84	104.18
1.19	381779.34
1.2	62790.32
1.15	33405.69
1.36	348.71
2.28	9860.03
0.66	682692.02
1.83	9515.44
0.8	284292.72
1.79	402.27
1.0	112379.04
1.0	7018.29
1.75	3521.79
1.11	45649.68
1.96	753.74
1.22	92044.84
1.98	1768.81
1.7	0.0
1.86	19632.59
1.07	9647.24
1.56	6130.28
1.22	19850.03
0.74	238518.32
0.79	94633.45
1.24	267027.05
1.27	5971.21
1.79	3489.26
1.09	26156.12
1.17	123455.52
1.79	2164.98
1.73	11.42
0.87	165020.73
0.99	38501.17
1.41	106186.35
1.36	1579.24
2.33	1476.57
1.22	53986.68
1.42	3058.6
1.88	566.64
1.01	60307.81
1.92	13683.89
1.03	424405.51
1.7	7486.14
1.35	74.77
1.34	12225.64
1.16	68810.09
2.32	4364.01
1.35	5527.24
1.03	86910.45
1.11	371990.15
1.79	2044.97
1.92	213.12
1.51	69.63
1.87	590.77
1.76	2449.8
1.11	42422.72
0.98	81078.28
2.23	18168.54
1.07	12605457.17
1.49	1260.34
1.02	1302219.95
1.15	139794.19
1.49	11312.15
0.98	47290.21
1.19	3244095.85
1.0	38265.21
1.65	5.98
1.57	96596.31
1.52	68624.86
1.62	51107.34
1.86	754.78
1.43	4810.97
1.04	10634070.76
1.74	1062.64
1.16	214309.89
0.98	2304907.45
0.95	71003.58
1.5	49554.48
1.22	12842.34
0.62	244820.79
1.59	3564.07
1.25	16156.31
1.55	13357.17
1.61	29613.04
1.25	251090.34
0.6	149254.65
1.35	3203.83
2.0	1768.29
1.03	36034.55
0.74	166456.05
1.21	132429.7
1.32	931945.04
1.97	1475.46
1.18	10997.54
1.71	1790.49
1.21	112157.42
1.94	1876.62
1.08	162213.47
1.11	102319.13
1.87	1018.76
1.06	11526980.36
1.73	19775.17
1.0	361448.46
0.82	136374.37
0.93	2299962.02
1.14	1617124.36
1.47	176.06
1.13	30936.55
1.46	38.93
1.83	156.12
1.51	5301.46
0.99	16374.74
1.8	169.92
1.24	190973.9
1.84	923.24
1.79	1559.27
1.63	1349.92
1.17	58913.49
1.71	1059.08
1.36	882071.76
0.97	13733124.48
1.13	80396.09
1.81	3187.02
1.52	212582.74
1.35	39597.11
0.96	92780.33
1.82	35.37
1.03	60973.26
2.07	2105.85
1.03	148642.65
1.19	41616.87
1.19	4316.66
1.42	1120.63
1.39	2760.82
1.17	8893.31
1.02	126557.74
1.12	2120303.06
1.15	97079.96
0.96	90433.46
1.35	926.78
1.48	1864.94
1.82	1610.65
1.98	6150.55
0.96	84844.19
1.01	69493.08
1.93	13976.67
1.09	3255.97
1.87	2727.16
1.33	757987.66
1.69	805.09
1.72	6913.73
1.13	70565.14
1.44	4701.62
1.06	127193.06
1.57	119.86
1.61	2885.72
1.15	338863.42
1.21	80893.32
1.49	56261.16
1.2	45490.05
1.52	1442.52
0.94	240215.65
1.16	36281.55
1.28	910716.77
1.64	332739.27
0.96	35428.18
0.89	92366.74
1.86	96.18
1.01	44626.23
1.14	476827.52
1.09	52242.5
0.83	1766900.01
0.65	353165.21
1.01	281502.89
1.71	47.91
1.85	2236.3
1.18	376355.19
1.81	53.2
1.76	1107.4
2.14	1524.77
1.1	3894801.66
1.24	61634.91
1.08	284787.85
1.93	17449.33
1.63	1209.68
0.93	1835735.0
1.06	15896.54
1.29	48395.44
0.79	480447.28
0.95	2822864.41
1.13	43698.58
1.26	28155.56
1.24	8997.99
0.88	129291.79
1.38	7973.37
1.44	2755.55
1.7	33178.27
1.46	271.59
1.7	1351.35
1.01	679696.81
1.46	14739.72
1.48	1279.12
1.21	211822.87
0.77	1755142.21
1.35	69452.53
1.21	288809.36
1.15	534535.21
1.65	2975.05
1.24	25711.96
1.25	5986.74
1.99	3114.34
1.83	44.94
2.06	2097.71
1.15	558487.79
2.02	103.52
1.21	406.37
1.34	5847.24
1.74	7207.44
1.84	101.63
1.13	140403.76
