1.53	11938.78
2.34	0.0
1.1	12578.28
1.88	0.0
1.79	0.0
1.63	0.0
1.27	4.44
2.01	0.0
1.66	772.57
1.67	1674.91
1.54	1830.52
1.19	818.89
1.21	15834.99
1.61	1820.88
1.14	7.32
1.58	31.42
1.96	149.32
1.85	0.0
1.32	2294.47
0.89	1037.34
1.43	485.44
1.46	19055.09
1.26	53386.89
0.99	19010.81
1.38	0.0
1.53	299.58
1.9	0.0
1.35	0.0
1.09	48853.72
1.03	57239.73
0.98	1587.65
1.5	35905.97
1.55	0.0
1.69	4857.91
1.47	228.8
1.44	796.35
0.98	4384.37
1.27	15334.85
1.3	5696.21
1.95	0.0
1.44	308.42
1.87	0.0
1.26	120720.48
1.27	108119.32
1.79	896.33
1.83	102.97
1.57	370.65
1.15	134308.54
1.17	3396.22
2.03	349.08
0.65	61.78
1.87	0.0
1.63	36.88
1.21	1502.95
1.19	6856.03
1.55	0.0
0.83	567269.76
1.0	270162.46
1.99	79.49
0.85	513.71
1.07	48.89
1.9	70.46
1.18	3504.58
1.28	228.08
1.73	137.6
1.11	23257.77
1.92	109.92
1.26	183.99
1.43	1539.55
1.03	2715.03
1.08	5010.51
1.02	109268.58
1.12	0.0
1.32	59171.88
1.42	93.58
1.53	3129.9
1.03	239195.91
1.41	0.0
0.89	64673.11
1.0	4.44
1.09	4305.08
1.07	4702.51
1.19	4552.75
1.32	537.78
1.09	1257.23
1.66	645.27
1.01	16206.13
1.24	22648.41
1.13	0.0
0.96	40338.72
0.91	1322.84
0.91	402360.11
1.88	0.0
1.69	4800.16
1.5	0.0
1.24	3531.27
1.22	1118.17
1.06	0.0
1.95	0.0
1.03	4376.84
1.52	0.0
1.85	0.0
1.04	5015.77
0.78	13138.76
1.49	773.11
1.72	3530.64
1.91	0.0
0.56	36030.09
0.89	0.0
2.0	0.0
1.43	0.0
0.79	14619.41
1.09	0.0
1.47	16988.04
1.19	741.63
1.08	0.0
1.92	372.96
1.04	13336.34
1.78	61792.87
0.97	1180.76
1.76	0.0
0.94	0.0
2.31	0.0
1.02	283.83
1.25	11395.89
1.25	17531.34
2.07	4243.7
1.09	3668.3
1.53	882.83
1.75	43516.6
0.71	3742.74
1.15	285.56
1.71	5.24
1.93	0.0
0.98	185.17
0.94	185.46
1.21	18696.73
1.26	285.75
0.76	125103.19
1.8	535.81
0.71	23680.33
2.31	0.0
1.9	6493.48
1.85	0.0
0.82	21237.42
1.16	123968.56
0.71	8.89
1.55	125.62
0.71	126683.42
1.21	9094.93
1.09	0.0
1.83	32.44
1.8	277.78
1.16	23.12
1.46	3760.15
1.28	1965.16
1.07	212.35
1.14	0.0
1.64	3772.97
1.12	1311.83
1.24	2231.37
1.03	1329.55
1.84	0.0
1.86	0.0
1.02	3585.51
1.91	0.0
1.29	0.0
1.94	1995.05
1.51	897.61
0.94	58.92
1.15	10414.35
1.84	214.55
1.48	227.25
1.34	13884.93
1.61	5.33
1.6	1172.44
1.0	446.48
0.62	79784.33
1.02	25572.26
0.98	48.89
1.1	0.0
0.85	25111.74
1.39	3927.44
2.15	74.63
1.07	3095.93
2.21	0.0
1.1	7302.98
2.08	0.0
1.89	0.0
1.82	3706.02
0.92	22129.37
1.84	0.0
1.16	276.11
1.08	11753.19
2.09	123.08
1.14	389.47
1.56	0.0
1.71	1022.74
1.03	837.78
1.66	0.0
1.56	0.0
1.14	3311.71
0.75	0.0
1.17	9363.03
0.98	36305.96
1.83	0.0
1.28	621.49
1.27	893.34
1.21	8286.28
0.82	15396.93
1.5	30.45
1.1	61958.73
1.59	375.42
1.51	4840.88
1.09	0.0
0.99	856560.34
1.37	1083.54
1.86	0.0
1.4	0.0
0.95	875.56
1.29	115992.66
1.11	11682.09
1.74	6246.22
1.72	0.0
1.42	813.75
1.63	0.0
0.89	6674.12
1.07	1471.57
0.98	59482.61
1.15	3526.99
1.04	389.38
0.88	19735.89
1.12	504.65
1.34	1915.0
1.02	4959.65
1.32	13324.04
0.97	14885.79
1.89	0.0
1.52	381.69
1.19	225694.58
2.31	0.0
1.51	0.0
1.4	330.8
1.52	0.0
1.77	0.0
1.6	3.33
0.98	227884.21
2.38	0.0
0.92	3585.92
1.74	82.53
1.31	1868.24
1.93	0.0
1.08	860.21
1.23	0.0
1.63	493.6
0.77	78892.64
0.8	74359.03
1.09	70812.68
1.14	3036.22
1.77	106.39
1.24	2475.13
1.84	0.0
1.09	7718.56
2.02	0.0
0.98	1774.3
1.51	503.18
1.07	5693.75
1.83	0.0
1.37	61052.37
1.77	0.0
1.3	614.93
0.87	76947.64
1.67	795.71
0.8	13967.44
0.78	126664.37
1.21	83753.73
1.8	458.93
1.33	0.0
0.96	421701.4
0.83	260040.92
1.09	0.0
1.12	11268.67
1.42	519.86
1.14	34664.8
1.86	0.0
0.76	18629.74
1.66	962.85
1.43	527.15
1.16	4953.57
0.98	11067.18
1.72	65483.53
1.37	420.0
2.02	2426.6
0.97	14859.69
1.5	0.0
1.08	13619.13
1.41	1903.85
1.19	33732.3
1.18	5225.48
1.6	0.0
1.01	0.0
2.06	146.96
1.83	37.98
2.0	299.66
1.63	38.13
1.02	2919.97
0.96	6767.24
0.89	492.79
1.5	0.0
1.18	5548.94
1.24	237.22
1.25	0.0
1.24	24836.74
1.63	6.67
1.33	0.0
1.57	3700.19
1.2	2312.59
1.21	8380.8
1.08	70.6
0.96	4057.84
0.98	68521.88
1.49	0.0
1.43	652.47
0.77	33762.03
1.08	132172.82
1.61	9.85
1.34	0.0
1.68	266.67
1.25	2607.34
1.35	946.26
1.52	284.89
1.2	9703.84
1.47	1928.61
1.24	3158.9
1.17	261.11
0.94	3839.67
1.27	4368.18
1.47	2200.34
1.34	377.94
1.71	608.14
1.04	1330.64
1.75	6.91
2.06	0.0
1.13	17453.1
1.88	0.0
1.86	9.55
1.08	591.11
1.12	323.33
1.05	0.0
2.4	0.0
2.73	0.0
1.65	5843.81
1.02	21851.29
1.7	9.8
1.64	0.0
1.92	0.0
1.82	0.0
0.94	5425.61
1.13	3377.45
1.1	2796.71
1.84	75.47
1.26	1858.4
1.53	1836.57
1.69	47372.82
1.03	734.95
1.92	2.57
1.85	0.0
1.7	3892.92
0.51	52917.7
1.62	2183.98
2.19	0.0
0.96	5354.02
1.02	1074.3
0.98	0.0
1.82	0.0
1.03	121.34
1.71	0.0
1.29	24647.57
1.37	0.0
0.97	35397.12
1.17	10.0
0.82	9171.11
1.0	0.0
1.71	33224.81
0.53	25305.41
1.05	3806.21
1.02	4418.25
1.13	99.26
1.27	0.0
1.06	1403.1
1.26	16314.28
1.18	460.01
0.96	502.87
1.64	0.0
1.75	63407.56
1.5	0.0
1.13	11206.74
1.16	182.35
1.27	5472.72
0.96	4950.35
1.32	0.0
1.12	836.07
0.89	150819.57
1.52	295.79
0.97	56758.78
1.4	10302.21
1.87	1716.08
1.3	12428.29
1.11	25728.47
1.84	107.09
1.58	394.11
0.89	26671.18
1.96	50.75
1.08	2394.12
1.64	0.0
0.88	0.0
0.75	582846.33
1.04	1552.2
1.68	62.82
1.07	460.22
2.05	26.77
1.7	516.72
0.99	444.44
1.63	237.21
1.14	388.43
1.98	0.0
1.92	0.0
1.63	0.0
1.2	10477.32
0.72	2342.82
2.09	1029.67
1.43	525.26
2.01	192.6
1.13	19120.68
1.41	468.7
1.82	11.26
1.74	714.87
1.46	0.0
1.23	2639.11
1.25	14765.56
1.1	39529.65
1.06	759.23
1.05	5490.31
1.07	685816.37
1.35	7189.08
2.05	0.0
1.25	1792.39
1.22	2742.71
1.3	930.16
1.88	192.11
1.08	332.04
1.28	17.44
1.47	0.0
1.55	0.0
0.77	48169.23
1.39	422.98
1.31	24572.54
0.79	13670.42
1.27	0.0
0.8	1154.53
1.76	462.53
1.13	26.47
2.59	0.0
0.93	9484.77
1.11	0.0
1.42	126173.7
1.11	3960.31
0.67	0.0
1.85	2583.82
1.59	8514.5
1.8	44.54
1.52	0.0
1.58	75.67
1.55	0.0
1.33	453.33
1.03	1647.0
1.03	10604.45
0.87	30968.06
1.72	0.0
0.54	22980.24
1.61	2512.05
1.68	5149.53
1.7	4933.71
1.17	81139.48
1.97	40.0
1.25	12406.71
1.03	11.43
1.07	25125.65
1.59	5648.41
1.26	1994.62
1.64	0.0
0.99	2257.34
1.92	0.0
0.97	4312.49
1.16	128.89
1.12	0.0
1.06	50265.04
1.14	132335.36
1.65	0.0
0.52	32242.16
0.76	69586.54
2.01	0.0
1.41	0.0
1.35	701.39
1.36	40926.08
1.49	5799.42
1.89	3350.23
1.04	2366.05
1.0	4671.88
1.23	824.45
1.3	5116.37
1.74	0.0
1.98	0.0
1.85	253.39
1.1	6256.45
1.5	285.03
1.06	4672.49
1.03	2962.9
1.7	6929.99
1.16	143978.69
1.72	0.0
1.09	110126.4
1.65	0.0
0.86	8310.74
1.96	5313.22
1.75	0.0
1.4	1253.09
0.93	3761.98
1.16	68237.18
0.77	7499.76
1.0	36844.97
1.06	33782.97
1.96	0.0
0.83	42885.85
1.33	32301.66
2.07	30.48
1.03	7.4
1.12	115527.66
1.11	439.76
1.67	340.99
1.81	3.33
0.99	3292.17
2.36	0.0
1.15	222.22
1.11	4983.53
0.99	98774.76
0.75	9013.74
1.57	147.81
0.94	2990.94
1.83	537.94
1.16	20603.82
1.87	2.65
1.48	0.0
0.97	3221.26
1.35	977.78
1.23	165.39
1.02	1189350.26
1.92	0.0
1.91	0.0
1.32	2811.61
1.75	0.0
1.55	260.72
1.83	0.0
1.24	26708.12
1.46	575.5
1.56	235.97
1.66	2751.22
1.73	0.0
1.15	108703.67
1.8	36.73
1.65	1591.04
0.77	15914.34
1.49	134.35
1.94	0.0
1.0	39120.2
1.59	17.49
2.02	280.56
1.6	46.16
1.35	3734.07
1.02	17270.02
1.44	93487.52
2.29	0.0
1.9	842.78
1.74	0.0
1.41	0.0
1.84	0.0
1.15	1895.88
1.64	5977.76
1.78	1504.6
1.77	0.0
1.6	356.23
1.5	236.57
1.22	8749.15
1.22	31818.17
1.44	501.26
0.98	138161.32
1.84	120.59
0.81	16465.16
1.13	1986.77
2.24	0.0
0.93	1617.67
0.96	20149.44
1.08	3294.27
1.09	2275.13
0.98	24553.19
1.05	10568.42
1.09	816.52
1.77	6788.35
1.51	0.0
1.7	0.0
2.19	0.0
0.75	8644.44
1.38	201.87
0.93	1371440.28
0.78	18811.12
1.2	1427.26
1.07	36952.36
1.38	785.56
1.2	118366.89
1.52	0.0
1.19	1375.39
1.13	56591.69
0.96	36585.51
0.88	24850.38
1.88	172.67
1.43	0.0
1.15	221255.67
1.76	0.0
0.89	31446.68
1.99	149.15
1.05	9360.13
1.81	334.02
1.52	13965.54
1.72	371.66
1.1	3186.18
1.33	1284.44
0.97	8082.05
1.13	18032.41
1.52	4.96
1.54	0.0
1.05	167806.94
2.05	0.0
1.28	76809.76
1.01	1475.78
1.0	3113.19
1.69	17.8
0.74	5973.67
1.05	41548.22
0.99	8193.75
1.36	62.22
1.47	1.73
1.39	2109.8
1.25	0.0
1.04	813.34
1.98	214.69
0.8	873.08
1.07	9422.58
1.15	53809.21
1.77	64.97
2.09	0.0
1.7	1312.66
1.15	641.91
1.05	14266.74
1.8	0.0
0.7	35134.88
1.91	336.0
1.14	36597.11
1.14	46004.95
1.6	0.0
1.19	1344.61
2.06	0.0
2.0	0.0
1.97	0.0
0.96	26430.42
1.84	475.79
1.17	94.95
1.88	0.0
1.68	0.0
0.98	5.78
0.71	7681.33
1.09	14148.65
0.88	88049.12
1.39	12400.23
0.98	33688.3
1.27	205.46
1.45	2684.6
1.4	0.0
1.65	0.0
1.73	0.0
1.07	231.1
1.97	4555.19
1.82	0.0
1.41	16.03
1.84	0.0
1.05	380.11
1.07	87.8
1.52	238.86
1.07	0.0
1.95	0.0
1.24	1658.76
1.22	16.77
1.13	665.88
1.59	656.81
0.78	10947.84
1.58	735.56
1.79	5.29
1.65	0.0
1.52	105780.08
1.28	84913.39
0.98	274435.21
1.14	0.0
1.62	0.0
1.48	3.33
1.5	60814.76
1.87	0.0
1.19	1280.03
0.77	191572.72
1.22	7878.88
1.35	1055.58
1.55	277.11
1.12	13680.88
1.52	1887.18
1.76	612.57
1.01	4411.36
1.42	2201.85
1.07	12904.75
1.72	16.27
2.04	26.67
1.29	65744.96
1.1	4685.67
2.08	0.0
1.44	14144.03
1.76	6.67
1.91	0.0
1.01	3326.79
1.63	6.3
1.36	22.22
1.2	60823.26
1.01	42734.02
1.58	28516.37
0.88	5886.62
1.46	0.0
1.73	0.0
0.93	109.68
1.81	0.0
1.83	157.1
1.23	458.52
1.39	30.0
1.39	31.11
1.63	7861.45
1.43	3545.4
1.46	1173.58
1.14	56794.41
1.13	140253.5
1.35	1985.57
1.67	3.33
1.1	23435.77
1.47	2091.82
1.63	2368.86
1.72	0.0
0.95	63671.65
1.94	375.58
1.28	0.0
2.03	0.0
1.24	9314.56
1.86	0.0
1.06	41724.4
1.19	2065.26
1.09	96055.45
1.12	2663.12
1.67	154.41
1.03	6203.8
1.57	3108.03
1.08	93434.54
1.11	126731.94
1.3	0.0
1.43	18457.07
1.46	294.96
2.02	0.0
1.63	0.0
1.82	3.48
1.01	718333.87
0.78	75236.67
1.68	0.0
1.88	27.74
1.96	220.32
0.96	9725.53
1.05	4354.42
1.29	0.0
1.25	0.0
1.58	5170.47
2.04	22.28
1.07	927.78
1.92	0.0
1.13	122232.65
1.5	740.0
0.88	1815.57
1.65	54107.05
0.92	214729.56
0.91	18135.33
1.26	11403.38
1.58	146.62
1.82	831.06
1.1	46783.55
1.79	13.74
1.76	144.27
1.16	44833.83
1.05	0.0
1.27	2878.43
1.82	0.0
1.17	85966.27
1.49	0.0
1.83	47124.25
1.24	1549.29
1.61	0.0
1.28	22436.65
2.07	1719.37
1.22	0.0
1.2	3615.36
1.85	0.0
1.07	379.38
1.36	63602.13
1.28	4716.36
1.76	2225.84
1.12	3516.34
1.33	9715.02
1.48	442.71
0.93	760.09
1.03	0.0
1.59	1917.82
1.15	2991.75
1.43	4553.26
1.24	8.42
1.25	5125.31
1.2	119920.22
0.77	12833.33
1.8	487.36
1.27	2476.3
1.6	7226.9
0.95	7809.39
1.3	35780.27
1.75	0.0
1.86	0.0
1.31	376.77
1.12	11625.94
2.18	3.58
1.06	0.0
1.75	0.0
1.2	77989.8
1.09	191.59
1.07	2603.34
1.57	3491.93
0.86	15650.13
0.76	1402.04
1.93	0.0
1.2	0.0
1.22	315.81
0.85	8482.34
0.8	163125.93
1.56	3548.02
1.21	0.0
1.48	0.0
0.79	88337.6
1.11	88016.24
1.15	2923.19
2.03	0.0
1.92	0.0
0.57	23702.27
1.08	7346.56
1.32	404.34
1.66	146.12
1.66	0.0
1.65	1520.75
1.02	256.29
1.09	3884.3
0.95	45134.15
1.86	317.34
1.33	81630.45
0.99	12275.43
1.48	420.59
1.17	1705.19
1.83	3.33
1.72	0.0
1.63	3.33
1.26	0.0
1.56	570.07
1.86	0.0
1.39	0.0
1.17	7104.77
1.22	14167.52
1.16	676.16
0.96	1066.62
0.98	29.77
1.77	887.75
0.99	270807.26
1.5	0.0
1.17	0.0
2.03	0.0
1.02	16160.04
1.7	310.05
1.1	80986.81
1.68	288.51
0.84	14651.88
1.46	447.64
1.01	3462.12
1.41	0.0
0.96	29739.85
1.18	135.74
1.39	1928.59
1.6	2.78
1.8	43.75
1.17	127742.54
1.48	0.0
1.48	3.34
1.9	51.11
0.77	1555.46
0.95	36436.94
1.01	199.58
0.99	152.36
1.51	3.33
1.27	0.0
1.23	0.0
2.05	125.26
0.98	16180.34
1.98	0.0
0.93	50472.61
0.97	9433.78
0.83	25218.02
1.86	111.21
1.14	14707.82
1.5	268.9
1.21	15800.54
1.32	3744.82
1.54	5254.56
2.07	0.0
1.84	2189.71
1.29	0.0
2.05	0.0
0.96	27241.05
1.16	16003.01
1.36	68163.62
1.22	579.92
1.68	51108.55
1.98	15.98
1.62	395.55
1.79	42.53
1.23	5752.42
1.65	4933.6
1.32	1938.52
1.56	1595.53
1.26	10613.53
0.99	7902.32
1.04	236.07
1.94	130.88
1.45	0.0
1.35	146.45
0.96	15168.54
1.4	3063.77
1.37	65288.42
1.55	210.41
1.01	6833.78
1.07	1789.69
1.26	0.0
0.96	3996.43
1.78	58.79
1.48	181.33
1.23	217.78
1.66	26.4
1.26	35618.17
1.12	59212.09
1.5	0.0
1.59	705.85
1.85	0.0
1.36	48408.81
1.09	3914.88
1.69	2.65
0.91	31742.92
1.04	16289.92
1.14	122225.92
1.69	159.11
1.23	18294.82
1.6	714.34
1.79	308.44
1.37	350.32
1.18	0.0
1.03	5888.63
1.79	0.0
1.15	211033.9
1.15	80.55
1.02	816629.4
1.23	0.0
1.88	0.0
0.83	119235.17
1.26	0.0
1.47	126021.9
1.19	114.45
1.93	0.0
1.24	9392.41
1.24	8839.21
1.65	1507.71
1.14	41646.75
1.4	10406.33
1.24	0.0
1.59	180.5
2.37	6.1
2.0	0.0
1.17	2141.17
1.31	0.0
1.47	0.0
1.9	487.34
1.6	316.39
1.34	33433.41
1.9	6189.76
1.14	5916.12
1.24	144.7
0.87	83782.52
1.95	40.0
1.15	14112.5
1.02	23856.04
0.89	1121076.47
1.08	762.35
1.64	0.0
1.46	46910.16
1.13	325.74
1.69	0.0
0.91	1777.58
1.07	24277.53
1.91	0.0
1.59	3.33
1.19	3134.64
1.48	0.0
1.33	144.77
0.91	832.23
1.68	7148.5
1.82	166.54
1.44	13544.68
1.43	993.95
1.09	954.59
2.05	0.0
1.1	2931.68
1.7	11.16
1.69	1692.28
1.19	0.0
1.09	24924.58
0.82	3271.85
1.1	231.21
1.41	3673.54
1.43	14028.66
1.22	658.45
1.87	0.0
1.59	2637.89
1.84	0.0
1.21	2298.61
1.44	1904.51
2.02	42.86
1.55	0.0
1.35	2.78
1.11	2327.22
1.55	0.0
1.72	0.0
1.03	0.0
0.95	6935.32
1.74	0.0
0.98	355.83
1.56	43013.42
1.02	12189.0
1.09	61850.13
1.12	110898.39
1.26	92499.97
1.46	16917.83
0.67	28225.13
1.48	125.98
1.61	0.0
1.58	1860.79
1.14	4396.66
1.13	11355.84
0.83	7044.44
1.91	7.86
0.99	165.39
1.5	42412.98
1.0	9464.13
1.85	160.77
1.53	0.0
1.0	20835.98
1.01	473.7
1.5	0.0
0.95	48427.25
1.28	17325.45
1.6	36859.57
1.06	0.0
1.15	0.0
1.29	3834.75
0.99	17273.38
1.02	28516.98
0.93	923.46
1.07	687179.4
0.85	111022.36
1.93	2169.76
2.01	67.73
1.36	17389.9
1.66	4641.34
1.01	440.57
1.07	10780.32
1.57	0.0
1.83	0.0
0.74	33107.98
1.13	5181.16
1.44	168.89
1.13	9584.33
1.11	1229.55
1.09	26.71
0.58	21652.43
1.96	6.67
1.03	3.33
1.72	0.0
0.93	1560.59
1.43	44.44
0.99	0.0
0.92	342166.04
1.27	1423.72
0.92	3341.12
1.02	5538.06
0.99	20979.32
1.03	11398.26
1.21	0.0
0.7	25396.26
1.08	66285.96
1.9	17.83
1.34	3079.21
1.4	693.33
0.98	9060.09
1.25	4729.75
1.18	2240.14
1.8	1241.43
1.83	0.0
1.36	0.0
1.38	262.22
1.19	8943.09
1.43	22.26
0.83	19216.17
1.7	67.2
2.35	82.86
1.19	194.08
1.22	12477.1
1.65	233.39
1.22	18020.44
1.14	0.0
0.99	0.0
1.01	51.91
1.4	242.32
1.2	0.0
1.04	1624.15
1.43	5852.11
1.46	417.03
1.74	521.97
1.35	0.0
0.94	28362.05
0.98	35592.81
1.53	7362.19
2.14	12.32
1.12	11883.98
1.25	108.32
1.79	0.0
1.7	946.32
1.48	0.0
2.15	0.0
1.02	111072.91
0.95	0.0
1.08	3381.7
1.57	108.15
1.26	303.32
1.35	0.0
2.09	0.0
1.84	1995.39
1.54	318.7
1.07	68904.63
2.02	6.67
1.04	12078.24
1.32	84757.11
1.88	0.0
1.4	136.25
1.09	9411.9
0.9	33213.41
1.04	22379.5
1.94	277.04
1.1	1312.96
1.27	47542.37
1.83	0.0
1.25	0.0
1.45	55918.65
1.03	819935.17
1.61	0.0
0.98	12562.27
1.17	0.0
1.32	3643.11
1.95	86.93
1.4	1082.1
0.93	183910.09
0.91	8823.27
1.06	41425.81
0.99	33139.76
1.19	6468.53
1.48	0.0
1.78	853.71
1.03	2179.84
1.94	0.0
1.14	4067.09
1.19	31.33
1.19	9940.6
0.82	95136.58
0.97	30787.5
1.61	0.0
0.83	58681.56
0.82	4008.88
1.75	0.0
1.51	0.0
1.9	0.0
1.16	50222.64
1.43	148734.45
1.3	17503.27
1.14	48.89
1.26	23641.65
1.09	689175.8
2.07	0.0
0.97	16192.5
1.35	0.0
1.68	0.0
2.0	0.0
2.72	0.0
1.36	132855.85
1.95	5.86
1.77	0.0
1.85	0.0
1.63	0.0
1.22	19119.03
1.21	16954.05
1.78	14.26
1.13	109501.0
1.47	283.76
1.32	441.46
1.1	10006.3
1.1	24838.63
2.21	0.0
1.41	0.0
0.97	9710.74
0.76	12416.71
0.96	1970.91
1.05	2442.62
1.24	17.06
1.22	529.53
1.2	39078.44
1.69	5.25
0.91	2309.09
1.41	0.0
1.9	172.11
1.43	59891.19
0.98	0.0
1.53	44.86
1.8	0.0
1.49	277.51
1.1	127530.47
1.29	6.67
0.8	18029.96
1.83	19.67
2.39	0.0
1.8	0.0
1.73	26.24
2.18	0.0
1.17	34191.25
1.09	89855.65
1.24	102680.02
1.55	0.0
1.78	231.37
1.18	3268.72
1.23	0.0
1.11	6053.4
1.65	0.0
1.84	0.0
1.04	812924.73
1.46	0.0
1.44	9285.47
1.78	0.0
1.07	1180.02
1.76	0.0
1.19	5730.22
1.68	201.17
0.99	19822.48
1.18	4928.69
1.5	68.53
1.6	52221.03
1.14	13951.38
0.89	28229.86
1.09	23454.84
1.48	154.24
1.49	6.67
1.88	0.0
1.94	0.0
1.57	90.18
1.48	0.0
1.16	3060.44
1.0	12061.44
1.56	10262.1
1.57	126.28
1.6	3586.07
1.05	10942.97
0.87	3422.61
1.89	0.0
1.63	0.0
1.19	1400.8
1.57	0.0
1.89	35.5
1.49	1047.22
1.8	67.01
1.79	168.43
1.15	267.65
1.49	3.33
1.59	0.0
1.0	839.26
0.68	13421.47
1.65	0.0
1.43	16308.37
1.76	4494.15
1.67	0.0
0.97	38819.01
1.7	0.0
0.83	53797.92
1.14	0.0
1.54	821.11
1.55	215.88
1.38	0.0
1.9	0.0
1.79	0.0
1.11	734.29
1.04	815628.55
1.19	89.57
1.9	0.0
1.75	3.33
1.41	640.0
1.75	537.36
1.19	9033.87
1.44	597.92
0.97	44549.67
0.91	1757.12
1.75	0.0
1.84	0.0
1.87	0.0
1.09	5161.57
1.07	4401.93
1.23	0.0
1.83	3.33
2.05	114.38
1.12	36998.43
0.58	60528.77
1.22	7661.96
1.31	131232.57
1.19	1624.65
1.74	185.92
1.9	9.52
1.05	11296.81
1.2	8412.98
1.24	0.0
1.25	26280.29
1.02	5110.83
1.79	0.0
1.47	0.0
2.0	0.0
2.14	8.58
1.11	1306.87
1.19	21.77
0.83	35034.18
1.12	0.0
1.89	32.06
1.12	2367.34
2.01	139.12
1.06	333.16
0.99	48084.27
0.95	959.9
2.05	205.85
1.24	4.37
1.78	15.93
1.61	6624.7
1.07	15551.62
1.11	13785.22
1.59	59294.01
1.16	803.34
1.36	0.0
1.78	0.0
1.17	15425.66
1.79	0.0
1.21	796.67
1.18	6908.05
1.84	431.88
1.04	89.0
0.98	4028.39
1.83	0.0
1.36	226.11
1.44	695.91
1.77	0.0
0.89	7779.62
1.38	1381.25
0.77	25052.64
1.18	61449.05
1.05	490.37
1.81	534.2
1.23	367.78
0.95	23745.65
1.4	2003.82
0.96	41140.76
1.13	12026.12
1.86	0.0
1.96	69.19
1.89	0.0
1.64	0.0
1.49	136143.3
1.69	0.0
0.98	0.0
1.5	0.0
1.66	3515.83
1.52	616.05
0.95	3238.51
1.33	264.44
1.5	639.56
1.97	269.43
2.27	0.0
0.86	48907.35
1.43	15496.02
1.33	145.54
1.65	486.46
1.0	93534.16
0.94	5003.33
1.78	4753.72
1.4	939.14
1.0	971.5
1.6	10483.56
0.84	12776.1
1.43	18321.94
1.59	0.0
0.76	7376.51
1.07	3727.81
1.5	2170.41
1.37	15126.47
1.61	207.63
1.98	10.2
1.68	38.83
1.96	608.92
1.13	55968.11
1.08	1125.5
1.21	155.56
0.93	18264.75
1.64	0.0
1.45	1019.63
1.37	0.0
1.02	4745.05
0.78	115546.32
1.28	43147.53
1.19	3256.13
1.17	10311.11
1.81	0.0
1.29	0.0
0.99	21281.8
1.45	51397.91
1.3	4663.55
1.48	196.03
1.03	2930.44
1.75	0.0
1.05	1747.96
1.1	29143.81
2.32	78.75
1.83	0.0
1.12	16538.31
1.22	41582.34
0.95	85.32
1.17	0.0
1.9	0.0
1.35	13313.81
1.79	2265.36
1.67	344.92
0.98	24313.95
2.03	0.0
1.19	639.77
1.05	0.0
1.73	0.0
1.83	0.0
1.08	2057.45
1.26	0.0
2.07	0.0
1.82	181.54
0.91	63.25
1.29	6184.29
1.89	220.7
1.08	6846.07
0.81	64489.99
1.03	3456.87
1.78	185.47
1.43	498.12
0.91	3448.62
1.28	394.0
0.95	176871.66
1.39	6708.0
0.8	18793.29
1.36	0.0
1.04	4414.64
0.79	152122.11
1.03	2654.33
1.17	187252.98
1.26	862.22
1.6	0.0
1.71	296.48
1.15	5170.75
1.25	27.29
0.85	14480.99
1.23	25.18
1.24	3573.83
1.84	0.0
1.54	0.0
1.93	17.23
1.69	0.0
1.72	93.9
1.15	0.0
1.53	710.12
1.26	26305.26
1.73	310.09
1.1	11566.09
1.62	852.82
1.2	0.0
1.18	4.04
1.1	30313.62
0.99	0.0
1.95	0.0
1.75	8489.01
1.12	34378.38
1.22	11029.46
1.77	127.91
1.71	30.03
1.19	42910.27
1.3	0.0
2.16	0.0
1.31	586.28
1.62	0.0
1.29	35738.26
1.37	11546.54
1.78	320.25
1.79	0.0
1.81	0.0
1.24	213.6
2.4	0.0
0.95	3415.11
1.24	42.9
0.84	29335.02
1.05	10410.22
1.26	0.0
1.06	5268.51
1.93	0.0
1.23	100408.5
0.96	0.0
1.36	2133.26
1.16	1852.33
1.65	110.4
1.34	606.82
1.42	222.39
0.94	11949.73
1.77	18.93
1.44	16657.4
1.68	0.0
1.61	37497.91
1.03	0.0
2.11	0.0
1.68	0.0
1.54	615.43
0.93	53584.84
1.23	24162.82
1.53	0.0
1.79	3.59
0.9	110737.35
0.98	31773.08
1.16	0.0
1.0	8.89
1.68	16.47
1.64	0.0
1.08	13533.9
1.15	10376.77
1.87	0.0
0.9	20164.27
1.19	0.0
1.88	5893.95
1.05	0.0
1.35	0.0
0.91	338.86
1.92	1003.93
1.81	0.0
2.75	0.0
1.2	18064.65
1.1	37.97
0.99	33990.0
2.3	119.95
1.2	7588.83
1.17	18505.52
1.11	0.0
1.03	17.08
2.06	167.95
1.12	2046.71
1.1	1066.01
1.13	1134.0
1.36	80172.1
1.25	88.62
1.98	0.0
1.59	462.8
1.76	0.0
1.68	3242.62
1.11	15322.53
1.19	593.32
1.01	10432.41
0.75	31520.66
1.46	0.0
0.8	54424.19
1.19	4901.72
0.66	18054.74
1.52	2.22
1.65	219.45
1.7	0.0
2.17	0.0
0.95	111073.82
1.12	0.0
1.5	81.34
1.03	18138.03
1.02	37441.3
0.92	5619.06
1.4	491.41
1.08	2796.76
1.04	4469.45
1.05	857.22
1.27	831.09
1.17	1965.88
1.06	1849.74
1.35	1531.72
1.44	124.44
1.94	0.0
0.96	36398.19
1.81	0.0
1.86	26.25
1.3	121974.02
1.24	9417.94
1.05	1791.79
1.46	0.0
1.81	341.46
1.34	97864.57
1.02	223.56
1.11	53740.87
1.02	13779.67
1.54	1067.52
1.58	0.0
0.98	885.86
1.42	1547.53
1.95	0.0
1.05	1860.18
1.19	0.0
1.2	67207.62
2.21	0.0
1.11	920.38
1.05	1236.88
1.22	245.19
1.57	349.51
1.99	11.41
1.67	62.09
1.49	0.0
1.02	4968.89
1.39	10167.38
0.89	21945.2
1.11	498.67
1.11	3289.62
1.38	0.0
1.09	11727.21
1.02	4201.55
1.0	0.0
1.11	11041.51
0.75	23570.43
0.96	0.0
1.25	0.0
1.68	0.0
0.79	57607.18
1.49	34068.37
1.09	797.64
2.31	0.0
1.29	1160.0
1.54	185.63
1.65	0.0
1.32	642.85
1.69	0.0
1.54	59903.43
0.94	34540.33
1.84	148.46
1.05	6062.58
0.94	13953.67
1.07	6549.1
1.72	6459.62
1.07	5831.48
1.63	254.3
0.76	304844.07
2.01	1027.11
1.76	0.0
0.96	22651.15
2.03	0.0
1.03	92629.46
1.26	0.0
1.17	5112.69
1.23	4986.65
1.39	1171.33
1.01	10832.31
1.83	0.0
0.63	3.61
1.71	13.29
1.14	0.0
1.93	24.72
0.98	240262.17
1.19	1599.1
1.3	851.56
1.79	181.38
1.82	0.0
1.34	77.77
1.12	8372.87
2.73	0.0
1.2	59917.38
1.44	5505.22
0.95	591.25
1.44	238.35
2.04	3353.31
1.85	0.0
1.81	0.0
1.0	18328.93
1.0	7130.47
1.08	10835.71
1.19	136184.25
0.82	119640.03
0.87	180150.37
0.98	391377.16
1.38	287.05
0.98	8131.55
1.14	10382.51
1.53	0.0
1.19	6141.14
0.79	57474.72
1.59	17.78
1.9	0.0
1.06	8571.5
1.23	2040.19
1.64	0.0
0.95	726.66
1.82	102.59
1.13	18056.86
1.68	1005.41
1.53	2512.15
0.85	517936.19
1.94	0.0
1.15	21663.7
1.22	15507.64
0.92	1283546.73
1.68	0.0
1.33	0.0
1.21	0.0
1.79	0.0
1.14	17303.91
0.73	7628.89
2.16	3166.8
1.4	16871.38
1.27	0.0
1.01	286270.91
1.59	0.0
2.17	0.0
1.47	7037.78
0.95	673453.54
0.97	53122.31
1.7	0.0
1.9	0.0
1.38	0.0
1.01	1341.7
1.85	621.81
1.05	71988.59
1.04	0.0
1.14	4466.78
1.97	89.22
1.1	130933.76
0.99	39285.32
2.02	231.55
2.1	0.0
1.85	0.0
1.12	7596.27
1.14	1349.22
0.99	160.0
1.88	112.02
2.11	410.05
1.36	0.0
1.06	6301.94
1.66	13.32
1.88	0.0
1.79	342.79
1.15	11720.3
1.11	298.89
1.22	0.0
1.5	5511.17
1.83	0.0
1.0	21766.54
1.66	48582.82
1.0	34838.13
1.84	0.0
1.81	0.0
1.94	0.0
1.48	19130.72
0.81	181455.77
1.01	16314.22
1.3	11.62
1.01	38098.48
0.98	8680.3
1.85	201.07
0.99	1844.96
1.23	1333.85
0.94	4251.42
0.92	1245.73
1.24	20736.34
0.81	95639.5
0.93	417111.87
1.04	165723.93
1.13	5626.05
0.67	12176.08
1.28	2440.29
1.66	326.74
1.16	3298.08
2.0	0.0
1.88	11.7
1.17	61.97
1.23	823.33
1.02	673149.42
1.66	1771.05
1.48	0.0
1.54	5550.6
1.18	1630.97
1.42	645.09
0.96	19064.31
1.5	10076.19
2.31	0.0
0.96	36940.51
1.03	3994.61
2.07	108.12
1.49	242.27
1.55	8653.94
1.12	1836.06
1.57	0.0
1.54	783.33
1.7	912.91
1.81	34849.7
0.8	10364.96
2.01	1203.74
0.75	2811.54
1.7	5772.89
1.09	5017.48
1.33	11040.67
0.98	11547.81
1.64	0.0
1.83	6.37
1.1	7356.84
0.75	17112.48
1.72	0.0
0.53	28069.71
1.35	0.0
1.37	79697.33
1.24	26421.51
1.92	88.26
0.81	7885.81
1.33	1469.42
1.02	11436.19
1.21	89874.67
1.15	137878.92
2.24	391.0
1.32	210.86
1.67	0.0
1.62	5.29
1.91	0.0
1.96	0.0
1.15	190038.31
1.24	4693.09
2.0	40.0
1.51	0.0
0.7	22520.97
1.01	3321.97
1.24	2780.32
1.55	0.0
1.31	1075.64
1.66	1598.25
1.39	1590.28
2.23	12.31
1.33	778.26
1.65	290.87
2.02	0.0
0.88	44260.6
1.59	0.0
1.07	1139.84
1.19	1723.17
1.34	691.96
1.06	46809.48
1.74	0.0
1.7	201.03
1.87	956.13
1.16	5835.75
1.54	640.23
1.45	1812.67
1.56	7680.06
1.18	186.8
1.52	0.0
1.51	171.0
1.15	11.27
0.6	19.49
2.11	0.0
1.95	0.0
1.01	762527.54
1.0	86482.0
1.62	0.0
1.5	69.5
1.18	10858.47
1.03	43020.67
1.9	0.0
1.22	2341.73
1.22	14786.36
2.08	16.67
0.98	7942.08
1.97	21.16
1.58	6.67
1.42	11279.77
1.18	17.89
0.91	9419.99
1.68	181.06
1.06	14361.02
1.06	4131.76
1.66	1162.96
1.35	235.77
0.97	35915.99
1.1	0.0
1.15	9197.48
1.09	8069.77
1.09	10254.49
1.02	826567.05
1.29	79402.19
1.8	337.1
1.66	580.54
1.74	158.99
0.92	28960.17
1.31	0.0
2.45	0.0
1.12	2205.32
1.36	602.05
1.14	9165.69
1.88	0.0
1.47	0.0
1.69	0.0
1.79	524.65
1.67	59336.42
1.82	710.72
1.68	40.0
0.99	952191.42
1.68	0.0
1.48	2351.84
0.91	1685.75
0.93	2392.67
0.98	15620.29
1.08	612362.43
1.78	0.0
0.97	5.69
2.26	0.0
0.89	429405.37
1.09	0.0
0.82	12675.55
1.17	76789.0
0.94	3151.91
1.13	0.0
1.2	10045.45
1.1	1165.84
1.92	174.29
1.68	6370.03
1.73	0.0
1.92	268.63
1.81	119.16
1.18	6573.5
1.49	71.77
1.39	1144.49
0.95	135414.81
0.76	19801.95
1.03	0.0
1.17	7176.6
1.63	0.0
1.05	34690.26
1.64	1562.29
1.19	0.0
1.86	0.0
1.93	0.0
1.53	699.7
1.22	0.0
2.09	0.0
0.96	4943.16
0.92	26345.43
1.77	99.57
1.7	5.59
1.43	372.01
1.93	0.0
1.67	323.85
1.55	0.0
1.41	3.33
0.9	9642.69
0.9	8377.23
1.2	38.73
1.09	3486.89
1.26	1694.72
1.05	0.0
1.77	47973.51
1.44	14118.92
1.73	705.92
1.29	0.0
1.54	5902.21
1.87	200.23
1.7	3413.15
1.26	370.74
1.0	30108.64
1.55	0.0
1.22	515.56
1.0	124306.44
2.21	6.6
1.85	0.0
1.7	1547.88
0.81	92763.31
1.17	294.44
1.19	1623.22
0.98	11295.37
1.08	2116.34
1.56	0.0
1.08	2053.21
1.03	273.41
1.0	7460.64
1.09	94381.16
0.75	48325.74
1.58	370.6
1.44	9781.0
1.96	0.0
0.72	11780.0
1.38	744.94
1.05	703542.1
2.21	1225.99
1.09	36703.98
0.9	3503.63
1.25	97.78
1.56	0.0
1.01	44.65
1.66	36.67
1.25	11308.76
1.53	5550.1
0.96	181809.88
1.81	47.35
1.83	360.5
1.22	87477.36
1.87	0.0
0.84	34845.51
1.0	1221305.29
1.79	480.59
1.97	21.16
1.62	0.0
1.63	81.22
0.99	20754.89
1.06	0.0
2.05	0.0
0.53	17900.71
1.76	0.0
1.26	8570.88
1.04	7288.66
0.9	2157.19
1.12	55.56
1.02	882.22
1.67	4482.79
1.36	80224.13
1.09	33545.37
1.18	101611.95
0.98	10916.99
1.51	9205.65
1.13	5756.74
1.21	5240.3
1.15	0.0
1.37	9049.81
1.0	54316.07
1.87	0.0
1.44	285.28
1.88	0.0
1.23	110651.17
1.06	3662.58
1.92	3.33
1.24	14397.12
1.36	115.56
2.16	16.44
0.81	1217.89
1.15	3239.07
1.82	0.0
1.26	20392.37
0.56	30405.62
1.2	17980.34
0.79	45118.64
1.25	18578.68
1.72	0.0
1.19	3316.58
1.23	7769.82
1.6	0.0
1.17	8.68
1.68	55.22
1.55	0.0
1.75	1664.86
1.37	1657.36
1.93	0.0
2.71	0.0
1.77	0.0
1.26	0.0
1.05	0.0
2.06	0.0
0.97	8313.03
1.18	61643.12
1.54	308.31
1.96	0.0
1.32	15350.11
1.47	0.0
1.27	5152.19
1.41	1118.4
1.4	0.0
1.48	0.0
0.93	45364.01
2.0	0.0
1.32	675.88
1.65	0.0
1.41	0.0
1.11	60642.37
0.96	12236.87
1.55	168.01
1.19	977.62
0.98	64423.76
1.03	15580.08
1.79	0.0
0.76	31290.91
1.06	638.89
1.06	27625.15
2.3	21.2
1.11	16966.53
1.65	329.42
1.22	57393.95
1.44	13603.94
1.2	8235.74
0.74	147483.35
1.97	229.88
0.99	17748.36
0.84	172154.91
1.66	55763.45
1.66	13.63
1.79	0.0
1.17	0.0
1.37	48382.38
1.16	57548.18
1.79	687.1
1.16	3286.11
1.66	164.2
1.54	51791.21
1.29	0.0
1.25	1904.8
1.53	702.92
1.04	0.0
1.55	0.0
1.2	0.0
1.88	83.55
0.79	9907.2
1.18	7667.38
2.03	0.0
2.04	66.67
1.53	33862.12
1.33	1025.45
1.45	65119.11
1.23	4468.25
1.95	177.4
1.55	8823.42
0.97	40992.68
1.15	84287.77
1.44	0.0
0.74	123270.26
1.8	681.28
1.1	0.0
1.11	43807.49
1.15	876.6
1.8	905.82
2.03	0.0
1.24	37313.8
1.26	0.0
1.6	0.0
1.25	13058.35
0.73	41991.01
1.14	104570.86
1.22	2541.42
1.17	934.11
1.48	56114.46
1.1	139859.47
0.65	0.0
1.95	0.0
1.53	863.67
0.97	35862.05
1.04	11102.7
1.05	108.49
1.2	11172.47
1.92	139.92
0.92	66414.59
1.12	5209.3
1.16	201773.45
0.99	20738.55
1.13	55815.71
0.97	1573.3
1.05	8634.83
1.49	0.0
1.56	13.33
0.76	166200.1
0.99	10779.94
1.1	1141.32
0.82	1100.77
1.48	726.5
1.12	306.69
1.27	81.52
0.98	1025048.77
1.3	482.53
1.06	75649.4
1.02	0.0
0.97	38301.93
2.01	192.27
1.42	12312.22
1.69	8329.76
1.79	544.02
1.84	57.41
0.81	11078.24
1.22	1074.06
2.12	763.41
2.01	0.0
1.62	1215.58
0.99	21329.99
1.16	13469.98
1.38	12578.06
1.05	0.0
1.37	484.72
1.2	195.41
1.8	480.79
1.67	3.94
1.06	0.0
1.5	1418.78
1.36	0.0
1.84	72.86
1.0	64048.0
1.97	187.25
1.03	42905.63
1.52	756.67
1.66	663.16
1.73	84.75
1.28	15866.46
1.07	840.46
1.0	68436.0
1.83	182.22
1.03	10132.33
1.18	7.67
1.84	0.0
1.09	51734.84
1.88	0.0
1.8	0.0
1.36	742.22
0.75	116061.84
1.43	870.61
1.26	0.0
1.25	424.44
1.16	43.12
1.49	0.0
1.84	42.12
1.89	0.0
1.89	151.22
2.04	0.0
1.12	9284.85
1.21	6777.06
1.8	1062.77
1.59	30488.14
1.22	781.91
2.0	0.0
1.06	2181.76
1.0	57793.89
1.47	0.0
1.23	19183.88
1.21	79105.28
1.1	458.29
0.91	56311.08
1.17	7767.45
1.39	108.47
1.27	100787.4
0.87	24284.79
1.15	2018.44
1.82	0.0
1.36	4335.74
1.74	1708.27
1.65	0.0
1.55	378.51
1.9	225.52
1.07	2766.04
2.11	0.0
1.54	454.75
1.12	1990.22
1.21	191.11
1.42	26915.63
1.85	40.49
1.79	21.68
1.54	11138.49
1.13	13390.06
1.14	12280.26
1.07	121209.44
1.47	4084.04
1.72	0.0
1.03	89472.08
1.98	0.0
1.92	11.45
1.3	1035.64
1.08	0.0
1.1	5122.52
1.87	0.0
1.93	0.0
1.99	235.69
1.27	3365.78
0.96	6063.48
1.68	0.0
1.14	5488.53
1.89	381.8
1.25	25527.63
1.86	0.0
1.86	0.0
0.78	11566.37
1.59	0.0
1.45	49.39
1.21	1896.33
1.55	533.88
1.06	846752.4
1.48	0.0
1.54	242.7
0.99	20649.49
1.25	2692.67
2.0	0.0
1.84	1940.7
1.0	8293.55
1.66	2833.45
1.17	17900.5
1.0	0.0
1.94	575.68
1.11	68760.02
1.51	1220.7
1.45	10.0
1.11	390.6
1.52	0.0
0.88	417746.45
1.89	0.0
1.37	7.46
0.99	122.05
1.05	2843.43
1.23	392.79
1.71	0.0
1.31	2206.84
1.85	0.0
2.08	0.0
1.68	0.0
1.42	244.24
1.22	10035.18
1.62	928.86
0.93	0.0
1.1	34604.15
1.66	148.81
1.14	138.56
2.02	0.0
1.13	5836.52
1.83	0.0
1.29	0.0
1.17	129597.25
0.81	12176.16
1.14	33558.6
1.49	0.0
1.8	203.43
1.66	74945.88
1.65	1371.04
1.15	3558.89
1.73	1060.88
1.06	742.47
0.82	10331.25
0.99	12576.61
1.94	3487.06
1.31	0.0
2.06	3649.63
1.08	2117.07
1.3	1302.22
0.97	7727.75
1.15	5198.14
1.88	0.0
1.17	2133.88
1.23	2073.42
1.44	13036.54
1.87	0.0
1.97	0.0
1.81	0.0
1.11	0.0
1.52	0.0
1.07	133.33
1.25	4161.61
1.33	24940.33
1.63	0.0
1.37	0.0
1.04	21669.83
1.51	543.78
1.87	0.0
0.79	45801.65
1.23	10017.28
1.02	0.0
1.11	2081.96
1.7	7.94
2.21	0.0
1.09	34191.37
1.24	5679.98
1.16	1092.35
1.86	907.4
1.65	801.58
1.37	344.94
1.73	0.0
1.74	737.47
1.09	13683.87
2.34	6.67
0.95	19540.16
1.19	0.0
1.61	0.0
1.65	0.0
2.17	0.0
1.86	0.0
1.11	288.43
1.29	0.0
1.0	771.88
1.28	0.0
1.55	911.05
2.3	0.0
1.33	93.25
0.95	5102.13
0.95	7440.75
1.43	902.25
0.78	3043.13
0.7	42198.63
1.21	2202.85
1.52	0.0
1.25	0.0
1.26	5666.41
1.49	10183.14
1.56	0.0
1.06	84879.59
1.12	217.78
1.81	80.16
1.41	6827.09
1.11	0.0
1.43	3501.4
1.74	0.0
1.56	0.0
1.56	1833.54
1.56	567.59
1.39	3.33
1.91	0.0
1.59	1778.68
1.25	0.0
1.57	16.67
0.99	9726.39
0.98	64067.31
1.13	6584.54
0.74	1604.79
1.13	53154.69
1.79	8.11
1.41	945.38
1.02	1977.04
1.33	169.82
1.93	0.0
1.57	98.91
0.94	5640.72
1.94	837.3
1.87	218.38
1.17	39.3
1.17	2137.29
1.23	16341.96
1.46	0.0
1.49	231.49
2.06	0.0
1.32	74835.23
1.55	0.0
1.13	2288.36
1.4	0.0
1.66	0.0
1.29	2209.6
0.78	11089.0
1.06	2024.35
1.5	280.09
1.95	0.0
0.96	272310.91
0.94	16220.47
1.03	3246.13
1.19	0.0
1.1	136004.94
0.71	14527.64
1.02	0.0
1.01	6839.81
0.95	3519.09
1.13	145934.58
1.4	47266.25
1.08	12451.24
1.16	3488.37
1.07	153.81
2.36	0.0
1.53	78.97
1.79	0.0
2.06	0.0
1.53	0.0
1.46	231.16
1.07	2041.54
1.01	52803.54
1.02	10900.79
1.65	4704.91
1.33	1291.18
1.91	425.64
0.82	63160.07
1.76	8.12
0.98	23083.08
1.93	0.0
1.01	1060.51
1.46	36.97
0.8	50897.86
1.57	307.88
1.61	5.58
0.98	334.86
1.51	0.0
2.12	248.52
0.97	48175.61
1.5	0.0
1.55	265.17
1.08	72598.92
1.43	5642.05
1.92	58.24
1.48	4823.23
2.24	0.0
0.98	206981.28
1.56	320.97
1.58	287.57
1.38	406.79
1.77	1747.47
1.24	9073.11
1.07	5341.14
1.4	980.39
1.27	25740.71
1.56	621.16
1.25	18128.16
1.24	0.0
1.65	0.0
1.07	29678.76
1.59	0.0
0.89	1233956.21
1.08	12415.67
1.95	42.51
1.87	3.33
1.04	105804.36
1.0	12647.23
1.44	0.0
1.76	6906.73
0.79	173497.82
0.98	822399.78
1.36	13263.02
1.3	88.13
2.74	0.0
1.98	4.84
1.61	2039.88
0.8	512.09
1.19	2147.08
1.91	0.0
1.03	2558.67
1.45	12811.21
0.94	2229.29
0.95	53409.97
1.23	1560.57
0.87	50854.28
1.05	10540.71
1.28	28722.63
1.78	349.81
1.1	11199.95
2.01	0.0
1.55	0.0
1.92	10.0
1.89	0.0
1.77	0.0
1.01	324.38
1.31	1750.17
1.06	0.0
1.46	4396.69
1.28	67279.91
1.86	0.0
1.08	3.47
1.48	3388.18
1.09	1677.58
1.04	38536.09
1.15	5315.67
1.73	4144.06
0.97	8482.0
1.84	0.0
1.49	27901.26
1.12	97.35
1.04	905204.55
1.01	964.72
1.18	2.95
1.69	0.0
1.23	9887.64
2.12	0.0
1.1	4733.2
1.81	5.42
1.13	29.17
0.82	68859.3
2.02	0.0
0.89	126120.73
0.93	2202.87
1.59	0.0
1.11	13346.37
2.02	0.0
1.82	0.0
1.8	0.0
1.98	0.0
1.09	302.22
1.05	35.61
1.01	101892.27
1.43	0.0
0.83	39498.69
1.86	0.0
1.48	754.34
1.2	7851.22
1.06	0.0
2.09	0.0
1.95	3.33
1.61	3.33
1.08	3990.61
1.08	5325.2
1.53	0.0
1.68	0.0
1.27	10376.37
1.49	90.84
1.05	12060.1
1.9	170.46
1.34	0.0
1.09	2872.47
1.3	0.0
1.26	90.03
2.03	0.0
1.74	92.04
1.65	119.1
1.41	0.0
1.67	57727.74
0.72	68770.68
0.83	122302.71
1.82	0.0
1.7	13138.3
1.82	369.11
1.22	18018.59
1.69	305.63
1.96	289.97
1.85	10.0
1.34	1883.56
1.78	119.35
0.77	12960.37
1.42	18523.32
1.93	0.0
1.63	0.0
1.6	3.33
0.73	36308.16
1.48	0.0
2.0	47.4
1.67	351.57
1.82	0.0
1.33	2834.3
1.44	0.0
1.36	0.0
1.08	5784.45
1.23	44523.92
0.99	6153.5
1.39	0.0
1.55	433.79
1.39	1555.17
1.78	189.51
2.13	0.0
0.98	311503.15
0.98	5526.46
1.66	315.58
1.27	1948.64
1.16	17.73
0.72	0.0
1.7	0.0
1.61	656.41
1.22	2509.82
2.11	0.0
1.23	1342.22
1.12	19965.51
1.41	0.0
1.22	144.25
2.28	0.0
0.89	13371.54
1.84	0.0
1.35	0.0
1.02	667149.29
1.32	53.33
1.74	2666.36
1.11	11557.93
1.18	121708.26
1.12	5940.47
1.38	10642.44
1.63	0.0
0.94	4310.94
0.67	9991.57
1.67	0.0
1.14	459.78
1.21	0.0
1.02	475.59
1.16	98.42
0.99	39893.53
1.94	0.0
1.1	331.73
1.18	114973.84
1.07	1980.71
1.66	5394.85
1.36	1372.39
1.21	0.0
0.97	3351.93
0.88	24170.94
1.57	177.38
1.2	309.2
1.09	642.52
1.12	1220.04
0.88	91438.39
1.02	45312.94
1.52	1043.87
1.15	48069.52
1.69	0.0
1.23	422.22
0.98	562.37
1.03	11533.12
1.82	459.39
1.73	0.0
1.43	0.0
0.93	2212.59
1.01	10219.32
0.97	382606.34
1.21	38569.86
1.38	5860.9
1.07	266207.82
1.21	6203.39
1.26	210.54
1.07	18741.75
1.66	6.17
1.91	0.0
1.01	715.16
0.99	53761.92
1.16	8542.51
1.82	0.0
1.26	2299.08
1.17	3658.38
2.73	0.0
1.04	343389.61
1.01	122999.48
0.97	42544.24
1.75	0.0
0.67	31585.04
0.98	0.0
1.66	38.94
1.0	289932.34
1.75	69774.26
1.53	485.96
1.05	1368.93
1.98	10.51
0.97	15033.42
1.53	0.0
1.05	428.09
0.9	4765.93
1.78	213.52
1.11	185194.81
1.54	1085.5
1.82	6.49
1.85	270.89
1.57	361.29
0.96	9863.71
0.89	2.81
0.77	13748.75
0.97	2458.67
1.44	11210.45
1.76	0.0
1.1	24485.84
1.75	0.0
1.75	0.0
1.2	2759.79
1.01	136.92
1.06	18158.26
2.08	124.62
1.12	348.89
1.27	87700.94
1.51	3707.23
1.49	0.0
1.55	5150.73
1.15	81976.29
0.72	55177.74
1.85	10.84
0.99	3691.47
1.1	13.33
1.2	0.0
1.78	48.29
1.83	0.0
1.33	1675.09
0.8	12277.7
1.83	250.34
0.85	8139.34
1.84	0.0
1.55	6.67
0.78	166650.78
2.11	201.42
1.58	2415.01
1.48	0.0
1.39	893.86
2.06	0.0
1.21	0.0
1.88	2174.42
1.24	2216.34
1.07	815.28
1.06	123.39
1.01	2500.12
1.41	0.0
1.83	0.0
1.19	2505.29
0.97	4279.82
1.92	0.0
0.9	93162.67
1.46	43573.12
1.18	37167.77
1.04	773.33
1.5	418.43
1.58	7026.39
1.85	288.48
1.08	0.0
2.34	0.0
1.69	0.0
0.91	15484.32
2.12	514.29
1.49	187.22
1.04	4942.58
0.96	1110987.23
1.6	2.76
1.34	785.93
1.59	10.3
1.06	54399.03
1.15	1850.35
1.11	8593.91
1.0	36709.42
1.92	2853.48
1.33	1529.77
1.25	33209.91
1.69	0.0
1.13	914.69
1.83	35.31
0.86	5279.41
1.03	2520.51
0.98	37841.41
1.14	990.61
1.16	1192.88
0.93	170279.53
1.68	122.26
1.24	15497.88
1.01	8.65
1.56	0.0
1.88	0.0
2.06	4272.36
1.84	0.0
0.77	15061.17
1.07	1508.64
0.93	8474.67
1.48	0.0
0.99	4739.34
1.37	15473.89
1.74	42.81
1.22	3997.36
2.16	0.0
1.76	340.66
1.79	0.0
1.55	186.8
1.89	0.0
1.1	3729.66
0.97	1027701.97
1.52	175.82
1.09	103601.95
1.75	166.63
1.0	77305.0
0.97	130401.03
1.45	243.59
1.52	0.0
1.05	11497.68
1.69	0.0
1.21	8.71
1.81	0.0
1.7	406.03
0.98	8883.04
1.64	0.0
1.25	1829.07
0.94	5683.66
1.02	2195.38
0.8	1762.95
1.11	40703.27
1.08	393.39
0.83	23535.8
0.96	0.0
1.08	9105.73
0.9	1.84
1.26	17602.85
0.82	34255.37
1.67	0.0
1.3	0.0
1.46	169.05
2.2	0.0
1.03	32901.72
2.01	24.04
1.17	629.2
0.73	7102.22
1.05	582.9
1.88	2070.57
1.8	0.0
1.52	434.36
1.25	4.27
1.69	0.0
1.35	0.0
1.36	0.0
1.24	10338.58
0.93	21103.87
1.76	0.0
1.25	28442.98
1.45	487.67
1.75	0.0
2.0	84.86
1.12	17590.29
1.86	77.97
1.29	12630.31
1.69	214.73
1.14	37287.39
1.42	0.0
0.87	42509.75
1.85	0.0
1.92	3.11
1.25	18182.95
1.95	335.18
1.39	668.82
1.32	0.0
1.84	269.84
1.36	43243.63
2.18	0.0
1.08	4552.23
0.97	2155.38
1.8	15419.19
2.31	0.0
1.21	2022.73
1.06	279.71
1.02	19394.8
1.13	44745.79
1.05	3281.88
0.92	759.67
0.9	650.96
1.48	0.0
1.36	534.24
1.29	35.39
1.91	3.52
1.22	0.0
1.12	12941.12
1.73	116.3
1.22	3241.02
1.85	31.96
1.74	28636.77
1.69	153.46
1.94	5.12
1.16	3757.71
1.83	0.0
1.1	12506.25
1.53	0.0
2.24	0.0
1.62	535.78
1.84	6.11
1.22	15763.32
1.65	0.0
0.79	29860.18
0.96	15341.92
1.03	0.0
1.77	0.0
1.67	0.0
1.06	0.0
1.1	13.28
1.51	0.0
1.58	53892.26
0.97	6952.5
1.31	989.0
1.42	103965.16
1.18	0.0
1.07	241.12
1.05	21037.53
1.4	235.56
1.02	392.26
1.69	314.23
1.27	0.0
0.91	9224.82
0.85	4738.29
1.04	1676.31
0.95	13406.22
1.63	1531.68
1.94	0.0
1.23	9791.4
0.97	55151.18
1.78	0.0
1.14	17913.92
1.68	1918.72
1.15	0.0
1.24	37198.76
0.94	136747.1
1.27	38060.23
1.33	431.17
1.66	0.0
1.69	33396.05
1.15	11.11
1.0	7612.29
1.06	14952.61
0.94	4578.11
1.91	183.27
1.81	1884.74
0.57	33641.02
1.97	0.0
1.37	2260.22
2.14	0.0
1.13	3.95
1.47	467.42
1.65	1947.74
1.11	1471.49
1.34	63767.28
0.97	15251.02
1.23	2813.47
1.53	4191.39
1.53	0.0
2.19	25.28
2.18	0.0
1.02	36501.18
0.94	5595.0
1.01	299.48
1.45	3412.78
1.15	3950.25
1.12	13759.12
1.27	9746.55
1.08	0.0
1.11	131.16
1.19	432.29
1.27	15333.03
1.77	0.0
1.37	649.63
0.93	130691.45
1.66	79.63
1.37	12.35
1.05	160.09
1.05	12529.06
1.18	3976.51
0.95	22189.0
1.12	10196.55
1.03	4043.46
1.7	0.0
1.39	0.0
1.12	320.0
1.13	3273.2
1.19	261.1
1.33	0.0
1.6	459.71
1.44	756.16
1.34	331.65
0.97	15494.02
1.25	881.11
1.03	9701.33
0.83	5497.78
1.85	0.0
1.02	8.85
1.56	692.38
0.97	1034.01
1.19	31483.61
1.92	0.0
1.2	720.65
1.51	128.64
1.25	0.0
1.08	0.0
1.99	85.77
1.64	972.85
1.58	0.0
2.58	26.67
0.95	1097.68
1.17	0.0
1.47	157.36
1.64	748.97
1.94	0.0
1.87	84.45
1.65	212.17
1.5	0.0
1.17	727.93
1.55	0.0
1.33	8041.69
1.91	277.13
1.93	0.0
1.97	0.0
1.08	19629.3
1.33	8031.85
1.09	902.84
1.01	41442.96
1.38	11757.42
0.92	733.33
1.77	22.04
1.09	5459.83
1.03	148004.93
1.03	4248.29
1.03	4307.42
1.69	0.0
1.69	5.35
1.76	0.0
1.16	158186.8
1.56	801.02
1.55	0.0
1.01	98401.09
1.93	0.0
1.62	5753.2
1.14	40901.19
1.05	92.18
1.16	44715.47
1.84	397.32
1.91	0.0
1.0	3494.62
2.1	0.0
1.59	1235.78
1.17	5139.84
1.09	4567.36
1.66	146.1
1.32	952.05
1.76	988.38
1.21	16747.55
1.29	2846.87
1.99	72.45
0.74	95348.79
1.59	38947.03
1.24	2357.32
2.07	280.59
2.09	1240.54
1.71	396.08
0.85	41203.2
1.62	271.22
0.99	238574.18
1.72	3683.83
1.68	0.0
1.15	766.09
1.82	567.9
1.42	0.0
0.99	430.69
1.74	15.81
1.31	3767.48
1.23	30023.22
1.49	399.24
1.87	355.52
1.29	120.42
1.93	2.72
1.02	4364.07
1.08	7424.19
1.63	575.37
1.16	3447.81
1.06	9569.23
0.98	1781.51
1.47	648.55
1.18	227.47
1.52	0.0
1.16	3736.87
1.44	0.0
1.6	13.23
1.71	2762.75
1.18	2851.75
1.28	0.0
1.0	33660.81
1.16	938.73
1.13	14728.68
1.56	800.84
1.65	243.55
1.35	0.0
1.45	335.46
1.75	116.41
1.17	18385.75
1.22	744.72
1.19	1051.54
1.52	31.5
1.13	13108.03
2.18	14.56
0.9	0.0
1.87	3.08
1.87	322.49
1.45	930.72
1.31	2794.35
1.92	62.26
1.93	1085.06
1.07	62.51
1.62	29.14
1.83	0.0
1.92	1807.25
1.92	0.0
1.61	497.45
1.23	594.43
0.92	5543.66
1.0	422.01
1.15	1981.83
1.55	1001.25
2.12	103.38
0.81	0.0
1.17	2367.22
1.05	888237.91
2.25	0.0
1.48	0.0
1.54	0.0
1.65	79.86
1.19	1367.9
1.2	27997.51
1.88	0.0
1.61	13.33
1.36	0.0
1.98	3.33
1.18	0.0
1.93	58.67
0.71	110315.83
1.89	0.0
1.66	0.0
1.04	0.0
1.44	2951.23
0.88	195143.56
1.04	1058.65
1.0	2126.05
1.18	215173.14
1.63	960.7
1.05	34920.23
1.88	1088.98
1.22	9265.81
1.12	28.6
1.6	1264.29
1.16	0.0
1.87	0.0
1.91	0.0
1.32	8.89
1.77	8.23
2.24	0.0
1.14	980.83
1.53	0.0
1.18	0.0
1.27	1945.19
1.06	3281.29
1.2	402.85
1.03	648632.0
1.74	0.0
1.15	1913.24
0.99	9106.45
1.13	0.0
1.89	9.83
1.47	22.77
1.03	10100.74
0.94	37402.27
1.9	2514.58
1.92	0.0
1.47	182.89
1.62	2048.14
1.34	92714.0
2.0	0.0
1.81	0.0
1.59	950.5
1.44	0.0
1.8	407.93
1.09	42.7
1.11	5299.2
1.62	84605.46
1.2	46305.06
1.92	33.33
0.94	294.44
1.14	2796.82
1.82	2226.7
1.2	1021.46
1.09	82421.91
1.0	5611.51
1.04	4413.3
1.02	4321.74
1.23	8270.94
1.09	880.0
1.15	18570.35
1.34	9080.24
1.65	0.0
1.98	6.67
1.2	1201.18
1.5	0.0
1.11	4662.48
1.26	998.33
1.61	1035.83
1.82	42.93
0.96	7140.43
1.35	14426.63
2.06	0.0
1.09	6.67
0.7	11011.54
1.21	2925.41
1.43	67077.51
1.2	7642.52
1.17	199.1
1.62	261.88
1.17	1081.83
1.0	292551.37
1.14	117475.87
0.98	264039.61
1.88	0.0
1.14	591.67
1.14	8041.36
1.91	0.0
1.43	16235.54
1.65	606.49
0.83	699956.7
1.01	14580.18
1.36	986.6
1.93	0.0
1.85	0.0
1.13	165.46
1.89	0.0
1.18	3377.89
1.07	1695.95
1.88	0.0
2.02	0.0
1.22	24150.2
1.15	1656.38
1.02	3986.29
1.11	14466.33
1.76	309.41
2.16	0.0
0.98	6.09
1.62	3.33
1.73	118.08
1.5	0.0
1.19	281.97
1.5	0.0
1.5	0.0
0.91	740.04
1.25	0.0
1.49	1544.54
1.28	12975.28
0.97	24853.38
1.66	7.92
1.13	393.54
1.09	0.0
1.71	3814.69
1.28	5031.28
1.25	183.34
1.41	787.18
1.58	0.0
1.07	371.41
2.01	383.04
1.5	139.12
1.91	1635.89
1.11	119.79
1.64	0.0
2.09	0.0
1.58	230.01
1.53	7421.42
1.66	0.0
1.65	228.32
1.4	0.0
1.01	551.11
1.25	4357.23
1.47	187.15
1.93	197.97
1.85	27.54
1.29	1599.1
1.68	0.0
1.05	4999.72
1.0	5588.51
1.85	351.67
0.79	50286.55
1.57	0.0
1.85	0.0
2.77	0.0
1.75	687.31
1.6	63.88
1.57	3.33
1.85	817.03
0.94	3438.66
0.87	11209.38
1.02	254166.11
1.11	381.1
0.94	2691.96
1.72	0.0
1.84	0.0
1.77	243.44
1.28	2533.7
1.9	0.0
1.18	35421.43
1.29	10566.53
2.41	24.56
1.19	1442.08
0.99	5167.59
1.37	0.0
1.44	17386.69
1.9	320.13
1.25	14370.22
0.83	30.82
0.93	12978.02
1.14	877.05
0.98	690.66
1.1	17978.39
1.48	10.73
1.82	0.0
0.99	1238.18
1.27	6682.27
0.97	22961.19
1.89	0.0
1.15	42.22
0.85	1900.68
1.17	0.0
2.11	52.07
0.93	45980.45
1.87	541.76
0.68	34404.35
1.14	102122.78
1.23	1826.26
1.49	0.0
1.75	303.79
1.11	1443.11
1.03	129683.8
0.61	0.0
1.52	0.0
1.67	1768.04
1.08	50.73
1.66	3394.83
2.11	0.0
1.85	183.13
1.85	107.05
0.93	47882.56
0.96	37959.55
2.26	0.0
1.41	205.6
1.64	0.0
2.13	36.53
1.87	2030.25
1.15	26483.99
2.31	0.0
1.55	2455.28
1.37	149.47
1.44	448.89
1.26	0.0
1.43	308.49
1.04	4844.44
1.21	63311.32
1.87	17.1
1.4	237.72
1.32	33.54
0.82	195471.56
1.33	939.29
1.18	503.29
1.03	886423.93
1.58	485.37
1.62	0.0
1.68	0.0
1.82	0.0
1.81	0.0
2.02	0.0
1.16	6840.66
1.23	46555.41
1.53	161.62
1.98	56.11
1.24	4685.41
1.13	16936.24
1.41	59757.08
1.16	181063.12
1.01	5205.38
1.04	999727.7
1.83	0.0
1.7	128.16
1.87	12.06
0.95	3774.75
1.82	0.0
1.05	0.0
1.0	19389.78
1.28	1875.5
1.79	62.68
1.74	457.6
1.54	33649.36
0.66	38729.44
2.11	5371.81
1.99	0.0
1.04	796.67
0.71	0.0
1.07	0.0
1.36	0.0
1.81	296.69
2.27	190.99
0.97	45890.83
2.01	6.08
1.03	715.81
1.94	0.0
1.66	223.82
0.96	19110.98
1.91	0.0
1.09	5171.88
1.39	64326.57
1.01	21568.48
1.05	8012.83
1.59	8.82
0.61	2.55
0.95	2851.68
1.34	0.0
1.17	15000.54
1.02	1184888.95
0.9	44327.49
1.45	0.0
1.15	18013.56
0.98	19162.63
1.13	12926.67
2.31	15.61
1.92	1532.4
1.66	18.6
1.46	1547.23
0.97	15546.0
1.94	0.0
1.93	3.2
1.06	660983.55
0.89	5369.8
1.13	0.0
1.92	6.67
1.09	16012.74
1.14	37011.94
1.6	1174.23
1.82	1536.35
1.47	173.17
1.26	2536.23
1.58	25739.74
0.99	1121.37
0.99	43252.62
1.49	473.37
1.19	54456.03
1.34	83524.01
1.59	0.0
1.65	392.14
1.54	0.0
1.99	374.69
1.89	459.58
1.74	730.99
1.56	10.91
1.95	36.67
0.82	342040.65
1.02	52611.95
1.21	29624.11
1.4	23483.56
1.05	29601.09
1.1	28.77
1.57	3.33
1.37	562.46
1.66	354.78
1.04	29267.67
2.19	0.0
1.9	0.0
1.53	17643.44
1.58	807.01
1.81	0.0
1.6	0.0
2.07	60.0
1.36	0.0
1.83	0.0
1.17	269.96
1.68	689.55
1.78	54.7
1.2	2376.23
1.58	3.33
1.22	10355.07
0.97	1144.16
1.31	517.21
0.99	39203.36
1.71	78523.48
1.28	26273.2
1.18	16446.62
1.17	122077.81
1.47	0.0
1.86	22.22
1.66	92.57
1.76	2358.33
1.8	0.0
1.55	0.0
1.63	50371.89
2.01	147.89
2.01	0.0
1.72	2.7
1.94	78.71
1.88	0.0
1.22	21691.49
1.07	4406.92
1.84	0.0
0.94	5714.51
0.85	36981.72
0.9	6127.06
1.06	15522.11
1.32	10498.65
1.14	34787.84
1.76	182.77
1.22	701.61
1.67	730.64
0.8	117935.74
1.44	0.0
1.46	593.1
0.89	89808.28
1.5	251.83
1.58	893.81
1.64	78.42
1.4	1106.9
1.91	3.33
1.39	0.0
1.11	41286.34
1.66	38.39
1.06	79865.3
1.35	0.0
0.98	13404.77
1.04	610349.2
1.87	19.45
2.14	438.58
1.26	9570.66
1.62	741.03
0.97	3564.17
1.62	0.0
1.9	0.0
1.27	16123.67
1.49	0.0
1.02	15427.14
0.73	2343.81
1.32	19779.78
1.28	22622.2
1.83	1610.45
1.11	4525.69
1.98	40.0
1.93	0.0
1.11	74.06
0.96	7157.13
1.1	16838.2
1.09	99695.62
0.85	39679.66
1.28	5741.41
1.0	133071.89
1.08	18373.18
1.24	388.73
1.11	1999.07
1.34	0.0
1.87	0.0
0.99	4.28
1.72	0.0
1.54	0.0
1.86	0.0
1.51	397.27
1.24	0.0
1.02	1183732.08
1.25	1374.33
1.12	109.55
1.11	15845.63
1.49	801.98
1.12	1866.39
1.16	135887.51
1.28	4.44
1.19	90214.44
0.8	97164.07
1.83	0.0
1.07	354.44
2.01	0.0
1.72	723.99
1.86	311.2
1.15	5.55
1.47	612.46
1.43	62.22
2.2	582.41
1.28	257.63
1.15	35116.2
0.78	10675.7
1.62	656.27
1.07	796786.14
1.2	1059.17
1.15	7514.9
1.22	39872.77
1.48	1175.74
0.83	99430.45
0.92	31621.75
1.17	6720.88
2.18	20.14
0.79	46540.71
1.74	616.74
1.27	0.0
1.64	187.68
1.51	240.11
1.36	678.75
1.06	6507.07
1.04	1645.18
1.23	1055.95
1.1	18502.58
1.82	0.0
0.93	1819.27
1.41	546.67
0.93	3873.42
1.33	60005.77
0.95	1252626.31
2.0	144.95
1.2	2424.64
1.8	2459.22
1.06	785.52
1.44	111.93
1.7	0.0
0.8	11912.87
1.0	36886.48
1.37	321.82
1.1	114147.11
1.05	11023.29
2.31	0.0
0.91	9806.94
1.14	41650.37
1.1	1140.14
1.31	1553.77
0.98	14546.97
1.52	392.15
1.14	0.0
2.66	0.0
1.49	1894.05
1.34	134.57
0.97	36900.52
1.18	7596.24
1.03	43026.64
1.9	0.0
1.85	0.0
2.09	92.32
0.99	125798.21
1.55	10.81
1.96	0.0
1.58	0.0
1.51	0.0
1.7	21723.63
1.88	0.0
0.99	1222.93
0.96	21312.57
1.6	0.0
1.06	4.44
1.47	373.57
0.97	2831.82
1.21	14978.27
1.59	1239.46
1.78	0.0
0.97	409430.79
0.83	23936.13
1.13	45536.54
1.81	1313.56
1.25	15276.22
1.02	3.97
1.05	50778.19
1.19	651.59
1.19	1122.86
1.86	0.0
1.01	617.78
2.02	380.91
1.08	18497.03
1.68	9943.91
0.78	25923.1
0.86	24666.41
0.74	33563.29
1.58	37.1
1.84	1588.09
1.31	1696.84
1.82	0.0
1.8	654.79
1.8	97.03
1.95	7.66
1.54	275.21
1.46	621.32
0.93	269.92
0.89	85422.36
1.67	0.0
0.91	13677.35
1.1	12559.82
0.99	81018.08
0.93	25970.02
0.96	8944.38
1.39	0.0
1.0	336994.14
1.93	0.0
0.95	26114.84
1.1	4406.05
0.96	16376.41
1.59	11462.12
1.89	5.54
2.34	109.28
1.16	5449.94
0.76	25636.14
1.27	10465.87
1.03	5225.46
1.33	71.11
1.33	24654.33
1.16	147071.33
1.89	0.0
1.18	36845.26
1.81	658.43
1.12	1689.41
1.67	0.0
1.08	0.0
1.09	2.22
1.78	10.0
1.05	11299.66
1.54	1298.58
1.11	6299.47
1.84	575.15
1.06	5064.84
1.35	1835.39
1.79	41.21
1.02	7839.58
1.04	4851.44
0.88	240723.48
1.59	445.56
1.09	33163.78
0.92	18130.75
1.1	12740.14
2.01	46.97
1.2	14289.69
1.62	362.97
1.56	302.76
1.36	0.0
1.34	4.71
1.66	778.32
1.25	10594.59
0.8	4224.93
1.24	8303.19
1.63	264.31
1.47	0.0
1.19	11105.78
1.08	75569.59
1.74	601.37
0.82	34630.43
1.28	3045.3
1.75	560.56
1.16	1759.73
1.6	0.0
1.21	27962.32
0.68	11474.72
1.48	80.55
0.7	21848.13
1.06	6812.21
1.54	12.73
1.08	15767.87
1.23	0.0
1.0	30250.02
1.85	12.69
0.84	173688.06
1.51	1071.45
1.49	0.0
1.1	340.28
1.69	835.64
1.16	579.31
1.94	0.0
1.98	0.0
1.04	52180.99
1.01	0.0
2.79	0.0
0.74	10525.27
0.89	87160.21
1.91	1396.81
1.09	0.0
1.4	14953.22
1.01	31985.38
2.08	284.92
1.44	297.94
1.24	26066.3
1.57	102.18
1.21	3219.51
1.88	1554.08
1.46	7031.45
0.99	43206.94
1.06	0.0
1.2	21432.39
1.36	1902.22
0.85	251447.33
1.62	269.94
1.58	0.0
1.03	10902.13
1.06	14772.98
2.15	0.0
0.87	2139.36
1.4	55.56
1.56	0.0
1.09	2289.01
1.08	6472.65
1.22	43820.11
1.12	1458.28
1.86	404.24
1.87	0.0
2.13	0.0
1.14	0.0
1.27	213.65
1.04	0.0
1.81	3929.89
1.9	0.0
1.16	2367.01
1.69	303.59
1.16	5890.57
1.49	621.01
1.04	3458.56
1.53	35843.27
1.06	37783.16
1.38	696.2
1.26	488.0
1.01	6844.16
1.03	2828.9
1.2	60808.49
0.83	103046.99
1.67	231.53
1.94	0.0
1.6	1627.71
0.81	105317.59
1.26	3358.11
1.81	0.0
0.79	130674.88
1.47	357.55
0.74	62281.44
2.07	0.0
1.89	0.0
1.8	730.52
0.84	2100.7
1.08	4747.02
1.6	4379.98
1.85	2382.88
1.77	10.41
1.53	372.7
1.53	785.96
1.09	15.56
1.55	6243.65
1.04	3925.91
1.27	3804.4
1.39	0.0
1.81	0.0
1.02	143474.53
1.22	22083.67
1.12	8.76
1.08	3555.59
1.4	0.0
1.6	0.0
1.33	9081.46
2.28	6.44
0.97	6367.26
1.78	125.94
1.69	89478.01
1.64	255.67
1.27	66494.05
1.67	2246.37
2.01	0.0
0.98	60394.32
1.16	0.0
1.8	0.0
0.81	10463.78
1.5	3.33
1.36	15679.17
1.53	0.0
1.53	734.16
0.92	36255.38
1.35	0.0
1.36	2.58
1.93	89.05
1.51	0.0
1.75	5.31
1.82	0.0
1.23	1004.93
1.11	28.89
2.09	51.4
0.99	5.25
0.99	4.44
0.67	23727.78
1.86	146.76
1.78	0.0
1.9	2739.18
1.14	909.47
1.06	30058.97
1.03	15348.83
1.64	711.23
1.01	5897.02
1.21	2618.95
1.37	17314.31
1.1	5044.35
0.78	44284.88
1.5	270.78
2.39	3.33
1.96	143.81
1.6	368.7
1.4	0.0
1.29	0.0
1.01	6030.43
1.05	56263.0
1.26	0.0
1.85	0.0
0.97	766.22
2.01	0.0
1.88	0.0
1.36	595.56
0.91	27913.45
1.11	2154.69
0.86	151197.44
2.18	203.59
1.55	388.53
0.97	202.43
1.04	1106.6
1.24	0.0
1.05	4030.14
1.69	1880.19
1.87	0.0
2.03	201.81
1.24	24165.63
1.57	0.0
1.82	0.0
1.56	0.0
1.54	6941.18
0.84	43991.89
1.55	0.0
1.91	0.0
1.27	1444.15
0.74	82238.19
0.99	145.59
1.2	2448.95
1.22	0.0
1.12	119899.69
2.15	0.0
0.93	18571.14
1.96	0.0
1.22	9128.47
1.0	48151.0
1.48	1550.1
1.27	32898.8
0.98	4517.63
1.01	1691.32
1.37	525.78
1.18	2234.66
1.04	0.0
1.08	215544.56
1.17	575.56
1.04	4462.69
1.93	0.0
0.88	42952.64
1.54	1226.69
0.79	3997.36
1.4	12135.59
2.22	0.0
1.25	28385.99
0.97	2415.87
1.27	21413.96
1.0	2463.86
0.96	3985.17
1.02	477.54
1.69	6495.18
1.8	8.65
1.98	0.0
1.57	0.0
0.98	253.47
0.87	197487.51
1.92	15.92
0.91	82338.39
1.38	1352.86
1.72	0.0
1.09	40769.55
1.08	528.99
1.69	68.34
1.11	2486.16
2.13	0.0
1.29	6357.06
1.01	23949.07
1.34	9380.48
0.99	25051.25
1.64	38.91
1.67	0.0
1.07	0.0
1.9	44.96
1.57	1042.12
2.13	0.0
1.08	4682.69
1.16	21911.54
1.92	334.98
1.16	1410.56
1.76	160.55
1.25	7392.15
1.86	0.0
1.13	161.1
1.35	97.49
1.43	646.77
1.87	0.0
1.81	177.55
1.17	565.77
1.06	2660.26
1.35	1275.11
0.93	310568.88
2.27	0.0
1.45	108.7
1.09	747.98
2.18	0.0
0.88	8864.44
1.44	560.33
1.7	0.0
1.17	0.0
1.01	88.89
0.98	31551.08
1.07	486.35
1.03	2896.97
1.81	338.11
0.99	12.22
1.45	7944.82
0.96	408.89
1.11	0.0
1.85	0.0
1.86	0.0
1.11	1747.08
1.31	671.11
2.14	0.0
2.15	0.0
1.26	0.0
1.19	2162.28
0.81	5967.19
1.51	1338.03
1.91	1207.11
1.66	0.0
0.99	3874.64
0.56	0.0
0.73	4531.76
1.51	10.0
1.64	930.48
1.18	1.48
1.58	0.0
0.99	2618.43
1.66	3.31
1.81	0.0
1.09	1237.68
1.26	3358.62
1.65	2685.62
1.25	10269.42
0.85	8502.23
0.88	37445.46
1.33	933.13
1.88	0.0
1.7	192.34
1.06	93.34
1.5	15521.45
1.65	0.0
1.23	5901.98
1.02	93016.17
1.05	106127.86
1.35	205.02
1.13	6240.25
0.99	0.0
1.61	0.0
1.6	9174.3
1.39	2226.74
1.72	60.0
1.71	3705.81
1.03	1660.53
1.61	6781.35
1.04	11524.06
1.86	815.14
1.43	17279.86
2.02	83.21
1.26	0.0
1.82	792.13
1.91	2.64
1.5	0.0
2.02	0.0
1.72	27.85
0.95	1870.86
1.9	1315.48
1.96	0.0
1.24	741.57
1.81	28740.64
1.91	181.04
0.86	31756.14
1.39	311.25
1.03	2895.44
1.68	15.58
1.64	4523.98
1.26	4287.69
1.54	0.0
1.12	0.0
1.92	593.16
1.3	2279.12
1.32	659.45
1.15	3421.53
1.14	149014.28
1.06	1898.03
1.49	0.0
1.45	426.67
0.97	823.99
0.87	128033.07
1.68	0.0
1.45	78.5
0.94	140735.66
1.18	977.0
1.25	3352.23
0.99	18008.04
1.24	23581.37
1.14	3839.76
1.38	0.0
0.99	0.0
1.06	8804.67
0.8	175511.51
0.89	2132.21
1.03	7062.01
1.89	100.65
0.92	16027.95
1.83	264.63
1.11	11.99
1.14	17605.07
1.08	589.5
2.08	0.0
1.38	16658.4
1.13	4074.57
1.02	817.78
1.42	1102.22
1.26	82778.21
1.1	727.14
0.84	8581.65
1.67	64.14
0.97	398280.71
1.22	0.0
1.29	0.0
1.3	0.0
2.35	0.0
1.01	7257.55
0.92	428556.23
1.97	114.06
1.84	360.11
1.0	1861.68
1.22	347.78
2.37	0.0
0.49	30142.78
0.96	38839.83
1.82	1999.68
1.18	13234.74
0.92	6944.64
1.61	9.84
0.87	130726.85
1.0	56319.38
2.01	78.73
1.96	0.0
1.35	1017.75
1.38	376.87
1.04	0.0
1.49	0.0
0.9	4240.41
0.97	252139.55
0.92	82444.32
1.12	0.0
1.55	0.0
1.44	335.57
1.03	132685.58
1.28	0.0
1.14	14959.93
1.46	0.0
1.19	698.95
1.29	1481.24
1.61	0.0
1.61	9112.0
0.83	6814.18
0.72	48275.53
1.24	2864.73
1.0	6309.86
1.21	0.0
1.65	5870.8
1.93	1041.63
1.0	4797.18
1.83	146.66
0.71	25537.7
1.03	726046.25
1.22	18663.64
1.3	22049.54
1.72	0.0
1.03	5729.69
1.22	1301.48
1.2	6028.55
1.3	0.0
1.01	2.97
1.16	4658.16
1.5	0.0
1.54	3.33
0.93	103.14
1.18	0.0
1.18	1779.77
0.94	218968.93
1.18	0.0
1.17	220.46
1.13	0.97
1.21	0.0
1.55	266.89
0.98	180702.04
1.08	620.82
1.08	11867.61
1.3	9418.65
1.96	7.55
1.38	0.0
0.85	2531.31
0.78	36493.62
1.6	7770.73
1.16	88536.91
1.31	13.33
1.0	10057.61
1.8	0.0
1.27	944.14
1.08	1929.49
1.12	327.8
1.34	0.0
1.13	89343.84
1.07	148652.02
1.81	242.02
1.5	0.0
1.22	0.0
1.59	923.08
1.4	34244.46
1.03	658.89
0.74	81134.6
1.18	16142.76
1.04	1786.01
1.19	3809.54
1.24	4733.86
1.0	0.0
1.68	2985.09
1.0	2991.1
1.47	1761.66
1.04	0.0
1.36	156.13
1.17	16139.48
1.35	5233.46
1.96	109.57
1.15	128913.45
0.98	54427.58
1.21	8854.32
1.64	1386.43
1.3	1195.56
1.15	1000.55
1.03	0.0
1.96	0.0
1.15	147022.85
1.7	24.88
1.48	879.69
1.49	227.86
1.11	2.08
0.98	4244.24
1.6	0.0
0.94	1830.77
1.54	0.0
1.72	421.03
0.84	8624.45
1.61	65996.06
1.59	7830.7
0.79	1545.42
1.35	3833.47
1.6	6.17
1.42	1052.63
1.16	755.61
2.01	0.0
1.69	663.16
1.8	271.87
1.03	1226810.47
2.13	0.0
1.01	36929.22
0.75	13677.78
1.42	41118.33
0.97	51069.15
2.03	0.0
1.38	1730.09
0.97	272640.03
1.68	0.0
1.38	73.35
1.07	78544.87
1.13	93363.67
1.72	2.75
1.69	0.0
1.12	117819.08
1.9	0.0
1.17	1764.53
2.02	86.28
1.72	82296.8
1.42	0.0
1.18	1436.27
1.51	557.4
0.99	508.44
1.8	0.0
1.83	43687.73
2.0	2409.5
1.55	0.0
1.53	92567.97
0.99	268100.73
0.6	23882.21
1.5	0.0
1.57	393.24
1.44	6.67
1.1	21861.54
1.04	5077.57
1.92	0.0
1.19	34641.93
1.53	347.27
1.71	0.0
1.45	4587.11
1.08	5989.25
1.51	90.42
1.64	0.0
1.55	0.0
1.42	0.0
0.97	16530.26
1.5	915.91
1.68	0.0
1.12	39205.85
1.08	0.0
1.76	167.22
1.96	1579.17
1.22	3122.24
1.65	0.0
1.56	167.4
1.77	7.08
0.73	48622.22
0.99	25929.39
1.01	15762.59
1.57	11031.4
1.13	0.0
1.18	65777.16
1.23	4467.62
1.08	34341.61
1.82	87.36
0.64	0.0
1.12	4085.24
1.37	8573.41
0.88	341544.79
1.85	21.95
1.13	3658.33
1.17	64322.24
2.02	0.0
1.59	0.0
0.97	5.84
1.16	152.26
1.06	1831.11
1.82	2684.18
1.11	3785.58
1.67	4706.3
1.57	618.19
1.85	113.11
1.25	0.0
0.98	10436.63
1.04	3765.81
1.9	2295.26
1.55	5491.34
1.75	9222.24
1.28	0.0
1.54	252.83
1.36	260.72
1.36	11518.32
1.59	0.0
1.27	3422.83
0.72	9261.6
1.41	0.0
1.75	594.87
1.02	2572.97
1.68	240.74
1.97	0.0
1.24	16319.15
1.62	0.0
1.12	497.06
1.26	0.0
2.09	41.88
0.83	5315.64
1.08	12096.44
2.0	114.1
1.86	31688.25
0.96	1137229.84
1.92	0.0
1.15	4148.89
1.24	2236.49
1.04	0.0
1.23	31.11
1.05	38523.1
1.35	0.0
1.05	40738.63
1.08	183.33
1.69	1545.05
1.33	0.0
1.45	217.78
1.5	370.05
1.97	0.0
1.11	8801.38
0.85	1742.42
1.54	23.33
1.26	0.0
1.02	898027.46
0.78	2903.87
1.08	3495.94
2.07	41.75
1.59	3459.46
1.01	60641.65
1.49	36301.34
1.23	109953.33
1.66	5171.12
2.06	0.0
1.58	326.47
1.54	4785.92
1.09	17854.14
0.94	17556.58
1.45	328.12
1.08	81904.3
1.33	1925.47
1.44	17696.19
2.16	3.33
1.55	0.0
1.52	0.0
1.56	946.67
1.24	4209.37
1.84	33.33
0.75	67737.6
1.04	114519.6
2.22	409.62
1.14	0.0
1.42	0.0
1.36	0.0
1.63	0.0
1.13	68091.96
1.77	16.88
1.21	9672.34
1.92	39.65
1.56	2861.64
1.42	1956.68
1.13	76297.56
1.03	190.53
1.92	169.16
1.88	0.0
1.16	776.06
1.52	2.64
1.43	16899.91
1.54	0.0
0.96	22628.21
1.5	3.33
1.45	16236.44
1.16	473.22
1.18	67625.57
1.62	1222.85
1.4	460.19
0.9	28107.15
1.56	1611.15
0.89	4224.42
1.77	629.97
1.99	0.0
0.91	2105.9
1.55	60.8
1.61	1324.87
1.47	906.67
1.6	37145.18
1.72	153.5
1.92	0.0
1.02	5936.16
0.97	306758.91
1.13	1750.0
1.48	10.0
1.11	1023.87
0.89	72560.78
1.57	1344.6
1.31	58.06
1.1	12133.67
1.9	0.0
0.7	0.0
1.51	178.07
1.87	0.0
0.71	0.0
0.98	23422.39
1.98	1249.58
1.61	0.0
1.1	1039.04
1.43	11232.65
0.72	65166.34
1.58	1005.98
1.59	846.6
0.95	420764.79
1.65	5.47
1.69	135.17
1.59	0.0
1.04	640.0
1.73	3105.65
1.83	3.79
1.87	0.0
1.67	4864.02
2.02	136.5
1.58	341.85
1.55	2168.61
1.24	2072.24
2.1	0.0
1.44	101.93
1.04	3611.52
1.73	808.79
1.55	0.0
1.24	4404.62
1.14	1693.34
1.18	44437.39
1.43	2738.95
0.99	247318.15
1.44	681.16
1.01	6744.66
1.96	0.0
1.79	1129.03
2.01	0.0
1.06	9879.33
1.23	15726.87
1.39	0.0
1.4	12516.2
1.89	10.82
1.48	2221.89
1.61	59.66
1.91	38.02
1.79	28.7
1.9	403.78
1.6	1540.62
1.45	14363.18
0.81	5117.65
1.94	10.0
1.47	400.93
1.2	3880.04
1.88	30.95
1.81	0.0
1.81	0.0
1.55	1049.04
1.03	180618.1
0.91	126925.79
0.96	37189.25
0.77	24742.9
1.36	573.76
1.78	636.33
1.05	647.78
1.35	702.04
0.98	280910.7
0.92	31874.03
0.86	108231.39
0.93	18366.27
1.05	146837.36
2.05	0.0
1.93	1916.99
1.88	81.11
1.37	43.22
1.85	0.0
1.19	25.75
1.16	15090.36
1.1	103091.55
1.43	30977.59
1.07	779807.55
1.1	9394.09
1.68	0.0
1.48	0.0
1.74	932.48
0.83	91459.59
1.85	2329.16
1.53	0.0
1.59	0.0
1.81	0.0
1.51	6008.95
1.05	844.44
1.37	282.19
0.97	5726.34
1.21	33540.15
1.06	0.0
1.06	18473.67
0.83	41895.32
1.47	2124.91
0.88	32931.04
1.4	0.0
1.56	1108.71
1.14	420.95
1.33	2399.43
1.22	33058.99
1.01	45209.19
1.01	73.15
1.04	8473.25
1.11	17905.78
1.66	0.0
1.14	10971.15
1.56	0.0
1.65	241.97
1.05	502.49
1.65	0.0
1.05	0.0
1.24	876.15
1.4	22985.22
1.91	0.0
0.99	58798.6
0.97	845.56
0.9	421675.08
1.08	9975.21
0.99	780.0
1.68	1400.71
1.26	59.9
1.58	5781.7
1.12	41707.37
1.09	540.74
0.76	141970.0
1.12	0.0
0.91	16004.68
0.95	19191.06
2.08	0.0
1.62	0.0
1.18	15348.03
1.01	19851.0
1.74	849.67
1.13	76793.78
2.0	0.0
1.08	2457.87
1.9	0.0
1.86	0.0
1.17	698.94
1.48	3.33
1.34	533.33
1.53	55171.08
1.19	19915.86
1.86	433.71
1.14	6692.82
0.99	690.46
1.85	0.0
1.65	1282.93
2.04	186.96
1.18	1190.13
1.13	6.67
1.01	11008.6
1.79	0.0
1.84	188.67
1.84	0.0
1.43	2.59
1.04	0.0
1.39	22261.74
1.33	620.24
0.82	99203.37
1.21	33275.04
0.95	19804.69
1.24	18109.62
2.42	0.0
1.08	1422.22
1.39	1052.31
1.19	10627.62
1.35	0.0
1.82	0.0
1.01	3.08
1.26	572.22
1.31	927.47
1.15	8754.86
1.59	48.34
1.23	2472.63
1.12	13224.58
0.98	508.89
1.89	0.0
1.6	0.0
1.93	2089.13
1.71	834.61
1.81	14.02
1.11	614.44
0.92	688.47
1.55	0.0
1.06	277.96
0.71	3843.16
1.17	919.57
2.24	0.0
1.17	0.0
1.58	8.31
1.19	5100.31
1.05	88542.47
1.08	133.76
1.66	158.9
1.11	4651.02
1.26	127.44
1.36	2693.84
1.26	51.11
1.74	1754.85
1.0	19561.9
1.28	237.78
1.17	3565.39
0.92	26701.71
1.94	555.26
2.17	0.0
0.98	249396.08
1.09	8565.17
1.34	0.0
1.44	475.56
1.11	162.22
1.49	0.0
1.08	5882.97
0.92	494585.14
1.22	0.0
1.18	61454.54
1.43	18100.83
1.62	328.17
1.47	41374.29
0.81	129425.5
1.2	11623.19
1.55	1029.16
0.6	7.53
0.9	133326.4
1.78	2152.01
1.13	0.0
1.19	507.55
1.76	608.57
1.43	59886.93
1.64	792.91
1.02	4578.1
0.96	17234.66
1.71	0.0
1.14	1236.05
0.93	52442.25
1.05	0.0
1.3	1942.24
1.59	6995.92
1.82	2636.84
1.17	3061.24
1.27	31641.45
0.98	3.44
1.75	82.23
1.56	0.0
1.0	3353.97
1.4	157.2
1.57	2.64
1.71	15.84
1.48	1649.7
2.76	0.0
0.75	2695.13
1.25	2709.06
0.98	54823.03
1.71	157.23
0.96	2499.62
1.66	611.97
1.13	0.0
1.75	1815.49
1.66	15.05
1.04	2827.12
1.23	1311.95
1.07	13654.66
0.98	147253.68
1.35	360.0
0.81	871.42
1.26	26678.08
1.29	6475.52
1.05	0.0
2.11	0.0
1.4	2503.81
1.46	9393.62
1.52	2144.92
1.8	23.7
1.06	5632.65
1.35	5462.4
1.0	13977.6
0.66	46322.07
1.11	559.03
1.58	34321.02
1.64	0.0
1.12	135633.67
0.99	3866.86
1.94	314.09
1.69	194.08
1.73	6777.52
1.39	14114.76
1.63	3016.1
1.21	11378.42
0.93	68006.59
1.76	679.29
1.03	48272.76
1.37	1653.91
1.0	22.02
1.62	0.0
1.47	0.0
0.56	2.74
1.7	3.3
1.88	0.0
1.11	5492.6
1.34	0.0
0.97	3991.49
0.95	7.35
1.59	286.41
1.8	149.47
1.44	11199.57
1.11	1421.5
2.04	0.0
1.35	122.22
1.21	1743.76
2.0	0.0
1.84	0.0
2.01	0.0
1.39	11661.8
1.26	8947.03
1.02	4708.25
1.19	0.0
1.97	3.33
1.69	1061.12
1.64	6192.92
1.87	28.89
0.98	0.0
1.93	215.08
1.14	55107.23
1.16	0.0
1.81	466.62
1.15	84.44
1.04	5261.39
1.14	56141.4
1.73	42917.17
1.15	1563.11
1.89	5.56
1.12	0.0
1.68	1224.83
1.42	0.0
0.98	50911.75
1.32	1798.2
1.78	270.6
1.89	0.0
1.45	4952.91
1.06	9693.84
1.34	2698.72
2.12	0.0
1.18	2170.33
1.24	293.33
0.99	17389.2
1.0	884.44
1.78	11.67
1.62	966.31
1.08	3169.54
0.85	3614.31
1.52	22.41
0.99	73764.68
1.25	624.45
1.17	1084.44
1.36	0.0
1.0	8.66
1.08	13539.44
1.39	90.61
1.82	236.05
0.97	754.44
2.79	0.0
1.46	3991.08
1.09	0.0
1.36	1240.02
1.49	1157.22
1.01	291065.47
1.85	2584.1
1.16	30573.32
1.23	5676.07
0.71	33065.33
1.02	160.0
1.18	5.06
1.45	322.1
1.19	2967.67
1.21	3963.07
1.51	7580.46
1.03	1904.96
1.24	16786.82
2.06	3.32
1.53	620.25
1.6	280.14
1.52	581.03
1.64	41.61
1.03	4271.11
1.55	812.22
1.99	0.0
1.79	0.0
1.11	14157.64
1.53	198.83
1.04	111788.68
1.75	1514.27
1.07	564.45
1.23	607.82
1.06	10772.67
1.59	562.54
1.22	313.46
2.21	0.0
1.99	6965.55
1.25	0.0
1.19	0.0
1.11	2646.83
1.48	0.0
1.23	3051.53
1.26	0.0
1.54	352.02
1.6	9203.34
1.81	0.0
0.76	17952.5
1.03	4314.54
0.94	87496.38
1.5	13114.9
1.92	5.38
0.85	94921.87
1.82	0.0
1.03	37664.47
1.29	0.0
0.96	47017.93
2.08	0.0
0.74	27038.81
0.99	4722.17
0.79	58783.54
0.95	894945.63
1.59	284.33
1.73	3540.46
1.05	2645.2
2.01	0.0
1.35	0.0
1.67	553.41
0.98	57051.32
1.37	892.94
0.97	54339.31
1.82	0.0
2.14	30.87
1.61	1328.53
1.72	10.86
1.53	700.54
2.12	0.0
1.06	2567.1
1.8	312.12
1.5	124474.26
1.26	0.0
1.26	3626.41
1.38	2220.34
1.02	88541.92
1.71	166.48
1.27	66844.37
1.15	9442.4
1.02	23101.71
2.12	0.0
1.06	0.0
1.6	18.41
1.01	1147.26
1.07	4310.3
0.93	3104.22
1.65	0.0
1.22	4163.46
1.63	2767.4
2.33	6.08
1.43	784.03
1.67	854.86
1.95	21.0
1.89	2648.74
1.51	1584.29
1.62	6785.81
1.68	1178.09
1.02	2451.53
1.47	884.43
1.29	1009.84
1.53	1722.23
0.95	17962.05
1.53	1237.74
1.99	0.0
1.12	16399.34
0.92	13203.35
1.13	44652.53
2.02	0.0
0.87	32786.33
1.25	8827.37
1.1	30170.62
1.4	302.41
1.12	5725.48
1.11	6712.76
2.4	26.67
0.73	54886.55
1.78	0.0
1.33	87402.54
0.93	13604.5
1.0	943995.95
2.24	0.0
0.74	31108.07
1.24	132615.75
1.59	2032.14
1.26	1443.43
1.24	6.67
0.88	29536.13
1.58	720.37
1.93	543.55
1.12	2816.43
0.98	17899.44
1.66	2286.84
1.58	1273.15
2.29	102.47
1.1	3469.59
1.25	5186.39
0.91	76303.81
1.02	13264.37
2.29	0.0
1.63	4831.91
1.7	0.0
2.06	0.0
2.03	0.0
1.16	0.0
1.25	4804.54
1.87	36.4
1.68	71.65
0.71	19220.27
1.13	1375.92
1.52	3660.38
1.07	7074.83
1.9	331.46
1.55	640.99
1.2	4013.7
1.5	0.0
1.79	0.0
1.04	9435.58
1.94	330.66
0.82	17379.41
1.21	2784.18
1.53	0.0
1.72	4084.6
1.1	7875.31
1.19	0.0
1.26	17139.68
1.76	0.0
1.51	14500.29
1.49	395.18
0.93	2050.77
1.41	545.47
2.01	1059.29
1.19	106.67
1.45	0.0
1.03	16991.49
0.74	32530.95
1.36	668.2
1.21	4084.11
1.23	15656.06
0.99	47661.52
1.83	0.0
1.98	292.9
1.13	2919.24
1.18	12686.41
1.67	3.33
1.09	83580.91
1.15	81172.24
1.82	0.0
1.53	0.0
0.8	17416.68
0.99	5504.62
0.91	9592.65
1.5	1488.19
1.28	17062.73
1.48	23470.92
1.23	1788.09
1.63	17.98
1.51	2615.05
1.0	2.88
1.16	5692.28
1.29	2.22
1.58	0.0
1.64	604.74
1.82	0.0
1.05	0.0
1.62	0.0
1.16	7380.26
1.85	10.02
1.86	30.14
0.89	186891.82
1.25	17108.37
1.23	0.0
1.07	200.0
1.16	133263.53
1.35	7.95
1.73	934.93
1.39	12272.63
1.09	714.85
1.61	55.48
1.38	3378.41
1.5	643.35
1.18	20673.8
1.93	0.0
1.89	0.0
1.38	110.91
1.15	99142.71
1.03	23155.13
1.88	0.0
1.23	19122.72
1.24	133.71
2.18	0.0
1.82	0.0
1.8	102.22
1.16	100.17
1.88	0.0
1.0	52779.0
0.98	37132.11
1.92	1809.43
1.08	0.0
1.27	8.9
1.15	0.0
1.2	3288.14
1.85	0.0
1.74	9346.56
1.08	3117.85
1.75	101.17
1.59	0.0
1.8	412.94
1.65	128.38
1.5	280.71
0.99	76495.68
1.7	4654.68
1.28	3992.25
1.19	12950.49
1.58	0.0
1.69	3.33
1.07	5734.56
0.78	7644.9
1.18	47970.64
1.84	0.0
1.47	0.0
1.74	498.32
1.88	0.0
1.44	263.9
1.88	0.0
0.96	937.48
1.79	0.0
0.93	21703.66
1.24	9623.53
1.27	6772.94
1.25	6513.36
1.05	20240.11
1.07	1895.49
0.74	44152.29
1.9	0.0
1.28	4739.41
0.99	2198.98
1.76	0.0
1.37	791.94
1.81	0.0
1.1	91214.54
1.09	5813.54
1.82	133.15
1.6	0.0
1.92	550.46
0.9	176032.76
1.85	0.0
1.92	163.54
1.34	15130.39
0.92	17733.68
1.2	1203.02
0.82	6971.16
1.67	3402.97
1.28	197.69
1.86	0.0
1.75	319.36
0.97	1246220.37
0.97	36.52
1.34	464.26
1.88	6.67
1.63	0.0
1.69	27.39
1.1	13817.93
0.83	61342.99
1.3	0.0
0.79	7472.99
1.17	0.0
2.38	0.0
1.65	3897.41
1.1	1018.67
0.94	634.62
0.8	3275.09
1.63	0.0
1.78	3066.99
0.95	2936.81
0.79	33188.74
1.03	771093.2
1.97	0.0
1.63	286.5
0.69	158100.12
1.66	3110.65
2.02	101.4
1.51	14221.71
1.63	0.0
1.03	4115.58
0.94	0.0
2.09	0.0
1.13	13477.89
1.03	4937.44
0.92	1606.41
2.09	21.15
1.95	0.0
1.07	83149.01
1.5	0.0
0.94	6426.96
1.33	153.33
1.17	4075.65
1.62	239.37
1.36	11329.03
1.19	2731.55
1.4	14159.84
1.61	2144.12
2.18	0.0
0.92	269005.35
1.18	5228.04
1.02	2962.41
1.32	6817.03
1.13	1761.89
1.18	3862.02
1.47	0.0
1.34	1112.15
1.38	1427.52
1.95	227.23
0.82	32395.38
1.04	19899.48
1.0	0.0
0.94	1243.8
1.5	615.25
1.04	2038.49
1.61	2.68
0.77	6148.99
2.25	1122.56
1.47	111.11
1.29	0.0
1.63	52.88
0.99	22386.2
1.2	0.0
1.82	0.0
0.98	19581.66
1.28	0.0
1.57	723.74
0.9	21296.75
1.11	227.23
1.45	3868.53
1.85	2492.86
1.77	696.96
1.14	116500.49
1.83	0.0
1.61	0.0
0.78	72912.36
1.79	30.0
1.13	188.89
1.35	770.86
1.19	0.0
0.95	5482.53
0.88	39427.65
1.35	15941.0
0.98	19075.35
1.36	15819.58
1.56	9.9
0.89	35020.35
1.39	1340.21
0.93	96785.62
1.51	32310.76
1.82	33.41
1.76	0.0
0.88	17841.09
1.32	942.25
1.17	55602.12
1.4	0.0
1.71	37534.46
1.05	35717.26
1.59	62927.81
1.06	0.0
1.51	0.0
0.92	35656.23
1.15	0.0
1.79	0.0
1.87	170.61
1.28	0.0
2.24	0.0
1.45	0.0
1.41	61.82
1.54	805.14
1.03	20895.77
1.26	675.56
1.94	0.0
1.2	555.55
1.92	179.91
1.67	690.18
1.09	4113.74
1.23	19323.03
0.93	23626.47
1.32	500.73
1.42	0.0
1.44	12725.41
2.04	0.0
2.05	0.0
0.89	6303.21
1.15	2.94
1.09	8193.68
1.1	0.0
1.02	6.67
1.35	0.0
1.8	52847.59
1.93	0.0
1.82	139.18
2.36	0.0
1.04	0.0
1.52	0.0
1.3	4111.73
1.77	41398.35
0.74	34760.08
1.35	0.0
1.65	626.19
1.11	3.33
0.98	28644.07
1.78	150.28
1.77	0.0
0.8	102417.63
1.16	978.79
1.83	334.88
1.08	34194.18
1.09	14512.26
0.78	1570.34
1.76	336.84
1.93	0.0
1.26	4147.77
1.0	280.0
1.09	5819.53
1.84	15.43
1.19	27221.41
1.2	11981.88
1.15	1694.5
1.36	166.31
2.28	88.57
0.66	92324.72
1.83	0.0
0.8	13055.16
1.79	0.0
1.0	1134.73
1.0	0.0
1.75	16.42
1.11	6545.23
1.96	26.67
1.22	5165.79
1.98	0.0
1.7	3.33
1.86	6.43
1.07	1673.75
1.56	1474.56
1.22	0.0
0.74	99.78
0.79	18294.91
1.24	13782.18
1.27	3532.26
1.79	313.52
1.09	6940.94
1.17	1271.5
1.79	22.85
1.73	0.0
0.87	4173.01
0.99	2518.38
1.41	21845.62
1.36	362.87
2.33	36.12
1.22	16663.1
1.42	20716.92
1.88	0.0
1.01	56532.75
1.92	2074.65
1.03	3874.51
1.7	1558.98
1.35	79.76
1.34	1964.85
1.16	101666.78
2.32	0.0
1.35	20805.96
1.03	0.0
1.11	34180.54
1.79	14.5
1.92	0.0
1.51	0.0
1.87	0.0
1.76	406.32
1.11	1880.03
0.98	77201.83
2.23	85.19
1.07	1013834.06
1.49	610.31
1.02	40843.12
1.15	11.87
1.49	594.24
0.98	0.0
1.19	51131.53
1.0	32785.79
1.65	0.0
1.57	32940.1
1.52	25909.84
1.62	605.65
1.86	33.33
1.43	13.33
1.04	614904.92
1.74	0.0
1.16	21.86
0.98	192422.82
0.95	36939.3
1.5	0.0
1.22	2341.27
0.62	473.79
1.59	0.0
1.25	10514.58
1.55	7908.76
1.61	0.0
1.25	10160.09
0.6	0.0
1.35	2141.94
2.0	66.42
1.03	1837.6
0.74	27335.48
1.21	2641.89
1.32	81280.96
1.97	82.34
1.18	1628.64
1.71	31.81
1.21	1643.45
1.94	0.0
1.08	37361.33
1.11	16305.28
1.87	80.05
1.06	666514.74
1.73	10027.76
1.0	1253.33
0.82	1061.5
0.93	167640.78
1.14	120335.36
1.47	1480.2
1.13	0.0
1.46	537.88
1.83	0.0
1.51	95.12
0.99	232.07
1.8	0.0
1.24	8.24
1.84	9.57
1.79	3425.26
1.63	0.0
1.17	3622.34
1.71	593.61
1.36	61290.64
0.97	725218.35
1.13	4467.36
1.81	514.18
1.52	98576.43
1.35	0.0
0.96	44584.77
1.82	0.0
1.03	253.33
2.07	0.0
1.03	37926.4
1.19	5958.07
1.19	3083.85
1.42	0.0
1.39	457.84
1.17	9742.7
1.02	1134.34
1.12	27317.19
1.15	17581.12
0.96	54476.54
1.35	682.34
1.48	311.33
1.82	258.86
1.98	0.0
0.96	15189.72
1.01	2.64
1.93	10.33
1.09	4.32
1.87	32.45
1.33	56051.76
1.69	218.31
1.72	2924.57
1.13	39668.36
1.44	13492.99
1.06	22228.41
1.57	0.0
1.61	0.0
1.15	182.22
1.21	621.02
1.49	0.0
1.2	368.56
1.52	233.58
0.94	4377.27
1.16	346.67
1.28	46589.71
1.64	49062.36
0.96	17803.37
0.89	84698.84
1.86	0.0
1.01	0.0
1.14	2688.22
1.09	2357.78
0.83	177294.71
0.65	4187.62
1.01	253660.35
1.71	0.0
1.85	599.0
1.18	103843.81
1.81	0.0
1.76	0.0
2.14	0.0
1.1	54944.38
1.24	22794.07
1.08	14.83
1.93	2226.58
1.63	200.74
0.93	150400.52
1.06	0.0
1.29	161.52
0.79	5767.28
0.95	95603.25
1.13	0.0
1.26	364.44
1.24	5894.05
0.88	40083.17
1.38	1132.59
1.44	858.83
1.7	3508.58
1.46	0.0
1.7	663.17
1.01	17691.29
1.46	8624.89
1.48	1391.47
1.21	123875.82
0.77	128451.37
1.35	3244.22
1.21	8614.88
1.15	4022.51
1.65	69.67
1.24	0.0
1.25	20566.56
1.99	420.93
1.83	3.33
2.06	110.76
1.15	4539.25
2.02	2.65
1.21	0.0
1.34	123.85
1.74	3286.84
1.84	0.0
1.13	2821.41
