11.260116666666669	6.0
12.0278	2.5
12.04083	2.8
11.327639024390244	6.0
11.354766666666668	5.8
11.223166666666666	6.0
11.196122222222224	6.0
11.259955555555557	6.0
11.79798275862069	5.5
11.813072222222226	2.5
12.013247058823527	5.8
10.563359183673471	5.5
11.457166666666668	6.0
12.041516666666665	2.8
11.541405128205128	5.5
9.8771	3.8
11.761321399176955	3.5
13.266033333333334	2.3
11.373216666666664	6.0
12.053727777777777	2.5
11.881144444444445	3.0
11.444633333333336	6.0
12.63188	2.8
8.604266666666666	2.8
10.96679512195122	5.5
11.437831490384614	2.0
11.180966666666668	6.5
10.554	7.8
11.2115	6.0
12.0863	2.5
10.93895	6.8
11.690603211991435	1.5
11.458755555555555	6.5
12.976603113207547	2.3
11.96199411764706	6.0
11.117292307692306	6.0
11.143366666666669	5.5
12.920761111111114	3.2
12.405356756756756	4.5
11.719925	5.8
12.588166666666664	3.5
11.520164	5.5
11.795966666666668	7.0
12.2092875	5.3
9.3432	5.5
12.389356613756616	3.5
10.73364	6.0
10.565180000000002	6.0
10.296858333333333	5.5
11.506004567307691	2.0
11.611666666666665	5.8
11.73943868312757	3.5
11.12386875	4.8
11.755999999999998	5.0
11.867537037037032	1.5
12.976881081081082	1.8
11.474909523809526	5.8
11.131014285714288	7.8
11.12766956521739	6.0
11.037728571428572	5.5
11.220309756097562	5.5
11.276495555555556	5.5
12.11994512743628	1.5
12.874275000000004	4.0
11.055876923076925	6.0
11.862733333333331	4.5
11.43734	2.8
11.247495454545453	6.0
11.38168	6.0
11.383642857142856	5.8
9.3117	5.8
0.0	1.0
11.35495	6.0
11.087466666666666	5.5
11.663257142857145	3.8
11.38168	6.0
10.52605	5.5
9.101866666666666	3.5
12.12276	3.8
11.352900000000002	5.0
10.798135294117646	7.5
12.944735668789807	2.8
11.003309375	5.5
12.09689865067466	1.5
11.101660606060609	5.5
13.161829166666667	2.0
9.273855	2.8
10.88956585365854	5.8
11.471271428571429	5.8
11.840147368421054	6.0
11.20276	6.0
10.939875757575756	5.5
11.007509090909092	5.5
10.2719	2.5
11.876775	7.5
11.23676818181818	5.5
11.582422222222226	6.0
11.009378125	5.5
11.729691769547324	3.5
11.410059259259258	6.8
9.695	2.5
11.634466666666668	6.5
9.65936	2.0
10.89890625	5.5
8.504133333333334	2.3
10.5174	2.0
10.99836	6.0
11.26033125	6.5
11.6604875	2.3
12.055304761904766	2.8
9.1312	4.0
11.319354054054056	5.0
9.0611	3.0
11.447233333333337	6.0
12.18425	5.0
11.690293028846154	2.0
10.9196125	5.5
12.261489655172417	3.5
8.932974999999997	2.0
12.072441176470589	2.3
10.958558333333334	5.5
11.431540000000002	6.3
11.64556	3.0
9.5408	6.3
11.5267	6.5
11.107545454545452	5.5
11.387821951219513	5.5
11.096063636363638	5.5
11.132102222222226	5.5
0.0	1.5
11.341219047619049	2.5
11.33182	6.0
11.666308333333332	6.5
11.9389125	2.5
12.55187142857143	3.8
11.381628571428571	6.0
11.652827644230769	2.0
12.3734	2.5
11.477833333333333	5.8
10.59066	6.0
11.70780905349794	3.5
12.22998888888889	3.3
11.431161904761904	5.8
8.703310344827587	2.5
13.1236101010101	2.8
11.020499999999998	5.5
10.91369	6.0
11.290033333333335	6.5
9.05335	2.0
12.039691006423984	1.5
11.21125925925926	6.8
11.38000476190476	5.8
9.6903	3.8
12.22274	5.0
11.406711111111116	6.5
11.000683333333331	5.5
12.1934125	5.0
10.857175	5.5
11.9482	4.5
11.06572	5.5
13.065292727272729	2.5
8.888349999999997	2.5
11.485876190476189	5.8
11.408266666666668	4.8
12.174357142857144	7.5
9.01375	1.5
11.28095	2.3
13.582798299595142	2.3
11.674016666666668	3.3
10.63215	5.5
10.8425375	5.5
10.794531707317072	5.8
11.354766666666668	6.2
9.159866666666668	5.5
11.189908888888883	5.5
11.362826829268291	5.5
12.578381818181818	2.0
10.9485	6.0
11.47577	2.8
11.525843902439023	1.5
11.023840000000002	6.0
11.577142857142857	5.8
12.944249044585984	2.8
8.351666666666668	2.5
11.0881	5.8
9.512	6.5
10.975503703703705	5.5
11.408266666666668	3.8
11.543	7.5
9.1985	3.5
8.504133333333334	2.3
11.023840000000002	4.8
11.634466666666668	6.3
10.7745	2.5
9.08885	2.5
11.279666666666666	3.8
11.62211995192308	2.0
11.560509523809523	5.8
9.206166578249336	4.0
11.70255	1.5
11.287918181818185	2.8
11.381338461538462	7.0
11.456151219512195	5.5
11.130928571428573	7.0
11.526066666666663	5.8
11.304641463414637	3.5
12.405356756756756	4.5
11.734294444444444	2.5
11.037175	5.3
10.36	2.0
11.865175	2.5
11.125275609756098	5.5
11.112114285714288	4.5
10.711958333333332	5.5
10.459208333333336	5.5
10.75912	5.5
13.128093181818183	2.5
11.025615384615383	6.3
10.909175	6.8
11.071453846153846	6.3
9.1302	2.0
13.330774074074071	2.3
12.33509523809524	3.8
12.874275000000004	4.0
11.235872727272728	6.0
11.148754545454542	6.0
11.026725	7.0
11.556733333333336	6.3
13.444769230769232	2.0
8.71425	5.3
8.897	3.8
12.191226986506749	1.5
12.122009090909092	4.5
11.154545454545453	3.3
11.136219402985075	6.5
11.243738636363638	5.5
11.33044	6.0
11.153653846153846	3.5
11.60992857142857	7.5
11.20276	6.0
11.654066666666669	6.0
11.288	6.0
11.468539182692306	2.0
11.72784	6.5
10.993994000000002	5.5
12.080810194902549	1.5
11.031635714285716	5.5
11.7051	6.8
12.173174193548386	3.3
12.20731544227886	1.5
11.909720000000002	3.8
11.956833333333336	5.3
11.63035714285714	5.5
11.5359	5.8
8.31996	1.8
11.897472591006428	1.5
11.005521739130437	7.0
10.858131707317073	5.5
9.0872	3.8
11.587057142857144	5.8
9.0432	1.8
11.128571641791044	6.5
9.159866666666668	4.8
11.444633333333336	5.8
11.3032	2.8
12.714558333333336	4.0
11.6104	2.5
11.11696	5.5
11.128333333333332	6.0
11.46526	3.5
10.39875	2.3
10.937928571428571	5.5
10.838333333333331	5.5
13.08057704918033	3.5
11.795966666666668	6.5
11.530931707317071	5.8
10.938358333333332	5.5
10.994740625	5.5
11.522428571428572	5.8
11.1016	7.8
13.652933333333332	4.0
12.082260000000002	2.5
12.356676761619193	1.5
7.83425	3.8
11.711716666666668	6.8
11.625516666666668	2.8
10.624536363636365	3.3
11.14446	6.3
12.04083	5.5
11.526440471092078	1.5
11.016612195121953	5.5
12.06715	4.0
11.9002	3.3
11.10535	6.0
11.026725	7.5
11.154545454545453	6.8
12.700466666666664	5.0
13.040525	3.3
11.702933333333332	5.8
11.100835	6.8
12.340588305847074	1.5
10.987245	6.8
11.48739512195122	5.5
11.168514285714284	6.0
12.06163533190578	1.5
11.56352857142857	3.8
11.947537331334331	1.5
9.5408	6.3
11.729881818181816	8.0
11.421805263157896	4.5
11.453147619047618	5.8
8.65415	2.0
10.819423076923076	3.5
11.824266666666665	3.5
11.268922222222226	6.0
12.125457692307696	3.8
11.148754545454542	6.5
11.275333333333334	6.0
12.37972323838081	1.5
12.59399	2.5
12.4174208994709	3.5
9.01375	2.5
11.33044	5.5
11.1479375	5.0
11.95216	4.0
11.931448875562218	1.5
11.771733333333335	5.5
12.198476923076925	4.8
12.409689947089948	3.5
11.211031034482758	7.0
8.2366	4.0
11.406711111111116	6.0
12.079363829787232	3.8
9.300975	3.0
10.823814285714288	8.5
11.663257142857145	3.8
10.874308333333332	5.5
11.271522222222226	6.0
13.51252	2.3
11.14446	6.3
11.33044	5.5
10.89726	6.0
11.443499999999998	5.5
12.103856671664168	1.5
10.716316666666666	5.5
11.754416666666666	6.8
11.33044	6.0
12.444894545454543	5.3
10.959954545454544	5.5
9.085314285714286	2.3
12.01102777777778	3.0
10.98881304347826	7.0
12.089745454545454	4.3
11.117292307692306	6.3
11.500682608695652	5.0
13.093730555555556	1.5
13.173014285714286	2.5
11.139866666666668	6.0
10.620914285714289	7.8
11.055876923076925	6.0
11.565052380952382	5.0
12.41584	2.5
9.706	9.5
0.0	1.5
9.2708	1.3
10.986714634146342	3.5
9.251425	5.8
11.132102222222226	5.8
0.0	6.5
12.488273076923075	2.8
12.40335343915344	3.5
11.096063636363638	5.5
13.324910344827588	2.0
12.958927711598747	1.8
11.806817241379314	5.5
12.286128260869566	3.8
12.917862162162164	2.0
12.27198787878788	3.8
11.749633333333335	5.0
11.770372222222226	2.5
8.869433333333333	5.3
8.5318	1.8
11.493638888888889	2.5
11.340425	6.0
11.33182	7.8
12.484211764705885	2.8
11.38168	5.5
10.858372916666667	5.5
9.8771	3.8
12.815213492063494	2.8
12.01102777777778	2.5
11.2843	6.0
10.347	2.5
11.7051	3.8
11.874615068493153	5.0
12.346603846153847	3.0
11.66565841346154	2.0
12.29936046511628	4.5
11.61422	2.3
11.159491071428572	5.5
11.583533333333332	5.3
10.85110625	5.5
9.370384	2.5
11.522283333333334	6.0
11.393671428571428	6.3
11.287918181818185	2.3
12.0034	4.3
11.759620000000002	1.5
11.5619	3.5
11.63995	5.5
10.872007407407413	5.5
12.27828448275862	3.5
11.225122727272728	5.5
10.78917	6.5
11.00630606060606	5.5
11.202276744186046	3.3
11.777640000000002	3.8
10.945760606060604	5.5
11.2603	10.0
11.467522222222224	1.3
12.118536363636364	4.5
11.582328571428572	5.0
10.841780434782608	7.0
12.08220909090909	4.5
8.79744	3.0
12.880976470588234	2.5
10.911928571428572	5.5
12.363634782608695	1.5
10.967771428571426	5.5
10.6397	5.5
11.15518409090909	5.5
12.95180487804878	2.3
10.629	5.5
11.574673170731709	5.5
11.731567647058824	5.5
11.093571428571426	5.5
9.152733333333334	4.8
11.055876923076925	6.3
11.378026923076924	6.0
10.843971428571429	5.5
11.1173	2.5
11.371833333333337	6.0
8.054	2.5
12.752929411764706	3.6
12.44432772277228	3.0
0.0	3.5
11.90626	3.3
12.04083	6.5
12.937410810810812	2.0
12.8161	3.8
10.834028571428574	7.8
11.435666666666668	6.0
12.16966052631579	2.8
10.857620000000002	5.5
8.916714285714287	2.5
12.160144444444445	8.0
12.857089473684214	3.8
11.877633333333335	5.0
10.904975	5.5
11.128900000000002	2.9
11.129634146341465	7.5
9.159866666666668	5.3
10.599883333333334	5.5
12.39211	2.8
8.786179310344828	2.5
9.6769	3.3
10.974973913043478	7.0
11.534753846153846	5.5
8.12415	5.5
10.584314285714289	7.8
10.0743	1.8
11.75455	3.3
11.17714	6.0
13.265820444444447	4.8
11.354766666666668	5.8
11.2287	7.0
9.350333333333332	5.8
12.18425	5.3
11.361271428571428	6.3
11.706466666666666	4.3
8.670342652329749	2.8
10.421514285714286	6.0
12.232	4.5
11.4348	5.8
8.21315	3.0
11.65177619047619	5.8
10.565180000000002	9.0
13.071459090909087	3.8
11.2869	6.0
10.953165853658538	5.5
12.30176	4.3
11.937483333333336	2.8
11.093351515151516	5.5
11.61422	2.8
11.33182	6.3
11.82448	3.8
11.296833333333336	6.0
7.532971428571429	4.0
12.20004	3.8
11.749295473251028	3.5
11.530931707317071	5.5
11.966771875	5.5
12.39708756613757	3.5
11.68835	5.8
10.880526086956522	7.0
11.7176658436214	3.5
10.91354375	5.5
0.0	1.5
12.188505263157897	4.5
12.602366666666668	2.8
11.668658886509636	1.5
11.533816666666668	6.0
10.406682608695652	5.8
11.00042121212121	5.5
11.574251282051284	5.5
9.081566666666667	1.8
11.292812499999998	7.3
10.50705714285714	5.8
11.111646341463416	5.5
9.361645454545457	3.3
11.544414285714286	5.8
11.683233333333336	7.5
10.956269230769232	6.3
11.525985714285715	5.8
12.383020105820108	3.5
11.281455555555556	6.0
10.938864285714288	5.5
10.960357142857143	2.5
13.38826170212766	2.0
10.13144	1.8
0.0	1.5
11.061829268292684	5.5
12.405356756756756	4.5
11.64556	3.5
11.139125000000002	6.8
10.745844000000002	5.5
11.213325396825397	6.5
11.107295	6.8
12.0863	1.5
11.50430476190476	5.8
0.0	6.0
11.5059	5.8
11.016612195121953	5.5
13.569408894230769	1.8
11.17714	6.0
10.988671875	5.5
11.79886	3.8
11.998176470588234	5.8
11.045515555555555	5.8
11.252966666666666	6.0
11.740727586206898	5.5
11.14965	5.5
11.50615	4.0
12.519328571428574	3.0
10.954069696969697	5.5
11.634466666666668	6.0
11.582422222222226	6.5
12.247724137931035	3.5
11.625516666666668	2.8
9.4533	5.8
0.0	1.5
11.456151219512195	5.5
11.17902857142857	4.5
9.101462068965516	3.8
11.358014814814815	6.8
11.014615151515152	5.5
11.177555000000002	6.8
12.046624	5.0
8.918104166666666	3.8
11.509916	5.5
10.776008333333332	5.5
11.322854545454543	2.8
10.293308695652174	5.3
13.54915	2.0
12.188505263157897	4.5
11.204128571428573	6.5
11.495790476190471	5.8
11.510054166666668	6.0
0.0	1.5
11.597485336538464	2.0
13.121022222222226	2.8
11.496916666666666	2.9
9.152733333333334	5.5
11.22145873015873	6.5
11.186342857142858	5.5
11.241433333333331	6.0
11.488466666666667	4.8
10.730085714285718	2.8
11.79886	3.5
9.072366666666667	5.8
14.163933333333333	5.0
11.484536363636366	5.0
11.795966666666668	7.0
9.02863448275862	3.8
11.234699999999998	6.0
11.434719047619048	5.8
11.6284	4.3
11.974778125	5.5
11.458755555555555	6.0
11.628193028846152	2.0
11.614757142857142	2.5
12.095814285714289	3.5
10.744386428571428	6.3
11.045515555555555	5.5
10.833850000000002	5.8
12.11333829787234	3.8
12.85996086956522	2.5
12.719672093023254	2.3
10.39875	3.0
11.516403448275865	7.8
11.914884375	5.5
11.026725	6.3
10.83646875	5.5
11.263772727272729	5.3
11.101775925925928	5.5
11.667433333333332	4.3
11.595571428571429	5.8
11.16682	6.0
9.5408	5.8
11.235092307692303	2.8
11.913640000000004	4.3
9.138583333333331	2.8
