1.53	11437.45
2.34	2284.18
1.1	48612.13
1.88	7049.63
1.79	1162.65
1.63	1646.22
1.27	55744.3
2.01	25.54
1.66	580.0
1.67	15944.5
1.54	913.31
1.19	105385.09
1.21	53035.85
1.61	366.67
1.14	69761.93
1.58	3659.85
1.96	1086.58
1.85	0.0
1.32	56769.39
0.89	79841.99
1.43	223.33
1.46	833.33
1.26	208106.11
0.99	55484.76
1.38	23356.77
1.53	2119.22
1.9	66.29
1.35	9906.96
1.09	658542.91
1.03	445274.87
0.98	31653.96
1.5	109325.32
1.55	2593.33
1.69	4937.52
1.47	76.67
1.44	305.54
0.98	18601.8
1.27	33996.64
1.3	12552.12
1.95	1799.52
1.44	143.33
1.87	489.87
1.26	1206950.37
1.27	909308.32
1.79	759.46
1.83	23398.38
1.57	780.41
1.15	641756.72
1.17	61787.29
2.03	0.0
0.65	68128.99
1.87	260.0
1.63	2320.0
1.21	605.53
1.19	88554.27
1.55	1189.3
0.83	838267.79
1.0	525549.82
1.99	1107.37
0.85	38946.79
1.07	5987.5
1.9	596.67
1.18	25952.51
1.28	100466.86
1.73	2241.87
1.11	16782.71
1.92	2213.72
1.26	11103.49
1.43	1853.33
1.03	21186.15
1.08	14961.58
1.02	406010.16
1.12	64770.92
1.32	296939.83
1.42	25143.34
1.53	7426.95
1.03	624782.63
1.41	1344.02
0.89	63724.96
1.0	55427.17
1.09	68758.56
1.07	29923.8
1.19	54053.21
1.32	15861.44
1.09	47388.76
1.66	1860.22
1.01	20800.04
1.24	27742.9
1.13	883.8
0.96	42015.01
0.91	178207.01
0.91	947888.97
1.88	7834.74
1.69	5955.98
1.5	1726.67
1.24	92362.71
1.22	72146.24
1.06	58136.12
1.95	220.39
1.03	68104.04
1.52	12436.22
1.85	1944.53
1.04	66186.24
0.78	102317.99
1.49	1138.94
1.72	4920.39
1.91	8327.4
0.56	98977.04
0.89	82685.54
2.0	1102.66
1.43	5798.32
0.79	357012.13
1.09	12710.93
1.47	21779.26
1.19	67695.64
1.08	4257.99
1.92	516.67
1.04	496867.66
1.78	122146.97
0.97	61921.23
1.76	1064.61
0.94	39707.1
2.31	58.92
1.02	11104.53
1.25	12761.19
1.25	46495.52
2.07	7.34
1.09	244982.26
1.53	100146.51
1.75	8054.58
0.71	82065.7
1.15	62076.66
1.71	3017.22
1.93	931.67
0.98	12127.23
0.94	13543.47
1.21	40754.56
1.26	16535.55
0.76	540561.2
1.8	383.33
0.71	79189.32
2.31	293.33
1.9	0.0
1.85	453.33
0.82	34413.09
1.16	520131.23
0.71	60874.89
1.55	287.87
0.71	519847.64
1.21	21798.68
1.09	12539.42
1.83	106.67
1.8	247.95
1.16	61113.45
1.46	715.2
1.28	1359.77
1.07	46867.66
1.14	927.87
1.64	0.0
1.12	51496.76
1.24	38257.02
1.03	51456.91
1.84	4171.21
1.86	3115.65
1.02	29400.09
1.91	1549.55
1.29	1593.11
1.94	18457.1
1.51	1748.63
0.94	140535.44
1.15	33143.47
1.84	960.0
1.48	126.59
1.34	22828.92
1.61	4199.7
1.6	583.33
1.0	9556.06
0.62	85200.08
1.02	442923.78
0.98	48304.3
1.1	49768.12
0.85	222971.68
1.39	26668.65
2.15	136.67
1.07	39560.7
2.21	234.57
1.1	21773.29
2.08	976.81
1.89	260.0
1.82	6460.34
0.92	20816.49
1.84	3327.98
1.16	80542.5
1.08	22294.87
2.09	0.0
1.14	29963.27
1.56	2110.0
1.71	456.67
1.03	50014.8
1.66	120.0
1.56	3130.99
1.14	95516.44
0.75	57662.53
1.17	41921.3
0.98	813006.4
1.83	306.67
1.28	8665.19
1.27	30800.02
1.21	9812.43
0.82	107305.26
1.5	426.67
1.1	605995.11
1.59	1103.33
1.51	17627.07
1.09	21.5
0.99	3901953.04
1.37	76306.09
1.86	266.67
1.4	75473.15
0.95	29783.15
1.29	2251.17
1.11	33710.2
1.74	36.85
1.72	2966.68
1.42	70938.4
1.63	2106.67
0.89	55316.85
1.07	54938.34
0.98	32763.43
1.15	69123.57
1.04	30425.15
0.88	609388.58
1.12	5462.15
1.34	78505.66
1.02	22384.1
1.32	0.0
0.97	283662.09
1.89	9864.31
1.52	243.33
1.19	258541.9
2.31	605.28
1.51	1184.27
1.4	25405.7
1.52	9364.64
1.77	1350.0
1.6	1065.12
0.98	38620.02
2.38	136.31
0.92	1435.36
1.74	13.33
1.31	846.67
1.93	5104.58
1.08	276280.33
1.23	990.0
1.63	1992.35
0.77	56198.27
0.8	722787.61
1.09	178683.01
1.14	30487.72
1.77	450.0
1.24	91664.47
1.84	263.33
1.09	11076.0
2.02	1481.01
0.98	33684.23
1.51	438.45
1.07	76829.42
1.83	1496.55
1.37	211934.06
1.77	1620.0
1.3	223.33
0.87	535065.38
1.67	1011.65
0.8	96799.4
0.78	1376640.91
1.21	716567.95
1.8	376.67
1.33	2106.05
0.96	382666.89
0.83	34244.4
1.09	27733.4
1.12	1813.33
1.42	85056.94
1.14	216693.68
1.86	3121.93
0.76	32104.77
1.66	2473.82
1.43	360.84
1.16	559587.76
0.98	280916.4
1.72	119991.27
1.37	20725.1
2.02	0.0
0.97	96695.27
1.5	1343.33
1.08	277836.31
1.41	220.0
1.19	25516.89
1.18	8797.15
1.6	383.33
1.01	22565.73
2.06	89.98
1.83	153.33
2.0	63.33
1.63	1379.85
1.02	1688.43
0.96	14948.34
0.89	30201.26
1.5	22371.73
1.18	228842.95
1.24	696.67
1.25	294.48
1.24	61873.39
1.63	4465.66
1.33	48750.72
1.57	3107.27
1.2	63371.06
1.21	11016.44
1.08	11869.39
0.96	68265.07
0.98	542973.12
1.49	1767.69
1.43	266.67
0.77	77011.19
1.08	611156.81
1.61	703.33
1.34	2613.33
1.68	773.34
1.25	227.2
1.35	381.41
1.52	0.0
1.2	14862.7
1.47	903.33
1.24	181968.79
1.17	74723.66
0.94	41822.8
1.27	30219.23
1.47	21567.32
1.34	19978.57
1.71	0.0
1.04	353409.98
1.75	260.0
2.06	1057.22
1.13	21559.51
1.88	422.88
1.86	313.34
1.08	42475.38
1.12	65795.24
1.05	41281.75
2.4	23.33
2.73	3.19
1.65	200.3
1.02	49597.26
1.7	2585.91
1.64	163.33
1.92	161.47
1.82	1271.83
0.94	33642.66
1.13	68693.55
1.1	23689.19
1.84	1726.19
1.26	147667.72
1.53	1577.97
1.69	5834.58
1.03	30614.89
1.92	310.0
1.85	870.0
1.7	17878.06
0.51	44646.67
1.62	147.0
2.19	501.91
0.96	22867.47
1.02	206579.02
0.98	34365.83
1.82	1662.86
1.03	13805.14
1.71	1293.78
1.29	18762.45
1.37	48894.75
0.97	75694.1
1.17	146.67
0.82	101093.6
1.0	23770.14
1.71	9416.59
0.53	72169.92
1.05	52697.22
1.02	80570.6
1.13	85913.6
1.27	46748.71
1.06	69529.64
1.26	21260.58
1.18	102204.17
0.96	52596.72
1.64	111.38
1.75	81095.01
1.5	4469.88
1.13	78873.23
1.16	97342.36
1.27	674.51
0.96	69919.72
1.32	16455.23
1.12	85179.62
0.89	688813.01
1.52	549.78
0.97	61527.63
1.4	2293.33
1.87	10591.35
1.3	22442.7
1.11	21309.61
1.84	838.34
1.58	495.74
0.89	260857.96
1.96	123.33
1.08	820.0
1.64	2765.57
0.88	59339.2
0.75	1360760.83
1.04	117112.77
1.68	2248.97
1.07	22314.99
2.05	2173.33
1.7	333.33
0.99	82033.71
1.63	1616.67
1.14	137769.31
1.98	503.44
1.92	7344.24
1.63	7544.36
1.2	18577.69
0.72	81116.25
2.09	1452.29
1.43	15665.1
2.01	3330.55
1.13	271845.35
1.41	43.33
1.82	590.0
1.74	8680.07
1.46	690.23
1.23	101615.53
1.25	18466.87
1.1	50111.01
1.06	6478.75
1.05	46816.59
1.07	4316352.47
1.35	79402.42
2.05	106.67
1.25	67505.16
1.22	0.0
1.3	109753.43
1.88	0.0
1.08	101670.76
1.28	49041.0
1.47	3711.38
1.55	0.0
0.77	62352.87
1.39	37376.67
1.31	35358.56
0.79	95894.64
1.27	874.26
0.8	75700.11
1.76	560.0
1.13	138486.18
2.59	12.79
0.93	81127.8
1.11	1263.56
1.42	127774.24
1.11	31952.3
0.67	70788.61
1.85	8533.47
1.59	6945.82
1.8	13.33
1.52	40.24
1.58	43.33
1.55	1786.67
1.33	94832.56
1.03	28076.04
1.03	44134.02
0.87	14050.64
1.72	1173.33
0.54	99129.04
1.61	3485.76
1.68	7356.62
1.7	15180.41
1.17	515932.56
1.97	5608.05
1.25	12498.87
1.03	21900.35
1.07	20533.87
1.59	4277.9
1.26	108644.33
1.64	1243.15
0.99	28181.92
1.92	960.37
0.97	25633.87
1.16	9981.16
1.12	12770.38
1.06	22506.92
1.14	648105.94
1.65	9103.39
0.52	90030.35
0.76	49686.88
2.01	1184.75
1.41	1594.37
1.35	323.33
1.36	5014.8
1.49	452.73
1.89	5262.78
1.04	22605.91
1.0	12029.73
1.23	77306.88
1.3	46352.66
1.74	921.15
1.98	1546.78
1.85	12479.89
1.1	82278.6
1.5	0.0
1.06	159916.87
1.03	2313.33
1.7	26508.59
1.16	309652.75
1.72	1070.0
1.09	481046.82
1.65	916.67
0.86	44564.8
1.96	0.0
1.75	1013.33
1.4	806.66
0.93	68697.84
1.16	181277.74
0.77	125900.09
1.0	250801.63
1.06	21470.67
1.96	2448.55
0.83	13539.21
1.33	7442.17
2.07	23396.97
1.03	150474.71
1.12	497895.48
1.11	97423.17
1.67	545.4
1.81	596.15
0.99	13300.88
2.36	306.94
1.15	95887.01
1.11	89211.38
0.99	524272.88
0.75	134708.23
1.57	193.33
0.94	33903.57
1.83	0.0
1.16	50060.32
1.87	3176.48
1.48	3696.66
0.97	59593.91
1.35	73414.91
1.23	21632.95
1.02	3664890.84
1.92	7238.17
1.91	816.05
1.32	383.01
1.75	3123.66
1.55	303.33
1.83	1074.45
1.24	51870.47
1.46	503.33
1.56	687.69
1.66	96.67
1.73	3379.16
1.15	515493.85
1.8	2598.45
1.65	16137.24
0.77	107273.37
1.49	123.33
1.94	1762.85
1.0	37157.88
1.59	866.67
2.02	16.66
1.6	103.33
1.35	540.0
1.02	38219.34
1.44	246376.89
2.29	469.68
1.9	8916.47
1.74	2744.67
1.41	5533.05
1.84	2036.7
1.15	149070.4
1.64	0.0
1.78	8803.26
1.77	838.44
1.6	2150.81
1.5	1323.33
1.22	17094.03
1.22	36440.1
1.44	146.67
0.98	365002.12
1.84	1130.31
0.81	97555.49
1.13	1038.61
2.24	411.67
0.93	83066.75
0.96	7638.25
1.08	49559.83
1.09	18266.69
0.98	17414.57
1.05	78695.41
1.09	6354.45
1.77	40812.08
1.51	880.0
1.7	2604.39
2.19	577.56
0.75	107302.84
1.38	220.0
0.93	4964462.13
0.78	146199.35
1.2	47301.23
1.07	23651.85
1.38	64581.92
1.2	1285655.99
1.52	1192.23
1.19	625.97
1.13	10756.98
0.96	31407.15
0.88	12785.15
1.88	40.41
1.43	989.6
1.15	281141.42
1.76	720.0
0.89	13804.56
1.99	258.73
1.05	11290.59
1.81	6649.37
1.52	8545.51
1.72	1126.67
1.1	992.64
1.33	56141.23
0.97	50413.78
1.13	601358.64
1.52	2513.33
1.54	3274.24
1.05	34993.02
2.05	356.56
1.28	214209.27
1.01	93903.26
1.0	22498.91
1.69	2269.63
0.74	88599.82
1.05	15961.91
0.99	64673.2
1.36	78749.74
1.47	1122.85
1.39	0.0
1.25	6243.6
1.04	105403.38
1.98	147.77
0.8	71564.22
1.07	15803.53
1.15	638982.26
1.77	1003.61
2.09	1356.22
1.7	746.43
1.15	2118.11
1.05	63540.12
1.8	46.67
0.7	84710.72
1.91	1308.92
1.14	577210.39
1.14	604227.7
1.6	1989.91
1.19	57426.04
2.06	1115.25
2.0	1766.13
1.97	807.6
0.96	25088.83
1.84	97.88
1.17	78821.71
1.88	6821.51
1.68	77.97
0.98	42084.71
0.71	64530.22
1.09	45068.25
0.88	47783.02
1.39	88306.35
0.98	27114.53
1.27	25780.0
1.45	1502.72
1.4	13032.01
1.65	1169.21
1.73	320.0
1.07	94287.69
1.97	2.95
1.82	491.27
1.41	5546.76
1.84	530.0
1.05	71253.97
1.07	10218.93
1.52	26.67
1.07	38638.58
1.95	9786.27
1.24	107242.86
1.22	6990.96
1.13	16438.49
1.59	21274.01
0.78	83053.1
1.58	72030.82
1.79	420.0
1.65	2063.33
1.52	142262.93
1.28	796190.93
0.98	447949.27
1.14	143026.95
1.62	7885.8
1.48	556.66
1.5	120662.4
1.87	326.67
1.19	69311.52
0.77	678138.24
1.22	19339.98
1.35	330.0
1.55	483.33
1.12	29661.72
1.52	54.0
1.76	1873.03
1.01	27844.81
1.42	8421.24
1.07	292683.09
1.72	1170.0
2.04	37.93
1.29	864046.29
1.1	171699.95
2.08	2555.25
1.44	85.12
1.76	1406.67
1.91	7481.76
1.01	80.0
1.63	420.0
1.36	19020.75
1.2	709816.2
1.01	17804.54
1.58	5925.32
0.88	1570.0
1.46	1710.37
1.73	1086.67
0.93	159009.01
1.81	5855.14
1.83	8164.48
1.23	23222.49
1.39	3070.0
1.39	29940.56
1.63	28099.9
1.43	77718.63
1.46	906.67
1.14	661787.82
1.13	606612.51
1.35	70.0
1.67	1280.49
1.1	13176.39
1.47	576.67
1.63	70.0
1.72	1142.28
0.95	48097.17
1.94	40.0
1.28	39676.01
2.03	1147.19
1.24	18430.6
1.86	830.0
1.06	364155.91
1.19	85161.38
1.09	869917.39
1.12	119007.61
1.67	1060.0
1.03	40092.42
1.57	0.0
1.08	600155.95
1.11	437763.9
1.3	1795.1
1.43	110321.07
1.46	985.63
2.02	502.09
1.63	2067.37
1.82	564.2
1.01	3783261.16
0.78	60498.92
1.68	2528.08
1.88	0.0
1.96	46.67
0.96	41015.0
1.05	67176.21
1.29	54572.39
1.25	41185.7
1.58	11975.99
2.04	0.0
1.07	37036.33
1.92	970.09
1.13	584086.31
1.5	57909.74
0.88	51686.05
1.65	2226.01
0.92	776961.13
0.91	18045.98
1.26	20460.51
1.58	0.0
1.82	242.37
1.1	535973.53
1.79	827.49
1.76	486.67
1.16	581899.23
1.05	52490.37
1.27	145982.99
1.82	743.33
1.17	465764.93
1.49	1111.4
1.83	3184.13
1.24	64180.88
1.61	1863.34
1.28	60376.64
2.07	169.72
1.22	27287.24
1.2	43920.24
1.85	2038.09
1.07	9000.16
1.36	249848.32
1.28	40204.96
1.76	0.0
1.12	83728.75
1.33	88587.5
1.48	818.95
0.93	301831.12
1.03	14557.79
1.59	9686.67
1.15	576.19
1.43	19783.32
1.24	79057.76
1.25	174864.87
1.2	593192.94
0.77	99272.95
1.8	8.42
1.27	79197.97
1.6	5310.04
0.95	33834.13
1.3	41312.0
1.75	1616.67
1.86	447.34
1.31	8379.98
1.12	34911.7
2.18	1855.37
1.06	7021.56
1.75	2827.17
1.2	45407.51
1.09	25882.69
1.07	82123.56
1.57	10861.1
0.86	311497.6
0.76	79009.15
1.93	10139.17
1.2	63651.68
1.22	84232.28
0.85	63091.0
0.8	485540.3
1.56	0.0
1.21	940.0
1.48	13396.2
0.79	528432.48
1.11	70061.87
1.15	63370.36
2.03	1610.44
1.92	7327.18
0.57	43759.93
1.08	13721.17
1.32	55153.25
1.66	226.67
1.66	160.0
1.65	10971.43
1.02	87406.84
1.09	46939.57
0.95	41159.96
1.86	109.17
1.33	920108.45
0.99	284791.57
1.48	626.3
1.17	67025.83
1.83	541.37
1.72	425.97
1.63	8108.38
1.26	74925.07
1.56	450.0
1.86	137.18
1.39	6.14
1.17	15669.16
1.22	46298.95
1.16	78474.19
0.96	52515.07
0.98	185479.46
1.77	0.0
0.99	621425.86
1.5	54130.44
1.17	141430.43
2.03	40.0
1.02	20325.41
1.7	6214.8
1.1	429166.89
1.68	993.33
0.84	367627.51
1.46	224.99
1.01	18487.57
1.41	0.0
0.96	21536.82
1.18	66239.5
1.39	21264.28
1.6	4202.73
1.8	20.05
1.17	501415.01
1.48	13339.71
1.48	4776.8
1.9	953.13
0.77	63088.81
0.95	80513.03
1.01	89523.38
0.99	9170.82
1.51	148.87
1.27	321.28
1.23	56976.69
2.05	230.0
0.98	10648.23
1.98	10797.14
0.93	284383.05
0.97	33356.89
0.83	309850.06
1.86	2516.67
1.14	55240.3
1.5	34652.38
1.21	47516.81
1.32	327.43
1.54	9763.55
2.07	362.17
1.84	10259.64
1.29	889.16
2.05	1217.52
0.96	642307.0
1.16	67480.1
1.36	271636.2
1.22	1906.67
1.68	106154.26
1.98	2223.34
1.62	0.0
1.79	173.93
1.23	74840.49
1.65	12356.85
1.32	1981.96
1.56	1537.46
1.26	38822.26
0.99	85387.95
1.04	136935.61
1.94	776.67
1.45	19441.98
1.35	20622.28
0.96	26618.86
1.4	65306.48
1.37	322563.16
1.55	0.0
1.01	22501.23
1.07	24183.43
1.26	61457.2
0.96	49206.68
1.78	13.33
1.48	25661.06
1.23	100498.19
1.66	412.81
1.26	52816.05
1.12	539258.29
1.5	1193.33
1.59	1058.6
1.85	3940.16
1.36	240950.54
1.09	93312.94
1.69	2505.91
0.91	16191.77
1.04	28612.48
1.14	427635.3
1.69	1026.67
1.23	38167.83
1.6	20158.5
1.79	420.0
1.37	26311.76
1.18	58875.69
1.03	23654.01
1.79	588.89
1.15	397112.08
1.15	6557.06
1.02	4991625.82
1.23	48355.65
1.88	7293.16
0.83	504922.39
1.26	46984.0
1.47	139244.36
1.19	54288.7
1.93	350.0
1.24	22038.43
1.24	20651.92
1.65	0.0
1.14	685065.97
1.4	586.67
1.24	13453.15
1.59	1070.0
2.37	209.43
2.0	1370.78
1.17	1373.33
1.31	1106.67
1.47	3001.73
1.9	11330.12
1.6	1138.48
1.34	11083.16
1.9	5757.79
1.14	73161.82
1.24	65493.35
0.87	489000.2
1.95	24298.66
1.15	47138.07
1.02	47209.35
0.89	4216452.03
1.08	48936.21
1.64	102.84
1.46	17464.54
1.13	111602.1
1.69	1633.33
0.91	4867.26
1.07	634244.68
1.91	240.0
1.59	73.33
1.19	62470.83
1.48	1816.67
1.33	65783.96
0.91	64393.44
1.68	10126.62
1.82	499.65
1.44	8158.29
1.43	705.98
1.09	205299.64
2.05	1475.62
1.1	40496.17
1.7	1720.53
1.69	13128.9
1.19	666.67
1.09	31826.88
0.82	31807.96
1.1	88369.14
1.41	24355.9
1.43	94087.03
1.22	74523.35
1.87	1153.37
1.59	116.04
1.84	3682.71
1.21	687.09
1.44	17413.54
2.02	2606.66
1.55	176.66
1.35	2818.89
1.11	33606.78
1.55	986.67
1.72	80.97
1.03	12475.89
0.95	14899.79
1.74	447.76
0.98	45573.83
1.56	3357.62
1.02	8875.65
1.09	548306.36
1.12	535843.25
1.26	1722.92
1.46	100776.04
0.67	114044.25
1.48	2096.67
1.61	8675.25
1.58	30557.72
1.14	97513.23
1.13	13950.77
0.83	87201.1
1.91	1623.37
0.99	8986.06
1.5	6464.0
1.0	10210.07
1.85	485.59
1.53	351.88
1.0	20782.4
1.01	99704.49
1.5	1345.68
0.95	92800.41
1.28	397.58
1.6	113703.56
1.06	34430.38
1.15	12478.15
1.29	42271.23
0.99	32180.9
1.02	266174.79
0.93	48878.61
1.07	4584203.44
0.85	529675.01
1.93	6285.96
2.01	0.0
1.36	203.33
1.66	9484.68
1.01	177360.2
1.07	633893.61
1.57	1016.67
1.83	3231.69
0.74	100912.13
1.13	590750.1
1.44	26524.29
1.13	305406.51
1.11	53929.04
1.09	162930.64
0.58	84441.02
1.96	425.87
1.03	52400.81
1.72	765.64
0.93	26570.4
1.43	65741.52
0.99	7800.04
0.92	751408.06
1.27	3278.23
0.92	62873.75
1.02	10970.85
0.99	55878.32
1.03	298568.77
1.21	10498.84
0.7	76595.17
1.08	49343.56
1.9	1035.28
1.34	47.86
1.4	77364.54
0.98	48181.83
1.25	52877.17
1.18	66015.29
1.8	8577.16
1.83	670.42
1.36	2993.33
1.38	24340.17
1.19	15525.47
1.43	687.72
0.83	10619.03
1.7	460.0
2.35	3.33
1.19	47856.09
1.22	4177.16
1.65	853.88
1.22	55747.85
1.14	39235.2
0.99	10054.67
1.01	106687.47
1.4	23576.67
1.2	1413.33
1.04	390.0
1.43	23664.27
1.46	700.0
1.74	843.33
1.35	34559.23
0.94	37775.36
0.98	37453.09
1.53	4150.64
2.14	553.88
1.12	45534.11
1.25	14034.79
1.79	4802.56
1.7	13506.71
1.48	4177.3
2.15	840.32
1.02	412779.64
0.95	35319.62
1.08	21886.31
1.57	911.62
1.26	142515.32
1.35	3613.34
2.09	928.27
1.84	10505.17
1.54	1007.5
1.07	624533.81
2.02	1304.71
1.04	19742.24
1.32	784229.51
1.88	6832.43
1.4	27009.47
1.09	293708.39
0.9	60782.86
1.04	25453.84
1.94	31416.66
1.1	92113.02
1.27	306199.58
1.83	1001.27
1.25	34725.57
1.45	12937.47
1.03	4696224.79
1.61	7765.49
0.98	18968.55
1.17	45911.51
1.32	72234.63
1.95	1236.67
1.4	14958.78
0.93	39914.62
0.91	25000.22
1.06	20976.26
0.99	40641.55
1.19	44329.03
1.48	1003.67
1.78	122.05
1.03	12192.59
1.94	2427.51
1.14	55432.55
1.19	110537.43
1.19	16151.43
0.82	505843.61
0.97	46934.42
1.61	0.0
0.83	670637.73
0.82	102573.93
1.75	726.67
1.51	1136.67
1.9	872.07
1.16	79508.59
1.43	149767.8
1.3	434.23
1.14	152425.4
1.26	20733.73
1.09	4322985.19
2.07	856.67
0.97	45099.87
1.35	1710.41
1.68	263.33
2.0	2316.67
2.72	25.15
1.36	902141.63
1.95	2071.25
1.77	712.86
1.85	535.16
1.63	3884.86
1.22	27526.1
1.21	24140.96
1.78	453.33
1.13	503612.64
1.47	257.61
1.32	310.62
1.1	33423.74
1.1	279127.08
2.21	3556.64
1.41	7340.01
0.97	10740.29
0.76	62375.69
0.96	17859.26
1.05	21845.65
1.24	56259.03
1.22	9186.93
1.2	642966.9
1.69	2656.66
0.91	48562.08
1.41	9244.74
1.9	38815.66
1.43	300933.75
0.98	4789.54
1.53	28383.81
1.8	523.33
1.49	311.5
1.1	617211.53
1.29	1773.33
0.8	60158.3
1.83	849.67
2.39	336.05
1.8	1014.62
1.73	2153.91
2.18	423.83
1.17	208470.99
1.09	46596.12
1.24	1208641.02
1.55	40.19
1.78	208.32
1.18	165696.58
1.23	17192.87
1.11	37689.45
1.65	4375.45
1.84	429.93
1.04	3978636.9
1.46	8956.09
1.44	953.33
1.78	1622.73
1.07	34793.39
1.76	1525.28
1.19	211787.29
1.68	416.25
0.99	41191.91
1.18	59269.38
1.5	903.33
1.6	120815.93
1.14	281135.85
0.89	14963.96
1.09	36884.35
1.48	371.89
1.49	1043.8
1.88	7333.91
1.94	181.58
1.57	30.0
1.48	4886.67
1.16	175047.15
1.0	71610.52
1.56	5736.66
1.57	2298.67
1.6	20700.55
1.05	9084.99
0.87	16360.12
1.89	960.65
1.63	7842.57
1.19	85065.22
1.57	2783.85
1.89	66.67
1.49	24530.1
1.8	296.67
1.79	1013.33
1.15	66789.41
1.49	4626.67
1.59	350.0
1.0	38180.88
0.68	99456.4
1.65	7953.81
1.43	248.46
1.76	8437.2
1.67	246.67
0.97	33748.18
1.7	1069.13
0.83	1091768.68
1.14	42153.1
1.54	18437.84
1.55	2083.33
1.38	2107.63
1.9	5839.02
1.79	3298.64
1.11	269498.52
1.04	5094263.38
1.19	71232.22
1.9	6163.83
1.75	1304.45
1.41	85503.15
1.75	13061.1
1.19	19393.09
1.44	71408.88
0.97	49833.55
0.91	43392.69
1.75	1346.67
1.84	948.1
1.87	6604.13
1.09	175771.39
1.07	67207.35
1.23	828.81
1.83	3388.91
2.05	43.33
1.12	35990.35
0.58	93116.34
1.22	30388.81
1.31	984678.78
1.19	76907.65
1.74	471.04
1.9	126.66
1.05	248699.54
1.2	38940.45
1.24	806.67
1.25	36164.82
1.02	54335.47
1.79	300.0
1.47	1387.45
2.0	2735.75
2.14	4172.71
1.11	52569.78
1.19	89235.28
0.83	271596.41
1.12	6090.51
1.89	490.0
1.12	57600.88
2.01	0.0
1.06	9979.87
0.99	47869.19
0.95	29475.24
2.05	116.67
1.24	47530.56
1.78	1363.5
1.61	8139.62
1.07	27937.4
1.11	34402.17
1.59	5154.29
1.16	95539.75
1.36	70982.41
1.78	1715.56
1.17	66986.23
1.79	5274.7
1.21	82293.47
1.18	87738.34
1.84	1609.25
1.04	147268.25
0.98	56099.0
1.83	1096.03
1.36	23944.66
1.44	444.17
1.77	2095.37
0.89	503.27
1.38	645.46
0.77	125836.94
1.18	228539.44
1.05	38372.75
1.81	775.67
1.23	108668.74
0.95	46587.15
1.4	18497.02
0.96	10553.73
1.13	59160.36
1.86	2658.92
1.96	1192.05
1.89	452.0
1.64	189.77
1.49	99537.47
1.69	3201.03
0.98	62286.69
1.5	1050.0
1.66	7.43
1.52	713.13
0.95	35793.08
1.33	19816.85
1.5	823.33
1.97	38338.21
2.27	532.99
0.86	61098.51
1.43	130734.4
1.33	10297.68
1.65	2156.74
1.0	62564.22
0.94	86046.25
1.78	7.37
1.4	1073.33
1.0	64042.6
1.6	11522.75
0.84	101477.9
1.43	740.07
1.59	1731.87
0.76	91530.77
1.07	60381.95
1.5	293.33
1.37	26714.31
1.61	393.33
1.98	964.68
1.68	1226.67
1.96	0.0
1.13	682203.72
1.08	38999.96
1.21	46687.25
0.93	24024.17
1.64	3811.9
1.45	0.0
1.37	1010.0
1.02	94581.94
0.78	554563.94
1.28	287710.54
1.19	59731.74
1.17	45878.25
1.81	2398.05
1.29	8541.34
0.99	14925.09
1.45	113575.79
1.3	69048.81
1.48	129.01
1.03	61569.83
1.75	485.16
1.05	85604.19
1.1	34091.52
2.32	1619.34
1.83	3227.1
1.12	62198.85
1.22	513647.72
0.95	94185.46
1.17	3311.77
1.9	8738.86
1.35	25535.8
1.79	5857.07
1.67	373.33
0.98	20609.55
2.03	2111.17
1.19	35448.13
1.05	39017.24
1.73	1156.67
1.83	1500.39
1.08	21117.47
1.26	846.67
2.07	1294.18
1.82	133.33
0.91	59972.02
1.29	212064.73
1.89	37812.35
1.08	286268.48
0.81	676325.88
1.03	47913.55
1.78	140.0
1.43	283.33
0.91	89516.93
1.28	19943.33
0.95	587462.99
1.39	1115.81
0.8	97727.08
1.36	473.33
1.04	89297.42
0.79	533597.59
1.03	735.94
1.17	307494.33
1.26	93761.35
1.6	1719.12
1.71	123.33
1.15	58791.05
1.25	106.67
0.85	292423.13
1.23	54049.06
1.24	88341.96
1.84	498.62
1.54	587.68
1.93	143.33
1.69	2786.79
1.72	532.64
1.15	60173.56
1.53	189.66
1.26	42655.4
1.73	16.67
1.1	21300.25
1.62	60.0
1.2	750.0
1.18	7514.21
1.1	218715.85
0.99	7953.8
1.95	7728.2
1.75	2.95
1.12	81.41
1.22	13587.31
1.77	1567.31
1.71	1516.55
1.19	607923.59
1.3	63206.71
2.16	679.44
1.31	320.0
1.62	268.77
1.29	38771.73
1.37	0.0
1.78	1090.0
1.79	577.41
1.81	457.58
1.24	963.33
2.4	348.55
0.95	27376.3
1.24	41625.86
0.84	492713.56
1.05	67097.27
1.26	855.76
1.06	37920.39
1.93	8855.52
1.23	25674.73
0.96	7174.6
1.36	563.33
1.16	103615.95
1.65	263.33
1.34	20.0
1.42	263.35
0.94	24437.2
1.77	529.83
1.44	290.0
1.68	158.56
1.61	5680.18
1.03	12095.19
2.11	1093.68
1.68	883.07
1.54	303.33
0.93	14831.2
1.23	18229.35
1.53	604.66
1.79	86.67
0.9	1090140.07
0.98	11317.29
1.16	8918.0
1.0	27888.28
1.68	3210.67
1.64	1235.94
1.08	35778.37
1.15	16460.65
1.87	696.67
0.9	58695.06
1.19	51568.09
1.88	1027.09
1.05	39600.08
1.35	2266.67
0.91	121155.5
1.92	2616.67
1.81	1073.33
2.75	12.94
1.2	24098.62
1.1	42292.09
0.99	47242.5
2.3	396.42
1.2	209761.81
1.17	33251.65
1.11	11697.02
1.03	62434.86
2.06	0.0
1.12	40596.31
1.1	92319.38
1.13	22961.86
1.36	243186.43
1.25	90074.05
1.98	96.67
1.59	12.85
1.76	872.04
1.68	8327.94
1.11	44927.07
1.19	28761.81
1.01	12423.77
0.75	72198.16
1.46	3427.73
0.8	536034.76
1.19	66368.31
0.66	92028.11
1.52	43419.67
1.65	213.33
1.7	1780.0
2.17	30.0
0.95	598705.08
1.12	24499.24
1.5	0.0
1.03	43009.49
1.02	25431.9
0.92	57100.55
1.4	176.67
1.08	1119.18
1.04	67111.69
1.05	35745.05
1.27	349.52
1.17	77244.93
1.06	66416.56
1.35	2261.83
1.44	55232.63
1.94	1168.46
0.96	255279.65
1.81	2717.23
1.86	26332.17
1.3	1129604.18
1.24	19135.05
1.05	53610.63
1.46	5195.47
1.81	163.33
1.34	1154091.74
1.02	75666.22
1.11	560370.06
1.02	38692.25
1.54	303.33
1.58	8069.35
0.98	30612.06
1.42	1936.67
1.95	7413.9
1.05	22104.1
1.19	9182.63
1.2	1148604.15
2.21	3911.08
1.11	31628.56
1.05	8335.04
1.22	780.0
1.57	1002.65
1.99	2140.52
1.67	1213.84
1.49	23840.42
1.02	53587.7
1.39	523.98
0.89	11070.08
1.11	91891.14
1.11	82905.34
1.38	71990.67
1.09	37465.78
1.02	17099.64
1.0	23209.55
1.11	20313.48
0.75	269524.6
0.96	6345.82
1.25	986.67
1.68	1326.67
0.79	497106.16
1.49	12622.36
1.09	74758.21
2.31	2885.7
1.29	62627.47
1.54	346.67
1.65	171.61
1.32	69313.52
1.69	106.67
1.54	124419.8
0.94	111019.22
1.84	32381.03
1.05	138777.63
0.94	336537.82
1.07	19540.62
1.72	0.0
1.07	97207.43
1.63	279.31
0.76	35086.04
2.01	7988.73
1.76	1489.46
0.96	33867.0
2.03	1531.6
1.03	419558.97
1.26	466.67
1.17	92518.95
1.23	592.32
1.39	12139.04
1.01	22680.26
1.83	1823.41
0.63	67727.1
1.71	4076.52
1.14	4860.43
1.93	1346.0
0.98	685992.88
1.19	56450.56
1.3	420.0
1.79	39361.95
1.82	270.0
1.34	47513.51
1.12	40996.42
2.73	15.75
1.2	93206.17
1.44	406.67
0.95	53494.15
1.44	468.9
2.04	0.0
1.85	392.91
1.81	1393.33
1.0	68114.97
1.0	71332.39
1.08	12114.64
1.19	489650.49
0.82	547333.33
0.87	1404012.0
0.98	340717.96
1.38	140.0
0.98	62702.44
1.14	223134.82
1.53	9.35
1.19	149987.55
0.79	71467.17
1.59	495.93
1.9	2761.88
1.06	41514.45
1.23	6.67
1.64	1663.34
0.95	66973.03
1.82	60.0
1.13	270142.84
1.68	345.04
1.53	0.0
0.85	851506.76
1.94	15.98
1.15	35311.93
1.22	44878.7
0.92	4854619.04
1.68	3213.79
1.33	1158.45
1.21	11761.63
1.79	3452.69
1.14	529779.37
0.73	88480.13
2.16	0.0
1.4	129470.64
1.27	1943.33
1.01	731843.74
1.59	73.33
2.17	290.72
1.47	12321.55
0.95	4022474.85
0.97	51350.08
1.7	2384.32
1.9	990.0
1.38	5516.67
1.01	1634.01
1.85	190.0
1.05	524767.96
1.04	39738.53
1.14	58373.46
1.97	925.39
1.1	335249.25
0.99	36956.49
2.02	427.6
2.1	232.94
1.85	122.1
1.12	606392.86
1.14	61035.96
0.99	7596.64
1.88	533.33
2.11	19683.26
1.36	16474.25
1.06	42969.44
1.66	273.33
1.88	6958.65
1.79	1239.96
1.15	42126.47
1.11	61862.57
1.22	48082.12
1.5	560.04
1.83	0.0
1.0	40495.12
1.66	76906.18
1.0	31968.47
1.84	1451.1
1.81	20.0
1.94	736.96
1.48	2919.87
0.81	478366.44
1.01	52556.0
1.3	49356.2
1.01	34098.54
0.98	34877.55
1.85	16.67
0.99	333.33
1.23	48619.54
0.94	304882.47
0.92	235274.47
1.24	63018.58
0.81	555356.92
0.93	359145.48
1.04	709163.29
1.13	64229.19
0.67	67959.08
1.28	486.67
1.66	1035.3
1.16	161564.81
2.0	1274.26
1.88	21379.79
1.17	124129.03
1.23	80088.91
1.02	4583726.82
1.66	20005.46
1.48	11710.97
1.54	0.0
1.18	62948.16
1.42	953.33
0.96	11312.69
1.5	6478.55
2.31	509.09
0.96	596184.9
1.03	279700.22
2.07	430.02
1.49	233.33
1.55	10793.27
1.12	33593.74
1.57	1872.45
1.54	84459.27
1.7	9824.23
1.81	3645.87
0.8	92853.6
2.01	25235.11
0.75	165202.22
1.7	19831.56
1.09	84625.03
1.33	117744.63
0.98	48200.04
1.64	206.67
1.83	418.21
1.1	570728.54
0.75	82335.29
1.72	490.68
0.53	94240.24
1.35	3353.33
1.37	119498.18
1.24	40518.51
1.92	43257.15
0.81	76463.29
1.33	0.0
1.02	41822.44
1.21	1120295.45
1.15	611440.68
2.24	2063.66
1.32	1166.67
1.67	12393.86
1.62	1620.87
1.91	6713.64
1.96	13574.24
1.15	355763.19
1.24	99942.37
2.0	6281.48
1.51	613.33
0.7	74460.15
1.01	51959.11
1.24	89276.61
1.55	342.37
1.31	76252.85
1.66	0.0
1.39	602.03
2.23	201.54
1.33	8489.1
1.65	640.0
2.02	157.17
0.88	57577.21
1.59	979.54
1.07	42995.09
1.19	108838.11
1.34	370.98
1.06	521004.15
1.74	1978.73
1.7	126.67
1.87	6625.22
1.16	12000.07
1.54	110.08
1.45	655.55
1.56	14.56
1.18	68114.58
1.52	10769.73
1.51	1206.67
1.15	131904.74
0.6	62666.63
2.11	1083.02
1.95	9332.84
1.01	4275071.46
1.0	81667.0
1.62	403.33
1.5	450.74
1.18	36798.65
1.03	24769.87
1.9	4904.42
1.22	87880.67
1.22	23701.08
2.08	835.05
0.98	22090.48
1.97	1590.0
1.58	1812.85
1.42	1076.67
1.18	119723.88
0.91	23996.08
1.68	153.33
1.06	36567.48
1.06	53115.57
1.66	305.46
1.35	29663.19
0.97	64830.87
1.1	10906.3
1.15	15247.78
1.09	53742.31
1.09	38914.95
1.02	4400469.38
1.29	860636.05
1.8	1006.67
1.66	938.41
1.74	1116.34
0.92	430.0
1.31	923.06
2.45	43.33
1.12	71627.03
1.36	17485.6
1.14	21066.55
1.88	1456.2
1.47	1339.92
1.69	400.0
1.79	238.07
1.67	109859.75
1.82	0.0
1.68	5303.01
0.99	3930198.18
1.68	136.67
1.48	481.82
0.91	37274.27
0.93	34448.65
0.98	33450.14
1.08	4318010.6
1.78	1263.69
0.97	23520.19
2.26	409.45
0.89	689893.69
1.09	6510.61
0.82	95284.48
1.17	46710.57
0.94	1243.33
1.13	82898.73
1.2	30968.84
1.1	36718.01
1.92	103.33
1.68	6944.31
1.73	916.67
1.92	2335.43
1.81	773.33
1.18	535183.95
1.49	394.95
1.39	548.86
0.95	544939.22
0.76	67857.83
1.03	179544.36
1.17	78169.59
1.63	813.33
1.05	17271.72
1.64	17758.89
1.19	11954.51
1.86	216.67
1.93	1307.83
1.53	0.0
1.22	1256.67
2.09	177.14
0.96	53623.47
0.92	17035.73
1.77	1041.5
1.7	238.92
1.43	26285.43
1.93	689.13
1.67	1119.57
1.55	3240.12
1.41	8470.51
0.9	268104.31
0.9	68626.59
1.2	62884.77
1.09	45108.48
1.26	7114.14
1.05	7420.09
1.77	91117.47
1.44	102101.2
1.73	760.0
1.29	45098.53
1.54	12165.94
1.87	533.33
1.7	9238.64
1.26	61054.23
1.0	16707.15
1.55	2000.11
1.22	78241.87
1.0	325850.0
2.21	223.33
1.85	796.67
1.7	10565.6
0.81	476249.64
1.17	97214.15
1.19	78409.83
0.98	9468.95
1.08	23520.54
1.56	7809.79
1.08	44919.71
1.03	10601.02
1.0	20668.0
1.09	669970.5
0.75	82932.85
1.58	211.24
1.44	22762.11
1.96	530.89
0.72	90708.11
1.38	463.33
1.05	4342839.06
2.21	0.0
1.09	85793.27
0.9	357387.32
1.25	28512.46
1.56	6065.55
1.01	181763.3
1.66	3985.13
1.25	20561.48
1.53	14690.68
0.96	527358.78
1.81	570.0
1.83	1007.8
1.22	782209.83
1.87	1390.65
0.84	515386.4
1.0	4153477.6
1.79	1141.26
1.97	100.0
1.62	1527.82
1.63	580.13
0.99	14261.06
1.06	227.71
2.05	1150.38
0.53	76637.06
1.76	1206.67
1.26	7946.78
1.04	11289.8
0.9	258913.25
1.12	48817.84
1.02	61701.18
1.67	5498.57
1.36	266450.36
1.09	591629.83
1.18	66816.09
0.98	40849.99
1.51	9256.24
1.13	70487.95
1.21	56579.05
1.15	9950.38
1.37	0.0
1.0	39787.55
1.87	656.67
1.44	170.0
1.88	960.79
1.23	721415.51
1.06	36900.28
1.92	223.33
1.24	23192.65
1.36	46762.42
2.16	256.67
0.81	67264.73
1.15	69607.77
1.82	6064.35
1.26	83281.81
0.56	81585.03
1.2	64691.49
0.79	79670.22
1.25	44694.9
1.72	3619.99
1.19	71195.89
1.23	10044.46
1.6	1373.92
1.17	45775.86
1.68	393.33
1.55	3888.43
1.75	8480.4
1.37	103.33
1.93	884.43
2.71	50.47
1.77	2054.91
1.26	1416.96
1.05	44672.22
2.06	7947.15
0.97	35941.12
1.18	552075.78
1.54	248.27
1.96	6942.55
1.32	118815.58
1.47	1952.22
1.27	222163.1
1.41	690.0
1.4	24061.39
1.48	654.23
0.93	279355.95
2.0	1837.81
1.32	36423.45
1.65	3504.58
1.41	13839.08
1.11	688965.8
0.96	48127.04
1.55	467.11
1.19	371.08
0.98	49819.37
1.03	21259.82
1.79	1245.45
0.76	84065.18
1.06	55171.77
1.06	632903.55
2.3	1242.18
1.11	25464.02
1.65	240.0
1.22	316975.34
1.44	1693.33
1.2	8983.07
0.74	530629.47
1.97	151.3
0.99	48605.95
0.84	705333.64
1.66	2437.78
1.66	4225.93
1.79	326.67
1.17	110774.35
1.37	256581.76
1.16	185973.17
1.79	490.21
1.16	26555.99
1.66	1580.0
1.54	5954.54
1.29	1111.58
1.25	79510.48
1.53	696.67
1.04	162093.57
1.55	6.18
1.2	97960.94
1.88	70.0
0.79	97144.19
1.18	11944.24
2.03	1852.54
2.04	112.09
1.53	8789.9
1.33	88603.82
1.45	258642.39
1.23	88847.94
1.95	220.0
1.55	51.94
0.97	55623.32
1.15	810060.6
1.44	286.67
0.74	962784.81
1.8	300.0
1.1	35121.9
1.11	383854.11
1.15	42423.09
1.8	277.57
2.03	0.0
1.24	19605.39
1.26	1133.33
1.6	5723.59
1.25	33996.73
0.73	70785.25
1.14	500704.88
1.22	0.0
1.17	115538.05
1.48	179887.47
1.1	68585.03
0.65	92499.06
1.95	6262.97
1.53	78843.03
0.97	65864.81
1.04	80177.95
1.05	24290.08
1.2	16753.47
1.92	1457.97
0.92	50530.52
1.12	152716.4
1.16	295183.36
0.99	33031.72
1.13	417038.17
0.97	53326.63
1.05	10358.52
1.49	3769.66
1.56	25092.76
0.76	600933.14
0.99	221484.44
1.1	65345.24
0.82	72717.86
1.48	70.0
1.12	38196.57
1.27	690.0
0.98	4618389.66
1.3	6093.84
1.06	543231.71
1.02	164176.14
0.97	55850.56
2.01	5374.98
1.42	450.0
1.69	27679.02
1.79	290.0
1.84	865.0
0.81	433.31
1.22	86751.2
2.12	15096.04
2.01	179.5
1.62	472.88
0.99	50954.84
1.16	63206.25
1.38	88980.0
1.05	12114.63
1.37	400.0
1.2	87050.05
1.8	1451.44
1.67	1265.11
1.06	44863.79
1.5	0.0
1.36	17940.65
1.84	103.33
1.0	88261.0
1.97	26318.59
1.03	50621.03
1.52	74724.61
1.66	260.0
1.73	2635.69
1.28	30541.64
1.07	23837.01
1.0	71807.0
1.83	296.67
1.03	11836.73
1.18	62233.36
1.84	1787.63
1.09	706707.82
1.88	2564.03
1.8	1258.58
1.36	55593.12
0.75	662252.69
1.43	416.28
1.26	48450.54
1.25	23658.13
1.16	67361.2
1.49	243.33
1.84	166.14
1.89	436.67
1.89	36137.11
2.04	1338.6
1.12	23118.99
1.21	9906.76
1.8	10403.58
1.59	4069.12
1.22	69022.62
2.0	2373.48
1.06	71429.27
1.0	377999.41
1.47	7027.42
1.23	37653.91
1.21	672883.2
1.1	46345.26
0.91	553682.71
1.17	201874.28
1.39	69919.0
1.27	903840.54
0.87	22010.51
1.15	76846.13
1.82	2167.95
1.36	59129.49
1.74	111.28
1.65	1080.0
1.55	884.72
1.9	968.39
1.07	22478.92
2.11	590.0
1.54	1330.0
1.12	46809.56
1.21	16364.8
1.42	106844.49
1.85	1263.33
1.79	679.05
1.54	6963.33
1.13	33656.42
1.14	46023.59
1.07	468148.29
1.47	12209.65
1.72	1393.7
1.03	391454.61
1.98	1688.46
1.92	18247.64
1.3	73411.19
1.08	16116.33
1.1	63208.06
1.87	140.51
1.93	6759.94
1.99	29487.98
1.27	60622.57
0.96	38487.7
1.68	749.71
1.14	72040.69
1.89	8.45
1.25	33429.62
1.86	850.43
1.86	3218.27
0.78	356360.42
1.59	2153.7
1.45	765.02
1.21	126835.7
1.55	0.0
1.06	5690216.31
1.48	4056.54
1.54	1336.27
0.99	17060.74
1.25	498.8
2.0	5025.6
1.84	260.45
1.0	56426.31
1.66	7911.72
1.17	75599.35
1.0	26395.24
1.94	19658.12
1.11	249204.48
1.51	26778.29
1.45	4334.74
1.11	49595.75
1.52	3203.34
0.88	843691.13
1.89	106.67
1.37	1626.67
0.99	8196.81
1.05	48318.35
1.23	83231.2
1.71	289.54
1.31	6211.9
1.85	554.0
2.08	1327.19
1.68	9733.63
1.42	27327.57
1.22	19289.35
1.62	123.34
0.93	273223.43
1.1	197249.71
1.66	616.67
1.14	73781.04
2.02	2077.18
1.13	41738.23
1.83	6664.25
1.29	1170.0
1.17	473339.3
0.81	38773.41
1.14	156660.8
1.49	1160.0
1.8	0.0
1.66	113122.37
1.65	393.33
1.15	91612.66
1.73	12660.01
1.06	10103.35
0.82	103511.91
0.99	7992.82
1.94	187.0
1.31	728.62
2.06	31.44
1.08	65239.69
1.3	58885.65
0.97	30931.87
1.15	70666.71
1.88	5894.15
1.17	48621.59
1.23	62053.65
1.44	95743.68
1.87	450.0
1.97	800.91
1.81	197.92
1.11	38140.59
1.52	7122.71
1.07	88768.47
1.25	67565.11
1.33	38984.8
1.63	1670.0
1.37	1480.83
1.04	292786.5
1.51	25469.5
1.87	1282.32
0.79	69845.31
1.23	31488.54
1.02	38515.75
1.11	572197.46
1.7	4414.82
2.21	552.93
1.09	51105.07
1.24	13712.24
1.16	257.15
1.86	72.11
1.65	726.67
1.37	15613.33
1.73	885.45
1.74	216.67
1.09	100107.79
2.34	1124.85
0.95	27175.41
1.19	5440.56
1.61	316.67
1.65	153.33
2.17	4817.98
1.86	222.09
1.11	89685.43
1.29	3881.69
1.0	20934.8
1.28	4206.67
1.55	2706.67
2.3	581.61
1.33	8603.62
0.95	42719.72
0.95	20470.74
1.43	694.27
0.78	73763.41
0.7	126508.62
1.21	57583.99
1.52	2688.57
1.25	352.36
1.26	19166.04
1.49	6579.3
1.56	1663.91
1.06	609139.49
1.12	40431.73
1.81	225.84
1.41	24984.5
1.11	82779.56
1.43	663.33
1.74	3484.04
1.56	2310.35
1.56	17280.89
1.56	690.0
1.39	2013.34
1.91	2661.17
1.59	926.69
1.25	1100.0
1.57	4216.42
0.99	16302.79
0.98	226956.87
1.13	10816.15
0.74	68233.56
1.13	717654.81
1.79	40.54
1.41	12992.81
1.02	76701.28
1.33	19134.05
1.93	2441.34
1.57	2603.33
0.94	54422.22
1.94	0.0
1.87	210.74
1.17	69371.63
1.17	76930.85
1.23	38066.02
1.46	8501.63
1.49	995.08
2.06	1455.69
1.32	257688.23
1.55	538.73
1.13	30547.62
1.4	6741.71
1.66	4163.33
1.29	34300.9
0.78	78779.54
1.06	38541.74
1.5	1812.94
1.95	3.11
0.96	326312.25
0.94	313898.03
1.03	56304.95
1.19	5747.78
1.1	645890.25
0.71	109552.23
1.02	39017.62
1.01	81157.38
0.95	47217.11
1.13	275520.16
1.4	17633.33
1.08	358087.94
1.16	220904.35
1.07	6358.04
2.36	0.0
1.53	1378.92
1.79	853.33
2.06	1222.9
1.53	0.0
1.46	694.95
1.07	26632.49
1.01	45163.77
1.02	88288.73
1.65	22422.37
1.33	73789.73
1.91	99.38
0.82	633029.23
1.76	777.4
0.98	554224.64
1.93	833.46
1.01	46679.86
1.46	665.15
0.8	71977.68
1.57	203.33
1.61	1498.53
0.98	41606.59
1.51	624.33
2.12	0.0
0.97	38505.18
1.5	3546.98
1.55	29923.22
1.08	44279.02
1.43	20545.66
1.92	86.67
1.48	9653.34
2.24	625.24
0.98	469624.9
1.56	952.55
1.58	1466.67
1.38	4594.21
1.77	10022.12
1.24	15354.4
1.07	214.52
1.4	1246.78
1.27	61102.87
1.56	0.0
1.25	29737.38
1.24	856.67
1.65	173.33
1.07	46290.32
1.59	156.67
0.89	5005077.36
1.08	111289.42
1.95	3.33
1.87	546.67
1.04	453829.96
1.0	11607.93
1.44	3914.61
1.76	0.0
0.79	683943.14
0.98	5893641.72
1.36	444.05
1.3	58293.14
2.74	54.35
1.98	1195.75
1.61	16977.16
0.8	58126.59
1.19	61759.57
1.91	7839.19
1.03	1193.33
1.45	90.0
0.94	25896.73
0.95	26854.75
1.23	72532.18
0.87	63264.46
1.05	57884.58
1.28	35069.71
1.78	11094.73
1.1	40505.16
2.01	3.33
1.55	2631.39
1.92	7881.42
1.89	610.36
1.77	2214.78
1.01	65842.08
1.31	813.33
1.06	94742.82
1.46	223.33
1.28	815705.91
1.86	513.33
1.08	40777.1
1.48	18624.73
1.09	47637.88
1.04	18091.92
1.15	196076.34
1.73	8602.73
0.97	35733.99
1.84	253.79
1.49	169302.64
1.12	99789.03
1.04	5803954.33
1.01	42743.96
1.18	115288.63
1.69	245.23
1.23	21335.31
2.12	898.28
1.1	21434.49
1.81	557.56
1.13	47039.78
0.82	59751.0
2.02	1053.56
0.89	579412.5
0.93	14952.36
1.59	2009.96
1.11	237398.61
2.02	910.69
1.82	680.95
1.8	803.33
1.98	0.0
1.09	50606.6
1.05	173537.66
1.01	47733.95
1.43	1240.08
0.83	58142.73
1.86	2490.46
1.48	663.33
1.2	78393.26
1.06	115646.75
2.09	732.35
1.95	15.58
1.61	9184.42
1.08	137146.07
1.08	34385.71
1.53	5696.67
1.68	403.33
1.27	14684.19
1.49	688.44
1.05	69674.41
1.9	2151.8
1.34	95473.84
1.09	65594.58
1.3	12529.65
1.26	6387.39
2.03	1251.54
1.74	1601.85
1.65	986.67
1.41	1738.64
1.67	6931.2
0.72	62414.66
0.83	478669.38
1.82	896.67
1.7	0.0
1.82	4845.77
1.22	106616.53
1.69	0.0
1.96	1390.22
1.85	9093.05
1.34	433.33
1.78	286.67
0.77	107320.39
1.42	560.0
1.93	2204.51
1.63	2330.23
1.6	1408.51
0.73	83840.62
1.48	1272.46
2.0	1166.16
1.67	100.72
1.82	157.36
1.33	25411.12
1.44	1243.33
1.36	7481.17
1.08	1443.33
1.23	212615.2
0.99	20732.64
1.39	42662.25
1.55	210.0
1.39	79026.53
1.78	121.72
2.13	1071.62
0.98	353188.52
0.98	36417.77
1.66	450.15
1.27	113541.34
1.16	60354.57
0.72	68487.04
1.7	1106.67
1.61	776.58
1.22	50509.85
2.11	1000.0
1.23	52956.4
1.12	80270.81
1.41	3050.0
1.22	73228.59
2.28	193.33
0.89	378048.56
1.84	476.34
1.35	1916.88
1.02	4336247.12
1.32	24277.64
1.74	12185.97
1.11	14361.09
1.18	502278.3
1.12	78819.75
1.38	55.39
1.63	1792.74
0.94	79396.05
0.67	88559.01
1.67	10564.51
1.14	109172.41
1.21	38323.44
1.02	7208.49
1.16	66557.46
0.99	31886.66
1.94	1248.93
1.1	111192.88
1.18	413603.79
1.07	48537.65
1.66	13759.4
1.36	1933.68
1.21	93.33
0.97	19990.04
0.88	39250.19
1.57	193.33
1.2	67743.53
1.09	17853.07
1.12	55625.9
0.88	50247.33
1.02	19499.39
1.52	84970.33
1.15	597061.79
1.69	5531.9
1.23	16690.52
0.98	6266.85
1.03	84821.85
1.82	2200.97
1.73	923.33
1.43	7070.87
0.93	61345.53
1.01	12082.22
0.97	496136.95
1.21	30325.33
1.38	20249.85
1.07	645013.13
1.21	57601.99
1.26	69293.36
1.07	25201.47
1.66	130.0
1.91	2134.4
1.01	43507.62
0.99	65839.19
1.16	21080.82
1.82	616.67
1.26	99122.66
1.17	79720.85
2.73	6.36
1.04	665157.51
1.01	358218.65
0.97	33447.51
1.75	993.33
0.67	77196.88
0.98	40435.38
1.66	566.67
1.0	457338.88
1.75	107593.62
1.53	456.67
1.05	47583.64
1.98	1036.36
0.97	13653.15
1.53	4327.63
1.05	976.03
0.9	16946.85
1.78	0.0
1.11	272767.32
1.54	973.33
1.82	1366.03
1.85	290.0
1.57	257.53
0.96	43815.6
0.89	71955.82
0.77	105522.18
0.97	16400.27
1.44	683.33
1.76	1183.33
1.1	546420.69
1.75	880.0
1.75	988.99
1.2	77073.51
1.01	104757.58
1.06	26727.66
2.08	203.33
1.12	27985.7
1.27	1099881.5
1.51	180.0
1.49	343.16
1.55	4761.67
1.15	693912.61
0.72	72504.8
1.85	397.37
0.99	14668.1
1.1	7568.92
1.2	9944.71
1.78	2102.2
1.83	590.0
1.33	1282.62
0.8	136560.04
1.83	1087.61
0.85	101618.63
1.84	414.55
1.55	2871.0
0.78	546260.44
2.11	0.0
1.58	23654.98
1.48	4474.56
1.39	88477.64
2.06	1217.99
1.21	8010.36
1.88	7204.04
1.24	60769.22
1.07	56333.05
1.06	130164.27
1.01	21132.1
1.41	9420.78
1.83	593.33
1.19	536.67
0.97	31037.22
1.92	751.27
0.9	492930.71
1.46	115068.71
1.18	701805.76
1.04	55908.92
1.5	27000.42
1.58	0.0
1.85	43044.39
1.08	141266.83
2.34	413.07
1.69	929.95
0.91	334560.23
2.12	21513.69
1.49	1220.47
1.04	61777.91
0.96	4647155.48
1.6	4219.94
1.34	433.33
1.59	4715.39
1.06	183727.03
1.15	75825.42
1.11	43924.89
1.0	50762.76
1.92	7044.08
1.33	846.67
1.25	25297.27
1.69	1824.88
1.13	49340.53
1.83	357.75
0.86	96417.63
1.03	2009.53
0.98	48219.72
1.14	45789.32
1.16	47631.34
0.93	39635.83
1.68	357.87
1.24	50818.2
1.01	25200.25
1.56	8466.32
1.88	196.67
2.06	11.87
1.84	2327.16
0.77	67518.45
1.07	65870.9
0.93	86878.25
1.48	46.73
0.99	24969.38
1.37	22674.58
1.74	2429.32
1.22	480.0
2.16	605.75
1.76	0.0
1.79	4884.75
1.55	555.08
1.89	952.3
1.1	300231.39
0.97	4058500.97
1.52	30802.1
1.09	47833.83
1.75	1357.91
1.0	80220.0
0.97	43108.21
1.45	622.67
1.52	3257.35
1.05	75517.04
1.69	1542.54
1.21	49967.0
1.81	3416.55
1.7	9247.13
0.98	30602.26
1.64	196.67
1.25	63103.19
0.94	29338.02
1.02	60468.24
0.8	65072.69
1.11	49373.24
1.08	99951.29
0.83	90392.86
0.96	32877.16
1.08	42223.65
0.9	124612.73
1.26	38303.2
0.82	78217.04
1.67	712.11
1.3	48058.5
1.46	1016.67
2.2	2360.24
1.03	51.55
2.01	2723.34
1.17	39640.65
0.73	126849.55
1.05	59094.49
1.88	8399.35
1.8	2437.52
1.52	40.0
1.25	73518.43
1.69	805.36
1.35	13761.61
1.36	2318.26
1.24	22617.48
0.93	13430.34
1.76	617.29
1.25	63701.43
1.45	521.01
1.75	1000.0
2.0	56.67
1.12	276258.81
1.86	2588.48
1.29	26023.27
1.69	286.67
1.14	722276.9
1.42	5101.55
0.87	12989.82
1.85	806.82
1.92	435.54
1.25	29215.6
1.95	7672.74
1.39	29646.67
1.32	52814.74
1.84	7384.28
1.36	129953.15
2.18	608.53
1.08	30724.37
0.97	21799.3
1.8	37344.72
2.31	116.67
1.21	68210.88
1.06	31833.66
1.02	18548.38
1.13	635124.32
1.05	17997.33
0.92	36573.68
0.9	38187.21
1.48	2188.22
1.36	5238.79
1.29	92385.74
1.91	181.25
1.22	6165.85
1.12	35662.93
1.73	1594.12
1.22	52100.42
1.85	33457.94
1.74	7351.98
1.69	156.67
1.94	755.69
1.16	916.67
1.83	2781.65
1.1	16686.17
1.53	1387.93
2.24	803.59
1.62	361.51
1.84	793.33
1.22	57879.61
1.65	1132.95
0.79	67880.28
0.96	19581.38
1.03	7469.51
1.77	2563.33
1.67	3236.44
1.06	39405.23
1.1	146143.41
1.51	340.0
1.58	117664.54
0.97	40189.17
1.31	290.0
1.42	278784.54
1.18	426.67
1.07	95585.38
1.05	30631.37
1.4	24363.82
1.02	33573.06
1.69	316.67
1.27	356.67
0.91	53908.72
0.85	36622.51
1.04	63454.14
0.95	34337.21
1.63	30428.94
1.94	1191.51
1.23	13949.01
0.97	62416.87
1.78	613.33
1.14	22405.47
1.68	13774.1
1.15	120360.39
1.24	10896.11
0.94	1061703.58
1.27	25006.34
1.33	57771.22
1.66	820.0
1.69	8993.07
1.15	38400.99
1.0	59907.03
1.06	21963.56
0.94	41075.95
1.91	353.33
1.81	12419.92
0.57	49271.61
1.97	76.67
1.37	580.0
2.14	193.49
1.13	56425.96
1.47	1217.54
1.65	17345.15
1.11	250.0
1.34	221731.33
0.97	61308.73
1.23	82689.93
1.53	8615.6
1.53	10203.56
2.19	1190.0
2.18	970.63
1.02	520299.26
0.94	30884.29
1.01	38263.99
1.45	102.78
1.15	41231.13
1.12	257340.06
1.27	14588.26
1.08	12820.37
1.11	13061.53
1.19	27849.27
1.27	34513.35
1.77	853.33
1.37	36.67
0.93	508576.86
1.66	1083.22
1.37	659.15
1.05	13594.7
1.05	57990.96
1.18	90447.44
0.95	26218.22
1.12	31315.29
1.03	75120.4
1.7	1150.42
1.39	43788.54
1.12	9376.01
1.13	78980.96
1.19	73864.52
1.33	24222.66
1.6	22516.44
1.44	1133.33
1.34	32561.81
0.97	27102.45
1.25	142574.63
1.03	1966.49
0.83	139670.52
1.85	346.97
1.02	178374.58
1.56	2138.25
0.97	142049.31
1.19	53589.8
1.92	2520.0
1.2	67519.53
1.51	30.0
1.25	5050.63
1.08	6081.88
1.99	1059.17
1.64	15174.85
1.58	70.0
2.58	3.15
0.95	43899.46
1.17	46375.55
1.47	0.0
1.64	306.67
1.94	7816.09
1.87	3.33
1.65	1233.27
1.5	990.0
1.17	30131.74
1.55	11107.69
1.33	1068.24
1.91	0.0
1.93	1395.77
1.97	2043.37
1.08	25798.74
1.33	1202.57
1.09	334423.95
1.01	16806.65
1.38	109196.16
0.92	74003.77
1.77	759.62
1.09	76994.15
1.03	409909.7
1.03	11760.83
1.03	14642.3
1.69	286.67
1.69	2122.8
1.76	2880.19
1.16	313845.53
1.56	81674.34
1.55	2421.04
1.01	400003.8
1.93	7552.02
1.62	5417.71
1.14	547611.8
1.05	119843.01
1.16	83581.46
1.84	83.33
1.91	2478.57
1.0	22228.47
2.1	219.99
1.59	346.67
1.17	168889.78
1.09	27053.27
1.66	166.67
1.32	71643.24
1.76	353.75
1.21	36258.03
1.29	1001.85
1.99	648.49
0.74	87444.74
1.59	113428.19
1.24	47579.68
2.07	0.0
2.09	301.04
1.71	518.36
0.85	556205.2
1.62	446.67
0.99	471729.89
1.72	18521.62
1.68	1443.33
1.15	65038.1
1.82	293.33
1.42	11261.32
0.99	19231.66
1.74	2947.28
1.31	48858.06
1.23	58121.16
1.49	25665.86
1.87	223.62
1.29	22377.48
1.93	455.03
1.02	58060.12
1.08	15903.95
1.63	223.33
1.16	80018.54
1.06	83101.65
0.98	33273.25
1.47	1176.95
1.18	109519.0
1.52	91.41
1.16	168224.2
1.44	674.59
1.6	2510.63
1.71	9205.1
1.18	52873.84
1.28	43963.77
1.0	32520.82
1.16	59227.5
1.13	22401.71
1.56	463.33
1.65	0.0
1.35	1562.95
1.45	203.33
1.75	326.67
1.17	82324.41
1.22	96.67
1.19	65842.25
1.52	116.67
1.13	52099.76
2.18	206.67
0.9	234219.02
1.87	190.0
1.87	1049.36
1.45	20726.4
1.31	64208.38
1.92	723.13
1.93	0.0
1.07	110637.01
1.62	346.67
1.83	846.67
1.92	5360.43
1.92	266.67
1.61	390.0
1.23	403.33
0.92	42234.77
1.0	68447.93
1.15	67842.39
1.55	835.86
2.12	24.55
0.81	380298.38
1.17	142543.88
1.05	4391461.66
2.25	462.31
1.48	3706.55
1.54	975.55
1.65	596.67
1.19	86455.56
1.2	136643.23
1.88	840.0
1.61	2681.68
1.36	4123.65
1.98	755.46
1.18	108756.94
1.93	28196.36
0.71	74017.75
1.89	753.33
1.66	9486.51
1.04	5619.44
1.44	23700.61
0.88	533040.93
1.04	83519.16
1.0	111301.27
1.18	260164.0
1.63	616.67
1.05	30258.12
1.88	4198.25
1.22	75867.61
1.12	830.0
1.6	1270.0
1.16	6934.43
1.87	333.33
1.91	1200.21
1.32	43660.75
1.77	751.37
2.24	1670.57
1.14	117906.6
1.53	5176.7
1.18	43324.61
1.27	52839.06
1.06	69335.51
1.2	57229.61
1.03	4096226.46
1.74	300.0
1.15	28888.74
0.99	34239.23
1.13	13658.51
1.89	847.11
1.47	1328.55
1.03	12347.11
0.94	19570.41
1.9	6108.64
1.92	270.0
1.47	631.97
1.62	0.0
1.34	843930.39
2.0	1249.86
1.81	386.2
1.59	72131.45
1.44	11660.76
1.8	53.33
1.09	33001.48
1.11	75725.67
1.62	116814.8
1.2	690116.94
1.92	4802.89
0.94	73457.31
1.14	153156.63
1.82	8861.94
1.2	286.67
1.09	758625.31
1.0	19681.13
1.04	24244.27
1.02	41719.29
1.23	710.0
1.09	52023.22
1.15	62186.73
1.34	29949.74
1.65	1169.84
1.98	51.08
1.2	58701.2
1.5	11385.9
1.11	80982.38
1.26	63840.09
1.61	2216.67
1.82	810.0
0.96	23563.06
1.35	276.67
2.06	527.9
1.09	43722.89
0.7	103507.51
1.21	87394.44
1.43	322139.9
1.2	17583.62
1.17	86724.24
1.62	583.33
1.17	33816.62
1.0	371569.32
1.14	43991.55
0.98	425319.18
1.88	1156.81
1.14	82782.86
1.14	500.0
1.91	1592.51
1.43	1041.58
1.65	603.33
0.83	1080985.7
1.01	17059.55
1.36	233.33
1.93	573.33
1.85	3100.49
1.13	99417.33
1.89	3592.55
1.18	67865.26
1.07	6899.1
1.88	153.33
2.02	1703.5
1.22	8315.3
1.15	51731.16
1.02	23981.05
1.11	29313.92
1.76	0.0
2.16	752.3
0.98	26727.63
1.62	333.33
1.73	1814.69
1.5	13523.94
1.19	996.34
1.5	1658.67
1.5	1473.33
0.91	1008.2
1.25	59620.93
1.49	676.28
1.28	91635.61
0.97	14379.48
1.66	3822.27
1.13	92654.74
1.09	47809.69
1.71	15361.12
1.28	1699.95
1.25	137224.94
1.41	451.49
1.58	1816.66
1.07	34915.51
2.01	49.96
1.5	27527.96
1.91	7806.44
1.11	12777.83
1.64	1990.0
2.09	70.0
1.58	106.12
1.53	14962.2
1.66	1351.82
1.65	43.33
1.4	49642.35
1.01	58905.71
1.25	19985.54
1.47	173.03
1.93	16.66
1.85	350.0
1.29	1316.67
1.68	713.33
1.05	62705.51
1.0	58626.28
1.85	636.67
0.79	62638.13
1.57	3160.8
1.85	13122.37
2.77	22.12
1.75	16882.57
1.6	1721.22
1.57	120.0
1.85	340.0
0.94	66085.94
0.87	91893.62
1.02	643461.37
1.11	9989.59
0.94	9158.76
1.72	1794.91
1.84	3375.88
1.77	443.34
1.28	106866.42
1.9	460.0
1.18	547007.1
1.29	1323.33
2.41	159.47
1.19	51028.01
0.99	57555.16
1.37	51165.21
1.44	720.65
1.9	719.34
1.25	122252.96
0.83	64585.35
0.93	10817.81
1.14	51752.86
0.98	212347.25
1.1	58430.48
1.48	7149.89
1.82	5387.3
0.99	51895.62
1.27	1970.0
0.97	657421.42
1.89	406.67
1.15	48390.8
0.85	89232.98
1.17	66.67
2.11	0.0
0.93	16488.06
1.87	329.5
0.68	103719.2
1.14	638404.31
1.23	1228.95
1.49	688.45
1.75	13393.92
1.11	470.0
1.03	486209.97
0.61	66305.28
1.52	24.96
1.67	9989.22
1.08	14720.74
1.66	4464.32
2.11	1149.5
1.85	223.33
1.85	92.79
0.93	477193.38
0.96	55330.18
2.26	506.67
1.41	13292.86
1.64	743.33
2.13	0.0
1.87	8144.24
1.15	548252.41
2.31	135.17
1.55	93.11
1.37	23953.34
1.44	8492.34
1.26	7299.85
1.43	31725.74
1.04	72975.89
1.21	50687.72
1.87	0.0
1.4	11426.87
1.32	51550.15
0.82	41633.91
1.33	343.14
1.18	7986.02
1.03	3476492.68
1.58	415.53
1.62	8158.3
1.68	2110.0
1.82	708.03
1.81	906.67
2.02	1330.45
1.16	57854.06
1.23	192750.44
1.53	23045.62
1.98	193.33
1.24	163669.01
1.13	255725.09
1.41	252129.98
1.16	329672.2
1.01	19572.82
1.04	3918658.43
1.83	963.67
1.7	703.33
1.87	1502.4
0.95	341731.29
1.82	848.85
1.05	1025.96
1.0	36992.3
1.28	988.88
1.79	206.67
1.74	1550.0
1.54	6885.37
0.66	95992.23
2.11	14.75
1.99	783.51
1.04	47092.45
0.71	42734.53
1.07	14362.08
1.36	10081.42
1.81	40303.57
2.27	386.42
0.97	44449.47
2.01	16093.19
1.03	94585.49
1.94	3066.91
1.66	1176.66
0.96	34992.96
1.91	958.35
1.09	29736.49
1.39	3623.32
1.01	45820.45
1.05	64831.61
1.59	7147.96
0.61	75558.47
0.95	43865.37
1.34	3.09
1.17	23305.32
1.02	4363707.93
0.9	280560.62
1.45	2968.77
1.15	50715.84
0.98	36501.34
1.13	11567.45
2.31	83.07
1.92	3518.24
1.66	0.0
1.46	26.67
0.97	24129.91
1.94	3198.5
1.93	230.0
1.06	4747544.74
0.89	1124.5
1.13	54650.81
1.92	911.33
1.09	270313.26
1.14	543841.07
1.6	1770.0
1.82	30619.08
1.47	806.48
1.26	90428.86
1.58	7284.44
0.99	34277.25
0.99	46251.46
1.49	420.96
1.19	88349.57
1.34	869574.86
1.59	890.0
1.65	583.33
1.54	0.0
1.99	0.0
1.89	29202.28
1.74	332.59
1.56	1738.06
1.95	6313.71
0.82	36279.71
1.02	74743.6
1.21	50138.45
1.4	5550.17
1.05	12353.22
1.1	148811.62
1.57	9731.08
1.37	31043.33
1.66	323.33
1.04	196060.17
2.19	1097.65
1.9	3413.37
1.53	29475.97
1.58	1460.2
1.81	514.45
1.6	543.33
2.07	6607.58
1.36	29065.41
1.83	1053.33
1.17	11651.09
1.68	553.33
1.78	698.59
1.2	70488.1
1.58	143.33
1.22	19947.77
0.97	50732.68
1.31	18988.91
0.99	58346.93
1.71	101575.52
1.28	22591.61
1.18	36700.48
1.17	437055.69
1.47	1063.34
1.86	1536.44
1.66	2726.66
1.76	13112.36
1.8	4563.82
1.55	43.41
1.63	131692.64
2.01	116.67
2.01	1501.53
1.72	1050.98
1.94	2132.13
1.88	263.33
1.22	43524.24
1.07	23620.06
1.84	1040.0
0.94	23898.35
0.85	215571.8
0.9	49172.32
1.06	396505.99
1.32	24083.06
1.14	188594.0
1.76	333.53
1.22	12076.83
1.67	866.67
0.8	550979.27
1.44	8029.13
1.46	510.91
0.89	536381.17
1.5	253.33
1.58	78533.8
1.64	0.0
1.4	776.67
1.91	820.32
1.39	2113.33
1.11	49707.36
1.66	533.33
1.06	532714.02
1.35	1976.66
0.98	59945.93
1.04	4487886.76
1.87	550.86
2.14	0.0
1.26	86293.69
1.62	1193.33
0.97	62564.2
1.62	199.72
1.9	884.32
1.27	76143.42
1.49	692.09
1.02	280321.62
0.73	85848.21
1.32	130970.38
1.28	20888.16
1.83	1195.09
1.11	32848.04
1.98	1314.35
1.93	2269.38
1.11	74573.17
0.96	23717.19
1.1	260079.65
1.09	465154.46
0.85	12118.45
1.28	219885.88
1.0	399665.31
1.08	533478.03
1.24	8036.04
1.11	65997.82
1.34	228.67
1.87	1648.14
0.99	22269.39
1.72	513.46
1.54	33.33
1.86	592.09
1.51	26999.58
1.24	1130.0
1.02	3938274.51
1.25	52537.96
1.12	9116.34
1.11	25163.49
1.49	256.67
1.12	40290.46
1.16	529013.85
1.28	41014.51
1.19	478770.7
0.8	533599.2
1.83	2600.16
1.07	8827.55
2.01	1184.61
1.72	14021.43
1.86	664.76
1.15	8232.57
1.47	740.97
1.43	69479.52
2.2	0.0
1.28	9866.27
1.15	47368.3
0.78	345073.29
1.62	550.0
1.07	5067198.34
1.2	90363.6
1.15	60331.15
1.22	208604.73
1.48	130.0
0.83	519975.08
0.92	116383.07
1.17	33761.92
2.18	203.34
0.79	98660.98
1.74	147.2
1.27	7202.72
1.64	186.67
1.51	174.28
1.36	227.49
1.06	57579.67
1.04	45500.19
1.23	66273.35
1.1	44864.96
1.82	526.67
0.93	34956.27
1.41	61765.34
0.93	74117.3
1.33	223369.68
0.95	4850404.09
2.0	11.15
1.2	69888.23
1.8	110.0
1.06	60634.57
1.44	22753.34
1.7	420.25
0.8	91173.4
1.0	37192.16
1.37	12075.3
1.1	498932.31
1.05	31983.6
2.31	479.05
0.91	23065.69
1.14	115.51
1.1	54580.78
1.31	0.0
0.98	18727.08
1.52	870.0
1.14	9386.97
2.66	0.0
1.49	515.71
1.34	10745.79
0.97	58523.36
1.18	67405.8
1.03	27500.3
1.9	546.67
1.85	3667.75
2.09	320.72
0.99	464442.27
1.55	7848.99
1.96	6112.45
1.58	260.0
1.51	993.33
1.7	34774.94
1.88	1234.84
0.99	68721.34
0.96	41697.82
1.6	140.0
1.06	53543.21
1.47	385.24
0.97	70155.32
1.21	22812.1
1.59	460.0
1.78	4694.56
0.97	472040.07
0.83	34675.97
1.13	750253.84
1.81	8480.37
1.25	82669.93
1.02	53877.92
1.05	423533.77
1.19	0.0
1.19	258.1
1.86	436.67
1.01	28741.43
2.02	29028.9
1.08	525804.7
1.68	14.73
0.78	126995.76
0.86	119755.29
0.74	80697.34
1.58	1296.67
1.84	7498.39
1.31	986.04
1.82	500.0
1.8	1013.33
1.8	376.67
1.95	150.0
1.54	183.33
1.46	96.67
0.93	36874.44
0.89	513745.16
1.67	273.33
0.91	11718.37
1.1	34108.44
0.99	661214.66
0.93	20650.03
0.96	31059.24
1.39	8402.4
1.0	630337.33
1.93	1170.34
0.95	34863.23
1.1	189236.32
0.96	26267.85
1.59	24764.03
1.89	196.67
2.34	270.0
1.16	37770.33
0.76	71587.33
1.27	0.0
1.03	25641.93
1.33	86848.47
1.33	18914.84
1.16	379305.43
1.89	2477.85
1.18	620018.68
1.81	366.67
1.12	1640.0
1.67	520.0
1.08	12797.1
1.09	41880.81
1.78	797.03
1.05	7964.88
1.54	14104.27
1.11	10607.98
1.84	213.33
1.06	93443.08
1.35	296.67
1.79	580.0
1.02	7537.07
1.04	44628.73
0.88	608287.23
1.59	22421.87
1.09	16179.92
0.92	20669.59
1.1	9533.88
2.01	970.0
1.2	24883.56
1.62	0.0
1.56	2600.0
1.36	10607.23
1.34	45322.98
1.66	16731.6
1.25	20588.04
0.8	50153.42
1.24	6705.83
1.63	883.33
1.47	31622.86
1.19	8770.31
1.08	598816.21
1.74	266.67
0.82	47881.9
1.28	613.33
1.75	67.59
1.16	80146.2
1.6	7686.16
1.21	76411.06
0.68	79314.06
1.48	478.15
0.7	84853.81
1.06	21583.06
1.54	1120.0
1.08	358605.35
1.23	65208.52
1.0	31707.62
1.85	356.67
0.84	517821.64
1.51	79360.05
1.49	905.55
1.1	43046.27
1.69	2383.33
1.16	80610.84
1.94	633.6
1.98	1018.95
1.04	402488.58
1.01	58619.28
2.79	0.0
0.74	108772.12
0.89	529408.18
1.91	0.0
1.09	904.68
1.4	106813.89
1.01	26280.32
2.08	236.67
1.44	1583.33
1.24	64400.34
1.57	2553.33
1.21	81417.34
1.88	9695.15
1.46	23419.51
0.99	43014.65
1.06	45766.79
1.2	45155.64
1.36	59381.21
0.85	31358.6
1.62	840.0
1.58	1395.59
1.03	2957.81
1.06	44770.78
2.15	78.36
0.87	1147.38
1.4	71288.59
1.56	18.46
1.09	88092.48
1.08	62740.63
1.22	201210.17
1.12	27837.68
1.86	30.0
1.87	5915.0
2.13	100.0
1.14	44760.05
1.27	21662.0
1.04	24788.88
1.81	0.0
1.9	870.23
1.16	47519.78
1.69	470.0
1.16	200097.99
1.49	620.0
1.04	52612.5
1.53	95964.83
1.06	21522.31
1.38	440.0
1.26	1910.0
1.01	59197.7
1.03	338254.28
1.2	678533.22
0.83	754238.62
1.67	443.33
1.94	1770.95
1.6	608.67
0.81	663310.0
1.26	31176.68
1.81	724.91
0.79	522678.26
1.47	916.67
0.74	61020.31
2.07	406.52
1.89	589.95
1.8	10549.2
0.84	86800.97
1.08	46655.35
1.6	5915.04
1.85	8593.72
1.77	1033.02
1.53	343.33
1.53	1223.27
1.09	28170.39
1.55	9119.01
1.04	11461.37
1.27	1797.12
1.39	9863.77
1.81	770.0
1.02	41345.58
1.22	63761.3
1.12	5603.8
1.08	22958.63
1.4	11066.76
1.6	1104.46
1.33	28434.19
2.28	123.33
0.97	53843.01
1.78	263.33
1.69	101953.72
1.64	326.67
1.27	1052770.72
1.67	1424.08
2.01	1659.59
0.98	72566.19
1.16	11475.29
1.8	1902.74
0.81	91505.88
1.5	1530.0
1.36	110991.22
1.53	3090.0
1.53	76151.26
0.92	65764.02
1.35	26415.68
1.36	876.68
1.93	2207.12
1.51	888.83
1.75	576.67
1.82	1109.23
1.23	51856.01
1.11	26965.71
2.09	6.67
0.99	33982.55
0.99	21842.87
0.67	77703.34
1.86	1019.34
1.78	923.33
1.9	7553.74
1.14	44345.82
1.06	681403.86
1.03	8761.52
1.64	10040.0
1.01	53567.27
1.21	116318.18
1.37	14940.27
1.1	80548.8
0.78	80224.04
1.5	43.3
2.39	47.69
1.96	553.33
1.6	935.87
1.4	57182.88
1.29	6876.67
1.01	27204.22
1.05	42716.25
1.26	600.0
1.85	103.33
0.97	23139.55
2.01	1673.59
1.88	510.0
1.36	63918.25
0.91	51793.3
1.11	45741.01
0.86	571900.3
2.18	398.75
1.55	276.67
0.97	45120.91
1.04	35176.99
1.24	3953.33
1.05	55048.69
1.69	7266.75
1.87	1347.06
2.03	73.33
1.24	58853.12
1.57	1964.07
1.82	890.0
1.56	491.48
1.54	7297.5
0.84	128053.44
1.55	4107.09
1.91	1574.04
1.27	6608.59
0.74	55875.33
0.99	5888.87
1.2	72181.56
1.22	1296.67
1.12	683334.7
2.15	652.17
0.93	17773.67
1.96	21.79
1.22	40419.97
1.0	93120.0
1.48	2190.2
1.27	9833.16
0.98	1314.97
1.01	6064.3
1.37	246.67
1.18	107215.4
1.04	37248.89
1.08	387483.75
1.17	113811.26
1.04	125297.67
1.93	7268.91
0.88	31703.25
1.54	1025.83
0.79	211701.25
1.4	93250.96
2.22	296.66
1.25	47569.63
0.97	113016.39
1.27	447.68
1.0	15997.43
0.96	72727.69
1.02	94995.86
1.69	30619.47
1.8	8867.16
1.98	660.11
1.57	1572.59
0.98	46617.48
0.87	41688.37
1.92	2946.66
0.91	991568.84
1.38	3.33
1.72	583.85
1.09	786795.07
1.08	65144.93
1.69	643.33
1.11	141751.91
2.13	1603.74
1.29	184109.06
1.01	26305.87
1.34	97737.29
0.99	25833.07
1.64	480.58
1.67	46.67
1.07	149358.02
1.9	473.33
1.57	719.19
2.13	652.54
1.08	29727.22
1.16	56279.47
1.92	0.0
1.16	88239.15
1.76	113.33
1.25	17512.17
1.86	1007.67
1.13	103533.21
1.35	9408.07
1.43	233.33
1.87	386.67
1.81	2855.55
1.17	89158.23
1.06	55401.31
1.35	570.0
0.93	696240.23
2.27	286.24
1.45	1864.52
1.09	37518.56
2.18	880.0
0.88	100806.9
1.44	223.44
1.7	607.82
1.17	15204.47
1.01	48349.86
0.98	7849.49
1.07	78161.82
1.03	39193.44
1.81	533.33
0.99	28181.85
1.45	216.67
0.96	33362.0
1.11	13660.98
1.85	336.67
1.86	7550.88
1.11	44510.63
1.31	27767.19
2.14	650.0
2.15	447.31
1.26	716.67
1.19	58990.8
0.81	101828.12
1.51	1523.33
1.91	9871.25
1.66	1226.57
0.99	15032.43
0.56	82437.73
0.73	363808.78
1.51	7672.94
1.64	582.87
1.18	112127.34
1.58	610.0
0.99	19594.87
1.66	4806.79
1.81	523.33
1.09	49676.97
1.26	56.67
1.65	11050.0
1.25	14116.28
0.85	102621.57
0.88	17525.31
1.33	3584.44
1.88	2712.35
1.7	559.41
1.06	46576.76
1.5	4387.73
1.65	961.37
1.23	17661.43
1.02	384772.59
1.05	354840.13
1.35	1668.65
1.13	278730.74
0.99	23240.4
1.61	120.0
1.6	6138.54
1.39	62671.58
1.72	5146.25
1.71	12973.0
1.03	40.0
1.61	12311.91
1.04	20644.64
1.86	35519.22
1.43	603.94
2.02	1022.68
1.26	973.33
1.82	0.0
1.91	1216.91
1.5	13402.79
2.02	1553.03
1.72	325.02
0.95	33636.41
1.9	8530.66
1.96	1395.78
1.24	46493.47
1.81	6307.0
1.91	33977.73
0.86	15335.37
1.39	15914.33
1.03	61302.5
1.68	306.67
1.64	5115.58
1.26	51312.19
1.54	300.0
1.12	8756.72
1.92	20.0
1.3	52815.8
1.32	28343.14
1.15	52275.19
1.14	455795.5
1.06	46862.74
1.49	3344.0
1.45	73796.01
0.97	63143.78
0.87	480873.02
1.68	3714.64
1.45	11768.52
0.94	521877.7
1.18	45981.69
1.25	73455.49
0.99	15300.85
1.24	59815.95
1.14	273.33
1.38	20483.02
0.99	36574.73
1.06	10228.66
0.8	537992.32
0.89	16518.15
1.03	71635.79
1.89	408.49
0.92	7769.36
1.83	1140.0
1.11	56606.63
1.14	23010.0
1.08	30623.78
2.08	1334.54
1.38	111168.32
1.13	543.34
1.02	27568.35
1.42	84332.05
1.26	769079.25
1.1	53008.05
0.84	120588.01
1.67	222.2
0.97	356707.71
1.22	39320.62
1.29	7820.93
1.3	622.12
2.35	266.67
1.01	436.67
0.92	733843.93
1.97	1321.88
1.84	909.33
1.0	20819.2
1.22	11245.14
2.37	626.98
0.49	70749.02
0.96	36785.63
1.82	4488.01
1.18	85471.81
0.92	58719.13
1.61	323.33
0.87	518799.05
1.0	47627.94
2.01	993.94
1.96	18.75
1.35	486.67
1.38	20733.33
1.04	137204.86
1.49	545.09
0.9	39195.38
0.97	280568.93
0.92	979612.52
1.12	182.83
1.55	3376.95
1.44	458.25
1.03	448051.74
1.28	6470.34
1.14	104365.66
1.46	3899.69
1.19	13602.97
1.29	66052.8
1.61	8477.56
1.61	13216.79
0.83	132586.15
0.72	86145.18
1.24	1820.0
1.0	56901.55
1.21	39602.96
1.65	11504.18
1.93	7057.1
1.0	22956.94
1.83	125.2
0.71	90299.85
1.03	4967231.63
1.22	56501.85
1.3	47346.87
1.72	2080.45
1.03	38948.35
1.22	44925.95
1.2	540.0
1.3	7302.71
1.01	27030.08
1.16	44831.2
1.5	808.06
1.54	2140.0
0.93	8042.21
1.18	53695.75
1.18	57205.13
0.94	678316.72
1.18	12060.88
1.17	52751.04
1.13	59936.64
1.21	58756.28
1.55	0.0
0.98	608751.49
1.08	48639.13
1.08	46930.26
1.3	34041.6
1.96	105.03
1.38	15904.98
0.85	86050.77
0.78	73711.94
1.6	5921.08
1.16	512270.39
1.31	1733.98
1.0	14353.71
1.8	436.67
1.27	43577.26
1.08	198193.38
1.12	7877.86
1.34	1796.67
1.13	198024.18
1.07	803974.11
1.81	2796.4
1.5	1571.4
1.22	58386.05
1.59	2405.52
1.4	10023.72
1.03	85706.54
0.74	84406.17
1.18	58505.85
1.04	80661.4
1.19	78368.45
1.24	193130.9
1.0	25520.11
1.68	0.0
1.0	291524.01
1.47	413.33
1.04	31073.35
1.36	1790.0
1.17	68163.21
1.35	64.68
1.96	33361.61
1.15	470992.66
0.98	47692.12
1.21	8739.98
1.64	422.19
1.3	54829.61
1.15	114562.17
1.03	19307.6
1.96	1653.46
1.15	585000.53
1.7	470.0
1.48	670.0
1.49	29007.2
1.11	9427.72
0.98	24909.93
1.6	580.0
0.94	40257.54
1.54	53514.26
1.72	357.92
0.84	39098.87
1.61	2908.21
1.59	7305.22
0.79	68312.62
1.35	66844.17
1.6	210.0
1.42	17164.73
1.16	9869.16
2.01	695.97
1.69	86.67
1.8	2619.58
1.03	4072661.53
2.13	1025.63
1.01	245998.59
0.75	97450.44
1.42	101850.23
0.97	181854.71
2.03	1406.26
1.38	83319.8
0.97	619129.21
1.68	1676.67
1.38	10083.7
1.07	472576.07
1.13	589490.48
1.72	3087.86
1.69	1809.37
1.12	31920.41
1.9	316.67
1.17	67989.08
2.02	34488.34
1.72	106372.09
1.42	10474.82
1.18	63182.05
1.51	746.25
0.99	10113.1
1.8	2167.77
1.83	4197.01
2.0	1597.46
1.55	474.5
1.53	130418.73
0.99	551432.71
0.6	80245.0
1.5	1243.33
1.57	426.67
1.44	2696.26
1.1	630301.44
1.04	88265.25
1.92	2833.9
1.19	578103.5
1.53	1109.39
1.71	1273.33
1.45	959.63
1.08	640600.64
1.51	50.0
1.64	1058.64
1.55	2687.42
1.42	1090.14
0.97	70270.99
1.5	301.8
1.68	453.33
1.12	222446.62
1.08	7482.65
1.76	556.67
1.96	0.0
1.22	346.49
1.65	1745.03
1.56	354.8
1.77	585.38
0.73	69011.01
0.99	39460.77
1.01	9789.94
1.57	18.38
1.13	83611.14
1.18	688674.24
1.23	169390.88
1.08	12344.28
1.82	413.41
0.64	79618.55
1.12	69267.05
1.37	20079.07
0.88	770544.02
1.85	442.37
1.13	750.0
1.17	679213.0
2.02	16.19
1.59	1590.77
0.97	7860.31
1.16	36112.87
1.06	33050.17
1.82	0.0
1.11	186976.97
1.67	21807.88
1.57	572.85
1.85	470.0
1.25	440.0
0.98	23216.64
1.04	603.79
1.9	9923.77
1.55	8669.15
1.75	2.96
1.28	7524.28
1.54	13.34
1.36	860.0
1.36	105513.5
1.59	923.3
1.27	87170.22
0.72	85100.44
1.41	2360.0
1.75	2179.92
1.02	25981.67
1.68	216.67
1.97	470.4
1.24	32915.51
1.62	166.36
1.12	9252.6
1.26	42041.18
2.09	103.93
0.83	32922.93
1.08	45114.22
2.0	80.0
1.86	2726.04
0.96	4178583.45
1.92	789.27
1.15	29161.12
1.24	126579.11
1.04	33820.42
1.23	47493.52
1.05	434534.42
1.35	3636.67
1.05	344830.99
1.08	151258.77
1.69	13793.22
1.33	17715.21
1.45	28845.65
1.5	263.33
1.97	1772.42
1.11	22728.58
0.85	72761.14
1.54	2616.34
1.26	56932.07
1.02	5517909.51
0.78	74953.33
1.08	21480.56
2.07	0.0
1.59	2.52
1.01	62451.72
1.49	83554.82
1.23	896750.09
1.66	0.0
2.06	1370.23
1.58	0.0
1.54	4987.47
1.09	40428.06
0.94	21356.07
1.45	1074.18
1.08	429082.15
1.33	74809.0
1.44	748.73
2.16	349.15
1.55	2211.68
1.52	10823.78
1.56	68664.57
1.24	48150.41
1.84	726.67
0.75	56573.89
1.04	697812.88
2.22	898.99
1.14	12331.82
1.42	9509.53
1.36	41663.6
1.63	1003.62
1.13	455592.88
1.77	2089.42
1.21	5902.85
1.92	10096.87
1.56	226.67
1.42	680.0
1.13	502056.88
1.03	5135.22
1.92	12.59
1.88	7096.57
1.16	51396.6
1.52	4109.39
1.43	902.05
1.54	12.49
0.96	38903.57
1.5	1946.67
1.45	661.81
1.16	90346.52
1.18	278911.21
1.62	31682.71
1.4	413.97
0.9	59835.83
1.56	190.0
0.89	46211.78
1.77	2357.79
1.99	1042.3
0.91	57118.41
1.55	0.0
1.61	480.0
1.47	74370.82
1.6	7078.29
1.72	1324.33
1.92	125.6
1.02	64068.23
0.97	669128.89
1.13	21582.97
1.48	5410.0
1.11	57777.05
0.89	55636.91
1.57	76.67
1.31	84437.86
1.1	18144.63
1.9	1133.97
0.7	64435.76
1.51	1106.72
1.87	598.42
0.71	62363.88
0.98	651944.51
1.98	339.5
1.61	1204.0
1.1	40779.28
1.43	330.31
0.72	53981.67
1.58	33.33
1.59	79372.32
0.95	823727.52
1.65	561.7
1.69	706.67
1.59	413.33
1.04	34070.17
1.73	12203.37
1.83	423.79
1.87	820.02
1.67	5494.36
2.02	660.8
1.58	2744.5
1.55	257.86
1.24	58627.67
2.1	237.16
1.44	944.61
1.04	16533.98
1.73	10338.9
1.55	1826.72
1.24	270.0
1.14	3647.52
1.18	667222.64
1.43	289.01
0.99	688674.0
1.44	273.34
1.01	311074.95
1.96	6.24
1.79	0.0
2.01	1483.28
1.06	11226.36
1.23	35990.16
1.39	2403.34
1.4	1180.0
1.89	36.66
1.48	21786.27
1.61	169.1
1.91	137.47
1.79	719.17
1.9	446.67
1.6	14673.34
1.45	676.06
0.81	96860.23
1.94	1627.44
1.47	759.28
1.2	174774.8
1.88	480.0
1.81	3620.41
1.81	1016.67
1.55	253.33
1.03	719727.54
0.91	479453.25
0.96	55420.02
0.77	95546.28
1.36	193.33
1.78	2866.67
1.05	53992.69
1.35	11251.56
0.98	287820.14
0.92	510560.41
0.86	475267.2
0.93	613601.09
1.05	493009.35
2.05	1305.64
1.93	7742.3
1.88	738.91
1.37	351.87
1.85	473.33
1.19	43392.71
1.16	237139.11
1.1	327299.75
1.43	3743.72
1.07	4627251.87
1.1	33847.33
1.68	1285.04
1.48	4188.16
1.74	119.44
0.83	545155.31
1.85	6599.43
1.53	690.11
1.59	33.33
1.81	1076.54
1.51	2247.43
1.05	231591.27
1.37	1606.8
0.97	246327.83
1.21	34123.19
1.06	172749.32
1.06	45690.04
0.83	55198.32
1.47	2751.87
0.88	45747.4
1.4	14818.36
1.56	74158.48
1.14	62473.12
1.33	56550.7
1.22	34369.92
1.01	12423.07
1.01	24873.75
1.04	12910.54
1.11	94295.35
1.66	565.4
1.14	62051.18
1.56	2059.13
1.65	423.33
1.05	38649.39
1.65	3605.48
1.05	43712.9
1.24	437.41
1.4	148488.14
1.91	2194.71
0.99	53606.13
0.97	58929.19
0.9	717110.41
1.08	17455.74
0.99	63811.01
1.68	15943.23
1.26	1466.67
1.58	7451.64
1.12	654945.01
1.09	291293.85
0.76	496732.56
1.12	14000.11
0.91	64857.94
0.95	31922.01
2.08	943.33
1.62	1935.04
1.18	68312.39
1.01	50684.74
1.74	40.46
1.13	479718.29
2.0	171.38
1.08	57777.32
1.9	293.33
1.86	521.21
1.17	689.27
1.48	3636.66
1.34	16884.11
1.53	117569.14
1.19	60977.02
1.86	913.33
1.14	33103.01
0.99	114658.35
1.85	876.67
1.65	533.33
2.04	56.67
1.18	53.33
1.13	43735.97
1.01	52651.46
1.79	3889.75
1.84	140.0
1.84	400.0
1.43	3739.05
1.04	46959.56
1.39	9296.76
1.33	873.33
0.82	538970.63
1.21	588931.15
0.95	626993.54
1.24	31369.94
2.42	89.04
1.08	32381.59
1.39	78503.98
1.19	84288.89
1.35	55236.68
1.82	745.58
1.01	26312.88
1.26	46616.28
1.31	4815.51
1.15	36160.54
1.59	877.56
1.23	51454.09
1.12	264897.41
0.98	27515.43
1.89	5978.48
1.6	160.07
1.93	6061.76
1.71	850.0
1.81	447.01
1.11	94558.41
0.92	54003.36
1.55	177.33
1.06	32897.59
0.71	77112.29
1.17	53988.59
2.24	721.81
1.17	15306.35
1.58	5977.42
1.19	146792.81
1.05	45644.8
1.08	5677.4
1.66	930.0
1.11	72888.46
1.26	6556.47
1.36	64008.53
1.26	25793.45
1.74	26937.17
1.0	17718.5
1.28	21318.18
1.17	115148.87
0.92	312763.93
1.94	63.33
2.17	829.34
0.98	319821.73
1.09	716.67
1.34	3373.33
1.44	10960.58
1.11	53303.8
1.49	1096.67
1.08	72168.56
0.92	730580.48
1.22	467.34
1.18	438547.27
1.43	185.09
1.62	413.33
1.47	10767.06
0.81	511308.6
1.2	44040.64
1.55	1165.54
0.6	71344.45
0.9	614556.77
1.78	8430.93
1.13	12621.45
1.19	0.0
1.76	0.0
1.43	239070.0
1.64	743.33
1.02	37940.93
0.96	377663.89
1.71	0.0
1.14	146946.54
0.93	33698.43
1.05	42880.02
1.3	420.0
1.59	5592.13
1.82	4404.5
1.17	163667.68
1.27	35279.75
0.98	40770.1
1.75	0.0
1.56	15.41
1.0	27117.84
1.4	522.12
1.57	3478.78
1.71	1620.0
1.48	99.41
2.76	28.25
0.75	86399.27
1.25	66957.03
0.98	40398.41
1.71	760.32
0.96	35130.42
1.66	443.33
1.13	41744.74
1.75	16251.27
1.66	1096.68
1.04	13855.13
1.23	915.26
1.07	37032.67
0.98	40644.98
1.35	62216.63
0.81	77611.2
1.26	72754.69
1.29	12.08
1.05	36598.52
2.11	1152.81
1.4	314.95
1.46	18237.04
1.52	1841.3
1.8	916.67
1.06	81221.3
1.35	95899.37
1.0	44763.47
0.66	39455.85
1.11	53806.04
1.58	140602.0
1.64	1197.53
1.12	399343.68
0.99	12451.6
1.94	701.41
1.69	12329.29
1.73	0.0
1.39	24359.79
1.63	11428.78
1.21	49618.45
0.93	90555.95
1.76	400.0
1.03	54092.42
1.37	693.33
1.0	116569.24
1.62	2459.63
1.47	24051.92
0.56	60255.64
1.7	3202.07
1.88	586.67
1.11	47929.52
1.34	1230.34
0.97	52456.3
0.95	94890.92
1.59	330.0
1.8	326.87
1.44	17885.01
1.11	330.0
2.04	4758.0
1.35	18118.74
1.21	436.67
2.0	1970.71
1.84	310.0
2.01	1048.9
1.39	543.33
1.26	215572.03
1.02	30090.58
1.19	38819.19
1.97	377.85
1.69	1123.34
1.64	7405.56
1.87	54.81
0.98	4480.0
1.93	32250.27
1.14	679537.84
1.16	44199.13
1.81	796.67
1.15	10090.7
1.04	24126.65
1.14	717859.42
1.73	1313.87
1.15	33582.95
1.89	203.33
1.12	50002.75
1.68	14480.47
1.42	10222.46
0.98	27392.48
1.32	440.58
1.78	856.67
1.89	949.67
1.45	3.06
1.06	375290.39
1.34	53.33
2.12	1887.64
1.18	65681.23
1.24	125821.15
0.99	17504.21
1.0	29676.86
1.78	36537.93
1.62	6393.48
1.08	69329.04
0.85	43190.6
1.52	143.33
0.99	77528.06
1.25	101931.87
1.17	48164.82
1.36	2533.33
1.0	45138.23
1.08	243961.62
1.39	16873.34
1.82	880.0
0.97	44419.39
2.79	15.97
1.46	12383.33
1.09	30114.32
1.36	1287.54
1.49	640.0
1.01	667604.38
1.85	0.0
1.16	139508.76
1.23	62262.05
0.71	123158.22
1.02	50740.73
1.18	813.46
1.45	1748.33
1.19	56443.98
1.21	57783.2
1.51	80.12
1.03	41132.08
1.24	43472.9
2.06	674.61
1.53	1292.73
1.6	235.16
1.52	16715.45
1.64	775.12
1.03	84843.55
1.55	68582.18
1.99	8693.72
1.79	883.33
1.11	248449.51
1.53	23134.53
1.04	457558.59
1.75	0.0
1.07	8061.47
1.23	81028.63
1.06	275002.9
1.59	2290.0
1.22	109900.93
2.21	794.51
1.99	2.95
1.25	66056.2
1.19	4593.07
1.11	53990.12
1.48	1314.86
1.23	46870.06
1.26	846.67
1.54	1570.28
1.6	20211.79
1.81	472.44
0.76	115237.5
1.03	15230.44
0.94	535269.21
1.5	290.22
1.92	862.69
0.85	681332.22
1.82	696.67
1.03	38246.75
1.29	7781.99
0.96	544990.68
2.08	913.01
0.74	148132.78
0.99	23562.1
0.79	15835.2
0.95	3585321.58
1.59	169.47
1.73	6511.7
1.05	20671.7
2.01	80.0
1.35	598.61
1.67	293.33
0.98	37980.05
1.37	1271.84
0.97	38463.54
1.82	627.13
2.14	3832.24
1.61	326.67
1.72	3983.99
1.53	638.66
2.12	172.05
1.06	308421.89
1.8	0.0
1.5	91658.24
1.26	67335.82
1.26	221165.85
1.38	71330.51
1.02	462539.26
1.71	1472.43
1.27	900291.21
1.15	10968.34
1.02	35196.33
2.12	2798.37
1.06	44376.09
1.6	2096.59
1.01	73838.89
1.07	25235.57
0.93	42004.56
1.65	148.8
1.22	97284.77
1.63	7563.48
2.33	373.04
1.43	11190.0
1.67	583.33
1.95	1931.19
1.89	336.18
1.51	436.3
1.62	12921.08
1.68	4811.55
1.02	101770.1
1.47	393.33
1.29	75077.58
1.53	1033.33
0.95	19742.03
1.53	196.67
1.99	9234.73
1.12	266376.52
0.92	280841.88
1.13	662158.17
2.02	2015.47
0.87	30834.06
1.25	89096.28
1.1	24486.78
1.4	28046.67
1.12	272779.43
1.11	22422.52
2.4	299.86
0.73	518539.89
1.78	216.67
1.33	1156872.13
0.93	11522.64
1.0	5304562.91
2.24	116.67
0.74	308754.64
1.24	954844.81
1.59	640.0
1.26	377.77
1.24	46019.51
0.88	72264.6
1.58	840.0
1.93	18862.28
1.12	27835.71
0.98	251924.68
1.66	8091.5
1.58	220.0
2.29	33.33
1.1	38417.55
1.25	18522.5
0.91	60131.29
1.02	290890.18
2.29	431.78
1.63	6137.81
1.7	2545.25
2.06	1356.9
2.03	10423.17
1.16	330.31
1.25	158964.08
1.87	385.77
1.68	430.1
0.71	130392.24
1.13	62158.56
1.52	11264.8
1.07	61782.77
1.9	33581.42
1.55	296.67
1.2	59663.25
1.5	1180.0
1.79	2495.87
1.04	25432.19
1.94	947.22
0.82	115942.32
1.21	25485.27
1.53	567.2
1.72	2920.24
1.1	53591.38
1.19	716.67
1.26	506.71
1.76	256.67
1.51	12329.8
1.49	25094.13
0.93	35490.61
1.41	11843.79
2.01	0.0
1.19	43001.38
1.45	786.67
1.03	41385.11
0.74	78423.65
1.36	73.33
1.21	64373.15
1.23	3274.03
0.99	67894.33
1.83	892.8
1.98	370.0
1.13	30738.09
1.18	41623.4
1.67	8341.49
1.09	697293.46
1.15	561485.4
1.82	1381.11
1.53	7729.05
0.8	85321.83
0.99	146421.02
0.91	76241.25
1.5	3672.26
1.28	29149.95
1.48	6976.12
1.23	326.67
1.63	772.29
1.51	20283.33
1.0	43250.73
1.16	44032.97
1.29	44509.7
1.58	9264.46
1.64	706.67
1.82	796.67
1.05	21900.09
1.62	8806.61
1.16	29903.31
1.85	103.33
1.86	486.67
0.89	611906.54
1.25	9127.53
1.23	8684.63
1.07	65081.14
1.16	461692.75
1.35	6636.26
1.73	14059.58
1.39	103254.89
1.09	48581.44
1.61	283.33
1.38	49064.3
1.5	814.25
1.18	577736.96
1.93	1421.01
1.89	516.02
1.38	1402.62
1.15	572717.4
1.03	33861.06
1.88	872.63
1.23	45260.21
1.24	8319.63
2.18	759.45
1.82	310.0
1.8	7873.16
1.16	31447.87
1.88	610.76
1.0	126058.0
0.98	42477.4
1.92	8311.71
1.08	12543.8
1.27	78760.94
1.15	4613.61
1.2	40.0
1.85	2083.15
1.74	647.47
1.08	48469.97
1.75	1626.03
1.59	1934.98
1.8	25.73
1.65	796.67
1.5	837.62
0.99	515038.9
1.7	453.33
1.28	476.67
1.19	78976.79
1.58	2183.34
1.69	10009.77
1.07	29409.04
0.78	98097.43
1.18	214317.49
1.84	730.0
1.47	1817.25
1.74	472.61
1.88	252.35
1.44	597.2
1.88	3550.45
0.96	31416.0
1.79	1289.65
0.93	18685.14
1.24	303.33
1.27	17130.38
1.25	82776.35
1.05	27061.56
1.07	39551.73
0.74	763322.82
1.9	1564.35
1.28	167494.61
0.99	29446.94
1.76	1583.57
1.37	8464.03
1.81	3217.95
1.1	412976.97
1.09	145686.02
1.82	2344.6
1.6	1474.75
1.92	84.69
0.9	40462.27
1.85	610.0
1.92	20455.66
1.34	23337.15
0.92	19365.92
1.2	73386.08
0.82	1230.0
1.67	13022.52
1.28	5986.26
1.86	2556.79
1.75	21671.7
0.97	3966597.25
0.97	12276.59
1.34	11980.4
1.88	436.67
1.63	509.53
1.69	1690.1
1.1	72829.94
0.83	681435.37
1.3	916.67
0.79	114978.22
1.17	630.0
2.38	413.98
1.65	17759.54
1.1	56786.27
0.94	29466.63
0.8	87927.36
1.63	217.16
1.78	12302.74
0.95	316322.88
0.79	58557.13
1.03	3873041.26
1.97	3067.7
1.63	542.89
0.69	716742.3
1.66	13541.29
2.02	620.46
1.51	14626.61
1.63	2499.36
1.03	12106.21
0.94	18479.05
2.09	15.62
1.13	276864.79
1.03	16928.02
0.92	78503.46
2.09	23393.23
1.95	470.0
1.07	328369.47
1.5	1527.12
0.94	53791.54
1.33	50190.73
1.17	151330.87
1.62	166.67
1.36	92024.65
1.19	0.0
1.4	12552.61
1.61	0.0
2.18	550.0
0.92	683695.78
1.18	56419.16
1.02	24386.64
1.32	17599.77
1.13	28274.78
1.18	196837.6
1.47	4250.0
1.34	585.96
1.38	1826.67
1.95	0.0
0.82	73227.41
1.04	38750.39
1.0	6349.93
0.94	35205.21
1.5	0.0
1.04	61402.16
1.61	1336.72
0.77	104797.33
2.25	428.68
1.47	54046.49
1.29	2906.67
1.63	1216.67
0.99	21556.41
1.2	9064.05
1.82	1316.67
0.98	24338.56
1.28	73588.28
1.57	76597.08
0.9	8618.05
1.11	7762.87
1.45	29507.45
1.85	8824.73
1.77	1918.31
1.14	615887.17
1.83	1244.04
1.61	1499.92
0.78	73695.03
1.79	140.67
1.13	83242.01
1.35	219.9
1.19	8878.55
0.95	29553.3
0.88	385.54
1.35	116932.41
0.98	10738.71
1.36	356.67
1.56	1056.67
0.89	62733.47
1.39	1948.63
0.93	678849.33
1.51	133314.63
1.82	798.35
1.76	803.33
0.88	13129.21
1.32	0.0
1.17	677997.05
1.4	10622.7
1.71	8289.44
1.05	464119.16
1.59	116181.11
1.06	15860.63
1.51	1763.33
0.92	62834.44
1.15	946.67
1.79	206.67
1.87	180.0
1.28	920.0
2.24	642.28
1.45	1365.56
1.41	461.75
1.54	76963.49
1.03	18044.41
1.26	16893.34
1.94	974.3
1.2	114283.61
1.92	23.99
1.67	580.0
1.09	58352.29
1.23	35504.7
0.93	21656.83
1.32	0.0
1.42	8462.01
1.44	116806.95
2.04	1363.32
2.05	1813.63
0.89	358998.74
1.15	110361.1
1.09	82479.25
1.1	8421.43
1.02	38416.87
1.35	1509.36
1.8	108342.83
1.93	383.33
1.82	746.67
2.36	434.81
1.04	28450.2
1.52	527.35
1.3	415.87
1.77	7937.11
0.74	54563.33
1.35	56202.44
1.65	291.55
1.11	642.14
0.98	24324.24
1.78	1172.56
1.77	2061.33
0.8	540023.82
1.16	81554.51
1.83	0.0
1.08	19933.89
1.09	332847.58
0.78	75885.27
1.76	1071.35
1.93	644.69
1.26	188374.49
1.0	27252.31
1.09	24581.81
1.84	948.52
1.19	44469.33
1.2	31542.36
1.15	55794.9
1.36	4081.53
2.28	1734.46
0.66	997845.83
1.83	724.44
0.8	89209.96
1.79	596.67
1.0	34671.43
1.0	4445.9
1.75	1404.99
1.11	64967.19
1.96	8478.73
1.22	50462.56
1.98	372.14
1.7	1321.56
1.86	680.0
1.07	1373.42
1.56	306.67
1.22	401.87
0.74	84714.7
0.79	95673.46
1.24	93745.13
1.27	7288.89
1.79	10657.51
1.09	2923.33
1.17	60632.24
1.79	1302.93
1.73	1333.33
0.87	43522.9
0.99	98037.18
1.41	7666.67
1.36	203.33
2.33	89.73
1.22	41732.15
1.42	86.67
1.88	203.33
1.01	45516.03
1.92	6649.48
1.03	344545.73
1.7	6175.62
1.35	1550.0
1.34	1030.0
1.16	28892.2
2.32	349.53
1.35	643.33
1.03	50052.4
1.11	55936.09
1.79	1330.43
1.92	300.0
1.51	3280.55
1.87	6600.52
1.76	2062.84
1.11	87986.35
0.98	68322.23
2.23	0.0
1.07	4757798.96
1.49	246.67
1.02	373075.42
1.15	170458.45
1.49	303.33
0.98	21570.47
1.19	742929.61
1.0	19933.7
1.65	1843.33
1.57	5631.69
1.52	9756.03
1.62	9963.32
1.86	1768.67
1.43	762.78
1.04	4287621.56
1.74	2187.42
1.16	89699.64
0.98	767183.44
0.95	91543.31
1.5	10133.75
1.22	547.77
0.62	63178.2
1.59	0.0
1.25	19619.87
1.55	8910.32
1.61	493.33
1.25	84698.03
0.6	67422.51
1.35	863.62
2.0	707.3
1.03	13297.29
0.74	80711.69
1.21	89913.88
1.32	323080.99
1.97	944.14
1.18	3295.11
1.71	4378.09
1.21	66320.66
1.94	2890.09
1.08	18315.96
1.11	19721.51
1.87	360.0
1.06	4477299.71
1.73	5.91
1.0	36297.69
0.82	78731.42
0.93	807805.78
1.14	581802.24
1.47	449.95
1.13	11298.84
1.46	80.85
1.83	2537.09
1.51	956.67
0.99	7235.2
1.8	4814.0
1.24	69941.69
1.84	356.66
1.79	1098.51
1.63	4864.1
1.17	69426.0
1.71	70.0
1.36	216859.46
0.97	4129138.63
1.13	31778.36
1.81	9640.0
1.52	108684.49
1.35	10859.71
0.96	14875.64
1.82	652.16
1.03	32327.48
2.07	0.0
1.03	23225.75
1.19	56910.24
1.19	156.67
1.42	6218.46
1.39	1139.42
1.17	24494.31
1.02	75408.57
1.12	731692.08
1.15	33478.56
0.96	74032.13
1.35	184.16
1.48	736.67
1.82	53.78
1.98	262.71
0.96	19246.38
1.01	27736.4
1.93	6481.1
1.09	17530.67
1.87	26.67
1.33	253336.8
1.69	496.67
1.72	6809.6
1.13	42717.37
1.44	692.38
1.06	23578.29
1.57	2493.39
1.61	820.0
1.15	176636.74
1.21	76580.12
1.49	11667.31
1.2	12201.95
1.52	0.0
0.94	43899.75
1.16	17374.9
1.28	233874.8
1.64	80006.4
0.96	23793.78
0.89	52595.05
1.86	1042.55
1.01	19577.65
1.14	141309.43
1.09	34415.41
0.83	589126.53
0.65	130578.16
1.01	396512.64
1.71	1694.96
1.85	2.73
1.18	58753.1
1.81	850.0
1.76	550.0
2.14	883.41
1.1	722077.58
1.24	62035.11
1.08	89830.23
1.93	7198.51
1.63	366.67
0.93	665541.84
1.06	9453.06
1.29	23652.54
0.79	122988.43
0.95	590705.71
1.13	29038.41
1.26	19364.64
1.24	19549.59
0.88	15733.89
1.38	83.33
1.44	906.67
1.7	12052.62
1.46	4350.81
1.7	960.0
1.01	275797.37
1.46	470.08
1.48	388.94
1.21	375572.97
0.77	442217.85
1.35	45347.61
1.21	85344.81
1.15	207378.09
1.65	846.82
1.24	9144.15
1.25	739.33
1.99	1763.34
1.83	946.66
2.06	123.33
1.15	74716.43
2.02	417.64
1.21	760.0
1.34	34003.33
1.74	4887.11
1.84	2613.45
1.13	87952.58
