61.0	4432.0
56.0	501.0
59.0	6340.0
58.0	10424.0
58.0	1214.0
59.0	4283.0
59.0	537.0
57.0	4540.0
60.0	14659.0
56.0	517.0
57.0	4452.0
57.0	4523.0
56.0	5725.0
57.0	4323.0
56.0	2188.0
55.0	1245.0
59.0	11147.0
58.0	1218.0
56.0	1678.0
55.0	705.0
54.0	2012.0
55.0	6638.0
59.0	4191.0
66.0	2395.0
55.0	4932.0
55.0	4963.0
58.0	6871.0
60.0	561.0
56.0	11531.0
60.0	6182.0
60.0	11268.0
56.0	7983.0
57.0	772.0
57.0	17073.0
57.0	12654.0
56.0	4610.0
59.0	13107.0
62.0	4868.0
58.0	2496.0
58.0	11178.0
57.0	10725.0
56.0	1104.0
57.0	3869.0
60.0	3371.0
56.0	408.0
59.0	11826.0
57.0	10428.0
56.0	3144.0
57.0	8499.0
57.0	8959.0
56.0	5797.0
54.0	14319.0
61.0	540.0
57.0	6635.0
55.0	5126.0
60.0	4641.0
55.0	3171.0
60.0	2789.0
61.0	544.0
58.0	3832.0
55.0	1995.0
61.0	4462.0
57.0	4461.0
54.0	12071.0
56.0	5200.0
59.0	2363.0
59.0	4819.0
58.0	2628.0
56.0	17553.0
58.0	441.0
58.0	1068.0
61.0	3810.0
59.0	17103.0
60.0	605.0
56.0	4119.0
58.0	4704.0
57.0	5395.0
59.0	2398.0
60.0	2603.0
56.0	708.0
58.0	4739.0
55.0	828.0
57.0	3172.0
59.0	452.0
55.0	628.0
56.0	1375.0
57.0	6588.0
55.0	421.0
62.0	18026.0
58.0	2517.0
56.0	595.0
57.0	4556.0
62.0	3387.0
53.0	16300.0
59.0	3205.0
57.0	526.0
56.0	6844.0
60.0	6387.0
59.0	1327.0
58.0	6095.0
54.0	4265.0
58.0	435.0
57.0	5554.0
57.0	8541.0
55.0	788.0
58.0	9768.0
61.0	7291.0
60.0	12655.0
57.0	17864.0
57.0	4558.0
58.0	10333.0
58.0	18443.0
56.0	12055.0
55.0	1921.0
60.0	7559.0
57.0	2231.0
54.0	2497.0
66.0	4717.0
58.0	12196.0
58.0	5376.0
56.0	949.0
57.0	1790.0
58.0	5783.0
58.0	4688.0
60.0	4332.0
57.0	6129.0
58.0	6616.0
57.0	4704.0
56.0	6098.0
56.0	4469.0
57.0	675.0
57.0	8238.0
59.0	1356.0
59.0	4284.0
57.0	5363.0
58.0	4657.0
55.0	13949.0
61.0	605.0
59.0	9974.0
60.0	11039.0
59.0	11263.0
58.0	544.0
57.0	552.0
60.0	1254.0
60.0	3199.0
55.0	648.0
56.0	802.0
56.0	9624.0
54.0	3167.0
61.0	2854.0
57.0	8678.0
57.0	5751.0
60.0	7203.0
56.0	1435.0
55.0	3050.0
60.0	18371.0
57.0	839.0
56.0	2471.0
55.0	716.0
59.0	7932.0
56.0	8977.0
56.0	707.0
55.0	5218.0
57.0	5166.0
59.0	4136.0
54.0	2618.0
57.0	2327.0
59.0	10020.0
54.0	647.0
58.0	5154.0
57.0	3075.0
60.0	4884.0
54.0	1819.0
58.0	6529.0
56.0	7836.0
59.0	6459.0
56.0	430.0
54.0	12971.0
58.0	2500.0
57.0	16826.0
60.0	1152.0
58.0	7823.0
56.0	2532.0
56.0	810.0
58.0	2346.0
58.0	898.0
60.0	828.0
57.0	740.0
60.0	10822.0
56.0	11869.0
61.0	17191.0
58.0	491.0
58.0	4032.0
61.0	3481.0
58.0	5236.0
56.0	4703.0
59.0	3734.0
56.0	5889.0
56.0	4576.0
57.0	1824.0
57.0	561.0
59.0	6566.0
59.0	4078.0
57.0	858.0
57.0	700.0
61.0	4980.0
57.0	533.0
56.0	9621.0
56.0	4587.0
56.0	523.0
57.0	491.0
53.0	590.0
59.0	4665.0
57.0	573.0
57.0	1119.0
54.0	547.0
62.0	892.0
57.0	3593.0
55.0	479.0
58.0	620.0
56.0	819.0
55.1	539.0
56.0	5883.0
62.0	9324.0
57.0	4615.0
60.0	4743.0
58.0	648.0
57.0	547.0
62.0	12696.0
55.0	765.0
56.0	5936.0
56.0	4475.0
56.0	954.0
58.0	2369.0
55.0	2453.0
58.0	561.0
54.0	603.0
57.0	4789.0
54.0	4873.0
57.0	4700.0
59.0	730.0
56.0	1607.0
60.0	2862.0
56.0	4514.0
54.0	7946.0
56.0	4386.0
56.0	1190.0
58.0	3958.0
57.0	12047.0
56.0	391.0
59.0	10291.0
57.0	1814.0
63.0	489.0
55.2	9232.0
63.0	4150.0
58.0	4403.0
59.0	810.0
56.0	14430.0
56.0	1386.0
55.0	7100.0
56.0	4353.0
62.0	4592.0
60.0	10200.0
57.0	507.0
57.0	5868.0
59.0	5166.0
59.0	639.0
61.0	12631.0
60.0	6544.0
62.0	421.0
57.0	5670.0
57.0	2523.0
59.0	10457.0
60.0	15987.0
58.0	4639.0
53.7	768.0
57.0	12681.0
60.6	3835.0
57.0	650.0
55.0	12720.0
61.0	1341.0
56.0	5664.0
57.0	579.0
58.0	743.0
59.0	3447.0
55.0	2558.0
59.0	2252.0
58.0	13211.0
56.0	1299.0
56.0	5670.0
62.0	486.0
58.0	5666.0
60.0	7608.0
61.0	5218.0
56.0	5281.0
57.0	1588.0
61.0	778.0
56.0	788.0
54.0	819.0
56.0	4021.0
57.0	4688.0
56.0	7979.0
60.0	10886.0
57.0	4654.0
56.0	898.0
61.6	2428.0
54.0	907.0
55.0	8779.0
55.0	605.0
56.0	3498.0
55.0	3378.0
57.0	1354.0
57.0	4956.0
61.0	9218.0
56.0	6288.0
56.0	507.0
60.0	4916.0
62.0	4155.0
57.0	6814.0
57.0	378.0
56.0	907.0
61.0	8263.0
62.0	9769.0
58.0	2423.0
58.0	2444.0
55.0	12004.0
57.0	10618.0
59.0	5585.0
59.0	8444.0
57.0	764.0
60.0	10567.0
56.0	4592.0
55.0	665.0
56.0	4649.0
62.0	545.0
57.0	525.0
57.0	18803.0
59.0	432.0
61.0	4088.0
55.0	1242.0
54.0	561.0
60.0	4064.0
55.0	763.0
57.0	1227.0
57.0	4964.0
59.0	4082.0
60.0	11088.0
56.0	2693.0
57.0	13885.0
58.0	4116.0
58.0	544.0
56.0	6344.0
60.0	5312.0
54.0	476.0
59.0	739.0
59.0	10023.0
58.0	700.0
62.0	2818.0
57.0	6307.0
57.0	7388.0
56.0	12171.0
56.0	448.0
58.0	12269.0
61.0	2400.0
60.0	1024.0
55.0	505.0
56.0	4337.0
54.0	789.0
56.0	7636.0
59.0	5561.0
58.0	5335.0
57.0	5988.0
58.0	833.0
60.0	2415.0
62.0	10038.0
59.0	4334.0
60.0	4538.0
57.0	6177.0
56.0	592.0
61.0	2726.0
58.0	5166.0
55.0	517.0
55.0	6141.0
59.0	2553.0
58.0	8039.0
56.0	2771.0
58.0	807.0
54.0	4900.0
57.0	776.0
57.0	3819.0
58.0	4186.0
62.0	568.0
56.0	533.0
55.0	521.0
61.0	5190.0
57.0	7923.0
60.0	720.0
63.0	2751.0
55.0	1273.0
54.0	4707.0
53.0	5619.0
57.0	821.0
56.0	6701.0
58.0	5849.0
58.0	906.0
59.0	4207.0
58.0	868.0
54.0	4871.0
56.0	3771.0
58.0	6944.0
61.0	5937.0
58.0	8846.0
55.0	10558.0
57.0	8558.0
59.0	10184.0
58.0	5984.0
58.0	14502.0
54.0	838.0
57.0	1385.0
61.0	2622.0
55.0	7426.0
57.0	8044.0
56.0	776.0
60.0	6132.0
57.0	4205.0
54.0	1743.0
58.0	12123.0
60.0	15451.0
55.0	15996.0
54.0	12809.0
54.0	3415.0
57.0	4196.0
57.6	1757.0
59.0	743.0
58.0	8669.0
58.0	13190.0
55.0	1102.0
58.0	13993.0
56.0	666.0
56.0	6019.0
56.0	3658.0
59.2	793.0
56.0	912.0
54.7	11296.0
57.0	558.0
58.0	14249.0
57.0	4007.0
56.0	2142.0
57.0	6485.0
58.0	13779.0
54.0	1416.0
61.0	2131.0
59.0	5498.0
55.0	648.0
56.0	675.0
62.0	5826.0
57.0	776.0
58.0	878.0
56.0	4937.0
59.0	5476.0
63.0	11557.0
60.0	13194.0
60.0	6086.0
57.0	12146.0
58.0	521.0
62.0	4788.0
59.0	7864.0
59.0	5233.0
60.0	4520.0
57.0	5147.0
57.0	5139.0
58.0	876.0
61.0	2940.0
63.0	10076.0
59.0	4234.0
55.0	1770.0
57.0	4911.0
57.0	2512.0
55.0	880.0
57.0	903.0
59.0	2277.0
57.0	4659.0
56.0	11688.0
60.0	17849.0
59.0	2797.0
55.0	3694.0
56.0	796.0
57.0	6504.0
62.0	633.0
61.0	2471.0
56.0	1069.0
59.0	8184.0
54.0	467.0
60.0	4682.0
61.0	7503.0
57.0	16629.0
58.0	625.0
63.0	2279.0
58.0	899.0
59.0	5036.0
60.0	4384.0
54.0	2249.0
60.0	3326.0
57.0	2227.0
60.0	7050.0
56.0	6129.0
56.0	4826.0
58.0	2396.0
55.0	8645.0
55.0	2856.0
59.0	5388.0
61.0	1793.0
57.0	1111.0
61.0	3850.0
56.0	776.0
57.0	5342.0
54.0	687.0
60.0	1752.0
57.0	7294.0
63.0	2428.0
58.0	16062.0
61.0	7437.0
57.0	3091.0
56.0	1607.0
55.0	3180.0
60.0	4830.0
61.0	2572.0
56.0	5065.0
57.0	14304.0
58.0	5805.0
58.0	12079.0
57.0	14150.0
55.0	4558.0
57.0	16703.0
64.0	4320.0
57.0	1289.0
58.0	1927.0
62.0	3979.0
56.0	1696.0
56.0	10739.0
55.0	667.0
55.0	1175.0
60.0	13369.0
60.0	568.0
58.0	5706.0
56.0	523.0
56.0	1216.0
58.0	489.0
59.0	5367.0
57.0	5555.0
61.0	1932.0
59.0	608.0
56.0	666.0
62.0	1103.0
56.0	626.0
59.0	3437.0
56.0	1147.0
54.0	10129.0
57.0	3172.0
58.0	628.0
55.0	5375.0
57.0	3423.0
56.0	1909.0
58.0	7244.0
59.0	12454.0
59.0	2218.0
59.0	630.0
59.0	4816.0
60.0	5641.0
58.0	2752.0
60.0	4368.0
55.0	1016.0
59.0	5166.0
61.0	13102.0
60.0	6098.0
57.0	1125.0
56.0	11636.0
55.0	13761.0
59.0	4791.0
56.0	13904.0
61.0	14080.0
58.0	7888.0
54.0	1218.0
59.0	5242.0
55.0	4537.0
55.0	1411.0
57.0	8219.0
56.0	12098.0
58.0	2246.0
60.0	11946.0
57.0	8931.0
57.0	5702.0
53.0	18207.0
55.0	609.0
56.0	3915.0
53.9	475.0
60.0	537.0
55.0	743.0
56.0	1800.0
58.0	5505.0
56.0	3524.0
62.0	1096.0
60.0	8074.0
59.0	14574.0
57.0	3404.0
58.0	1338.0
58.0	1608.0
58.0	1363.0
63.0	7161.0
57.0	625.0
60.0	4732.0
54.0	5886.0
57.0	4791.0
59.0	3769.0
58.0	648.0
58.0	554.0
59.0	5671.0
57.0	5393.0
61.0	608.0
56.0	1332.0
53.2	486.0
59.0	4155.0
56.0	1628.0
54.0	1641.0
55.0	1577.0
56.0	646.0
56.0	3816.0
57.0	3273.0
56.0	2568.0
56.0	3038.0
59.0	4788.0
55.0	4552.0
64.0	1240.0
59.0	1666.0
57.0	4004.0
57.0	698.0
59.0	15036.0
60.0	5433.0
53.0	1270.0
57.0	655.0
59.0	608.0
57.0	14859.0
56.0	579.0
58.0	6580.0
59.0	878.0
56.0	2816.0
59.0	7472.0
56.0	1634.0
56.0	707.0
58.0	1170.0
55.0	9336.0
57.0	3180.0
57.0	1028.0
56.0	1584.0
56.0	18139.0
58.0	2263.0
60.0	8645.0
56.0	3774.0
59.0	4207.0
57.0	4173.0
57.0	9104.0
60.0	17539.0
59.1	2709.0
55.0	625.0
60.0	14476.0
55.0	1314.0
56.0	689.0
56.0	4520.0
57.0	13421.0
59.0	473.0
57.0	4312.0
60.0	776.0
55.0	7260.0
60.0	13075.0
58.0	3492.0
57.0	17522.0
57.0	429.0
56.0	2836.0
58.0	5312.0
59.0	3249.0
58.0	4273.0
59.0	2060.0
56.0	1607.0
56.0	9290.0
55.0	12082.0
57.0	5583.0
57.0	645.0
59.0	17377.0
58.0	11562.0
58.0	4943.0
54.8	7426.0
57.0	2361.0
58.0	961.0
57.0	5031.0
59.0	5595.0
60.0	2927.0
55.0	2313.0
61.0	586.0
57.0	2298.0
58.0	1068.0
59.0	2953.0
57.0	4641.0
61.0	4015.0
57.0	485.0
58.0	828.0
57.4	4564.0
59.0	393.0
56.0	6837.0
61.0	13221.0
59.0	4173.0
58.0	807.0
58.0	672.0
58.0	6758.0
55.0	802.0
57.0	1140.0
54.1	7068.0
53.0	526.0
54.0	2359.0
58.0	4932.0
59.0	765.0
58.0	665.0
59.0	3447.0
53.0	730.0
54.0	1057.0
54.0	1604.0
57.0	6189.0
56.0	1410.0
54.0	625.0
54.0	707.0
55.0	1401.0
58.0	17347.0
58.0	521.0
53.0	538.0
58.0	828.0
60.0	650.0
58.0	5826.0
59.0	876.0
61.0	684.0
57.0	674.0
60.0	11711.0
55.0	1130.0
60.0	5131.0
56.0	3743.0
56.0	596.0
55.0	936.0
56.0	2432.0
55.0	3004.0
55.0	5994.0
59.0	8562.0
60.0	4479.0
56.0	3501.0
56.0	559.0
59.0	5882.0
60.0	4022.0
55.0	672.0
58.0	912.0
58.0	2308.0
57.0	877.0
57.0	7089.0
54.0	705.0
57.0	4830.0
58.0	1561.0
55.0	1136.0
61.0	579.0
57.0	2368.0
55.0	472.0
57.0	4328.0
54.0	7182.0
59.0	5582.0
58.0	4208.0
59.0	4898.0
57.0	2739.0
54.0	880.0
57.0	10153.0
59.0	4201.0
58.0	3624.0
56.0	14017.0
56.0	3295.0
62.0	8260.0
56.0	683.0
57.0	4872.0
54.0	7466.0
55.0	6727.0
56.0	5625.0
60.0	4242.0
57.0	1956.0
58.0	3919.0
58.0	6748.0
56.0	5364.0
54.0	504.0
57.0	1828.0
55.0	4604.0
57.0	13403.0
62.0	1073.0
55.0	5882.0
57.0	12232.0
58.0	11627.0
57.0	2122.0
55.0	1031.0
62.0	3577.0
57.0	1069.0
55.0	1401.0
57.0	907.0
55.0	1886.0
58.0	5280.0
56.0	3208.0
51.0	1728.0
61.0	6505.0
56.0	1227.0
57.0	18080.0
57.0	537.0
59.0	721.0
57.0	5818.0
61.0	2961.0
57.0	4314.0
58.0	6354.0
56.0	727.0
61.0	4157.0
56.0	552.0
59.0	9973.0
58.0	2318.0
58.0	6626.0
58.0	2536.0
57.0	561.0
54.0	12907.0
58.0	17258.0
56.0	449.0
55.0	983.0
63.0	7177.0
63.0	421.0
58.0	855.0
55.0	7562.0
56.0	1061.0
59.0	4401.0
58.0	13370.0
54.0	1195.0
56.0	625.0
57.0	4413.0
59.0	907.0
57.0	5114.0
58.0	854.0
60.0	10772.0
63.0	4604.0
55.0	705.0
58.0	2396.0
61.0	11364.0
56.0	6968.0
57.0	898.0
58.0	561.0
56.0	12945.0
54.0	687.0
56.0	2228.0
59.0	4309.0
63.0	18027.0
52.8	475.0
61.0	11602.0
57.0	1745.0
56.0	2608.0
55.7	5989.0
56.0	6793.0
55.0	828.0
58.0	4973.0
58.0	675.0
56.0	720.0
57.0	705.0
54.0	4535.0
55.0	2200.0
58.0	2572.0
59.0	2800.0
58.0	8543.0
57.0	876.0
58.0	1125.0
59.0	5411.0
56.0	689.0
52.0	18440.0
55.0	3032.0
56.0	2970.0
59.0	7555.0
62.0	6150.0
59.0	6250.0
61.0	3348.0
57.0	16479.0
56.0	12334.0
55.0	3745.0
58.1	1978.0
54.0	7937.0
59.0	2846.0
62.0	6344.0
57.0	5666.0
62.0	18207.0
57.0	5728.0
61.0	698.0
61.0	608.0
56.0	526.0
55.0	2133.0
57.0	12228.0
55.0	590.0
53.0	983.0
56.0	1552.0
63.0	3105.0
57.0	3024.0
56.0	9332.0
54.0	1250.0
56.0	7136.0
56.0	1755.0
60.0	6071.0
58.0	2502.0
58.0	4800.0
60.0	4617.0
55.0	2553.0
57.0	17006.0
59.0	2020.0
57.0	3822.0
59.0	489.0
56.0	842.0
62.0	717.0
59.0	11696.0
56.0	579.0
60.0	3500.0
56.0	770.0
57.0	2548.0
58.0	4468.0
59.0	1094.0
56.0	6636.0
56.0	9562.0
56.0	4563.0
61.0	434.0
57.0	2268.0
60.0	1705.0
57.0	2763.0
56.0	10446.0
59.0	3921.0
55.0	645.0
60.0	3250.0
56.0	2815.0
57.0	4435.0
59.0	2825.0
62.0	4477.0
58.0	526.0
57.0	3772.0
62.0	2207.0
60.0	10012.0
59.0	7500.0
54.0	730.0
57.0	743.0
60.0	526.0
55.0	554.0
55.0	878.0
55.0	794.0
57.0	4200.0
56.0	3363.0
56.0	650.0
58.0	625.0
60.0	1402.0
60.0	11263.0
60.0	4234.0
58.0	10291.0
55.0	3082.0
58.0	936.0
56.0	665.0
57.0	12587.0
59.0	2293.0
60.0	4617.0
58.0	9763.0
60.0	17672.0
60.0	4514.0
56.0	2763.0
56.0	1637.0
55.0	507.0
59.0	11769.0
59.0	6505.0
60.0	4225.0
58.0	2259.0
54.0	7092.0
58.5	793.0
59.0	3853.0
57.0	1960.0
55.0	1799.0
55.0	1626.0
57.0	2201.0
55.0	3388.0
57.3	2337.0
60.0	11780.0
55.0	692.0
55.0	3024.0
58.0	3387.0
56.0	13320.0
58.0	18236.0
56.0	3164.0
61.0	2207.0
58.0	1361.0
57.0	4484.0
58.0	675.0
60.0	473.0
59.0	4763.0
57.0	526.0
57.0	1154.0
58.0	776.0
54.0	473.0
58.0	5885.0
59.0	887.0
58.0	2232.0
57.0	2283.0
58.0	3881.0
59.0	4166.0
59.0	2593.0
55.0	2838.0
56.0	4959.0
60.0	3676.0
57.0	5102.0
56.0	508.0
57.0	489.0
56.0	4316.0
56.0	8429.0
59.0	1807.0
55.0	4839.0
55.0	4513.0
56.0	1056.0
59.0	1239.0
65.0	1131.0
60.0	2744.0
60.0	11007.0
56.0	11715.0
56.0	683.0
57.0	1163.0
56.0	4102.0
58.0	4999.0
56.0	1035.0
55.0	2209.0
56.0	1842.0
56.0	2882.0
58.0	7673.0
54.0	654.0
56.0	11686.0
57.0	668.0
58.0	907.0
61.0	4959.0
58.0	7943.0
59.0	4944.0
59.0	695.0
55.0	625.0
57.0	11159.0
58.0	6777.0
59.0	6701.0
54.0	1205.0
58.0	1309.0
60.0	683.0
60.0	6236.0
56.0	4719.0
55.0	12339.0
60.0	2457.0
56.0	697.0
60.0	2331.0
55.0	422.0
57.0	3644.0
58.0	16499.0
59.0	10990.0
56.0	4194.0
57.0	2540.0
63.0	628.0
56.0	2967.0
55.0	1798.0
61.0	544.0
57.0	457.0
56.0	743.0
55.0	6387.0
58.0	5506.0
58.0	11830.0
57.0	2692.0
55.0	523.0
58.0	1046.0
65.0	2475.0
59.0	2176.0
55.0	756.0
58.0	5986.0
60.0	10727.0
61.2	2637.0
55.0	5236.0
55.0	730.0
56.0	465.0
59.0	1664.0
57.0	5729.0
59.0	4702.0
62.0	450.0
57.0	2347.0
55.0	6694.0
54.0	11379.0
54.0	12686.0
57.0	4458.0
56.0	432.0
54.0	703.0
54.0	17838.0
55.0	9081.0
61.0	4510.0
57.0	4801.0
59.0	684.0
56.0	591.0
58.0	6625.0
59.0	2020.0
54.0	5850.0
58.0	8877.0
58.0	3414.0
57.0	2572.0
57.0	2559.0
53.0	936.0
59.0	628.0
59.0	802.0
58.0	707.0
56.0	943.0
59.0	608.0
60.0	698.0
59.0	2328.0
57.0	2207.0
55.0	3729.0
59.0	1428.0
56.0	11580.0
55.0	3678.0
55.0	449.0
57.0	2961.0
58.0	5779.0
60.0	6019.0
59.0	3903.0
55.0	828.0
59.0	1031.0
55.0	1961.0
59.0	2851.0
57.0	5099.0
56.0	919.0
55.0	1017.0
55.0	513.0
56.0	3475.0
59.0	501.0
59.0	4153.0
57.0	12931.0
61.0	2176.0
56.0	4788.0
54.2	660.0
53.0	2867.0
57.0	6887.0
61.0	4167.0
61.0	558.0
57.0	2562.0
58.0	4960.0
58.0	1302.0
61.0	15528.0
58.0	906.0
56.0	4886.0
60.0	2330.0
58.0	9044.0
57.0	521.0
59.0	1021.0
58.0	4418.0
56.0	10134.0
53.0	687.0
56.0	573.0
55.0	474.0
54.0	1292.0
55.0	2949.0
59.0	4548.0
57.0	3230.0
54.0	888.0
56.0	923.0
60.0	3989.0
58.0	967.0
58.0	15919.0
57.0	4556.0
58.0	6542.0
63.0	1378.0
56.0	16733.0
59.0	5828.0
57.0	915.0
58.0	761.0
58.0	16340.0
60.0	5335.0
55.0	4773.0
62.0	646.0
57.0	4709.0
56.0	671.0
60.0	625.0
56.0	4798.0
60.0	6022.0
56.0	4800.0
54.0	1020.0
56.0	10255.0
58.0	878.0
57.0	2096.0
59.0	4849.0
55.0	1890.0
58.0	6997.0
56.0	524.0
56.0	5010.0
57.0	489.0
57.0	628.0
59.0	672.0
62.0	11161.0
59.0	1429.0
58.0	5055.0
55.7	905.0
61.0	5174.0
60.0	1662.0
55.0	2827.0
56.0	7267.0
56.0	5312.0
60.0	4456.0
56.0	8224.0
55.0	607.0
56.0	684.0
58.0	4816.0
54.0	689.0
56.0	984.0
57.0	7715.0
64.0	4642.0
56.0	4344.0
56.0	1563.0
60.0	5376.0
59.0	2018.0
58.0	12459.0
59.0	1087.0
60.0	4743.0
60.0	2788.0
55.0	6973.0
57.0	936.0
56.0	16353.0
58.0	2951.0
64.0	4559.0
59.0	15651.0
55.0	645.0
55.0	1196.0
61.0	9234.0
59.0	3927.0
55.0	994.0
56.0	1628.0
56.0	5889.0
57.0	7664.0
57.0	5387.0
59.0	16146.0
55.0	969.0
58.0	4725.0
57.0	6785.0
60.0	689.0
55.0	2138.0
56.0	1140.0
56.0	2779.0
56.0	807.0
58.0	5161.0
55.0	1790.0
53.0	5139.0
58.0	730.0
60.0	14462.0
58.0	450.0
55.0	1730.0
56.0	526.0
56.0	1949.0
59.0	3429.0
57.0	1140.0
56.0	3352.0
59.0	868.0
56.0	5831.0
56.0	5291.0
59.0	9386.0
57.0	700.0
55.0	814.0
60.0	1242.0
58.0	435.0
58.0	2590.0
58.0	4742.0
55.0	874.0
58.0	16390.0
58.0	7223.0
54.0	814.0
54.0	5208.0
59.0	5822.0
56.0	4693.0
57.0	628.0
57.0	1178.0
55.0	15829.0
55.0	429.0
57.0	2869.0
57.0	1841.0
59.0	3482.0
56.0	7260.0
57.0	3592.0
58.0	9697.0
56.0	15874.0
55.0	1846.0
59.0	4890.0
58.0	5179.0
57.0	17383.0
55.0	3417.0
55.0	1338.0
58.0	10080.0
61.0	4440.0
56.0	1726.0
60.0	14824.0
60.0	2394.0
59.0	3999.0
57.0	2649.0
58.0	5858.0
52.0	6194.0
58.0	5364.0
60.0	1060.0
58.0	5228.0
56.0	2178.0
55.0	631.0
59.0	3276.0
60.0	5174.0
55.0	596.0
58.0	3283.0
57.0	9279.0
58.0	630.0
57.0	969.0
59.0	5387.0
59.0	12723.0
58.0	839.0
57.0	2294.0
64.0	1234.0
58.8	2673.0
58.0	17166.0
57.0	3570.0
56.0	4586.0
59.0	4662.0
56.0	683.0
56.0	7324.0
63.0	3484.0
57.0	6403.0
54.0	5763.0
57.0	4843.0
62.0	812.0
62.0	4537.0
57.0	4368.0
53.0	15035.0
60.0	9552.0
60.0	11912.0
56.0	3387.0
58.0	461.0
58.0	1883.0
59.0	4032.0
57.0	554.0
57.0	6661.0
60.0	18781.0
58.0	7714.0
59.0	3387.0
58.0	5102.0
58.0	9526.0
56.0	5661.0
62.0	3083.0
60.0	9017.0
59.0	1011.0
60.0	4020.0
59.0	3869.0
54.0	863.0
59.0	1106.0
55.0	665.0
62.0	5311.0
55.0	878.0
58.0	15917.0
55.0	3325.0
60.0	2974.0
57.0	917.0
59.0	7072.0
56.0	561.0
59.0	1630.0
58.0	9045.0
57.0	573.0
56.0	4193.0
57.0	7066.0
57.0	5666.0
62.0	1808.0
59.0	7421.0
58.0	10993.0
56.0	1698.0
54.0	1024.0
57.0	1089.0
56.0	4274.0
57.0	798.0
57.0	1337.0
53.0	1648.0
55.0	2815.0
58.0	8829.0
59.0	14042.0
61.0	6798.0
61.0	5143.0
57.0	648.0
57.0	11114.0
62.0	540.0
55.0	556.0
59.0	1116.0
58.0	4112.0
62.0	5743.0
57.0	14137.0
57.0	4032.0
57.0	7695.0
59.0	2939.0
56.0	5358.0
60.0	5822.0
56.0	1269.0
60.0	432.0
58.0	3640.0
58.0	471.0
58.0	477.0
57.0	4325.0
56.0	2278.0
58.0	3363.0
57.0	2375.0
56.0	491.0
57.0	14383.0
59.0	3605.0
57.0	421.0
56.0	984.0
61.0	1971.0
56.0	5433.0
57.0	5049.0
55.0	675.0
60.0	3998.0
60.0	8747.0
59.0	4836.0
57.0	3656.0
56.0	445.0
56.0	9562.0
56.0	1554.0
57.0	2541.0
59.0	2351.0
59.0	3855.0
57.0	907.0
59.0	544.0
57.0	2001.0
59.0	6250.0
57.0	665.0
57.0	5602.0
58.0	2593.0
60.0	1304.0
60.0	2048.0
53.8	1961.0
56.0	7219.0
55.0	868.0
57.0	5694.0
57.0	5182.0
58.0	3869.0
59.0	17849.0
55.0	6502.0
60.0	834.0
56.0	6713.0
58.0	1637.0
59.0	5480.0
61.0	584.0
56.0	5257.0
57.0	5055.0
57.0	4173.0
53.0	6926.0
60.0	3853.0
54.0	1099.0
58.0	11200.0
58.0	3203.0
55.0	6956.0
55.0	1668.0
56.0	9752.0
61.0	10666.0
60.0	6296.0
58.0	5192.0
60.0	9261.0
56.0	7305.0
58.0	3538.0
54.0	539.0
57.0	12762.0
60.0	11780.0
55.0	776.0
55.0	5636.0
59.0	17849.0
56.0	8950.0
55.0	4200.0
59.0	486.0
55.0	7433.0
59.0	3309.0
56.0	2536.0
55.0	1664.0
60.0	9735.0
55.0	5683.0
58.0	10291.0
56.0	5624.0
56.0	648.0
59.0	1161.0
58.0	5306.0
56.0	7475.0
56.0	706.0
61.0	4536.0
58.0	5267.0
57.0	14266.0
58.0	1270.0
58.0	389.0
56.0	716.0
56.0	2553.0
54.0	1177.0
61.0	3991.0
59.0	4284.0
54.0	426.0
54.0	526.0
54.0	1274.0
62.0	4395.0
59.0	10063.0
59.0	614.0
55.0	18462.0
59.0	10270.0
62.0	956.0
54.0	6368.0
62.0	3248.0
58.0	2458.0
56.0	773.0
57.0	4469.0
58.0	4368.0
59.0	540.0
60.0	10380.0
58.0	2351.0
56.0	2028.0
63.0	7291.0
59.0	2329.0
58.0	521.0
63.0	1999.0
57.0	1983.0
55.0	1780.0
57.0	13629.0
59.0	7701.0
57.0	764.0
59.0	810.0
57.0	6954.0
56.0	1561.0
56.0	17805.0
59.0	625.0
60.0	4788.0
57.0	1607.0
59.0	17975.0
59.0	4771.0
54.0	7197.0
57.0	2451.0
55.0	4529.0
61.0	776.0
58.0	4316.0
57.0	432.0
57.0	9569.0
58.0	4771.0
57.0	5510.0
56.0	648.0
59.0	10063.0
55.0	1243.0
55.0	433.0
51.0	3511.0
55.0	720.0
53.0	4642.0
54.4	670.0
60.0	7723.0
56.0	10738.0
55.0	2958.0
61.0	1270.0
57.0	11045.0
54.0	760.0
56.0	1255.0
55.0	684.0
58.0	4932.0
57.0	1698.0
57.0	13544.0
56.0	2741.0
54.0	1999.0
56.0	5893.0
56.0	1953.0
61.0	8001.0
58.0	6431.0
60.0	833.0
56.0	538.0
59.0	4619.0
55.0	3030.0
62.0	4191.0
57.0	3175.0
60.0	5393.0
59.0	11575.0
57.0	9618.0
57.0	11379.0
55.0	9572.0
60.0	1268.0
58.0	4039.0
62.0	540.0
57.0	608.0
56.5	6204.0
61.0	3175.0
55.0	4355.0
56.0	5260.0
58.0	421.0
57.0	1385.0
65.0	2085.0
55.0	684.0
58.0	6022.0
58.0	4274.0
58.0	4984.0
54.0	5732.0
58.0	6588.0
56.0	3726.0
55.0	12443.0
60.0	6129.0
55.0	3016.0
55.0	675.0
56.0	3846.0
60.0	11048.0
63.0	956.0
61.0	3920.0
61.0	2846.0
55.0	3819.0
53.0	1772.0
58.0	7536.0
60.0	6369.0
55.0	4316.0
58.0	1846.0
55.0	507.0
59.0	878.0
55.0	4295.0
59.0	3002.0
57.0	1239.0
57.0	11605.0
58.0	646.0
59.0	4242.0
57.0	3511.0
56.0	6162.0
60.0	807.0
57.0	6323.0
54.0	420.0
56.0	586.0
60.0	18495.0
57.0	1088.0
64.0	1282.0
58.0	2129.0
57.0	15785.0
59.0	10642.0
57.0	726.0
58.0	645.0
59.0	18139.0
60.0	4980.0
56.0	450.0
54.0	708.0
58.0	2102.0
57.0	509.0
55.0	11681.0
57.0	5019.0
62.0	4086.0
56.0	537.0
56.0	6328.0
56.0	15446.0
59.0	936.0
56.0	709.0
58.0	491.0
55.0	687.0
60.0	18188.0
55.0	539.0
55.0	6239.0
63.0	491.0
60.0	10692.0
58.0	17403.0
57.0	1577.0
53.0	9425.0
60.0	1590.0
54.0	3648.0
58.0	4642.0
60.0	4788.0
55.0	2317.0
55.0	15210.0
55.0	4977.0
59.0	3388.0
57.0	4485.0
60.0	7219.0
57.0	11922.0
56.0	517.0
59.0	5072.0
57.0	1179.0
56.0	1712.0
55.0	4191.0
57.0	653.0
57.0	3136.0
56.0	3514.0
59.0	449.0
58.0	6783.0
54.0	1438.0
56.0	7161.0
62.0	540.0
58.0	1914.0
60.0	967.0
54.9	681.0
54.3	853.0
57.0	4662.0
59.0	4548.0
55.0	10473.0
58.0	605.0
58.0	700.0
57.0	4924.0
55.0	500.0
55.0	2193.0
60.0	10012.0
56.0	9407.0
53.7	10536.0
56.0	1046.0
57.0	730.0
59.0	1974.0
56.0	2559.0
57.0	1286.0
57.0	2127.0
56.0	6944.0
56.0	534.0
53.0	362.0
53.0	4918.0
58.0	10548.0
57.0	9399.0
56.0	3762.0
57.0	16800.0
59.0	788.0
63.0	14775.0
60.0	12607.0
54.2	783.0
57.0	590.0
57.0	7864.0
62.0	16582.0
58.0	17634.0
60.0	6512.0
56.0	5728.0
58.0	773.0
56.0	3988.0
57.0	4746.0
58.0	6569.0
59.0	10256.0
57.0	3511.0
58.0	4172.0
56.0	3084.0
56.0	5601.0
59.0	686.0
57.0	3152.0
54.2	1094.0
56.0	2815.0
58.0	432.0
55.0	1304.0
56.0	1427.0
56.0	5677.0
55.0	15851.0
56.0	11133.0
57.0	2862.0
62.0	1999.0
55.4	714.0
56.0	4871.0
56.0	596.0
60.0	2875.0
59.0	6708.0
56.0	751.0
57.0	3481.0
59.0	6291.0
56.0	14146.0
59.0	15934.0
56.0	4508.0
57.0	1817.0
64.0	3192.0
55.0	605.0
56.0	4920.0
55.0	647.0
59.0	5069.0
60.0	3740.0
58.0	3346.0
60.0	689.0
59.0	7222.0
56.0	2398.0
56.0	4600.0
55.0	1239.0
60.0	648.0
56.0	5750.0
54.0	2594.0
61.0	473.0
61.0	1414.0
61.0	2171.0
58.0	796.0
56.0	15746.0
60.0	675.0
61.0	4320.0
61.0	4513.0
55.0	838.0
57.0	14603.0
58.0	2276.0
58.0	5638.0
56.0	3663.0
59.0	5324.0
56.0	4740.0
58.0	468.0
58.0	4617.0
62.0	5047.0
62.0	729.0
56.4	1365.0
60.0	2845.0
57.0	913.0
58.0	10880.0
55.0	6619.0
54.0	1774.0
56.0	1961.0
57.0	5171.0
56.0	2276.0
58.0	566.0
56.0	12170.0
58.0	3472.0
67.0	2691.0
61.0	6425.0
56.0	675.0
58.0	6547.0
57.0	628.0
57.0	3145.0
53.1	475.0
55.0	545.0
56.0	10184.0
66.0	1334.0
55.0	651.0
56.0	591.0
58.0	907.0
54.0	544.0
58.0	1113.0
56.0	4290.0
57.0	775.0
65.0	1440.0
55.0	5055.0
62.0	4659.0
55.0	1222.0
55.0	1017.0
58.0	6368.0
60.0	4826.0
59.0	3352.0
55.0	421.0
56.0	4442.0
56.0	2052.0
56.0	1666.0
58.0	504.0
58.0	628.0
61.0	5421.0
55.0	1056.0
57.0	706.0
55.4	1575.0
60.0	689.0
58.0	684.0
55.0	4965.0
60.0	9946.0
53.0	562.0
54.0	684.0
58.0	473.0
58.0	5183.0
56.0	421.0
56.0	13873.0
57.0	5004.0
55.0	517.0
55.0	15475.0
59.0	5858.0
58.0	4839.0
59.0	12988.0
56.0	1031.0
58.0	421.0
56.0	15618.0
58.0	5376.0
55.0	2605.0
57.0	587.0
61.0	3959.0
54.0	1402.0
58.0	4916.0
61.0	15908.0
60.0	489.0
53.0	6753.0
59.0	5325.0
60.0	18152.0
60.0	4796.0
60.0	17096.0
55.0	885.0
57.0	5631.0
58.0	18115.0
56.0	16300.0
56.0	9694.0
58.0	5285.0
56.0	733.0
59.0	4077.0
59.0	3174.0
58.0	6892.0
56.0	605.0
57.0	491.0
59.0	1181.0
55.0	2360.0
58.0	5744.0
59.0	2377.0
58.0	816.0
59.0	3048.0
56.0	5456.0
62.0	2873.0
59.0	6416.0
58.5	2549.0
62.0	4228.0
54.0	1074.0
60.0	4256.0
62.0	5161.0
54.0	514.0
54.0	4578.0
59.0	12921.0
56.0	2612.0
56.0	15197.0
54.0	670.0
54.0	4670.0
58.0	9774.0
54.0	5740.0
60.0	878.0
59.0	12257.0
60.0	4559.0
62.0	5320.0
60.0	720.0
58.0	1289.0
55.0	1846.0
54.0	2553.0
63.0	696.0
58.0	489.0
56.0	987.0
55.0	1929.0
60.0	11263.0
53.0	754.0
56.0	1648.0
53.0	4596.0
55.0	692.0
59.0	600.0
57.0	5416.0
57.0	2331.0
57.0	610.0
59.0	2610.0
58.0	6892.0
58.0	716.0
56.0	4619.0
59.0	561.0
55.0	337.0
60.0	4561.0
56.0	2644.0
56.0	15210.0
62.0	15701.0
59.0	1332.0
54.0	1879.0
54.0	8411.0
58.0	3989.0
58.0	554.0
55.0	561.0
59.0	12244.0
58.0	5773.0
58.0	3180.0
55.0	789.0
56.0	554.0
58.0	995.0
55.0	524.0
55.0	5578.0
59.0	4193.0
57.0	5278.0
58.0	7389.0
55.0	1011.0
56.0	18295.0
56.0	1154.0
58.0	4784.0
54.0	748.0
55.0	1453.0
57.0	3183.0
58.0	2889.0
59.0	7277.0
56.0	8115.0
59.0	4234.0
59.0	5456.0
60.0	4509.0
54.6	486.0
55.0	586.0
56.0	3656.0
60.0	4538.0
58.0	4642.0
57.0	2792.0
56.0	7213.0
58.0	526.0
55.0	1731.0
60.0	689.0
57.0	868.0
57.0	4536.0
56.0	5569.0
55.0	9745.0
56.0	540.0
54.0	6169.0
60.0	576.0
56.0	6471.0
60.0	1155.0
56.0	530.0
55.0	7513.0
58.0	5323.0
56.0	4223.0
57.0	2131.0
60.0	2999.0
56.0	645.0
58.0	12392.0
55.0	565.0
63.0	2738.0
56.0	5738.0
60.0	537.0
55.0	876.0
59.0	3335.0
56.0	420.0
58.0	421.0
59.0	2352.0
56.0	420.0
63.0	9573.0
60.0	5255.0
57.0	2234.0
58.0	4935.0
55.0	5428.0
62.0	4842.0
59.0	8653.0
56.0	4249.0
54.0	838.0
57.0	2590.0
53.7	442.0
58.0	7098.0
56.0	449.0
56.0	14935.0
57.0	4331.0
57.0	526.0
56.0	15105.0
62.0	7187.0
57.0	3629.0
57.0	6180.0
58.0	4032.0
55.0	4368.0
54.0	505.0
59.0	2074.0
55.0	5456.0
59.0	7562.0
60.0	700.0
54.0	1026.0
57.0	5018.0
54.0	764.0
59.0	596.0
55.0	6065.0
56.0	798.0
57.0	529.0
59.0	15694.0
60.0	2498.0
57.0	4779.0
57.0	4305.0
60.0	18470.0
56.0	2338.0
57.0	540.0
57.0	1125.0
57.0	1449.0
58.0	749.0
53.0	1591.0
56.0	700.0
59.0	810.0
57.0	13790.0
59.0	755.0
57.0	628.0
61.0	13831.0
54.0	6961.0
57.0	4838.0
57.0	5885.0
56.0	12061.0
59.0	614.0
58.0	4052.0
56.0	2294.0
57.0	947.0
56.0	486.0
54.0	814.0
56.0	4661.0
58.0	10819.0
55.0	457.0
57.0	5783.0
55.0	6113.0
58.0	628.0
54.0	4252.0
55.0	5376.0
57.0	18475.0
56.0	12998.0
58.0	718.0
57.0	3104.0
60.0	1078.0
54.0	510.0
55.0	773.0
56.0	465.0
56.0	14359.0
56.0	1687.0
63.0	3160.0
56.0	11643.0
61.0	16985.0
54.0	873.0
61.0	4558.0
58.0	5280.0
56.0	730.0
55.0	564.0
55.0	595.0
60.0	7153.0
56.0	5384.0
57.0	505.0
56.0	10546.0
57.0	3854.0
57.0	761.0
60.0	11435.0
57.0	3142.0
55.0	5692.0
57.0	17294.0
55.0	1659.0
58.0	3437.0
56.0	5219.0
57.0	7440.0
57.0	6264.0
58.0	4642.0
61.1	11333.0
56.0	2312.0
55.0	545.0
57.0	3732.0
53.0	2530.0
55.0	1668.0
59.0	5777.0
58.0	5622.0
59.0	12288.0
55.0	1100.0
55.0	4574.0
62.0	6595.0
57.0	1121.0
58.0	4328.0
57.0	5262.0
57.0	3314.0
61.0	3444.0
55.0	1698.0
55.0	4677.0
56.0	3446.0
59.0	17591.0
58.0	5344.0
53.0	8266.0
55.0	18640.0
60.0	6056.0
55.0	526.0
57.0	6089.0
57.0	3192.0
55.0	1838.0
56.0	6225.0
58.0	1771.0
56.0	491.0
56.0	399.0
56.0	956.0
55.0	3844.0
62.0	11220.0
66.0	5062.0
59.0	2138.0
60.0	461.0
59.0	489.0
55.0	898.0
62.0	504.0
57.0	10976.0
60.0	3105.0
57.0	521.0
56.0	3249.0
55.0	1668.0
56.0	6078.0
63.0	4959.0
59.0	6580.0
60.0	3618.0
57.0	2808.0
58.0	4559.0
63.0	4721.0
54.0	1243.0
58.0	4939.0
57.0	614.0
58.0	13790.0
58.0	2398.0
59.0	6333.0
58.0	5005.0
58.0	5247.0
57.0	13681.0
60.0	8365.0
57.0	8039.0
56.0	4689.0
57.0	432.0
61.0	2066.0
54.0	625.0
60.0	876.0
57.0	6684.0
58.0	5611.0
56.0	3325.0
63.0	3296.0
56.0	507.0
57.0	5886.0
55.0	551.0
56.0	9218.0
54.0	6423.0
60.0	3024.0
56.0	684.0
60.0	6546.0
56.0	1236.0
60.0	7098.0
61.0	4200.0
62.0	2313.0
58.0	2426.0
57.0	1115.0
56.0	5013.0
57.0	765.0
56.0	8243.0
55.0	4604.0
57.0	4249.0
57.0	8431.0
59.0	3701.0
60.0	6133.0
58.0	1588.0
56.0	594.0
60.0	4772.0
65.0	2187.0
59.0	505.0
58.0	4604.0
57.0	5777.0
61.0	5229.0
56.0	667.0
55.0	1187.0
53.8	639.0
61.0	2599.0
58.0	3768.0
56.0	596.0
56.0	1607.0
57.0	6480.0
56.0	7651.0
56.0	1845.0
55.0	2569.0
58.0	7623.0
55.0	814.0
58.0	3545.0
59.0	17760.0
59.0	6323.0
57.0	13298.0
59.0	3676.0
57.0	2211.0
59.0	5571.0
58.0	15949.0
56.0	672.0
58.0	5003.0
62.0	745.0
59.0	2394.0
55.0	561.0
58.0	707.0
58.0	6535.0
57.0	5861.0
59.0	743.0
57.0	16466.0
54.0	13655.0
58.0	2293.0
56.0	1637.0
62.0	2611.0
59.0	4018.0
61.0	15840.0
60.0	1577.0
58.0	10447.0
58.0	7636.0
55.0	3235.0
57.0	8112.0
58.0	9158.0
57.0	2685.0
57.0	1144.0
59.0	368.0
56.0	854.0
55.0	919.0
58.0	2418.0
57.0	4494.0
57.0	4064.0
57.0	5810.0
58.0	12940.0
63.0	6597.0
56.0	10920.0
67.0	4115.0
60.0	4547.0
55.0	2892.0
57.0	3394.0
56.0	3713.0
58.0	504.0
56.0	5469.0
55.0	830.0
58.0	2600.0
50.1	3353.0
58.0	4513.0
58.0	7906.0
58.0	4559.0
58.0	13786.0
54.0	6588.0
55.0	4585.0
60.0	518.0
56.0	4315.0
59.0	765.0
59.0	5756.0
55.0	6512.0
60.0	633.0
55.0	7387.0
55.0	3118.0
58.0	6093.0
58.0	979.0
57.0	877.0
58.0	4242.0
60.0	10813.0
58.0	4766.0
57.4	5412.0
55.0	1845.0
62.0	5831.0
55.0	496.0
57.0	1046.0
57.0	3578.0
56.0	2815.0
61.0	3905.0
55.0	984.0
56.0	6194.0
61.0	698.0
56.0	638.0
58.0	11272.0
57.0	18026.0
58.0	5696.0
58.0	775.0
58.0	15064.0
58.0	5993.0
55.0	540.0
57.0	1013.0
56.0	9275.0
56.0	1580.0
59.0	2968.0
55.0	1292.0
55.0	5975.0
59.0	3313.0
60.0	3520.0
55.0	4516.0
58.0	2686.0
57.0	9448.0
57.0	2482.0
56.0	4827.0
59.0	2213.0
60.0	3153.0
60.0	3360.0
58.0	9511.0
57.0	4260.0
58.0	14810.0
52.0	2548.0
55.0	4964.0
56.0	3708.0
57.0	5286.0
59.0	5520.0
58.0	802.0
56.0	6250.0
56.0	16353.0
56.0	1077.0
54.0	698.0
56.0	1218.0
59.0	5437.0
56.0	571.0
53.0	514.0
57.0	4508.0
56.0	4064.0
58.0	1080.0
57.0	4558.0
54.0	1187.0
55.8	652.0
58.0	6279.0
58.0	977.0
60.0	11161.0
59.0	4078.0
59.0	1429.0
58.0	2760.0
56.0	537.0
55.0	984.0
60.0	12992.0
59.0	867.0
59.0	4309.0
54.0	1017.0
60.0	5593.0
59.0	16733.0
57.0	802.0
56.0	8110.0
56.0	5457.0
60.0	4496.0
61.0	4355.0
57.0	4922.0
60.0	9235.0
60.0	7233.0
57.0	1597.0
58.0	7302.0
56.0	4312.0
56.0	3581.0
58.0	5236.0
54.0	1161.0
55.0	880.0
57.0	4884.0
58.0	6710.0
57.0	4916.0
59.0	11108.0
60.0	14395.0
58.0	810.0
56.0	1081.0
59.0	8598.0
58.0	3257.0
58.0	505.0
58.0	4191.0
57.0	1055.0
58.0	1674.0
57.0	1919.0
53.0	628.0
61.0	975.0
58.0	4082.0
59.0	6184.0
57.0	573.0
58.0	4939.0
58.0	5331.0
52.0	1412.0
69.0	12923.0
56.0	1178.0
58.0	1799.0
59.0	1573.0
58.0	2806.0
55.0	2559.0
57.0	5601.0
57.0	2572.0
60.0	11796.0
55.0	1944.0
53.0	7187.0
55.0	1252.0
59.0	4749.0
57.0	2594.0
60.0	14768.0
57.0	854.0
60.0	2818.0
54.0	11077.0
58.0	11621.0
58.0	12992.0
55.0	561.0
57.0	489.0
58.0	684.0
65.0	2393.0
56.0	1569.0
59.0	4119.0
55.0	4870.0
59.0	6702.0
57.0	13531.0
59.0	1996.0
58.0	468.0
59.0	12791.0
57.0	721.0
60.0	4916.0
62.0	11322.0
57.0	702.0
61.0	1066.0
55.0	421.0
56.0	3095.0
57.0	6095.0
57.0	716.0
60.0	4843.0
60.0	7812.0
58.0	5101.0
60.0	12271.0
61.0	10930.0
55.0	783.0
58.0	4953.0
61.0	5169.0
58.0	2055.0
57.0	623.0
57.0	6834.0
58.0	6858.0
56.0	899.0
56.0	15992.0
56.0	2830.0
56.0	5418.0
59.0	5424.0
56.0	7222.0
56.0	3332.0
59.0	2641.0
57.0	2484.0
57.0	7365.0
58.0	625.0
55.0	1776.0
58.0	5746.0
58.0	761.0
56.0	778.0
58.0	11226.0
60.0	684.0
57.0	3080.0
57.0	3892.0
58.0	4488.0
58.0	2364.0
61.0	4129.0
58.0	3945.0
59.0	5219.0
59.0	13486.0
58.0	4689.0
58.0	7445.0
58.0	730.0
56.0	683.0
59.0	4705.0
57.0	720.0
56.0	4588.0
55.0	5194.0
59.0	4861.0
57.0	5143.0
59.0	11105.0
56.0	4492.0
54.0	743.0
57.0	6350.0
57.0	6770.0
55.0	5880.0
53.0	1893.0
56.0	605.0
59.0	7864.0
60.0	18795.0
57.0	1125.0
58.0	5979.0
61.0	1749.0
58.0	600.0
63.0	2782.0
57.0	544.0
57.0	2313.0
58.0	4234.0
60.0	2893.0
56.0	12458.0
58.0	473.0
54.0	537.0
56.0	666.0
57.0	5373.0
58.0	2501.0
57.0	590.0
58.0	1572.0
57.0	3617.0
56.0	2441.0
59.0	4537.0
62.0	15801.0
56.0	11797.0
58.0	16956.0
57.0	628.0
61.0	5254.0
59.0	13460.0
60.0	2355.0
58.0	11979.0
59.0	1226.0
55.0	2656.0
60.0	3940.0
57.0	454.0
55.0	4109.0
62.0	5740.0
57.0	10950.0
56.0	3948.0
58.0	3989.0
57.0	6487.0
57.0	5522.0
60.0	812.0
60.0	4374.0
58.0	4368.0
55.0	725.0
57.0	730.0
59.0	7152.0
57.0	5907.0
58.0	6703.0
58.0	666.0
55.0	802.0
55.0	505.0
56.0	941.0
58.0	4727.0
58.0	1607.0
57.0	1593.0
56.0	3371.0
58.0	17221.0
63.0	11452.0
56.0	3323.0
59.0	4368.0
58.0	505.0
73.0	2100.0
59.0	2251.0
59.0	623.0
62.0	2863.0
58.0	5516.0
57.0	432.0
56.0	505.0
56.0	4673.0
57.0	6488.0
59.0	5260.0
56.0	2956.0
64.0	945.0
56.0	558.0
60.0	7991.0
57.0	1574.0
58.0	4455.0
63.0	1986.0
60.0	5363.0
59.0	13850.0
69.0	1122.0
55.0	666.0
55.0	16240.0
60.0	4978.0
56.0	1160.0
58.0	1143.0
61.0	16954.0
61.0	3937.0
61.0	5082.0
58.0	990.0
56.0	567.0
57.0	596.0
59.0	5569.0
57.0	10340.0
60.0	3921.0
57.0	5502.0
59.0	802.0
57.0	579.0
57.0	992.0
56.0	2919.0
56.0	450.0
55.0	4476.0
56.0	526.0
56.0	855.0
62.0	5139.0
56.0	675.0
56.0	14341.0
55.0	686.0
59.0	14863.0
55.0	18118.0
56.0	1637.0
58.0	7423.0
56.0	764.0
61.0	4156.0
55.0	18295.0
57.0	1090.0
58.0	3528.0
62.0	2331.0
56.0	516.0
57.0	4592.0
58.0	1046.0
57.0	4410.0
57.0	4536.0
57.0	1837.0
55.0	2110.0
55.0	4578.0
51.0	15888.0
60.0	1114.0
59.0	608.0
54.0	675.0
57.0	16665.0
57.0	2513.0
59.0	10424.0
54.0	6643.0
55.0	4133.0
57.0	1581.0
58.0	14717.0
54.0	1831.0
61.0	4406.0
59.0	5592.0
57.0	7708.0
58.0	561.0
56.0	3707.0
58.0	2383.0
56.0	6666.0
55.0	421.0
62.0	2088.0
61.0	15695.0
59.0	3599.0
57.0	3423.0
60.0	7929.0
56.0	6586.0
55.0	13849.0
57.0	450.0
57.0	684.0
56.0	827.0
56.0	7701.0
56.0	4871.0
54.0	1666.0
57.0	2398.0
56.0	9132.0
58.0	3734.0
57.0	921.0
57.0	450.0
62.0	2176.0
59.0	2513.0
58.0	17235.0
57.0	1715.0
58.0	5549.0
61.0	12063.0
57.0	449.0
57.0	3516.0
62.0	11646.0
55.0	6472.0
59.0	11853.0
56.0	4702.0
56.0	1878.0
55.0	1588.0
56.0	11823.0
54.0	7928.0
59.0	6052.0
56.0	6249.0
56.0	450.0
55.0	1142.0
56.0	3629.0
56.0	7519.0
60.0	11166.0
55.0	4578.0
54.0	936.0
57.0	2260.0
57.0	10692.0
58.0	1292.0
55.0	541.0
60.0	3991.0
61.0	5208.0
58.0	6573.0
56.0	2401.0
57.0	5125.0
57.0	675.0
60.0	10078.0
58.0	807.0
53.0	18198.0
62.0	3584.0
57.0	18528.0
61.0	608.0
61.0	10659.0
54.0	6617.0
59.0	8577.0
58.0	1074.0
58.0	700.0
56.0	8257.0
57.0	2165.0
56.0	605.0
55.0	907.0
63.0	2450.0
57.0	5703.0
54.0	464.0
54.0	3190.0
57.0	10090.0
59.0	16872.0
61.0	10584.0
55.0	2294.0
56.0	4025.0
55.0	1074.0
53.0	538.0
59.0	608.0
60.0	2850.0
65.0	1128.0
56.0	490.0
56.0	2710.0
59.0	8499.0
58.0	716.0
59.0	5166.0
61.0	12542.0
56.0	1035.0
60.0	1799.0
58.0	2496.0
55.0	4101.0
58.0	7388.0
56.0	7691.0
55.0	1013.0
59.0	576.0
64.0	16842.0
55.0	423.0
55.0	16937.0
56.0	827.0
56.0	7780.0
58.0	2137.0
57.0	941.0
55.0	764.0
56.0	18252.0
56.0	449.0
58.0	877.0
54.0	466.0
59.0	5515.0
56.0	544.0
62.0	1026.0
56.0	1890.0
55.0	450.0
59.0	16900.0
55.0	491.0
56.0	5498.0
56.0	1125.0
57.0	4784.0
57.0	2867.0
59.0	17535.0
59.0	4324.0
60.0	10939.0
58.0	2429.0
56.0	878.0
56.0	1037.0
58.0	2591.0
52.0	2935.0
63.0	4066.0
57.0	4455.0
56.0	609.0
58.0	7609.0
55.0	1876.0
56.0	537.0
57.0	1274.0
56.0	2739.0
59.0	2273.0
63.0	4517.0
58.0	5669.0
60.0	2968.0
56.0	2253.0
58.0	7855.0
57.0	7204.0
59.0	5515.0
63.0	3387.0
63.0	4116.0
56.0	760.0
59.0	798.0
62.0	5833.0
57.0	3018.0
64.0	5000.0
58.0	4042.0
57.0	2178.0
62.0	540.0
59.0	666.0
60.0	4836.0
58.0	12297.0
59.0	5375.0
63.0	4352.0
56.0	876.0
58.0	2210.0
58.0	2709.0
55.0	4409.0
62.0	4389.0
61.0	819.0
55.0	545.0
59.0	1863.0
58.0	648.0
63.0	540.0
56.0	3145.0
58.0	2757.0
62.0	4201.0
57.2	1883.0
56.0	1219.0
58.0	3111.0
59.0	5082.0
60.0	12493.0
55.0	9946.0
57.0	1856.0
55.0	15395.0
58.0	4234.0
55.0	628.0
54.0	814.0
57.0	829.0
55.0	1332.0
59.0	6479.0
59.0	9551.0
59.0	2636.0
56.0	451.0
64.0	16690.0
58.0	1697.0
57.0	2175.0
58.0	11437.0
61.0	3640.0
62.0	11632.0
58.5	10763.0
55.0	828.0
59.0	14775.0
61.0	17329.0
57.0	4819.0
58.0	2006.0
57.0	1048.0
57.0	1161.0
56.0	1846.0
57.0	802.0
58.0	5849.0
61.0	10084.0
57.0	628.0
61.0	5208.0
62.0	4477.0
63.0	2487.0
61.0	1000.0
56.0	6388.0
62.0	577.0
57.0	6440.0
58.0	4608.0
56.0	1699.0
55.0	4871.0
59.0	876.0
57.0	4264.0
59.0	15601.0
56.0	2086.0
55.0	491.0
56.5	457.0
58.0	7473.0
56.0	18304.0
59.0	720.0
56.0	1637.0
61.0	565.0
57.0	505.0
61.0	5548.0
59.0	6833.0
59.0	3544.0
59.0	5674.0
53.0	1962.0
59.0	4368.0
53.0	2918.0
57.0	1289.0
54.0	4602.0
57.0	6838.0
57.0	810.0
59.0	10702.0
56.0	5833.0
57.0	5047.0
57.0	4331.0
57.0	1888.0
56.0	6742.0
55.0	6564.0
56.0	4826.0
56.0	3424.0
55.0	614.0
56.0	6733.0
56.0	4023.0
59.0	4064.0
57.0	3794.0
57.0	995.0
54.0	907.0
57.0	13369.0
58.0	4604.0
56.0	8058.0
61.0	4622.0
59.0	700.0
57.0	5973.0
60.0	8812.0
55.0	3167.0
56.0	8644.0
56.0	1598.0
56.0	2870.0
57.0	4825.0
53.3	832.0
56.0	4484.0
59.0	15589.0
57.0	14364.0
57.0	9266.0
56.0	5013.0
60.0	3180.0
57.0	6000.0
56.0	435.0
57.0	843.0
56.0	8709.0
56.0	827.0
60.0	729.0
56.0	539.0
58.0	943.0
54.0	6084.0
57.0	3799.0
61.0	3871.0
56.0	1696.0
60.0	630.0
54.0	523.0
55.0	3164.0
57.0	4413.0
60.0	3193.0
55.0	544.0
54.0	1094.0
60.0	1064.0
61.0	2049.0
60.0	4845.0
59.0	12071.0
55.0	10349.0
56.0	464.0
61.0	5094.0
55.0	2484.0
59.0	7378.0
58.0	2827.0
56.0	7900.0
55.0	5993.0
60.0	2430.0
53.0	11668.0
57.0	7339.0
57.0	11804.0
60.0	759.0
56.0	1008.0
55.0	584.0
59.0	4740.0
61.0	2446.0
58.0	11455.0
59.0	12633.0
57.0	505.0
57.0	5219.0
57.0	2375.0
58.0	5678.0
58.0	4767.0
56.0	6262.0
61.0	4242.0
55.0	1008.0
56.0	1381.0
59.0	10702.0
58.0	590.0
61.0	551.0
58.0	4932.0
61.0	638.0
57.0	765.0
58.0	4702.0
56.0	4129.0
58.0	4537.0
53.0	863.0
56.0	625.0
59.0	3998.0
57.0	534.0
59.0	11464.0
56.0	523.0
59.0	6216.0
62.0	5335.0
56.0	5483.0
55.0	1151.0
55.0	4883.0
56.0	6541.0
57.0	765.0
55.0	554.0
53.0	983.0
60.0	18026.0
63.0	4484.0
55.0	541.0
56.0	1560.0
57.0	3363.0
55.0	599.0
58.0	4814.0
59.0	3994.0
57.0	1872.0
58.0	6710.0
60.0	628.0
59.0	5559.0
57.0	1715.0
61.0	3734.0
53.9	743.0
59.0	2058.0
57.0	15288.0
57.0	4435.0
64.0	480.0
55.0	10989.0
59.0	16677.0
56.0	2270.0
58.0	876.0
56.0	18392.0
56.0	4250.0
63.0	1178.0
58.0	3884.0
65.0	2338.0
56.0	5287.0
60.0	5285.0
59.0	5205.0
54.0	782.0
59.0	775.0
58.0	7316.0
56.0	537.0
60.0	4498.0
60.0	4578.0
58.0	4911.0
57.0	5003.0
58.0	6917.0
58.0	18508.0
54.0	2565.0
61.0	4432.0
55.0	3412.0
58.0	5294.0
55.0	1238.0
58.0	13099.0
57.0	14724.0
56.0	1054.0
56.0	2784.0
60.0	11189.0
60.0	4930.0
59.0	898.0
61.0	13144.0
57.0	7495.0
60.0	10628.0
56.0	708.0
57.0	1387.0
59.0	4191.0
59.0	3671.0
59.0	1915.0
57.0	7273.0
57.0	4233.0
59.0	5799.0
56.0	4014.0
60.0	11455.0
60.0	4050.0
55.0	628.0
57.0	2870.0
57.0	545.0
62.0	14893.0
58.0	8034.0
56.0	628.0
55.0	1453.0
59.0	6755.0
58.0	1609.0
59.0	4884.0
55.0	8771.0
59.0	7358.0
60.0	3890.0
55.0	3538.0
56.0	625.0
56.0	1668.0
58.0	1007.0
53.0	751.0
56.0	12764.0
60.0	628.0
58.0	4876.0
56.0	5802.0
58.0	802.0
60.0	4238.0
57.0	833.0
57.0	1744.0
58.0	8629.0
56.0	661.0
55.0	1439.0
56.0	12332.0
56.0	449.0
59.0	4724.0
57.0	1320.0
59.0	2133.0
59.0	5400.0
57.0	5510.0
58.0	489.0
55.0	5833.0
57.0	7193.0
61.0	473.0
60.0	5871.0
56.0	15760.0
58.0	720.0
56.0	689.0
58.0	683.0
59.0	12880.0
54.0	2964.0
61.0	667.0
58.0	468.0
58.0	4639.0
60.0	8490.0
59.0	4348.0
57.0	5260.0
56.0	1013.0
55.0	1263.0
54.0	491.0
56.0	8920.0
55.0	632.0
59.0	4128.0
56.0	628.0
58.0	4830.0
58.0	3984.0
61.0	4093.0
54.0	7659.0
59.0	5624.0
60.0	3665.0
54.0	7181.0
54.0	537.0
59.0	4078.0
60.0	6566.0
56.0	3146.0
58.0	4201.0
57.0	2522.0
64.0	5911.0
57.0	1596.0
61.0	1962.0
54.0	450.0
57.0	9898.0
57.0	6048.0
57.0	4101.0
64.0	1180.0
57.0	1388.0
58.0	1024.0
58.0	554.0
56.0	4256.0
58.0	907.0
58.0	5885.0
56.0	9444.0
60.3	1786.0
59.0	14866.0
56.0	586.0
58.0	3888.0
56.0	2585.0
56.0	2120.0
57.0	11109.0
57.0	1639.0
57.0	630.0
57.0	3335.0
61.0	3701.0
57.0	5610.0
57.0	7803.0
60.0	491.0
57.0	646.0
58.0	648.0
55.0	537.0
56.0	7291.0
57.0	2559.0
58.0	10224.0
60.0	6250.0
55.0	6716.0
65.0	1239.0
57.0	7476.0
57.0	1846.0
58.0	936.0
59.0	7113.0
54.0	814.0
59.0	608.0
60.0	3555.0
62.0	4559.0
57.0	12179.0
57.0	15148.0
58.0	12931.0
57.0	2485.0
56.0	1337.0
60.0	4816.0
61.0	5951.0
59.0	4685.0
60.0	2367.0
58.0	5292.0
58.0	3137.0
57.0	4798.0
55.0	684.0
59.0	1840.0
57.0	8852.0
59.0	2336.0
60.0	18318.0
57.0	2742.0
57.0	648.0
54.0	6106.0
60.0	4749.0
58.0	720.0
58.0	4475.0
58.0	12308.0
57.0	5951.0
57.0	4150.0
59.0	539.0
57.0	3696.0
55.0	14837.0
57.0	607.0
57.0	5317.0
57.0	13421.0
54.0	689.0
57.0	6470.0
60.0	775.0
57.0	5171.0
53.4	1338.0
57.0	7840.0
60.0	14032.0
55.0	4661.0
54.0	1043.0
58.0	17065.0
56.0	5746.0
57.0	522.0
61.0	5237.0
54.0	6867.0
56.0	3770.0
53.0	4369.0
57.0	544.0
55.0	584.0
61.0	5315.0
57.0	4995.0
58.0	2218.0
55.0	2875.0
56.0	545.0
57.0	5657.0
56.0	919.0
57.0	11473.0
59.0	17887.0
59.0	5700.0
58.0	1115.0
58.0	3447.0
57.0	17403.0
55.0	533.0
58.0	9341.0
58.0	540.0
60.0	11177.0
59.0	972.0
56.0	12641.0
59.0	6159.0
56.0	1412.0
56.0	12702.0
56.0	2317.0
57.0	3201.0
56.0	1834.0
59.0	6291.0
56.0	13427.0
57.0	14956.0
61.0	5650.0
57.0	5807.0
58.0	2172.0
56.0	4255.0
57.0	6150.0
57.0	847.0
56.0	3153.0
56.0	4745.0
59.0	1175.0
54.0	2354.0
65.0	2362.0
55.0	489.0
58.0	505.0
62.0	1599.0
58.0	10333.0
57.0	3038.0
57.0	2832.0
62.0	10761.0
56.0	814.0
57.0	2553.0
55.0	707.0
58.0	596.0
55.0	1132.0
60.0	17489.0
53.0	1154.0
58.0	8223.0
60.0	802.0
58.0	461.0
54.0	764.0
59.0	4702.0
59.0	3629.0
58.0	2141.0
57.0	17820.0
59.0	4235.0
59.0	7554.0
62.0	5809.0
57.0	1255.0
57.0	2596.0
58.0	544.0
55.0	3011.0
59.0	5469.0
60.0	1024.0
58.0	967.0
57.0	3989.0
57.0	6357.0
57.0	18659.0
54.0	5551.0
58.0	4369.0
59.0	1033.0
62.0	2644.0
64.0	4700.0
55.0	2278.0
56.0	14199.0
55.0	2469.0
60.0	17761.0
55.0	1088.0
59.0	5937.0
55.0	544.0
55.0	528.0
55.0	1454.0
54.0	1248.0
56.0	527.0
59.0	11748.0
61.0	7802.0
56.0	10584.0
55.0	489.0
55.0	1936.0
59.0	11127.0
58.0	11508.0
59.0	3710.0
60.0	3915.0
55.0	936.0
57.0	660.0
54.0	1353.0
56.0	838.0
57.0	5712.0
57.0	5820.0
60.0	4494.0
56.0	7680.0
56.0	921.0
57.0	5418.0
55.0	776.0
53.9	14998.0
55.0	6030.0
57.0	18062.0
59.0	922.0
61.0	2453.0
56.0	921.0
59.0	382.0
55.0	1766.0
56.0	625.0
55.0	3640.0
57.0	5736.0
58.0	1046.0
56.0	5387.0
58.0	7277.0
59.0	593.0
56.0	465.0
57.0	9700.0
57.0	1611.0
55.0	4836.0
60.0	8624.0
60.0	3926.0
55.0	4004.0
58.0	16075.0
54.0	17245.0
59.0	4144.0
55.0	1427.0
60.8	12429.0
56.0	1250.0
57.0	868.0
56.0	3036.0
56.0	8941.0
58.0	4432.0
57.0	6783.0
55.0	3584.0
56.0	5805.0
56.0	2804.0
58.0	4373.0
54.0	464.0
60.0	12092.0
67.0	11263.0
56.0	2492.0
54.0	4939.0
56.0	665.0
55.0	1780.0
56.0	2435.0
61.0	1359.0
57.0	1437.0
59.0	579.0
57.0	3786.0
59.0	5439.0
60.0	4608.0
57.0	10053.0
60.0	3732.0
58.0	16530.0
57.0	6411.0
60.0	2077.0
55.0	504.0
54.0	482.0
58.0	4042.0
56.0	17312.0
57.0	504.0
57.0	5853.0
62.0	6857.0
56.6	6255.0
57.0	743.0
61.0	4637.0
59.0	8915.0
57.0	2335.0
56.0	429.0
57.0	1197.0
56.0	2797.0
55.0	1757.0
61.0	749.0
55.0	8583.0
57.0	489.0
56.0	596.0
58.0	5454.0
57.0	4830.0
58.0	906.0
59.0	561.0
59.0	5026.0
59.0	3480.0
55.0	1710.0
56.0	1016.0
59.0	11427.0
60.0	6230.0
60.0	2840.0
57.0	3749.0
54.0	1279.0
57.0	526.0
58.0	5217.0
61.0	3810.0
58.0	7459.0
59.0	5415.0
54.0	907.0
56.0	5291.0
56.0	959.0
59.0	10162.0
57.0	2327.0
56.0	691.0
58.0	429.0
61.0	1324.0
57.0	10769.0
58.0	1265.0
59.0	5904.0
58.0	4395.0
55.0	596.0
58.0	13095.0
56.3	14033.0
56.0	14014.0
56.0	4044.0
59.0	3326.0
56.0	807.0
60.0	10182.0
57.0	1116.0
54.0	537.0
59.0	4368.0
53.9	491.0
61.0	9218.0
54.0	878.0
55.0	707.0
58.0	991.0
54.0	1017.0
56.0	4705.0
55.0	1941.0
56.0	6784.0
55.0	11678.0
57.0	1201.0
64.0	4242.0
59.0	5929.0
60.0	5123.0
59.0	2034.0
57.0	729.0
57.0	11540.0
55.0	496.0
54.0	1550.0
57.0	5752.0
58.0	8471.0
57.0	7619.0
60.0	4842.0
58.0	898.0
58.0	13233.0
59.0	3472.0
59.0	11540.0
55.1	2992.0
58.0	9224.0
57.0	4268.0
54.0	1449.0
58.0	1033.0
57.0	2154.0
63.0	3160.0
62.0	9576.0
60.0	4432.0
67.0	2825.0
56.0	2691.0
56.0	614.0
58.0	720.0
58.0	5884.0
56.0	789.0
59.0	11738.0
56.0	552.0
54.0	3985.0
54.0	1227.0
61.0	4566.0
58.0	5780.0
62.0	666.0
55.0	3074.0
57.1	2854.0
57.0	6451.0
57.0	9041.0
55.0	1331.0
55.0	802.0
60.0	13986.0
56.0	480.0
58.0	625.0
59.0	12423.0
60.0	505.0
56.0	4155.0
59.0	11855.0
55.0	2410.0
59.0	5458.0
59.0	14949.0
54.0	500.0
56.0	1349.0
56.0	7313.0
60.0	7072.0
59.0	521.0
60.0	4638.0
59.0	5508.0
56.0	655.0
60.0	3301.0
56.0	511.0
60.0	9898.0
57.0	2420.0
57.0	8936.0
58.0	6077.0
55.0	2184.0
56.0	1637.0
61.0	6651.0
55.0	14408.0
58.0	4798.0
61.0	10291.0
57.0	435.0
60.0	2106.0
59.0	1156.0
56.0	1166.0
59.0	2395.0
56.0	3669.0
59.0	608.0
60.0	3425.0
58.0	10681.0
58.0	5592.0
55.0	668.0
58.0	3675.0
59.0	3790.0
55.0	504.0
56.0	3137.0
55.0	3862.0
60.0	8109.0
58.0	1877.0
59.0	6666.0
55.0	505.0
59.0	18055.0
55.0	18541.0
56.0	3364.0
57.0	3611.0
60.0	898.0
55.0	9987.0
59.0	579.0
59.0	4980.0
58.0	4716.0
58.0	3423.0
55.0	7562.0
55.0	448.0
60.0	5897.0
57.0	4771.0
54.0	504.0
55.0	1220.0
58.0	18029.0
61.0	389.0
57.0	6384.0
56.0	505.0
57.0	9157.0
63.0	5668.0
58.0	5171.0
59.0	11934.0
56.0	2846.0
58.0	7764.0
56.0	5382.0
60.0	5871.0
57.0	773.0
58.0	867.0
57.0	1715.0
59.0	5767.0
57.0	709.0
60.0	6607.0
59.0	4191.0
56.0	2908.0
58.0	6215.0
58.0	2300.0
63.0	681.0
59.0	5192.0
58.0	11333.0
55.0	1148.0
59.0	684.0
53.0	7534.0
55.0	583.0
56.0	5062.0
60.0	3652.0
60.0	2083.0
57.0	7627.0
58.0	3546.0
57.0	18308.0
59.0	4890.0
63.0	4469.0
56.0	1920.0
58.0	2368.0
57.0	5149.0
56.0	17247.0
60.0	1024.0
56.0	625.0
57.0	376.0
60.0	4758.0
58.0	12981.0
62.0	3838.0
56.0	2206.0
58.0	544.0
55.0	620.0
55.0	5238.0
56.0	2998.0
59.0	4294.0
57.0	1669.0
61.0	743.0
57.0	3924.0
55.0	432.0
55.0	5424.0
56.0	12219.0
57.0	13756.0
56.0	537.0
55.0	446.0
57.0	5111.0
60.0	6291.0
62.0	9681.0
54.0	491.0
57.0	572.0
57.0	1846.0
59.0	995.0
58.0	8936.0
59.0	1099.0
54.0	815.0
58.0	788.0
61.0	2883.0
62.0	4836.0
60.0	6458.0
56.0	490.0
56.0	6630.0
57.0	2107.0
58.0	18426.0
57.0	1759.0
56.0	6566.0
56.0	5188.0
57.0	814.0
58.0	2585.0
57.0	675.0
58.0	558.0
57.0	1842.0
59.0	631.0
59.0	13445.0
55.1	637.0
59.0	7092.0
58.0	4309.0
56.0	605.0
55.0	2816.0
60.0	8165.0
55.0	2530.0
59.0	1846.0
56.0	13063.0
55.0	591.0
60.0	12152.0
58.0	5595.0
59.0	3735.0
59.0	14888.0
60.0	3830.0
58.0	4354.0
55.0	5219.0
55.0	1016.0
57.0	9604.0
55.0	789.0
54.0	449.0
55.0	607.0
59.0	7092.0
57.0	3546.0
58.0	596.0
61.0	3696.0
63.0	5768.0
58.0	4785.0
54.0	1385.0
57.0	6134.0
56.0	587.0
56.0	486.0
55.0	18374.0
57.0	10206.0
60.0	759.0
57.0	17219.0
55.0	921.0
56.0	3417.0
56.0	3420.0
55.0	573.0
59.0	855.0
61.0	3624.0
57.0	4959.0
56.0	802.0
58.0	6229.0
54.0	421.0
56.0	467.0
57.0	11654.0
58.0	10721.0
56.0	794.0
58.0	5447.0
57.0	1607.0
57.0	4325.0
61.0	3114.0
70.0	1293.0
58.0	16650.0
61.0	4494.0
58.0	10775.0
59.0	4631.0
58.0	1043.0
56.0	11133.0
57.0	3180.0
56.0	4652.0
55.0	561.0
55.0	2315.0
56.0	4469.0
58.0	505.0
57.0	4101.0
55.0	1132.0
56.0	5312.0
57.0	1134.0
60.0	3924.0
59.0	11194.0
57.0	5418.0
59.0	2825.0
56.0	1359.0
56.0	1017.0
58.0	6038.0
56.0	4689.0
58.0	12300.0
56.0	17760.0
55.0	717.0
58.0	4606.0
58.0	10548.0
64.0	2934.0
55.5	6076.0
55.0	10333.0
58.0	5134.0
60.0	8818.0
57.0	2096.0
55.0	5318.0
59.0	11206.0
58.0	958.0
54.0	491.0
58.0	10331.0
56.0	4007.0
58.0	11512.0
55.0	433.0
58.0	13919.0
58.0	789.0
59.0	938.0
58.0	473.0
59.0	965.0
60.0	3229.0
57.0	4558.0
59.0	12998.0
57.0	1822.0
58.0	8069.0
60.0	4836.0
58.0	17184.0
60.0	665.0
56.0	12119.0
56.0	4873.0
57.0	700.0
60.0	3991.0
56.0	5902.0
56.0	4326.0
57.0	2961.0
58.0	683.0
56.0	2316.0
58.0	3643.0
57.0	5141.0
61.0	7204.0
55.0	906.0
57.0	7742.0
57.0	8709.0
55.0	1219.0
60.0	2840.0
55.0	7036.0
58.0	6934.0
55.0	3959.0
58.0	4191.0
60.0	648.0
60.0	3160.0
57.0	489.0
58.0	4578.0
56.0	3124.0
57.0	5063.0
57.0	1009.0
59.0	432.0
57.0	2145.0
57.0	6317.0
58.0	4872.0
57.0	4410.0
56.0	789.0
57.0	10886.0
55.0	378.0
60.0	972.0
56.0	2006.0
61.0	10277.0
56.0	6757.0
57.0	576.0
57.0	5387.0
61.0	5050.0
59.0	684.0
60.0	5822.0
58.0	13078.0
61.0	2296.0
57.0	2096.0
58.0	5376.0
57.0	2585.0
56.0	936.0
56.0	2856.0
58.0	17447.0
61.0	3838.0
58.0	2429.0
57.0	540.0
54.0	1554.0
61.0	3394.0
55.0	807.0
58.0	2530.0
56.0	852.0
58.0	4303.0
59.0	1439.0
55.0	713.0
56.0	937.0
57.0	4558.0
57.0	5510.0
58.0	7990.0
60.0	683.0
53.0	3285.0
55.0	778.0
58.0	5251.0
55.0	577.0
55.0	5775.0
60.0	5111.0
56.0	448.0
62.0	2596.0
59.0	3730.0
57.0	3033.0
59.0	7328.0
55.0	2450.0
56.5	5002.0
57.0	707.0
58.0	898.0
60.0	5266.0
55.0	605.0
57.0	2302.0
61.0	4732.0
57.0	450.0
58.0	765.0
58.0	449.0
55.0	1847.0
58.0	5194.0
60.0	3887.0
59.0	5550.0
53.0	6619.0
55.0	790.0
61.0	14543.0
57.0	878.0
57.0	13477.0
59.0	16151.0
55.0	2348.0
63.0	4603.0
56.0	7949.0
61.0	6766.0
56.0	1153.0
60.3	1832.0
60.0	9833.0
59.0	990.0
57.0	16900.0
56.0	8385.0
55.0	568.0
63.0	17713.0
59.0	12058.0
65.0	15618.0
60.0	798.0
59.0	2550.0
56.0	2628.0
56.0	4537.0
57.0	3548.0
57.0	3226.0
60.0	1202.0
56.0	1668.0
55.0	720.0
58.0	12084.0
56.0	421.0
56.0	919.0
61.0	3864.0
63.0	7959.0
54.0	720.0
57.0	2313.0
58.0	2468.0
60.0	1265.0
57.0	446.0
61.0	3027.0
56.0	8508.0
58.0	5554.0
61.0	8904.0
56.0	1239.0
58.0	628.0
56.0	2076.0
55.0	648.0
55.0	648.0
59.0	11560.0
55.0	4580.0
57.0	5306.0
60.0	3800.0
59.0	473.0
56.0	8010.0
56.0	554.0
57.0	1117.0
57.0	977.0
59.0	6710.0
58.0	576.0
55.0	1776.0
57.0	14167.0
59.0	6263.0
55.2	806.0
57.0	2034.0
55.0	568.0
58.0	6793.0
52.0	6405.0
59.0	4548.0
54.0	2912.0
58.0	2234.0
58.0	4965.0
58.0	5458.0
56.0	1800.0
59.0	6870.0
66.0	1138.0
56.0	2875.0
55.0	6860.0
59.0	900.0
54.0	567.0
54.0	671.0
57.0	4372.0
56.0	7079.0
57.0	3610.0
55.0	668.0
59.0	9394.0
57.0	698.0
57.0	3367.0
56.0	15096.0
63.0	613.0
55.0	14426.0
56.0	17392.0
55.0	3167.0
56.0	11365.0
56.0	2326.0
56.0	2617.0
58.0	2318.0
57.0	2040.0
56.0	772.0
57.0	3371.0
56.0	6788.0
55.0	8759.0
57.0	489.0
56.0	1243.0
63.0	624.0
60.0	4037.0
58.0	1116.0
59.0	5998.0
60.0	3713.0
58.0	4608.0
58.0	1240.0
53.0	15888.0
62.1	2282.0
58.0	4155.0
58.0	3261.0
63.0	7459.0
56.0	600.0
57.0	4584.0
55.0	5296.0
56.0	1981.0
58.0	1998.0
56.0	1421.0
61.0	12121.0
60.0	394.0
54.0	9818.0
56.0	6439.0
57.0	7409.0
58.0	6019.0
57.0	4965.0
56.0	3862.0
57.0	3760.0
57.0	1778.0
57.0	4434.0
57.0	1830.0
56.0	6202.0
55.2	1435.0
57.0	5683.0
56.0	511.0
58.0	4958.0
60.0	802.0
55.0	814.0
57.0	3234.0
57.0	4978.0
58.0	12338.0
58.0	4293.0
57.0	2418.0
55.8	1633.0
57.0	18648.0
57.0	10468.0
56.0	12829.0
59.0	6527.0
57.0	669.0
57.0	2608.0
60.0	2985.0
55.0	698.0
57.0	14215.0
58.0	2961.0
56.0	4955.0
59.0	4242.0
58.0	1035.0
58.0	8408.0
58.0	7459.0
59.0	4642.0
58.0	5367.0
56.0	1748.0
60.0	2546.0
55.0	752.0
56.0	1043.0
58.0	4309.0
57.0	15065.0
56.0	1438.0
56.0	3737.0
55.0	482.0
53.0	684.0
58.0	8517.0
56.0	855.0
58.0	4732.0
62.0	3447.0
54.0	2947.0
58.0	15395.0
58.0	802.0
59.0	4158.0
56.0	827.0
58.0	7119.0
60.0	775.0
56.0	7747.0
57.0	12587.0
57.0	457.0
58.0	2866.0
57.0	7106.0
58.0	4250.0
55.0	431.0
63.0	5684.0
59.0	4242.0
56.0	9548.0
55.0	921.0
57.0	4821.0
61.0	1939.0
59.0	2376.0
60.0	16319.0
59.0	11579.0
57.0	6320.0
59.0	743.0
64.0	4732.0
60.0	2935.0
56.0	1808.0
60.0	5622.0
56.0	4678.0
55.0	9706.0
55.2	513.0
56.0	5704.0
58.0	6019.0
59.0	788.0
59.0	7982.0
57.0	8710.0
58.0	698.0
57.0	2594.0
56.0	2074.0
55.0	1762.0
60.0	5260.0
56.0	1331.0
55.0	648.0
62.0	2375.0
56.0	6468.0
57.0	4874.0
57.0	10639.0
59.0	11360.0
58.0	1942.0
57.0	648.0
55.0	698.0
54.0	3164.0
61.0	18604.0
66.0	8133.0
57.0	8275.0
59.0	878.0
63.0	7583.0
56.0	3014.0
55.0	580.0
57.0	5977.0
54.0	8235.0
61.0	3160.0
55.0	4911.0
58.0	12554.0
57.0	5028.0
56.0	7055.0
57.0	6061.0
55.0	689.0
54.4	610.0
61.0	10468.0
58.0	5028.0
55.0	450.0
58.0	3250.0
54.0	7414.0
53.0	1227.0
56.0	5936.0
57.0	12117.0
58.0	11820.0
57.0	489.0
58.0	11037.0
60.0	9254.0
60.0	489.0
57.0	2370.0
63.0	2187.0
56.0	1213.0
59.0	3118.0
56.0	7084.0
56.0	5614.0
60.0	3141.0
56.0	2372.0
56.0	6632.0
56.0	449.0
57.0	1684.0
56.0	1227.0
55.0	18442.0
55.1	2339.0
56.1	853.0
61.0	1219.0
57.0	698.0
58.0	3110.0
55.0	475.0
55.0	730.0
60.0	378.0
54.0	1088.0
56.0	6962.0
57.0	587.0
60.0	10145.0
59.0	14042.0
55.0	1880.0
57.0	665.0
57.0	2844.0
55.0	4028.0
56.0	2197.0
54.0	1920.0
57.0	537.0
57.0	2320.0
58.0	15917.0
58.0	5576.0
57.0	10078.0
58.0	600.0
57.5	1590.0
58.0	489.0
57.0	1970.0
58.0	12747.0
60.0	13626.0
57.0	12210.0
55.0	1908.0
59.0	4355.0
60.0	1043.0
57.0	4213.0
58.0	625.0
57.0	1421.0
62.0	2401.0
54.0	1250.0
56.0	6518.0
56.0	4243.0
58.0	13797.0
59.0	2376.0
56.0	2202.0
59.0	13387.0
59.0	6002.0
61.0	9878.0
58.0	1247.0
59.0	2159.0
55.0	462.0
55.0	1268.0
56.0	1098.0
55.0	5577.0
57.0	700.0
58.0	13278.0
58.0	625.0
61.0	5832.0
57.0	507.0
57.0	2498.0
56.0	5222.0
60.0	1705.0
54.0	7222.0
55.0	877.0
57.0	6045.0
54.0	10728.0
60.0	802.0
60.0	4745.0
54.0	10045.0
55.0	1435.0
60.0	16643.0
55.0	698.0
56.0	482.0
56.0	5646.0
59.0	473.0
58.0	5454.0
55.0	5277.0
59.0	5277.0
57.0	7235.0
55.0	461.0
57.0	8094.0
55.0	1125.0
63.0	1899.0
54.0	689.0
58.0	2155.0
61.0	2845.0
59.0	6071.0
61.0	421.0
55.0	8541.0
57.0	5055.0
61.0	440.0
58.0	5673.0
59.0	521.0
60.0	15530.0
56.0	1069.0
55.0	936.0
60.0	14581.0
56.4	6275.0
55.0	491.0
58.0	2048.0
57.0	7506.0
58.0	491.0
59.0	2409.0
56.0	984.0
65.0	2717.0
59.0	18236.0
57.0	5047.0
55.0	984.0
56.0	4022.0
62.0	3209.0
60.0	521.0
57.0	689.0
60.0	4412.0
55.0	4939.0
59.0	13206.0
59.0	1600.0
54.0	8014.0
55.0	776.0
60.0	5460.0
57.0	1723.0
55.0	820.0
56.0	850.0
55.0	7201.0
56.0	1080.0
59.0	7774.0
59.0	13872.0
57.0	4256.0
58.0	2155.0
56.0	1766.0
56.0	1628.0
58.0	2245.0
55.0	725.0
58.0	8405.0
54.0	5641.0
59.0	2275.0
55.0	1882.0
59.0	9173.0
57.0	491.0
56.0	1013.0
56.0	1087.0
57.0	2376.0
57.0	787.0
56.0	5093.0
60.0	4836.0
58.0	13119.0
58.0	7216.0
58.0	473.0
60.0	14749.0
57.0	4687.0
57.0	4788.0
56.0	1116.0
57.0	12087.0
60.0	2048.0
55.0	3417.0
59.0	512.0
62.0	7714.0
58.0	7527.0
59.0	2398.0
58.0	1114.0
60.0	2777.0
55.0	1905.0
57.0	603.0
57.0	7123.0
62.0	4652.0
59.0	1621.0
63.0	2399.0
57.0	9523.0
58.0	7438.0
56.0	4129.0
57.0	5833.0
54.0	4909.0
53.0	722.0
58.0	1844.0
58.0	17521.0
62.0	965.0
61.0	17952.0
59.0	4242.0
59.0	612.0
58.0	2180.0
55.0	964.0
54.0	816.0
59.0	10274.0
56.0	2997.0
62.0	3679.0
59.0	7147.0
56.0	6670.0
56.0	8062.0
55.0	505.0
61.0	11708.0
59.0	5260.0
58.0	8686.0
58.0	4125.0
58.0	3790.0
54.0	1949.0
63.0	9660.0
56.0	6075.0
58.0	5722.0
54.0	628.0
59.0	2788.0
58.0	1134.0
60.0	10485.0
55.0	1699.0
58.0	4769.0
58.0	605.0
59.0	5280.0
57.0	8891.0
59.0	9464.0
54.0	1020.0
55.0	504.0
58.0	13905.0
58.0	551.0
61.0	8854.0
61.0	761.0
60.0	6974.0
56.0	901.0
56.0	836.0
58.0	9700.0
57.0	5347.0
56.0	15032.0
59.0	4520.0
61.0	3830.0
57.0	11435.0
57.0	666.0
58.0	2066.0
54.0	995.0
57.0	450.0
57.0	12825.0
60.0	15428.0
56.0	3733.0
56.0	12226.0
62.0	9314.0
58.0	4872.0
57.0	503.0
55.0	2505.0
56.0	1626.0
56.0	449.0
60.0	5149.0
55.0	517.0
57.0	5149.0
59.0	11189.0
62.0	16287.0
62.0	4648.0
58.6	12378.0
62.0	7235.0
59.0	18254.0
59.0	3208.0
55.0	4572.0
58.0	1865.0
59.0	6962.0
56.0	876.0
56.0	1625.0
61.0	4821.0
64.0	730.0
56.0	434.0
60.0	4832.0
58.0	4332.0
57.0	4924.0
56.0	5854.0
55.0	6797.0
58.0	5055.0
58.0	5048.0
57.0	9625.0
57.0	7047.0
56.0	5125.0
56.0	3274.0
57.0	6046.0
60.0	17473.0
60.0	10542.0
56.0	463.0
61.0	18115.0
56.0	4620.0
60.0	765.0
58.0	4513.0
57.0	4173.0
54.0	5751.0
60.0	684.0
60.0	6166.0
56.0	787.0
62.0	417.0
57.0	7850.0
59.0	698.0
57.0	8194.0
60.0	1932.0
60.0	3054.0
56.0	992.0
59.0	9046.0
61.0	10758.0
60.0	9088.0
59.0	675.0
58.0	936.0
60.0	4991.0
58.0	1883.0
61.0	675.0
56.0	7743.0
59.0	5860.0
54.0	1402.0
58.0	5280.0
59.0	4246.0
54.0	1353.0
55.0	3964.0
58.0	1097.0
56.0	490.0
54.0	1879.0
55.0	576.0
55.0	5554.0
57.0	3963.0
56.0	7477.0
58.0	5416.0
54.0	1370.0
55.0	6791.0
55.0	945.0
57.0	2122.0
56.0	4404.0
59.0	12554.0
61.0	2177.0
60.0	2201.0
54.0	464.0
56.0	4368.0
59.0	731.0
60.0	554.0
57.0	773.0
57.0	847.0
55.0	2945.0
56.0	1119.0
55.0	4682.0
55.0	4685.0
56.0	16031.0
58.0	13376.0
58.0	2093.0
55.0	9416.0
59.0	683.0
55.0	6110.0
60.0	3349.0
55.0	1209.0
57.0	9551.0
58.0	4682.0
58.0	6025.0
54.0	1270.0
58.0	936.0
55.0	936.0
58.0	4128.0
57.0	4381.0
57.0	6406.0
57.0	5416.0
56.0	18561.0
54.0	1616.0
58.0	4604.0
57.0	631.0
57.0	5521.0
55.0	1880.0
55.0	730.0
55.0	1668.0
56.0	5140.0
57.0	5053.0
55.0	1375.0
57.0	473.0
58.0	2972.0
56.0	2264.0
60.0	8467.0
61.0	7509.0
60.0	17892.0
62.0	4513.0
56.0	1426.0
61.0	3302.0
56.0	7273.0
60.0	8184.0
56.0	2289.0
58.0	907.0
57.0	700.0
61.0	3105.0
57.0	764.0
57.0	3005.0
56.0	5292.0
59.0	4830.0
58.0	11280.0
56.0	1246.0
55.0	4662.0
59.0	2772.0
58.0	1154.0
59.0	4234.0
57.0	5889.0
56.0	675.0
59.0	7431.0
56.0	8004.0
56.0	1571.0
57.0	6133.0
56.0	5386.0
55.0	815.0
58.0	2363.0
60.0	10951.0
57.0	4455.0
60.0	573.0
55.9	13887.0
61.0	8825.0
61.0	4368.0
59.0	5045.0
56.0	3115.0
55.0	464.0
58.0	17156.0
55.0	1163.0
59.0	1889.0
60.0	776.0
55.0	544.0
55.0	10752.0
53.0	16733.0
56.0	581.0
58.0	6005.0
57.0	765.0
55.0	2250.0
56.0	4096.0
63.0	504.0
60.0	9959.0
56.0	5466.0
56.0	2877.0
56.0	827.0
59.0	2717.0
57.0	6675.0
59.0	11413.0
60.0	14126.0
60.0	2425.0
56.0	6095.0
60.0	625.0
56.0	1408.0
60.0	1219.0
58.0	9107.0
58.0	7918.0
56.0	625.0
58.0	1010.0
58.0	4984.0
58.0	707.0
59.0	17458.0
57.0	7729.0
60.0	4702.0
57.0	1087.0
58.0	5250.0
55.0	730.0
56.0	571.0
59.0	743.0
58.0	4350.0
55.0	526.0
60.0	18561.0
60.0	4616.0
55.0	625.0
57.0	625.0
55.0	721.0
58.0	6946.0
58.0	8289.0
60.0	2096.0
54.0	789.0
60.0	561.0
56.0	581.0
57.0	6783.0
59.0	2648.0
54.0	2583.0
60.0	4958.0
56.0	18559.0
54.0	522.0
59.0	3709.0
57.0	855.0
55.0	440.0
57.0	4155.0
57.0	665.0
58.0	6129.0
54.0	1591.0
57.0	4379.0
58.0	1410.0
59.0	720.0
59.0	2335.0
59.0	5238.0
58.0	579.0
57.0	4452.0
57.0	416.0
57.0	707.0
60.0	4623.0
58.0	3220.0
56.0	2909.0
57.0	3160.0
54.0	590.0
59.0	3250.0
58.0	807.0
57.0	16195.0
56.0	1185.0
56.0	905.0
56.0	17433.0
57.0	1247.0
57.0	544.0
57.0	1648.0
58.0	605.0
59.0	4977.0
57.0	1741.0
57.0	2657.0
60.0	537.0
58.0	11007.0
55.0	1190.0
60.0	9167.0
56.0	1618.0
61.0	16442.0
59.0	10959.0
57.0	11068.0
58.0	3920.0
58.0	5515.0
56.0	3902.0
57.0	6776.0
59.0	2892.0
57.0	5219.0
58.0	1064.0
55.0	877.0
56.0	1739.0
62.0	11825.0
59.0	4064.0
57.0	5383.0
55.0	2287.0
56.0	8301.0
57.0	4398.0
58.0	12617.0
57.0	4319.0
60.0	14364.0
55.0	8429.0
58.0	3357.0
55.0	1054.0
62.0	4518.0
55.0	4568.0
58.0	668.0
57.0	4201.0
56.0	612.0
56.0	1314.0
55.0	8614.0
55.0	8855.0
56.0	4081.0
58.0	855.0
54.0	4879.0
59.0	521.0
56.0	11206.0
57.0	2137.0
57.0	504.0
56.0	752.0
60.0	5050.0
63.0	1031.0
60.0	521.0
54.0	2420.0
58.0	5779.0
56.0	7105.0
54.0	2475.0
57.0	754.0
56.0	403.0
55.0	6458.0
58.0	7313.0
58.0	4980.0
56.0	516.0
57.0	2157.0
59.0	2670.0
57.0	1059.0
52.0	705.0
56.0	2152.0
56.0	6715.0
58.0	698.0
54.0	5305.0
59.0	4584.0
61.0	964.0
58.0	4938.0
57.0	7549.0
57.0	1385.0
61.0	8630.0
57.0	5055.0
59.0	10398.0
56.0	2268.0
56.0	873.0
55.0	1068.0
56.0	5839.0
59.0	4274.0
54.0	648.0
60.0	537.0
58.0	432.0
61.0	11688.0
55.0	2196.0
58.0	10912.0
61.0	14543.0
57.0	4375.0
53.0	2499.0
57.0	1980.0
57.0	5362.0
57.0	776.0
59.0	1773.0
61.0	10668.0
58.0	17019.0
56.0	1800.0
59.0	3255.0
58.0	417.0
59.0	8099.0
56.0	431.0
57.0	5926.0
59.0	17759.0
55.0	868.0
56.0	1775.0
58.0	6848.0
59.0	2699.0
59.0	11635.0
58.0	4064.0
59.0	1017.0
57.0	4919.0
59.0	4900.0
62.0	5637.0
56.0	1319.0
56.0	834.0
56.0	838.0
57.0	10319.0
57.0	5902.0
58.0	2141.0
55.0	3178.0
58.0	755.0
59.0	17805.0
57.0	5586.0
59.0	4836.0
56.0	828.0
55.0	729.0
60.0	5883.0
55.0	2294.0
56.0	1875.0
60.0	461.0
58.0	932.0
58.0	1069.0
57.0	1046.0
56.0	2269.0
58.0	1087.0
56.0	2960.0
57.0	13950.0
60.0	7227.0
57.0	17063.0
62.0	7340.0
56.0	7211.0
53.0	1312.0
55.0	687.0
57.0	1124.0
58.0	763.0
61.0	14720.0
59.0	7438.0
60.0	2763.0
64.0	8576.0
57.0	1017.0
57.0	10685.0
55.0	8286.0
60.0	1159.0
57.0	5220.0
55.0	4491.0
56.0	776.0
55.0	2049.0
58.0	610.0
57.0	561.0
59.0	1113.0
57.0	1154.0
55.0	4871.0
54.0	708.0
56.0	871.0
58.0	4861.0
64.0	5544.0
58.0	491.0
55.0	1401.0
56.0	1688.0
59.0	818.0
60.0	2333.0
59.0	675.0
58.0	2377.0
56.0	14348.0
58.0	4306.0
61.0	4355.0
59.5	4465.0
57.0	668.0
61.0	16092.0
57.0	4564.0
57.0	17403.0
55.0	1052.0
53.3	592.0
58.0	5191.0
57.0	13199.0
57.0	12617.0
60.0	505.0
58.0	12098.0
58.0	3810.0
58.0	11969.0
59.0	4978.0
61.0	9041.0
57.0	2258.0
58.0	2074.0
56.0	470.0
55.0	4249.0
56.0	1268.0
57.8	6497.0
58.0	5487.0
59.0	4324.0
60.0	5050.0
56.0	2993.0
56.0	1206.0
56.0	3581.0
55.0	3878.0
59.0	5490.0
56.0	4586.0
64.0	4909.0
54.0	508.0
59.0	11470.0
60.0	625.0
59.0	13846.0
55.0	440.0
59.0	752.0
57.0	5123.0
62.0	2331.0
56.0	4943.0
57.0	936.0
55.0	8498.0
58.0	5458.0
53.0	4559.0
57.0	3185.0
54.0	1828.0
55.0	5674.0
56.0	3804.0
66.0	13587.0
62.0	4128.0
54.0	464.0
55.0	620.0
60.0	1178.0
62.0	2421.0
59.0	10000.0
58.0	4444.0
60.0	540.0
63.0	3713.0
59.0	4603.0
59.0	450.0
57.0	815.0
57.0	919.0
57.0	5387.0
57.0	2207.0
59.0	2160.0
57.0	4234.0
70.0	2328.0
54.0	891.0
65.0	6871.0
58.0	776.0
55.0	776.0
54.0	2823.0
55.0	1695.0
56.0	5331.0
58.0	847.0
65.0	651.0
57.0	1140.0
55.0	7573.0
58.0	5450.0
56.0	665.0
59.0	2666.0
57.0	5664.0
58.0	5930.0
54.8	1605.0
55.0	955.0
56.0	4283.0
58.0	2485.0
56.0	18050.0
56.0	802.0
55.0	1637.0
58.0	15413.0
56.0	675.0
62.0	9005.0
55.0	5278.0
58.0	600.0
57.0	665.0
56.0	743.0
60.0	1799.0
59.0	10652.0
56.0	5005.0
60.0	1286.0
60.0	1115.0
61.0	2184.0
58.0	12047.0
58.0	3324.0
60.0	1708.0
57.0	4955.0
56.0	2053.0
55.0	9780.0
58.0	8261.0
58.0	3990.0
55.0	13823.0
60.0	666.0
57.0	2916.0
60.0	1361.0
61.0	4513.0
62.0	421.0
58.0	1088.0
57.0	552.0
57.0	15562.0
62.0	9169.0
59.0	581.0
54.0	5315.0
59.0	4842.0
56.0	9974.0
57.0	446.0
55.0	2157.0
58.0	407.0
55.0	2112.0
62.0	410.0
56.0	8617.0
55.0	4469.0
59.0	14058.0
56.0	1187.0
60.0	4692.0
61.0	5294.0
59.0	3676.0
61.0	2474.0
58.0	9237.0
54.0	729.0
60.0	806.0
57.0	1944.0
58.0	579.0
59.0	2938.0
57.0	5370.0
60.0	698.0
59.0	13599.0
58.0	4234.0
57.0	6368.0
56.0	1572.0
61.0	12121.0
59.0	4082.0
59.0	6294.0
58.0	707.0
54.0	2138.0
57.0	7072.0
59.0	2063.0
62.0	964.0
57.0	475.0
56.0	1865.0
55.0	1689.0
57.0	2240.0
62.0	4769.0
56.0	2316.0
62.0	552.0
54.0	776.0
59.0	9253.0
55.0	540.0
55.0	2084.0
57.0	4136.0
58.0	4874.0
62.0	1808.0
59.0	3595.0
58.0	2377.0
56.0	814.0
56.0	539.0
60.0	2695.0
60.0	698.0
57.0	2558.0
58.0	8001.0
56.0	587.0
61.0	561.0
57.0	7956.0
58.0	1895.0
55.0	2106.0
56.0	847.0
56.4	9452.0
58.0	1389.0
56.0	5501.0
61.0	473.0
60.0	8654.0
59.0	3082.0
59.0	4688.0
55.0	2536.0
57.0	776.0
56.0	4077.0
58.0	675.0
56.0	2210.0
59.0	3731.0
61.0	8174.0
60.0	4959.0
61.0	473.0
54.0	628.0
58.0	5889.0
55.0	5758.0
59.0	4838.0
59.0	6535.0
58.0	5376.0
58.0	18398.0
58.0	8566.0
55.0	573.0
62.0	3640.0
54.0	6876.0
59.0	5327.0
56.0	2415.0
55.0	1035.0
58.0	4944.0
56.0	689.0
58.0	3105.0
59.0	6337.0
59.0	17600.0
56.0	6095.0
54.9	7276.0
56.0	7862.0
59.0	13442.0
59.0	5363.0
55.0	2048.0
54.0	521.0
63.0	3408.0
57.0	5264.0
55.0	675.0
58.0	605.0
60.0	404.0
54.0	8489.0
56.0	2107.0
59.0	16996.0
60.0	12224.0
62.0	5524.0
59.0	4872.0
55.0	2222.0
59.0	5338.0
58.0	579.0
62.0	1159.0
59.0	579.0
60.0	5031.0
58.0	10096.0
56.0	863.0
57.0	1749.0
58.0	526.0
62.0	9504.0
57.0	1929.0
59.0	6588.0
58.0	3890.0
58.0	2520.0
57.0	4819.0
55.0	605.0
60.0	17999.0
56.0	4234.0
58.0	802.0
56.0	1572.0
56.0	541.0
55.0	504.0
58.0	18745.0
58.0	5781.0
60.0	505.0
56.0	5364.0
59.0	4788.0
57.0	3635.0
60.0	14498.0
55.0	3189.0
57.0	2145.0
56.0	1102.0
59.0	8815.0
60.0	876.0
61.0	526.0
61.0	6957.0
54.8	557.0
55.0	1013.0
59.0	4641.0
58.0	8106.0
56.0	660.0
59.0	8424.0
57.0	1184.0
58.0	474.0
55.0	4620.0
59.0	648.0
56.0	526.0
57.0	14040.0
60.0	11460.0
61.0	421.0
56.0	5139.0
56.0	3567.0
58.0	2198.0
56.0	2348.0
59.0	1389.0
60.0	6614.0
62.0	693.0
57.0	898.0
54.0	1084.0
59.0	880.0
60.0	2421.0
57.0	12731.0
54.0	540.0
57.0	3235.0
57.0	4979.0
56.0	2578.0
58.0	1687.0
58.0	421.0
55.0	8438.0
60.0	5433.0
57.0	11416.0
61.0	18104.0
56.0	680.0
58.0	537.0
55.0	625.0
56.0	1053.0
62.0	2588.0
57.0	812.0
60.0	4313.0
55.0	720.0
57.0	4543.0
53.0	1970.0
61.0	526.0
58.0	730.0
59.0	4028.0
56.0	5373.0
55.0	5822.0
56.0	1709.0
54.0	3991.0
58.0	3583.0
56.0	3011.0
58.0	591.0
57.0	5050.0
56.0	7088.0
57.0	672.0
57.0	4060.0
57.0	3669.0
55.0	467.0
58.0	706.0
54.0	5013.0
56.0	2947.0
58.0	18149.0
56.0	789.0
55.0	1979.0
58.0	698.0
56.0	15143.0
59.0	4029.0
55.0	4557.0
56.0	14292.0
59.0	648.0
59.0	515.0
55.0	683.0
57.0	698.0
55.0	607.0
56.0	4916.0
61.0	5845.0
59.0	7395.0
61.0	540.0
62.0	2404.0
59.0	526.0
57.0	823.0
61.0	15451.0
55.0	7250.0
55.0	1306.0
55.0	1725.0
61.0	823.0
57.0	5146.0
59.0	5047.0
53.0	782.0
56.0	18371.0
60.0	3507.0
57.0	4559.0
59.0	461.0
58.0	5783.0
57.0	4949.0
55.0	1139.0
57.0	5993.0
60.0	4932.0
57.0	2482.0
60.0	2562.0
65.0	5146.0
56.0	1726.0
60.9	1978.0
58.0	3989.0
56.0	7673.0
56.0	14904.0
61.0	500.0
57.0	5219.0
57.0	1652.0
58.0	1600.0
62.0	3278.0
61.0	5050.0
54.0	666.0
59.0	2428.0
58.0	4428.0
55.0	464.0
54.0	911.0
59.0	631.0
58.0	4890.0
57.0	4172.0
62.0	895.0
58.0	4466.0
61.0	675.0
60.0	3387.0
59.0	6085.0
61.0	1577.0
58.0	4719.0
60.0	2206.0
55.0	1616.0
57.0	5676.0
57.0	4349.0
55.0	720.0
56.0	2337.0
56.0	1061.0
55.0	689.0
62.0	4021.0
57.0	6443.0
56.0	651.0
58.0	3500.0
56.0	672.0
58.0	4276.0
62.0	2499.0
56.0	1140.0
55.0	7418.0
60.0	878.0
58.0	6416.0
55.0	10959.0
58.0	7094.0
58.0	921.0
59.0	2642.0
55.0	5746.0
56.0	6088.0
59.0	491.0
63.0	1709.0
58.0	668.0
59.0	802.0
58.0	8102.0
54.0	1648.0
59.0	729.0
56.0	1598.0
57.0	605.0
55.0	1216.0
54.0	698.0
59.0	18522.0
58.0	4228.0
62.0	11527.0
58.0	5131.0
57.0	5577.0
59.0	17892.0
60.0	5056.0
58.0	743.0
57.0	1058.0
58.0	561.0
54.0	4163.0
59.0	4973.0
57.0	846.0
61.0	683.0
58.0	4523.0
59.0	5231.0
59.0	3750.0
59.0	4266.0
59.0	9642.0
55.0	774.0
61.0	659.0
57.0	4836.0
55.0	1389.0
57.0	605.0
58.0	7732.0
62.0	4191.0
56.0	5315.0
58.0	765.0
59.0	5793.0
56.0	3167.0
59.0	5831.0
57.0	5358.0
60.0	877.0
61.0	5698.0
57.0	665.0
61.0	5211.0
60.0	6722.0
57.0	1397.0
59.0	10086.0
58.0	4552.0
58.0	468.0
57.0	5669.0
58.0	706.0
54.0	898.0
55.0	478.0
59.0	3363.0
59.0	689.0
58.0	4428.0
57.0	8736.0
59.0	3228.0
57.0	675.0
57.0	504.0
60.0	2406.0
54.0	357.0
56.0	5589.0
64.0	2767.0
56.0	5108.0
61.0	4722.0
57.0	3763.0
59.0	898.0
58.0	5952.0
60.0	4513.0
61.0	1270.0
59.0	5598.0
59.0	8831.0
58.0	5406.0
53.0	407.0
58.0	432.0
59.0	11088.0
58.0	10589.0
59.0	4592.0
58.0	421.0
56.0	3122.0
56.0	13397.0
59.0	11646.0
54.0	16900.0
58.0	7922.0
54.0	1103.0
54.0	5745.0
60.0	4502.0
57.0	2006.0
55.0	369.0
58.0	3611.0
60.0	11904.0
56.0	1268.0
59.0	15773.0
57.0	3692.0
61.0	544.0
58.0	720.0
59.0	7655.0
56.0	368.0
56.0	6477.0
56.0	1901.0
58.0	17001.0
55.0	5698.0
55.0	965.0
55.0	698.0
58.0	919.0
59.0	10519.0
59.0	10224.0
56.0	2479.0
62.0	3749.0
58.0	698.0
57.0	7066.0
56.0	1073.0
60.0	10608.0
58.0	6129.0
56.0	8596.0
55.0	17569.0
55.0	526.0
59.0	628.0
58.0	5287.0
59.0	473.0
56.0	5395.0
58.0	17016.0
56.0	3463.0
58.0	3465.0
59.0	698.0
55.0	505.0
63.0	393.0
59.0	390.0
60.0	1015.0
59.0	3889.0
54.0	1115.0
56.0	776.0
58.0	3697.0
59.0	1011.0
57.0	5254.0
57.0	3234.0
56.0	730.0
55.0	11189.0
56.0	564.0
55.0	838.0
57.0	5270.0
55.0	489.0
60.0	4702.0
57.0	1970.0
56.0	8299.0
58.0	4113.0
66.0	1995.0
55.0	2294.0
57.0	489.0
58.0	776.0
58.0	3224.0
54.0	9298.0
55.0	764.0
60.0	4389.0
58.0	1017.0
55.0	650.0
56.0	8583.0
55.0	1558.0
58.0	5722.0
57.0	7500.0
58.0	5075.0
60.0	3881.0
56.0	700.0
58.0	540.0
56.0	8014.0
58.0	2346.0
54.0	2110.0
58.0	689.0
56.0	899.0
61.0	13134.0
58.0	4743.0
56.0	3229.0
58.0	730.0
60.0	446.0
59.0	631.0
57.0	2923.0
57.0	1808.0
58.0	6664.0
58.0	1142.0
55.0	3290.0
59.0	2181.0
57.0	7616.0
58.0	11087.0
58.0	8062.0
58.0	7125.0
58.0	17554.0
59.0	4191.0
55.0	730.0
58.0	4004.0
56.0	9833.0
57.0	2834.0
56.0	599.0
55.0	959.0
58.0	2107.0
57.0	2142.0
60.0	1071.0
57.0	525.0
62.0	3911.0
58.0	5356.0
58.0	10685.0
61.0	9678.0
57.0	789.0
58.0	1389.0
58.0	8294.0
56.0	990.0
55.9	3324.0
58.0	3266.0
54.0	983.0
59.0	2330.0
55.0	11154.0
57.0	5861.0
56.0	2118.0
57.0	776.0
62.0	7745.0
54.0	4569.0
53.3	894.0
54.0	775.0
59.0	746.0
56.0	9273.0
58.0	2330.0
63.0	1074.0
62.0	2368.0
60.0	15312.0
57.0	491.0
57.0	5429.0
57.0	16111.0
57.0	5565.0
56.0	2233.0
58.0	2138.0
54.0	1088.0
55.0	568.0
57.0	2947.0
59.0	2142.0
59.0	1957.0
59.0	2405.0
60.0	3080.0
63.0	5050.0
57.0	6654.0
55.0	4044.0
56.0	1115.0
57.0	16512.0
59.0	5370.0
56.0	12753.0
53.0	687.0
57.0	13882.0
66.0	8674.0
57.0	1809.0
58.0	4830.0
57.0	4648.0
58.0	6558.0
58.0	1017.0
56.0	5082.0
61.0	3878.0
54.0	4611.0
56.0	2534.0
54.0	638.0
65.0	11202.0
57.0	1397.0
59.0	957.0
58.0	7171.0
56.0	3964.0
60.0	4521.0
58.0	4514.0
58.0	5199.0
55.0	591.0
54.0	2435.0
57.0	3282.0
57.0	4033.0
56.0	8030.0
56.0	1941.0
59.0	4320.0
55.0	446.0
58.0	11351.0
53.0	675.0
63.0	788.0
58.0	5179.0
57.0	648.0
55.0	3377.0
55.0	1671.0
54.0	4995.0
59.0	700.0
55.0	573.0
55.0	497.0
64.0	2475.0
57.0	596.0
58.0	5914.0
57.0	941.0
56.0	962.0
57.0	11856.0
57.0	1723.0
57.0	4932.0
58.0	1008.0
54.0	1844.0
58.0	5632.0
57.0	6569.0
56.0	8167.0
60.0	3996.0
64.0	3500.0
58.0	8718.0
60.0	11094.0
59.0	421.0
56.0	1197.0
54.0	1309.0
60.0	1679.0
58.0	6416.0
58.0	5677.0
58.0	4200.0
61.0	5000.0
58.0	5677.0
56.0	936.0
55.0	3065.0
55.0	17374.0
56.0	4276.0
57.0	544.0
58.0	11415.0
58.0	1140.0
61.0	945.0
60.0	485.0
56.0	491.0
58.0	6453.0
57.0	1158.0
54.0	1694.0
56.0	1061.0
57.0	775.0
55.0	482.0
55.0	628.0
58.0	6727.0
56.0	1929.0
56.0	10546.0
59.0	1648.0
57.0	6987.0
59.0	4876.0
58.0	743.0
55.0	3606.0
54.0	5935.0
58.0	10874.0
60.0	3536.0
56.0	2487.0
55.0	844.0
55.0	3080.0
55.0	708.0
56.0	12437.0
55.0	378.0
59.0	3290.0
60.0	4559.0
58.0	3105.0
57.0	1045.0
57.0	2096.0
55.0	4759.0
58.0	4788.0
54.0	1292.0
56.0	17469.0
54.0	5637.0
58.0	2513.0
55.0	3185.0
61.0	1637.0
58.0	4692.0
63.0	13587.0
57.0	8719.0
55.0	605.0
62.0	6039.0
58.0	4624.0
54.0	482.0
57.0	1881.0
59.0	2193.0
57.0	464.0
55.0	525.0
56.0	4830.0
58.0	13342.0
59.0	628.0
57.0	454.0
56.0	2622.0
63.0	1255.0
59.0	2572.0
55.0	3229.0
61.0	698.0
54.0	2659.0
59.0	1985.0
56.0	15324.0
57.0	12459.0
60.0	1193.0
56.0	2184.0
59.0	5715.0
56.0	828.0
56.0	2135.0
56.0	730.0
57.0	2207.0
58.0	6653.0
58.0	2169.0
59.0	5152.0
58.0	3669.0
55.0	5631.0
60.0	5852.0
57.0	898.0
59.0	12229.0
57.0	926.0
56.0	468.0
58.0	5410.0
55.0	489.0
57.0	8261.0
59.0	743.0
54.0	9571.0
56.0	776.0
58.0	11180.0
60.0	4603.0
59.0	5502.0
58.0	9527.0
59.0	4370.0
59.0	5846.0
62.0	6093.0
56.0	789.0
57.0	2107.0
57.0	2462.0
59.0	1175.0
57.0	10959.0
55.0	482.0
56.0	6613.0
56.0	1625.0
59.0	2663.0
56.0	4797.0
58.0	6095.0
61.0	489.0
60.0	798.0
56.0	5602.0
59.0	5717.0
56.0	2732.0
53.0	516.0
57.0	1637.0
57.0	3770.0
55.0	6586.0
55.0	522.0
55.0	671.0
57.0	1043.0
57.0	720.0
57.0	2827.0
61.0	12546.0
55.0	16565.0
58.0	2277.0
55.7	654.0
61.0	4326.0
55.0	5775.0
59.0	4267.0
59.0	4383.0
62.0	536.0
55.0	1354.0
57.0	995.0
59.0	614.0
57.0	651.0
58.0	10330.0
59.0	4670.0
61.0	9704.0
56.0	8749.0
57.0	11975.0
61.0	4476.0
56.0	2738.0
56.0	1035.0
57.0	3354.0
59.0	4242.0
60.0	5818.0
60.0	847.0
57.0	3696.0
60.0	4642.0
61.0	1037.0
56.0	1042.0
57.0	6163.0
57.0	7789.0
57.0	882.0
59.0	3669.0
56.0	645.0
60.0	4389.0
61.0	1133.0
61.0	3398.0
61.0	4680.0
58.0	14646.0
53.0	4573.0
59.0	6573.0
55.0	18275.0
54.0	1065.0
55.0	7130.0
55.0	625.0
58.0	10913.0
57.0	544.0
58.0	847.0
59.0	17778.0
56.0	6970.0
59.0	579.0
56.0	16319.0
54.0	605.0
53.0	4732.0
59.0	5523.0
57.0	648.0
54.0	518.0
58.0	1035.0
60.0	421.0
61.0	10149.0
56.0	2265.0
55.0	544.0
56.0	865.0
57.0	720.0
55.0	1163.0
57.0	446.0
61.0	435.0
60.0	4535.0
60.0	4906.0
60.0	4855.0
55.0	10080.0
57.0	4584.0
59.0	1719.0
55.0	2793.0
54.0	1046.0
61.0	3360.0
58.0	5433.0
58.0	8446.0
56.0	1126.0
58.0	6819.0
58.0	4430.0
57.0	526.0
56.0	12485.0
56.0	7491.0
57.0	5189.0
57.0	605.0
57.0	10345.0
54.0	2477.0
59.0	4749.0
56.0	2375.0
56.0	907.0
55.0	795.0
58.0	684.0
57.0	4764.0
55.0	943.0
55.0	1189.0
59.0	8317.0
61.0	3242.0
56.0	1061.0
57.0	716.0
61.0	17068.0
56.0	2352.0
55.0	2912.0
58.0	17095.0
55.0	12327.0
56.0	542.0
59.0	1332.0
59.0	3775.0
56.0	680.0
64.0	6846.0
56.0	1840.0
58.0	12409.0
54.6	832.0
56.0	3290.0
60.0	2765.0
58.0	4157.0
59.0	18034.0
56.0	5509.0
59.0	5698.0
60.0	995.0
56.0	5480.0
56.0	1235.0
57.0	2801.0
58.0	6115.0
64.0	7340.0
61.0	608.0
59.0	7321.0
59.0	12210.0
57.0	683.0
57.0	554.0
59.0	15783.0
55.0	4317.0
54.0	4989.0
58.0	5645.0
61.0	526.0
60.0	6183.0
56.0	9462.0
60.0	4185.0
56.0	9341.0
58.0	6476.0
58.0	4113.0
57.0	6254.0
58.0	608.0
53.0	7276.0
55.0	854.0
56.0	3819.0
60.0	12215.0
58.0	4559.0
58.0	2368.0
62.0	6210.0
58.0	10206.0
57.0	4072.0
58.0	2184.0
59.0	491.0
60.0	10655.0
54.0	2184.0
55.0	1114.0
59.0	6019.0
61.0	4707.0
56.0	1163.0
57.0	3965.0
58.0	4498.0
59.0	8654.0
58.0	2536.0
59.0	1981.0
60.0	3998.0
59.0	4155.0
57.0	968.0
60.0	10743.0
57.0	591.0
57.0	4740.0
50.0	13764.0
57.0	6801.0
55.0	489.0
59.0	4481.0
60.0	1113.0
57.0	6996.0
56.0	464.0
54.0	1065.0
57.0	15974.0
59.0	1114.0
59.0	7006.0
56.0	776.0
56.0	1310.0
56.0	3763.0
54.0	430.0
55.0	1194.0
61.0	7163.0
55.0	421.0
58.0	602.0
55.0	2176.0
54.0	4467.0
65.0	2234.0
57.0	798.0
54.0	441.0
58.0	505.0
61.0	17265.0
61.0	12454.0
60.0	1432.0
59.0	4136.0
55.0	1177.0
54.0	2056.0
59.0	524.0
54.0	1378.0
58.0	10411.0
58.0	7723.0
55.0	603.0
56.0	434.0
59.0	9527.0
57.0	4333.0
57.0	11078.0
58.0	4620.0
59.0	1387.0
57.0	720.0
62.0	4861.0
59.0	4166.0
60.0	558.0
57.0	4496.0
55.0	1065.0
61.0	12680.0
61.0	4038.0
56.0	605.0
55.0	1450.0
56.0	716.0
56.0	12225.0
57.0	2463.0
55.0	2371.0
54.0	707.0
63.0	1637.0
56.0	7079.0
58.0	1582.0
59.0	4351.0
56.0	626.0
55.0	2094.0
55.0	10502.0
57.0	1628.0
60.0	1033.0
59.0	4381.0
61.0	5364.0
59.0	5950.0
58.0	3114.0
57.0	13665.0
56.0	4191.0
68.0	4368.0
54.0	579.0
57.0	1291.0
59.0	668.0
57.0	625.0
59.0	5678.0
58.0	11567.0
59.0	4207.0
53.0	964.0
56.0	3122.0
59.0	4194.0
55.6	4459.0
58.0	4116.0
60.0	5461.0
58.0	1196.0
58.0	4980.0
59.0	878.0
56.0	4412.0
58.0	3646.0
57.0	906.0
60.0	4812.0
59.0	4516.0
56.0	1283.0
56.0	852.0
63.0	4670.0
58.0	4724.0
57.0	8036.0
57.0	5426.0
58.0	5266.0
57.0	2699.0
56.0	6816.0
55.0	6856.0
57.0	4455.0
62.0	3575.0
58.0	5433.0
58.0	802.0
56.0	1116.0
57.0	4416.0
59.0	2135.0
57.0	17811.0
56.0	1668.0
53.4	832.0
57.0	784.0
59.0	5032.0
58.0	5820.0
58.0	3107.0
58.0	3669.0
55.7	478.0
60.0	6646.0
59.0	7644.0
62.5	1760.0
57.0	633.0
60.0	628.0
61.0	2354.0
57.0	741.0
57.0	449.0
58.0	5084.0
57.0	11967.0
56.0	1125.0
56.0	5166.0
56.0	2781.0
56.0	5079.0
59.0	9864.0
60.0	2048.0
57.0	6958.0
54.0	544.0
55.0	9218.0
58.0	558.0
56.0	480.0
58.0	5352.0
58.0	13844.0
59.0	554.0
56.0	1639.0
55.0	12720.0
57.0	1438.0
59.0	4629.0
58.0	5443.0
57.0	14340.0
63.0	6592.0
55.0	10314.0
59.0	5416.0
55.0	562.0
59.0	473.0
55.0	1659.0
59.0	4088.0
56.0	2398.0
54.0	778.0
60.0	13503.0
62.0	5197.0
57.0	8110.0
57.0	498.0
55.0	2059.0
53.0	512.0
59.0	8283.0
58.0	3475.0
58.0	8669.0
55.0	1114.0
55.0	15451.0
62.0	4406.0
58.0	11516.0
55.0	587.0
58.0	16687.0
59.0	10331.0
58.0	12168.0
58.0	4854.0
59.0	6458.0
60.0	4559.0
55.0	989.0
58.0	2553.0
59.0	9193.0
59.0	765.0
58.0	4412.0
59.0	14968.0
55.0	4784.0
55.0	578.0
56.0	961.0
54.0	1205.0
57.0	1846.0
55.0	540.0
55.0	3287.0
57.0	5121.0
59.0	2362.0
56.0	5018.0
58.0	2944.0
55.0	814.0
59.0	9607.0
55.0	446.0
57.0	4048.0
61.0	3203.0
60.0	689.0
61.0	13229.0
57.0	10826.0
57.0	3854.0
55.0	461.0
57.0	6435.0
60.0	4229.0
58.0	6327.0
59.0	3167.0
60.0	14299.0
58.0	3713.0
57.0	5028.0
56.0	8529.0
55.0	3162.0
57.0	5411.0
57.0	16021.0
62.0	5432.0
60.0	8620.0
57.0	9139.0
57.0	4969.0
55.0	526.0
55.0	7513.0
61.0	3850.0
57.0	8365.0
58.0	907.0
56.0	4404.0
57.0	919.0
56.0	1035.0
54.0	397.0
56.0	8124.0
59.0	5186.0
55.0	648.0
61.0	630.0
59.0	17893.0
61.0	17233.0
61.0	3453.0
55.0	1944.0
55.0	3296.0
55.0	983.0
55.0	2717.0
60.0	7630.0
58.0	1710.0
55.0	3016.0
59.0	1274.0
57.0	3382.0
57.0	5095.0
58.0	5544.0
56.0	3089.0
56.0	1612.0
62.0	709.0
57.0	4247.0
57.0	504.0
54.0	859.0
56.0	4784.0
62.0	9762.0
57.0	504.0
56.0	3781.0
57.0	3517.0
58.0	4558.0
54.0	5334.0
60.0	6745.0
56.0	2393.0
59.0	4965.0
60.0	3669.0
59.0	473.0
58.0	3167.0
57.0	2484.0
56.1	2306.0
58.0	707.0
56.0	3325.0
56.0	965.0
57.0	2867.0
59.0	6577.0
58.0	11303.0
61.0	5219.0
57.0	4783.0
57.0	2847.0
59.0	5303.0
60.0	6808.0
56.0	2398.0
56.0	4994.0
57.0	628.0
54.0	2326.0
57.0	6152.0
61.0	338.0
60.0	11804.0
61.0	878.0
56.0	4082.0
56.0	523.0
58.0	605.0
55.0	675.0
58.0	489.0
56.0	3603.0
60.0	2457.0
54.0	1006.0
59.0	6363.0
61.0	5572.0
56.0	4669.0
55.0	393.0
54.0	1427.0
54.0	3027.0
61.0	3888.0
57.0	1577.0
60.0	7759.0
60.0	1125.0
60.0	5082.0
56.0	2052.0
58.0	707.0
55.0	913.0
59.0	4662.0
58.0	2947.0
56.0	14968.0
60.0	8033.0
55.0	489.0
58.0	2364.0
56.0	710.0
58.0	5050.0
57.0	3112.0
56.0	9444.0
57.0	11040.0
57.0	1197.0
56.0	8989.0
59.0	668.0
55.0	3274.0
57.0	3584.0
55.0	2607.0
56.0	2733.0
59.0	2198.0
57.0	1332.0
57.0	544.0
57.0	1248.0
57.0	3457.0
59.0	4829.0
57.0	596.0
61.0	698.0
61.0	628.0
56.0	7283.0
58.6	5314.0
59.0	612.0
58.0	3472.0
55.0	6397.0
58.0	12693.0
55.0	9682.0
57.0	450.0
60.0	573.0
56.6	471.0
58.0	2334.0
62.0	12483.0
58.0	907.0
56.0	8299.0
55.0	802.0
63.0	4201.0
57.0	3601.0
62.0	3454.0
56.0	7388.0
62.0	421.0
60.0	798.0
58.0	1343.0
55.0	668.0
57.0	4693.0
57.0	8223.0
57.0	2383.0
56.0	2752.0
57.0	4871.0
59.0	3916.0
60.0	3919.0
65.0	1332.0
55.0	4914.0
58.0	5020.0
62.0	7018.0
60.0	8133.0
59.0	4082.0
58.0	628.0
55.0	971.0
57.0	764.0
55.0	729.0
56.0	473.0
60.0	2207.0
56.0	11068.0
55.0	628.0
57.0	1865.0
55.0	10750.0
55.0	4140.0
56.0	1298.0
59.0	7604.0
58.0	2107.0
55.0	8954.0
58.0	450.0
56.0	1446.0
56.0	421.0
60.0	6770.0
60.0	648.0
56.0	802.0
57.0	6887.0
56.0	1240.0
60.0	4242.0
58.0	1395.0
58.0	6140.0
56.0	576.0
58.0	7279.0
61.0	491.0
57.0	898.0
54.0	568.0
54.0	2177.0
56.0	429.0
57.0	4564.0
58.0	7986.0
58.0	8220.0
57.0	1238.0
58.0	14490.0
57.0	5650.0
57.0	6484.0
58.0	10279.0
59.0	949.0
62.0	2354.0
60.0	4060.0
56.0	2781.0
58.0	544.0
58.0	5652.0
61.0	5544.0
64.0	18593.0
56.0	698.0
61.0	3869.0
57.0	8789.0
61.0	16287.0
64.0	3125.0
60.0	3749.0
60.0	540.0
58.0	5426.0
57.0	393.0
57.0	1655.0
57.0	2765.0
56.0	5985.0
60.0	576.0
61.0	4072.0
58.0	4193.0
57.0	1170.0
55.0	4404.0
59.0	13609.0
56.9	1706.0
60.0	2224.0
60.0	3115.0
60.0	649.0
58.0	5131.0
60.0	4387.0
62.0	5461.0
56.0	3557.0
59.0	4558.0
59.0	9697.0
56.0	650.0
60.0	4389.0
60.0	999.0
57.0	14725.0
57.0	7862.0
55.0	5665.0
53.0	445.0
55.0	579.0
58.0	15857.0
58.0	13248.0
60.0	1013.0
58.0	1710.0
56.0	5103.0
55.0	698.0
55.0	1151.0
61.0	4761.0
55.3	1691.0
62.0	2066.0
58.0	698.0
56.0	5027.0
55.0	3145.0
55.0	4648.0
59.0	5050.0
58.0	3595.0
58.0	7246.0
56.0	5502.0
61.0	5178.0
59.0	10277.0
56.0	1781.0
56.0	625.0
53.0	7811.0
60.0	605.0
58.0	13068.0
56.0	360.0
54.0	539.0
58.0	2096.0
57.0	3528.0
55.0	484.0
60.0	1230.0
57.0	16077.0
63.0	5598.0
59.0	625.0
60.0	11540.0
57.0	1806.0
57.0	435.0
59.0	4785.0
58.0	5779.0
55.0	1353.0
58.0	4773.0
60.0	5190.0
56.0	7054.0
57.0	5465.0
56.0	11655.0
58.0	4430.0
63.0	1605.0
61.0	1163.0
59.0	2246.0
63.0	9896.0
56.0	927.0
54.0	863.0
58.0	1384.0
59.0	4685.0
57.0	2307.0
55.0	1867.0
60.0	5217.0
58.0	5492.0
55.0	3168.0
61.0	1024.0
56.0	1972.0
56.0	610.0
57.0	433.0
57.0	2311.0
58.0	2519.0
57.0	628.0
61.0	3920.0
59.0	608.0
56.0	4784.0
55.0	7409.0
59.0	2795.0
54.0	13320.0
58.0	4065.0
54.0	783.0
55.0	686.0
61.0	10129.0
58.0	698.0
57.0	10832.0
59.0	4128.0
56.0	4136.0
57.0	505.0
55.0	4538.0
57.0	4654.0
58.0	10869.0
55.0	749.0
57.0	1195.0
59.0	11435.0
58.0	4489.0
58.0	2285.0
59.0	2359.0
65.0	4138.0
55.0	5882.0
60.0	18656.0
55.0	591.0
60.0	4432.0
56.0	625.0
58.0	4513.0
60.0	4977.0
62.0	14625.0
57.0	1759.0
59.0	6781.0
59.0	596.0
59.0	4038.0
60.0	17003.0
57.0	10534.0
59.0	425.0
57.0	353.0
54.0	1382.0
54.0	5158.0
58.0	3998.0
56.0	5949.0
61.0	5595.0
59.0	4959.0
59.0	4689.0
54.0	462.0
59.0	4959.0
58.0	666.0
59.0	2323.0
55.0	765.0
58.0	5948.0
56.0	3802.0
56.0	554.0
56.0	4851.0
63.0	9336.0
56.0	876.0
55.2	1548.0
57.0	5706.0
57.0	6069.0
58.0	4082.0
54.0	1353.0
54.0	3972.0
60.0	11709.0
56.0	7438.0
54.0	4516.0
59.0	8020.0
54.0	576.0
59.0	707.0
57.0	776.0
55.0	776.0
59.0	16901.0
59.0	1024.0
61.0	4921.0
58.0	668.0
57.0	554.0
58.0	7484.0
56.0	707.0
58.0	4574.0
58.0	3933.0
55.0	1292.0
60.0	1132.0
57.0	10521.0
57.0	5155.0
60.0	1557.0
62.0	5082.0
59.0	5291.0
61.0	4113.0
57.0	12848.0
58.0	605.0
59.0	898.0
61.0	3765.0
56.0	3334.0
55.0	12155.0
59.0	473.0
55.0	2919.0
56.0	1061.0
59.0	596.0
56.0	1446.0
61.0	4309.0
60.0	7775.0
58.0	5090.0
54.0	8865.0
54.5	5814.0
56.0	12765.0
63.0	12423.0
56.0	1192.0
54.0	1083.0
57.0	11988.0
59.0	5523.0
57.0	4402.0
60.0	4831.0
59.0	7816.0
56.0	3111.0
62.0	16036.0
55.0	16642.0
55.0	3080.0
62.0	2508.0
57.0	13502.0
57.0	596.0
61.0	2176.0
55.0	498.0
61.0	3959.0
56.0	876.0
58.0	9178.0
61.0	2497.0
57.0	2690.0
56.0	1268.0
56.0	4870.0
56.0	1590.0
60.0	11851.0
57.0	5592.0
58.0	3504.0
57.0	7056.0
56.0	3822.0
59.0	3165.0
59.0	7845.0
58.0	4276.0
55.0	743.0
58.0	3417.0
59.0	10738.0
55.0	6013.0
58.0	4077.0
57.0	1439.0
63.0	8104.0
56.0	628.0
58.0	2797.0
56.0	12620.0
57.0	11502.0
59.0	6459.0
60.0	435.0
59.0	558.0
59.0	675.0
61.0	2613.0
63.0	5854.0
58.0	612.0
59.0	4321.0
58.0	2056.0
62.0	3640.0
56.4	2594.0
57.0	4578.0
58.0	12874.0
56.0	6578.0
57.0	4082.0
54.0	5517.0
60.0	649.0
58.0	2020.0
58.0	1262.0
58.0	16431.0
58.0	3975.0
55.0	4622.0
61.0	6350.0
59.0	11268.0
57.0	3665.0
58.0	12401.0
55.9	9391.0
61.0	3261.0
61.0	11848.0
61.0	2553.0
54.0	838.0
58.0	10225.0
61.0	3282.0
57.0	16239.0
59.0	666.0
61.0	1244.0
59.0	7310.0
59.0	554.0
54.0	450.0
59.0	2415.0
56.0	10255.0
57.0	8385.0
55.0	8726.0
56.0	2123.0
61.0	675.0
60.0	689.0
55.4	2513.0
57.0	5521.0
60.0	759.0
56.0	4821.0
58.0	2593.0
59.0	1324.0
61.0	10478.0
59.0	2344.0
56.0	3180.0
54.0	3030.0
57.0	8509.0
59.0	4476.0
57.0	2117.0
60.0	2489.0
59.0	9632.0
56.0	8372.0
56.0	561.0
54.0	1238.0
58.0	6511.0
58.0	2394.0
58.0	6666.0
59.0	2484.0
59.0	5395.0
61.0	11146.0
58.0	7965.0
64.0	4568.0
56.0	2956.0
59.0	11161.0
57.0	1438.0
56.0	8037.0
56.0	11262.0
56.0	432.0
60.0	1292.0
57.0	932.0
58.0	1343.0
65.0	4086.0
59.0	2815.0
54.0	4382.0
55.0	792.0
57.0	666.0
56.0	507.0
56.0	5170.0
57.0	4629.0
58.0	2936.0
58.0	1013.0
59.0	3394.0
58.0	907.0
56.0	636.0
54.0	628.0
57.1	4829.0
59.0	3850.0
55.0	4840.0
56.0	507.0
55.0	942.0
57.0	12910.0
60.0	16723.0
54.0	5914.0
55.0	1245.0
55.4	11119.0
60.0	4469.0
57.0	1911.0
56.0	6165.0
60.0	2972.0
56.0	580.0
58.0	5100.0
55.0	1442.0
55.0	1438.0
57.0	2927.0
56.0	10772.0
57.0	17162.0
59.0	1253.0
56.0	7319.0
56.0	15992.0
57.0	6189.0
56.0	8951.0
60.0	4514.0
59.0	847.0
60.0	2331.0
55.0	1374.0
52.0	776.0
57.0	8287.0
64.0	1989.0
60.0	16098.0
57.0	6552.0
57.0	6426.0
58.0	526.0
64.0	4782.0
58.0	608.0
57.0	3372.0
59.0	473.0
57.0	507.0
54.0	489.0
56.0	3634.0
59.0	11428.0
59.0	16479.0
55.0	521.0
59.0	5123.0
62.0	10424.0
57.0	1270.0
57.0	4707.0
59.0	14731.0
58.0	726.0
56.0	802.0
60.0	1786.0
60.0	2797.0
61.0	720.0
59.0	5139.0
59.0	9821.0
57.0	5221.0
61.0	2828.0
56.0	1214.0
60.0	9081.0
56.0	5838.0
55.0	6833.0
55.0	5125.0
56.0	3355.0
59.0	5091.0
60.0	5694.0
60.0	4451.0
56.0	2144.0
57.0	7525.0
59.0	4455.0
57.0	3061.0
57.0	1412.0
55.0	5773.0
58.0	13983.0
58.0	5729.0
57.0	614.0
57.0	6838.0
58.0	10078.0
58.0	6007.0
56.0	429.0
55.0	11221.0
60.0	5154.0
60.0	5878.0
58.0	5997.0
62.0	14795.0
58.0	706.0
57.0	4515.0
58.0	2295.0
54.0	537.0
54.0	389.0
55.0	1665.0
59.0	2461.0
54.0	18186.0
57.0	816.0
56.0	4414.0
55.0	1931.0
56.0	3927.0
57.0	489.0
56.0	590.0
58.0	2048.0
60.0	6849.0
60.0	13453.0
57.0	16170.0
57.0	2293.0
59.0	16629.0
60.0	8118.0
55.0	878.0
59.0	4964.0
57.0	3452.0
54.5	631.0
59.0	4455.0
53.0	770.0
56.0	4066.0
55.0	7600.0
57.0	8585.0
55.1	11333.0
54.0	6772.0
60.0	5255.0
63.0	3881.0
60.0	12341.0
56.0	911.0
58.0	898.0
56.0	4098.0
58.0	3967.0
60.0	18236.0
54.0	1134.0
55.0	11498.0
57.0	2947.0
56.0	764.0
59.0	13307.0
58.0	10186.0
57.0	5688.0
58.0	2557.0
56.0	4455.0
57.0	675.0
58.0	2076.0
59.0	700.0
58.0	1414.0
57.0	2203.0
55.0	1214.0
56.0	7188.0
58.0	7210.0
58.0	561.0
57.0	828.0
58.0	5625.0
56.0	2316.0
56.0	898.0
60.0	854.0
64.0	401.0
58.0	12242.0
56.0	3987.0
58.0	6640.0
54.0	7633.0
54.0	686.0
59.0	526.0
56.0	555.0
57.0	958.0
57.0	10497.0
56.0	7584.0
57.0	992.0
58.0	4950.0
59.0	4588.0
59.0	16992.0
55.0	645.0
58.0	10942.0
57.0	7270.0
61.0	876.0
60.0	17434.0
56.0	4101.0
56.0	802.0
56.0	7175.0
56.0	5217.0
60.0	2495.0
57.0	648.0
57.0	1848.0
57.0	520.0
57.0	6602.0
54.0	722.0
57.0	1219.0
63.0	3878.0
57.0	2313.0
58.0	7754.0
55.0	3133.0
54.0	4604.0
59.0	13081.0
58.0	1899.0
57.0	600.0
56.0	605.0
57.0	5125.0
59.0	7415.0
57.0	3794.0
59.0	577.0
61.0	1749.0
55.3	5321.0
56.0	4143.0
57.0	6947.0
56.0	4827.0
57.0	505.0
60.0	12336.0
60.0	1197.0
55.0	720.0
56.0	4788.0
59.0	668.0
57.0	2214.0
56.0	3185.0
57.0	8620.0
57.0	11345.0
57.0	573.0
59.0	7534.0
54.0	675.0
59.0	17617.0
58.0	4116.0
55.0	2330.0
60.0	2046.0
58.0	5260.0
58.0	5924.0
58.0	15762.0
55.0	652.0
56.0	1820.0
55.0	2120.0
58.0	1822.0
55.0	684.0
59.0	468.0
55.0	8044.0
57.0	16239.0
53.0	687.0
55.0	5029.0
55.0	10763.0
58.0	15773.0
55.0	505.0
58.0	686.0
53.8	1767.0
55.0	647.0
65.0	2352.0
58.0	18507.0
55.0	1242.0
58.0	8148.0
57.0	491.0
57.0	2106.0
58.0	3387.0
56.0	1349.0
55.0	3254.0
59.0	2010.0
55.0	2106.0
60.0	3485.0
58.0	1033.0
56.0	2252.0
59.0	18489.0
58.0	11188.0
61.0	1056.0
56.0	7810.0
57.0	3005.0
62.0	4469.0
54.4	7786.0
60.0	5911.0
54.1	877.0
57.0	18480.0
56.0	1077.0
61.0	14452.0
55.0	628.0
58.0	4914.0
56.0	1944.0
56.0	6199.0
53.0	6560.0
60.0	4348.0
57.0	1108.0
58.0	4711.0
59.0	7493.0
56.0	7687.0
55.0	514.0
58.0	6180.0
59.0	4847.0
58.0	730.0
62.0	9077.0
58.0	7333.0
55.0	7329.0
59.0	7897.0
57.0	526.0
57.0	431.0
57.0	877.0
58.0	7577.0
58.0	3627.0
59.0	6602.0
57.0	1734.0
57.0	2907.0
58.0	855.0
55.0	9549.0
55.6	6361.0
58.0	445.0
57.0	12561.0
55.0	7870.0
60.0	5937.0
59.0	3975.0
60.0	591.0
57.0	4136.0
56.0	614.0
61.5	2699.0
58.0	5241.0
57.0	2168.0
58.0	5567.0
55.0	3229.0
53.0	5423.0
59.0	3192.0
58.0	3959.0
58.0	475.0
58.0	16239.0
56.0	6904.0
56.4	1391.0
56.0	2404.0
62.0	855.0
58.0	7235.0
54.0	630.0
56.0	1949.0
59.0	5166.0
60.0	4884.0
58.0	3919.0
60.0	596.0
57.0	505.0
55.0	5863.0
58.0	2854.0
61.0	11248.0
55.0	8847.0
57.0	6255.0
59.0	5455.0
60.0	537.0
58.0	1381.0
56.0	1870.0
61.0	6979.0
58.0	919.0
59.0	1017.0
60.0	868.0
58.0	1613.0
60.0	1921.0
56.0	877.0
57.0	6164.0
56.0	540.0
57.0	6302.0
57.0	4918.0
60.0	789.0
59.0	13923.0
58.0	4916.0
58.0	5824.0
57.0	5305.0
58.0	700.0
58.0	5411.0
56.0	577.0
58.0	6620.0
62.0	4262.0
59.0	5771.0
55.7	5260.0
58.0	3311.0
56.0	4077.0
62.0	4395.0
59.0	3388.0
60.0	5071.0
56.0	2695.0
61.0	457.0
56.0	789.0
57.0	449.0
57.0	1194.0
57.0	4341.0
57.0	1087.0
57.0	605.0
56.0	794.0
58.0	545.0
56.0	5010.0
55.0	610.0
58.0	10356.0
59.0	5204.0
60.0	8550.0
58.0	17353.0
57.0	5040.0
55.0	628.0
56.0	13839.0
54.0	6597.0
56.0	4389.0
60.0	5247.0
57.0	5919.0
58.0	4149.0
57.0	5242.0
60.0	14558.0
56.0	666.0
53.0	863.0
55.0	1111.0
57.0	8887.0
53.0	1370.0
57.0	8131.0
56.0	15105.0
55.0	586.0
56.0	4916.0
61.0	5416.0
57.0	5573.0
59.0	5189.0
57.0	4218.0
57.0	461.0
58.0	3620.0
60.0	11262.0
56.0	5807.0
57.0	2833.0
60.0	6282.0
56.0	910.0
61.0	16395.0
54.0	4456.0
58.0	526.0
57.0	854.0
60.0	489.0
63.0	1758.0
58.0	4026.0
56.0	9366.0
58.0	720.0
56.0	854.0
58.0	544.0
57.0	6419.0
55.0	7419.0
54.0	707.0
57.0	5712.0
60.0	4662.0
57.0	605.0
55.0	683.0
57.0	7869.0
59.0	562.0
56.0	4958.0
57.0	12400.0
57.0	1814.0
55.0	1865.0
55.0	628.0
55.0	1058.0
57.0	4692.0
58.0	4258.0
57.0	421.0
57.0	7738.0
57.0	2536.0
53.0	878.0
54.0	608.0
56.0	5034.0
57.0	6097.0
56.0	526.0
56.0	5457.0
55.0	2125.0
56.0	4476.0
60.0	3172.0
58.0	4704.0
58.0	8663.0
56.0	2122.0
58.0	5102.0
58.0	2682.0
55.0	5277.0
58.0	4743.0
55.0	878.0
59.0	3105.0
59.0	2112.0
58.0	5078.0
58.0	15984.0
56.0	4046.0
57.0	8777.0
55.6	1039.0
58.0	5063.0
54.0	1402.0
60.0	11272.0
56.0	4959.0
57.0	4879.0
59.0	4664.0
63.0	12295.0
61.0	15673.0
55.0	959.0
55.0	1787.0
58.0	14383.0
58.0	983.0
56.0	11169.0
59.0	14042.0
57.0	561.0
56.0	3797.0
58.0	1967.0
56.0	507.0
59.0	581.0
57.0	730.0
60.0	1061.0
56.0	794.0
57.0	1922.0
56.0	743.0
54.0	2359.0
56.0	5998.0
56.0	3996.0
56.8	11557.0
62.0	743.0
53.8	502.0
57.0	18565.0
56.0	906.0
56.0	5703.0
59.0	786.0
58.0	6347.0
59.0	2881.0
56.0	3690.0
54.0	467.0
54.0	402.0
53.7	11062.0
53.0	815.0
61.0	3384.0
55.0	403.0
56.0	698.0
55.0	4072.0
55.0	5768.0
61.0	11722.0
59.0	4212.0
57.0	5758.0
60.0	3080.0
57.0	1445.0
59.0	1739.0
57.0	4306.0
60.0	6199.0
57.0	625.0
56.0	2113.0
56.0	5496.0
56.0	620.0
58.0	1402.0
59.0	7498.0
57.0	5717.0
59.0	504.0
56.0	764.0
58.0	4692.0
65.0	2457.0
59.0	5404.0
59.0	5914.0
59.0	1803.0
60.3	4456.0
56.0	7573.0
59.0	9216.0
57.0	896.0
58.0	2222.0
57.0	5434.0
57.0	5014.0
57.0	7832.0
57.0	4827.0
55.0	706.0
58.0	5950.0
56.0	765.0
56.0	2237.0
58.0	603.0
56.0	1223.0
59.0	505.0
60.0	10330.0
55.0	645.0
56.0	921.0
56.0	4603.0
54.0	11163.0
55.0	1024.0
63.0	5208.0
61.0	4312.0
60.0	2029.0
55.0	3050.0
56.0	2819.0
58.0	4692.0
55.0	476.0
58.0	614.0
62.0	8127.0
56.0	984.0
57.0	14146.0
62.0	1382.0
56.0	2898.0
58.0	957.0
59.0	698.0
60.0	4439.0
57.0	5016.0
56.0	2031.0
53.6	1961.0
57.0	5123.0
56.0	13615.0
56.0	789.0
57.0	2330.0
59.0	6661.0
55.1	1720.0
55.0	1329.0
59.0	526.0
59.0	7283.0
63.0	1939.0
55.0	461.0
57.0	1069.0
57.0	6058.0
59.0	4072.0
60.0	4713.0
55.0	665.0
58.0	665.0
57.0	17983.0
54.0	708.0
54.0	1289.0
56.0	14031.0
55.0	1262.0
57.0	3229.0
61.0	7152.0
57.0	5172.0
56.0	10772.0
57.0	13480.0
57.0	3472.0
60.0	16400.0
57.0	555.0
56.0	3675.0
61.0	3160.0
57.0	6002.0
58.0	802.0
60.0	4413.0
58.0	2629.0
55.0	645.0
58.0	5096.0
56.0	700.0
55.0	1375.0
58.0	666.0
57.0	12416.0
56.0	8392.0
59.0	10897.0
55.0	6222.0
61.0	11159.0
55.0	491.0
55.0	668.0
59.0	5364.0
59.0	5320.0
55.0	434.0
54.0	1905.0
55.0	5373.0
59.0	505.0
56.0	1678.0
56.0	464.0
57.0	4821.0
56.0	672.0
61.0	5005.0
54.0	526.0
56.0	6672.0
55.0	5486.0
56.0	3468.0
57.0	1024.0
55.0	1245.0
58.0	1400.0
56.0	730.0
56.0	1178.0
59.0	9694.0
60.0	544.0
58.0	14945.0
56.0	750.0
70.0	1832.0
60.0	6686.0
56.0	1240.0
58.0	10960.0
59.0	5008.0
57.0	3732.0
56.0	11104.0
60.0	3730.0
60.3	1706.0
56.0	4937.0
59.0	7108.0
57.0	3118.0
58.0	4788.0
57.0	6398.0
55.0	12605.0
60.0	4044.0
58.0	878.0
59.0	2498.0
57.0	898.0
56.0	1781.0
52.0	1408.0
57.0	3864.0
55.0	965.0
60.0	4956.0
57.0	628.0
60.0	625.0
59.0	10879.0
60.0	9229.0
55.0	481.0
60.0	11605.0
56.0	449.0
58.0	936.0
56.0	5764.0
61.0	11025.0
55.0	6562.0
57.0	468.0
56.0	8069.0
58.0	6129.0
57.0	446.0
59.0	7673.0
57.0	486.0
56.0	2909.0
61.0	1446.0
55.0	645.0
55.0	598.0
54.0	5178.0
57.0	6814.0
62.0	16733.0
58.0	14184.0
57.0	662.0
55.0	1754.0
58.0	1585.0
56.0	11419.0
59.0	11846.0
60.0	4469.0
55.0	5055.0
57.0	13248.0
59.0	5620.0
55.4	1417.0
56.0	4492.0
53.0	1370.0
56.0	479.0
54.0	4469.0
57.9	2734.0
59.8	1328.0
57.0	2616.0
58.0	5200.0
56.0	13122.0
63.0	5171.0
58.0	14603.0
56.0	10184.0
56.0	1412.0
61.0	4390.0
56.0	614.0
56.0	514.0
56.0	7354.0
55.9	6088.0
58.0	645.0
59.0	1091.0
60.0	4909.0
58.0	16737.0
60.0	6569.0
56.0	3257.0
58.0	3057.0
56.0	4224.0
58.0	5027.0
60.0	12013.0
57.0	628.0
58.0	3878.0
55.0	5218.0
56.0	13169.0
59.0	3733.0
57.0	3087.0
56.0	988.0
58.0	4665.0
56.0	1674.0
56.0	961.0
58.0	7495.0
57.0	5128.0
57.0	4875.0
57.0	540.0
61.0	544.0
58.0	13278.0
54.0	448.0
60.0	3782.0
56.0	1923.0
63.0	2258.0
60.0	5085.0
55.0	868.0
55.0	1125.0
56.0	1686.0
54.0	525.0
57.0	684.0
54.2	631.0
58.0	16280.0
55.4	5932.0
58.0	2042.0
57.0	1598.0
56.0	523.0
56.0	4572.0
57.0	1338.0
57.0	865.0
58.0	4740.0
57.0	5989.0
59.0	5046.0
56.0	13500.0
58.0	13929.0
57.0	2210.0
56.0	3288.0
55.0	3254.0
64.0	1976.0
56.0	2048.0
60.0	5204.0
60.0	591.0
56.0	2131.0
58.0	746.0
61.0	15984.0
56.0	2195.0
55.0	1389.0
61.0	9821.0
60.0	693.0
60.0	10977.0
59.0	17688.0
53.9	832.0
57.0	2048.0
57.0	698.0
57.0	561.0
58.0	5250.0
61.0	6720.0
56.0	12680.0
59.0	4876.0
58.0	540.0
59.0	1720.0
57.0	665.0
58.0	647.0
59.0	1827.0
59.0	3920.0
56.0	6199.0
59.0	554.0
56.0	1125.0
56.0	4980.0
58.0	4890.0
61.0	16235.0
63.0	3105.0
55.0	1435.0
55.0	776.0
58.0	12773.0
57.0	537.0
55.0	4676.0
60.0	608.0
56.0	4077.0
60.0	2440.0
57.0	1865.0
56.0	5657.0
56.0	907.0
54.0	18440.0
58.0	689.0
54.0	1743.0
54.1	1576.0
56.0	1154.0
58.0	878.0
61.0	8951.0
60.0	645.0
59.0	10874.0
57.0	17882.0
53.0	6025.0
57.0	3497.0
57.0	1771.0
57.0	5962.0
58.0	1981.0
56.0	2107.0
59.0	1265.0
56.0	720.0
54.0	4284.0
57.0	665.0
58.0	12677.0
58.0	3730.0
58.0	608.0
56.0	3220.0
58.0	648.0
56.0	6123.0
59.0	6037.0
55.0	4487.0
57.0	665.0
58.0	521.0
61.0	3387.0
58.0	5902.0
59.0	7246.0
60.0	8333.0
60.0	588.0
55.0	8099.0
57.0	1970.0
56.0	684.0
55.0	367.0
59.0	7365.0
57.0	4398.0
59.0	477.0
57.0	7821.0
57.0	450.0
58.0	798.0
56.0	4389.0
56.0	802.0
57.0	698.0
54.0	2427.0
55.0	11600.0
58.0	7142.0
56.0	6354.0
58.0	630.0
58.0	684.0
59.0	17265.0
58.0	4913.0
56.0	1000.0
54.0	504.0
56.0	2277.0
56.0	2548.0
58.0	596.0
57.0	558.0
56.0	434.0
59.0	18474.0
59.0	4078.0
60.0	3971.0
59.0	2066.0
58.0	4637.0
58.0	4355.0
61.0	3437.0
57.0	11540.0
56.0	491.0
61.0	5040.0
60.0	1087.0
54.0	6628.0
53.0	5000.0
62.0	4514.0
61.0	4039.0
55.0	17407.0
55.0	3375.0
57.0	1138.0
57.0	800.0
55.0	541.0
56.0	8652.0
64.0	2176.0
57.0	16683.0
59.0	15666.0
61.0	11437.0
58.0	7849.0
58.0	526.0
58.0	10861.0
59.0	8165.0
59.0	2583.0
55.0	3775.0
59.0	11092.0
59.0	5266.0
55.0	687.0
62.0	6336.0
54.0	538.0
58.0	4871.0
59.0	7723.0
58.0	1838.0
59.0	6729.0
58.0	4878.0
56.0	4298.0
59.0	4463.0
59.0	11663.0
61.0	1923.0
63.0	3447.0
59.0	4748.0
64.0	3427.0
58.0	2051.0
56.0	4914.0
54.0	4515.0
54.8	764.0
55.0	8693.0
59.0	5468.0
54.0	740.0
56.0	7040.0
56.0	921.0
58.0	4642.0
56.0	4357.0
57.0	5882.0
56.0	2587.0
58.0	6482.0
55.0	730.0
60.0	995.0
59.0	4328.0
55.0	798.0
60.0	435.0
60.0	4642.0
58.0	7189.0
56.6	7235.0
55.0	511.0
56.0	5688.0
60.0	577.0
55.0	1678.0
56.0	1625.0
55.0	1219.0
57.0	16656.0
58.0	1253.0
55.0	633.0
59.0	3816.0
57.0	693.0
54.0	526.0
59.0	4301.0
56.0	541.0
58.0	7176.0
56.0	1089.0
58.0	6458.0
54.0	687.0
55.0	432.0
61.0	5208.0
55.0	4212.0
58.0	5801.0
58.0	4312.0
60.0	6968.0
59.0	8333.0
55.0	752.0
53.0	6368.0
59.0	1567.0
56.0	523.0
62.0	12829.0
59.0	1699.0
54.0	6727.0
59.0	18023.0
54.0	2918.0
63.0	2672.0
57.0	8064.0
58.0	17666.0
54.0	1981.0
54.0	6036.0
55.0	3785.0
57.0	4873.0
56.0	5646.0
60.0	11982.0
59.0	11066.0
58.0	2393.0
56.0	1119.0
55.0	3274.0
59.0	787.0
55.0	485.0
55.9	1633.0
57.0	2479.0
58.0	12833.0
57.0	4497.0
55.0	540.0
57.0	868.0
62.0	3611.0
57.0	936.0
58.0	10078.0
56.0	704.0
54.0	839.0
56.0	17893.0
57.0	6309.0
56.0	1017.0
64.0	5407.0
58.0	766.0
59.0	8915.0
57.0	7560.0
59.0	9385.0
60.0	10827.0
56.0	1781.0
57.0	1255.0
57.0	2137.0
59.0	5192.0
58.0	2176.0
59.0	648.0
54.0	4662.0
56.0	10567.0
58.0	4264.0
57.0	6042.0
59.0	1010.0
56.0	6424.0
61.0	5648.0
56.0	865.0
53.0	619.0
60.0	3734.0
55.0	6082.0
55.0	523.0
59.0	7291.0
63.0	3810.0
55.0	2024.0
54.0	1973.0
54.0	3301.0
55.0	6750.0
58.0	4620.0
54.0	789.0
55.0	3972.0
57.0	7109.0
58.0	10145.0
57.0	3640.0
54.0	2877.0
56.0	566.0
57.0	6623.0
55.0	4708.0
57.0	521.0
61.0	1235.0
57.0	2668.0
57.0	11088.0
60.0	6278.0
64.0	2262.0
59.0	5129.0
59.0	3854.0
59.0	5698.0
58.0	1838.0
57.0	10096.0
58.0	7340.0
56.0	786.0
62.0	630.0
57.0	5569.0
55.6	12108.0
57.0	4222.0
60.0	9768.0
59.0	435.0
56.0	448.0
55.0	700.0
57.0	787.0
54.0	7768.0
57.0	5950.0
58.0	648.0
55.0	10284.0
57.0	4662.0
57.0	5537.0
57.0	8780.0
56.0	1273.0
63.0	2193.0
58.0	4754.0
55.0	3999.0
57.0	7954.0
58.0	991.0
62.0	4039.0
57.0	13790.0
56.0	1039.0
60.0	827.0
57.0	3180.0
58.0	6132.0
59.0	6662.0
58.0	13919.0
54.0	4483.0
58.0	4166.0
58.0	6091.0
55.0	590.0
56.0	5625.0
58.0	8752.0
56.0	1332.0
55.0	1811.0
55.0	7079.0
57.0	545.0
57.0	1702.0
59.0	827.0
54.0	1169.0
55.0	828.0
57.0	5120.0
57.0	12566.0
58.0	2567.0
55.0	1840.0
54.0	442.0
58.0	591.0
58.0	14308.0
57.0	490.0
58.0	5613.0
57.0	1136.0
61.0	5324.0
59.0	608.0
57.0	689.0
54.0	2332.0
55.0	6607.0
55.0	648.0
56.0	461.0
60.0	5192.0
61.0	429.0
58.0	6673.0
58.0	671.0
59.0	2330.0
57.0	628.0
57.0	7297.0
58.0	5958.0
56.0	525.0
56.0	651.0
57.0	7810.0
55.0	4746.0
55.0	11379.0
56.0	6751.0
59.0	5370.0
57.0	1421.0
64.3	1362.0
52.0	3581.0
60.0	4578.0
61.0	16140.0
58.0	10534.0
54.0	687.0
60.0	7279.0
54.0	18108.0
60.5	1821.0
57.0	13632.0
57.0	421.0
56.0	571.0
55.0	434.0
58.0	675.0
58.0	6153.0
61.0	3447.0
61.0	15415.0
62.0	4228.0
55.0	4733.0
59.0	579.0
56.0	4975.0
56.0	2288.0
56.0	4290.0
56.0	6132.0
54.0	854.0
55.0	2881.0
58.0	2076.0
64.0	3830.0
56.0	2422.0
57.0	893.0
57.0	668.0
56.0	421.0
62.0	835.0
55.0	3984.0
64.0	2883.0
59.0	15696.0
58.0	2389.0
56.0	2351.0
58.0	675.0
57.0	3670.0
56.0	12648.0
62.0	12032.0
57.0	1251.0
61.0	1548.0
57.0	1388.0
60.0	1428.0
58.0	10889.0
58.0	1948.0
55.8	1436.0
58.0	4145.0
58.0	4031.0
60.0	16941.0
57.0	689.0
58.0	675.0
56.0	403.0
59.0	2197.0
57.0	6588.0
58.0	776.0
60.0	6698.0
53.0	489.0
55.0	1593.0
58.0	5845.0
58.0	5627.0
56.0	1601.0
60.0	668.0
56.0	9391.0
60.0	17476.0
59.0	15917.0
58.0	4785.0
57.0	489.0
61.0	1942.0
56.0	1208.0
55.0	1056.0
66.0	984.0
55.0	4284.0
56.0	7098.0
58.0	3573.0
55.0	8928.0
59.0	625.0
55.0	10913.0
55.0	4001.0
56.0	5020.0
57.0	6019.0
58.0	842.0
55.0	17460.0
63.0	1950.0
54.0	675.0
57.0	4310.0
58.0	1134.0
57.0	871.0
57.0	4120.0
59.0	5899.0
56.0	12864.0
62.0	1160.0
60.0	9336.0
58.0	5450.0
59.0	10749.0
58.0	15930.0
57.0	10827.0
57.0	6406.0
56.0	764.0
57.0	1389.0
60.0	3472.0
60.0	5580.0
63.0	18340.0
56.0	4899.0
55.0	863.0
59.0	3489.0
58.0	6078.0
57.0	802.0
54.0	755.0
59.2	1640.0
54.0	1767.0
56.0	11825.0
57.0	1991.0
55.0	6814.0
58.0	3902.0
58.0	10466.0
57.0	4536.0
55.0	5687.0
57.0	2938.0
55.0	2210.0
58.0	6520.0
60.0	4751.0
55.0	607.0
58.0	10337.0
55.0	1877.0
61.0	15248.0
64.0	9452.0
57.0	5938.0
60.0	4943.0
56.0	444.0
64.0	3548.0
54.0	1205.0
56.0	816.0
59.0	4872.0
60.0	5105.0
57.0	558.0
56.0	7424.0
59.0	7236.0
57.0	2721.0
56.0	898.0
58.0	6450.0
60.0	4131.0
53.0	5375.0
59.0	2979.0
55.0	581.0
57.0	650.0
58.0	3756.0
58.0	2389.0
58.0	3629.0
59.0	11491.0
57.0	3160.0
57.0	497.0
58.0	7496.0
57.0	545.0
62.0	4208.0
59.0	2517.0
61.0	480.0
58.0	5718.0
52.0	7567.0
62.0	579.0
60.0	5671.0
59.0	5260.0
57.0	4384.0
57.0	1764.0
56.0	2763.0
57.0	2107.0
57.0	6681.0
58.0	2732.0
57.0	14275.0
56.0	2112.0
57.0	15745.0
58.0	3959.0
60.0	6620.0
57.0	2394.0
57.0	449.0
58.0	4111.0
56.0	1433.0
56.0	1044.0
58.0	540.0
56.0	645.0
57.0	1863.0
58.0	561.0
55.0	476.0
55.0	615.0
58.0	830.0
59.0	5624.0
57.0	3538.0
59.0	7550.0
57.0	1024.0
56.0	926.0
60.0	4764.0
57.0	505.0
60.0	4199.0
59.0	7573.0
57.0	13445.0
56.0	578.0
57.0	2720.0
56.0	5948.0
56.0	2594.0
59.0	15460.0
56.0	2443.0
58.0	4360.0
56.0	683.0
53.0	730.0
59.0	2367.0
55.0	4635.0
60.0	10216.0
62.0	17267.0
63.0	4449.0
57.0	12843.0
54.0	1370.0
58.0	776.0
56.0	2946.0
59.0	10521.0
57.0	802.0
56.0	579.0
57.0	9035.0
59.0	7024.0
56.0	6198.0
59.0	8954.0
59.0	12423.0
57.0	647.0
55.0	876.0
58.0	608.0
58.0	862.0
56.0	5257.0
54.2	557.0
58.0	2534.0
55.0	605.0
57.0	6837.0
57.0	1814.0
57.0	3096.0
60.0	9820.0
60.0	11149.0
58.0	4559.0
61.0	737.0
58.0	4717.0
56.0	14725.0
61.0	15312.0
55.0	10239.0
58.0	4767.0
59.0	6850.0
56.0	936.0
59.0	986.0
56.0	12897.0
57.0	4297.0
59.0	5315.0
58.0	1385.0
55.0	4749.0
56.0	6797.0
58.0	1817.0
61.0	5096.0
55.0	1608.0
57.0	10659.0
57.0	2557.0
54.0	609.0
56.0	13320.0
57.0	8714.0
60.0	1035.0
58.0	707.0
57.0	1442.0
58.0	5090.0
58.0	17952.0
58.0	8388.0
54.0	2635.0
56.0	3656.0
57.0	491.0
54.4	2438.0
58.0	828.0
55.0	561.0
58.0	787.0
69.0	7338.0
58.0	10478.0
57.0	733.0
59.0	984.0
54.0	887.0
56.0	1135.0
61.0	4865.0
59.0	15467.0
61.0	6324.0
59.0	5468.0
56.0	1193.0
55.0	792.0
62.0	5000.0
60.0	6451.0
59.0	3417.0
56.0	4900.0
59.0	4796.0
54.0	6300.0
57.0	6962.0
60.0	2921.0
58.0	764.0
56.0	5027.0
56.0	4504.0
54.0	1094.0
58.0	880.0
57.0	1573.0
58.0	6086.0
57.0	3713.0
58.0	593.0
59.0	1945.0
59.0	5664.0
56.0	7429.0
57.0	11520.0
59.0	4284.0
61.0	7128.0
57.0	3629.0
57.0	984.0
61.0	505.0
55.0	8079.0
61.0	4973.0
56.0	1584.0
57.0	3002.0
60.0	540.0
58.0	6350.0
63.0	2376.0
58.0	5408.0
57.0	12157.0
59.0	3874.0
60.0	12874.0
60.0	11202.0
53.0	7091.0
59.0	3008.0
60.0	7816.0
58.0	17469.0
58.0	1035.0
57.0	733.0
57.0	4796.0
60.0	802.0
56.0	6022.0
56.0	4779.0
60.0	668.0
60.0	683.0
55.0	789.0
57.0	7678.0
62.0	491.0
56.0	2504.0
58.0	816.0
61.0	4004.0
57.0	776.0
55.0	383.0
57.0	15472.0
57.0	10687.0
58.0	5214.0
58.0	3750.0
58.0	2663.0
59.0	6500.0
60.0	8593.0
59.0	591.0
54.0	1715.0
58.0	1982.0
57.0	7617.0
59.0	544.0
56.0	8075.0
57.0	4432.0
60.0	14426.0
58.0	1119.0
54.5	764.0
57.0	4914.0
59.0	432.0
58.0	8887.0
59.0	7196.0
59.0	4604.0
55.0	787.0
56.0	8774.0
55.0	7571.0
57.0	2369.0
56.0	5041.0
54.0	3725.0
53.0	15930.0
56.0	698.0
58.0	2367.0
55.0	552.0
62.0	8791.0
57.0	12284.0
59.0	15606.0
55.0	730.0
60.0	449.0
61.0	3770.0
57.0	534.0
58.0	4422.0
56.0	821.0
61.0	648.0
58.0	5867.0
57.0	1240.0
57.0	628.0
57.0	4455.0
60.0	446.0
55.0	729.0
55.0	1814.0
61.0	5294.0
55.0	7190.0
55.0	753.0
57.0	1944.0
58.0	5078.0
61.0	4637.0
60.0	4732.0
56.0	446.0
58.0	5020.0
58.0	2358.0
60.0	4496.0
62.0	624.0
59.0	788.0
57.0	666.0
58.0	645.0
56.0	5888.0
58.0	6608.0
59.0	2487.0
57.0	4689.0
58.0	1195.0
56.0	5937.0
55.0	5815.0
57.0	838.0
57.0	6776.0
56.0	7217.0
60.0	4788.0
68.0	2608.0
59.0	684.0
58.0	1172.0
55.0	4207.0
57.0	14182.0
55.0	7059.0
60.0	4746.0
55.0	505.0
56.0	1024.0
60.0	537.0
61.0	1141.0
58.0	4826.0
60.0	876.0
57.0	665.0
60.0	1826.0
57.0	605.0
56.0	4016.0
59.0	2277.0
64.0	4592.0
58.0	1439.0
58.0	540.0
55.0	857.0
58.0	666.0
55.0	3015.0
55.0	12810.0
58.0	505.0
58.0	1337.0
57.0	3437.0
61.0	1808.0
57.0	4186.0
57.0	9298.0
56.0	2481.0
60.0	18760.0
56.0	2531.0
57.0	5937.0
58.0	5579.0
62.0	1653.0
60.0	421.0
56.0	980.0
57.0	421.0
56.0	931.0
57.0	8014.0
56.0	828.0
59.0	3263.0
58.0	1221.0
58.0	764.0
59.0	683.0
58.0	5889.0
57.0	5063.0
57.0	720.0
60.0	5723.0
56.0	2376.0
57.0	2818.0
56.0	5102.0
55.0	684.0
56.0	1643.0
55.0	1008.0
59.0	16747.0
58.0	17141.0
57.0	4032.0
56.0	544.0
57.0	1299.0
55.0	2303.0
59.0	489.0
57.0	397.0
63.0	4166.0
57.0	2058.0
59.0	4150.0
55.0	11594.0
57.0	2946.0
57.0	773.0
56.0	1314.0
56.0	2367.0
60.0	9332.0
60.0	4172.0
56.0	6629.0
58.0	1982.0
56.0	10012.0
60.0	4680.0
57.0	6760.0
56.0	2599.0
62.0	3881.0
56.0	1573.0
58.0	720.0
57.0	959.0
58.0	1443.0
57.0	5791.0
57.0	1944.0
59.0	704.0
58.0	9620.0
55.0	7999.0
56.0	4637.0
61.0	4405.0
61.0	2156.0
58.0	4948.0
59.0	14414.0
55.0	6512.0
62.0	5944.0
54.0	2975.0
57.0	5975.0
63.0	5085.0
60.0	2266.0
57.0	605.0
58.0	1035.0
57.0	7400.0
56.0	13375.0
57.0	4324.0
58.0	1040.0
57.0	648.0
56.0	689.0
58.0	5550.0
61.9	1376.0
61.0	3878.0
58.0	4749.0
56.0	746.0
58.0	12361.0
59.0	568.0
57.0	975.0
56.0	788.0
56.0	671.0
56.0	702.0
57.0	4012.0
60.0	1706.0
