64.0	2366.0
56.0	490.0
59.0	4181.0
59.0	18027.0
54.0	739.0
61.0	2344.0
57.0	8210.0
58.0	6449.0
56.0	1293.0
59.0	13275.0
54.0	646.0
55.0	2872.0
55.0	567.0
61.0	4807.0
55.0	729.0
57.0	1274.0
60.0	361.0
61.9	1168.0
55.0	4646.0
54.0	2056.0
58.0	3848.0
61.0	8550.0
58.0	1674.0
63.0	6443.0
63.0	3755.0
56.5	7147.0
56.0	462.0
60.0	399.0
56.0	409.0
60.0	13499.0
58.0	3129.0
57.0	14936.0
56.0	3188.0
60.0	3419.0
61.0	4407.0
56.0	3058.0
58.0	3611.0
57.0	1122.0
59.0	4619.0
55.8	5197.0
59.0	10618.0
56.0	2599.0
62.0	1682.0
65.0	14251.0
61.0	4865.0
58.0	9774.0
61.2	2406.0
56.0	3880.0
63.0	2098.0
55.0	421.0
58.0	4986.0
58.0	5054.0
57.0	16239.0
57.0	6882.0
56.0	5420.0
59.0	3932.0
59.0	3192.0
59.0	3676.0
55.0	644.0
60.0	3286.0
63.0	5208.0
58.0	687.0
54.0	402.0
58.0	2367.0
59.0	6212.0
58.0	8464.0
54.0	571.0
58.0	5487.0
62.0	505.0
57.0	611.0
59.0	3303.0
60.0	14654.0
55.0	5199.0
60.0	2777.0
57.0	684.0
57.0	1610.0
54.0	4289.0
57.0	3740.0
56.0	705.0
56.0	5124.0
63.0	1939.0
59.0	5430.0
61.0	2226.0
58.0	5226.0
63.0	3277.0
61.0	3850.0
65.0	2165.0
54.0	583.0
55.0	774.0
61.4	5167.0
64.0	2573.0
64.0	6152.0
59.0	4197.0
62.0	1390.0
58.0	17313.0
61.0	4601.0
57.0	537.0
62.0	1266.0
62.0	628.0
59.0	12723.0
54.0	2477.0
61.0	714.0
63.0	681.0
58.0	3318.0
57.0	394.0
56.0	1443.0
61.0	3290.0
62.0	2115.0
57.0	784.0
57.0	1759.0
56.0	561.0
57.0	3701.0
56.0	1340.0
60.0	2923.0
55.0	625.0
59.0	1031.0
58.0	461.0
59.0	982.0
59.4	3816.0
64.0	1989.0
60.0	3581.0
57.0	882.0
58.0	2796.0
55.0	14220.0
57.0	1235.0
61.0	847.0
61.0	1714.0
62.0	1231.0
60.0	3669.0
53.0	2523.0
59.0	2676.0
65.0	3965.0
56.0	4326.0
55.0	1415.0
57.0	3852.0
56.0	1388.0
59.0	2411.0
60.0	6937.0
61.7	1744.0
59.0	2753.0
56.0	1257.0
62.0	760.0
55.0	521.0
58.0	3105.0
62.0	2191.0
59.0	5999.0
59.0	3752.0
57.0	842.0
65.0	5601.0
58.0	445.0
58.0	9193.0
58.0	3472.0
57.0	10428.0
60.0	7292.0
58.0	4159.0
57.0	5592.0
59.0	2717.0
57.0	445.0
61.5	1821.0
61.0	3886.0
61.0	3946.0
65.0	383.0
60.8	1893.0
61.0	14853.0
53.0	780.0
54.0	935.0
58.0	2854.0
56.0	403.0
56.0	755.0
56.0	756.0
58.0	7769.0
57.0	1089.0
62.0	1422.0
54.0	1767.0
56.0	2264.0
58.0	491.0
57.0	4608.0
54.0	8104.0
58.0	11460.0
60.0	10692.0
58.0	2242.0
57.0	394.0
61.0	18077.0
56.0	2337.0
61.0	1843.0
58.0	12581.0
56.0	552.0
59.0	3742.0
58.0	3959.0
60.0	7467.0
65.0	476.0
59.0	4218.0
61.0	1279.0
56.0	1180.0
56.0	4321.0
54.0	11368.0
57.0	485.0
57.0	15119.0
55.0	561.0
61.0	6088.0
53.0	942.0
61.0	3193.0
61.0	1407.0
60.0	10078.0
60.0	8109.0
56.0	1147.0
59.0	638.0
65.0	15851.0
58.0	16062.0
57.0	596.0
58.0	3948.0
56.0	1130.0
55.0	2315.0
62.0	4395.0
55.0	641.0
61.0	12546.0
65.0	4213.0
57.0	462.0
58.0	705.0
61.0	2111.0
61.0	2015.0
62.0	5051.0
61.6	2428.0
59.0	2351.0
62.0	3447.0
57.0	13480.0
57.0	5758.0
57.0	787.0
58.0	17449.0
64.0	3017.0
62.0	3744.0
59.0	8134.0
59.0	13819.0
60.0	3989.0
61.0	8778.0
54.0	1332.0
61.0	9878.0
62.0	8079.0
61.0	3046.0
58.0	3699.0
56.0	5028.0
60.0	1059.0
56.0	1574.0
61.0	4914.0
60.0	3239.0
57.0	827.0
59.0	5817.0
57.0	687.0
57.0	499.0
61.0	1599.0
61.0	3835.0
57.0	4672.0
61.0	4394.0
55.0	7848.0
58.0	4339.0
56.0	5819.0
58.0	6399.0
54.0	1999.0
57.0	926.0
64.0	2058.0
58.0	12224.0
55.0	11336.0
60.0	6666.0
60.0	3595.0
57.0	10528.0
60.0	2394.0
57.7	6025.0
63.0	1150.0
59.0	4309.0
55.0	605.0
56.0	489.0
61.0	6841.0
61.0	3303.0
64.0	2163.0
61.0	2899.0
60.0	962.0
56.0	773.0
56.0	2788.0
58.0	1433.0
56.0	9258.0
58.0	544.0
62.0	680.0
57.0	16410.0
62.0	5700.0
60.0	2681.0
56.0	775.0
57.0	432.0
61.0	564.0
63.0	9651.0
64.0	4498.0
56.0	1816.0
60.0	9828.0
59.0	4989.0
58.0	1316.0
53.0	408.0
55.0	613.0
59.0	3909.0
57.5	6178.0
56.0	3428.0
55.0	556.0
65.0	5005.0
57.0	8095.0
56.0	596.0
58.0	755.0
55.0	704.0
64.0	3838.0
59.0	4121.0
56.0	2258.0
54.0	1250.0
56.0	625.0
55.0	2436.0
57.0	2142.0
61.0	2952.0
62.0	6794.0
61.0	4242.0
60.0	8780.0
56.0	622.0
61.0	784.0
58.0	3884.0
62.0	1120.0
61.0	820.0
59.0	12967.0
64.0	16582.0
60.0	4089.0
55.0	4269.0
57.0	9116.0
56.0	625.0
58.0	3105.0
60.0	432.0
57.0	7068.0
57.0	756.0
57.0	969.0
60.0	7666.0
56.0	1363.0
58.0	6666.0
60.0	11250.0
57.0	558.0
55.0	853.0
55.0	552.0
62.0	3574.0
59.0	7418.0
58.0	1060.0
58.0	8868.0
62.0	1145.0
56.0	5259.0
56.0	746.0
57.0	5988.0
57.0	9281.0
56.0	1292.0
64.0	3633.0
57.0	3620.0
55.0	978.0
60.0	1563.0
54.0	669.0
57.0	755.0
58.0	7911.0
57.1	1168.0
56.0	8973.0
57.0	2379.0
55.0	1077.0
56.0	1268.0
61.0	3973.0
55.0	554.0
57.0	2631.0
62.0	3149.0
62.0	3393.0
57.0	4742.0
63.0	2092.0
58.0	8212.0
56.0	882.0
58.0	3411.0
56.0	4274.0
62.0	6247.0
55.0	1624.0
61.0	4916.0
64.0	3500.0
59.0	772.0
61.0	3577.0
56.0	12490.0
61.0	618.0
58.0	2244.0
62.0	2309.0
62.0	3470.0
62.0	3756.0
59.0	7332.0
60.0	4312.0
60.0	6126.0
60.0	5825.0
59.0	2941.0
63.0	5315.0
54.0	3871.0
65.0	2338.0
56.0	2250.0
61.0	5094.0
57.0	9741.0
56.0	5053.0
61.0	4318.0
58.0	11023.0
58.0	1625.0
60.0	505.0
59.0	2542.0
57.0	4784.0
58.0	3340.0
57.0	666.0
56.0	7492.0
61.0	9380.0
57.0	2254.0
62.0	3948.0
59.0	3881.0
55.0	487.0
64.0	754.0
58.0	3989.0
56.0	802.0
56.0	6545.0
60.0	617.0
56.0	4081.0
59.0	5021.0
54.0	3163.0
61.0	17115.0
57.0	3291.0
64.0	5538.0
61.0	597.0
58.0	3626.0
60.0	394.0
59.0	987.0
56.0	3950.0
60.0	3024.0
56.0	1960.0
63.0	5483.0
61.0	4712.0
62.0	462.0
55.0	1286.0
56.0	622.0
61.0	969.0
54.0	2789.0
62.0	3509.0
55.0	1071.0
59.0	5045.0
57.0	893.0
59.0	5515.0
55.0	1364.0
64.0	648.0
56.0	1625.0
61.9	1793.0
57.0	3689.0
62.0	984.0
61.0	4355.0
61.0	588.0
61.5	1294.0
60.0	5174.0
61.0	641.0
57.0	13248.0
59.0	6266.0
62.0	4416.0
59.0	2550.0
65.0	11548.0
59.0	4936.0
60.8	2275.0
58.0	4370.0
56.0	8741.0
58.0	8387.0
62.0	3583.0
58.0	2117.0
58.0	2623.0
58.0	571.0
60.0	3734.0
56.0	467.0
60.0	4001.0
62.0	6073.0
61.0	13603.0
59.0	3246.0
56.0	743.0
62.0	2229.0
56.0	6523.0
59.0	3801.0
61.0	2846.0
60.0	3210.0
56.0	2212.0
60.0	4744.0
59.0	5821.0
59.0	6140.0
55.0	4064.0
56.0	4015.0
55.0	706.0
65.0	5242.0
61.0	5484.0
55.0	2496.0
59.0	7208.0
55.0	556.0
59.0	4899.0
61.0	4357.0
55.0	738.0
59.0	5411.0
57.0	3795.0
60.0	877.0
52.0	458.0
58.0	6221.0
55.0	5829.0
60.0	4309.0
63.0	2819.0
62.0	6089.0
58.0	4489.0
63.0	6327.0
65.0	2640.0
61.0	597.0
60.0	2382.0
60.0	5113.0
61.0	4405.0
59.0	3669.0
57.0	591.0
63.0	4517.0
61.2	1565.0
57.0	490.0
61.0	661.0
57.0	1138.0
60.8	2516.0
59.0	1968.0
58.0	3924.0
61.0	2591.0
58.0	4155.0
57.0	3724.0
58.0	3799.0
60.0	4268.0
54.0	5599.0
59.0	622.0
57.0	679.0
58.0	789.0
58.0	1668.0
58.0	4559.0
56.0	492.0
61.0	1000.0
60.9	3195.0
65.0	2167.0
65.0	5050.0
61.0	3471.0
56.0	4610.0
63.0	357.0
61.0	4457.0
62.0	2759.0
61.0	5317.0
54.0	4026.0
63.0	14597.0
56.0	739.0
61.0	8904.0
56.0	2253.0
61.0	3418.0
62.0	3206.0
55.0	851.0
55.0	4558.0
58.0	1406.0
53.0	526.0
58.0	4586.0
62.0	4586.0
62.0	10216.0
61.0	891.0
57.0	700.0
61.0	4566.0
56.0	13978.0
60.3	1828.0
55.0	1660.0
59.0	2029.0
56.0	2547.0
57.0	2096.0
59.0	4054.0
55.0	1573.0
56.0	2717.0
63.0	7365.0
57.0	622.0
61.0	2445.0
56.0	1436.0
64.0	958.0
57.0	4496.0
56.0	4823.0
64.0	2822.0
59.0	1899.0
58.0	4936.0
63.0	7233.0
59.0	3669.0
54.0	732.0
61.0	1367.0
55.0	571.0
63.0	758.0
65.0	3122.0
62.0	2546.0
59.0	1007.0
61.0	1695.0
55.0	1303.0
57.0	10514.0
60.0	17760.0
60.0	9301.0
59.0	12369.0
63.0	1950.0
62.0	2973.0
59.0	1395.0
61.0	4543.0
62.0	2723.0
59.0	15832.0
53.0	2311.0
61.0	3018.0
54.7	1214.0
56.0	1966.0
57.0	798.0
61.0	4253.0
59.0	5175.0
61.0	3640.0
59.0	1406.0
58.0	491.0
62.0	12248.0
65.0	1110.0
61.0	1089.0
55.0	3246.0
58.0	2229.0
56.0	1272.0
61.0	2980.0
58.0	5376.0
58.0	3980.0
57.0	1423.0
61.0	7695.0
60.0	3733.0
54.0	732.0
61.0	412.0
55.0	956.0
57.0	4443.0
58.0	4441.0
53.0	5029.0
56.0	4725.0
62.0	12961.0
58.0	6288.0
53.0	3763.0
55.0	8703.0
56.0	14445.0
58.0	882.0
61.0	3332.0
56.0	1935.0
57.0	3893.0
55.0	3269.0
59.0	526.0
56.0	11854.0
56.0	2572.0
62.0	18069.0
61.0	3769.0
57.0	4549.0
59.0	5834.0
59.0	4062.0
60.0	984.0
55.0	8901.0
64.0	2589.0
55.0	550.0
57.0	489.0
59.0	3303.0
64.0	1238.0
55.0	774.0
58.0	2174.0
61.0	15261.0
57.0	707.0
63.0	2190.0
63.0	2214.0
64.0	1774.0
65.0	2196.0
59.0	9368.0
56.0	2316.0
58.0	4751.0
55.0	4409.0
64.0	6397.0
58.0	3422.0
57.0	6042.0
62.0	2293.0
64.0	2058.0
60.0	18495.0
60.0	7572.0
59.0	1316.0
59.0	1909.0
59.0	4119.0
61.0	5055.0
56.0	526.0
64.0	5221.0
59.0	5379.0
56.0	1422.0
60.0	10416.0
58.0	1872.0
53.0	492.0
61.0	2358.0
57.0	3096.0
55.0	6267.0
56.0	460.0
55.0	2816.0
60.0	13622.0
60.0	3926.0
62.0	7084.0
56.0	16425.0
57.6	4870.0
54.0	5141.0
57.0	625.0
58.0	1816.0
63.0	2195.0
55.0	698.0
59.0	1157.0
63.0	18340.0
53.0	4928.0
57.0	5809.0
60.0	2723.0
57.0	4381.0
61.0	6969.0
56.0	1668.0
55.0	605.0
60.0	10349.0
60.5	1245.0
65.0	1128.0
57.0	10036.0
59.0	4150.0
61.0	1613.0
56.0	2159.0
62.0	827.0
55.0	593.0
58.0	4049.0
57.0	4338.0
59.0	4503.0
55.0	544.0
57.0	4201.0
55.0	568.0
61.0	2559.0
61.0	4189.0
60.0	4060.0
58.0	3923.0
60.0	12787.0
56.0	3310.0
59.0	2320.0
62.0	3408.0
56.0	526.0
56.0	421.0
57.0	631.0
62.0	1942.0
59.0	11312.0
60.0	4909.0
61.0	2772.0
55.0	589.0
57.0	4432.0
58.0	1361.0
56.0	1636.0
56.0	687.0
56.0	3524.0
54.0	4353.0
57.0	2117.0
55.0	515.0
61.0	373.0
59.0	2277.0
53.0	734.0
59.0	17740.0
54.0	361.0
61.7	1951.0
57.0	1436.0
60.0	3740.0
62.0	3140.0
57.0	1395.0
55.0	1316.0
60.0	7723.0
55.0	7306.0
59.0	622.0
54.0	5049.0
59.0	4166.0
60.0	6999.0
62.0	4535.0
59.0	6912.0
57.0	818.0
61.0	3646.0
55.0	1226.0
57.0	4588.0
57.0	646.0
59.0	3866.0
65.0	1239.0
58.0	14479.0
54.0	2606.0
58.0	4053.0
60.0	1767.0
60.0	10666.0
59.0	1754.0
56.0	842.0
55.0	533.0
58.0	3977.0
59.0	7024.0
57.0	4672.0
56.0	4620.0
62.0	4312.0
57.0	8720.0
61.0	3160.0
60.5	1170.0
58.0	718.0
61.0	3895.0
63.0	4395.0
63.0	4165.0
58.0	489.0
59.0	552.0
61.0	5871.0
65.0	2393.0
55.0	5913.0
61.0	3125.0
56.0	1922.0
62.0	4961.0
59.0	4197.0
55.0	1727.0
57.0	5975.0
60.0	6261.0
58.0	1299.0
60.0	4608.0
57.0	556.0
55.0	3733.0
61.0	5208.0
54.0	2912.0
64.0	1350.0
61.0	3027.0
58.0	6272.0
58.0	2330.0
58.0	5779.0
55.0	873.0
60.0	4566.0
59.0	2608.0
65.0	15708.0
55.0	3570.0
64.0	1164.0
57.0	544.0
59.0	6174.0
57.0	3750.0
62.0	641.0
56.0	3800.0
61.0	3536.0
58.0	5723.0
58.0	8910.0
64.0	4568.0
59.0	11225.0
60.0	945.0
54.0	1034.0
62.0	6369.0
56.0	3042.0
56.0	2428.0
62.0	536.0
60.0	12615.0
61.9	1376.0
61.0	6429.0
58.0	3546.0
57.0	1925.0
56.0	450.0
55.0	749.0
60.0	2083.0
61.0	13654.0
57.0	4086.0
57.0	3210.0
56.0	2308.0
64.0	4732.0
63.0	1760.0
54.0	1800.0
61.0	4916.0
57.0	3116.0
63.0	1135.0
64.0	1348.0
56.0	2215.0
57.0	9071.0
54.0	6246.0
65.0	15729.0
56.0	1806.0
58.0	5678.0
60.0	2409.0
56.0	4042.0
58.0	942.0
55.0	2724.0
58.0	2753.0
62.0	1012.0
61.0	12121.0
64.0	1547.0
57.0	5290.0
60.1	1863.0
59.0	12257.0
65.0	651.0
60.0	2271.0
58.0	2919.0
63.0	4184.0
54.0	468.0
57.0	506.0
62.0	2611.0
55.0	3116.0
63.0	4816.0
56.0	2641.0
61.0	2010.0
64.0	4154.0
55.0	6159.0
57.0	552.0
58.0	914.0
56.0	600.0
63.0	4469.0
59.0	7727.0
55.0	732.0
60.0	1052.0
55.0	912.0
60.0	5068.0
62.0	4710.0
60.0	2512.0
59.0	755.0
59.0	4502.0
60.0	10901.0
62.0	1423.0
57.0	689.0
57.0	1328.0
59.0	1914.0
57.0	2416.0
58.0	3078.0
59.0	9821.0
57.0	6059.0
56.0	596.0
62.0	1554.0
55.0	17898.0
60.0	3485.0
61.0	2911.0
58.0	9620.0
61.0	6748.0
57.0	7862.0
55.0	706.0
62.0	7714.0
59.0	4493.0
61.0	2873.0
58.0	4050.0
54.0	756.0
58.0	8492.0
62.0	6857.0
57.0	5667.0
56.0	659.0
57.0	828.0
58.0	8415.0
54.0	648.0
55.0	752.0
60.0	3048.0
60.0	9946.0
63.0	17499.0
57.0	1764.0
56.0	6224.0
58.0	2311.0
60.0	6176.0
60.0	4821.0
61.0	2696.0
57.0	629.0
60.0	5310.0
57.0	16231.0
61.0	8097.0
61.0	545.0
60.0	6731.0
57.0	816.0
55.0	2793.0
64.0	756.0
59.0	4207.0
59.0	4032.0
59.0	7508.0
57.0	4463.0
57.0	6046.0
61.0	4368.0
57.0	3312.0
61.0	9218.0
56.0	1146.0
56.0	705.0
61.0	3666.0
56.0	432.0
58.0	6330.0
58.0	7453.0
59.0	2062.0
63.0	3423.0
61.0	3616.0
59.0	7251.0
65.0	3107.0
65.0	3145.0
58.0	4369.0
58.0	3465.0
60.7	1268.0
57.0	720.0
61.0	826.0
57.0	1662.0
56.0	4937.0
58.0	565.0
57.0	894.0
53.0	798.0
62.0	5197.0
53.0	4238.0
60.0	3082.0
57.0	1172.0
59.0	1969.0
57.0	608.0
54.0	939.0
55.0	579.0
57.0	12319.0
64.0	1663.0
56.0	473.0
55.0	544.0
55.0	7738.0
56.0	625.0
60.0	3153.0
60.1	754.0
58.0	2889.0
57.0	1154.0
56.0	4326.0
57.0	1111.0
58.0	3881.0
61.0	2582.0
59.0	14889.0
58.0	4459.0
56.0	1100.0
60.0	3730.0
63.0	16294.0
65.0	9173.0
63.0	5168.0
55.0	552.0
64.0	3884.0
56.0	4084.0
58.0	4460.0
57.0	12117.0
54.0	1443.0
56.0	1090.0
60.3	1786.0
61.0	425.0
57.0	583.0
64.0	4480.0
56.0	3107.0
59.0	1088.0
60.0	3512.0
58.0	7042.0
59.0	3290.0
61.0	13144.0
56.0	1758.0
58.0	4276.0
61.0	3671.0
57.0	878.0
58.0	3114.0
61.0	7291.0
56.0	1272.0
59.0	5484.0
57.0	3267.0
56.0	512.0
65.0	1424.0
54.0	1232.0
59.0	1098.0
57.0	2956.0
57.0	1851.0
63.0	3166.0
60.0	3801.0
60.0	4423.0
54.0	825.0
59.0	1811.0
60.0	4020.0
53.0	2415.0
64.0	3567.0
61.0	1948.0
61.0	3696.0
62.0	1690.0
60.0	11804.0
58.0	3127.0
59.0	10995.0
55.0	570.0
61.0	2307.0
51.0	1728.0
62.0	2386.0
57.0	6996.0
59.0	5232.0
61.0	2034.0
61.0	3843.0
55.0	3916.0
59.0	6843.0
62.0	1966.0
56.0	5914.0
56.0	5786.0
56.0	3318.0
58.0	6509.0
57.8	2958.0
57.0	4234.0
57.0	2027.0
61.0	801.0
55.0	2757.0
62.8	1624.0
55.0	2604.0
65.0	4528.0
59.0	869.0
58.0	2121.0
56.0	5646.0
55.0	13849.0
62.0	5251.0
62.0	1844.0
64.0	2475.0
56.0	2306.0
55.0	1619.0
63.0	2225.0
58.0	1637.0
57.0	653.0
62.0	16223.0
55.0	457.0
58.0	1434.0
60.3	1832.0
57.0	4016.0
60.0	7847.0
62.0	4504.0
59.0	4853.0
60.0	4140.0
58.0	2066.0
57.0	1155.0
63.0	2857.0
58.0	1769.0
58.0	5068.0
58.0	4604.0
55.0	668.0
56.0	7250.0
65.0	2187.0
57.0	1180.0
57.0	7695.0
61.0	1437.0
59.0	5416.0
57.0	3615.0
65.0	1131.0
59.0	684.0
57.0	4512.0
56.0	666.0
57.0	5429.0
64.0	2278.0
60.0	7304.0
54.0	1141.0
64.0	3787.0
62.0	10793.0
65.0	7434.0
63.0	5085.0
57.0	2161.0
58.0	6936.0
55.0	544.0
65.0	4138.0
56.0	638.0
62.0	4338.0
61.0	4624.0
61.0	3398.0
55.0	484.0
55.0	4476.0
62.0	1657.0
55.0	1689.0
61.0	2391.0
60.0	959.0
55.0	612.0
58.0	2702.0
60.0	15898.0
59.0	3354.0
55.0	4550.0
57.0	1186.0
60.0	1073.0
61.0	1159.0
62.0	4443.0
56.0	5769.0
58.0	2362.0
59.0	12554.0
57.0	765.0
64.0	1287.0
57.0	571.0
57.9	2734.0
61.0	3538.0
60.0	5588.0
56.0	537.0
60.0	18625.0
57.0	554.0
55.0	12489.0
58.0	4218.0
56.0	6963.0
55.0	742.0
59.0	3399.0
62.1	2282.0
59.0	1790.0
53.0	622.0
56.0	4540.0
58.0	738.0
54.0	8496.0
54.4	909.0
58.0	700.0
64.0	2558.0
59.0	15977.0
62.0	3611.0
58.0	4125.0
65.0	7519.0
63.3	1690.0
61.0	5855.0
65.0	2685.0
56.0	521.0
61.0	3633.0
60.8	12429.0
59.0	8951.0
58.0	6050.0
55.0	4440.0
59.0	5984.0
64.0	2202.0
64.3	1362.0
60.0	2290.0
58.0	3519.0
59.0	6552.0
57.0	720.0
58.0	969.0
56.0	6776.0
64.0	4909.0
59.0	2756.0
61.0	4928.0
60.0	2221.0
62.0	4419.0
54.0	4786.0
56.0	1343.0
58.0	3057.0
61.0	429.0
61.0	5570.0
58.0	3781.0
56.0	3836.0
63.0	2447.0
60.0	4389.0
55.0	776.0
55.0	526.0
62.0	1755.0
56.0	734.0
66.0	3353.0
58.0	622.0
62.0	632.0
58.0	7380.0
58.0	3796.0
61.0	1626.0
55.0	2503.0
56.0	1591.0
55.0	8750.0
56.0	524.0
55.0	12944.0
61.0	3972.0
57.0	3649.0
59.0	500.0
60.0	2795.0
60.0	18242.0
59.0	4480.0
58.0	3952.0
60.0	4967.0
57.0	2642.0
56.0	421.0
56.0	685.0
62.0	4010.0
57.0	526.0
55.0	1132.0
64.0	3192.0
63.0	4119.0
55.0	7786.0
60.0	8521.0
60.0	3465.0
57.0	3084.0
55.0	571.0
58.0	10291.0
59.0	1407.0
59.0	1090.0
61.0	6651.0
58.0	16737.0
56.0	5645.0
58.0	374.0
58.0	4488.0
61.0	1613.0
62.0	9278.0
56.0	1791.0
61.0	8960.0
64.0	4782.0
56.0	1429.0
56.0	3726.0
60.0	978.0
59.0	1758.0
61.0	617.0
59.0	4672.0
61.0	5356.0
56.0	1220.0
57.0	878.0
59.0	11696.0
57.0	9542.0
55.0	1605.0
58.0	4501.0
57.0	368.0
60.0	3344.0
58.0	4356.0
59.0	18474.0
57.0	2388.0
59.0	4766.0
55.0	454.0
54.0	4535.0
56.0	3795.0
56.0	517.0
58.0	645.0
60.0	4521.0
62.0	3349.0
60.0	3842.0
61.0	4167.0
64.0	945.0
62.0	4453.0
55.0	630.0
63.0	2270.0
56.0	5701.0
62.0	2498.0
54.0	748.0
58.0	4752.0
61.0	2444.0
63.0	13010.0
55.0	4312.0
61.0	6165.0
58.0	1268.0
63.0	4685.0
59.0	5407.0
59.0	4060.0
57.0	4253.0
62.0	9681.0
55.0	638.0
56.0	1229.0
64.0	9660.0
57.0	659.0
59.0	8794.0
61.5	1565.0
65.0	5610.0
62.0	2450.0
60.0	3088.0
61.0	6030.0
54.0	855.0
54.0	2345.0
57.0	2189.0
54.0	3163.0
57.0	1269.0
61.0	1680.0
60.0	3893.0
57.0	10769.0
55.0	7639.0
63.0	1175.0
65.0	4427.0
62.0	9169.0
59.0	5929.0
62.0	1736.0
58.0	6681.0
57.0	755.0
57.0	1107.0
58.0	3734.0
61.0	6511.0
56.0	537.0
61.0	4510.0
62.0	4158.0
59.0	707.0
60.0	5431.0
58.0	12196.0
57.0	4071.0
58.0	775.0
60.0	3148.0
54.0	3298.0
62.0	4445.0
62.0	16593.0
62.0	5088.0
57.0	4612.0
54.0	4260.0
59.0	1699.0
60.0	4898.0
56.0	3393.0
62.0	5784.0
59.0	4847.0
58.0	705.0
60.0	10416.0
60.0	684.0
58.0	4580.0
58.0	3250.0
59.0	4912.0
58.0	676.0
55.0	544.0
61.0	5544.0
56.0	2591.0
57.0	2823.0
56.0	959.0
60.0	7929.0
59.0	7392.0
59.0	2137.0
60.0	14395.0
65.0	1377.0
55.0	4326.0
59.0	4414.0
56.0	3689.0
60.0	4346.0
60.0	1052.0
56.0	605.0
61.0	2789.0
65.0	3933.0
56.0	9012.0
57.0	829.0
54.0	504.0
60.0	375.0
60.0	3520.0
64.0	2087.0
53.0	4185.0
60.0	2074.0
64.0	1644.0
59.0	2098.0
56.0	907.0
56.0	1806.0
61.0	2563.0
56.0	589.0
57.0	4178.0
53.0	2647.0
57.0	2093.0
59.0	3634.0
59.0	744.0
56.0	561.0
59.0	7897.0
61.0	16295.0
61.0	3340.0
55.0	2453.0
59.0	4899.0
60.0	8702.0
59.0	1155.0
59.0	5747.0
57.0	2608.0
56.0	2005.0
55.0	4474.0
63.0	6613.0
58.0	2813.0
64.0	11115.0
57.0	8943.0
58.0	687.0
60.0	4824.0
56.0	614.0
57.0	669.0
61.0	3466.0
64.0	2185.0
63.0	4877.0
63.0	5219.0
65.0	4047.0
58.0	4666.0
58.0	1255.0
58.0	376.0
53.0	5469.0
61.0	2502.0
57.0	564.0
54.0	1959.0
60.0	7957.0
58.0	4478.0
57.0	622.0
58.0	3839.0
56.0	17400.0
58.0	5331.0
60.0	7197.0
62.0	498.0
56.0	415.0
56.0	1312.0
57.0	2372.0
57.0	435.0
64.0	5319.0
59.0	1323.0
60.0	2956.0
58.0	707.0
56.0	3253.0
54.0	593.0
59.0	5864.0
60.1	4517.0
55.0	1315.0
54.0	2829.0
64.0	4700.0
61.0	3895.0
62.0	6147.0
58.0	5418.0
60.0	5599.0
60.0	5443.0
61.0	14720.0
60.0	8624.0
59.0	3886.0
57.0	1310.0
57.0	739.0
58.0	421.0
60.0	1365.0
57.0	16003.0
64.0	3285.0
63.0	1920.0
55.0	1364.0
57.0	662.0
58.0	1715.0
57.0	917.0
60.0	5082.0
56.0	611.0
58.0	3950.0
58.0	5443.0
62.2	3363.0
64.0	8731.0
63.0	1594.0
54.0	11746.0
61.0	1951.0
62.0	4389.0
57.0	8043.0
58.0	462.0
61.0	8048.0
55.0	6163.0
54.0	515.0
57.0	1286.0
57.0	462.0
56.0	3620.0
55.0	1851.0
60.0	1172.0
61.0	719.0
61.0	8563.0
64.0	1026.0
58.0	687.0
62.0	1710.0
55.0	7201.0
63.0	2065.0
52.0	6344.0
61.0	4309.0
62.0	11399.0
64.0	2559.0
58.0	2240.0
63.0	1720.0
55.0	8976.0
61.0	3859.0
57.0	1289.0
61.0	2699.0
61.0	4307.0
60.0	490.0
56.0	625.0
61.0	4547.0
58.0	6248.0
56.0	7114.0
64.0	5096.0
57.0	707.0
60.0	3229.0
60.0	4492.0
58.0	3261.0
55.0	421.0
58.0	4441.0
54.0	2849.0
61.0	18374.0
58.0	7255.0
58.0	2363.0
57.0	669.0
54.0	1343.0
59.7	5817.0
55.0	675.0
60.0	7828.0
60.0	6509.0
60.0	5226.0
57.0	589.0
64.0	2934.0
60.0	1353.0
58.0	704.0
56.0	3634.0
64.0	1902.0
58.0	2642.0
60.0	15385.0
65.0	4131.0
57.0	461.0
62.0	4182.0
58.0	1166.0
56.0	2138.0
55.0	2184.0
62.0	5147.0
61.0	4093.0
57.0	3398.0
58.0	3024.0
56.0	3303.0
58.0	4278.0
56.3	3425.0
61.0	4210.0
62.0	1410.0
64.0	1138.0
57.0	3977.0
60.0	8109.0
59.0	373.0
58.0	6708.0
64.0	1134.0
61.0	6606.0
57.0	1574.0
60.0	4861.0
59.0	7279.0
61.1	1167.0
61.0	1922.0
56.0	1077.0
57.0	5110.0
61.0	4520.0
58.0	544.0
56.0	2306.0
60.1	1243.0
56.0	374.0
54.0	2947.0
58.0	13317.0
56.0	8099.0
60.0	465.0
60.0	2836.0
57.0	2871.0
59.0	4028.0
59.0	3415.0
57.0	6925.0
60.0	4011.0
57.0	533.0
57.0	12825.0
63.0	6250.0
59.0	2048.0
61.0	1000.0
56.0	10134.0
64.0	5331.0
60.0	2974.0
62.0	5759.0
58.0	421.0
55.0	489.0
57.0	4183.0
63.0	2982.0
57.0	2121.0
62.0	5313.0
58.0	4606.0
58.0	1978.0
58.0	904.0
54.0	462.0
61.0	4506.0
55.0	895.0
56.0	789.0
61.0	1668.0
57.0	571.0
59.0	5940.0
64.0	1282.0
59.0	4197.0
58.0	1743.0
57.0	7577.0
62.0	4887.0
62.0	892.0
55.6	6361.0
64.0	5096.0
57.0	4580.0
57.0	1002.0
58.0	7177.0
56.0	776.0
62.0	3342.0
57.0	2327.0
57.0	8736.0
56.0	605.0
56.0	786.0
57.0	827.0
55.0	596.0
62.0	5082.0
54.0	4284.0
55.0	1179.0
55.0	524.0
56.0	477.0
58.0	5002.0
57.0	4573.0
54.0	784.0
57.0	1323.0
64.0	4559.0
59.0	1331.0
61.0	917.0
60.0	3484.0
55.0	874.0
59.0	402.0
56.0	4202.0
58.0	3528.0
56.0	4705.0
64.0	3881.0
57.0	7399.0
57.0	2234.0
60.0	5701.0
58.0	7861.0
57.0	2258.0
55.0	488.0
57.0	678.0
61.0	633.0
56.0	6529.0
57.0	5922.0
57.0	526.0
57.0	14146.0
61.0	2367.0
60.7	3121.0
56.0	5018.0
62.0	1361.0
58.0	4552.0
57.0	9068.0
60.0	5546.0
60.0	12756.0
55.0	675.0
55.0	12870.0
58.0	1308.0
61.0	5766.0
56.0	4460.0
57.0	4997.0
56.0	3273.0
55.0	7528.0
60.0	8736.0
56.0	1049.0
58.0	4682.0
58.0	917.0
59.0	3176.0
57.0	882.0
57.0	446.0
64.0	3734.0
56.0	589.0
56.0	958.0
55.0	7096.0
61.0	4731.0
56.0	625.0
60.9	3477.0
61.0	7437.0
59.0	4425.0
63.0	3246.0
55.0	3303.0
63.0	2243.0
57.0	3427.0
57.0	694.0
58.0	2143.0
59.0	8271.0
59.0	394.0
58.0	2144.0
62.0	5743.0
55.0	1922.0
58.0	5242.0
62.0	5921.0
61.0	4859.0
64.0	3920.0
56.0	8385.0
57.0	10982.0
62.2	1168.0
61.0	505.0
58.0	4668.0
56.0	3534.0
60.0	1433.0
58.0	2239.0
64.0	4232.0
58.0	7216.0
58.0	3850.0
55.0	1228.0
58.0	6221.0
56.0	449.0
62.0	13542.0
60.0	6462.0
64.0	3465.0
55.0	425.0
61.0	7359.0
57.0	8672.0
56.0	684.0
58.0	1818.0
59.0	2394.0
57.0	492.0
56.0	6250.0
57.0	633.0
57.0	2034.0
59.0	826.0
55.0	1436.0
57.0	486.0
56.0	3510.0
60.0	17804.0
54.0	6315.0
57.0	4796.0
56.0	6209.0
54.0	15962.0
57.0	4504.0
56.0	802.0
60.0	5021.0
59.2	1228.0
60.0	6389.0
56.0	2933.0
54.8	5987.0
59.0	13155.0
57.0	4611.0
61.0	1785.0
58.0	1865.0
57.0	2244.0
57.0	435.0
61.0	13499.0
57.0	786.0
56.0	724.0
54.0	2373.0
56.0	5505.0
61.0	540.0
60.0	6897.0
57.0	5299.0
65.0	2310.0
57.0	2625.0
59.0	593.0
57.0	842.0
59.0	1840.0
58.0	1792.0
60.0	6299.0
57.0	7500.0
58.0	3450.0
65.0	889.0
59.0	4381.0
64.0	2370.0
59.0	7197.0
61.0	4072.0
58.0	12467.0
61.0	5225.0
65.0	439.0
62.0	4068.0
58.0	5272.0
59.0	473.0
61.0	1793.0
62.0	3425.0
54.0	1289.0
62.0	2065.0
57.0	2726.0
59.0	14042.0
57.0	5943.0
62.0	16036.0
59.0	8245.0
64.0	4129.0
55.0	675.0
56.0	1355.0
61.0	3701.0
63.0	4485.0
54.0	4558.0
56.0	6328.0
64.0	2337.0
60.0	2819.0
57.0	755.0
59.0	3898.0
58.0	3846.0
61.0	720.0
55.0	3959.0
57.0	4989.0
58.0	1697.0
56.0	1338.0
55.0	363.0
61.0	4133.0
61.0	575.0
56.0	601.0
61.0	2906.0
57.0	645.0
55.0	522.0
57.0	8990.0
59.0	11526.0
62.0	5055.0
62.0	16789.0
57.0	7293.0
55.0	3941.0
58.0	638.0
58.0	9343.0
57.0	684.0
60.0	5823.0
61.0	1447.0
57.0	775.0
60.0	2298.0
64.0	4435.0
55.0	809.0
54.0	1385.0
62.0	2052.0
54.0	1635.0
56.0	408.0
55.0	4516.0
58.0	507.0
58.0	5131.0
57.0	544.0
61.0	3734.0
58.0	2863.0
56.0	595.0
58.0	990.0
56.0	536.0
65.0	13621.0
58.8	2673.0
62.0	3016.0
58.0	3105.0
61.0	982.0
61.9	2041.0
51.0	15888.0
56.0	2693.0
56.0	606.0
60.0	6828.0
61.0	10129.0
60.5	1430.0
58.0	3768.0
58.0	6437.0
62.0	2782.0
57.0	3852.0
56.5	1569.0
60.1	2017.0
59.0	3087.0
57.4	5412.0
63.0	3522.0
60.0	3353.0
59.0	720.0
58.0	4989.0
59.0	3378.0
55.0	737.0
58.0	10271.0
60.0	4401.0
57.0	3597.0
60.0	3940.0
53.0	1166.0
62.0	4250.0
56.0	915.0
54.0	658.0
64.0	5005.0
57.0	4573.0
62.0	981.0
57.0	2450.0
58.0	4679.0
57.0	666.0
58.0	2218.0
59.0	3855.0
62.0	1318.0
56.0	8749.0
56.0	14266.0
58.0	1436.0
60.0	1202.0
58.0	7370.0
64.0	1847.0
62.0	3265.0
57.7	2523.0
58.0	8902.0
56.0	530.0
57.0	2164.0
56.0	489.0
57.0	1119.0
57.0	447.0
62.0	4639.0
65.0	2268.0
57.0	698.0
62.0	5443.0
60.0	8165.0
57.0	16085.0
56.0	6335.0
64.0	1282.0
59.0	669.0
57.0	544.0
61.0	556.0
58.0	1318.0
57.0	489.0
58.0	3175.0
58.0	3357.0
55.0	654.0
61.0	1169.0
59.0	4072.0
55.0	4574.0
55.0	1364.0
61.0	2897.0
57.0	11522.0
58.0	650.0
57.0	684.0
63.0	3335.0
57.0	722.0
56.0	13550.0
57.0	13976.0
65.0	6966.0
60.0	2150.0
60.0	2029.0
59.0	1781.0
56.0	816.0
54.0	4469.0
55.0	3453.0
61.0	1157.0
65.0	2401.0
58.0	17338.0
57.0	1809.0
58.0	13846.0
55.0	4853.0
56.0	5560.0
58.0	1799.0
61.0	4413.0
59.0	1389.0
62.0	5818.0
55.0	4766.0
60.0	11087.0
58.0	4255.0
62.3	3283.0
58.0	605.0
61.0	4678.0
59.0	10000.0
58.0	4168.0
61.0	1349.0
59.0	1436.0
62.0	2877.0
56.0	625.0
54.0	1134.0
57.0	3780.0
54.0	1163.0
61.0	8019.0
61.0	10302.0
57.0	3489.0
56.0	1885.0
58.0	6368.0
61.0	2131.0
62.0	2404.0
57.0	6246.0
57.0	5251.0
55.0	550.0
56.0	1708.0
59.0	502.0
55.0	408.0
65.0	3625.0
61.0	3776.0
59.0	3033.0
59.0	3696.0
56.0	3717.0
58.0	4158.0
60.8	4824.0
61.0	5458.0
58.0	1101.0
58.0	752.0
56.0	3163.0
61.0	682.0
59.0	7826.0
56.0	5893.0
57.0	4466.0
60.0	3149.0
62.0	1199.0
59.0	10256.0
64.0	5986.0
61.8	1262.0
60.0	10640.0
65.0	3696.0
58.0	4914.0
59.0	539.0
54.0	666.0
64.0	1001.0
58.0	4218.0
56.0	5544.0
64.0	15046.0
56.0	7177.0
58.0	3669.0
57.0	2038.0
59.0	1965.0
57.0	6113.0
56.0	17597.0
55.0	1976.0
64.0	1240.0
57.0	394.0
57.0	5386.0
56.0	898.0
62.0	3823.0
62.0	2451.0
56.0	5954.0
54.0	4241.0
65.0	327.0
58.0	11512.0
63.0	2059.0
61.0	2591.0
57.0	2428.0
57.0	2441.0
57.0	1991.0
61.0	3057.0
58.0	3234.0
57.0	9581.0
61.0	517.0
57.0	4404.0
60.0	11921.0
56.0	489.0
58.0	1397.0
54.0	526.0
55.0	3287.0
55.0	4200.0
55.0	1268.0
64.0	16231.0
53.0	2104.0
61.0	10088.0
61.0	2239.0
60.0	9254.0
62.0	3267.0
63.0	2738.0
63.0	8254.0
55.0	477.0
62.0	3277.0
57.0	4223.0
58.0	827.0
60.0	1831.0
60.0	1239.0
57.0	4211.0
55.0	1235.0
57.0	544.0
63.0	5668.0
56.0	2327.0
55.0	1613.0
57.0	626.0
56.0	2488.0
57.0	4258.0
61.0	2497.0
61.0	11212.0
61.0	10277.0
60.0	2394.0
64.0	4256.0
62.0	9674.0
60.0	8975.0
57.0	720.0
61.0	18376.0
62.0	945.0
56.0	1220.0
64.0	4989.0
58.0	4851.0
61.0	3253.0
58.0	8752.0
58.0	4199.0
61.0	2226.0
56.0	12654.0
55.0	3231.0
55.0	989.0
59.0	5871.0
62.0	2511.0
61.0	1673.0
58.0	4194.0
58.0	967.0
57.0	3265.0
65.0	3871.0
61.0	13338.0
59.0	6397.0
55.0	663.0
58.0	4478.0
62.0	2437.0
56.0	882.0
59.0	1865.0
61.0	548.0
59.0	8108.0
64.0	1824.0
61.0	6412.0
58.0	3780.0
56.0	8820.0
57.0	945.0
65.0	6344.0
65.0	5535.0
60.1	641.0
56.0	3249.0
59.0	4108.0
56.0	1758.0
56.0	589.0
61.0	4457.0
56.0	421.0
63.0	3717.0
55.0	1995.0
56.0	571.0
55.0	591.0
56.0	923.0
59.0	402.0
54.0	776.0
56.0	447.0
57.0	4977.0
58.0	1333.0
57.0	6058.0
60.0	3994.0
62.0	4290.0
54.0	462.0
58.0	9129.0
60.0	6770.0
60.0	1628.0
62.0	5972.0
60.0	2461.0
58.0	571.0
61.0	4155.0
62.0	2033.0
58.0	4006.0
57.0	5831.0
54.0	836.0
56.0	2549.0
62.0	4155.0
65.0	16624.0
61.0	4405.0
56.0	544.0
64.0	3669.0
61.5	2699.0
60.0	1060.0
58.0	1436.0
58.0	5771.0
55.0	3775.0
59.0	3734.0
59.0	12283.0
59.0	678.0
62.0	3380.0
62.0	462.0
60.0	711.0
56.0	3519.0
55.0	6364.0
57.0	1715.0
59.0	8732.0
58.0	7154.0
61.0	5183.0
60.0	1235.0
59.0	8370.0
58.0	5132.0
59.0	4239.0
63.0	1955.0
65.0	3669.0
54.0	3098.0
54.0	905.0
58.0	2308.0
61.0	1806.0
59.0	3734.0
55.0	1734.0
57.0	1002.0
60.0	18468.0
57.0	739.0
64.0	401.0
61.0	2573.0
60.0	13686.0
60.0	3425.0
58.0	4116.0
62.0	6272.0
55.0	3416.0
57.0	1838.0
59.0	1840.0
60.0	4427.0
57.0	10696.0
54.0	505.0
60.0	4737.0
56.0	2215.0
58.0	8146.0
58.0	1824.0
58.0	2484.0
56.0	4499.0
58.0	631.0
58.0	12693.0
60.0	4912.0
58.0	8313.0
64.0	2386.0
59.0	596.0
58.0	4147.0
61.0	8181.0
61.9	1846.0
53.0	4596.0
57.0	8380.0
54.0	408.0
55.0	1701.0
58.0	3737.0
62.0	3144.0
60.0	5500.0
61.0	6874.0
60.0	4179.0
61.0	3811.0
57.0	696.0
56.0	6686.0
63.0	3070.0
61.0	725.0
60.5	1821.0
55.0	2081.0
56.0	3786.0
61.0	1419.0
60.0	596.0
61.0	3696.0
56.0	2116.0
55.0	540.0
56.0	526.0
55.0	8736.0
61.0	943.0
62.0	2247.0
61.0	1415.0
64.0	6215.0
59.0	3823.0
56.0	663.0
57.0	3819.0
56.0	477.0
57.0	663.0
55.0	7291.0
56.0	625.0
56.0	731.0
56.0	1080.0
57.0	15765.0
58.0	4193.0
62.0	3690.0
57.0	503.0
59.0	1609.0
58.0	612.0
58.0	6288.0
60.0	5501.0
60.3	1706.0
58.0	2428.0
56.0	7291.0
55.0	1881.0
63.0	2342.0
62.0	548.0
59.0	2700.0
63.0	4095.0
65.0	3763.0
62.0	621.0
58.0	2137.0
55.0	476.0
57.0	529.0
59.0	5309.0
56.0	1776.0
59.3	10084.0
56.0	13187.0
56.0	4389.0
60.0	605.0
54.0	2427.0
56.0	589.0
57.0	798.0
57.0	2369.0
60.0	6159.0
64.0	2312.0
59.0	4309.0
63.0	739.0
55.0	4712.0
63.0	3595.0
66.0	472.0
58.0	5543.0
57.0	1349.0
57.0	1793.0
61.0	11364.0
56.0	687.0
65.0	10868.0
62.0	4819.0
59.0	3950.0
57.0	1023.0
54.0	447.0
62.0	4135.0
57.0	4466.0
58.0	4273.0
62.0	4739.0
57.0	572.0
59.0	4416.0
56.0	586.0
61.0	1415.0
59.0	13047.0
60.0	625.0
57.0	1339.0
57.0	2844.0
60.0	16519.0
62.0	6517.0
58.0	10766.0
58.0	2647.0
59.0	4399.0
59.0	17600.0
61.3	929.0
56.0	4210.0
64.0	4399.0
61.0	3114.0
64.0	11576.0
60.0	7214.0
56.0	8243.0
58.0	2569.0
60.0	6958.0
60.0	12547.0
61.0	1402.0
61.0	1447.0
62.0	3188.0
59.0	787.0
58.0	6474.0
59.0	684.0
60.0	2072.0
56.0	4864.0
59.0	7800.0
60.0	3897.0
60.3	4456.0
61.0	643.0
59.0	17608.0
54.0	5935.0
56.0	1157.0
56.0	581.0
56.0	1666.0
61.0	8280.0
57.0	3316.0
61.0	8533.0
59.0	4899.0
65.0	4334.0
61.0	619.0
57.0	1643.0
61.0	5863.0
59.0	705.0
55.0	12754.0
61.2	1447.0
62.0	2088.0
59.0	987.0
60.0	5093.0
58.0	6446.0
64.0	3534.0
62.0	2008.0
57.0	628.0
56.0	552.0
65.0	2281.0
62.0	3399.0
56.0	620.0
55.0	4463.0
56.0	1244.0
56.0	7602.0
56.0	6124.0
62.0	4361.0
58.0	2777.0
58.0	7143.0
55.0	5544.0
64.0	13160.0
57.0	739.0
58.0	14654.0
56.0	1388.0
57.0	8852.0
59.0	3561.0
65.0	4386.0
62.0	2893.0
56.0	1443.0
58.0	2470.0
59.0	3282.0
59.0	3569.0
64.0	3153.0
58.0	9730.0
60.0	4805.0
53.0	3196.0
58.0	13993.0
56.0	3755.0
60.9	1978.0
61.0	8245.0
57.0	1385.0
57.0	421.0
60.0	3858.0
61.0	2697.0
55.0	421.0
59.0	2335.0
56.0	1656.0
62.0	9775.0
57.0	1169.0
60.0	4004.0
56.0	827.0
59.0	877.0
65.0	452.0
57.0	737.0
56.0	2453.0
61.0	3889.0
56.0	723.0
61.0	648.0
64.0	7722.0
59.0	1246.0
60.0	6182.0
59.0	571.0
57.0	5630.0
64.0	8107.0
57.0	764.0
57.0	8780.0
62.0	4008.0
57.0	3656.0
64.0	3659.0
57.0	526.0
60.5	1306.0
56.0	9539.0
61.0	8013.0
64.0	904.0
60.0	965.0
60.7	1940.0
58.0	5107.0
58.0	6275.0
60.0	3844.0
55.0	14350.0
57.0	693.0
59.0	3415.0
61.0	17923.0
58.0	2970.0
64.0	1433.0
64.0	1107.0
57.0	622.0
62.0	957.0
57.0	5416.0
62.6	1912.0
59.0	4234.0
58.0	478.0
57.0	644.0
55.0	378.0
53.0	526.0
60.0	9768.0
58.0	2282.0
54.0	1752.0
59.0	621.0
62.0	1182.0
60.0	6999.0
61.0	1771.0
58.0	3993.0
53.0	589.0
58.0	2361.0
58.0	4899.0
55.0	589.0
58.0	904.0
61.0	3520.0
58.0	5600.0
58.0	3407.0
64.0	11818.0
63.0	3193.0
62.0	1777.0
58.0	1395.0
57.0	1944.0
61.0	3464.0
56.0	7236.0
61.0	2891.0
55.0	579.0
64.0	4324.0
56.0	2314.0
55.0	738.0
59.0	749.0
55.0	4118.0
64.0	2872.0
58.0	8239.0
58.0	2176.0
55.0	1061.0
56.0	17485.0
61.0	17405.0
58.0	8518.0
59.0	15081.0
55.0	523.0
56.0	1240.0
57.0	878.0
57.0	7741.0
59.0	3489.0
59.0	3447.0
57.0	2347.0
55.0	871.0
57.0	2940.0
61.0	1214.0
62.0	1080.0
55.0	6559.0
58.0	4989.0
63.0	2159.0
58.0	14787.0
56.0	1213.0
56.0	2401.0
58.6	5314.0
62.0	1066.0
62.0	5787.0
61.0	1109.0
60.4	491.0
58.0	5988.0
59.0	9069.0
60.0	6522.0
59.0	3903.0
55.0	628.0
64.0	724.0
61.0	3616.0
55.0	3570.0
63.0	1841.0
57.0	394.0
60.0	3087.0
55.0	1210.0
62.0	2407.0
62.0	761.0
62.0	18541.0
60.0	8316.0
60.0	7368.0
58.0	4171.0
58.0	4964.0
60.0	979.0
60.0	3950.0
58.0	8569.0
60.0	10164.0
59.0	11487.0
56.0	552.0
58.0	4546.0
61.0	3639.0
52.0	11400.0
59.0	14775.0
55.0	2700.0
61.0	5219.0
58.0	1289.0
63.0	7959.0
61.0	7026.0
63.0	3990.0
60.0	2525.0
55.0	1132.0
65.0	3484.0
61.0	2980.0
62.0	1642.0
59.0	11524.0
55.0	4072.0
59.0	4861.0
60.0	4832.0
58.0	7539.0
60.7	5280.0
61.0	5497.0
63.0	6006.0
59.0	2435.0
56.0	568.0
61.0	8742.0
64.0	4155.0
56.0	2706.0
58.0	707.0
58.0	4766.0
63.0	13542.0
61.0	2142.0
58.0	616.0
58.0	4257.0
65.0	3541.0
61.0	945.0
62.0	4399.0
62.0	6568.0
62.8	1821.0
57.0	3892.0
60.0	9898.0
60.0	3827.0
59.0	9451.0
56.0	6612.0
58.0	13596.0
58.0	13929.0
60.0	373.0
55.0	993.0
58.0	2388.0
57.0	2007.0
56.0	6283.0
58.0	3436.0
60.0	10886.0
61.0	706.0
60.0	16731.0
62.0	4102.0
63.0	3689.0
57.0	2905.0
57.0	1254.0
59.0	6710.0
62.0	14998.0
58.0	1430.0
56.0	646.0
64.0	11508.0
59.0	5601.0
58.0	4355.0
59.0	6662.0
56.0	11508.0
60.7	891.0
56.0	3204.0
56.0	1280.0
54.0	473.0
57.0	586.0
59.0	6037.0
57.0	1596.0
61.0	3072.0
61.2	1910.0
64.0	2327.0
56.0	814.0
55.0	882.0
59.0	2753.0
64.0	1047.0
56.0	1294.0
59.0	605.0
64.0	1140.0
56.0	4920.0
58.0	487.0
60.0	2298.0
59.0	1426.0
59.0	2033.0
61.0	2276.0
58.0	15147.0
64.0	4989.0
56.0	574.0
59.0	2812.0
63.0	3723.0
61.0	18236.0
57.0	684.0
55.0	3225.0
61.0	4743.0
60.7	2063.0
58.0	18788.0
58.0	2258.0
58.0	4953.0
59.0	3250.0
59.0	1090.0
56.0	5642.0
63.0	5768.0
57.0	1410.0
59.0	4093.0
62.0	6223.0
58.0	10937.0
58.0	6854.0
59.0	3370.0
56.0	684.0
60.0	5384.0
56.0	432.0
60.0	2318.0
57.0	3601.0
58.0	15255.0
60.9	1262.0
56.0	844.0
60.0	2266.0
55.0	684.0
56.0	1343.0
57.0	5914.0
62.0	2055.0
56.0	10181.0
66.0	425.0
56.0	1190.0
56.0	2614.0
58.0	2305.0
55.0	491.0
56.0	4620.0
59.0	2390.0
55.0	2090.0
63.0	696.0
56.0	567.0
55.0	1244.0
55.0	2246.0
54.0	11948.0
61.0	2207.0
58.0	4914.0
58.0	3852.0
62.0	7303.0
59.0	3812.0
61.0	10884.0
55.0	13853.0
61.0	742.0
57.0	490.0
58.0	453.0
56.0	696.0
56.0	996.0
61.0	11036.0
58.0	5001.0
57.0	1105.0
61.0	2960.0
64.0	6088.0
56.0	5056.0
56.0	9569.0
57.0	589.0
63.0	13784.0
55.0	788.0
58.0	4479.0
56.0	1224.0
63.0	2832.0
57.0	524.0
61.0	1793.0
61.0	2651.0
55.0	605.0
61.0	7915.0
59.0	965.0
60.0	10628.0
61.0	11988.0
54.0	394.0
57.0	1388.0
54.0	1061.0
58.0	3916.0
57.0	1790.0
64.0	4406.0
54.0	970.0
64.0	4823.0
54.0	2608.0
53.0	557.0
65.0	6445.0
57.0	446.0
58.0	5906.0
61.0	3951.0
56.0	1312.0
55.0	4279.0
58.0	13919.0
58.0	4523.0
56.0	738.0
61.0	1660.0
54.0	4456.0
60.0	4586.0
58.0	15919.0
63.0	1563.0
56.0	1576.0
62.6	4274.0
55.0	462.0
58.0	14249.0
57.0	5290.0
57.0	2401.0
64.0	6104.0
56.0	783.0
57.0	2738.0
59.0	949.0
60.0	3528.0
57.0	2671.0
54.0	4416.0
60.0	1361.0
54.0	435.0
65.0	3842.0
57.3	5211.0
53.0	2300.0
61.0	970.0
54.0	505.0
57.0	1134.0
65.0	3807.0
55.0	3878.0
64.0	4592.0
58.0	3604.0
59.0	599.0
58.0	687.0
56.0	2251.0
56.0	683.0
62.0	4998.0
64.0	1287.0
56.0	1436.0
64.0	12286.0
55.0	500.0
57.0	2821.0
54.0	1795.0
57.0	684.0
58.0	4120.0
61.0	4391.0
58.0	3924.0
55.0	720.0
54.0	13232.0
58.0	2534.0
56.0	5561.0
64.0	5544.0
63.0	9867.0
57.0	943.0
61.0	1741.0
57.0	2708.0
57.0	789.0
64.0	2057.0
58.0	2367.0
60.0	1556.0
57.0	12779.0
55.0	4839.0
61.0	1213.0
64.0	4853.0
60.0	4532.0
59.0	4878.0
62.0	2461.0
57.0	6020.0
56.0	5018.0
59.0	544.0
60.0	2801.0
54.0	957.0
56.0	8975.0
58.0	1274.0
60.0	9088.0
54.3	8011.0
62.0	498.0
57.0	4656.0
55.0	567.0
58.0	7480.0
59.0	14426.0
57.0	431.0
54.0	441.0
58.0	5605.0
56.0	505.0
61.0	4959.0
58.0	755.0
57.0	5599.0
64.0	18593.0
59.0	4508.0
61.0	17051.0
63.0	1651.0
55.0	1242.0
61.0	3419.0
64.0	1015.0
60.0	6416.0
58.0	593.0
58.0	6098.0
59.0	4013.0
62.0	3578.0
57.0	3032.0
56.0	4016.0
57.0	3340.0
57.0	1447.0
64.0	3920.0
59.0	2068.0
58.0	10085.0
63.0	2430.0
64.0	1976.0
60.0	2215.0
59.0	2420.0
58.0	13899.0
62.0	3463.0
55.0	516.0
56.0	581.0
55.0	1259.0
53.0	4162.0
62.0	9702.0
57.0	11716.0
56.0	374.0
59.0	9394.0
60.3	1294.0
55.0	554.0
56.0	647.0
57.0	789.0
59.0	565.0
57.0	2100.0
58.0	1138.0
64.0	3858.0
56.0	4504.0
57.0	14027.0
58.0	6552.0
64.0	11041.0
62.0	5015.0
65.0	938.0
62.0	617.0
59.0	4315.0
56.0	4234.0
58.0	6851.0
59.0	7549.0
61.0	1861.0
57.0	8943.0
59.0	1254.0
55.0	565.0
58.0	4948.0
58.0	5061.0
62.0	13587.0
60.0	4190.0
56.0	1675.0
56.0	1119.0
62.0	16304.0
55.1	5446.0
58.0	2056.0
60.0	4077.0
57.0	787.0
57.0	4770.0
62.0	2084.0
58.0	4114.0
56.0	4276.0
54.0	827.0
64.0	2767.0
58.0	5497.0
58.0	5592.0
57.0	3615.0
61.0	394.0
61.0	1125.0
53.0	756.0
58.0	1363.0
57.0	1197.0
60.0	3890.0
60.0	1127.0
63.0	600.0
57.0	1431.0
55.0	528.0
64.0	4285.0
58.0	9677.0
57.0	4406.0
61.0	4717.0
57.0	5601.0
58.0	612.0
56.0	4702.0
57.0	2250.0
58.0	6748.0
61.0	1056.0
58.0	3382.0
57.0	516.0
58.0	4258.0
59.0	2398.0
62.0	1315.0
58.0	1819.0
64.0	515.0
57.0	694.0
57.0	838.0
57.0	4468.0
58.0	9072.0
64.0	4538.0
59.0	2890.0
60.0	5132.0
61.0	2405.0
60.0	4828.0
61.0	15072.0
62.0	717.0
56.0	4298.0
59.0	3002.0
60.0	4788.0
62.0	1033.0
58.0	441.0
56.0	579.0
64.0	16733.0
55.0	540.0
59.0	4781.0
56.0	565.0
65.0	5567.0
58.0	9909.0
56.0	1292.0
55.0	417.0
62.0	1812.0
58.0	10618.0
54.0	11640.0
58.0	4588.0
58.0	4548.0
59.0	3162.0
58.0	1800.0
60.0	1113.0
54.0	589.0
57.0	625.0
56.0	15649.0
56.0	3273.0
56.0	3610.0
56.0	4327.0
56.0	4581.0
61.0	2192.0
58.0	4284.0
57.0	2390.0
55.0	439.0
59.0	732.0
59.0	11519.0
54.0	1662.0
57.0	4370.0
57.0	7692.0
55.0	827.0
58.0	3282.0
57.0	975.0
57.0	416.0
53.0	2718.0
63.0	4241.0
55.0	537.0
63.0	1279.0
63.4	2239.0
61.0	986.0
61.0	3792.0
57.0	1316.0
61.0	5818.0
57.0	4847.0
60.9	1402.0
58.0	6176.0
62.0	5293.0
57.0	5544.0
63.0	9028.0
59.0	8048.0
60.0	6932.0
60.0	2705.0
57.0	6626.0
61.0	4693.0
56.0	6830.0
61.0	2028.0
59.0	3734.0
58.0	507.0
61.4	1708.0
62.0	5701.0
60.0	1134.0
55.0	895.0
64.0	4642.0
61.0	4124.0
59.0	1605.0
57.0	6025.0
63.0	5480.0
58.0	6783.0
65.0	13320.0
57.0	3267.0
58.0	3806.0
58.0	8910.0
55.0	687.0
61.0	3304.0
54.0	3555.0
58.0	4965.0
58.0	5013.0
58.0	7047.0
60.0	1738.0
63.0	2015.0
56.0	7370.0
64.0	2788.0
61.0	1214.0
59.0	2117.0
63.0	4101.0
62.0	1199.0
57.0	6847.0
55.0	2599.0
58.0	3627.0
57.0	552.0
64.0	1651.0
61.0	3424.0
59.0	6183.0
57.0	596.0
58.0	9158.0
54.0	506.0
57.0	665.0
65.0	8956.0
62.0	3419.0
63.0	1860.0
59.0	9281.0
66.0	1816.0
60.0	4209.0
60.3	1226.0
57.0	2142.0
57.0	17094.0
59.0	7528.0
61.0	1193.0
57.0	2137.0
60.0	526.0
61.0	7152.0
58.0	3669.0
58.8	1127.0
61.0	3819.0
63.0	4620.0
58.0	3110.0
54.0	1195.0
59.0	1436.0
56.0	882.0
61.0	6006.0
58.0	687.0
62.0	4948.0
56.0	1316.0
56.0	2539.0
64.0	5174.0
59.0	378.0
57.0	4632.0
58.0	1436.0
61.0	3770.0
56.0	1244.0
56.0	605.0
56.0	7949.0
64.0	4229.0
58.0	12308.0
54.0	522.0
60.0	1990.0
56.0	394.0
65.0	1088.0
56.0	570.0
64.0	7162.0
63.0	2371.0
58.0	6708.0
57.0	3060.0
59.0	5829.0
55.0	669.0
57.0	948.0
58.0	4177.0
61.0	3391.0
62.4	4582.0
64.0	2288.0
58.0	7495.0
56.0	571.0
57.0	2657.0
60.0	3971.0
57.0	605.0
57.0	687.0
56.0	2719.0
53.0	434.0
58.0	3312.0
65.0	3696.0
58.0	1406.0
57.0	2381.0
57.0	6750.0
59.0	565.0
59.0	8915.0
61.0	3895.0
60.0	9069.0
59.0	6465.0
58.0	3888.0
60.0	3965.0
64.0	756.0
57.0	4617.0
55.0	776.0
55.0	945.0
59.0	1988.0
55.0	1338.0
56.0	447.0
61.0	723.0
56.0	707.0
64.0	4242.0
55.0	405.0
57.0	4140.0
62.0	4054.0
57.0	3640.0
59.0	2053.0
60.0	3465.0
58.0	468.0
62.0	1850.0
58.0	3148.0
65.0	2032.0
64.0	3548.0
62.0	2497.0
57.0	9898.0
59.0	1170.0
59.0	2953.0
54.0	1138.0
57.9	1400.0
62.0	6279.0
58.0	5708.0
55.0	1312.0
58.0	2028.0
54.0	3699.0
58.0	4939.0
57.0	8430.0
61.0	17760.0
57.0	544.0
58.7	6455.0
62.5	3816.0
60.0	2423.0
56.0	3323.0
55.0	526.0
55.0	544.0
57.0	4719.0
64.0	3505.0
57.0	544.0
61.0	2940.0
56.0	718.0
58.0	3033.0
57.0	7699.0
58.0	1771.0
56.0	2898.0
58.0	675.0
59.0	8165.0
57.0	863.0
55.0	7665.0
53.0	13287.0
62.0	6563.0
55.0	5920.0
55.0	776.0
56.0	8442.0
58.0	335.0
61.0	2751.0
59.0	2680.0
58.0	6606.0
56.0	1436.0
61.0	2443.0
55.0	15093.0
55.3	1906.0
60.0	4432.0
58.0	1077.0
56.0	3750.0
60.0	5647.0
56.0	472.0
55.0	684.0
58.0	1710.0
55.0	858.0
56.0	5285.0
55.0	1307.0
60.0	3160.0
61.0	4004.0
57.0	4899.0
57.0	1145.0
58.0	7026.0
60.0	18561.0
60.1	2131.0
61.0	931.0
56.0	1188.0
59.0	5252.0
56.0	3074.0
64.0	2333.0
60.6	2145.0
55.0	2633.0
60.0	4749.0
65.0	6871.0
54.0	3267.0
54.0	556.0
56.0	1252.0
55.0	584.0
61.0	3447.0
58.0	3740.0
57.0	4805.0
56.0	2732.0
57.0	507.0
57.0	11756.0
54.0	512.0
64.0	2581.0
57.0	705.0
60.0	2401.0
58.0	1349.0
56.0	477.0
60.0	5902.0
58.0	6250.0
64.0	4608.0
59.0	2124.0
54.0	8258.0
55.0	645.0
54.0	3665.0
60.3	2479.0
54.0	684.0
57.0	3423.0
62.0	5233.0
55.0	1197.0
57.0	421.0
59.0	2353.0
56.0	567.0
58.0	9979.0
59.0	8220.0
63.0	1645.0
59.0	5706.0
58.0	4355.0
62.0	3747.0
64.0	3651.0
60.0	2076.0
57.0	1549.0
54.0	10664.0
54.0	583.0
58.0	988.0
57.0	2394.0
57.0	2096.0
57.0	4672.0
57.0	6046.0
59.0	4022.0
56.0	4022.0
61.0	2394.0
61.0	6189.0
59.0	2373.0
61.0	6713.0
61.0	816.0
56.0	1268.0
57.0	462.0
56.0	596.0
54.0	4882.0
61.0	1801.0
60.2	2275.0
64.0	2883.0
59.0	4135.0
62.0	9005.0
54.0	2774.0
55.0	877.0
65.0	16776.0
61.0	2183.0
58.0	5242.0
57.0	738.0
56.0	765.0
56.0	4244.0
55.0	605.0
58.0	789.0
56.0	1701.0
60.0	2440.0
59.0	4414.0
62.0	1640.0
55.0	18472.0
58.0	4158.0
58.0	1082.0
56.0	540.0
58.0	1783.0
59.0	1945.0
59.0	3644.0
60.0	3950.0
61.0	4989.0
61.0	2573.0
54.0	544.0
61.0	11179.0
56.0	698.0
54.0	7466.0
58.0	680.0
64.0	2474.0
61.0	4181.0
54.0	1053.0
60.0	4321.0
64.0	11180.0
61.0	9892.0
63.0	4218.0
55.0	1180.0
56.0	1415.0
64.0	3920.0
56.0	1407.0
59.0	574.0
57.0	3906.0
60.0	9028.0
59.0	8282.0
61.0	964.0
59.0	3584.0
60.5	2776.0
59.0	15928.0
57.0	4158.0
60.0	10096.0
63.0	4191.0
62.2	1144.0
58.0	1140.0
60.0	8161.0
54.0	1220.0
60.0	4616.0
54.0	3607.0
57.0	394.0
56.0	687.0
56.0	4563.0
65.0	3274.0
62.0	4260.0
58.0	7210.0
60.0	4588.0
58.0	9295.0
59.0	3734.0
54.0	4931.0
58.0	4268.0
53.0	2322.0
61.9	2015.0
63.0	3741.0
56.0	1064.0
58.0	11303.0
59.0	4763.0
60.0	4284.0
63.0	3880.0
63.0	9718.0
61.0	667.0
57.0	3532.0
54.0	473.0
62.5	1144.0
61.0	2473.0
58.0	3399.0
61.0	7137.0
65.0	2020.0
55.0	1181.0
59.0	5645.0
58.0	1841.0
56.0	5211.0
57.0	4588.0
59.0	6743.0
61.0	3302.0
58.0	5211.0
58.0	6861.0
59.0	3744.0
61.0	471.0
62.0	9609.0
53.0	616.0
61.0	1924.0
62.0	9702.0
56.0	15091.0
59.0	3497.0
59.0	12423.0
62.0	4362.0
61.0	1316.0
56.0	2161.0
60.0	3713.0
51.0	1882.0
55.0	1293.0
59.0	2330.0
58.0	10478.0
56.0	2327.0
57.0	533.0
62.0	4528.0
55.0	5731.0
58.0	12755.0
61.0	1563.0
61.0	17930.0
54.0	5701.0
61.0	653.0
60.0	12985.0
58.0	9556.0
57.0	7493.0
56.0	818.0
57.0	9301.0
56.0	802.0
55.0	1172.0
58.0	4655.0
55.0	1175.0
58.0	1214.0
56.0	537.0
56.0	7226.0
65.0	6300.0
58.0	924.0
61.0	5330.0
59.0	4758.0
65.0	536.0
57.0	7665.0
56.0	625.0
57.0	489.0
56.0	8441.0
61.0	2074.0
55.0	743.0
58.0	4466.0
54.0	1258.0
57.0	4243.0
62.0	4028.0
57.0	707.0
58.0	605.0
59.0	923.0
58.0	2801.0
57.0	3538.0
58.0	4187.0
65.0	1430.0
58.0	4540.0
59.0	4633.0
56.0	625.0
58.0	2803.0
64.0	4246.0
55.0	789.0
61.0	4257.0
57.0	1263.0
61.0	1419.0
65.0	4900.0
55.0	1607.0
57.0	5233.0
61.0	2810.0
61.0	5051.0
60.4	1246.0
58.0	3084.0
58.0	4778.0
56.0	16544.0
61.0	1042.0
54.0	2363.0
65.0	1352.0
61.0	14209.0
59.0	544.0
64.0	1374.0
55.0	5499.0
64.0	4669.0
57.0	4828.0
57.0	6499.0
65.0	3735.0
56.0	526.0
62.0	771.0
56.0	612.0
61.0	4165.0
59.0	1304.0
59.0	4004.0
60.0	3061.0
55.0	339.0
56.0	522.0
55.0	458.0
62.0	7349.0
62.0	4113.0
65.0	15587.0
59.0	10428.0
57.0	394.0
56.0	5356.0
54.0	605.0
63.0	6407.0
55.0	4339.0
57.0	2331.0
61.0	5208.0
59.0	15467.0
55.0	2016.0
60.4	2241.0
58.0	2824.0
63.0	6006.0
60.0	6399.0
59.0	8736.0
58.0	11795.0
55.0	17111.0
55.0	507.0
59.0	1561.0
58.0	4079.0
62.0	2354.0
55.0	779.0
58.0	477.0
60.0	4845.0
61.0	2541.0
61.0	4156.0
61.4	1179.0
56.0	5407.0
62.0	5345.0
58.0	3992.0
57.0	12918.0
63.0	1228.0
59.0	8442.0
59.0	6238.0
56.0	583.0
57.0	1576.0
58.0	1017.0
56.0	4712.0
60.0	925.0
55.0	596.0
55.0	4054.0
60.7	1130.0
56.0	544.0
56.0	1821.0
64.0	7340.0
56.0	1750.0
63.0	2680.0
57.0	8112.0
63.0	801.0
59.0	4234.0
56.0	947.0
56.0	1141.0
54.0	568.0
60.0	13242.0
58.0	2494.0
57.0	698.0
57.0	3906.0
63.0	3512.0
58.0	3298.0
60.0	2512.0
59.0	561.0
56.0	1605.0
61.0	6982.0
62.0	1712.0
63.0	4493.0
56.0	1023.0
58.0	7062.0
54.0	638.0
56.0	2028.0
61.0	3369.0
57.0	1244.0
62.0	1080.0
56.0	687.0
64.0	3259.0
56.0	9833.0
57.0	4611.0
63.0	5923.0
60.0	1040.0
57.0	3267.0
54.0	3896.0
61.0	3959.0
62.0	3226.0
54.0	3324.0
61.0	3595.0
54.0	6971.0
56.0	4232.0
59.0	1193.0
56.0	4065.0
55.0	1662.0
58.0	608.0
61.0	2222.0
57.0	1009.0
62.0	4678.0
61.0	1384.0
61.0	6032.0
58.0	3976.0
61.0	3246.0
61.0	10291.0
58.0	3690.0
61.0	823.0
60.0	3950.0
59.0	3312.0
56.0	1163.0
57.0	684.0
55.0	586.0
61.0	4967.0
61.0	2620.0
60.0	554.0
64.0	814.0
60.0	16291.0
64.0	987.0
58.0	4193.0
56.0	709.0
64.0	4817.0
61.0	11703.0
57.0	2805.0
57.0	3401.0
62.0	2188.0
56.0	561.0
62.0	713.0
55.0	693.0
58.0	4529.0
55.0	18640.0
61.0	498.0
58.0	4452.0
56.0	8115.0
58.0	13903.0
55.0	544.0
59.0	807.0
58.0	4512.0
57.0	1800.0
59.0	3780.0
58.0	2599.0
58.0	5002.0
57.0	568.0
54.0	718.0
59.0	4204.0
62.0	9784.0
62.0	1378.0
61.0	2381.0
62.0	13464.0
56.0	1363.0
58.0	3936.0
58.0	4081.0
60.0	5147.0
57.0	552.0
56.0	681.0
55.0	3024.0
58.0	3806.0
59.0	3357.0
55.0	3443.0
63.0	1922.0
59.0	2540.0
56.0	1210.0
60.0	6066.0
58.0	568.0
62.0	3918.0
55.0	583.0
65.0	1341.0
55.0	903.0
64.0	2817.0
57.2	5236.0
60.0	2415.0
61.0	2474.0
57.0	4437.0
58.0	11294.0
54.0	1129.0
54.0	4569.0
64.0	1409.0
56.0	707.0
55.0	9791.0
59.0	5096.0
62.0	5833.0
59.0	2459.0
57.0	1436.0
58.0	6022.0
59.0	3365.0
65.0	3162.0
59.0	4749.0
56.0	403.0
65.0	5146.0
59.0	1293.0
56.0	1156.0
58.0	705.0
56.0	653.0
56.0	746.0
65.0	1440.0
64.0	8820.0
65.0	633.0
55.8	672.0
55.0	2926.0
59.8	1076.0
64.0	4989.0
58.0	3087.0
56.0	2945.0
57.2	1699.0
57.0	1090.0
62.0	2749.0
61.0	1806.0
56.0	1410.0
56.0	1235.0
55.0	394.0
55.0	1422.0
60.0	2845.0
64.0	4586.0
58.0	2641.0
60.0	4336.0
56.0	1688.0
61.0	16148.0
56.0	7430.0
59.0	5148.0
58.0	489.0
56.0	3050.0
57.0	8242.0
62.0	3604.0
59.0	1748.0
60.1	528.0
58.0	492.0
56.0	1554.0
61.0	1088.0
56.0	373.0
64.0	5899.0
57.0	1063.0
62.0	2421.0
53.0	3965.0
56.0	1136.0
64.0	5979.0
64.0	1646.0
58.0	476.0
57.0	521.0
59.0	3461.0
59.0	3975.0
57.0	14956.0
58.0	13956.0
64.0	1336.0
63.0	2912.0
62.0	4729.0
57.0	2026.0
64.0	16690.0
61.0	18707.0
56.0	3111.0
55.0	1350.0
61.0	15164.0
58.0	492.0
61.0	7102.0
56.0	591.0
57.0	561.0
52.0	2789.0
55.6	1581.0
66.0	1427.0
56.0	1589.0
53.0	3894.0
57.0	653.0
57.0	4843.0
62.0	6175.0
57.0	2352.0
56.0	1600.0
59.0	5378.0
63.0	1141.0
57.0	539.0
56.0	3902.0
59.0	2139.0
56.0	707.0
55.0	687.0
62.0	1878.0
57.0	5702.0
56.0	684.0
59.0	3539.0
58.0	655.0
63.0	7016.0
59.0	5927.0
56.0	625.0
61.0	3774.0
60.0	3079.0
62.0	3945.0
56.0	2127.0
54.3	899.0
57.0	7177.0
60.0	1395.0
55.0	1203.0
60.0	5443.0
59.0	3743.0
59.0	4861.0
63.0	719.0
56.0	807.0
64.0	5689.0
57.0	737.0
59.0	1929.0
58.0	689.0
57.0	2810.0
58.0	4826.0
58.0	7234.0
57.0	7738.0
55.0	802.0
56.0	666.0
62.0	2858.0
56.0	1268.0
56.0	13653.0
60.0	780.0
57.0	7197.0
54.0	571.0
58.0	1404.0
60.0	7064.0
62.0	11577.0
56.0	876.0
57.0	4679.0
57.0	5951.0
55.0	2435.0
64.0	480.0
59.0	4685.0
58.0	3203.0
57.0	12681.0
58.0	3655.0
60.0	12215.0
55.0	846.0
56.0	786.0
60.0	16241.0
56.0	3949.0
57.0	544.0
58.0	7314.0
58.0	14084.0
60.0	813.0
57.0	16149.0
57.0	573.0
60.0	4682.0
57.0	4844.0
62.0	2318.0
60.3	2120.0
56.0	1295.0
58.0	6306.0
57.0	695.0
59.0	2628.0
61.0	867.0
60.0	4179.0
65.0	2234.0
58.0	4641.0
58.0	4203.0
63.0	2583.0
57.0	8736.0
61.0	5229.0
60.0	2130.0
58.0	787.0
57.0	2125.0
62.0	3909.0
62.0	2313.0
57.0	447.0
54.0	3954.0
54.0	1112.0
62.0	6521.0
57.0	1945.0
61.0	652.0
54.0	1343.0
55.0	3640.0
56.0	2877.0
65.0	2717.0
61.0	4698.0
56.0	544.0
62.0	4187.0
54.0	977.0
64.0	1197.0
55.0	2421.0
57.0	765.0
58.0	7933.0
57.0	394.0
53.0	3998.0
61.0	3350.0
56.0	7090.0
56.0	6825.0
56.0	4211.0
64.0	4077.0
63.0	2120.0
58.0	4183.0
63.0	11313.0
63.0	3107.0
65.0	3073.0
61.0	5147.0
61.0	3536.0
59.0	11554.0
65.0	1440.0
55.0	2394.0
60.0	4702.0
55.0	449.0
62.0	4436.0
59.0	2140.0
61.0	1013.0
54.4	4659.0
56.0	1668.0
58.0	2271.0
64.0	1180.0
59.0	394.0
56.0	524.0
55.0	470.0
56.0	878.0
62.0	2150.0
59.0	752.0
58.0	3349.0
59.0	5988.0
58.0	10819.0
55.0	6843.0
64.0	6846.0
58.0	6209.0
61.0	2310.0
55.0	3312.0
65.0	4086.0
57.0	733.0
59.0	2335.0
57.0	984.0
59.0	4541.0
58.2	1932.0
62.0	1073.0
57.0	1343.0
57.0	617.0
55.0	484.0
59.0	8032.0
57.0	6360.0
59.0	5040.0
58.0	4004.0
56.0	576.0
54.0	1218.0
59.0	2826.0
57.0	687.0
56.0	882.0
58.0	6440.0
55.0	1220.0
55.0	2274.0
56.0	4218.0
57.0	5700.0
57.0	857.0
56.0	619.0
58.0	4464.0
61.0	4258.0
57.0	11756.0
59.0	3116.0
56.0	722.0
55.0	461.0
57.0	593.0
58.8	13307.0
60.0	3991.0
55.0	544.0
56.0	737.0
57.0	487.0
65.0	458.0
60.9	3284.0
57.0	2650.0
63.0	3506.0
61.0	2020.0
59.0	8910.0
59.0	15081.0
56.0	7200.0
57.0	924.0
60.0	3929.0
57.0	4221.0
61.0	1897.0
61.0	8347.0
56.0	4260.0
58.0	456.0
56.0	5889.0
56.0	1442.0
61.0	3348.0
60.0	12798.0
60.0	4836.0
58.0	5766.0
55.0	584.0
57.0	631.0
62.0	3376.0
56.0	1205.0
57.0	561.0
59.0	3891.0
60.0	963.0
58.0	4427.0
61.0	4113.0
57.0	4241.0
58.0	2348.0
60.0	5055.0
64.0	7972.0
58.0	14973.0
56.0	3856.0
60.0	4276.0
61.0	2846.0
60.1	3283.0
56.0	8076.0
60.0	2326.0
61.0	6271.0
59.0	1094.0
57.0	2496.0
58.0	4543.0
57.0	6759.0
59.0	2777.0
61.0	2494.0
57.0	1436.0
56.0	524.0
62.0	3979.0
58.0	4149.0
58.0	544.0
58.0	4208.0
61.2	14285.0
56.0	1120.0
60.0	9471.0
64.0	2167.0
58.0	2721.0
55.0	1551.0
64.0	3427.0
58.0	1361.0
64.0	1906.0
60.5	2174.0
62.0	3672.0
62.0	8555.0
55.0	544.0
63.0	1354.0
57.0	4205.0
54.0	504.0
61.0	2270.0
57.0	9100.0
57.0	489.0
57.0	3139.0
54.0	798.0
60.0	4727.0
55.0	440.0
54.0	1029.0
64.0	14918.0
57.0	6504.0
59.0	4204.0
58.0	9784.0
58.0	3730.0
61.0	6189.0
61.0	2048.0
55.0	657.0
57.0	709.0
60.0	4543.0
58.0	10428.0
57.0	602.0
53.0	948.0
58.0	997.0
64.0	2468.0
56.0	651.0
62.0	5989.0
62.0	596.0
59.0	17902.0
64.0	1286.0
58.0	473.0
57.0	473.0
62.0	1059.0
60.0	739.0
61.0	2822.0
61.0	4296.0
56.0	6468.0
61.0	483.0
56.0	1350.0
56.0	3768.0
56.0	722.0
54.0	531.0
61.0	3000.0
62.0	1685.0
62.0	1357.0
56.0	683.0
59.0	791.0
59.0	4759.0
60.5	721.0
64.0	3394.0
56.0	2283.0
61.0	1058.0
61.0	15339.0
57.0	4081.0
61.0	5497.0
57.0	1197.0
57.0	717.0
61.0	4257.0
62.0	847.0
57.0	552.0
57.0	1665.0
60.0	7848.0
61.0	2239.0
56.0	628.0
62.0	3400.0
61.0	8995.0
55.0	408.0
56.0	1613.0
60.0	2229.0
58.0	3919.0
61.0	796.0
62.0	1637.0
60.3	2406.0
58.0	1624.0
55.0	377.0
63.0	403.0
58.0	5606.0
65.0	7384.0
60.0	2355.0
64.0	6151.0
58.0	4025.0
56.0	904.0
57.0	2657.0
58.0	17151.0
59.0	13998.0
57.0	558.0
57.0	1635.0
58.0	3002.0
57.0	1249.0
57.0	357.0
59.0	9234.0
59.0	7260.0
55.0	1607.0
57.0	472.0
56.0	537.0
55.0	461.0
58.0	2617.0
62.0	1259.0
56.0	698.0
59.0	8359.0
62.0	6352.0
55.0	8467.0
59.0	4065.0
60.0	814.0
58.0	6499.0
58.0	18686.0
57.0	526.0
57.0	671.0
57.0	6223.0
57.0	5555.0
57.0	3644.0
62.0	1111.0
52.0	6194.0
59.0	13515.0
57.0	8190.0
61.0	4637.0
61.0	8920.0
58.0	4221.0
61.0	485.0
58.0	718.0
56.0	447.0
65.0	4446.0
55.0	2023.0
57.0	638.0
64.0	7980.0
63.0	3484.0
60.0	4194.0
57.7	4602.0
58.0	3595.0
59.0	6998.0
58.0	1783.0
56.0	5645.0
62.0	1813.0
58.0	1806.0
62.0	1093.0
56.0	5010.0
65.0	12709.0
63.0	1601.0
59.0	4542.0
57.0	10078.0
59.0	13109.0
63.0	5598.0
54.0	2438.0
58.0	611.0
60.6	743.0
60.4	1565.0
63.0	7556.0
60.0	1190.0
61.0	6798.0
57.0	1590.0
57.0	721.0
62.0	4592.0
57.0	7863.0
59.0	14968.0
61.0	4265.0
64.0	7862.0
60.2	1255.0
65.0	1116.0
56.0	417.0
56.0	6221.0
56.0	625.0
61.0	10102.0
61.0	7476.0
55.0	4382.0
56.0	2691.0
58.0	638.0
56.7	2872.0
55.0	432.0
65.0	414.0
57.0	1909.0
61.0	4140.0
60.0	1333.0
63.0	2401.0
56.0	687.0
62.0	926.0
56.0	11869.0
61.0	2577.0
56.0	13286.0
60.0	1056.0
62.0	3422.0
61.0	6394.0
58.0	394.0
55.0	532.0
54.0	521.0
58.0	5394.0
54.0	4444.0
57.0	500.0
59.0	1013.0
55.0	2511.0
60.0	435.0
56.0	6793.0
57.0	2677.0
59.0	2333.0
59.0	625.0
59.0	4749.0
59.0	3340.0
61.0	5438.0
56.0	1217.0
60.0	7127.0
54.0	622.0
61.0	5600.0
60.0	3250.0
64.2	1971.0
60.0	7007.0
63.0	4173.0
59.0	1241.0
59.0	6968.0
58.0	6421.0
62.0	6112.0
61.0	5277.0
56.0	1939.0
58.0	3179.0
58.0	3931.0
61.0	2066.0
59.0	4468.0
63.0	16206.0
59.0	4106.0
58.0	631.0
55.0	681.0
62.0	2964.0
60.0	3838.0
54.0	351.0
55.0	526.0
62.0	3577.0
56.0	351.0
55.0	4192.0
54.0	638.0
55.0	4381.0
57.0	12554.0
63.0	3218.0
64.0	4488.0
58.0	655.0
57.0	391.0
65.0	9526.0
64.0	1050.0
63.0	954.0
60.0	11954.0
64.0	5407.0
61.0	2446.0
58.0	8831.0
64.0	14920.0
60.0	1943.0
57.0	4704.0
61.0	976.0
60.9	1294.0
55.6	2282.0
58.0	9116.0
64.0	6687.0
61.0	1043.0
61.0	5898.0
61.0	15619.0
60.0	399.0
59.0	10567.0
58.0	1548.0
58.0	5055.0
56.0	7643.0
59.0	4497.0
61.0	2109.0
60.0	3193.0
57.0	2855.0
57.0	5390.0
57.0	848.0
57.0	1116.0
65.0	2990.0
61.0	4674.0
58.0	6703.0
61.0	2109.0
54.0	2062.0
65.0	7190.0
58.0	735.0
57.0	1856.0
55.0	891.0
62.0	2035.0
64.0	16842.0
58.0	4191.0
60.0	5514.0
60.0	3401.0
56.0	855.0
59.0	7464.0
57.0	1701.0
55.0	3663.0
54.0	2827.0
56.0	3822.0
58.0	3307.0
57.0	16239.0
56.0	4637.0
65.0	7094.0
56.0	1155.0
55.0	526.0
55.0	660.0
63.0	1788.0
55.0	421.0
55.0	8339.0
62.0	8647.0
59.0	5860.0
56.0	610.0
58.0	1865.0
54.0	748.0
58.0	9467.0
61.0	3660.0
54.0	1388.0
62.0	750.0
53.8	1745.0
54.0	611.0
59.0	3874.0
56.0	1775.0
63.0	3860.0
60.0	395.0
55.0	607.0
56.0	830.0
57.0	3282.0
61.0	5756.0
57.0	684.0
63.0	4171.0
57.0	2494.0
57.0	3977.0
58.0	6389.0
58.0	1605.0
62.0	1306.0
61.0	1715.0
55.0	1298.0
58.0	637.0
55.0	526.0
57.0	709.0
58.0	492.0
60.0	18026.0
58.0	991.0
58.0	3024.0
60.0	7815.0
56.0	616.0
62.0	777.0
63.0	1899.0
62.0	1845.0
61.0	4727.0
59.0	6906.0
57.0	10696.0
57.0	593.0
61.0	4722.0
59.0	7554.0
55.0	7437.0
59.0	1444.0
58.0	4598.0
62.0	844.0
55.0	912.0
57.0	17497.0
62.0	6177.0
56.0	445.0
55.0	3429.0
57.0	3201.0
59.0	4398.0
58.0	6738.0
57.0	1436.0
59.0	3992.0
62.0	7672.0
57.0	3878.0
56.0	3246.0
57.0	5279.0
61.0	952.0
59.0	7207.0
58.0	6091.0
59.0	3921.0
59.0	544.0
57.0	7051.0
63.0	1763.0
62.0	15231.0
64.0	2116.0
57.5	4992.0
58.0	5597.0
58.0	16013.0
63.0	6822.0
62.0	3454.0
59.0	3425.0
59.0	2074.0
55.0	7563.0
62.0	5487.0
58.0	2195.0
56.0	1408.0
64.0	1749.0
57.0	561.0
55.0	7875.0
57.0	755.0
59.0	6097.0
64.0	2220.0
56.0	4032.0
58.0	655.0
56.0	403.0
59.0	6543.0
58.0	6160.0
56.0	564.0
57.0	2096.0
59.0	5301.0
55.0	435.0
58.0	4195.0
58.0	2000.0
57.0	11182.0
55.0	1263.0
57.0	1715.0
56.0	428.0
60.0	3679.0
56.0	15792.0
65.0	2085.0
60.0	2569.0
56.0	4469.0
59.0	3864.0
57.0	442.0
59.0	3398.0
59.0	18023.0
57.0	16512.0
54.0	4770.0
59.0	3580.0
60.0	14745.0
55.0	472.0
61.0	1149.0
61.0	4851.0
57.0	492.0
58.0	2066.0
58.0	912.0
58.0	4606.0
61.0	1041.0
57.0	4594.0
65.0	2427.0
58.0	1917.0
62.0	849.0
56.0	682.0
63.0	1758.0
60.0	6183.0
59.0	2517.0
58.0	7308.0
58.0	3018.0
59.0	4198.0
59.0	4078.0
61.0	2139.0
59.0	5166.0
58.0	4559.0
57.0	3632.0
54.0	1895.0
58.0	6797.0
57.0	729.0
64.0	6653.0
62.0	4838.0
61.0	4165.0
59.0	3540.0
55.0	2264.0
58.0	1214.0
60.0	2242.0
57.0	1858.0
58.0	489.0
56.0	1715.0
64.0	1121.0
58.0	3920.0
63.0	1774.0
61.0	622.0
58.0	678.0
57.0	605.0
56.0	1009.0
56.0	756.0
59.0	6109.0
60.0	4479.0
57.0	4712.0
65.0	1938.0
58.0	3639.0
63.0	603.0
59.0	3621.0
62.0	2131.0
60.0	6192.0
57.0	4844.0
60.0	1223.0
60.0	9336.0
57.0	816.0
54.0	5198.0
56.0	4559.0
58.0	14148.0
59.0	698.0
60.0	4523.0
58.0	5201.0
56.0	470.0
63.0	377.0
61.0	11560.0
56.0	579.0
56.0	1964.0
60.0	3946.0
62.0	4480.0
63.0	858.0
55.0	689.0
58.0	7603.0
57.0	4381.0
59.0	12964.0
60.0	4496.0
58.0	807.0
61.0	1147.0
59.0	684.0
55.0	756.0
59.0	3034.0
57.0	492.0
57.0	645.0
63.0	3921.0
59.0	6080.0
58.0	11075.0
58.0	2010.0
61.0	1757.0
56.0	3449.0
65.0	2457.0
56.0	4790.0
61.0	2156.0
61.0	3752.0
62.0	507.0
59.0	675.0
61.0	8854.0
65.0	1259.0
56.0	969.0
65.0	1333.0
62.0	1712.0
59.0	2209.0
60.0	7501.0
64.0	5271.0
60.0	1644.0
57.0	4452.0
55.0	16565.0
56.0	687.0
59.0	11096.0
62.0	986.0
61.0	3880.0
56.0	17365.0
58.0	891.0
60.0	3941.0
60.0	3466.0
54.0	449.0
60.0	5132.0
59.0	4081.0
56.0	830.0
55.0	1438.0
61.0	3785.0
57.0	2960.0
64.0	3473.0
54.0	447.0
58.0	5449.0
58.0	2665.0
58.0	1774.0
56.0	432.0
56.0	2289.0
56.0	7207.0
55.0	575.0
56.0	11746.0
54.0	1436.0
64.0	910.0
62.3	1678.0
56.0	628.0
57.0	2034.0
63.0	4382.0
57.0	506.0
61.0	1018.0
65.0	15618.0
55.0	394.0
61.0	5254.0
57.0	9881.0
55.0	1242.0
65.0	2268.0
59.0	5627.0
58.0	4116.0
56.0	1072.0
59.0	4166.0
57.0	3360.0
58.0	18325.0
58.0	737.0
60.2	4761.0
62.0	4302.0
63.0	17533.0
57.0	5484.0
58.0	10796.0
56.0	1232.0
54.0	462.0
65.0	2352.0
56.0	7161.0
60.0	2130.0
57.0	2549.0
59.0	5490.0
57.0	10669.0
62.0	8374.0
57.0	685.0
56.0	722.0
61.0	7500.0
63.0	749.0
58.0	2346.0
56.0	1607.0
59.0	473.0
55.0	15792.0
61.0	1037.0
64.0	603.0
61.0	1843.0
55.0	449.0
60.0	8580.0
58.0	3736.0
61.0	5005.0
56.0	1635.0
59.0	886.0
56.0	499.0
55.0	3718.0
59.0	18572.0
61.0	3640.0
54.0	4400.0
58.0	5576.0
58.0	4295.0
59.0	6479.0
63.0	4476.0
60.0	18242.0
58.0	2964.0
61.0	3950.0
63.0	2425.0
57.0	500.0
62.0	4086.0
64.0	2970.0
55.0	2396.0
57.0	544.0
54.0	574.0
62.0	2140.0
59.0	2016.0
57.0	526.0
58.0	4265.0
58.0	4149.0
56.0	351.0
57.0	720.0
57.0	752.0
58.0	13720.0
64.0	10863.0
56.0	1338.0
56.0	5724.0
57.0	4476.0
54.0	827.0
59.0	3734.0
57.0	1262.0
55.0	393.0
56.0	526.0
63.0	4116.0
58.0	6727.0
61.0	16406.0
58.0	4496.0
59.0	4242.0
60.0	14709.0
60.7	2188.0
55.0	505.0
61.0	9176.0
62.0	1690.0
61.0	1712.0
55.0	684.0
62.0	3660.0
60.0	10184.0
55.0	605.0
60.0	3676.0
63.0	17330.0
60.5	1980.0
57.0	776.0
60.0	4011.0
54.9	1615.0
61.0	4878.0
59.0	11554.0
60.0	3051.0
57.0	705.0
58.0	5621.0
55.0	432.0
57.0	2662.0
61.0	1343.0
57.0	15393.0
62.0	6332.0
62.0	3733.0
57.0	6066.0
59.0	7137.0
60.0	3001.0
57.2	931.0
57.0	378.0
60.0	2729.0
56.0	687.0
60.0	4256.0
61.0	8706.0
60.0	3115.0
62.0	4466.0
55.0	3898.0
55.0	544.0
57.0	3770.0
58.0	1875.0
54.0	3304.0
61.0	954.0
57.0	2441.0
58.0	4375.0
62.0	12032.0
63.0	2751.0
56.0	4389.0
56.0	631.0
58.0	8005.0
57.0	4588.0
58.0	2759.0
54.0	749.0
58.0	2351.0
57.0	4067.0
57.0	447.0
61.0	2398.0
60.0	4233.0
62.0	3179.0
56.0	473.0
58.5	10763.0
63.0	3724.0
58.0	967.0
56.0	5646.0
58.0	4345.0
64.0	975.0
57.0	2278.0
64.0	4226.0
65.0	2728.0
62.0	15420.0
61.0	2591.0
57.0	547.0
63.0	4560.0
54.0	596.0
59.0	512.0
65.0	4679.0
62.0	2570.0
61.0	3063.0
56.0	1635.0
64.0	4230.0
57.7	1280.0
63.0	816.0
56.0	655.0
62.0	1267.0
59.9	2101.0
57.0	686.0
59.0	7955.0
56.0	2912.0
59.0	11826.0
55.0	784.0
56.0	3246.0
59.0	1407.0
58.0	526.0
58.0	4963.0
62.0	5526.0
56.0	2390.0
56.0	515.0
57.0	5655.0
57.0	787.0
61.0	2190.0
59.0	4479.0
57.0	8276.0
64.0	5606.0
55.0	776.0
61.0	7096.0
54.0	524.0
63.0	742.0
64.0	2262.0
56.0	1227.0
60.0	7059.0
61.2	1154.0
61.2	2637.0
62.0	3798.0
58.0	3250.0
58.0	473.0
54.0	1624.0
55.0	6028.0
55.0	2749.0
62.0	9324.0
55.0	6653.0
55.0	687.0
54.0	571.0
55.0	606.0
55.0	605.0
57.0	669.0
57.0	802.0
54.0	561.0
62.0	6746.0
56.0	4805.0
58.0	17447.0
57.0	3853.0
56.0	6004.0
57.0	11235.0
63.0	936.0
57.2	1883.0
56.0	4475.0
59.0	462.0
65.0	3773.0
55.0	492.0
57.0	6477.0
64.0	3125.0
55.0	681.0
62.0	8861.0
60.0	2048.0
59.0	3989.0
56.0	540.0
58.0	1806.0
54.4	826.0
62.0	3139.0
57.0	489.0
57.0	5816.0
60.0	16439.0
61.0	5702.0
64.0	994.0
60.0	4117.0
63.0	2444.0
55.0	1664.0
57.0	619.0
57.0	3897.0
62.0	2657.0
62.0	702.0
61.0	1197.0
58.0	5492.0
64.0	981.0
64.0	492.0
58.0	4671.0
65.0	2362.0
60.0	6187.0
63.0	1255.0
61.0	873.0
62.0	2606.0
63.0	1241.0
63.0	974.0
56.0	6804.0
65.0	3858.0
60.2	1243.0
64.0	2079.0
63.0	2451.0
58.0	3918.0
57.0	589.0
58.0	14026.0
54.0	521.0
57.0	4692.0
61.0	8144.0
54.0	873.0
54.0	7001.0
56.0	596.0
60.0	5575.0
56.0	2647.0
57.0	2674.0
54.0	1141.0
57.0	14452.0
56.0	722.0
62.0	5361.0
61.0	15287.0
58.0	13068.0
56.0	368.0
64.0	373.0
60.0	5765.0
57.0	4372.0
59.0	2344.0
61.0	825.0
61.0	5602.0
60.0	5871.0
62.0	1778.0
63.0	3726.0
58.0	16650.0
61.0	4125.0
61.0	5050.0
59.0	3146.0
64.0	2176.0
56.0	4138.0
63.0	2187.0
58.0	3626.0
64.0	4320.0
55.0	1318.0
60.0	14426.0
59.0	5269.0
57.0	16398.0
61.0	15371.0
54.0	4052.0
59.0	1155.0
60.0	10184.0
61.5	2309.0
53.0	739.0
60.0	3134.0
57.0	739.0
61.0	8517.0
58.0	491.0
62.0	2155.0
59.0	2218.0
58.0	3445.0
63.5	5056.0
63.0	14565.0
55.0	6969.0
61.0	12121.0
55.0	2853.0
58.0	1363.0
56.0	612.0
62.0	3614.0
64.0	3423.0
56.0	516.0
62.0	4397.0
60.0	4150.0
57.0	3363.0
57.0	4305.0
59.0	4633.0
58.0	1287.0
61.0	2264.0
62.0	883.0
58.0	4269.0
59.0	6720.0
55.0	1915.0
62.0	3067.0
57.0	2569.0
57.0	596.0
62.0	1327.0
61.0	12929.0
56.0	984.0
55.0	4309.0
64.0	730.0
61.0	1427.0
56.0	599.0
57.0	6618.0
60.0	763.0
59.0	2800.0
61.0	1561.0
55.0	3999.0
64.0	11820.0
61.0	5028.0
62.0	4788.0
62.0	12927.0
64.0	17869.0
60.0	7022.0
61.0	3214.0
60.0	7134.0
59.0	9122.0
57.0	3763.0
60.0	9999.0
56.0	666.0
62.0	3839.0
52.0	506.0
59.0	1080.0
56.0	789.0
59.0	596.0
59.0	4619.0
59.0	6349.0
55.0	544.0
58.0	705.0
55.0	15394.0
60.0	3115.0
59.0	6037.0
57.0	4247.0
56.0	645.0
57.0	7049.0
57.0	11851.0
59.0	583.0
55.0	3584.0
61.0	667.0
61.0	2649.0
56.0	1694.0
58.0	921.0
62.0	2268.0
55.0	588.0
65.0	9954.0
63.0	9405.0
61.0	3991.0
54.0	5616.0
62.0	3014.0
57.0	675.0
55.0	776.0
64.0	974.0
55.0	2095.0
60.0	3574.0
55.0	738.0
57.0	504.0
59.0	4121.0
