4.28	552.0
4.75	1356.0
5.63	2734.0
6.1	3473.0
6.59	4682.0
4.67	957.0
6.21	5202.0
6.12	4444.0
5.98	2811.0
6.93	7426.0
4.48	803.0
4.35	942.0
4.76	1241.0
5.53	2214.0
5.97	3672.0
6.51	7485.0
6.13	4720.0
4.34	911.0
6.52	14626.0
4.84	1179.0
5.6	4311.0
5.14	1857.0
5.22	1314.0
4.74	1263.0
5.25	1753.0
6.34	5671.0
6.97	8950.0
5.11	1787.0
6.68	4406.0
6.05	3806.0
4.52	805.0
5.24	1885.0
4.58	1162.0
5.8	3498.0
4.39	972.0
4.32	911.0
6.31	6189.0
6.42	6174.0
4.66	794.0
4.68	1159.0
4.63	1094.0
4.32	1069.0
4.69	898.0
4.6	1292.0
4.85	1235.0
5.96	4170.0
6.72	5695.0
5.8	3534.0
5.07	2639.0
5.03	1235.0
4.82	1621.0
4.04	373.0
4.78	1151.0
7.16	11352.0
5.47	2962.0
4.47	778.0
4.42	756.0
4.59	689.0
4.43	781.0
5.78	3048.0
6.21	4350.0
4.76	810.0
4.56	644.0
4.36	758.0
4.38	477.0
4.77	810.0
5.03	1752.0
6.61	4295.0
5.03	1860.0
4.79	1040.0
4.23	664.0
5.13	2482.0
4.37	589.0
5.73	3321.0
7.28	16407.0
4.38	1075.0
5.51	1967.0
4.79	970.0
4.52	644.0
5.3	1698.0
7.31	12179.0
4.8	876.0
6.68	8633.0
5.78	2903.0
5.64	3075.0
7.57	11873.0
4.44	756.0
6.1	3205.0
4.66	720.0
6.69	5983.0
6.55	5952.0
5.21	1316.0
6.5	5110.0
6.39	4398.0
5.37	1614.0
6.67	4244.0
5.75	2863.0
6.57	5600.0
4.62	689.0
4.45	933.0
6.4	8119.0
6.43	6429.0
5.69	3025.0
6.34	10453.0
4.52	1033.0
5.56	3047.0
5.17	2742.0
6.16	3419.0
5.78	3479.0
4.26	524.0
5.63	3056.0
5.69	3788.0
5.08	1654.0
4.33	710.0
6.53	5491.0
4.49	732.0
6.11	4466.0
4.59	1094.0
5.63	2373.0
5.49	2297.0
6.25	4696.0
4.53	827.0
4.52	663.0
5.29	1993.0
7.73	10281.0
6.37	5542.0
5.68	3333.0
5.05	1289.0
4.7	1128.0
6.74	6125.0
4.28	462.0
4.7	622.0
4.38	625.0
6.51	4381.0
4.8	825.0
6.12	3891.0
6.29	5055.0
6.33	3604.0
4.28	552.0
5.23	1753.0
6.85	5721.0
6.21	4150.0
5.45	2093.0
7.5	13298.0
5.68	2415.0
7.85	15394.0
6.29	5320.0
4.48	978.0
4.8	1151.0
4.47	1100.0
6.56	4971.0
5.95	2722.0
6.55	5364.0
5.37	2147.0
7.43	9627.0
4.33	709.0
6.53	6856.0
5.21	1767.0
6.39	7102.0
5.14	1687.0
4.81	1389.0
4.3	661.0
4.95	1159.0
5.74	2468.0
6.77	6248.0
4.41	809.0
4.75	1295.0
6.4	6937.0
6.49	14494.0
6.46	5006.0
4.69	720.0
4.36	942.0
6.35	5005.0
6.52	5946.0
3.96	552.0
7.33	10694.0
4.63	971.0
6.48	5804.0
4.36	942.0
5.3	2741.0
4.29	670.0
6.06	4187.0
4.53	1063.0
5.51	2062.0
6.32	4735.0
5.41	2431.0
4.98	1298.0
4.73	924.0
4.67	720.0
4.74	744.0
6.45	4295.0
5.06	997.0
3.82	386.0
4.33	709.0
6.36	7652.0
5.74	2767.0
5.11	1829.0
4.39	1917.0
5.94	2415.0
5.18	1884.0
4.73	1151.0
4.34	670.0
4.28	710.0
6.4	6176.0
4.55	698.0
5.38	3850.0
6.2	5167.0
4.44	662.0
4.83	995.0
6.02	3185.0
4.88	1294.0
5.4	1889.0
6.63	10350.0
5.16	1807.0
5.02	1627.0
4.35	734.0
4.8	784.0
4.34	709.0
4.54	756.0
6.52	8437.0
6.2	5123.0
4.66	720.0
6.53	4837.0
4.35	756.0
4.84	1015.0
5.17	1857.0
6.38	4964.0
4.84	1056.0
7.28	11756.0
6.58	5256.0
4.34	942.0
5.65	2951.0
6.55	6133.0
5.21	1952.0
5.36	1684.0
5.97	3852.0
6.42	4242.0
4.42	942.0
4.47	1133.0
4.35	982.0
5.9	3755.0
4.32	606.0
5.13	1629.0
4.35	732.0
4.74	1637.0
5.85	6834.0
4.36	621.0
4.59	851.0
6.46	5055.0
4.7	675.0
5.62	2822.0
4.01	472.0
6.74	5134.0
4.86	1264.0
4.37	709.0
4.52	1063.0
5.74	2677.0
7.45	11078.0
5.76	2782.0
4.77	1050.0
6.22	4067.0
8.28	18575.0
8.0	16624.0
4.75	1263.0
4.26	567.0
4.44	780.0
4.38	692.0
4.86	1036.0
5.69	2764.0
5.88	2862.0
7.94	16386.0
4.26	709.0
6.4	5132.0
4.72	622.0
4.55	663.0
6.03	3798.0
5.43	1196.0
4.36	732.0
5.28	1368.0
4.24	552.0
6.5	5255.0
7.56	8366.0
6.31	7877.0
6.54	10984.0
5.25	2848.0
4.38	911.0
4.39	781.0
6.37	4543.0
5.04	1180.0
3.89	386.0
4.71	1349.0
6.4	5210.0
5.03	1688.0
4.35	942.0
4.76	1427.0
6.1	3534.0
6.02	4265.0
3.95	530.0
5.95	2861.0
5.71	3668.0
4.38	567.0
5.12	1678.0
4.3	866.0
5.67	2797.0
5.06	1658.0
4.5	413.0
5.71	2618.0
4.62	850.0
7.56	10278.0
5.55	2151.0
6.23	3304.0
5.81	3275.0
4.33	734.0
6.25	10011.0
5.84	3524.0
5.87	3442.0
3.93	530.0
5.09	1750.0
4.92	1262.0
5.17	3247.0
5.71	3090.0
4.41	972.0
5.31	1786.0
4.39	867.0
4.78	791.0
5.29	2066.0
5.0	1569.0
5.14	1600.0
5.75	2579.0
4.4	867.0
5.92	3389.0
4.43	1048.0
5.65	2770.0
7.02	4470.0
5.16	1857.0
5.11	1678.0
6.22	4192.0
4.32	1041.0
4.74	958.0
4.12	799.0
6.63	17909.0
6.43	7718.0
4.96	1210.0
5.86	3473.0
6.38	8265.0
5.26	1734.0
5.2	1919.0
6.56	4583.0
6.68	9138.0
6.43	4798.0
5.86	3428.0
6.45	4799.0
6.02	3774.0
4.39	802.0
4.3	710.0
5.03	1602.0
5.15	1787.0
6.91	10353.0
4.41	1107.0
5.49	2041.0
6.55	9077.0
8.02	18674.0
5.07	1597.0
6.37	7257.0
6.51	4764.0
4.9	919.0
4.73	648.0
5.58	3001.0
4.68	1440.0
7.16	10409.0
4.77	841.0
4.79	1547.0
5.13	1628.0
6.55	9274.0
6.84	5739.0
5.13	1716.0
4.37	805.0
4.95	1109.0
6.21	4168.0
5.26	1904.0
4.15	597.0
4.87	1177.0
6.57	5872.0
5.72	5539.0
4.74	689.0
4.78	889.0
4.46	644.0
4.53	663.0
5.79	3454.0
5.78	2608.0
4.88	1030.0
6.54	3773.0
6.5	9918.0
4.32	734.0
4.32	710.0
4.75	932.0
5.24	1720.0
5.28	1644.0
6.63	5233.0
5.07	1436.0
4.55	852.0
4.2	772.0
5.26	1993.0
6.49	9625.0
5.22	1775.0
5.4	1750.0
6.52	4718.0
6.5	4338.0
4.3	882.0
5.29	1723.0
5.75	2713.0
4.0	552.0
6.72	6344.0
6.34	5621.0
6.86	13965.0
7.59	12360.0
6.58	4672.0
5.93	2847.0
5.61	3369.0
4.43	777.0
5.7	2285.0
4.32	568.0
4.38	778.0
4.56	827.0
4.38	942.0
4.02	577.0
5.55	4800.0
5.49	2019.0
7.34	10122.0
4.33	541.0
6.59	5872.0
6.1	3689.0
5.02	1736.0
4.38	732.0
4.5	803.0
5.08	1671.0
4.36	942.0
5.37	1785.0
6.21	4476.0
6.65	5133.0
5.05	1599.0
6.48	4928.0
5.94	3251.0
4.55	663.0
4.68	1030.0
5.71	3192.0
4.41	492.0
5.29	2030.0
4.36	571.0
5.71	2480.0
5.35	2546.0
5.25	3494.0
4.74	954.0
4.05	532.0
4.75	1105.0
6.44	7101.0
6.83	5997.0
5.17	1679.0
5.43	4241.0
4.26	647.0
5.8	2457.0
6.59	4903.0
4.37	758.0
5.09	1743.0
4.32	709.0
5.87	3581.0
4.75	1263.0
5.85	2498.0
6.3	4543.0
5.89	2858.0
4.4	756.0
5.17	1138.0
5.15	1250.0
5.97	3382.0
5.14	1174.0
5.44	2933.0
6.68	9694.0
6.13	4447.0
4.39	912.0
4.78	656.0
5.44	2714.0
5.04	1646.0
4.13	622.0
5.18	1429.0
4.62	933.0
6.23	4468.0
5.61	3001.0
6.67	10410.0
7.17	9783.0
6.27	2840.0
6.56	5164.0
5.15	1431.0
8.07	16776.0
7.27	15996.0
4.8	1350.0
4.57	851.0
4.76	1547.0
4.76	791.0
4.75	982.0
4.37	758.0
5.76	3838.0
5.28	1944.0
5.32	1419.0
7.67	10730.0
5.0	1898.0
4.73	735.0
4.77	876.0
4.68	694.0
6.33	4253.0
5.83	5207.0
5.43	2093.0
4.1	452.0
6.52	15370.0
4.56	1063.0
5.12	1752.0
5.21	1571.0
6.61	8820.0
5.47	1572.0
4.39	972.0
5.9	3011.0
5.72	2458.0
7.1	10374.0
5.72	2416.0
4.62	633.0
5.05	1838.0
5.64	2254.0
4.41	977.0
6.06	3730.0
6.62	5547.0
4.43	667.0
6.53	11196.0
8.36	16558.0
7.76	12190.0
4.46	736.0
8.31	18526.0
6.48	4774.0
6.74	5134.0
4.88	1056.0
4.66	1070.0
4.77	1326.0
5.95	3293.0
4.3	571.0
6.35	4295.0
4.54	1035.0
4.42	950.0
4.43	805.0
5.24	1987.0
4.92	1637.0
6.79	7903.0
6.52	5006.0
4.74	791.0
5.24	1725.0
6.39	4719.0
4.48	721.0
5.34	2103.0
5.29	1243.0
5.78	4258.0
4.34	942.0
5.88	2043.0
4.39	972.0
4.35	593.0
6.43	4805.0
5.44	2331.0
4.66	1140.0
6.06	3837.0
4.39	692.0
4.3	814.0
5.89	3502.0
4.52	643.0
4.29	536.0
6.29	4693.0
5.95	3145.0
6.6	5147.0
6.77	5412.0
4.58	852.0
5.86	2357.0
4.8	1427.0
4.37	942.0
4.75	717.0
4.35	541.0
8.12	13109.0
4.8	1177.0
6.24	3880.0
4.6	681.0
6.72	7978.0
4.62	643.0
6.49	11057.0
5.95	3214.0
7.68	12231.0
5.49	1969.0
4.47	626.0
4.62	681.0
4.28	710.0
6.47	5410.0
4.78	1354.0
4.99	3378.0
6.87	9596.0
7.84	9791.0
4.86	1015.0
4.38	720.0
5.72	3752.0
5.98	2933.0
5.68	3217.0
5.24	1877.0
5.12	1318.0
6.41	11573.0
4.78	700.0
6.17	9182.0
3.91	530.0
5.17	1857.0
4.33	734.0
6.6	6259.0
5.76	2514.0
6.13	3671.0
4.72	1007.0
4.31	709.0
5.13	1849.0
5.27	1892.0
4.91	1235.0
7.56	15845.0
4.82	1200.0
5.81	2949.0
5.7	2332.0
5.21	1667.0
6.55	5088.0
4.31	1010.0
6.54	4427.0
5.13	1314.0
5.79	2562.0
4.28	710.0
4.29	574.0
5.14	1882.0
7.42	15776.0
4.1	470.0
6.67	4672.0
7.27	11933.0
6.14	4497.0
6.47	5543.0
6.29	5385.0
7.29	17515.0
6.78	3711.0
5.22	1631.0
4.09	563.0
4.64	1124.0
4.25	447.0
5.74	3161.0
4.44	626.0
5.16	1752.0
4.49	803.0
4.48	1174.0
4.8	1031.0
6.21	4304.0
4.58	809.0
6.3	4214.0
4.52	961.0
4.91	1129.0
4.74	683.0
4.28	552.0
4.27	754.0
6.28	5259.0
4.8	1031.0
4.8	669.0
4.41	589.0
8.54	18007.0
4.31	734.0
6.05	7230.0
5.8	3189.0
5.81	3075.0
6.88	6969.0
4.5	829.0
6.37	4538.0
5.27	1847.0
5.24	1857.0
4.62	1303.0
4.65	1400.0
4.59	971.0
5.05	1807.0
6.83	12261.0
5.8	2859.0
5.18	1892.0
5.68	3182.0
6.25	4751.0
4.61	663.0
5.81	3950.0
4.47	487.0
6.31	5005.0
3.92	402.0
4.11	575.0
6.24	4765.0
6.27	4448.0
4.66	967.0
7.35	13588.0
7.44	12417.0
4.84	1210.0
6.57	8181.0
6.41	4902.0
4.39	1167.0
6.22	5093.0
4.51	626.0
4.58	827.0
5.17	1264.0
4.74	990.0
7.35	11834.0
4.47	608.0
5.7	3092.0
4.37	766.0
3.92	687.0
4.64	622.0
4.38	972.0
7.93	10528.0
4.64	851.0
4.4	728.0
5.73	2762.0
4.55	669.0
5.7	2719.0
4.77	1413.0
4.3	552.0
5.52	1751.0
5.71	4323.0
6.0	3205.0
5.05	1015.0
4.79	938.0
4.34	734.0
4.5	631.0
5.28	1963.0
6.34	15081.0
5.01	1701.0
5.38	3206.0
6.34	4821.0
6.37	4758.0
5.05	2033.0
5.17	2177.0
4.51	907.0
7.68	13329.0
5.09	1268.0
5.94	3605.0
4.28	709.0
5.14	1605.0
4.24	552.0
5.79	4252.0
6.25	4541.0
4.45	492.0
5.11	1787.0
6.36	8020.0
4.39	972.0
5.24	1412.0
5.81	2690.0
6.38	4704.0
6.39	5821.0
5.4	2538.0
5.74	3001.0
4.37	758.0
6.56	4725.0
5.16	1882.0
4.64	1200.0
7.69	15011.0
5.35	1771.0
5.92	3326.0
4.47	608.0
4.2	608.0
6.31	4606.0
4.46	781.0
7.16	8268.0
4.42	972.0
5.15	1431.0
4.4	758.0
6.44	8645.0
6.07	2853.0
4.49	759.0
4.36	877.0
4.24	663.0
5.72	3316.0
4.47	1002.0
6.4	8347.0
4.26	670.0
5.0	1323.0
4.33	713.0
6.24	3569.0
4.39	880.0
5.29	1783.0
4.27	814.0
5.05	1627.0
5.29	1939.0
4.66	955.0
4.31	734.0
4.53	756.0
5.63	2980.0
6.12	4303.0
8.02	13858.0
6.34	5645.0
6.15	5511.0
4.4	766.0
4.43	477.0
4.59	852.0
5.2	1956.0
5.08	1436.0
5.76	3411.0
4.72	772.0
5.37	1664.0
6.64	5258.0
5.1	1226.0
6.73	4939.0
6.45	5488.0
5.34	1963.0
4.74	791.0
4.38	758.0
7.48	8518.0
5.1	1793.0
6.1	4466.0
5.04	1752.0
5.0	1078.0
4.46	781.0
5.76	3045.0
4.4	652.0
5.11	1415.0
6.53	12053.0
6.98	15535.0
5.17	1436.0
4.36	911.0
4.33	462.0
6.76	12795.0
4.88	898.0
5.31	1982.0
5.18	2563.0
5.19	1566.0
7.3	12688.0
5.37	2103.0
4.41	972.0
4.4	593.0
6.38	4818.0
5.16	1822.0
3.85	386.0
4.3	710.0
6.4	5812.0
4.83	1129.0
5.81	3081.0
4.0	548.0
4.45	492.0
6.9	5107.0
6.34	5390.0
5.62	3033.0
4.83	1207.0
4.3	814.0
5.74	2824.0
5.2	1753.0
4.69	746.0
4.49	1033.0
5.74	2724.0
5.69	2652.0
6.57	18114.0
6.81	6190.0
4.52	537.0
5.68	2699.0
6.43	4939.0
5.31	1998.0
6.21	4182.0
6.5	6915.0
4.72	1050.0
5.76	2328.0
5.31	1723.0
6.46	4805.0
4.35	734.0
5.31	2553.0
5.45	2473.0
6.4	7966.0
4.43	1067.0
4.37	565.0
6.89	6031.0
5.67	3493.0
7.17	10730.0
6.7	7479.0
5.07	1682.0
6.06	3796.0
5.76	3138.0
6.14	3806.0
4.39	589.0
4.82	738.0
6.03	2990.0
6.35	7567.0
5.6	2960.0
5.81	4482.0
4.69	1123.0
4.43	912.0
6.17	4108.0
4.49	780.0
5.94	3441.0
4.4	660.0
6.84	7696.0
5.12	1893.0
6.25	4234.0
6.32	3780.0
5.35	2066.0
5.85	3644.0
4.41	781.0
4.43	1030.0
6.06	4443.0
5.26	1928.0
5.16	1822.0
5.48	1423.0
6.57	4471.0
6.41	6191.0
5.16	1436.0
5.72	2950.0
4.32	710.0
4.34	766.0
4.14	532.0
4.71	918.0
6.32	4419.0
6.46	4044.0
5.07	1108.0
5.77	3182.0
6.32	5803.0
4.52	1033.0
5.64	2354.0
5.73	3075.0
5.15	1368.0
5.05	1752.0
6.34	6073.0
5.14	3446.0
6.37	16073.0
4.38	756.0
5.96	3024.0
5.23	1683.0
3.92	530.0
7.41	9875.0
4.66	891.0
6.57	5704.0
4.61	851.0
5.75	2671.0
6.24	4123.0
6.39	7127.0
5.31	1803.0
6.47	5543.0
4.33	710.0
6.0	3205.0
4.19	470.0
5.94	2337.0
4.45	1133.0
5.78	2749.0
4.4	715.0
4.55	851.0
4.4	612.0
5.09	2211.0
6.4	11082.0
6.6	5293.0
6.21	3780.0
4.55	1063.0
6.7	5615.0
4.29	616.0
4.34	593.0
4.03	499.0
5.69	3335.0
5.72	3214.0
4.82	1040.0
4.27	1130.0
6.47	4916.0
4.72	738.0
4.67	622.0
5.81	2242.0
4.71	917.0
5.58	3087.0
6.28	6998.0
6.3	5385.0
6.82	7351.0
6.37	4260.0
5.21	1674.0
6.88	9935.0
5.76	2604.0
5.42	2325.0
6.35	6190.0
4.37	589.0
5.88	3564.0
5.07	1712.0
5.74	2804.0
5.29	1819.0
4.74	1007.0
5.17	1783.0
4.73	1359.0
4.57	957.0
5.31	1723.0
5.61	2546.0
4.31	477.0
4.87	1064.0
4.03	526.0
5.8	3189.0
5.13	2056.0
4.82	1230.0
4.46	727.0
5.67	2409.0
5.36	1847.0
4.82	990.0
4.39	1099.0
4.39	610.0
6.28	5055.0
6.47	5656.0
5.78	3048.0
4.38	777.0
4.33	571.0
6.61	12185.0
5.0	1323.0
7.37	9698.0
4.36	911.0
4.25	710.0
5.64	2388.0
4.77	810.0
5.89	3353.0
4.42	626.0
5.89	3319.0
4.78	1123.0
6.59	3842.0
4.84	970.0
6.29	3304.0
5.91	2799.0
3.99	499.0
5.38	2019.0
6.53	5533.0
5.53	3336.0
5.53	2167.0
4.59	881.0
7.46	8897.0
4.5	879.0
4.28	814.0
4.43	756.0
4.2	664.0
6.67	4330.0
5.3	1359.0
6.21	4663.0
4.71	1043.0
4.33	571.0
6.38	5880.0
5.8	3014.0
6.4	5939.0
4.63	1167.0
5.69	2812.0
4.25	447.0
6.39	5551.0
4.8	986.0
4.44	972.0
5.12	1807.0
5.31	1768.0
5.07	1346.0
6.46	8333.0
6.62	6974.0
6.52	5880.0
5.19	1408.0
4.29	641.0
4.66	1257.0
4.67	701.0
4.77	772.0
6.05	3709.0
4.31	734.0
8.31	12891.0
5.13	2387.0
4.36	734.0
5.62	3471.0
5.98	4628.0
4.3	571.0
5.41	2067.0
6.11	6872.0
4.33	571.0
5.09	1807.0
5.85	3746.0
6.43	7032.0
5.11	1822.0
5.68	3193.0
5.68	3137.0
4.6	1094.0
6.41	5557.0
6.38	4805.0
4.87	1264.0
6.55	5351.0
4.42	983.0
4.34	593.0
6.62	3950.0
5.24	1580.0
5.24	1994.0
5.02	1210.0
4.72	982.0
4.49	669.0
5.14	1822.0
5.69	3245.0
4.29	515.0
5.37	2066.0
4.38	593.0
5.11	1822.0
6.76	10546.0
5.11	1190.0
4.81	1056.0
5.19	2016.0
4.33	533.0
4.36	734.0
6.64	17499.0
4.47	750.0
4.29	1000.0
5.78	2891.0
6.23	3398.0
5.12	1882.0
4.5	730.0
6.79	5412.0
6.18	4523.0
4.33	979.0
6.41	4072.0
4.47	1208.0
6.54	3337.0
4.83	1040.0
4.63	1200.0
6.85	7715.0
6.68	12261.0
4.8	1181.0
4.39	758.0
4.28	911.0
6.36	5731.0
4.7	991.0
7.42	9561.0
5.6	2367.0
6.48	3125.0
4.57	1030.0
4.54	1069.0
4.58	851.0
5.33	1814.0
4.84	855.0
6.19	4327.0
4.23	719.0
8.07	17079.0
6.84	5551.0
4.31	571.0
5.86	2822.0
6.88	14737.0
4.35	574.0
6.46	16234.0
4.76	948.0
6.5	4764.0
4.56	829.0
6.33	7278.0
5.38	1770.0
4.4	729.0
5.27	2009.0
6.45	5723.0
4.21	777.0
5.11	1845.0
5.12	1359.0
5.96	3312.0
6.01	2368.0
6.09	3505.0
4.82	791.0
4.53	803.0
8.15	17235.0
4.51	644.0
6.7	5927.0
3.94	552.0
5.8	2531.0
4.37	756.0
6.62	4964.0
4.76	1323.0
4.71	727.0
5.88	2968.0
5.89	2484.0
6.18	3823.0
4.37	732.0
5.8	1715.0
6.16	4661.0
7.6	10685.0
4.78	1295.0
4.72	1172.0
6.22	3473.0
4.63	1400.0
5.84	3721.0
5.17	1701.0
5.29	1993.0
5.11	1749.0
6.35	6999.0
4.46	608.0
5.54	4022.0
5.29	1840.0
5.1	1758.0
5.12	1854.0
4.83	830.0
4.34	766.0
6.38	5174.0
7.78	12012.0
4.26	752.0
6.27	4051.0
6.8	8079.0
4.49	780.0
5.56	2763.0
5.25	1956.0
5.69	3179.0
6.01	8239.0
4.66	1123.0
6.19	4427.0
4.27	552.0
6.51	4718.0
6.38	4909.0
6.34	4785.0
5.2	1621.0
6.68	6112.0
5.17	1412.0
4.18	546.0
4.32	942.0
5.29	2119.0
6.95	15767.0
4.37	709.0
5.16	1264.0
6.37	5543.0
5.12	1279.0
5.06	1239.0
6.48	5156.0
6.55	8359.0
6.54	5880.0
5.19	1600.0
5.35	2421.0
5.87	4229.0
4.75	990.0
4.41	778.0
4.72	1295.0
5.46	2310.0
5.48	1996.0
6.09	4193.0
4.32	709.0
5.17	1600.0
4.33	571.0
6.16	3473.0
6.71	7761.0
6.38	5890.0
5.62	3618.0
5.68	2782.0
5.19	1595.0
5.68	2804.0
4.4	706.0
6.69	7066.0
5.79	4116.0
6.41	4718.0
4.85	723.0
6.72	5891.0
4.23	552.0
5.73	2279.0
7.59	11712.0
6.63	8279.0
5.14	1306.0
5.24	1262.0
5.14	1289.0
5.85	2773.0
4.3	732.0
5.75	2822.0
6.62	4252.0
4.19	487.0
5.31	1621.0
5.67	3045.0
5.41	1572.0
5.78	2690.0
5.68	2414.0
6.64	5088.0
4.63	845.0
6.22	4123.0
4.43	988.0
4.76	1018.0
5.67	2550.0
6.43	4672.0
6.54	5253.0
4.7	1124.0
6.59	7550.0
5.11	1893.0
4.42	781.0
4.77	1326.0
3.86	362.0
4.75	818.0
4.26	552.0
6.01	3078.0
4.38	1009.0
5.26	1650.0
5.04	2086.0
4.61	1063.0
4.68	979.0
4.76	810.0
5.28	1377.0
4.37	942.0
4.45	507.0
4.85	1235.0
5.15	1566.0
4.72	638.0
4.37	571.0
4.77	810.0
7.57	12697.0
6.0	3145.0
5.84	3158.0
5.19	1662.0
5.21	1857.0
6.42	17100.0
4.34	911.0
5.16	1720.0
5.86	3620.0
6.25	4790.0
4.91	912.0
5.64	2475.0
6.27	3057.0
4.32	574.0
5.42	4209.0
5.1	1716.0
6.02	4135.0
6.91	7338.0
6.72	8969.0
4.76	1007.0
5.72	3084.0
6.32	3997.0
5.49	1934.0
4.38	942.0
5.6	2554.0
5.81	2249.0
6.31	5645.0
5.64	2355.0
4.85	947.0
4.32	709.0
5.29	1720.0
6.46	9502.0
5.23	1141.0
6.23	5013.0
6.57	5532.0
4.92	706.0
6.32	5147.0
4.46	804.0
4.31	709.0
4.31	662.0
7.53	8264.0
4.39	842.0
4.45	805.0
4.47	756.0
5.09	1701.0
6.18	7711.0
5.4	2527.0
6.18	4312.0
5.32	1944.0
5.91	2896.0
4.38	684.0
6.31	10221.0
4.81	1441.0
6.2	8716.0
5.17	1292.0
4.41	631.0
8.29	18405.0
7.41	12060.0
5.85	3562.0
5.66	2841.0
6.43	4679.0
5.43	1816.0
4.59	851.0
5.28	1825.0
5.16	1636.0
4.31	911.0
5.95	2918.0
7.43	13631.0
4.1	777.0
5.65	3361.0
6.2	5101.0
6.44	5498.0
4.5	749.0
6.17	3848.0
6.35	4928.0
4.6	1067.0
6.91	4361.0
6.04	3848.0
6.03	4378.0
4.28	574.0
5.39	1799.0
4.95	1431.0
5.46	2401.0
4.56	827.0
6.55	4564.0
6.54	4543.0
6.64	6062.0
5.41	1783.0
4.79	921.0
6.61	6909.0
7.3	10122.0
5.83	2547.0
4.68	717.0
6.55	4218.0
4.3	911.0
6.8	14033.0
5.8	3217.0
6.27	6441.0
5.71	3629.0
5.8	2954.0
4.32	732.0
4.4	972.0
6.18	3312.0
5.5	1629.0
5.34	1814.0
6.42	3971.0
5.29	1825.0
4.34	589.0
5.2	1868.0
5.5	6607.0
4.81	1389.0
5.13	2145.0
6.46	5252.0
5.79	2863.0
4.38	619.0
5.86	2632.0
6.83	18112.0
7.24	9519.0
6.44	5939.0
4.44	781.0
4.35	734.0
4.87	1235.0
5.79	2903.0
6.3	5639.0
4.38	756.0
4.41	756.0
5.25	1928.0
4.71	1009.0
4.38	732.0
4.78	617.0
6.22	4919.0
4.39	1251.0
6.63	9870.0
4.34	758.0
6.79	5898.0
6.04	3847.0
5.65	3375.0
6.0	3966.0
4.56	663.0
4.94	1326.0
4.69	1290.0
6.35	10800.0
4.42	626.0
5.93	3837.0
5.65	3219.0
5.35	2047.0
6.32	4295.0
6.93	9257.0
6.47	5927.0
5.75	2913.0
5.89	3250.0
6.51	4679.0
4.57	2287.0
5.13	2025.0
5.71	2887.0
5.46	2306.0
6.24	4704.0
5.89	3312.0
4.33	942.0
4.28	552.0
4.58	1094.0
5.21	1650.0
5.13	1787.0
5.67	2724.0
5.85	3509.0
6.44	5543.0
4.73	738.0
5.11	1619.0
4.4	1129.0
6.29	4588.0
5.67	2218.0
4.3	593.0
4.52	1033.0
4.92	1993.0
5.26	1659.0
5.03	1934.0
3.91	425.0
4.54	829.0
5.23	2065.0
7.99	17263.0
4.5	1033.0
6.32	11923.0
3.96	386.0
4.78	1015.0
5.12	1807.0
4.45	805.0
4.72	1206.0
5.31	1867.0
4.36	589.0
5.85	3308.0
4.66	845.0
5.85	3619.0
6.88	10335.0
5.15	1810.0
6.41	6597.0
5.18	1832.0
4.38	815.0
5.91	2229.0
7.77	7862.0
5.8	3540.0
4.71	683.0
5.08	1574.0
4.37	758.0
4.35	732.0
4.74	772.0
4.58	851.0
6.22	3691.0
4.46	972.0
6.6	6981.0
4.78	876.0
5.85	3668.0
5.43	1808.0
5.29	1356.0
4.71	1096.0
6.71	7280.0
4.71	1376.0
6.03	3685.0
6.62	7500.0
6.45	5924.0
5.14	1857.0
5.87	2872.0
7.3	15600.0
5.07	2068.0
4.38	758.0
5.14	2718.0
6.3	3931.0
4.71	992.0
4.38	942.0
6.87	8312.0
4.47	940.0
4.16	548.0
4.32	710.0
4.25	911.0
6.56	7794.0
6.47	14498.0
5.21	2039.0
6.47	4904.0
4.8	876.0
7.45	11147.0
5.15	2454.0
7.49	12502.0
5.68	2867.0
5.34	2782.0
4.37	684.0
5.28	1929.0
7.41	12799.0
6.01	3787.0
6.12	3534.0
6.49	4543.0
5.23	2211.0
7.42	10433.0
4.62	633.0
4.65	1145.0
5.79	3501.0
4.73	1399.0
5.17	1956.0
5.56	2104.0
7.9	13867.0
4.46	612.0
5.81	2484.0
5.67	2612.0
4.67	1095.0
4.51	522.0
6.14	5897.0
4.52	914.0
5.22	1263.0
7.16	15802.0
5.26	1610.0
4.36	732.0
5.06	1588.0
7.48	17723.0
4.34	848.0
5.72	2859.0
5.09	1752.0
5.14	1600.0
6.11	5547.0
4.75	1019.0
4.92	1294.0
4.35	571.0
5.74	2828.0
6.47	3989.0
4.57	689.0
5.14	1429.0
4.43	972.0
5.15	1403.0
6.99	6126.0
6.42	7389.0
6.14	4086.0
4.45	575.0
4.58	619.0
5.27	2170.0
5.28	3139.0
4.49	756.0
6.59	5501.0
5.81	3351.0
5.21	1892.0
5.12	1605.0
6.37	8101.0
4.29	814.0
4.84	1235.0
4.77	1007.0
7.74	16286.0
4.61	846.0
4.9	1132.0
5.52	2318.0
5.73	3239.0
4.35	709.0
5.17	1158.0
5.25	1940.0
7.15	10967.0
6.46	8658.0
5.4	2001.0
5.0	1157.0
6.8	7093.0
4.74	666.0
5.2	958.0
3.99	492.0
5.75	1806.0
5.33	2043.0
6.13	4466.0
4.61	872.0
7.4	6934.0
4.42	631.0
4.51	829.0
4.78	1323.0
5.32	2617.0
5.95	2922.0
6.51	5929.0
6.0	4234.0
6.27	4729.0
5.33	4032.0
6.57	4640.0
5.66	2508.0
4.31	426.0
5.08	1272.0
5.76	3450.0
4.53	644.0
4.41	1140.0
4.75	818.0
3.92	530.0
4.28	710.0
5.21	1272.0
7.37	3780.0
6.61	9168.0
4.63	871.0
4.6	776.0
4.38	589.0
6.76	5243.0
6.99	5412.0
6.46	5914.0
4.38	942.0
5.34	2254.0
4.03	549.0
5.1	2639.0
5.05	1175.0
4.27	752.0
4.44	567.0
4.63	823.0
4.4	973.0
5.12	1264.0
5.62	2747.0
5.68	2726.0
4.38	756.0
6.14	3997.0
4.83	1311.0
4.79	910.0
5.65	3078.0
6.16	4521.0
6.57	11132.0
4.37	766.0
7.51	12707.0
7.02	11023.0
5.22	1892.0
5.84	4377.0
4.77	772.0
4.27	949.0
6.58	5198.0
4.54	918.0
5.1	1268.0
5.82	2822.0
6.8	4663.0
5.37	2061.0
6.53	5948.0
6.51	13588.0
5.68	2719.0
5.19	2225.0
5.67	3139.0
6.27	4381.0
5.9	2015.0
4.73	666.0
6.8	6046.0
6.18	4441.0
7.14	8550.0
4.63	1124.0
4.6	689.0
5.21	1868.0
7.78	13485.0
6.15	4304.0
4.87	1009.0
4.68	812.0
6.31	4441.0
4.15	622.0
4.7	772.0
4.63	727.0
7.39	12304.0
4.77	700.0
4.46	955.0
4.67	1140.0
5.23	1825.0
5.13	1687.0
4.52	2346.0
6.4	3585.0
4.38	1034.0
5.28	1955.0
6.72	9448.0
4.74	738.0
6.36	4816.0
5.69	2757.0
5.21	1941.0
5.89	3443.0
5.9	3309.0
5.7	2726.0
5.76	3099.0
4.42	972.0
6.91	5504.0
5.83	2633.0
5.44	2096.0
4.63	852.0
5.19	1720.0
4.76	818.0
5.27	2866.0
6.57	4682.0
4.27	736.0
4.57	835.0
4.51	1272.0
4.21	447.0
6.67	6209.0
4.03	410.0
4.32	911.0
5.19	1074.0
6.33	5812.0
6.12	4981.0
4.81	1584.0
5.31	2091.0
7.41	15252.0
5.3	1399.0
4.77	890.0
6.76	4215.0
5.29	1847.0
6.3	7717.0
6.86	9317.0
7.44	9959.0
4.36	565.0
6.42	6664.0
4.49	1211.0
4.77	838.0
4.71	683.0
4.37	571.0
5.41	3397.0
4.85	1235.0
4.72	1200.0
6.18	4514.0
6.54	4543.0
5.6	2910.0
5.66	2757.0
4.73	779.0
4.27	911.0
4.37	756.0
4.72	890.0
7.28	11863.0
4.03	640.0
5.69	3570.0
6.4	4472.0
6.79	11053.0
4.38	462.0
6.88	6740.0
6.59	12390.0
4.15	603.0
5.91	3428.0
6.39	15219.0
6.44	16469.0
5.26	2612.0
4.5	1002.0
5.16	1623.0
6.42	6563.0
6.13	3740.0
5.17	1809.0
5.24	4216.0
5.26	1913.0
6.24	4628.0
4.32	710.0
6.82	4957.0
4.5	1211.0
6.02	5029.0
5.3	1924.0
4.73	950.0
6.48	5775.0
6.69	9681.0
5.17	1720.0
5.05	1238.0
4.48	522.0
5.74	2167.0
6.16	4637.0
6.55	2869.0
6.85	5947.0
6.14	4693.0
4.74	1915.0
7.64	15238.0
4.33	734.0
5.23	1956.0
6.21	4065.0
6.09	3205.0
5.28	1846.0
4.49	631.0
4.63	874.0
4.73	1076.0
6.06	4068.0
5.63	1806.0
6.66	5166.0
7.1	11212.0
5.75	3262.0
4.46	781.0
6.49	6999.0
4.75	726.0
4.66	733.0
4.35	732.0
5.34	3741.0
6.09	3806.0
5.77	3135.0
4.78	1076.0
4.34	942.0
5.73	3161.0
5.15	1359.0
4.34	840.0
4.36	777.0
5.07	1415.0
7.01	8624.0
7.56	11737.0
4.35	533.0
6.44	5701.0
4.7	958.0
5.26	1814.0
4.68	599.0
4.59	1233.0
5.07	1646.0
5.8	1758.0
5.9	2977.0
5.74	2833.0
4.37	840.0
5.77	3722.0
6.26	3312.0
6.83	4211.0
4.5	625.0
6.44	6827.0
4.35	709.0
5.47	3758.0
5.15	1882.0
4.31	589.0
6.89	5406.0
7.17	14368.0
4.68	1170.0
6.68	6539.0
4.34	441.0
6.62	7587.0
6.0	2086.0
5.62	2364.0
7.27	12069.0
4.39	758.0
6.09	4523.0
6.38	5488.0
0.0	15686.0
5.6	2243.0
5.53	4320.0
5.19	2021.0
5.17	1919.0
5.18	1687.0
6.46	5286.0
4.51	805.0
4.29	710.0
4.4	1015.0
6.34	5246.0
5.97	4135.0
5.31	1720.0
4.98	1358.0
4.47	829.0
5.21	1783.0
5.76	3412.0
4.29	710.0
5.88	1858.0
5.71	3210.0
4.86	716.0
4.39	734.0
5.07	1237.0
6.61	6056.0
5.72	4029.0
5.67	4244.0
5.74	2808.0
4.25	670.0
5.15	1822.0
6.11	4693.0
6.01	3347.0
6.46	7602.0
5.63	4275.0
4.35	593.0
6.52	5880.0
4.6	871.0
4.24	710.0
6.4	5548.0
5.07	1668.0
8.29	18371.0
4.39	828.0
6.42	5599.0
7.03	17932.0
4.4	804.0
7.7	7702.0
5.35	1419.0
6.42	4260.0
6.62	3909.0
4.6	663.0
5.61	2686.0
4.26	709.0
4.37	942.0
6.52	4626.0
4.63	1200.0
5.13	1332.0
4.41	758.0
5.07	2174.0
4.46	1133.0
4.81	1132.0
4.65	851.0
6.37	4341.0
5.87	2708.0
6.73	3816.0
5.23	2302.0
5.96	2974.0
5.48	1777.0
4.77	1050.0
4.5	1033.0
4.44	955.0
6.46	5013.0
4.42	756.0
6.04	3755.0
7.61	15100.0
4.73	990.0
6.02	4439.0
4.35	462.0
4.34	709.0
6.51	5836.0
4.64	874.0
4.27	670.0
4.42	997.0
7.44	11489.0
5.12	1845.0
4.63	1400.0
5.67	3410.0
4.7	791.0
5.71	3360.0
4.79	774.0
5.67	2862.0
4.78	774.0
4.77	1356.0
4.36	877.0
5.78	2782.0
6.57	5394.0
4.33	574.0
4.37	705.0
4.35	734.0
6.55	6055.0
6.83	5922.0
7.04	7453.0
4.36	734.0
5.67	2755.0
7.37	8631.0
6.52	5076.0
6.66	4338.0
6.54	5767.0
5.8	2863.0
4.79	1040.0
4.5	1033.0
4.77	1076.0
4.41	593.0
7.91	17094.0
5.7	2487.0
4.36	477.0
4.37	732.0
6.16	4304.0
4.9	838.0
6.24	3943.0
5.17	1868.0
6.24	4007.0
7.37	11595.0
5.59	2872.0
4.82	849.0
4.27	742.0
7.4	13445.0
5.07	1804.0
5.81	1730.0
7.51	10308.0
4.54	763.0
6.61	5799.0
7.32	11863.0
4.39	608.0
6.68	6063.0
4.42	715.0
3.95	475.0
4.26	574.0
5.75	2596.0
6.23	4051.0
4.39	683.0
4.24	502.0
4.22	710.0
7.57	12342.0
5.42	1568.0
7.31	14698.0
6.2	5779.0
5.88	2670.0
4.77	1007.0
6.34	4318.0
4.32	1094.0
5.63	4362.0
7.32	15821.0
4.04	472.0
4.37	910.0
4.71	666.0
6.35	4719.0
6.14	3848.0
6.24	4304.0
5.32	1694.0
5.09	925.0
5.72	2519.0
6.68	5376.0
4.94	1659.0
4.71	1007.0
5.53	2659.0
5.85	2291.0
6.83	7213.0
4.79	1238.0
5.4	1356.0
5.6	2264.0
7.31	7384.0
6.17	4612.0
8.17	12707.0
7.62	17773.0
4.32	479.0
4.38	758.0
4.48	1114.0
5.26	1723.0
4.33	477.0
4.32	636.0
4.4	781.0
4.7	827.0
5.79	2516.0
5.75	2618.0
6.39	10732.0
5.74	2858.0
5.73	2743.0
4.15	586.0
5.3	2224.0
5.85	2706.0
5.21	1662.0
5.18	1383.0
4.39	684.0
6.54	8481.0
5.82	2723.0
6.16	3463.0
6.86	5643.0
6.83	3883.0
4.8	990.0
5.24	1828.0
4.27	571.0
4.66	820.0
6.79	4050.0
5.84	3145.0
6.56	4260.0
5.77	2729.0
4.67	720.0
4.35	552.0
5.74	4082.0
5.12	1574.0
5.24	1692.0
4.03	554.0
6.19	4351.0
4.81	1197.0
4.66	727.0
4.45	742.0
5.88	4656.0
5.15	1764.0
5.27	2612.0
5.24	1993.0
7.5	12823.0
4.81	1323.0
7.4	17659.0
5.92	3618.0
6.96	8114.0
4.29	710.0
4.43	781.0
6.53	7508.0
4.67	1117.0
4.82	1356.0
4.63	689.0
5.53	2125.0
6.65	7145.0
4.64	1067.0
4.75	876.0
4.38	593.0
4.68	666.0
4.78	700.0
6.44	5551.0
4.34	552.0
5.94	3135.0
6.3	5544.0
4.31	942.0
4.38	816.0
4.3	1041.0
4.8	850.0
8.09	16872.0
4.77	791.0
6.32	5443.0
4.71	982.0
6.47	4679.0
5.07	1716.0
5.25	1662.0
4.44	856.0
4.48	803.0
4.7	791.0
4.46	893.0
6.9	8256.0
4.34	732.0
6.62	5138.0
4.94	1336.0
4.28	524.0
6.14	7889.0
5.4	1646.0
6.59	4560.0
4.41	942.0
4.44	589.0
6.48	6157.0
5.68	2416.0
5.72	2872.0
5.3	1763.0
4.49	501.0
4.65	874.0
5.12	3446.0
5.29	1819.0
5.7	2693.0
4.36	942.0
4.56	794.0
5.21	1845.0
4.45	805.0
5.71	3217.0
4.36	828.0
4.81	716.0
3.87	449.0
6.33	4348.0
4.75	1105.0
5.81	3152.0
4.68	851.0
5.27	1692.0
4.77	1413.0
4.82	1326.0
5.18	1654.0
6.56	11480.0
5.89	3046.0
4.33	734.0
4.31	462.0
4.81	1066.0
4.7	924.0
5.75	2382.0
4.5	612.0
5.21	1444.0
7.44	9789.0
6.81	16130.0
4.22	552.0
6.51	5249.0
6.33	3573.0
6.36	13312.0
6.08	4315.0
5.31	1625.0
4.31	552.0
5.28	2334.0
6.32	3004.0
6.44	11767.0
4.83	830.0
4.33	574.0
5.69	2368.0
6.32	4558.0
5.74	2610.0
6.45	5234.0
4.41	942.0
4.35	462.0
4.3	710.0
5.8	2703.0
5.23	1359.0
7.98	18120.0
5.19	1813.0
5.1	1332.0
4.52	838.0
7.37	9389.0
5.7	3622.0
4.31	574.0
5.1	1601.0
4.47	1050.0
6.2	4704.0
5.18	1215.0
5.08	1845.0
4.94	1436.0
5.04	1436.0
3.94	530.0
4.68	738.0
6.55	18231.0
5.36	2122.0
4.65	851.0
5.24	1786.0
6.28	5654.0
7.24	9450.0
6.11	3839.0
6.28	3932.0
4.83	771.0
5.24	2146.0
4.78	1105.0
5.56	3033.0
5.94	4619.0
6.12	3534.0
5.69	2804.0
6.23	4561.0
4.38	972.0
5.55	2525.0
6.86	5947.0
5.09	1845.0
5.23	1956.0
5.17	1687.0
6.13	4291.0
5.85	3736.0
6.3	4993.0
5.82	3643.0
5.19	1593.0
4.79	796.0
6.1	3997.0
5.78	2563.0
4.46	855.0
5.12	1562.0
4.82	1132.0
4.82	1582.0
4.53	803.0
4.6	1764.0
6.72	12314.0
4.29	911.0
5.47	1949.0
6.7	5913.0
6.23	5642.0
4.79	1185.0
5.6	2318.0
6.81	6289.0
4.64	876.0
4.26	718.0
4.23	642.0
7.04	7305.0
4.4	574.0
5.25	1190.0
6.7	7751.0
5.52	1964.0
4.66	850.0
4.41	589.0
4.33	612.0
4.29	552.0
5.11	1787.0
6.13	3997.0
5.71	3321.0
4.54	1063.0
4.65	1092.0
5.19	1651.0
5.23	1956.0
6.48	4543.0
4.48	829.0
4.8	1132.0
4.74	855.0
4.81	1200.0
6.71	4322.0
6.9	6805.0
5.29	1955.0
5.1	1239.0
5.16	1877.0
6.36	5694.0
4.78	1179.0
4.39	803.0
4.58	1330.0
4.37	758.0
5.78	2995.0
4.44	713.0
5.79	4372.0
7.23	9895.0
4.7	1007.0
6.69	9901.0
6.01	3159.0
4.89	901.0
6.56	4626.0
5.77	2833.0
7.55	10646.0
5.36	2323.0
6.78	9424.0
6.25	3889.0
5.24	1745.0
4.33	593.0
4.35	911.0
5.62	3054.0
5.66	2860.0
4.47	1077.0
4.32	710.0
4.72	656.0
4.36	732.0
4.59	876.0
4.75	683.0
4.38	942.0
6.13	4181.0
4.34	734.0
5.25	2426.0
5.08	1610.0
3.96	402.0
4.8	1125.0
6.25	5055.0
4.68	895.0
5.85	3306.0
6.43	10967.0
5.52	2440.0
5.26	2054.0
5.03	1845.0
4.37	734.0
4.83	898.0
4.42	631.0
5.69	1987.0
4.79	1326.0
4.77	952.0
4.31	571.0
5.92	3428.0
4.47	756.0
4.32	571.0
6.18	3740.0
4.23	827.0
6.12	3798.0
4.2	625.0
6.35	9740.0
4.79	810.0
5.16	1986.0
4.3	709.0
5.9	3557.0
6.43	11015.0
5.94	4284.0
6.68	6129.0
6.53	5331.0
5.37	2200.0
6.35	5497.0
5.19	1600.0
4.86	883.0
5.84	2858.0
6.6	8286.0
4.67	967.0
5.34	1918.0
5.69	4222.0
5.15	1845.0
4.39	756.0
6.68	7149.0
4.46	942.0
6.32	4505.0
4.41	608.0
6.54	3605.0
5.32	1963.0
4.28	571.0
6.73	5805.0
6.45	4672.0
5.24	1892.0
5.8	2354.0
6.69	6942.0
6.44	12996.0
4.45	626.0
5.23	2340.0
6.61	5456.0
6.67	3780.0
5.07	1795.0
4.26	521.0
6.46	7487.0
5.82	2999.0
5.42	1572.0
5.73	2384.0
4.83	993.0
6.6	3839.0
4.39	1008.0
6.48	8658.0
4.41	972.0
6.9	6779.0
4.82	1388.0
4.32	571.0
5.07	1882.0
4.69	1270.0
4.42	626.0
4.39	1067.0
6.02	2885.0
6.77	5650.0
5.27	1415.0
5.18	1605.0
6.36	7114.0
4.79	850.0
5.07	1239.0
5.78	2903.0
5.4	1877.0
4.44	706.0
7.98	15540.0
5.73	2822.0
4.72	982.0
5.13	1828.0
5.09	1569.0
4.26	552.0
6.09	3669.0
5.4	1896.0
6.42	3769.0
6.11	4523.0
6.14	7393.0
4.32	734.0
4.8	1040.0
4.33	571.0
6.76	5911.0
5.18	1738.0
4.47	601.0
6.37	4751.0
5.14	1279.0
6.62	11233.0
5.71	3419.0
4.49	792.0
4.27	571.0
5.24	1706.0
6.16	3568.0
6.32	6020.0
4.57	851.0
8.19	15334.0
5.15	1385.0
7.54	8858.0
6.32	4466.0
5.57	3103.0
4.45	787.0
4.47	413.0
4.38	758.0
6.64	5044.0
4.74	735.0
4.36	713.0
4.55	827.0
5.57	2352.0
4.31	709.0
4.96	2250.0
4.77	1050.0
5.79	4082.0
5.32	1442.0
6.61	7863.0
4.42	756.0
5.14	2718.0
4.69	651.0
7.35	8631.0
5.68	2827.0
4.82	1210.0
5.2	1123.0
6.39	5206.0
5.6	2106.0
4.45	839.0
4.4	973.0
6.34	4977.0
7.32	14675.0
5.76	2921.0
6.7	11477.0
6.57	6868.0
5.25	2302.0
6.82	7928.0
5.26	1753.0
4.32	710.0
5.19	1380.0
7.3	11442.0
6.31	3936.0
3.91	402.0
4.54	644.0
4.34	857.0
4.08	668.0
5.85	3239.0
6.51	4817.0
5.77	2423.0
6.47	5653.0
5.37	2192.0
5.17	2505.0
6.44	5775.0
4.75	954.0
6.54	3890.0
6.27	4468.0
5.36	2959.0
4.35	804.0
5.91	3597.0
6.28	6912.0
4.49	1002.0
4.46	805.0
4.32	447.0
5.84	4223.0
5.75	2435.0
5.69	3153.0
6.3	4909.0
5.73	3131.0
4.44	608.0
5.77	2691.0
5.42	1338.0
5.2	1569.0
6.13	5757.0
6.4	4588.0
4.71	868.0
5.33	1963.0
5.39	2037.0
6.29	8339.0
6.29	6447.0
5.67	2551.0
4.44	666.0
4.95	1980.0
5.24	1995.0
4.32	732.0
5.82	2863.0
5.51	2339.0
6.39	3780.0
5.36	2066.0
5.85	3401.0
4.34	1000.0
5.78	2551.0
4.78	1105.0
6.35	4418.0
6.27	4821.0
4.58	626.0
5.18	1882.0
6.0	3294.0
6.48	7541.0
5.76	4095.0
6.37	6776.0
5.04	1947.0
4.74	1080.0
6.32	3634.0
5.67	3033.0
6.33	6189.0
4.54	829.0
5.34	1814.0
4.15	620.0
4.63	803.0
7.44	11103.0
4.41	1014.0
4.5	1002.0
6.11	7150.0
5.93	3816.0
4.58	852.0
4.13	452.0
4.03	548.0
4.72	909.0
7.06	4946.0
7.42	12392.0
4.56	1109.0
5.51	1770.0
4.87	1264.0
4.93	963.0
5.91	3462.0
4.4	644.0
4.29	536.0
5.25	1919.0
4.8	1050.0
5.67	2575.0
4.29	709.0
5.08	1845.0
4.33	571.0
5.63	3229.0
4.55	1063.0
4.74	683.0
5.5	1967.0
6.2	3798.0
4.48	727.0
5.49	2243.0
5.68	2553.0
4.76	982.0
5.81	3020.0
5.39	2175.0
5.61	2745.0
4.43	1044.0
5.27	1662.0
5.49	2211.0
4.53	829.0
6.63	7824.0
6.3	3742.0
4.33	710.0
5.81	2810.0
5.08	1436.0
6.02	3984.0
5.15	1845.0
5.2	1605.0
5.79	3461.0
4.34	533.0
4.41	558.0
8.08	16425.0
4.8	722.0
4.83	700.0
4.34	758.0
5.68	3375.0
4.34	914.0
4.8	1230.0
6.08	3556.0
6.04	3357.0
4.35	911.0
4.84	993.0
4.34	911.0
5.82	3176.0
5.28	2066.0
4.7	881.0
4.71	1018.0
6.13	3357.0
5.15	1619.0
6.1	3990.0
4.54	781.0
6.14	5001.0
4.79	1547.0
5.19	2203.0
6.12	4178.0
5.96	3266.0
7.23	8517.0
6.42	4916.0
6.96	7799.0
5.25	1925.0
5.29	1928.0
5.08	1716.0
5.11	1752.0
6.32	6066.0
6.2	3798.0
4.77	1018.0
5.08	1845.0
6.45	4626.0
5.28	1865.0
5.18	1720.0
4.67	666.0
6.42	5998.0
4.74	1059.0
4.36	1067.0
5.7	3239.0
6.36	6115.0
4.5	584.0
4.38	477.0
4.34	732.0
5.81	2655.0
5.97	2994.0
5.15	1822.0
5.76	2519.0
5.78	2956.0
4.45	879.0
5.74	4325.0
4.46	1002.0
4.32	636.0
6.52	8181.0
5.26	1831.0
5.73	2564.0
4.41	972.0
4.44	1002.0
6.25	4429.0
4.39	752.0
4.73	982.0
5.36	1597.0
5.29	1755.0
5.22	1555.0
6.37	5390.0
5.65	3448.0
5.79	2947.0
4.34	662.0
4.69	1056.0
8.4	17127.0
4.2	487.0
5.79	2863.0
3.98	373.0
4.45	972.0
8.06	16776.0
4.43	756.0
4.85	1207.0
6.39	5598.0
5.72	1909.0
4.44	972.0
6.58	5386.0
5.98	2923.0
4.37	732.0
6.72	9934.0
6.77	5168.0
6.66	10752.0
5.16	1787.0
5.09	1937.0
5.68	2548.0
5.25	1786.0
4.51	619.0
4.37	734.0
4.61	1718.0
6.37	5775.0
5.17	1385.0
4.41	1067.0
5.86	3161.0
5.03	3017.0
4.88	993.0
4.73	855.0
4.52	730.0
5.84	3428.0
5.88	3007.0
6.1	4819.0
6.19	4381.0
4.43	631.0
6.35	3959.0
6.0	3160.0
6.34	5832.0
6.43	16087.0
7.05	6319.0
4.36	942.0
6.59	5055.0
6.29	3894.0
7.12	6303.0
4.37	816.0
5.07	1845.0
4.45	736.0
5.92	3253.0
6.99	5065.0
5.7	3016.0
6.74	6174.0
5.15	1602.0
4.59	876.0
4.61	663.0
4.69	941.0
6.13	4693.0
5.4	1419.0
5.1	1436.0
5.46	1352.0
5.64	3670.0
5.78	2964.0
5.15	2362.0
4.56	1063.0
5.19	2056.0
5.89	3112.0
5.36	1342.0
4.65	1212.0
6.38	9918.0
5.74	3136.0
4.6	928.0
5.04	1635.0
6.18	4168.0
7.02	7785.0
4.36	732.0
4.59	851.0
3.89	492.0
5.12	1600.0
5.35	1810.0
5.65	3096.0
6.87	13653.0
4.02	548.0
8.25	16404.0
5.3	1412.0
5.63	2872.0
6.12	4751.0
7.59	11284.0
5.61	3033.0
4.74	873.0
4.38	911.0
5.9	2853.0
6.34	3965.0
4.77	939.0
5.15	3373.0
5.2	1857.0
5.72	3502.0
7.37	15240.0
4.89	898.0
5.15	1740.0
4.33	621.0
5.45	2263.0
4.3	761.0
6.91	9720.0
6.53	8513.0
5.29	1723.0
6.75	7153.0
5.16	1600.0
4.31	732.0
5.81	3615.0
5.72	3716.0
5.12	1787.0
4.75	690.0
4.69	666.0
4.79	1015.0
6.39	4805.0
6.26	4538.0
5.04	1337.0
6.37	6066.0
4.79	756.0
4.77	744.0
5.8	3179.0
5.13	1774.0
6.52	4811.0
4.31	734.0
5.45	2147.0
4.53	1167.0
4.82	1621.0
5.16	1687.0
5.9	4336.0
4.66	1232.0
4.29	911.0
5.83	2757.0
4.41	715.0
5.77	3673.0
4.48	1211.0
7.48	13714.0
4.6	852.0
4.42	756.0
7.03	9738.0
8.09	17674.0
5.25	3194.0
3.94	533.0
5.17	1720.0
6.34	7448.0
4.42	1248.0
4.52	827.0
5.3	1819.0
4.35	666.0
7.4	14295.0
4.66	1038.0
3.9	357.0
5.79	5423.0
6.53	3214.0
4.36	732.0
6.64	5267.0
4.35	911.0
5.12	1654.0
4.28	709.0
6.12	3962.0
4.33	814.0
4.37	734.0
4.52	1062.0
6.21	7672.0
5.15	1787.0
7.0	7002.0
5.4	1906.0
4.03	688.0
5.8	2855.0
4.58	1131.0
6.66	5915.0
4.63	644.0
5.19	1547.0
7.58	11844.0
5.09	1787.0
5.31	1202.0
5.69	3425.0
4.31	814.0
6.69	10443.0
4.73	855.0
4.34	670.0
4.36	758.0
6.14	4586.0
4.37	447.0
5.26	1399.0
5.61	2247.0
5.48	1687.0
5.76	3601.0
5.26	1892.0
4.72	924.0
4.31	734.0
5.13	1893.0
7.36	15922.0
4.89	844.0
5.97	4781.0
6.34	7575.0
6.49	6426.0
4.93	1388.0
5.79	3961.0
7.4	8737.0
7.27	6443.0
5.14	1882.0
5.36	1793.0
5.73	3222.0
6.39	4427.0
5.18	1716.0
6.88	16253.0
4.65	1257.0
4.35	942.0
4.39	834.0
5.57	2681.0
6.54	5939.0
4.3	571.0
4.38	462.0
4.26	447.0
6.14	5476.0
5.98	3945.0
4.8	1031.0
4.39	913.0
6.66	8999.0
7.48	8975.0
4.72	1105.0
4.7	1400.0
4.39	758.0
5.86	4350.0
6.23	5081.0
4.39	758.0
5.92	2167.0
5.36	2026.0
5.11	1063.0
4.76	1024.0
5.23	1701.0
4.54	669.0
5.32	1012.0
5.08	1610.0
6.49	10130.0
5.46	1879.0
4.29	754.0
5.13	1962.0
5.19	1882.0
5.74	2656.0
5.32	1388.0
5.14	1646.0
5.95	2369.0
4.5	742.0
4.31	462.0
5.11	1654.0
4.6	1005.0
6.13	2430.0
6.16	6652.0
6.66	5648.0
4.37	1034.0
4.31	911.0
6.43	10580.0
4.64	1145.0
5.08	2310.0
6.66	5198.0
5.72	5539.0
5.12	1433.0
7.08	11409.0
4.35	1034.0
6.36	3419.0
5.32	1743.0
6.08	4189.0
5.11	1734.0
6.85	10161.0
4.36	942.0
6.48	8341.0
6.43	10761.0
6.12	4796.0
5.92	2770.0
6.37	9487.0
6.72	4346.0
4.43	841.0
6.52	5105.0
5.09	1787.0
5.1	1264.0
4.33	462.0
5.96	3328.0
4.4	804.0
7.76	12063.0
4.09	452.0
4.53	1033.0
4.33	814.0
4.57	852.0
4.29	911.0
5.18	1249.0
4.57	1063.0
7.25	10362.0
4.98	2460.0
5.99	4327.0
4.35	911.0
4.53	829.0
5.09	1614.0
4.55	1247.0
4.63	1069.0
5.69	2998.0
6.02	3593.0
4.37	571.0
4.77	1151.0
4.87	1064.0
6.74	13968.0
5.24	1753.0
4.63	702.0
5.85	3203.0
6.4	7643.0
5.36	2066.0
4.73	855.0
4.74	635.0
6.25	4128.0
5.75	3406.0
4.5	626.0
6.55	11335.0
5.69	3737.0
5.31	2030.0
6.2	6689.0
4.54	644.0
6.44	10927.0
4.87	1011.0
5.73	2782.0
6.28	3634.0
5.06	1452.0
4.5	481.0
4.34	593.0
4.48	687.0
7.51	14426.0
4.32	683.0
5.4	2590.0
7.04	5504.0
4.6	707.0
5.72	2596.0
4.43	732.0
4.62	1232.0
4.78	1007.0
5.75	2883.0
4.13	622.0
6.66	17042.0
6.46	4764.0
6.02	3763.0
7.45	9781.0
5.75	2954.0
5.79	3487.0
4.59	874.0
5.21	1272.0
4.49	805.0
5.3	1667.0
4.52	522.0
6.01	3660.0
5.42	1752.0
7.35	17223.0
4.68	982.0
6.62	5762.0
4.29	447.0
6.68	6962.0
4.5	1257.0
4.3	552.0
5.17	1752.0
6.91	6965.0
5.74	2567.0
4.83	774.0
6.28	5096.0
4.45	1140.0
4.79	1076.0
5.67	3222.0
4.32	710.0
4.33	524.0
4.47	1066.0
6.37	10562.0
3.94	530.0
4.88	1129.0
6.32	8943.0
6.51	4260.0
7.21	8419.0
5.05	958.0
4.43	972.0
6.14	5597.0
5.1	2220.0
6.38	5645.0
6.42	4478.0
6.53	5918.0
4.65	633.0
6.61	6532.0
7.15	6443.0
5.18	1631.0
4.53	596.0
5.96	3195.0
4.33	571.0
6.67	18279.0
4.66	1289.0
5.75	4363.0
3.73	367.0
7.6	14354.0
4.28	524.0
5.91	2006.0
4.46	781.0
4.55	773.0
5.27	1723.0
4.38	589.0
4.56	941.0
5.13	1712.0
4.34	550.0
6.24	5028.0
6.27	4724.0
5.19	1956.0
6.2	4214.0
4.41	781.0
7.38	17441.0
4.15	799.0
5.32	1720.0
4.63	851.0
5.74	4029.0
6.6	15671.0
4.48	1033.0
6.49	5422.0
6.84	5551.0
4.33	361.0
5.52	1779.0
6.43	5543.0
6.99	5283.0
4.53	998.0
5.77	3322.0
6.59	5747.0
4.71	949.0
5.06	1610.0
4.84	993.0
5.64	3049.0
4.77	1018.0
6.61	7683.0
4.33	911.0
5.28	1948.0
4.77	1582.0
5.1	1959.0
5.49	1904.0
7.22	6140.0
4.86	1350.0
5.12	1882.0
4.88	919.0
5.44	1996.0
6.63	6352.0
7.37	12206.0
5.03	1752.0
6.47	7697.0
6.43	4338.0
5.37	1816.0
5.87	3864.0
5.24	1258.0
4.83	810.0
4.81	1040.0
5.08	1190.0
6.39	5489.0
5.15	1574.0
5.85	2904.0
6.61	5320.0
5.08	1376.0
4.48	803.0
5.24	2170.0
4.16	586.0
4.38	942.0
6.28	3989.0
4.31	662.0
5.11	2272.0
7.47	9565.0
4.26	447.0
4.15	799.0
6.34	3862.0
6.4	4338.0
4.7	942.0
6.96	8597.0
4.84	1235.0
4.93	1232.0
4.62	681.0
4.34	589.0
6.22	4165.0
6.68	4877.0
6.37	5546.0
4.8	1152.0
4.23	710.0
5.71	3219.0
5.14	1332.0
4.29	709.0
4.69	1095.0
6.16	4946.0
5.67	2683.0
4.8	1015.0
4.3	704.0
5.76	4547.0
4.66	851.0
4.3	710.0
5.33	2459.0
5.8	2312.0
4.77	744.0
5.46	2207.0
5.23	2815.0
4.83	862.0
5.09	1664.0
4.78	683.0
5.69	2936.0
4.82	919.0
6.37	5174.0
6.62	5186.0
5.41	4916.0
5.15	1636.0
4.27	709.0
6.65	4906.0
4.76	1295.0
4.47	685.0
6.16	2518.0
4.45	714.0
6.42	6830.0
5.78	2628.0
4.38	942.0
6.13	2674.0
4.33	732.0
6.26	15081.0
6.36	3335.0
4.54	794.0
4.51	650.0
4.05	485.0
6.7	5177.0
4.23	642.0
4.93	1234.0
6.68	5186.0
4.33	911.0
6.27	4130.0
6.11	4579.0
8.15	18468.0
6.46	8612.0
4.28	710.0
4.75	855.0
5.13	1689.0
5.23	1786.0
6.61	7751.0
4.25	710.0
6.38	4963.0
6.01	3353.0
6.53	8893.0
4.38	972.0
4.5	626.0
5.17	1919.0
5.2	1292.0
4.31	462.0
6.66	5104.0
5.14	1882.0
6.14	4382.0
3.86	485.0
6.38	6909.0
4.35	589.0
6.26	6513.0
5.8	2987.0
5.04	1708.0
5.06	1423.0
6.43	4727.0
4.97	1388.0
5.21	3307.0
6.04	4078.0
6.47	3838.0
5.21	2217.0
6.67	13405.0
4.25	710.0
4.27	911.0
5.94	3082.0
4.69	1066.0
4.25	552.0
4.29	710.0
6.38	7785.0
4.3	571.0
6.14	5628.0
4.72	1050.0
4.22	710.0
5.19	1882.0
4.21	825.0
5.79	2740.0
5.78	2770.0
6.15	4304.0
4.32	814.0
6.36	12581.0
4.32	734.0
5.71	2872.0
4.27	645.0
6.4	8333.0
5.27	1437.0
5.75	2822.0
4.34	589.0
6.07	3689.0
4.35	550.0
6.53	4545.0
6.24	6389.0
5.99	3105.0
4.31	734.0
4.57	803.0
6.51	5804.0
5.15	1569.0
6.59	3671.0
5.17	1707.0
4.6	1173.0
4.37	790.0
6.11	4381.0
7.23	13799.0
4.8	1015.0
4.37	942.0
4.52	827.0
6.18	4239.0
4.32	734.0
4.53	522.0
6.41	4690.0
4.8	1621.0
4.79	810.0
7.24	14205.0
4.8	774.0
7.39	9030.0
4.28	662.0
5.69	2874.0
3.95	530.0
5.67	2726.0
4.33	696.0
5.3	1963.0
4.3	732.0
4.81	1149.0
7.32	14680.0
5.79	2589.0
4.4	758.0
5.3	1786.0
4.77	1665.0
5.74	2848.0
4.7	666.0
6.74	6241.0
4.3	601.0
4.51	967.0
4.66	1290.0
5.71	2299.0
4.42	972.0
6.66	6138.0
5.07	1758.0
4.77	810.0
4.61	1094.0
6.4	5235.0
4.62	1067.0
4.37	589.0
4.73	798.0
4.55	681.0
4.34	911.0
5.91	2604.0
4.46	803.0
5.12	1385.0
5.12	1812.0
6.38	3634.0
6.36	7539.0
4.39	988.0
5.36	1777.0
6.0	4209.0
5.84	3517.0
4.32	508.0
4.65	983.0
6.31	4520.0
4.63	1124.0
4.53	829.0
6.49	5006.0
4.73	891.0
5.18	1595.0
4.29	710.0
5.28	2066.0
4.84	1040.0
5.66	3092.0
5.45	1976.0
6.14	4381.0
4.35	709.0
4.4	612.0
4.59	2346.0
6.64	6002.0
4.78	855.0
5.16	1892.0
5.66	3622.0
5.23	2387.0
4.45	492.0
4.63	964.0
6.6	4177.0
5.04	1668.0
6.45	15231.0
4.54	644.0
6.53	5659.0
6.24	4575.0
5.32	1708.0
5.3	1342.0
5.39	2177.0
4.4	515.0
5.19	1631.0
5.65	2686.0
6.86	7486.0
6.96	17192.0
6.09	4381.0
6.74	4022.0
4.61	997.0
6.29	4639.0
5.79	2155.0
6.4	5271.0
6.23	5040.0
4.3	574.0
6.06	3226.0
5.74	2906.0
6.07	3153.0
6.05	5122.0
5.87	4183.0
5.71	3252.0
4.6	1063.0
5.42	1718.0
5.87	3800.0
4.38	848.0
4.78	1181.0
4.82	810.0
4.35	863.0
4.44	805.0
4.85	1621.0
4.88	1056.0
6.49	4764.0
4.38	942.0
5.02	1795.0
6.85	12848.0
6.43	6097.0
4.54	910.0
5.48	1927.0
5.26	1956.0
4.58	800.0
5.32	1963.0
4.38	671.0
5.21	1786.0
4.23	780.0
4.74	1007.0
7.56	12361.0
5.18	2004.0
5.75	2822.0
5.76	2841.0
6.28	3828.0
4.48	626.0
4.36	1069.0
4.43	1207.0
4.32	574.0
4.77	947.0
5.73	2575.0
4.32	709.0
4.23	689.0
4.67	825.0
6.7	7662.0
4.32	548.0
4.36	734.0
4.95	1553.0
4.38	758.0
5.79	2596.0
5.69	2757.0
5.77	4029.0
6.35	7422.0
6.36	5832.0
7.37	8311.0
5.59	2210.0
4.4	589.0
6.37	10113.0
5.25	1963.0
4.29	965.0
6.25	4459.0
4.7	1290.0
5.07	1654.0
5.81	3346.0
6.35	4760.0
4.36	657.0
4.61	827.0
4.69	924.0
5.23	1817.0
5.3	2366.0
6.55	4260.0
4.76	738.0
4.27	720.0
5.75	2757.0
4.38	530.0
6.23	4786.0
7.07	8930.0
4.39	492.0
4.4	816.0
4.8	795.0
4.66	933.0
4.49	978.0
4.58	1094.0
6.79	4972.0
4.45	522.0
5.37	2326.0
4.45	1002.0
6.64	6464.0
5.13	1882.0
5.25	1892.0
4.66	850.0
5.65	2436.0
4.72	889.0
4.85	716.0
5.08	1610.0
4.3	552.0
5.08	1569.0
4.29	533.0
4.23	552.0
4.34	661.0
6.51	9965.0
4.3	732.0
5.8	3668.0
6.76	6132.0
5.04	1635.0
5.81	2743.0
5.71	2536.0
5.12	1359.0
4.34	1041.0
4.46	631.0
5.6	1981.0
4.04	478.0
5.59	2022.0
4.37	942.0
4.12	580.0
7.69	16575.0
4.02	478.0
5.02	1415.0
6.38	7812.0
6.56	4912.0
5.06	1243.0
6.42	5939.0
4.33	736.0
4.92	927.0
6.36	4260.0
4.43	608.0
5.41	1449.0
6.18	2618.0
6.78	12150.0
7.43	9817.0
4.35	758.0
5.71	4380.0
6.37	4867.0
4.6	876.0
5.23	1956.0
4.75	733.0
5.81	2718.0
4.5	1002.0
4.35	732.0
4.74	653.0
5.87	3035.0
5.33	2066.0
6.15	2809.0
4.36	571.0
6.33	4564.0
4.89	1326.0
4.06	668.0
5.7	2539.0
4.36	734.0
5.12	1922.0
6.43	8077.0
4.49	1033.0
5.67	3092.0
6.1	4334.0
6.42	8279.0
5.1	1447.0
5.14	2426.0
6.51	6112.0
6.28	3262.0
6.27	5497.0
6.64	5280.0
5.05	1436.0
6.64	12788.0
4.27	462.0
4.79	1123.0
5.12	1845.0
6.7	5136.0
5.88	2655.0
7.32	13603.0
4.25	709.0
4.51	967.0
6.08	3013.0
5.26	4025.0
6.35	4620.0
4.74	1295.0
6.38	5880.0
6.72	5817.0
6.77	10115.0
4.82	1659.0
5.87	2865.0
6.1	4107.0
6.39	5702.0
6.33	6881.0
7.47	12648.0
5.28	2021.0
6.2	3205.0
4.75	1078.0
4.79	1179.0
4.3	462.0
4.54	626.0
6.34	5645.0
4.6	1095.0
5.46	2364.0
4.67	983.0
6.85	12375.0
5.04	1632.0
4.77	791.0
5.11	1787.0
7.54	16736.0
3.9	452.0
3.95	419.0
5.02	1589.0
6.81	9912.0
4.43	492.0
6.16	4712.0
5.97	2954.0
6.09	3933.0
4.76	1230.0
4.87	1235.0
4.77	756.0
4.32	732.0
3.83	478.0
5.42	1840.0
5.05	1752.0
5.41	2106.0
6.44	6158.0
4.46	728.0
4.74	910.0
4.33	852.0
4.7	924.0
6.58	6565.0
5.32	2061.0
5.28	1914.0
4.85	1223.0
4.35	734.0
5.68	2767.0
4.92	1294.0
3.96	357.0
6.68	7437.0
6.15	4704.0
4.67	1257.0
5.12	1623.0
7.48	15052.0
4.78	876.0
5.19	3284.0
5.08	1289.0
4.32	692.0
5.9	2973.0
5.34	1561.0
6.11	5757.0
5.3	1865.0
5.07	1180.0
5.79	3858.0
6.17	5147.0
4.39	1066.0
6.27	5717.0
4.68	622.0
4.44	626.0
5.11	1563.0
4.65	1013.0
5.05	1304.0
4.3	911.0
5.36	1814.0
5.26	1413.0
6.56	5797.0
5.68	3567.0
5.09	1690.0
4.62	1092.0
5.69	1838.0
5.31	3509.0
6.19	4419.0
6.24	4527.0
4.7	1200.0
6.39	4666.0
4.22	515.0
5.4	4172.0
5.65	3690.0
4.72	638.0
4.27	515.0
6.68	5829.0
5.42	2352.0
7.86	14561.0
4.31	593.0
5.04	1722.0
4.86	810.0
4.82	810.0
5.89	3952.0
5.53	2074.0
6.67	5329.0
4.46	612.0
5.1	1264.0
4.76	756.0
4.37	942.0
4.52	530.0
6.42	4946.0
4.82	1103.0
6.36	3744.0
4.44	1002.0
5.95	3818.0
6.54	11511.0
6.11	6113.0
4.62	874.0
4.37	732.0
6.47	4338.0
5.05	1635.0
5.74	2444.0
4.63	663.0
7.6	9199.0
6.12	4466.0
6.26	6444.0
5.9	2996.0
6.77	5015.0
5.19	1587.0
4.34	571.0
6.57	7032.0
6.31	4816.0
6.2	3812.0
7.14	11087.0
7.3	9234.0
4.28	552.0
6.32	5825.0
5.68	2900.0
5.72	2960.0
5.47	1910.0
7.16	5756.0
4.65	963.0
4.48	631.0
4.43	972.0
5.67	2612.0
7.73	12052.0
6.38	2291.0
4.38	612.0
5.8	3622.0
6.63	5952.0
5.1	1793.0
4.44	631.0
6.52	7679.0
4.42	781.0
5.88	2307.0
6.16	8979.0
4.37	593.0
5.14	1660.0
5.94	3209.0
4.3	734.0
4.46	972.0
5.29	1864.0
7.47	10487.0
6.66	3743.0
4.31	508.0
5.76	4134.0
4.79	1160.0
4.42	1140.0
6.62	6078.0
4.35	756.0
4.99	2460.0
5.08	1387.0
5.75	2575.0
4.32	547.0
6.37	4633.0
4.9	1075.0
5.54	2013.0
5.82	3625.0
6.48	5700.0
6.64	4948.0
4.84	1314.0
6.09	3425.0
4.43	781.0
5.26	1975.0
4.63	1096.0
5.14	1842.0
5.7	2088.0
5.29	2030.0
5.14	1758.0
6.13	4304.0
4.46	2287.0
5.21	1857.0
6.29	3689.0
6.29	4595.0
4.23	710.0
5.23	2542.0
6.59	5258.0
5.79	2525.0
4.77	798.0
7.63	10847.0
4.84	1082.0
4.62	1094.0
5.67	2827.0
6.34	5543.0
4.51	827.0
6.7	8038.0
4.8	1103.0
4.17	470.0
3.98	512.0
6.17	3871.0
7.07	4543.0
6.41	5426.0
5.19	1720.0
7.34	15887.0
4.38	741.0
4.71	1200.0
7.25	8868.0
4.33	462.0
3.94	485.0
7.31	10302.0
5.27	2321.0
6.86	12912.0
5.27	1894.0
4.94	1778.0
4.97	1238.0
6.39	4381.0
6.16	3284.0
5.08	2033.0
4.57	829.0
4.32	574.0
5.13	1787.0
5.1	1628.0
6.61	4758.0
6.34	5390.0
5.38	1847.0
4.75	1181.0
4.4	706.0
4.33	734.0
6.44	7679.0
6.73	4139.0
7.27	8518.0
5.35	4632.0
5.23	1376.0
4.39	997.0
4.58	1255.0
4.7	791.0
5.54	2851.0
4.61	853.0
5.45	2266.0
4.54	507.0
4.76	1015.0
5.09	1454.0
4.33	911.0
7.61	16889.0
5.66	3312.0
4.07	399.0
6.45	5987.0
5.32	1963.0
6.32	5051.0
4.63	1117.0
6.52	5147.0
4.07	388.0
4.54	777.0
7.24	13372.0
4.04	575.0
5.74	3440.0
5.77	2707.0
5.71	2909.0
5.18	1683.0
4.43	631.0
4.38	550.0
6.51	4724.0
4.39	454.0
5.25	1890.0
5.59	2641.0
6.64	8006.0
4.3	732.0
4.65	831.0
6.1	4381.0
6.87	7916.0
5.12	1844.0
5.95	3894.0
6.94	5689.0
4.39	972.0
5.75	3502.0
5.15	1569.0
6.15	3371.0
4.25	608.0
4.46	1006.0
5.3	1993.0
6.01	4087.0
4.74	792.0
6.18	4676.0
4.58	862.0
6.03	3473.0
4.79	716.0
4.46	1002.0
6.24	5795.0
4.51	1052.0
5.13	1873.0
5.11	1574.0
4.51	933.0
6.61	5226.0
6.39	7792.0
4.34	571.0
5.72	2504.0
6.13	4120.0
5.05	1752.0
5.7	2891.0
6.39	5443.0
7.35	7862.0
4.58	1063.0
5.4	1912.0
6.11	4289.0
5.67	2928.0
6.39	8192.0
4.72	947.0
4.48	1033.0
6.15	4304.0
4.78	990.0
6.42	8374.0
8.47	18028.0
5.15	1756.0
6.07	3135.0
6.29	4064.0
7.28	17111.0
5.25	2307.0
5.42	1410.0
6.75	16406.0
4.64	933.0
4.57	803.0
5.19	2004.0
4.25	710.0
5.24	1963.0
4.54	663.0
5.04	1243.0
6.46	4679.0
5.08	2677.0
6.09	4078.0
6.78	8693.0
5.06	1571.0
5.33	1814.0
5.61	2134.0
6.52	5491.0
5.47	2251.0
4.56	1063.0
5.77	2721.0
4.82	1022.0
4.3	462.0
5.23	1815.0
5.39	1978.0
6.55	4155.0
6.32	5775.0
4.73	855.0
4.35	877.0
5.82	2374.0
6.34	4140.0
4.56	1033.0
4.72	812.0
4.45	1064.0
5.39	1975.0
5.69	2719.0
4.68	1140.0
4.67	944.0
6.5	4909.0
5.22	1320.0
5.08	1779.0
5.33	1723.0
6.89	7924.0
5.14	1569.0
4.35	593.0
4.45	758.0
6.33	4753.0
5.89	3090.0
4.37	758.0
4.42	758.0
7.74	13363.0
4.38	477.0
6.63	12545.0
5.26	1990.0
4.44	1140.0
5.34	1684.0
6.43	4060.0
5.02	1270.0
4.52	829.0
5.27	1692.0
6.98	9275.0
6.9	7469.0
5.74	2573.0
4.51	829.0
4.69	798.0
5.69	3075.0
6.41	5198.0
6.39	5605.0
5.51	2562.0
4.73	1021.0
6.43	4044.0
4.86	919.0
5.18	1237.0
5.69	3093.0
6.24	3643.0
4.85	774.0
4.77	1007.0
5.91	6004.0
5.61	2372.0
4.61	1071.0
4.43	584.0
5.2	2010.0
5.71	2753.0
5.22	2472.0
5.06	1279.0
4.61	636.0
7.67	11138.0
5.15	1774.0
6.41	5656.0
4.57	626.0
4.69	666.0
5.78	2583.0
4.91	625.0
4.59	851.0
4.77	791.0
6.5	3675.0
6.76	6041.0
5.28	2251.0
5.75	3582.0
5.3	1593.0
4.38	683.0
4.51	1054.0
4.33	710.0
6.45	8008.0
5.42	2429.0
7.28	10546.0
5.74	2797.0
6.65	5966.0
6.19	5342.0
4.36	942.0
5.73	3085.0
6.55	17590.0
7.01	9548.0
6.43	3909.0
9.08	14749.0
5.31	1963.0
4.38	732.0
4.98	758.0
5.09	1758.0
4.59	1064.0
4.41	972.0
6.24	4561.0
6.03	4373.0
7.2	8108.0
6.44	6196.0
5.27	3517.0
6.15	4012.0
7.21	11442.0
4.73	707.0
4.66	786.0
6.01	3408.0
4.52	619.0
6.35	4661.0
4.05	388.0
6.46	10773.0
4.29	552.0
4.41	781.0
6.65	8341.0
5.2	1755.0
4.85	1207.0
5.01	1157.0
5.11	1848.0
4.28	911.0
4.35	593.0
6.55	4513.0
4.45	626.0
7.42	11942.0
6.62	5758.0
5.18	1659.0
7.35	12981.0
6.24	3812.0
4.72	622.0
5.76	4196.0
4.78	1582.0
4.33	709.0
5.57	4281.0
6.43	6340.0
4.45	854.0
6.33	4592.0
6.15	5656.0
4.82	858.0
5.46	1428.0
5.92	3352.0
5.45	3968.0
4.79	1040.0
4.52	829.0
5.44	1896.0
6.68	12989.0
4.31	670.0
5.14	1600.0
4.41	862.0
4.24	574.0
6.58	12016.0
5.76	2551.0
6.67	5562.0
6.98	7044.0
6.63	7954.0
7.29	14416.0
4.51	626.0
4.24	552.0
5.5	1814.0
6.25	3975.0
5.31	1723.0
6.34	4312.0
5.21	1178.0
4.6	1063.0
6.14	3473.0
5.22	1777.0
6.74	9581.0
5.24	1631.0
5.05	1232.0
4.43	631.0
5.17	1662.0
6.36	8138.0
5.75	5539.0
6.28	3579.0
4.59	801.0
4.33	571.0
6.37	6270.0
4.42	589.0
5.25	1786.0
5.95	3210.0
5.69	3535.0
5.23	1650.0
4.47	803.0
4.27	571.0
5.64	3332.0
6.36	5986.0
4.3	710.0
5.8	2863.0
5.14	1654.0
4.75	942.0
4.79	1015.0
5.38	2360.0
6.54	6785.0
6.6	5057.0
4.49	772.0
6.14	3916.0
5.56	2079.0
4.45	781.0
5.11	1574.0
5.19	1703.0
5.75	5027.0
5.95	4117.0
5.21	1857.0
5.69	3471.0
5.61	2960.0
4.65	786.0
6.86	9836.0
3.9	505.0
6.47	6905.0
4.59	663.0
5.16	1787.0
4.32	734.0
4.32	571.0
5.12	1808.0
5.25	1963.0
6.24	3550.0
4.76	1693.0
4.61	681.0
5.67	2239.0
6.29	8943.0
4.58	681.0
4.28	552.0
4.39	1171.0
4.45	809.0
5.18	1420.0
4.6	1094.0
4.78	619.0
4.4	972.0
6.84	10079.0
4.27	905.0
4.73	1010.0
5.95	3242.0
6.65	6115.0
4.39	492.0
5.36	1814.0
4.66	787.0
4.47	781.0
7.37	8742.0
5.05	1436.0
5.46	1939.0
4.56	803.0
4.71	1015.0
4.82	1056.0
4.89	1064.0
6.31	4441.0
4.38	982.0
6.11	4804.0
5.2	1919.0
5.2	1857.0
4.46	1002.0
6.38	3965.0
6.48	8202.0
7.31	11863.0
5.09	1819.0
4.07	575.0
4.32	571.0
5.34	3006.0
6.67	5315.0
6.79	6505.0
4.3	713.0
4.34	917.0
5.71	4014.0
4.38	571.0
5.24	1109.0
4.55	961.0
6.52	6250.0
5.82	2943.0
4.85	1040.0
5.14	1919.0
3.96	478.0
6.41	3965.0
6.32	4817.0
5.09	1749.0
4.38	477.0
8.2	15627.0
6.54	5880.0
6.65	12150.0
4.32	734.0
5.34	2010.0
4.61	1092.0
4.38	732.0
4.33	2366.0
4.87	1286.0
4.61	1071.0
7.06	6935.0
6.26	6440.0
5.32	3496.0
4.34	593.0
4.42	1310.0
4.42	631.0
7.48	5979.0
5.32	1944.0
6.49	13588.0
6.74	5936.0
5.19	2514.0
7.09	6936.0
5.14	1822.0
5.16	1919.0
4.31	574.0
4.18	752.0
4.05	521.0
6.51	7415.0
5.24	1799.0
5.44	1777.0
5.64	3287.0
6.61	6460.0
5.78	2452.0
6.14	4612.0
5.15	1204.0
6.39	5804.0
6.06	4211.0
6.06	4668.0
4.73	920.0
5.91	3384.0
4.51	644.0
5.23	1272.0
6.62	5352.0
5.42	2079.0
5.22	1786.0
6.49	10499.0
6.64	4520.0
5.12	1363.0
4.41	942.0
6.21	3958.0
4.41	657.0
5.86	3489.0
6.1	4381.0
5.9	2541.0
4.33	734.0
5.02	1146.0
4.53	650.0
4.28	911.0
4.45	715.0
4.79	1364.0
5.78	2690.0
4.46	631.0
4.49	644.0
4.98	1402.0
5.35	1820.0
4.55	772.0
4.66	983.0
5.38	1775.0
7.24	11756.0
5.38	1595.0
4.4	948.0
6.23	4304.0
6.55	6863.0
6.42	9740.0
4.41	608.0
5.39	1814.0
5.84	3040.0
6.94	4203.0
6.23	6081.0
4.84	1103.0
6.5	4764.0
4.3	616.0
6.05	3689.0
6.15	4365.0
4.28	462.0
6.44	5653.0
4.34	950.0
4.18	632.0
4.35	756.0
6.24	4241.0
7.25	7915.0
4.71	1290.0
5.74	2697.0
5.86	3177.0
7.37	11976.0
6.36	8065.0
5.35	2251.0
7.23	10725.0
6.44	7281.0
4.33	706.0
5.25	1698.0
4.31	853.0
6.54	4811.0
5.19	1566.0
6.36	10407.0
5.64	2215.0
5.11	1235.0
5.86	3353.0
4.61	997.0
6.18	4612.0
4.37	803.0
5.67	3229.0
4.53	522.0
5.23	1578.0
4.43	626.0
5.71	2768.0
6.41	6776.0
6.68	5373.0
5.86	3696.0
4.77	1170.0
7.35	13316.0
6.25	4721.0
5.0	1635.0
7.51	9821.0
4.39	804.0
6.95	8457.0
5.74	3372.0
4.66	921.0
4.81	898.0
6.58	4932.0
4.31	790.0
5.7	3129.0
4.38	758.0
4.62	1094.0
4.5	631.0
6.12	4717.0
4.78	1015.0
5.69	3561.0
5.12	1633.0
5.69	2713.0
5.2	2266.0
4.71	982.0
4.53	750.0
4.66	954.0
4.54	663.0
5.22	1892.0
6.83	10706.0
5.16	1249.0
4.29	1208.0
4.78	884.0
4.36	468.0
5.62	2509.0
5.7	3674.0
4.36	949.0
4.31	710.0
5.04	1395.0
4.82	898.0
4.51	644.0
4.82	791.0
4.77	876.0
7.26	7722.0
4.73	1200.0
6.41	8416.0
5.28	3465.0
5.65	3465.0
5.14	1429.0
5.4	1607.0
5.16	1605.0
5.11	1293.0
6.08	3818.0
5.31	1431.0
4.49	1030.0
5.64	3618.0
5.02	1257.0
6.19	7544.0
5.9	3241.0
6.51	2657.0
4.34	934.0
5.63	3247.0
5.2	1919.0
6.53	7653.0
4.74	1323.0
6.63	5247.0
5.19	1919.0
4.54	780.0
5.99	4113.0
5.24	1928.0
5.58	2224.0
4.78	1326.0
5.54	3228.0
4.32	462.0
4.81	1009.0
4.37	589.0
4.82	1072.0
4.78	791.0
4.96	1752.0
7.67	10934.0
4.29	447.0
6.41	6568.0
6.13	3812.0
5.31	2018.0
4.78	760.0
5.79	2310.0
5.37	1993.0
6.64	5419.0
5.77	3236.0
4.02	485.0
4.4	972.0
4.83	961.0
5.7	2913.0
5.21	1848.0
4.37	684.0
4.24	515.0
5.75	3299.0
4.54	537.0
4.29	742.0
4.7	920.0
4.31	766.0
4.34	718.0
6.17	4228.0
5.04	987.0
5.92	3923.0
4.39	848.0
5.96	2846.0
6.51	7852.0
4.97	1238.0
5.52	1991.0
5.28	2020.0
4.72	1050.0
4.35	574.0
4.65	622.0
4.77	910.0
4.32	462.0
4.37	982.0
5.17	1694.0
4.42	780.0
4.86	1264.0
6.17	3312.0
6.01	3270.0
4.74	1263.0
5.1	2289.0
4.58	928.0
7.36	12226.0
5.26	1993.0
5.14	1597.0
4.47	756.0
6.42	4861.0
4.61	1162.0
4.5	1002.0
4.3	462.0
4.84	1395.0
5.79	2358.0
5.09	1404.0
7.18	8706.0
6.63	9650.0
5.34	1847.0
4.99	3378.0
5.39	2945.0
5.32	1819.0
5.2	1919.0
5.28	2426.0
4.29	552.0
6.27	6449.0
4.75	683.0
6.34	4004.0
4.23	552.0
6.55	8181.0
4.18	799.0
4.32	552.0
6.49	5621.0
6.39	5096.0
4.64	667.0
4.95	1294.0
6.96	6607.0
5.89	3811.0
6.3	5005.0
5.76	2557.0
4.35	477.0
5.28	1698.0
4.53	984.0
4.09	724.0
7.02	3866.0
6.59	4764.0
6.37	4727.0
6.34	7200.0
4.33	600.0
5.74	2461.0
5.64	3287.0
6.11	3975.0
4.3	762.0
5.28	1910.0
4.67	586.0
4.4	942.0
4.91	1040.0
6.76	7087.0
5.68	3366.0
6.84	6157.0
4.38	571.0
5.0	1549.0
6.17	6163.0
7.41	12738.0
5.05	1243.0
5.18	971.0
5.15	1822.0
6.69	5932.0
4.56	537.0
7.48	10090.0
4.57	669.0
4.36	774.0
5.79	3896.0
5.83	3489.0
3.94	458.0
4.75	924.0
4.39	790.0
4.8	1582.0
5.05	1657.0
4.79	1050.0
4.27	651.0
7.38	10512.0
6.27	4253.0
6.3	6176.0
7.4	10517.0
4.67	1232.0
5.67	3053.0
6.07	4381.0
5.22	1687.0
4.36	942.0
5.01	1235.0
4.65	1279.0
5.23	1378.0
4.8	660.0
5.09	1565.0
4.16	487.0
4.76	846.0
4.37	706.0
5.42	1896.0
4.57	890.0
5.2	1796.0
4.26	710.0
6.51	5780.0
5.8	3554.0
7.76	12981.0
4.32	911.0
5.73	3522.0
5.18	1436.0
6.05	3066.0
4.81	990.0
5.84	2235.0
5.82	3298.0
4.41	593.0
5.49	3087.0
4.42	1014.0
5.47	1986.0
7.19	5460.0
5.75	5539.0
6.87	10114.0
5.2	1857.0
6.0	3207.0
4.38	1074.0
6.48	5219.0
3.97	458.0
4.26	552.0
7.55	14224.0
6.54	5042.0
4.73	1257.0
5.16	1882.0
5.3	2066.0
6.33	5622.0
4.78	876.0
4.29	552.0
5.24	1627.0
5.32	2188.0
5.37	3234.0
4.24	552.0
5.28	1928.0
4.75	990.0
5.24	1578.0
4.58	537.0
6.47	10860.0
4.76	1076.0
4.49	537.0
4.77	683.0
4.34	552.0
4.4	612.0
4.3	571.0
6.89	10083.0
6.67	12200.0
4.52	1176.0
4.7	982.0
5.26	1226.0
5.67	2570.0
6.69	8521.0
4.76	1356.0
4.97	777.0
4.89	830.0
4.64	1067.0
4.33	933.0
6.49	4949.0
7.18	9293.0
4.54	829.0
6.45	4560.0
7.33	12179.0
6.7	14667.0
4.66	1992.0
5.12	1569.0
4.26	911.0
5.09	1257.0
4.43	681.0
5.16	1787.0
4.28	552.0
6.51	5543.0
7.43	14773.0
4.58	1330.0
4.87	1050.0
7.28	9894.0
6.72	10907.0
5.37	1750.0
4.8	1389.0
5.85	3712.0
4.29	670.0
5.13	1914.0
5.32	1333.0
5.16	2834.0
4.71	990.0
5.62	2198.0
6.21	4469.0
7.63	11310.0
5.69	4369.0
6.56	4583.0
5.18	1919.0
5.14	1678.0
4.35	732.0
4.72	871.0
6.5	5159.0
4.8	838.0
4.54	803.0
4.48	972.0
6.49	4682.0
5.16	2742.0
5.86	3345.0
5.66	4325.0
6.49	11815.0
4.84	1103.0
6.2	3613.0
6.15	5096.0
5.23	1808.0
5.0	1333.0
7.76	15544.0
4.42	756.0
5.7	2647.0
4.41	571.0
4.34	589.0
4.34	1041.0
5.63	3406.0
6.35	5169.0
6.12	4869.0
4.57	669.0
5.28	1364.0
4.4	719.0
4.73	791.0
4.3	911.0
4.84	1103.0
4.26	710.0
5.28	4293.0
7.27	11760.0
6.3	5390.0
4.52	626.0
5.04	1752.0
4.55	687.0
4.83	855.0
5.26	1918.0
5.16	2329.0
4.7	1123.0
5.13	1569.0
4.14	592.0
6.73	5821.0
6.34	5709.0
4.56	852.0
6.17	4914.0
5.64	2788.0
6.06	3349.0
7.54	8739.0
4.43	781.0
4.29	709.0
6.18	4612.0
4.77	1323.0
4.74	990.0
4.26	447.0
6.52	7127.0
7.61	11795.0
4.11	470.0
5.74	2690.0
6.3	5443.0
5.07	1193.0
6.39	5488.0
4.84	1235.0
5.18	1574.0
4.49	780.0
6.04	3246.0
5.15	1359.0
5.7	2317.0
5.75	2909.0
4.64	983.0
5.79	2123.0
5.08	1701.0
6.09	3730.0
4.25	709.0
5.13	1873.0
4.41	990.0
4.79	1088.0
6.08	3298.0
5.83	2768.0
6.1	4187.0
4.36	625.0
6.52	10709.0
7.48	9173.0
5.28	1605.0
6.21	2803.0
7.3	15102.0
4.34	734.0
4.69	666.0
4.34	732.0
4.38	982.0
4.01	554.0
6.33	4457.0
6.88	6140.0
6.58	10144.0
6.57	15813.0
4.5	829.0
6.27	4218.0
4.56	827.0
4.26	662.0
6.1	4113.0
8.15	16484.0
4.8	666.0
4.39	732.0
4.81	1166.0
6.03	3755.0
4.39	982.0
6.33	4845.0
7.87	16086.0
4.56	857.0
5.96	4037.0
5.22	1892.0
4.63	907.0
5.27	2053.0
5.15	1431.0
7.37	13869.0
6.41	5265.0
5.1	1569.0
6.31	3871.0
5.7	4716.0
4.71	798.0
5.09	1923.0
6.12	3911.0
6.38	4179.0
5.23	1662.0
4.35	911.0
4.64	599.0
6.59	5408.0
4.53	1033.0
4.31	709.0
4.78	1323.0
6.27	4692.0
5.01	1430.0
4.27	710.0
4.32	524.0
5.26	1363.0
4.28	710.0
5.44	1927.0
6.06	3706.0
4.26	520.0
4.46	724.0
4.4	788.0
6.25	9451.0
6.57	4671.0
5.24	2113.0
5.21	1662.0
4.77	990.0
5.21	1720.0
6.09	4158.0
5.14	1569.0
5.26	1963.0
5.56	1806.0
5.19	1687.0
4.41	877.0
4.4	756.0
7.9	9880.0
4.53	829.0
6.63	4483.0
4.24	476.0
6.24	5028.0
5.84	2523.0
6.65	5713.0
6.2	4205.0
5.81	2897.0
6.6	4710.0
5.19	2407.0
4.67	998.0
6.2	3990.0
7.46	14426.0
5.28	1729.0
4.81	982.0
5.12	2362.0
5.1	1792.0
4.28	712.0
6.19	4521.0
4.51	829.0
5.14	1919.0
4.67	884.0
5.12	1787.0
6.12	4579.0
6.45	8124.0
7.21	13287.0
5.93	3103.0
4.57	1033.0
5.88	4234.0
6.17	4556.0
6.67	4191.0
3.97	462.0
6.89	10538.0
4.4	477.0
5.85	4274.0
4.55	1247.0
5.33	3126.0
6.7	4246.0
4.51	589.0
6.19	4123.0
7.25	9001.0
4.78	1582.0
6.57	6124.0
4.65	1142.0
6.51	4588.0
6.58	3604.0
4.73	1185.0
6.69	5548.0
6.35	4751.0
5.28	1645.0
6.6	5164.0
7.01	5382.0
4.63	763.0
7.35	8666.0
4.23	620.0
5.74	2721.0
4.29	709.0
4.0	710.0
4.37	589.0
4.32	571.0
6.48	8742.0
6.09	4601.0
4.95	1637.0
5.12	1687.0
6.75	6344.0
6.52	11837.0
5.64	3096.0
4.29	571.0
5.3	1243.0
4.72	683.0
4.49	749.0
5.2	1845.0
5.09	979.0
4.68	874.0
5.62	2318.0
6.48	6610.0
4.46	972.0
5.38	1436.0
6.35	6974.0
5.87	2773.0
6.61	6587.0
4.86	849.0
5.28	1956.0
4.33	710.0
4.77	815.0
5.83	2898.0
5.03	1243.0
4.26	552.0
4.47	1033.0
5.8	2760.0
4.92	1792.0
4.48	1002.0
6.65	5042.0
6.44	8823.0
4.76	1053.0
4.31	670.0
4.69	871.0
6.59	8561.0
4.06	564.0
4.81	1200.0
5.19	1802.0
6.7	4071.0
5.72	2415.0
4.99	1027.0
6.81	7191.0
4.77	772.0
5.3	1963.0
5.41	1743.0
4.35	778.0
5.72	3471.0
4.7	798.0
4.91	1081.0
6.13	4586.0
4.32	942.0
6.53	4752.0
4.74	871.0
4.81	977.0
6.43	5708.0
4.82	660.0
6.21	4846.0
5.16	1882.0
5.25	2583.0
4.4	814.0
6.63	4588.0
4.39	1067.0
4.13	420.0
4.26	413.0
4.95	1240.0
5.21	1585.0
5.09	1882.0
5.33	2011.0
5.72	3296.0
6.22	6797.0
5.63	2339.0
6.42	6257.0
5.77	2934.0
4.71	832.0
6.19	4007.0
5.15	3218.0
4.78	1015.0
4.34	911.0
5.36	3791.0
4.38	656.0
5.73	2726.0
7.01	17496.0
5.97	3173.0
4.75	1050.0
5.4	3625.0
7.22	6327.0
4.43	781.0
5.96	3160.0
6.62	8532.0
4.57	1108.0
6.2	8707.0
4.63	794.0
4.33	814.0
6.42	6075.0
5.11	1847.0
4.31	734.0
6.22	3781.0
4.46	780.0
4.82	1197.0
4.33	589.0
4.96	1321.0
5.18	1882.0
4.68	772.0
6.7	7106.0
4.36	911.0
5.83	3456.0
5.24	1913.0
6.33	3304.0
5.95	2735.0
5.75	2731.0
6.18	2698.0
5.35	1821.0
5.89	3011.0
6.24	3371.0
4.31	610.0
4.55	626.0
5.76	3077.0
5.23	1786.0
6.34	4338.0
5.2	1631.0
4.03	420.0
4.42	841.0
5.33	3732.0
5.78	3502.0
6.61	4839.0
4.12	622.0
4.82	708.0
4.98	2378.0
6.75	6070.0
4.33	571.0
5.68	3179.0
4.14	544.0
5.2	3321.0
5.24	1882.0
5.25	2866.0
4.78	669.0
4.79	942.0
6.55	7392.0
3.99	419.0
5.76	2859.0
6.41	7812.0
4.31	709.0
4.23	504.0
7.22	6152.0
4.79	877.0
7.23	15513.0
3.92	402.0
4.3	965.0
6.11	4068.0
5.11	1787.0
7.47	12846.0
5.79	3550.0
4.49	1272.0
4.25	647.0
7.18	9704.0
7.05	5158.0
5.19	1716.0
6.02	3019.0
6.3	3816.0
4.42	756.0
5.13	1436.0
6.7	6602.0
5.14	1959.0
6.31	5147.0
5.82	2947.0
4.39	1067.0
4.52	762.0
5.03	1354.0
5.65	2681.0
6.79	6505.0
5.85	3102.0
4.57	827.0
4.7	917.0
4.78	1582.0
4.81	810.0
6.4	3277.0
6.14	3534.0
5.88	2738.0
5.16	2066.0
5.73	2401.0
5.78	3464.0
6.46	5619.0
6.53	5914.0
4.55	852.0
4.35	732.0
7.13	7903.0
4.29	710.0
5.31	3468.0
8.04	18286.0
4.58	1002.0
4.31	835.0
5.98	3682.0
5.59	2298.0
4.83	990.0
4.55	780.0
6.45	4260.0
5.73	3543.0
5.73	3463.0
4.37	734.0
4.41	790.0
5.23	1672.0
6.72	5233.0
4.7	775.0
5.7	2374.0
6.42	5755.0
4.31	574.0
4.3	574.0
5.05	1665.0
6.31	5851.0
6.33	6270.0
4.29	710.0
4.7	772.0
6.15	4068.0
4.59	852.0
4.94	1254.0
5.55	2402.0
4.8	920.0
4.58	874.0
5.18	1882.0
4.36	911.0
6.01	4159.0
5.39	2103.0
4.31	742.0
5.19	1991.0
4.43	808.0
4.35	526.0
4.45	685.0
4.35	709.0
4.35	710.0
5.07	1612.0
5.68	4323.0
5.43	1698.0
6.36	15306.0
5.79	3980.0
5.71	2683.0
5.09	1403.0
5.92	3459.0
5.32	2047.0
4.86	1129.0
4.35	593.0
4.36	758.0
4.8	774.0
4.56	1063.0
6.73	10241.0
4.54	663.0
4.31	863.0
5.7	2318.0
5.65	4022.0
5.66	2777.0
6.55	10266.0
4.47	626.0
5.7	3801.0
4.45	803.0
4.67	1123.0
5.69	3131.0
5.78	3674.0
5.25	2057.0
7.32	8683.0
5.15	1605.0
5.27	1802.0
5.66	2768.0
6.93	13485.0
5.88	3980.0
5.85	4039.0
5.84	4243.0
5.14	1569.0
4.37	589.0
4.75	1031.0
5.65	1819.0
5.73	3107.0
6.77	6857.0
4.39	589.0
7.42	9009.0
4.32	571.0
6.46	4821.0
4.73	838.0
4.41	589.0
4.7	1064.0
4.37	758.0
6.53	10314.0
6.07	4191.0
4.83	1103.0
4.76	1015.0
4.93	1291.0
5.43	1821.0
6.52	6745.0
5.11	1548.0
6.27	5469.0
5.33	1814.0
7.28	6300.0
5.82	3140.0
6.4	5096.0
6.74	6468.0
6.15	3540.0
4.41	732.0
7.35	9343.0
6.77	7083.0
4.37	863.0
5.09	1845.0
4.53	803.0
4.38	756.0
7.59	12823.0
4.68	1010.0
5.19	1977.0
5.4	1984.0
6.4	3511.0
4.45	1109.0
7.03	9836.0
4.51	803.0
4.54	945.0
5.08	1668.0
4.53	601.0
7.23	11352.0
5.26	1956.0
6.66	5501.0
7.05	7130.0
4.33	710.0
7.31	9030.0
4.61	952.0
6.18	4612.0
5.09	1779.0
5.46	1912.0
4.68	850.0
5.23	1307.0
6.22	5195.0
3.9	530.0
6.29	7303.0
6.93	9242.0
5.9	3179.0
5.17	1919.0
4.43	692.0
4.89	1584.0
5.56	2550.0
4.77	876.0
5.22	3827.0
4.71	666.0
3.96	419.0
4.31	734.0
5.73	2795.0
4.72	1018.0
5.76	4029.0
4.52	855.0
4.32	911.0
6.22	4133.0
5.87	4150.0
5.14	1654.0
6.29	4798.0
6.6	5134.0
4.31	911.0
4.04	521.0
4.37	942.0
6.47	4697.0
5.49	2207.0
5.73	2319.0
6.11	4158.0
7.28	12342.0
4.76	1263.0
6.43	5313.0
6.36	4626.0
4.41	791.0
6.6	4725.0
6.48	6108.0
4.54	1063.0
5.21	1746.0
4.33	709.0
4.41	608.0
6.04	3990.0
5.25	1156.0
4.37	885.0
4.4	942.0
4.13	403.0
4.38	612.0
6.26	3910.0
7.31	13196.0
6.46	9798.0
6.51	6040.0
6.53	5204.0
6.35	6040.0
5.08	1323.0
5.39	2263.0
6.78	13165.0
6.59	3742.0
5.61	2816.0
6.53	5708.0
4.57	827.0
6.34	10752.0
4.5	644.0
6.17	4068.0
5.29	1677.0
5.73	3877.0
4.5	957.0
4.44	734.0
6.75	4746.0
4.84	761.0
6.72	3977.0
4.73	1151.0
6.8	5889.0
4.74	1353.0
4.08	554.0
4.31	734.0
6.4	4872.0
6.29	3843.0
5.35	1651.0
5.4	1442.0
4.34	885.0
4.34	612.0
5.08	1752.0
4.26	552.0
7.62	7779.0
6.34	4114.0
4.47	1002.0
6.52	11765.0
6.12	3707.0
5.92	3324.0
4.84	976.0
5.77	2913.0
7.01	6557.0
5.25	1724.0
6.11	4429.0
4.42	756.0
6.37	6630.0
4.51	805.0
6.58	11654.0
4.46	1002.0
4.04	485.0
6.03	2706.0
4.22	552.0
4.44	972.0
4.44	626.0
4.47	589.0
6.47	5644.0
4.41	756.0
5.21	3097.0
4.75	1109.0
5.73	2726.0
5.81	3073.0
5.63	2547.0
4.55	1026.0
5.47	6549.0
5.07	2033.0
5.17	1551.0
6.08	3855.0
4.62	814.0
5.04	1633.0
6.33	5731.0
5.18	1769.0
4.81	970.0
4.44	626.0
5.7	3495.0
4.3	710.0
5.88	3763.0
5.89	3166.0
4.8	756.0
6.11	4381.0
5.43	2658.0
4.37	911.0
8.31	13811.0
5.24	4042.0
4.53	772.0
4.56	852.0
5.73	2797.0
4.66	995.0
4.34	942.0
4.3	661.0
5.2	2743.0
5.15	1378.0
4.67	633.0
4.32	710.0
6.22	4466.0
6.63	3589.0
4.31	552.0
6.27	4902.0
4.73	1004.0
4.79	669.0
6.16	4068.0
4.5	626.0
5.18	1284.0
5.52	1945.0
5.25	1956.0
4.41	492.0
6.14	3880.0
6.16	5033.0
8.26	17776.0
4.33	942.0
4.35	571.0
4.68	989.0
4.54	827.0
5.6	3267.0
4.89	970.0
5.26	2585.0
4.4	858.0
5.84	3291.0
4.66	1119.0
5.14	1318.0
5.13	1619.0
4.31	732.0
5.77	2804.0
5.82	2429.0
5.22	2671.0
4.44	780.0
4.23	458.0
5.24	1368.0
4.31	550.0
4.36	626.0
6.81	5567.0
5.74	2512.0
5.22	1662.0
4.55	882.0
5.82	3205.0
5.77	3024.0
4.42	781.0
6.46	4679.0
5.25	1993.0
4.27	462.0
4.43	780.0
5.76	3199.0
5.11	1446.0
4.56	663.0
5.3	2378.0
4.14	693.0
5.34	2515.0
6.66	8430.0
4.37	926.0
4.37	758.0
6.73	4854.0
5.71	2954.0
4.92	931.0
5.2	1722.0
4.59	763.0
4.69	941.0
4.88	1330.0
5.71	1651.0
5.85	2618.0
6.06	4068.0
5.82	2822.0
6.32	4580.0
4.99	1319.0
5.22	1720.0
6.45	7001.0
6.72	5042.0
6.07	2925.0
6.25	3403.0
4.77	995.0
4.7	847.0
7.14	5618.0
6.09	3781.0
6.47	5671.0
4.62	1006.0
4.39	1140.0
7.56	12738.0
5.22	1619.0
4.71	924.0
6.36	4672.0
5.19	1892.0
7.75	15594.0
5.62	2985.0
6.15	4381.0
3.93	611.0
5.24	1723.0
5.8	2913.0
4.33	911.0
4.52	1167.0
4.37	732.0
4.41	492.0
7.21	15848.0
4.82	807.0
6.14	4735.0
5.72	2387.0
5.13	1687.0
4.48	780.0
5.27	1928.0
4.68	1111.0
3.96	367.0
4.75	653.0
5.12	1822.0
4.06	419.0
6.53	18542.0
5.69	3365.0
6.3	3578.0
4.37	942.0
4.57	1126.0
5.09	1758.0
7.36	6810.0
4.39	879.0
5.1	1635.0
6.15	5259.0
4.93	1064.0
5.08	1845.0
5.12	2797.0
6.37	6905.0
4.36	848.0
7.07	7438.0
5.69	2841.0
5.08	1593.0
5.83	2682.0
8.12	12108.0
4.28	709.0
6.49	6814.0
5.21	3346.0
6.81	6636.0
6.79	10681.0
6.48	4633.0
4.77	735.0
6.97	4639.0
5.65	3052.0
5.3	1963.0
6.65	11233.0
4.83	1040.0
6.92	11019.0
4.68	720.0
4.27	709.0
4.8	851.0
6.89	13803.0
4.92	1129.0
4.49	940.0
4.41	612.0
7.27	12311.0
7.24	13629.0
4.53	1065.0
5.05	1580.0
6.11	4739.0
5.83	2227.0
5.18	1956.0
4.36	548.0
5.25	1235.0
6.46	4598.0
5.46	1904.0
5.78	2633.0
6.36	5122.0
5.24	1956.0
4.28	709.0
4.46	1021.0
4.74	1117.0
5.56	2221.0
4.78	1133.0
4.71	772.0
6.72	6062.0
5.7	3454.0
4.39	920.0
4.36	589.0
5.71	4029.0
4.25	742.0
4.76	791.0
4.42	942.0
4.34	709.0
6.4	7564.0
6.21	3812.0
4.9	987.0
6.16	4078.0
6.2	3873.0
4.05	388.0
4.34	942.0
5.86	2945.0
5.2	1015.0
4.74	855.0
6.45	10607.0
5.33	2369.0
4.39	589.0
5.24	1368.0
5.28	1963.0
5.08	1574.0
5.04	1715.0
5.39	2078.0
4.28	447.0
4.47	728.0
5.79	3195.0
7.92	10051.0
5.34	2211.0
4.66	982.0
4.29	574.0
4.73	683.0
4.38	449.0
4.49	507.0
5.1	1845.0
5.84	2821.0
4.67	884.0
4.25	742.0
6.34	5980.0
4.22	596.0
4.9	1152.0
4.71	1170.0
4.28	911.0
4.37	732.0
5.43	1196.0
5.54	4084.0
4.54	725.0
4.52	615.0
5.12	2525.0
5.15	1279.0
4.83	1754.0
4.33	673.0
5.8	3812.0
5.77	2505.0
4.44	756.0
5.76	3135.0
5.74	2692.0
4.45	1011.0
5.63	2596.0
7.2	8518.0
7.55	12823.0
6.81	6833.0
4.34	734.0
6.27	3740.0
6.25	4096.0
5.44	1835.0
6.5	7965.0
5.45	4161.0
4.22	710.0
6.73	5606.0
4.31	524.0
4.38	984.0
5.42	1622.0
5.73	5539.0
5.01	1354.0
5.73	3208.0
4.52	793.0
4.39	942.0
5.87	3679.0
4.39	736.0
5.21	1363.0
5.1	1203.0
6.22	4118.0
4.95	2290.0
6.82	7589.0
7.76	12770.0
4.71	1095.0
5.16	1292.0
5.2	1857.0
5.26	1993.0
5.52	1425.0
4.34	766.0
4.77	1117.0
5.03	1433.0
6.28	6328.0
4.34	911.0
4.64	1095.0
5.21	1662.0
4.48	507.0
3.91	530.0
4.75	1226.0
5.21	2318.0
5.03	1255.0
4.74	772.0
5.38	1988.0
5.85	2726.0
5.25	1673.0
5.86	3258.0
5.46	1841.0
5.68	1990.0
5.9	3476.0
5.3	2147.0
4.93	1253.0
4.51	933.0
4.39	756.0
6.31	3003.0
6.56	4672.0
4.41	756.0
7.36	12709.0
4.55	1252.0
4.56	1063.0
4.64	874.0
6.7	5842.0
5.41	1912.0
7.27	15992.0
4.74	667.0
4.33	589.0
6.23	5331.0
4.29	447.0
4.49	753.0
7.34	15788.0
6.49	5702.0
5.09	1653.0
4.71	812.0
4.57	733.0
4.63	733.0
4.34	758.0
5.04	1847.0
5.22	1295.0
4.71	741.0
5.77	3568.0
4.78	672.0
5.18	1826.0
5.48	2897.0
4.51	829.0
7.37	17936.0
5.12	1605.0
4.66	993.0
4.42	758.0
7.77	13026.0
6.18	3880.0
6.93	5311.0
6.62	4155.0
4.7	720.0
5.23	2720.0
6.57	7493.0
5.28	2030.0
6.42	9660.0
5.57	3231.0
7.34	8649.0
5.7	3212.0
5.72	3856.0
4.78	1122.0
4.33	710.0
5.43	2202.0
5.78	2423.0
4.4	732.0
4.34	911.0
7.19	6988.0
6.49	5804.0
6.07	3821.0
4.25	552.0
7.53	12248.0
5.67	2861.0
4.63	941.0
4.43	804.0
4.15	425.0
7.78	8911.0
5.18	1687.0
3.91	530.0
4.32	710.0
5.33	1894.0
6.39	15575.0
5.55	2752.0
4.49	646.0
6.43	5880.0
4.85	1040.0
6.83	5871.0
7.52	11873.0
6.23	7812.0
5.11	1569.0
4.71	625.0
6.19	4096.0
4.61	681.0
6.76	4361.0
7.39	11220.0
6.62	7602.0
5.61	3312.0
6.42	4044.0
4.41	589.0
6.16	3390.0
6.26	6563.0
5.33	2026.0
5.16	1664.0
6.67	4513.0
6.39	11677.0
5.79	2473.0
6.14	6208.0
4.37	692.0
4.7	873.0
6.5	7220.0
4.78	791.0
4.81	1181.0
6.84	6372.0
4.83	876.0
5.78	2642.0
4.42	671.0
4.37	589.0
6.76	7508.0
8.12	12765.0
6.26	4167.0
7.08	7501.0
4.55	1063.0
5.01	1323.0
4.48	805.0
4.69	772.0
5.15	1071.0
4.4	589.0
6.47	5880.0
6.48	8623.0
7.19	9718.0
6.49	7118.0
4.6	581.0
5.79	2705.0
4.79	941.0
6.58	11550.0
5.73	2843.0
7.51	16750.0
4.4	492.0
4.36	589.0
5.13	1842.0
6.22	3965.0
4.59	827.0
5.03	1617.0
5.28	2400.0
4.31	651.0
4.32	734.0
5.33	1590.0
7.12	10800.0
5.78	2620.0
7.18	11793.0
4.89	1408.0
4.39	758.0
4.36	565.0
6.53	5998.0
4.72	989.0
5.19	1818.0
5.27	1963.0
4.38	875.0
6.41	5227.0
6.15	4352.0
4.32	790.0
4.42	756.0
5.58	2560.0
4.25	650.0
6.71	6352.0
4.28	552.0
5.15	1822.0
6.58	8959.0
5.99	4682.0
5.75	3183.0
6.56	5257.0
4.67	798.0
5.24	1993.0
6.78	6710.0
6.4	7677.0
6.88	5412.0
5.56	3087.0
5.24	1873.0
6.77	6579.0
4.48	492.0
5.77	4007.0
4.5	803.0
4.4	608.0
4.48	942.0
6.39	6047.0
6.74	5793.0
6.61	5154.0
4.74	982.0
4.58	1094.0
5.32	1847.0
4.81	1056.0
4.63	933.0
4.56	1042.0
5.73	3036.0
6.07	3740.0
4.35	533.0
6.59	4381.0
5.13	1654.0
5.22	1662.0
5.31	2323.0
6.76	13630.0
6.96	3899.0
4.47	477.0
4.25	524.0
4.73	1257.0
7.4	10740.0
5.29	1753.0
7.88	17760.0
5.72	2880.0
4.31	571.0
3.99	403.0
4.66	918.0
4.26	567.0
3.91	404.0
4.83	1547.0
6.16	4041.0
6.58	11209.0
4.7	958.0
6.26	4277.0
6.64	11132.0
5.76	3062.0
5.54	1828.0
6.15	4419.0
9.42	15964.0
4.53	803.0
5.31	1993.0
6.63	9254.0
4.36	756.0
4.26	447.0
7.39	10905.0
5.38	1694.0
4.21	597.0
3.99	548.0
6.54	8451.0
7.51	12738.0
5.89	1848.0
4.36	589.0
4.33	741.0
4.35	815.0
5.5	2373.0
6.81	8796.0
6.27	6250.0
4.38	756.0
7.46	5617.0
5.22	1580.0
7.17	13232.0
5.24	1704.0
5.02	2115.0
7.21	9874.0
4.71	871.0
4.79	1076.0
6.51	4949.0
4.68	933.0
6.46	7281.0
5.34	4440.0
5.46	1949.0
5.89	3048.0
5.6	2826.0
6.25	5226.0
4.66	720.0
4.75	772.0
4.64	1050.0
5.83	2896.0
5.26	1551.0
6.02	4628.0
6.84	6256.0
5.27	1949.0
5.19	1919.0
6.96	6811.0
4.8	1031.0
5.36	1767.0
4.91	2290.0
4.76	683.0
5.16	1822.0
4.35	732.0
5.25	1907.0
6.63	14584.0
5.73	4040.0
6.18	5331.0
5.48	1308.0
5.26	1314.0
5.06	1231.0
5.13	1600.0
4.81	1040.0
5.74	3234.0
4.18	721.0
6.53	7041.0
4.33	911.0
4.73	1024.0
5.26	3468.0
4.47	492.0
5.71	2822.0
4.31	571.0
6.0	3154.0
7.17	13730.0
5.13	1793.0
6.34	4588.0
4.81	1076.0
4.32	610.0
5.07	1569.0
4.77	1323.0
4.51	990.0
4.45	780.0
4.29	911.0
7.51	16137.0
4.61	929.0
4.74	1349.0
7.2	8108.0
6.34	7955.0
5.08	1398.0
6.44	8201.0
6.35	5598.0
5.18	1359.0
6.52	6196.0
5.61	2007.0
4.14	696.0
6.83	9193.0
5.81	3467.0
5.21	1651.0
4.32	835.0
5.27	2133.0
4.63	1067.0
5.24	1677.0
4.72	1867.0
3.97	436.0
4.78	912.0
6.63	6203.0
6.74	3644.0
4.71	924.0
6.27	3634.0
5.13	1819.0
6.47	5939.0
4.64	717.0
5.27	3126.0
6.63	5526.0
7.51	18318.0
4.8	993.0
5.86	4003.0
5.89	2539.0
5.65	3799.0
6.4	5998.0
4.73	876.0
4.5	822.0
4.36	911.0
4.28	817.0
4.72	947.0
5.5	1664.0
6.48	11167.0
4.63	915.0
4.5	667.0
3.77	367.0
8.45	15198.0
5.18	1607.0
4.2	752.0
5.16	2905.0
5.05	1169.0
4.3	616.0
7.54	7076.0
4.29	709.0
4.66	1140.0
4.76	1050.0
4.76	1295.0
5.38	1835.0
4.36	942.0
4.83	970.0
6.41	4672.0
6.52	6539.0
4.78	1015.0
6.84	9933.0
6.41	4704.0
6.44	4672.0
5.72	2670.0
6.8	7216.0
4.8	1015.0
6.4	7026.0
4.55	1063.0
4.75	855.0
4.49	589.0
4.67	720.0
4.3	734.0
4.5	644.0
4.8	1076.0
6.37	5832.0
4.63	1140.0
4.54	669.0
6.07	3265.0
5.59	3050.0
6.48	4295.0
6.48	6299.0
4.43	972.0
4.57	852.0
6.3	3812.0
6.53	7345.0
4.85	1015.0
6.66	3655.0
5.61	3077.0
6.24	5155.0
4.25	447.0
6.87	6840.0
6.33	5778.0
5.35	2066.0
5.56	2392.0
4.75	1015.0
5.22	1664.0
5.81	3732.0
6.04	1895.0
5.64	2147.0
6.81	6619.0
5.33	1413.0
4.8	920.0
4.77	1123.0
7.63	12918.0
5.26	1956.0
6.54	4861.0
6.64	5410.0
7.56	13582.0
6.04	6399.0
4.72	1024.0
4.84	1040.0
6.16	3298.0
5.76	3255.0
5.16	1919.0
6.99	7230.0
6.65	5305.0
5.34	1998.0
5.39	1671.0
4.4	492.0
4.34	848.0
4.15	514.0
4.33	912.0
4.85	1207.0
5.21	1835.0
5.59	1563.0
5.82	3035.0
7.38	7519.0
4.36	706.0
4.66	998.0
6.24	5779.0
5.42	2015.0
5.22	1310.0
4.83	1230.0
5.55	3832.0
7.48	15991.0
3.97	553.0
6.57	6133.0
6.79	5809.0
4.77	1117.0
5.83	3082.0
5.07	1752.0
4.46	1002.0
5.21	1939.0
6.3	5166.0
8.23	18693.0
5.77	4047.0
5.13	1882.0
7.45	10275.0
5.27	1247.0
5.31	1438.0
4.5	805.0
4.46	1130.0
4.32	911.0
4.52	1211.0
4.18	642.0
6.3	3480.0
7.6	13329.0
5.33	1924.0
5.79	2310.0
5.18	1616.0
6.41	4381.0
5.19	1314.0
4.68	998.0
6.29	3634.0
4.8	666.0
5.14	3223.0
5.08	1264.0
7.17	15152.0
7.57	14154.0
6.52	4694.0
4.95	1315.0
4.42	567.0
6.77	12657.0
4.41	732.0
4.44	780.0
6.41	4753.0
4.48	771.0
5.19	1919.0
5.24	1412.0
5.23	1715.0
4.35	734.0
4.36	589.0
4.39	756.0
5.05	1716.0
5.25	1786.0
4.35	589.0
5.18	1787.0
5.01	1548.0
5.93	2450.0
4.77	947.0
4.76	720.0
8.99	17924.0
4.91	919.0
5.18	1415.0
4.81	1179.0
6.42	5839.0
5.81	2665.0
5.57	2565.0
4.42	612.0
5.83	2903.0
4.79	1389.0
5.11	1250.0
6.29	4051.0
6.39	3877.0
5.33	1963.0
5.58	5052.0
6.36	4528.0
5.81	3443.0
4.55	945.0
6.29	6366.0
4.35	683.0
6.35	6176.0
6.33	4730.0
6.21	3997.0
5.03	1190.0
5.8	3365.0
5.24	1786.0
5.34	2066.0
4.75	798.0
5.33	2043.0
4.41	1140.0
4.68	1094.0
4.35	942.0
4.85	756.0
4.32	911.0
4.37	774.0
5.71	2610.0
6.08	3730.0
4.4	924.0
6.75	7646.0
5.02	1436.0
7.25	17545.0
6.39	5755.0
4.4	756.0
4.44	707.0
6.47	5780.0
5.83	4407.0
6.35	4663.0
4.69	952.0
4.26	568.0
6.33	5443.0
5.96	3432.0
5.45	1959.0
6.46	5860.0
6.15	4746.0
5.08	1690.0
4.15	799.0
7.25	9069.0
5.41	1657.0
4.29	710.0
6.52	5078.0
6.49	4538.0
7.88	12338.0
4.54	663.0
5.2	1644.0
6.23	4469.0
5.14	1783.0
5.05	1431.0
6.18	5086.0
4.32	447.0
4.32	732.0
7.5	10623.0
4.06	411.0
4.74	1135.0
3.9	478.0
6.06	3751.0
6.0	2748.0
5.69	4407.0
5.33	2066.0
4.28	447.0
4.34	661.0
5.07	1436.0
4.33	1331.0
6.46	7280.0
6.32	4276.0
6.41	11442.0
6.22	4438.0
4.27	710.0
4.5	780.0
5.1	1678.0
8.16	17953.0
4.47	1002.0
4.26	707.0
4.65	1232.0
5.72	2913.0
4.3	552.0
3.81	367.0
4.89	1205.0
7.29	14112.0
5.71	3735.0
6.5	5775.0
6.57	10147.0
4.44	972.0
4.68	919.0
5.73	3278.0
5.33	1754.0
5.59	2512.0
4.43	1002.0
6.36	4712.0
5.1	1980.0
4.49	530.0
6.14	3556.0
4.27	851.0
5.23	1576.0
3.89	530.0
4.71	1225.0
7.28	17216.0
6.92	8463.0
5.22	1715.0
4.47	805.0
4.68	738.0
4.59	827.0
4.32	911.0
4.56	537.0
6.35	7146.0
4.15	399.0
5.06	1272.0
6.66	5147.0
4.15	893.0
6.2	4362.0
7.06	14236.0
4.32	653.0
7.37	10206.0
5.17	1882.0
4.51	749.0
6.12	3664.0
4.53	644.0
4.35	732.0
6.31	3743.0
5.88	3306.0
4.27	709.0
6.41	5021.0
5.54	1759.0
6.04	3880.0
4.78	717.0
4.76	855.0
5.87	3595.0
5.75	2872.0
4.36	565.0
4.39	681.0
6.49	5266.0
4.3	552.0
4.49	923.0
7.28	16688.0
5.59	2167.0
6.57	6848.0
6.06	3789.0
7.35	10712.0
4.37	853.0
4.29	734.0
5.23	1753.0
4.35	911.0
7.21	9674.0
4.36	972.0
5.46	4279.0
4.43	842.0
5.14	1430.0
5.1	1654.0
5.09	1574.0
5.29	1754.0
4.43	756.0
8.14	13229.0
4.76	1263.0
4.51	865.0
6.31	5147.0
4.51	626.0
4.5	803.0
5.31	2066.0
6.74	5451.0
5.59	3915.0
4.42	758.0
6.18	3997.0
4.55	1033.0
5.14	1822.0
5.98	3205.0
4.52	644.0
4.39	684.0
4.84	1040.0
6.19	4693.0
6.33	4205.0
6.99	14663.0
6.5	5292.0
6.41	10046.0
4.48	803.0
4.42	713.0
5.35	2066.0
5.13	1822.0
5.22	1822.0
6.35	6794.0
4.88	993.0
4.3	552.0
5.25	1583.0
4.08	599.0
4.55	1052.0
7.09	9916.0
7.51	7980.0
4.58	650.0
5.05	1442.0
5.16	2296.0
4.0	680.0
4.21	504.0
5.16	1822.0
4.35	614.0
4.88	1294.0
4.46	696.0
4.79	1356.0
5.85	2492.0
4.43	877.0
4.33	732.0
7.76	13325.0
4.69	1289.0
4.42	756.0
6.34	5443.0
4.38	942.0
4.27	709.0
6.73	8185.0
4.35	571.0
6.43	4907.0
4.59	1114.0
4.38	885.0
5.09	1436.0
4.36	732.0
4.82	1235.0
4.8	1031.0
4.23	787.0
5.74	3518.0
5.02	1395.0
4.77	1376.0
7.33	15531.0
5.91	3454.0
4.88	1078.0
6.12	4304.0
6.61	5393.0
5.76	4198.0
7.53	6088.0
6.08	4398.0
4.49	644.0
5.23	1857.0
6.0	2878.0
6.1	3767.0
5.39	2444.0
4.34	533.0
5.06	1349.0
4.51	790.0
5.23	1842.0
6.88	3886.0
5.9	2885.0
4.61	1094.0
5.2	2376.0
5.55	2311.0
5.64	2694.0
4.34	571.0
5.06	997.0
4.41	972.0
4.31	911.0
6.25	4165.0
6.27	3965.0
4.75	1151.0
5.02	1436.0
5.17	1385.0
4.19	403.0
4.32	670.0
5.36	1737.0
4.85	700.0
6.87	12152.0
7.54	10064.0
5.26	1344.0
4.54	827.0
4.63	1200.0
3.95	492.0
4.5	601.0
5.3	2099.0
6.13	4389.0
4.84	716.0
4.29	571.0
4.5	805.0
4.54	803.0
4.31	911.0
6.08	3918.0
6.97	6289.0
6.94	13929.0
3.94	530.0
4.71	1197.0
5.05	1374.0
6.22	4435.0
5.14	1882.0
6.54	4123.0
8.28	12639.0
4.78	1003.0
4.55	827.0
7.31	8868.0
4.36	911.0
4.39	492.0
4.31	911.0
8.21	18407.0
5.47	1696.0
5.29	3468.0
6.79	9756.0
5.2	1243.0
6.42	5815.0
5.19	1882.0
5.67	3477.0
4.56	644.0
5.11	1787.0
5.18	1683.0
4.7	967.0
4.31	709.0
4.31	574.0
4.54	881.0
4.37	593.0
7.09	10602.0
5.91	2926.0
4.21	664.0
6.43	5443.0
7.29	16793.0
4.27	552.0
4.81	1076.0
4.41	828.0
6.64	13111.0
6.72	5949.0
5.15	1605.0
4.28	571.0
5.38	1816.0
6.54	5767.0
6.31	6762.0
5.3	2897.0
4.35	734.0
4.39	732.0
5.74	2732.0
5.26	1940.0
4.35	657.0
6.26	4140.0
6.92	8256.0
5.76	2993.0
6.12	4381.0
5.14	1289.0
6.1	3689.0
5.64	2376.0
5.41	3570.0
4.34	942.0
5.34	3154.0
4.3	447.0
5.05	2475.0
6.36	4274.0
5.21	2550.0
5.78	2633.0
7.42	10907.0
5.72	2743.0
5.7	4289.0
6.92	10441.0
6.54	7602.0
4.39	589.0
5.64	2764.0
4.24	697.0
6.11	2737.0
4.75	1050.0
4.57	1094.0
5.7	3856.0
4.55	681.0
5.43	2385.0
5.18	1687.0
6.04	4107.0
4.71	1170.0
5.38	3036.0
5.32	1981.0
4.35	732.0
5.41	1829.0
7.48	9959.0
5.78	3528.0
4.3	737.0
5.53	2258.0
5.31	1991.0
6.49	5488.0
6.07	4252.0
4.51	739.0
4.48	1021.0
4.14	413.0
5.16	2732.0
7.35	13162.0
5.32	2644.0
4.85	1089.0
5.49	2481.0
6.29	4541.0
5.19	1406.0
5.15	1642.0
5.59	2352.0
6.84	5047.0
3.93	468.0
5.74	2683.0
6.47	4633.0
5.77	2612.0
5.28	1748.0
6.01	2939.0
4.5	885.0
5.11	1787.0
4.31	413.0
4.77	810.0
4.26	710.0
6.33	15928.0
4.69	808.0
3.99	485.0
4.8	1230.0
5.4	1885.0
4.53	650.0
5.18	1877.0
6.4	7575.0
5.82	2863.0
5.82	2558.0
6.53	10797.0
4.28	709.0
6.08	3079.0
4.27	848.0
4.94	927.0
4.35	593.0
5.05	1654.0
6.26	5342.0
4.81	1064.0
4.75	1076.0
4.81	858.0
6.32	5488.0
4.32	709.0
5.24	1993.0
5.3	2100.0
4.8	1006.0
6.19	4407.0
6.71	7909.0
6.44	5443.0
4.32	709.0
4.22	610.0
4.76	907.0
5.37	2590.0
4.69	690.0
4.81	1015.0
4.49	802.0
5.76	2294.0
5.15	1597.0
6.62	6623.0
4.75	1230.0
4.44	780.0
5.75	2681.0
6.36	3607.0
5.28	2467.0
5.16	1822.0
5.84	3087.0
5.31	1754.0
4.37	734.0
4.69	882.0
5.1	1654.0
5.17	2100.0
5.19	1919.0
6.54	5723.0
4.9	1089.0
5.67	2743.0
7.53	9034.0
5.39	1774.0
6.21	6176.0
4.16	658.0
5.94	3419.0
6.59	5821.0
6.39	5543.0
7.2	17153.0
4.27	710.0
5.68	2913.0
5.42	1700.0
6.39	6303.0
6.34	4717.0
5.28	1913.0
4.56	644.0
5.74	3622.0
6.39	5703.0
7.51	10291.0
4.36	734.0
4.34	942.0
6.53	4388.0
4.39	719.0
5.77	3576.0
5.12	2087.0
4.15	769.0
6.83	6088.0
5.66	3001.0
8.2	17835.0
6.43	8469.0
4.77	977.0
6.18	3809.0
4.64	1003.0
4.39	477.0
4.57	713.0
5.69	3003.0
4.4	756.0
4.82	1199.0
5.62	2288.0
5.08	1654.0
6.38	5543.0
5.1	1787.0
7.41	13995.0
4.03	419.0
5.19	1343.0
5.26	1401.0
5.18	1774.0
4.25	752.0
6.0	2491.0
5.21	1817.0
5.78	3920.0
5.3	1728.0
5.11	2243.0
4.68	1089.0
4.37	910.0
7.27	7291.0
6.07	3689.0
4.27	552.0
4.55	663.0
4.8	791.0
4.12	599.0
4.67	742.0
4.11	769.0
6.59	4626.0
4.77	1060.0
5.55	1690.0
5.82	5841.0
4.85	1389.0
4.45	805.0
4.74	726.0
4.29	552.0
5.22	1753.0
4.48	803.0
4.69	739.0
6.39	6373.0
6.2	3632.0
3.94	492.0
5.11	1553.0
4.46	803.0
4.73	982.0
4.63	1094.0
5.13	1654.0
5.12	1668.0
5.9	3718.0
6.18	4606.0
5.08	1819.0
4.56	1266.0
7.37	12261.0
4.65	876.0
4.38	589.0
5.15	1631.0
5.05	1635.0
6.46	7785.0
4.25	447.0
5.14	1682.0
6.36	6579.0
6.24	5051.0
6.49	5393.0
5.24	1608.0
5.71	2690.0
4.32	552.0
4.32	779.0
5.03	1758.0
4.74	1323.0
4.7	1168.0
8.12	12576.0
4.39	681.0
6.57	5206.0
7.99	13016.0
6.39	11661.0
3.92	530.0
4.34	709.0
4.73	729.0
6.2	5535.0
5.09	1425.0
6.27	4274.0
4.75	1050.0
4.29	710.0
6.33	5430.0
5.77	2262.0
6.48	5605.0
5.21	1892.0
4.7	924.0
4.96	1297.0
5.65	3529.0
8.06	14406.0
6.2	3949.0
6.43	4928.0
5.37	1876.0
5.29	1318.0
5.71	3008.0
4.45	1002.0
6.58	3961.0
4.44	1002.0
5.15	3442.0
6.32	4218.0
4.35	826.0
6.92	12417.0
4.55	1672.0
4.72	1263.0
6.4	5147.0
7.19	13873.0
5.17	1882.0
8.02	13098.0
5.25	2041.0
5.64	3840.0
5.31	1814.0
4.46	780.0
6.99	9756.0
4.47	1033.0
4.6	689.0
4.95	1155.0
5.24	1857.0
5.68	3002.0
5.24	2067.0
4.72	689.0
5.55	1992.0
4.08	622.0
4.7	760.0
5.16	1828.0
4.48	1002.0
5.7	2337.0
4.48	1007.0
5.09	1787.0
5.28	3270.0
5.24	1692.0
5.39	1410.0
6.45	4956.0
7.12	12606.0
4.41	608.0
4.4	507.0
5.28	1611.0
7.37	10934.0
5.86	2823.0
4.82	830.0
6.35	6738.0
5.06	1422.0
5.71	3420.0
5.83	3248.0
5.74	2197.0
4.68	1140.0
5.57	2242.0
4.81	858.0
5.09	1167.0
6.29	4295.0
6.24	3965.0
6.32	3205.0
5.61	2348.0
5.4	4208.0
6.37	4588.0
4.65	812.0
4.56	1018.0
4.37	732.0
4.79	1179.0
5.5	2313.0
6.93	4168.0
6.38	6271.0
4.77	947.0
5.84	2942.0
5.34	1723.0
5.47	2508.0
4.35	1112.0
6.23	4969.0
4.53	827.0
5.43	1385.0
7.76	11431.0
4.81	744.0
5.86	4213.0
4.34	683.0
4.64	851.0
6.65	5174.0
4.37	606.0
4.35	709.0
5.71	2222.0
5.54	2787.0
4.15	470.0
5.79	3813.0
7.13	10796.0
6.99	4916.0
5.14	1628.0
5.29	2030.0
4.26	414.0
7.39	11428.0
6.9	14841.0
7.19	6596.0
5.96	3058.0
6.43	6733.0
6.55	8818.0
6.0	3567.0
7.17	9555.0
5.2	1578.0
5.06	2139.0
8.28	16472.0
5.41	1977.0
4.27	571.0
4.36	462.0
4.41	758.0
4.31	710.0
6.5	5050.0
4.39	589.0
7.03	5969.0
4.42	1060.0
4.62	663.0
9.04	13156.0
5.71	2991.0
6.37	5733.0
5.84	4134.0
7.47	13329.0
6.36	6612.0
6.44	10797.0
6.19	4304.0
6.06	3384.0
7.33	16921.0
4.49	1133.0
5.26	2292.0
4.36	911.0
4.34	734.0
4.55	1018.0
6.14	4466.0
5.35	2319.0
4.71	1263.0
5.07	1436.0
6.59	9545.0
5.09	1687.0
7.37	9173.0
5.17	3812.0
6.35	5443.0
5.92	2898.0
7.56	17485.0
4.31	709.0
4.47	739.0
5.47	2029.0
5.06	1668.0
4.69	988.0
3.98	512.0
5.41	3382.0
5.35	2066.0
4.72	1754.0
4.33	684.0
4.4	805.0
4.78	1356.0
5.26	1387.0
5.08	1574.0
5.83	3937.0
