4.75	772.0
4.27	848.0
4.33	571.0
4.1	545.0
4.73	1002.0
6.76	11455.0
6.57	10888.0
4.78	1151.0
6.45	10693.0
4.85	1358.0
4.41	876.0
5.06	1744.0
4.38	895.0
5.23	2830.0
4.59	1233.0
4.53	798.0
4.87	1358.0
4.28	895.0
4.61	1200.0
4.9	1422.0
6.46	11163.0
4.05	532.0
5.89	2753.0
5.25	2609.0
4.33	816.0
4.31	1013.0
4.07	599.0
4.77	1043.0
6.09	4847.0
5.35	3032.0
4.32	816.0
5.11	2787.0
4.41	956.0
5.28	2750.0
4.45	596.0
5.8	3402.0
5.2	1743.0
4.96	2250.0
4.37	687.0
4.78	1179.0
4.37	917.0
4.73	1043.0
5.1	2070.0
4.42	1020.0
4.15	492.0
4.38	1105.0
4.46	1062.0
4.35	660.0
6.88	10435.0
6.67	11330.0
4.31	956.0
5.19	3097.0
6.89	11417.0
6.45	7708.0
4.38	840.0
4.17	620.0
6.92	6378.0
4.03	525.0
4.18	591.0
4.68	847.0
4.42	1080.0
4.38	1046.0
4.27	753.0
4.4	826.0
4.26	684.0
4.32	764.0
5.23	2815.0
4.87	1264.0
5.21	2618.0
4.41	936.0
4.48	1084.0
4.84	1295.0
4.69	954.0
4.81	1179.0
3.93	530.0
4.62	1245.0
4.3	776.0
5.16	2165.0
4.38	879.0
4.29	673.0
4.08	633.0
4.0	678.0
4.34	772.0
4.47	838.0
6.61	11382.0
4.38	865.0
4.92	1792.0
6.32	11923.0
5.76	3913.0
4.29	684.0
7.11	14068.0
4.39	1046.0
4.49	1133.0
4.35	687.0
4.48	969.0
4.4	756.0
6.55	7467.0
6.8	13595.0
6.7	12956.0
5.42	3333.0
5.16	2830.0
5.26	1787.0
4.28	607.0
4.51	862.0
5.71	3504.0
4.46	936.0
5.75	5154.0
5.78	3137.0
5.54	4022.0
4.21	566.0
4.43	955.0
4.31	636.0
4.32	1094.0
4.22	684.0
5.21	2387.0
4.86	1235.0
5.14	2111.0
6.56	11480.0
5.06	1885.0
4.79	1431.0
4.29	802.0
7.01	6918.0
4.48	880.0
4.35	801.0
4.77	1157.0
5.69	2947.0
4.37	886.0
5.66	4021.0
4.4	814.0
4.5	1174.0
4.74	1017.0
6.79	12447.0
4.73	1059.0
4.29	816.0
5.96	3846.0
7.45	16169.0
5.69	2536.0
5.74	2642.0
4.41	708.0
5.17	2251.0
4.54	849.0
4.69	1124.0
5.37	3234.0
4.31	1013.0
4.74	1397.0
4.85	1035.0
5.77	4182.0
5.27	2682.0
5.67	3724.0
4.49	842.0
4.22	664.0
5.52	2207.0
5.74	3323.0
4.34	985.0
4.28	684.0
4.73	1263.0
5.75	2741.0
4.36	863.0
6.32	8008.0
4.39	779.0
5.29	1993.0
6.74	11182.0
3.92	492.0
5.98	3181.0
4.6	1140.0
5.05	1556.0
4.42	1060.0
4.75	1043.0
6.58	4445.0
4.28	838.0
5.17	1838.0
4.94	1659.0
5.21	2106.0
4.7	926.0
5.17	2273.0
5.21	2867.0
4.88	945.0
4.71	1186.0
4.4	672.0
5.12	2070.0
4.81	1327.0
4.01	963.0
4.31	764.0
5.74	1844.0
4.79	1356.0
4.73	875.0
4.02	525.0
5.7	3332.0
4.42	912.0
4.13	604.0
4.4	681.0
5.62	3204.0
6.1	4187.0
4.2	620.0
3.9	530.0
4.81	905.0
5.47	2127.0
6.36	7861.0
4.58	1330.0
4.38	886.0
4.67	1327.0
4.75	1367.0
6.93	10482.0
7.2	16808.0
5.5	3212.0
5.06	1715.0
4.02	740.0
4.23	789.0
4.41	912.0
4.61	718.0
4.98	2460.0
4.44	795.0
4.31	789.0
4.23	669.0
4.67	1183.0
4.22	596.0
4.44	778.0
5.13	2275.0
4.86	1235.0
4.92	1433.0
4.1	769.0
4.47	1001.0
4.83	1016.0
4.75	1154.0
4.65	1116.0
4.38	789.0
4.38	756.0
4.78	1582.0
5.15	1987.0
6.83	15185.0
4.48	730.0
5.42	4209.0
4.33	1013.0
3.94	485.0
5.84	3966.0
4.31	942.0
7.26	9471.0
4.4	912.0
4.74	1043.0
5.35	1728.0
4.33	897.0
5.36	3791.0
5.41	2048.0
5.6	2877.0
4.43	988.0
5.31	2164.0
5.21	1846.0
4.79	1107.0
4.42	827.0
5.27	2632.0
4.21	742.0
4.87	1207.0
7.33	15420.0
4.85	1037.0
4.35	631.0
4.44	835.0
4.03	485.0
6.19	8529.0
6.68	11641.0
3.97	559.0
4.4	921.0
4.34	878.0
5.34	1805.0
7.63	14603.0
4.32	926.0
4.73	1140.0
4.75	975.0
5.72	4951.0
6.39	9810.0
6.38	4115.0
6.14	4114.0
5.36	1949.0
5.48	3161.0
4.47	1021.0
4.4	1129.0
4.74	1446.0
6.05	7230.0
4.37	1028.0
4.79	884.0
4.79	1084.0
4.72	1263.0
4.28	862.0
4.77	1356.0
5.66	2827.0
5.71	3461.0
4.7	842.0
6.82	11886.0
5.75	2930.0
4.67	936.0
4.18	622.0
4.53	945.0
6.87	9604.0
5.71	2694.0
6.75	6672.0
5.81	3363.0
4.82	1179.0
4.73	1362.0
4.89	1584.0
5.63	4362.0
4.06	575.0
5.69	3300.0
4.42	544.0
4.75	1123.0
4.32	684.0
4.82	1179.0
6.59	10134.0
5.28	2467.0
4.38	789.0
4.6	1292.0
4.29	1013.0
6.39	8485.0
5.8	3380.0
4.33	789.0
3.91	478.0
5.69	2827.0
3.88	530.0
5.29	1580.0
5.19	1956.0
4.48	1052.0
4.84	1179.0
5.03	1838.0
4.82	1264.0
4.42	1020.0
7.23	8568.0
4.33	884.0
4.79	1356.0
4.39	868.0
4.41	912.0
4.17	504.0
4.74	1200.0
4.26	862.0
4.68	791.0
5.3	1941.0
3.94	414.0
3.97	559.0
5.17	1593.0
5.78	3993.0
4.02	504.0
5.69	5338.0
4.52	803.0
4.71	1041.0
4.37	730.0
4.38	842.0
4.26	814.0
4.27	764.0
7.43	15992.0
4.78	1245.0
4.37	936.0
4.41	895.0
4.0	432.0
4.31	759.0
5.11	2720.0
6.15	4890.0
4.85	1107.0
4.28	710.0
4.44	947.0
6.23	3746.0
6.83	13536.0
4.3	819.0
4.38	907.0
4.46	1374.0
4.49	1080.0
6.67	13405.0
4.59	931.0
5.87	3648.0
7.06	5761.0
4.05	552.0
4.54	733.0
7.01	10916.0
4.46	848.0
4.64	1164.0
6.48	8637.0
6.82	15005.0
4.13	566.0
5.87	5251.0
4.38	571.0
5.7	3252.0
4.85	1422.0
5.28	1819.0
4.32	816.0
6.81	5893.0
4.36	842.0
6.79	11226.0
5.72	3075.0
4.34	789.0
4.18	721.0
5.79	3667.0
4.93	1438.0
4.34	789.0
4.22	684.0
5.11	1887.0
4.38	903.0
4.29	826.0
4.57	1024.0
4.34	789.0
5.23	2860.0
5.65	2862.0
4.7	790.0
5.73	4252.0
7.01	8928.0
4.25	705.0
5.84	3804.0
6.35	10019.0
3.99	449.0
4.14	544.0
4.2	669.0
4.44	880.0
5.75	2899.0
5.06	1925.0
4.68	967.0
5.68	4951.0
4.27	709.0
3.99	678.0
5.31	1758.0
4.46	1040.0
4.3	814.0
5.49	2177.0
4.89	1160.0
4.17	646.0
4.06	577.0
5.68	2421.0
4.62	1101.0
4.46	1021.0
4.44	880.0
3.9	492.0
4.36	767.0
4.4	948.0
4.03	458.0
4.38	886.0
6.36	9870.0
4.74	1151.0
4.47	806.0
4.32	826.0
4.66	1053.0
5.81	4482.0
4.38	977.0
4.68	1159.0
5.67	3348.0
4.53	798.0
6.34	10760.0
4.4	802.0
5.76	2406.0
4.29	878.0
4.77	1004.0
4.47	1021.0
4.12	622.0
5.06	1883.0
6.05	4382.0
5.76	3669.0
4.08	526.0
4.2	608.0
5.07	2682.0
4.67	821.0
4.29	665.0
5.44	2509.0
3.98	432.0
6.57	10861.0
4.37	826.0
6.86	6001.0
5.24	1781.0
4.27	1013.0
4.35	761.0
6.44	8168.0
4.26	563.0
5.26	1733.0
4.28	764.0
4.78	1356.0
4.03	524.0
6.59	9703.0
6.04	3741.0
5.27	2302.0
4.13	597.0
3.95	583.0
6.72	9214.0
7.01	11146.0
4.36	926.0
4.8	1356.0
4.33	786.0
4.46	1052.0
4.27	789.0
4.31	838.0
4.03	740.0
4.77	1151.0
4.33	772.0
4.91	1202.0
4.98	1779.0
4.72	1200.0
5.2	3321.0
4.43	1114.0
4.79	1057.0
4.32	1013.0
4.27	905.0
4.42	708.0
4.83	1547.0
4.28	862.0
4.95	990.0
4.07	724.0
4.44	1021.0
5.09	1810.0
4.57	1116.0
5.39	2772.0
4.35	691.0
4.21	566.0
4.19	642.0
4.4	1235.0
5.86	4246.0
4.75	1089.0
5.73	5086.0
4.28	814.0
4.67	854.0
5.2	2123.0
4.21	737.0
4.25	607.0
4.76	1200.0
4.71	1124.0
5.28	2356.0
4.36	988.0
4.64	1267.0
4.39	840.0
4.3	814.0
5.76	4198.0
4.3	838.0
4.64	718.0
4.85	1621.0
4.68	1290.0
5.16	2495.0
5.7	2918.0
4.36	707.0
6.63	9282.0
5.93	3737.0
4.44	1080.0
4.67	1096.0
6.56	10329.0
4.41	867.0
6.02	3570.0
4.76	842.0
6.45	11154.0
5.81	3005.0
5.15	2081.0
4.69	1123.0
4.71	1397.0
4.44	772.0
5.15	2027.0
4.34	1013.0
3.98	525.0
5.02	1914.0
4.4	626.0
4.44	838.0
4.33	763.0
4.39	1064.0
4.31	709.0
4.48	730.0
5.89	3952.0
4.13	575.0
4.24	684.0
5.38	1982.0
5.24	1944.0
7.27	11512.0
5.73	5019.0
4.06	668.0
6.66	6766.0
4.8	945.0
4.45	982.0
4.34	907.0
4.55	681.0
6.43	7797.0
6.46	7945.0
6.9	10809.0
4.09	599.0
5.03	2121.0
5.73	3548.0
4.01	472.0
4.76	1431.0
4.84	1107.0
5.57	2318.0
4.43	749.0
5.25	1608.0
4.86	1235.0
4.76	1151.0
5.17	1748.0
5.55	2177.0
6.86	11503.0
6.94	9232.0
4.39	803.0
4.78	1115.0
4.73	704.0
4.74	1295.0
6.34	8246.0
3.97	478.0
3.95	336.0
8.49	16100.0
4.09	545.0
4.73	1160.0
3.92	465.0
4.74	1151.0
5.63	3692.0
4.32	665.0
4.48	854.0
4.75	1123.0
4.85	1017.0
3.95	484.0
5.64	3310.0
5.88	3907.0
6.84	12776.0
6.39	11028.0
4.44	730.0
4.9	1422.0
4.42	1028.0
4.89	1586.0
6.55	4955.0
4.27	1013.0
5.8	3537.0
4.37	842.0
4.82	1235.0
4.28	789.0
6.96	15247.0
5.4	1698.0
4.38	1105.0
4.42	983.0
3.99	485.0
5.66	5338.0
4.76	1295.0
4.19	646.0
4.76	863.0
4.45	828.0
5.8	5154.0
4.01	680.0
5.8	4504.0
4.84	1389.0
4.81	1358.0
4.4	796.0
4.4	878.0
4.75	863.0
4.53	967.0
4.78	997.0
4.42	702.0
4.42	752.0
5.75	3689.0
4.39	732.0
6.74	6750.0
5.66	2559.0
4.76	1123.0
5.16	2691.0
5.28	1698.0
5.0	1800.0
4.3	1013.0
3.96	548.0
4.72	1867.0
4.33	1046.0
4.38	954.0
5.43	2142.0
6.4	7657.0
4.78	1367.0
3.9	530.0
4.41	898.0
4.44	1080.0
6.45	8736.0
4.32	834.0
4.43	868.0
5.12	1702.0
6.36	6296.0
4.52	973.0
5.16	2005.0
5.12	2525.0
5.72	3762.0
4.42	917.0
4.37	854.0
4.46	838.0
4.3	814.0
4.43	1140.0
4.35	709.0
3.95	485.0
5.7	2572.0
5.8	2208.0
4.74	873.0
4.71	1080.0
4.36	1046.0
6.88	8489.0
4.76	842.0
4.45	730.0
5.83	4013.0
6.99	14952.0
6.41	6777.0
4.22	554.0
4.33	956.0
4.9	1235.0
4.12	468.0
5.07	1966.0
4.42	814.0
4.39	1067.0
5.79	2450.0
4.79	1108.0
4.38	730.0
4.37	676.0
5.11	1695.0
5.04	1947.0
5.76	3061.0
4.36	557.0
4.26	789.0
4.38	764.0
4.36	749.0
5.15	2812.0
4.86	1207.0
6.75	9781.0
5.25	2359.0
4.43	1080.0
5.09	1648.0
4.31	464.0
5.63	2682.0
3.94	485.0
4.31	764.0
4.65	903.0
5.39	2945.0
3.89	472.0
4.4	973.0
4.44	1140.0
4.33	707.0
4.65	1008.0
5.36	2829.0
4.75	849.0
4.1	498.0
6.86	12081.0
6.79	8709.0
4.78	1400.0
6.45	8120.0
5.25	2042.0
3.94	583.0
4.46	867.0
4.33	830.0
6.89	9744.0
4.73	1295.0
4.84	1230.0
4.76	1367.0
4.93	1018.0
4.3	789.0
4.83	1264.0
4.33	651.0
4.85	1011.0
4.74	1043.0
4.39	789.0
6.91	8219.0
6.66	10752.0
4.31	639.0
4.53	1103.0
4.73	1043.0
6.56	7273.0
5.9	3311.0
3.96	552.0
5.77	5019.0
6.75	9784.0
4.41	1114.0
5.24	1944.0
4.44	779.0
7.48	17204.0
6.82	12613.0
4.64	1096.0
4.5	967.0
4.42	575.0
4.25	650.0
4.64	1056.0
4.32	764.0
4.36	789.0
5.28	2473.0
5.37	3313.0
6.9	13096.0
4.28	709.0
4.68	945.0
4.3	838.0
5.89	4490.0
5.22	2005.0
6.8	10572.0
6.68	8508.0
4.45	1000.0
4.28	635.0
4.73	1043.0
4.75	1333.0
4.58	994.0
4.29	844.0
4.26	684.0
5.69	3206.0
4.34	924.0
7.39	9555.0
4.34	926.0
4.43	917.0
7.38	9383.0
4.27	607.0
4.36	707.0
4.23	678.0
6.38	10887.0
4.79	1295.0
6.77	13015.0
4.82	1179.0
4.78	1908.0
3.9	478.0
4.32	976.0
5.78	3388.0
6.33	7415.0
4.54	863.0
4.41	1008.0
5.13	1776.0
5.7	2606.0
4.29	763.0
4.34	571.0
6.37	7861.0
6.82	11913.0
4.85	1207.0
4.24	965.0
7.11	11640.0
4.75	1323.0
5.18	2604.0
6.77	9023.0
4.54	853.0
4.82	1582.0
5.28	3270.0
5.75	3566.0
4.34	802.0
4.29	682.0
4.79	775.0
4.34	707.0
4.46	984.0
6.49	7738.0
4.4	1046.0
4.72	1397.0
4.51	751.0
6.78	8072.0
4.63	1096.0
4.34	838.0
4.99	2460.0
4.4	1046.0
4.94	1093.0
6.7	8724.0
4.35	846.0
4.35	924.0
5.23	1982.0
4.49	863.0
4.23	629.0
6.78	9095.0
4.45	945.0
4.4	642.0
7.1	8281.0
5.24	2027.0
4.3	665.0
4.63	894.0
5.74	2958.0
5.66	2866.0
4.42	814.0
4.52	916.0
4.78	1354.0
5.17	1625.0
5.13	1865.0
4.1	478.0
6.59	10867.0
4.01	705.0
5.17	1754.0
4.28	665.0
4.43	1020.0
4.5	802.0
5.72	2492.0
4.42	814.0
4.88	1235.0
4.36	790.0
4.76	1184.0
6.4	8154.0
6.94	15026.0
4.98	1323.0
4.3	1013.0
4.15	733.0
4.69	1124.0
4.69	1008.0
4.56	1030.0
4.32	684.0
5.47	2569.0
4.2	799.0
4.38	990.0
4.46	895.0
5.22	2041.0
4.32	862.0
5.06	2018.0
5.69	3763.0
4.38	842.0
3.93	552.0
5.14	1919.0
7.52	11526.0
4.45	1133.0
4.68	1228.0
4.42	828.0
4.34	897.0
4.96	1294.0
4.26	945.0
4.09	657.0
5.33	1944.0
4.62	1047.0
4.8	1356.0
4.26	814.0
5.69	2390.0
4.33	802.0
4.21	684.0
4.58	839.0
4.64	1267.0
4.34	878.0
4.8	1207.0
4.34	671.0
4.42	1044.0
6.68	12725.0
4.34	907.0
4.75	1168.0
5.16	2370.0
4.83	1389.0
5.83	3096.0
4.35	707.0
4.32	764.0
4.43	646.0
4.91	1924.0
5.7	4171.0
6.97	11589.0
4.41	1140.0
5.16	2905.0
5.04	1871.0
4.3	802.0
4.39	903.0
5.08	1897.0
4.77	1263.0
5.8	2536.0
4.65	842.0
6.98	10922.0
4.15	682.0
4.55	842.0
4.56	1028.0
4.23	775.0
4.53	966.0
4.41	755.0
4.07	525.0
6.63	10546.0
4.37	1013.0
4.44	965.0
5.83	3567.0
4.65	1055.0
6.78	8286.0
4.38	907.0
4.47	795.0
4.33	802.0
7.35	15665.0
5.87	2893.0
5.92	3347.0
4.86	987.0
4.33	1041.0
4.83	971.0
4.37	1074.0
4.25	878.0
5.45	1692.0
4.75	1097.0
6.07	6124.0
5.4	2166.0
4.24	789.0
4.46	1014.0
5.7	3606.0
6.29	7507.0
4.13	642.0
4.45	967.0
4.28	862.0
4.08	526.0
4.03	498.0
4.71	1111.0
6.37	9908.0
4.32	737.0
5.72	3502.0
4.43	1312.0
5.7	2946.0
6.69	10644.0
4.45	868.0
5.06	2223.0
5.52	2237.0
4.94	1778.0
4.39	589.0
4.12	597.0
4.83	1230.0
4.78	1213.0
4.4	1080.0
4.7	1143.0
5.32	3496.0
4.59	783.0
4.15	622.0
5.6	4114.0
6.72	8561.0
5.7	3611.0
5.18	2005.0
4.5	863.0
4.71	1349.0
4.43	814.0
5.53	2766.0
5.67	3104.0
4.42	984.0
5.29	1904.0
4.0	521.0
4.35	954.0
4.11	468.0
4.04	680.0
4.96	1572.0
4.87	926.0
5.08	2145.0
4.24	607.0
6.52	6504.0
4.36	865.0
5.6	2577.0
4.05	633.0
4.89	1261.0
4.34	1000.0
5.15	1936.0
4.42	880.0
4.46	964.0
4.36	671.0
4.62	1098.0
4.77	1442.0
4.8	1279.0
4.76	1080.0
7.35	9384.0
4.8	863.0
4.18	586.0
5.98	3188.0
4.68	1333.0
4.39	1140.0
4.96	1358.0
4.78	1200.0
4.07	586.0
4.29	1013.0
4.86	1431.0
5.81	2797.0
4.34	816.0
3.99	485.0
4.71	1051.0
6.56	9881.0
6.39	4989.0
5.28	1846.0
5.95	5752.0
5.3	3005.0
5.71	3936.0
4.24	707.0
4.34	687.0
4.6	794.0
5.27	2243.0
4.81	1326.0
7.32	12498.0
6.67	7459.0
4.66	1992.0
4.42	990.0
4.34	730.0
4.74	1263.0
4.32	552.0
4.45	1114.0
4.52	745.0
3.97	552.0
4.42	810.0
4.23	504.0
4.53	819.0
5.31	2555.0
5.16	1987.0
6.95	15767.0
4.14	545.0
5.58	2084.0
4.42	990.0
4.31	878.0
6.99	13320.0
4.8	1123.0
4.45	626.0
6.19	4944.0
7.05	11162.0
4.32	921.0
5.41	2218.0
4.5	751.0
4.74	1295.0
4.47	724.0
4.33	895.0
6.09	3872.0
4.33	814.0
6.35	7134.0
4.3	612.0
4.48	838.0
5.65	4341.0
4.4	789.0
4.28	819.0
4.74	1915.0
5.25	1944.0
7.21	9301.0
4.83	1656.0
5.29	1698.0
5.11	2045.0
4.33	737.0
4.67	842.0
4.46	796.0
4.34	840.0
5.21	3307.0
5.25	2055.0
7.57	16599.0
7.3	15959.0
6.26	5886.0
4.45	1014.0
5.88	4234.0
4.26	789.0
4.49	1052.0
5.82	4468.0
5.23	1712.0
4.78	1207.0
4.44	1114.0
4.32	936.0
6.35	10993.0
4.65	1400.0
3.91	530.0
4.51	1272.0
4.29	609.0
5.18	2001.0
4.08	597.0
4.16	586.0
4.14	395.0
5.76	3900.0
4.74	1059.0
4.38	954.0
4.25	790.0
5.73	4889.0
4.45	868.0
4.29	707.0
6.82	12175.0
4.67	921.0
4.79	1068.0
4.99	1926.0
4.36	924.0
4.27	862.0
4.33	789.0
4.38	853.0
7.42	12336.0
5.17	2205.0
4.51	945.0
6.9	15878.0
5.82	3423.0
5.12	1971.0
4.5	1211.0
6.53	11279.0
5.08	1800.0
4.27	814.0
5.56	1691.0
4.35	571.0
4.42	912.0
4.33	895.0
4.6	1764.0
4.8	945.0
4.99	1736.0
4.92	1143.0
4.43	1130.0
5.3	2318.0
4.36	949.0
5.2	1847.0
4.38	954.0
5.4	3082.0
4.76	1179.0
4.34	816.0
4.26	814.0
4.3	816.0
5.32	2020.0
4.38	789.0
4.8	1088.0
4.8	1230.0
4.41	1061.0
4.4	730.0
4.82	1431.0
4.7	1333.0
4.28	838.0
5.65	2549.0
4.37	907.0
4.63	1080.0
5.13	1577.0
4.12	657.0
6.12	5978.0
4.73	1043.0
4.31	747.0
4.67	1327.0
4.46	906.0
4.48	995.0
4.71	1376.0
5.69	3517.0
4.22	673.0
4.16	548.0
6.74	13968.0
4.18	799.0
4.75	1055.0
6.86	10724.0
5.17	1809.0
4.66	1245.0
4.48	1114.0
4.25	612.0
7.09	8501.0
4.38	816.0
7.67	18445.0
4.6	752.0
4.78	1824.0
6.29	7084.0
4.33	945.0
6.39	10954.0
4.76	1057.0
5.81	5006.0
5.34	3154.0
4.4	865.0
4.3	838.0
7.17	11654.0
5.72	3073.0
5.25	1814.0
5.15	2029.0
5.25	1415.0
5.26	1944.0
4.28	702.0
4.53	906.0
4.6	1173.0
4.76	1323.0
4.76	805.0
5.15	1776.0
4.43	1046.0
4.79	1238.0
7.25	18682.0
6.47	5588.0
4.74	1179.0
4.66	1119.0
4.39	589.0
5.28	2087.0
4.35	826.0
4.8	1012.0
4.34	665.0
4.34	777.0
5.33	2728.0
4.43	626.0
4.72	790.0
4.42	780.0
5.12	1933.0
4.39	816.0
3.94	536.0
4.91	1264.0
4.71	1219.0
4.45	935.0
7.54	12186.0
6.4	7644.0
4.73	1139.0
4.44	1040.0
4.55	887.0
4.39	732.0
4.4	698.0
4.66	1070.0
5.13	2153.0
4.75	1230.0
4.3	816.0
4.45	1014.0
4.41	814.0
4.11	679.0
4.42	1140.0
4.44	1114.0
5.25	2041.0
4.48	1084.0
5.67	3626.0
4.42	936.0
4.17	547.0
4.39	708.0
4.4	1046.0
4.72	1088.0
5.63	3276.0
4.3	816.0
5.33	3732.0
4.41	814.0
3.96	485.0
4.93	1393.0
4.61	645.0
4.28	1114.0
4.57	794.0
4.84	865.0
4.82	1197.0
4.65	1279.0
4.34	945.0
4.83	945.0
4.37	687.0
4.62	1303.0
4.47	1133.0
4.37	730.0
6.39	8454.0
6.39	9724.0
4.37	557.0
4.71	1349.0
4.93	990.0
4.43	939.0
5.28	1637.0
4.3	571.0
4.4	707.0
4.32	783.0
4.79	1356.0
4.48	965.0
5.73	3779.0
4.48	775.0
4.44	1207.0
4.41	1067.0
6.49	11815.0
4.79	1235.0
4.31	789.0
4.85	1202.0
4.29	878.0
4.05	582.0
4.04	478.0
7.02	10787.0
4.46	984.0
4.21	607.0
4.26	789.0
4.38	942.0
4.35	1046.0
7.24	11088.0
5.22	1681.0
4.41	820.0
5.27	2380.0
4.76	1323.0
4.29	878.0
4.7	1017.0
5.14	1564.0
4.45	838.0
4.51	1052.0
4.78	1115.0
3.88	485.0
4.45	763.0
4.88	926.0
4.32	707.0
6.16	8979.0
3.93	583.0
4.32	816.0
5.23	1875.0
4.43	880.0
7.62	18279.0
4.1	525.0
5.18	1969.0
4.23	642.0
4.85	1179.0
6.77	9025.0
5.11	2323.0
4.07	599.0
6.74	8863.0
4.63	1400.0
5.21	1723.0
4.42	926.0
4.85	1827.0
4.32	552.0
5.33	1616.0
3.98	484.0
4.77	884.0
4.46	893.0
6.04	4381.0
4.44	748.0
6.97	8759.0
4.29	789.0
4.51	959.0
3.92	552.0
4.33	1102.0
4.47	1024.0
5.31	2153.0
5.18	2896.0
4.34	857.0
5.36	2625.0
4.71	1160.0
4.45	755.0
4.86	1433.0
5.22	2501.0
5.77	2715.0
5.27	1845.0
4.28	832.0
4.88	867.0
4.37	816.0
6.39	8005.0
6.45	10197.0
4.83	1356.0
5.75	5019.0
4.35	687.0
6.71	9259.0
5.27	2951.0
4.26	868.0
4.37	827.0
4.45	801.0
4.26	665.0
6.89	8920.0
5.3	1709.0
4.42	878.0
6.39	7848.0
4.33	816.0
4.21	828.0
3.97	530.0
4.49	956.0
4.33	1041.0
4.14	659.0
4.38	936.0
4.33	790.0
4.68	1145.0
5.67	2530.0
4.46	906.0
5.3	2697.0
4.37	975.0
4.55	1096.0
5.88	5288.0
6.4	6801.0
4.34	694.0
6.54	8398.0
4.76	842.0
6.58	9276.0
3.93	536.0
5.22	1774.0
5.68	2456.0
4.45	868.0
4.79	875.0
6.35	9498.0
6.33	9012.0
4.83	1155.0
4.25	753.0
4.79	1431.0
3.97	608.0
4.25	1013.0
5.23	1639.0
4.65	1142.0
3.94	492.0
4.83	1074.0
3.99	485.0
7.07	12342.0
4.69	744.0
4.4	730.0
4.71	921.0
6.96	7389.0
4.39	1067.0
5.67	2867.0
4.32	814.0
7.12	12455.0
4.33	814.0
4.26	684.0
6.6	10463.0
4.72	1183.0
4.75	1168.0
4.76	1547.0
5.35	1870.0
4.4	973.0
4.87	1118.0
4.42	912.0
3.94	499.0
4.74	1123.0
4.33	907.0
5.3	2339.0
4.35	1094.0
4.54	887.0
4.52	813.0
4.4	814.0
4.72	1123.0
4.36	789.0
4.27	789.0
4.26	731.0
5.41	2167.0
4.53	909.0
4.74	1778.0
4.47	977.0
5.75	4015.0
4.44	965.0
4.1	760.0
4.35	873.0
7.45	16451.0
4.42	868.0
4.66	1257.0
4.37	840.0
4.47	995.0
4.34	789.0
4.31	764.0
5.79	4339.0
4.37	789.0
4.74	1637.0
7.36	9215.0
4.34	819.0
4.44	901.0
6.49	9598.0
4.95	2290.0
4.35	890.0
4.72	1367.0
5.33	2356.0
4.37	730.0
5.12	1837.0
4.28	816.0
4.75	1290.0
4.07	552.0
5.16	2732.0
4.39	786.0
6.93	11147.0
5.36	1883.0
5.38	3206.0
7.32	11155.0
5.98	4194.0
4.79	1151.0
6.84	10342.0
4.79	1323.0
4.43	990.0
5.08	2027.0
4.35	865.0
5.24	1580.0
4.46	1114.0
6.87	8868.0
5.74	4864.0
4.31	862.0
4.8	1150.0
4.23	828.0
4.3	857.0
4.41	997.0
4.31	609.0
4.53	1116.0
4.01	582.0
4.43	1046.0
4.77	1206.0
6.9	11081.0
4.55	773.0
4.49	971.0
4.81	1431.0
4.08	576.0
4.73	1359.0
4.31	1013.0
6.41	9550.0
4.46	730.0
4.42	752.0
4.69	1008.0
4.84	968.0
4.77	1207.0
4.92	1868.0
4.36	1046.0
5.7	2982.0
5.7	2489.0
0.0	15686.0
7.2	16545.0
6.42	12035.0
4.43	936.0
4.43	1294.0
4.27	862.0
4.43	1207.0
5.32	1961.0
4.04	575.0
4.47	844.0
4.72	1040.0
5.27	2077.0
5.19	1619.0
5.37	1929.0
6.58	8623.0
4.44	1080.0
7.25	14361.0
4.38	890.0
4.34	1012.0
4.37	692.0
4.38	687.0
5.77	2642.0
5.33	2259.0
6.39	11661.0
4.38	907.0
5.28	2202.0
4.87	1356.0
5.1	1370.0
3.98	451.0
4.32	660.0
4.47	939.0
4.34	1046.0
4.35	808.0
5.74	2788.0
4.41	608.0
4.33	707.0
4.27	789.0
4.41	954.0
4.26	878.0
4.34	1013.0
4.56	1000.0
4.43	893.0
6.57	8319.0
5.31	1608.0
4.15	627.0
4.66	1096.0
5.71	2739.0
5.21	1781.0
4.41	977.0
4.3	665.0
4.9	1327.0
5.7	4458.0
4.82	1621.0
5.27	1961.0
4.36	1041.0
4.08	769.0
4.49	931.0
4.68	1080.0
4.34	895.0
4.83	994.0
3.93	583.0
4.33	650.0
4.35	897.0
4.6	630.0
4.83	1151.0
4.62	943.0
5.65	2456.0
5.67	3109.0
4.51	798.0
4.8	1115.0
4.2	752.0
4.34	709.0
5.22	1846.0
4.32	740.0
4.41	732.0
5.34	2990.0
5.34	1837.0
4.64	1095.0
4.38	789.0
4.57	1035.0
7.26	9593.0
4.3	665.0
4.13	562.0
4.37	789.0
4.8	1287.0
4.85	884.0
6.78	13474.0
4.75	1043.0
4.24	787.0
5.54	4084.0
4.4	589.0
5.68	3234.0
4.29	772.0
4.37	801.0
4.75	1406.0
5.28	1983.0
6.16	5032.0
4.38	608.0
4.36	734.0
4.45	1140.0
4.81	1236.0
4.34	735.0
4.85	1223.0
4.95	1338.0
4.58	1163.0
4.32	878.0
4.19	752.0
5.32	1961.0
4.8	1076.0
4.07	575.0
6.99	6494.0
4.27	878.0
3.99	449.0
6.57	9808.0
5.2	1990.0
4.78	1323.0
4.69	1300.0
4.72	870.0
4.77	1168.0
5.4	2256.0
4.15	682.0
5.33	3126.0
4.29	669.0
4.38	936.0
6.17	3932.0
4.79	1196.0
4.37	772.0
4.55	1247.0
6.96	17192.0
4.85	1179.0
4.37	910.0
4.73	970.0
6.6	8895.0
4.91	1369.0
5.17	3247.0
5.66	2541.0
4.45	842.0
5.62	2565.0
3.99	576.0
4.76	1088.0
5.17	2407.0
4.24	478.0
5.67	2742.0
5.73	2606.0
4.14	769.0
4.44	1114.0
6.39	8217.0
4.37	1046.0
4.77	1665.0
5.17	1767.0
4.08	450.0
5.74	3180.0
4.4	926.0
5.23	1872.0
4.42	868.0
6.66	12098.0
4.39	920.0
4.33	895.0
5.67	3831.0
6.77	9009.0
4.48	672.0
4.74	1017.0
4.11	575.0
4.46	775.0
5.31	2217.0
5.73	4027.0
5.27	2236.0
4.15	799.0
4.5	803.0
4.56	1116.0
4.81	1179.0
4.82	926.0
5.66	2938.0
4.52	1176.0
7.03	13406.0
4.79	1236.0
3.93	530.0
5.35	1961.0
3.95	472.0
4.25	571.0
6.56	6685.0
4.81	1088.0
4.47	1100.0
4.36	945.0
4.64	815.0
4.71	967.0
4.77	884.0
4.33	665.0
6.69	11844.0
3.94	485.0
4.37	589.0
4.35	895.0
4.21	544.0
4.5	1174.0
8.22	15654.0
4.34	772.0
4.52	1024.0
4.81	1326.0
7.56	10808.0
5.64	3073.0
4.32	816.0
4.87	1183.0
6.93	12698.0
4.23	642.0
4.77	1166.0
4.21	825.0
6.33	7279.0
4.4	756.0
4.58	868.0
4.35	1013.0
6.78	9075.0
4.4	763.0
5.83	3342.0
4.59	1021.0
4.71	1169.0
4.32	959.0
7.13	15247.0
4.5	798.0
5.23	2514.0
4.91	2290.0
4.37	816.0
7.31	12648.0
4.81	1400.0
4.57	764.0
5.27	1979.0
4.33	977.0
6.51	8647.0
4.52	1167.0
4.22	858.0
4.74	1043.0
5.75	3239.0
5.7	2572.0
4.79	1123.0
4.5	1030.0
4.32	1041.0
6.43	10619.0
4.45	940.0
4.9	1145.0
5.69	1945.0
5.34	2805.0
3.9	518.0
5.71	3254.0
4.3	866.0
6.89	12584.0
4.1	490.0
6.6	14032.0
5.78	4362.0
4.36	747.0
4.49	1272.0
4.1	599.0
5.42	2568.0
6.5	10825.0
4.49	863.0
7.19	14842.0
4.0	465.0
4.25	552.0
4.87	1143.0
4.11	577.0
4.35	789.0
6.35	7741.0
4.45	1061.0
4.38	865.0
4.39	990.0
4.92	1264.0
5.24	4042.0
4.42	575.0
6.89	9872.0
6.17	4099.0
4.72	1168.0
4.46	868.0
4.78	1582.0
4.49	1028.0
6.43	10789.0
4.33	828.0
4.48	730.0
4.77	891.0
4.42	761.0
4.28	1041.0
4.51	973.0
4.16	642.0
4.33	924.0
5.42	3001.0
3.89	505.0
4.49	984.0
4.94	1413.0
7.36	17279.0
5.83	2772.0
7.3	12981.0
4.27	862.0
7.0	11469.0
4.9	1690.0
6.83	6989.0
4.75	1323.0
5.86	4904.0
4.85	1264.0
4.45	775.0
4.31	789.0
4.8	1200.0
4.68	923.0
4.3	882.0
4.79	945.0
4.03	554.0
4.34	589.0
4.5	995.0
4.67	1154.0
4.36	882.0
4.42	936.0
4.34	1013.0
4.37	859.0
4.39	1046.0
5.8	2490.0
4.31	789.0
4.35	620.0
5.44	2064.0
5.41	3570.0
4.36	789.0
4.34	691.0
5.22	2236.0
3.95	554.0
6.55	9041.0
5.82	4127.0
4.44	775.0
5.83	5051.0
4.29	540.0
5.19	3084.0
5.19	1958.0
5.63	3208.0
5.28	3139.0
4.39	917.0
4.9	1274.0
5.36	2322.0
4.37	730.0
4.51	1052.0
5.39	1715.0
4.41	990.0
4.42	854.0
5.79	3124.0
4.76	1033.0
3.9	530.0
5.71	2249.0
4.87	1124.0
4.11	539.0
4.04	552.0
4.79	1076.0
4.53	1167.0
6.18	9636.0
4.46	1084.0
5.7	3014.0
3.93	439.0
4.87	986.0
6.67	8408.0
4.96	974.0
5.1	2070.0
5.2	1846.0
6.84	13321.0
4.8	1026.0
4.88	1120.0
4.36	826.0
4.37	1046.0
4.41	859.0
5.77	3524.0
6.68	11051.0
4.73	1128.0
4.64	800.0
4.31	1013.0
6.96	11248.0
4.76	1824.0
4.86	1207.0
4.53	540.0
4.68	820.0
4.52	1211.0
3.95	530.0
4.3	814.0
4.55	1247.0
5.2	1933.0
4.39	779.0
5.72	3880.0
4.44	880.0
5.76	2947.0
6.36	10463.0
4.34	863.0
4.37	687.0
4.46	592.0
6.47	8317.0
5.12	2527.0
5.35	2006.0
4.48	1071.0
4.07	421.0
4.53	1080.0
5.1	1843.0
4.78	1080.0
5.76	2666.0
5.1	1966.0
5.02	1050.0
4.44	1014.0
4.38	868.0
4.88	1207.0
4.4	756.0
4.5	1122.0
4.58	1116.0
5.65	2559.0
5.77	3487.0
6.39	10641.0
4.46	730.0
6.06	7214.0
4.91	1264.0
7.34	14304.0
6.83	13597.0
6.14	4601.0
4.47	1114.0
4.38	816.0
4.47	1021.0
5.08	1872.0
6.03	4336.0
5.75	4702.0
5.41	3422.0
5.69	2559.0
4.55	858.0
4.31	680.0
6.77	8405.0
6.88	7086.0
4.38	1075.0
4.37	840.0
4.74	1349.0
4.92	1220.0
5.86	5056.0
4.27	684.0
4.42	986.0
4.83	1264.0
5.25	3494.0
6.37	6535.0
4.34	1105.0
4.34	878.0
4.55	1024.0
5.65	2513.0
7.6	11170.0
4.97	1412.0
5.23	1846.0
4.38	730.0
4.39	730.0
4.32	816.0
4.78	1043.0
4.35	907.0
4.47	945.0
3.95	499.0
4.25	815.0
4.29	789.0
4.27	807.0
4.77	1295.0
4.3	878.0
5.76	2979.0
4.62	1267.0
4.81	1179.0
6.0	2790.0
5.33	1929.0
4.36	840.0
4.37	988.0
4.35	990.0
4.23	789.0
4.75	1059.0
4.75	863.0
4.49	819.0
5.33	2716.0
3.96	531.0
4.74	1059.0
8.29	17606.0
4.46	858.0
5.04	2070.0
4.79	1356.0
7.68	13211.0
4.43	692.0
5.56	3248.0
4.92	1207.0
6.36	13312.0
5.17	2745.0
4.65	997.0
4.26	814.0
4.78	1397.0
4.77	1413.0
5.08	1240.0
5.38	1580.0
4.64	1043.0
6.36	10696.0
4.45	802.0
4.28	814.0
4.9	1013.0
4.36	1046.0
4.94	1838.0
4.07	605.0
4.8	1142.0
4.66	921.0
4.0	559.0
5.65	2513.0
4.44	1103.0
4.62	681.0
4.24	642.0
4.57	994.0
4.75	1170.0
5.1	1883.0
5.62	4644.0
7.04	15968.0
4.47	1020.0
3.9	530.0
5.15	1829.0
6.41	10350.0
5.35	2077.0
4.53	627.0
5.13	1648.0
4.33	764.0
4.01	576.0
5.46	3499.0
4.29	709.0
4.75	1295.0
4.24	552.0
3.92	485.0
6.79	13257.0
4.33	912.0
5.29	2510.0
6.7	14407.0
4.67	1191.0
5.19	1948.0
5.67	3354.0
4.54	1024.0
4.38	1080.0
4.32	761.0
4.05	608.0
5.29	2632.0
5.43	1713.0
5.75	3903.0
4.35	651.0
4.41	752.0
6.37	8154.0
4.57	798.0
4.09	657.0
4.38	959.0
4.68	957.0
6.6	8347.0
4.45	780.0
4.27	665.0
6.4	9667.0
4.11	599.0
3.97	478.0
4.79	1200.0
4.57	956.0
4.84	1433.0
5.16	2388.0
4.41	854.0
4.63	1400.0
4.4	752.0
4.41	936.0
5.8	3990.0
4.33	816.0
4.53	945.0
6.47	8373.0
4.92	1235.0
6.02	5029.0
4.01	680.0
4.83	1431.0
6.41	7882.0
4.46	1114.0
3.93	530.0
5.19	2080.0
4.8	1608.0
4.37	730.0
4.42	860.0
4.39	1080.0
5.1	1919.0
4.32	1013.0
4.3	764.0
4.72	1017.0
4.54	1024.0
4.7	1333.0
3.83	478.0
4.5	905.0
4.34	828.0
5.25	1838.0
5.01	1966.0
4.67	1333.0
4.36	709.0
4.67	1096.0
5.12	2163.0
5.16	2208.0
4.32	858.0
4.78	1400.0
4.17	600.0
6.95	14192.0
4.75	1069.0
4.37	732.0
4.32	764.0
5.19	2841.0
8.36	17891.0
7.33	18777.0
5.17	1363.0
4.32	789.0
4.37	816.0
4.36	557.0
4.31	814.0
4.47	1052.0
5.6	3309.0
4.36	786.0
3.98	485.0
5.16	1893.0
4.5	1052.0
4.7	1053.0
4.37	842.0
4.32	764.0
4.34	789.0
4.71	915.0
6.5	8248.0
3.95	478.0
6.66	13485.0
6.41	11062.0
5.59	3261.0
4.01	553.0
4.74	1397.0
4.09	635.0
5.33	1743.0
4.43	828.0
4.42	868.0
4.32	907.0
4.03	678.0
4.41	816.0
3.99	485.0
5.74	2881.0
5.53	2444.0
4.32	907.0
4.6	1071.0
6.85	11717.0
5.16	1881.0
4.27	789.0
4.79	1367.0
4.41	1020.0
4.49	838.0
4.21	828.0
6.71	10982.0
4.45	895.0
4.46	685.0
4.49	1084.0
4.6	774.0
4.07	457.0
7.47	11435.0
4.36	1013.0
5.51	2085.0
4.86	968.0
4.66	1123.0
5.31	2591.0
7.49	16601.0
6.19	4783.0
5.24	2123.0
6.78	10113.0
6.58	5102.0
5.45	3968.0
5.77	2203.0
5.15	3218.0
4.69	949.0
4.48	1114.0
4.32	725.0
4.42	955.0
5.21	2251.0
6.12	4334.0
4.32	995.0
5.88	3796.0
4.86	1260.0
4.45	868.0
5.38	3850.0
6.43	9901.0
4.23	552.0
4.27	572.0
5.71	2139.0
6.11	6237.0
4.68	949.0
5.12	1619.0
4.39	1020.0
6.63	11538.0
4.31	907.0
4.8	1582.0
3.99	552.0
4.28	878.0
4.68	1142.0
5.63	3724.0
6.18	7711.0
6.74	10701.0
4.09	577.0
4.4	708.0
4.45	801.0
5.39	2507.0
5.33	2772.0
5.83	2603.0
4.5	1114.0
4.64	1327.0
4.17	586.0
5.74	3328.0
4.31	731.0
4.57	1053.0
4.28	707.0
4.4	730.0
4.67	1200.0
6.67	8768.0
3.95	458.0
5.73	4847.0
7.48	15334.0
4.55	1053.0
4.52	1052.0
6.46	10539.0
6.67	11737.0
4.11	814.0
5.25	3194.0
6.92	9003.0
5.46	4279.0
4.0	415.0
4.88	1235.0
4.51	880.0
5.19	1893.0
7.05	10255.0
3.94	434.0
4.36	1046.0
4.98	1710.0
4.04	817.0
4.92	1993.0
5.8	2218.0
4.36	707.0
4.5	743.0
4.36	1067.0
4.35	814.0
4.42	867.0
3.94	530.0
5.66	4325.0
5.67	3536.0
4.37	778.0
5.03	1441.0
5.35	2111.0
4.53	1044.0
4.48	1014.0
4.92	1107.0
5.62	3073.0
4.72	1128.0
4.12	566.0
5.36	3090.0
4.29	1114.0
4.28	552.0
4.63	1167.0
4.65	1067.0
4.58	1030.0
4.4	1080.0
4.79	1068.0
4.64	1200.0
4.65	1257.0
5.32	1680.0
4.41	676.0
4.61	975.0
4.38	814.0
5.29	1636.0
4.33	1013.0
3.97	608.0
4.68	1120.0
4.48	1174.0
4.4	868.0
4.86	1358.0
5.24	1593.0
4.8	1097.0
4.63	1087.0
5.75	4860.0
6.57	10872.0
4.34	1046.0
5.67	3062.0
4.79	775.0
4.81	1295.0
5.13	2027.0
4.81	1052.0
4.47	956.0
4.47	1114.0
5.21	3226.0
5.85	2822.0
4.92	1263.0
4.43	1052.0
7.3	9814.0
4.36	789.0
4.56	887.0
4.75	1088.0
4.29	832.0
6.37	10058.0
4.45	858.0
6.42	5478.0
4.4	954.0
4.57	1108.0
6.44	8706.0
5.73	3303.0
6.66	10602.0
4.74	1136.0
5.3	1882.0
4.74	1057.0
4.36	840.0
6.43	8366.0
4.27	789.0
4.07	467.0
4.1	498.0
4.6	1267.0
4.35	789.0
4.38	480.0
3.95	485.0
4.41	1140.0
4.79	1043.0
4.19	522.0
4.06	599.0
4.44	955.0
4.07	450.0
4.81	1584.0
4.11	769.0
5.4	3625.0
6.9	7117.0
6.4	10672.0
5.21	1839.0
4.62	968.0
7.16	8415.0
4.63	768.0
4.28	789.0
4.4	1046.0
4.86	1179.0
5.12	2070.0
4.36	642.0
5.02	1596.0
4.28	764.0
4.77	1307.0
5.65	2386.0
4.55	1024.0
4.74	1295.0
4.77	1367.0
3.94	505.0
6.77	10141.0
4.93	1816.0
6.34	10752.0
4.44	917.0
4.76	1323.0
6.56	6961.0
4.06	560.0
4.14	769.0
4.77	1413.0
7.11	14196.0
5.1	2005.0
5.11	1971.0
7.03	11002.0
5.43	4241.0
4.36	956.0
4.46	939.0
8.1	15836.0
7.36	11688.0
4.3	642.0
5.8	3326.0
5.76	3287.0
4.43	814.0
4.11	600.0
4.09	769.0
4.17	707.0
4.97	1412.0
4.35	764.0
5.68	4231.0
4.36	878.0
5.11	1843.0
4.42	942.0
4.45	893.0
4.03	577.0
4.04	633.0
4.36	732.0
4.85	1235.0
4.76	1068.0
4.66	978.0
4.27	995.0
4.84	1235.0
4.56	810.0
7.32	11033.0
7.06	11247.0
5.23	2882.0
4.43	912.0
4.04	525.0
4.86	1130.0
4.08	468.0
4.39	988.0
5.0	2113.0
4.19	650.0
4.44	1130.0
4.3	789.0
7.29	10956.0
5.1	1838.0
4.1	575.0
5.53	1801.0
5.58	5052.0
4.45	1039.0
3.94	478.0
6.85	10483.0
7.39	16104.0
4.3	1013.0
4.37	651.0
5.18	2080.0
4.71	1080.0
5.66	4228.0
4.37	789.0
4.28	862.0
4.5	687.0
4.03	582.0
5.63	3225.0
5.26	1580.0
4.09	705.0
4.09	635.0
4.28	646.0
4.8	1367.0
4.52	995.0
4.26	626.0
4.33	664.0
4.7	1257.0
4.81	1444.0
4.8	1257.0
5.25	1842.0
4.3	897.0
5.2	2153.0
4.31	732.0
4.37	936.0
5.85	2806.0
5.25	2123.0
4.79	1080.0
4.63	1101.0
4.78	1230.0
6.88	13029.0
5.09	1883.0
6.98	15535.0
4.31	1046.0
4.77	1431.0
4.31	552.0
6.05	4697.0
4.79	1230.0
4.8	1431.0
4.91	1163.0
4.45	1020.0
3.97	492.0
7.54	15420.0
5.78	2484.0
4.45	1044.0
5.67	2536.0
4.71	775.0
4.86	916.0
7.23	15386.0
4.78	1057.0
4.15	622.0
4.7	892.0
4.7	1333.0
4.79	1080.0
4.42	842.0
4.85	1115.0
4.32	878.0
4.38	796.0
4.83	1235.0
4.27	665.0
4.33	912.0
4.33	536.0
5.72	3167.0
4.77	1107.0
4.23	780.0
5.9	4382.0
6.44	11767.0
4.36	842.0
4.31	650.0
4.73	990.0
4.16	522.0
4.79	1068.0
4.27	586.0
4.77	1043.0
3.92	583.0
4.84	1094.0
5.27	1593.0
6.87	10295.0
4.73	1095.0
4.02	554.0
5.13	1710.0
4.61	973.0
4.58	884.0
6.75	11175.0
5.22	2007.0
5.59	3037.0
5.6	3178.0
4.41	1046.0
5.27	2585.0
3.98	548.0
4.28	1013.0
4.43	907.0
4.64	1154.0
4.75	1295.0
4.37	913.0
5.38	1838.0
4.33	895.0
4.38	842.0
6.64	7055.0
4.46	893.0
4.36	1013.0
4.28	764.0
5.26	2451.0
7.48	16104.0
4.34	707.0
4.45	995.0
5.84	4981.0
6.7	14667.0
5.13	2165.0
4.58	607.0
4.93	953.0
4.85	1148.0
4.31	854.0
4.75	1170.0
4.44	803.0
4.32	732.0
4.39	1067.0
4.16	846.0
4.3	552.0
4.38	926.0
4.38	984.0
6.87	11654.0
4.49	939.0
5.14	2333.0
4.57	753.0
4.75	1161.0
4.02	530.0
4.82	991.0
4.8	1745.0
3.99	678.0
4.53	905.0
4.71	1080.0
6.58	8778.0
4.41	772.0
4.06	545.0
5.37	2524.0
5.6	2549.0
4.71	979.0
4.8	1367.0
4.41	868.0
4.04	552.0
5.74	3180.0
3.97	559.0
4.4	955.0
6.41	10498.0
4.41	772.0
4.66	892.0
4.1	552.0
4.79	1230.0
4.78	1400.0
4.38	789.0
4.43	893.0
4.3	772.0
4.31	1114.0
5.25	2569.0
4.82	1142.0
4.32	589.0
4.36	907.0
5.85	4274.0
4.63	1200.0
4.02	530.0
4.51	1044.0
4.46	838.0
4.3	707.0
4.27	541.0
4.36	918.0
4.71	1200.0
4.39	1046.0
4.45	509.0
4.36	778.0
5.4	4172.0
4.32	838.0
4.79	1356.0
4.37	956.0
4.91	1000.0
4.88	848.0
4.34	917.0
6.0	3774.0
4.69	1263.0
4.42	954.0
6.73	9799.0
6.57	13994.0
4.61	1024.0
4.53	946.0
5.67	3204.0
4.37	910.0
3.87	472.0
4.54	821.0
5.83	4171.0
6.83	9377.0
4.44	980.0
4.48	504.0
6.31	7960.0
4.87	990.0
5.75	3105.0
6.42	7412.0
5.71	3602.0
7.02	10485.0
5.78	2575.0
4.98	1661.0
4.38	796.0
4.38	1046.0
3.99	504.0
4.91	1297.0
4.31	802.0
5.0	1898.0
6.67	12200.0
5.15	3373.0
3.97	458.0
4.7	1129.0
7.38	15959.0
4.6	945.0
4.82	1107.0
4.37	840.0
5.27	3126.0
6.35	9243.0
4.3	895.0
3.97	553.0
5.36	2959.0
4.43	868.0
6.21	6088.0
4.0	554.0
4.46	752.0
6.72	14525.0
4.92	1119.0
4.33	571.0
3.99	682.0
4.58	1116.0
5.92	3675.0
4.52	1208.0
4.34	720.0
4.81	1441.0
4.86	1298.0
4.33	1114.0
4.63	815.0
4.47	838.0
5.19	2065.0
5.75	2654.0
3.98	504.0
5.31	1605.0
4.43	936.0
4.95	1263.0
4.51	1044.0
4.33	933.0
4.28	868.0
4.1	769.0
4.35	816.0
5.32	1728.0
4.68	1080.0
4.44	1141.0
6.72	8928.0
4.77	1582.0
4.43	814.0
5.21	3097.0
4.47	1014.0
5.23	1239.0
4.32	725.0
4.8	1367.0
5.83	3610.0
5.65	2938.0
5.26	1916.0
4.31	959.0
4.67	993.0
6.37	7644.0
5.63	3165.0
4.93	978.0
4.39	755.0
4.82	1400.0
4.34	934.0
4.78	1367.0
5.25	1238.0
4.62	960.0
3.98	608.0
4.64	842.0
5.42	2049.0
4.75	1206.0
4.9	1319.0
4.38	868.0
4.48	1052.0
6.47	14498.0
4.4	842.0
4.35	671.0
4.35	672.0
6.99	13200.0
4.73	775.0
4.82	1179.0
4.16	586.0
4.74	977.0
5.2	2821.0
4.25	607.0
6.55	7193.0
6.78	10508.0
5.61	2890.0
6.87	9139.0
4.09	576.0
5.43	1742.0
4.3	764.0
5.31	1790.0
6.6	8946.0
4.39	956.0
4.32	764.0
4.06	679.0
5.91	4304.0
5.27	2866.0
5.43	3084.0
4.6	1049.0
4.26	684.0
4.97	1018.0
4.3	1013.0
4.29	709.0
4.73	1295.0
4.41	1020.0
4.8	884.0
4.37	867.0
4.49	698.0
4.39	926.0
4.82	1207.0
5.07	1966.0
4.32	612.0
4.69	1017.0
4.76	1169.0
4.4	795.0
4.79	1115.0
4.31	552.0
6.47	8608.0
4.39	814.0
4.75	1263.0
4.78	1356.0
5.68	2907.0
4.98	1978.0
6.73	9609.0
5.58	3018.0
6.89	9570.0
4.59	904.0
5.78	3920.0
4.37	862.0
5.72	4454.0
6.87	13824.0
4.27	916.0
4.41	936.0
4.91	1422.0
6.91	10888.0
4.36	988.0
5.12	1766.0
4.33	557.0
3.98	485.0
5.28	3465.0
4.74	805.0
4.57	967.0
4.65	1119.0
5.72	2946.0
4.28	897.0
4.9	1294.0
4.64	1008.0
5.13	3197.0
6.99	11214.0
3.96	485.0
3.92	484.0
6.79	10878.0
4.16	620.0
3.96	432.0
4.73	1374.0
5.71	3294.0
5.75	3708.0
4.46	775.0
4.88	945.0
4.08	599.0
4.41	1080.0
4.28	787.0
4.46	984.0
4.44	775.0
4.7	1224.0
5.59	2510.0
4.47	984.0
4.24	597.0
4.36	975.0
6.01	8239.0
4.77	1295.0
5.08	1966.0
4.63	1069.0
4.42	890.0
6.39	10891.0
3.98	414.0
5.6	3622.0
5.02	1736.0
4.41	936.0
5.66	3808.0
7.34	10968.0
4.45	990.0
4.17	597.0
6.44	9645.0
5.79	3720.0
4.66	995.0
4.59	824.0
4.44	984.0
3.96	478.0
5.17	1933.0
5.09	1865.0
5.14	1963.0
4.1	599.0
4.47	803.0
7.48	10357.0
5.08	2005.0
5.1	1747.0
4.42	955.0
4.39	907.0
4.88	1422.0
4.38	725.0
5.28	2977.0
5.49	2308.0
5.08	1180.0
4.31	802.0
4.84	1235.0
4.45	905.0
4.7	845.0
4.79	1205.0
4.45	939.0
6.92	6186.0
6.7	7080.0
5.98	4858.0
6.17	4664.0
4.75	1778.0
4.62	984.0
4.34	840.0
5.26	2303.0
6.76	9799.0
4.1	752.0
5.24	2922.0
7.02	12255.0
5.35	1980.0
5.72	2618.0
4.38	756.0
5.68	3587.0
4.67	993.0
5.8	4570.0
3.96	472.0
4.78	1582.0
5.1	2341.0
5.29	1712.0
5.26	1881.0
4.01	554.0
4.77	1088.0
4.52	919.0
4.38	884.0
6.64	10204.0
5.34	3741.0
4.27	838.0
3.94	414.0
3.9	462.0
7.22	14936.0
5.13	2040.0
5.05	1780.0
4.8	1094.0
4.89	953.0
4.86	1310.0
4.35	743.0
4.81	1107.0
4.58	921.0
6.41	10704.0
4.37	557.0
6.69	12748.0
4.77	1217.0
4.23	620.0
4.67	1200.0
4.84	1433.0
4.64	1179.0
4.37	789.0
4.29	709.0
4.39	672.0
5.91	4504.0
6.98	9572.0
5.69	4407.0
4.22	646.0
4.78	1241.0
4.81	1223.0
4.08	783.0
4.25	673.0
4.24	607.0
5.33	1698.0
4.33	789.0
5.34	1758.0
4.36	816.0
4.52	756.0
4.44	965.0
4.33	816.0
4.04	525.0
4.27	753.0
4.26	857.0
4.26	753.0
5.22	2015.0
5.38	2052.0
4.01	559.0
4.47	730.0
6.87	11549.0
4.4	892.0
4.8	1001.0
4.78	1179.0
5.2	1778.0
4.55	967.0
5.49	3181.0
4.33	709.0
7.3	15281.0
7.21	15134.0
6.75	11716.0
4.31	816.0
4.24	739.0
6.5	6733.0
5.75	2623.0
4.32	1046.0
4.52	939.0
4.81	1066.0
4.4	924.0
4.36	789.0
6.88	13539.0
4.02	633.0
5.41	2528.0
4.72	1097.0
4.34	853.0
4.55	1672.0
5.33	1622.0
4.61	1718.0
7.4	9322.0
4.14	566.0
4.36	557.0
5.11	2314.0
6.55	10341.0
5.46	3008.0
4.07	552.0
4.46	733.0
4.78	1323.0
5.16	2008.0
4.04	525.0
3.93	472.0
4.42	713.0
4.55	773.0
5.71	3536.0
6.71	6890.0
4.31	853.0
6.57	6623.0
4.73	1397.0
4.47	893.0
4.25	789.0
4.27	814.0
4.35	1046.0
5.15	1940.0
4.03	478.0
4.34	816.0
4.1	740.0
4.91	1164.0
5.26	2321.0
4.25	789.0
4.76	1000.0
4.98	1448.0
4.79	849.0
4.38	732.0
4.34	816.0
4.85	1356.0
3.99	492.0
6.88	16253.0
4.41	1140.0
6.9	10805.0
4.75	1179.0
6.19	3617.0
7.06	10639.0
5.15	2726.0
4.26	715.0
5.17	1668.0
4.74	1068.0
4.85	1365.0
4.3	735.0
4.31	684.0
4.77	986.0
4.16	682.0
4.41	494.0
4.3	725.0
4.4	814.0
4.66	1327.0
5.71	2572.0
7.15	13250.0
5.65	3210.0
5.67	2572.0
7.4	12224.0
4.77	1221.0
6.62	10412.0
5.31	2553.0
4.85	1089.0
5.73	3795.0
5.69	2966.0
4.52	1084.0
5.7	4716.0
5.33	2739.0
4.29	1006.0
4.29	540.0
6.34	4717.0
4.39	789.0
4.84	1422.0
4.37	907.0
6.53	8488.0
4.8	969.0
4.41	766.0
3.94	472.0
6.62	12956.0
4.32	540.0
5.65	2513.0
4.7	1033.0
4.35	816.0
5.87	2840.0
4.9	1179.0
4.85	1548.0
4.4	984.0
4.82	1621.0
4.18	646.0
4.52	821.0
4.3	707.0
4.96	1227.0
4.86	1013.0
4.77	1356.0
4.61	1092.0
4.42	905.0
6.47	9691.0
4.87	1235.0
6.31	10567.0
5.78	4937.0
4.28	814.0
4.37	842.0
6.81	11723.0
6.51	8794.0
5.61	3123.0
6.03	4963.0
4.33	840.0
4.7	1400.0
4.68	1148.0
5.44	2568.0
5.34	3006.0
4.8	1295.0
4.83	1754.0
3.94	478.0
7.47	10824.0
4.49	1107.0
4.34	840.0
5.52	2765.0
4.82	1068.0
5.76	3955.0
4.27	684.0
4.33	730.0
4.51	798.0
5.17	2111.0
5.7	2093.0
4.96	1196.0
4.12	532.0
4.46	820.0
4.43	1061.0
4.79	1196.0
5.08	1684.0
4.65	854.0
6.95	12230.0
4.49	995.0
3.99	640.0
4.52	609.0
4.83	1023.0
4.66	874.0
5.57	4281.0
4.5	1257.0
6.31	7007.0
4.44	780.0
4.28	665.0
4.84	1235.0
5.14	2122.0
5.14	2111.0
4.84	1235.0
4.0	526.0
4.58	874.0
4.47	1114.0
4.38	875.0
4.36	959.0
5.93	4399.0
5.36	2256.0
4.42	770.0
4.53	841.0
6.42	7805.0
4.35	1046.0
4.4	1080.0
4.78	1097.0
4.3	1013.0
4.85	1356.0
4.01	449.0
5.4	1871.0
4.98	1453.0
7.38	16343.0
4.31	868.0
4.45	984.0
4.29	665.0
4.34	687.0
5.27	1846.0
4.76	1200.0
4.1	657.0
4.36	852.0
4.05	564.0
5.14	2063.0
4.93	1297.0
4.72	1249.0
6.54	8268.0
4.54	803.0
4.55	628.0
4.29	737.0
6.76	13595.0
6.04	6399.0
6.4	8005.0
4.33	709.0
4.32	707.0
4.74	1263.0
6.62	6945.0
6.75	9037.0
4.12	525.0
4.36	464.0
4.32	665.0
4.48	913.0
4.26	710.0
4.86	1254.0
5.08	2579.0
5.2	3125.0
6.91	10720.0
5.19	2005.0
4.49	932.0
4.29	684.0
4.27	878.0
4.06	633.0
5.75	3137.0
6.39	9412.0
5.04	1952.0
3.95	530.0
5.66	2549.0
6.65	9049.0
6.02	4485.0
5.63	3830.0
4.92	1178.0
4.99	1365.0
4.56	1266.0
4.88	1307.0
5.25	2866.0
5.24	2041.0
4.26	655.0
4.25	638.0
6.95	10996.0
4.12	740.0
4.25	707.0
4.06	554.0
5.17	1435.0
4.21	828.0
5.08	1664.0
4.55	1024.0
4.85	1431.0
5.31	2356.0
4.51	1084.0
4.81	1433.0
4.28	684.0
7.36	11869.0
6.5	9784.0
4.5	859.0
4.75	1043.0
4.47	494.0
4.55	1044.0
4.82	994.0
4.26	709.0
6.53	8170.0
5.78	2867.0
6.51	12273.0
4.41	936.0
4.49	1211.0
3.94	472.0
4.04	633.0
4.33	707.0
4.34	725.0
4.66	1096.0
4.38	907.0
7.58	17360.0
4.81	1176.0
5.69	4802.0
4.32	1114.0
4.41	1046.0
5.55	2789.0
4.48	626.0
5.2	2834.0
4.71	1342.0
5.38	2193.0
4.69	1270.0
4.51	613.0
4.32	1071.0
6.63	14584.0
4.45	886.0
4.83	905.0
4.18	620.0
4.88	1235.0
4.3	857.0
5.67	2549.0
4.83	1625.0
5.62	3683.0
5.35	1743.0
6.47	11128.0
4.27	789.0
3.94	492.0
5.65	3247.0
4.74	1397.0
4.33	853.0
4.78	1295.0
6.56	8955.0
4.78	1193.0
4.98	2378.0
4.35	779.0
6.33	8115.0
5.65	2549.0
4.24	868.0
4.44	880.0
4.49	956.0
5.78	3175.0
4.24	552.0
4.38	942.0
4.88	1358.0
7.42	18294.0
4.27	552.0
5.25	3352.0
4.32	709.0
4.3	655.0
6.56	9980.0
4.95	1955.0
6.55	8643.0
5.23	3323.0
4.07	576.0
4.72	1107.0
5.63	2042.0
4.17	682.0
5.22	2154.0
5.7	2381.0
4.48	1114.0
4.29	684.0
4.71	1097.0
4.46	995.0
4.17	752.0
3.93	530.0
5.19	2778.0
4.82	1659.0
5.77	2678.0
6.59	7725.0
6.37	9474.0
5.18	1913.0
4.79	1547.0
3.96	536.0
4.27	814.0
7.4	16492.0
4.71	1323.0
4.84	1037.0
6.96	11218.0
5.76	3604.0
4.35	959.0
4.3	878.0
4.39	1080.0
5.37	2612.0
4.43	1014.0
4.04	478.0
4.4	854.0
4.64	1232.0
4.02	678.0
6.36	6132.0
6.78	16256.0
4.28	552.0
4.52	1195.0
4.13	545.0
7.37	9155.0
4.31	552.0
4.11	740.0
4.61	718.0
4.33	789.0
5.2	1925.0
4.63	815.0
5.78	2532.0
4.03	450.0
5.59	2323.0
4.72	1263.0
4.56	835.0
5.67	3265.0
4.32	857.0
7.58	16339.0
5.21	1845.0
4.87	1264.0
5.48	2636.0
4.27	638.0
4.63	912.0
4.79	1356.0
4.34	903.0
4.62	995.0
5.64	3072.0
4.3	552.0
4.65	1111.0
4.72	1754.0
3.94	533.0
5.93	3732.0
5.35	3082.0
4.17	799.0
4.46	798.0
4.67	842.0
6.27	8359.0
6.38	8990.0
4.4	854.0
5.16	1775.0
4.75	967.0
4.79	994.0
4.3	593.0
4.0	710.0
4.31	1013.0
4.91	1264.0
4.41	853.0
5.32	1741.0
5.2	2188.0
4.38	956.0
4.34	511.0
4.19	544.0
5.29	1622.0
4.16	600.0
4.47	1021.0
4.41	775.0
4.7	1333.0
4.44	955.0
6.86	13088.0
5.1	2524.0
6.54	8931.0
4.32	1046.0
5.25	2030.0
4.32	878.0
5.69	3784.0
4.35	840.0
4.45	798.0
4.75	994.0
4.37	926.0
4.86	1096.0
4.25	878.0
6.39	9176.0
4.27	552.0
4.35	1046.0
4.76	1122.0
5.48	2197.0
4.35	926.0
4.81	1358.0
6.22	6488.0
4.39	886.0
4.78	863.0
4.71	1298.0
4.92	1833.0
5.75	3220.0
4.3	816.0
4.41	936.0
4.33	789.0
4.36	1069.0
5.83	2561.0
4.84	1389.0
4.87	1235.0
6.39	9492.0
4.34	878.0
4.72	1095.0
5.4	3343.0
4.29	709.0
3.95	530.0
6.85	8693.0
4.74	991.0
4.8	1233.0
4.68	913.0
4.99	1421.0
5.99	3420.0
4.82	1326.0
4.62	1033.0
6.05	3972.0
6.74	10933.0
5.75	4830.0
5.84	3145.0
5.08	1865.0
4.43	570.0
6.85	11830.0
4.42	1020.0
4.51	798.0
4.79	863.0
4.42	854.0
5.39	2544.0
4.39	858.0
5.64	2513.0
4.03	710.0
4.53	844.0
4.45	1064.0
5.23	2136.0
4.47	868.0
6.62	12315.0
4.35	828.0
4.27	1013.0
6.31	9201.0
4.39	553.0
4.36	988.0
6.79	9968.0
5.69	2562.0
4.77	1376.0
4.38	841.0
5.26	1754.0
4.28	764.0
4.05	401.0
4.5	1084.0
4.1	814.0
4.41	892.0
4.34	709.0
5.3	1929.0
5.53	2485.0
4.36	840.0
4.38	939.0
6.72	9526.0
4.47	626.0
4.45	756.0
5.39	2172.0
6.06	4161.0
6.84	9260.0
4.39	798.0
4.42	810.0
7.02	10232.0
5.06	2148.0
4.32	764.0
4.3	868.0
7.01	17496.0
4.64	1160.0
4.75	1164.0
4.13	769.0
4.3	789.0
4.28	789.0
4.29	532.0
4.33	1012.0
5.09	1925.0
4.45	814.0
5.24	2116.0
4.39	954.0
4.33	815.0
4.72	844.0
4.77	785.0
5.72	2536.0
5.68	2572.0
4.41	842.0
4.33	680.0
6.94	11182.0
4.85	1169.0
5.24	1454.0
4.42	829.0
4.69	1123.0
4.75	1186.0
4.46	1133.0
4.42	880.0
5.3	1712.0
5.32	1944.0
4.27	862.0
4.42	730.0
4.46	1114.0
4.27	682.0
4.11	620.0
3.92	530.0
4.47	849.0
4.73	1232.0
4.01	547.0
4.59	1103.0
4.44	868.0
4.39	912.0
5.36	3057.0
4.18	667.0
6.61	8020.0
5.3	1941.0
4.78	1230.0
4.07	635.0
4.34	813.0
4.58	1330.0
4.73	900.0
3.92	432.0
5.73	3492.0
4.16	591.0
4.68	1257.0
6.85	12906.0
6.13	4763.0
4.78	1235.0
5.48	2753.0
5.4	1914.0
4.4	671.0
4.77	1168.0
4.41	813.0
4.72	1151.0
3.91	425.0
4.41	821.0
4.48	1211.0
4.31	905.0
4.84	1187.0
4.47	984.0
6.71	11403.0
4.38	867.0
4.32	1071.0
6.22	6680.0
4.95	1657.0
4.8	1621.0
4.95	1358.0
7.01	11061.0
4.47	895.0
5.15	3442.0
4.01	485.0
4.86	1613.0
4.27	480.0
4.79	1547.0
4.4	1015.0
4.31	878.0
6.29	4609.0
4.32	1041.0
6.09	4977.0
4.33	857.0
4.13	591.0
4.44	1140.0
4.12	814.0
4.46	722.0
4.2	525.0
4.43	814.0
4.7	1170.0
4.88	947.0
4.33	710.0
4.38	789.0
4.46	1114.0
5.71	2932.0
4.35	956.0
4.33	730.0
5.27	1636.0
4.43	608.0
6.29	4633.0
4.81	1011.0
6.56	10915.0
4.28	1013.0
7.37	11168.0
4.3	684.0
4.28	638.0
5.53	4320.0
4.85	1207.0
4.73	1042.0
4.3	665.0
4.27	764.0
5.68	2493.0
6.24	5564.0
5.12	1966.0
6.83	11572.0
4.6	1028.0
4.08	657.0
4.38	936.0
5.95	3443.0
5.74	3270.0
4.28	826.0
4.67	1211.0
4.32	1069.0
6.59	10069.0
4.41	814.0
4.44	708.0
4.69	1124.0
5.3	2236.0
4.02	668.0
4.03	521.0
5.49	2232.0
4.37	827.0
4.33	924.0
5.05	1710.0
4.31	1013.0
5.16	2834.0
7.61	11005.0
4.71	1111.0
5.19	2369.0
4.37	809.0
4.77	1391.0
4.22	789.0
4.38	982.0
4.38	789.0
4.65	1333.0
4.67	1124.0
5.19	2113.0
4.15	504.0
4.42	954.0
5.83	3671.0
4.35	956.0
4.52	1044.0
6.63	8546.0
4.43	1067.0
4.85	767.0
4.29	1000.0
4.91	1294.0
4.67	957.0
6.59	9257.0
5.7	2536.0
5.22	1781.0
4.38	815.0
4.79	1278.0
4.3	761.0
4.39	907.0
6.29	8008.0
5.72	2620.0
4.99	1193.0
4.73	1397.0
5.69	3348.0
4.29	878.0
7.03	17932.0
4.76	1200.0
5.77	2513.0
4.44	955.0
4.35	1112.0
4.22	684.0
6.3	6183.0
4.77	1295.0
6.74	10786.0
4.42	1021.0
5.12	2797.0
5.28	2045.0
4.11	605.0
4.36	730.0
4.77	1031.0
7.49	16316.0
4.48	740.0
4.68	1064.0
4.75	1263.0
5.08	2317.0
4.26	814.0
4.4	1046.0
6.92	10962.0
5.23	2041.0
4.34	853.0
5.77	3180.0
4.97	1323.0
5.46	1742.0
5.01	2180.0
4.32	979.0
4.32	461.0
5.67	4244.0
4.01	752.0
6.28	6022.0
4.4	990.0
4.39	842.0
5.19	1607.0
4.4	687.0
4.42	708.0
4.33	764.0
6.87	12556.0
5.78	2389.0
5.18	1743.0
