2.68	552.0
2.96	1356.0
3.58	2734.0
3.9	3473.0
4.01	4682.0
2.69	957.0
3.79	5202.0
3.82	4444.0
3.79	2811.0
4.28	7426.0
2.73	803.0
2.69	942.0
2.98	1241.0
3.28	2214.0
3.59	3672.0
3.98	7485.0
3.85	4720.0
2.63	911.0
4.02	14626.0
2.95	1179.0
3.42	4311.0
3.23	1857.0
3.21	1314.0
2.89	1263.0
3.3	1753.0
3.98	5671.0
4.15	8950.0
3.15	1787.0
4.0	4406.0
3.84	3806.0
2.69	805.0
3.18	1885.0
2.79	1162.0
3.62	3498.0
2.7	972.0
2.68	911.0
3.97	6189.0
4.08	6174.0
2.83	794.0
2.88	1159.0
2.81	1094.0
2.64	1069.0
2.98	898.0
2.85	1292.0
3.01	1235.0
3.65	4170.0
4.17	5695.0
3.67	3534.0
3.15	2639.0
3.21	1235.0
2.97	1621.0
2.39	373.0
2.93	1151.0
4.57	11352.0
3.43	2962.0
2.69	778.0
2.7	756.0
2.8	689.0
2.79	781.0
3.6	3048.0
3.89	4350.0
2.96	810.0
2.76	644.0
2.74	758.0
2.72	477.0
3.0	810.0
3.17	1752.0
3.8	4295.0
3.18	1860.0
3.0	1040.0
2.68	664.0
3.16	2482.0
2.76	589.0
3.52	3321.0
4.47	16407.0
2.67	1075.0
3.44	1967.0
3.01	970.0
2.83	644.0
3.2	1698.0
4.55	12179.0
2.93	876.0
4.14	8633.0
3.62	2903.0
3.53	3075.0
4.81	11873.0
2.69	756.0
3.93	3205.0
2.95	720.0
3.92	5983.0
4.03	5952.0
3.22	1316.0
4.03	5110.0
4.13	4398.0
3.3	1614.0
3.96	4244.0
3.53	2863.0
3.88	5600.0
2.76	689.0
2.67	933.0
3.98	8119.0
3.97	6429.0
3.3	3025.0
3.98	10453.0
2.81	1033.0
3.7	3047.0
3.16	2742.0
3.93	3419.0
3.54	3479.0
2.67	524.0
3.39	3056.0
3.5	3788.0
3.14	1654.0
2.68	710.0
4.02	5491.0
2.71	732.0
3.87	4466.0
2.8	1094.0
3.54	2373.0
3.43	2297.0
3.87	4696.0
2.78	827.0
2.79	663.0
3.2	1993.0
4.57	10281.0
3.95	5542.0
3.56	3333.0
3.18	1289.0
2.92	1128.0
4.21	6125.0
2.75	462.0
3.01	622.0
2.8	625.0
3.95	4381.0
2.95	825.0
3.89	3891.0
4.03	5055.0
3.64	3604.0
2.67	552.0
3.24	1753.0
4.28	5721.0
3.87	4150.0
3.62	2093.0
4.63	13298.0
3.51	2415.0
5.11	15394.0
4.01	5320.0
2.75	978.0
2.95	1151.0
2.74	1100.0
3.88	4971.0
3.66	2722.0
4.1	5364.0
3.16	2147.0
4.45	9627.0
2.63	709.0
4.1	6856.0
3.15	1767.0
4.06	7102.0
3.16	1687.0
2.98	1389.0
2.67	661.0
2.95	1159.0
3.39	2468.0
4.24	6248.0
2.73	809.0
2.95	1295.0
3.92	6937.0
4.02	14494.0
3.97	5006.0
2.97	720.0
2.72	942.0
4.0	5005.0
4.1	5946.0
2.5	552.0
4.6	10694.0
2.82	971.0
3.97	5804.0
2.68	942.0
3.25	2741.0
2.64	670.0
3.77	4187.0
2.79	1063.0
3.41	2062.0
3.75	4735.0
3.33	2431.0
3.1	1298.0
2.97	924.0
2.96	720.0
3.0	744.0
3.91	4295.0
3.17	997.0
2.34	386.0
2.63	709.0
4.0	7652.0
3.54	2767.0
3.21	1829.0
2.66	1917.0
3.59	2415.0
3.15	1884.0
2.98	1151.0
2.68	670.0
2.66	710.0
3.96	6176.0
2.72	698.0
3.36	3850.0
3.83	5167.0
2.6	662.0
2.87	995.0
3.66	3185.0
3.03	1294.0
3.31	1889.0
4.1	10350.0
3.16	1807.0
3.17	1627.0
2.65	734.0
3.0	784.0
2.66	709.0
2.63	756.0
3.96	8437.0
3.87	5123.0
2.92	720.0
3.97	4837.0
2.73	756.0
2.93	1015.0
3.22	1857.0
4.03	4964.0
2.95	1056.0
4.45	11756.0
4.07	5256.0
2.69	942.0
3.55	2951.0
4.12	6133.0
3.2	1952.0
3.34	1684.0
3.71	3852.0
3.97	4242.0
2.69	942.0
2.76	1133.0
2.68	982.0
3.63	3755.0
2.68	606.0
3.19	1629.0
2.67	732.0
2.93	1637.0
3.71	6834.0
2.69	621.0
2.86	851.0
4.03	5055.0
3.05	675.0
3.51	2822.0
2.43	472.0
4.03	5134.0
3.01	1264.0
2.66	709.0
2.81	1063.0
3.48	2677.0
4.51	11078.0
3.5	2782.0
2.87	1050.0
3.9	4067.0
5.02	18575.0
4.81	16624.0
2.96	1263.0
2.73	567.0
2.77	780.0
2.7	692.0
2.98	1036.0
3.53	2764.0
3.69	2862.0
5.13	16386.0
2.66	709.0
3.96	5132.0
2.91	622.0
2.89	663.0
3.56	3798.0
3.34	1196.0
2.69	732.0
3.22	1368.0
2.67	552.0
4.02	5255.0
4.41	8366.0
3.97	7877.0
3.99	10984.0
3.24	2848.0
2.64	911.0
2.76	781.0
3.95	4543.0
3.24	1180.0
2.29	386.0
2.95	1349.0
3.96	5210.0
3.18	1688.0
2.7	942.0
2.96	1427.0
3.69	3534.0
3.92	4265.0
2.4	530.0
3.56	2861.0
3.47	3668.0
2.77	567.0
3.2	1678.0
2.69	866.0
3.57	2797.0
3.21	1658.0
2.77	413.0
3.65	2618.0
2.95	850.0
4.61	10278.0
3.6	2151.0
4.02	3304.0
3.52	3275.0
2.69	734.0
4.02	10011.0
3.46	3524.0
3.61	3442.0
2.42	530.0
3.16	1750.0
3.1	1262.0
3.2	3247.0
3.56	3090.0
2.73	972.0
3.21	1786.0
2.73	867.0
2.95	791.0
3.31	2066.0
3.18	1569.0
3.19	1600.0
3.57	2579.0
2.71	867.0
3.69	3389.0
2.71	1048.0
3.52	2770.0
4.06	4470.0
3.22	1857.0
3.19	1678.0
3.79	4192.0
2.67	1041.0
2.86	958.0
2.55	799.0
3.94	17909.0
4.03	7718.0
2.94	1210.0
3.67	3473.0
3.99	8265.0
3.16	1734.0
3.19	1919.0
3.84	4583.0
4.25	9138.0
3.98	4798.0
3.69	3428.0
3.92	4799.0
3.74	3774.0
2.63	802.0
2.69	710.0
3.19	1602.0
3.19	1787.0
4.19	10353.0
2.73	1107.0
3.44	2041.0
4.06	9077.0
5.01	18674.0
3.2	1597.0
4.02	7257.0
4.01	4764.0
2.98	919.0
2.87	648.0
3.53	3001.0
2.88	1440.0
4.27	10409.0
2.97	841.0
2.96	1547.0
3.18	1628.0
3.8	9274.0
4.25	5739.0
3.16	1716.0
2.68	805.0
3.27	1109.0
3.89	4168.0
3.16	1904.0
2.52	597.0
2.9	1177.0
4.05	5872.0
3.52	5539.0
2.9	689.0
2.94	889.0
2.83	644.0
2.83	663.0
3.61	3454.0
3.7	2608.0
3.08	1030.0
3.87	3773.0
3.87	9918.0
2.7	734.0
2.64	710.0
2.96	932.0
3.13	1720.0
3.24	1644.0
4.07	5233.0
3.1	1436.0
2.82	852.0
2.73	772.0
3.22	1993.0
4.04	9625.0
3.16	1775.0
3.37	1750.0
3.92	4718.0
3.94	4338.0
2.7	882.0
3.22	1723.0
3.59	2713.0
2.43	552.0
4.27	6344.0
3.98	5621.0
4.22	13965.0
4.79	12360.0
3.86	4672.0
3.61	2847.0
3.46	3369.0
2.67	777.0
3.59	2285.0
2.64	568.0
2.66	778.0
2.8	827.0
2.65	942.0
2.43	577.0
3.32	4800.0
3.33	2019.0
4.55	10122.0
2.7	541.0
4.06	5872.0
3.93	3689.0
3.07	1736.0
2.69	732.0
2.74	803.0
3.25	1671.0
2.68	942.0
3.26	1785.0
3.89	4476.0
4.07	5133.0
3.23	1599.0
3.87	4928.0
3.6	3251.0
2.84	663.0
2.8	1030.0
3.56	3192.0
2.76	492.0
3.28	2030.0
2.67	571.0
3.57	2480.0
3.3	2546.0
3.22	3494.0
2.89	954.0
2.62	532.0
2.95	1105.0
4.01	7101.0
4.24	5997.0
3.21	1679.0
3.38	4241.0
2.62	647.0
3.6	2457.0
4.04	4903.0
2.71	758.0
3.03	1743.0
2.65	709.0
3.63	3581.0
2.92	1263.0
3.53	2498.0
3.94	4543.0
3.34	2858.0
2.71	756.0
3.21	1138.0
3.13	1250.0
3.95	3382.0
3.03	1174.0
3.31	2933.0
4.1	9694.0
3.88	4447.0
2.73	912.0
3.02	656.0
3.28	2714.0
3.2	1646.0
2.58	622.0
3.18	1429.0
2.86	933.0
4.05	4468.0
3.54	3001.0
4.09	10410.0
4.56	9783.0
3.86	2840.0
4.08	5164.0
3.15	1431.0
4.81	16776.0
4.58	15996.0
2.98	1350.0
2.89	851.0
3.0	1547.0
2.91	791.0
2.92	982.0
2.74	758.0
3.53	3838.0
3.27	1944.0
3.35	1419.0
4.85	10730.0
3.01	1898.0
3.0	735.0
2.96	876.0
3.01	694.0
3.77	4253.0
3.64	5207.0
3.29	2093.0
2.55	452.0
3.99	15370.0
2.8	1063.0
3.17	1752.0
3.25	1571.0
3.99	8820.0
3.28	1572.0
2.71	972.0
3.66	3011.0
3.6	2458.0
4.59	10374.0
3.54	2416.0
2.84	633.0
3.2	1838.0
3.64	2254.0
2.71	977.0
3.9	3730.0
4.09	5547.0
2.77	667.0
4.05	11196.0
5.18	16558.0
4.64	12190.0
2.73	736.0
5.05	18526.0
3.92	4774.0
3.95	5134.0
2.95	1056.0
2.88	1070.0
2.99	1326.0
3.57	3293.0
2.68	571.0
4.02	4295.0
2.79	1035.0
2.62	950.0
2.8	805.0
3.23	1987.0
3.09	1637.0
4.23	7903.0
3.99	5006.0
2.98	791.0
3.22	1725.0
3.95	4719.0
2.81	721.0
3.29	2103.0
3.3	1243.0
3.59	4258.0
2.69	942.0
3.46	2043.0
2.73	972.0
2.7	593.0
4.04	4805.0
3.18	2331.0
2.87	1140.0
3.88	3837.0
2.68	692.0
2.69	814.0
3.72	3502.0
2.84	643.0
2.76	536.0
3.85	4693.0
3.8	3145.0
3.93	5147.0
4.21	5412.0
2.83	852.0
3.44	2357.0
2.94	1427.0
2.69	942.0
3.01	717.0
2.69	541.0
5.08	13109.0
2.95	1177.0
3.81	3880.0
2.84	681.0
4.22	7978.0
2.87	643.0
3.96	11057.0
3.64	3214.0
4.51	12231.0
3.43	1969.0
2.78	626.0
2.81	681.0
2.67	710.0
3.9	5410.0
2.95	1354.0
3.17	3378.0
4.19	9596.0
4.94	9791.0
2.92	1015.0
2.7	720.0
3.52	3752.0
3.47	2933.0
3.56	3217.0
3.17	1877.0
3.16	1318.0
4.0	11573.0
2.98	700.0
3.86	9182.0
2.43	530.0
3.2	1857.0
2.71	734.0
4.15	6259.0
3.53	2514.0
3.89	3671.0
2.95	1007.0
2.72	709.0
3.21	1849.0
3.22	1892.0
3.01	1235.0
4.54	15845.0
2.87	1200.0
3.67	2949.0
3.35	2332.0
3.28	1667.0
3.93	5088.0
2.71	1010.0
3.78	4427.0
3.24	1314.0
3.42	2562.0
2.59	710.0
2.69	574.0
3.15	1882.0
4.53	15776.0
2.61	470.0
3.88	4672.0
4.52	11933.0
3.83	4497.0
3.95	5543.0
4.13	5385.0
4.56	17515.0
4.18	3711.0
3.24	1631.0
2.51	563.0
2.83	1124.0
2.66	447.0
3.58	3161.0
2.81	626.0
3.2	1752.0
2.74	803.0
2.76	1174.0
2.98	1031.0
3.8	4304.0
2.95	809.0
3.83	4214.0
2.82	961.0
2.97	1129.0
2.95	683.0
2.72	552.0
2.71	754.0
3.79	5259.0
2.95	1031.0
3.03	669.0
2.69	589.0
5.13	18007.0
2.68	734.0
3.77	7230.0
3.57	3189.0
3.66	3075.0
4.24	6969.0
2.8	829.0
4.03	4538.0
3.17	1847.0
3.16	1857.0
2.81	1303.0
2.87	1400.0
2.8	971.0
3.16	1807.0
4.09	12261.0
3.45	2859.0
3.26	1892.0
3.62	3182.0
4.17	4751.0
2.76	663.0
3.69	3950.0
2.8	487.0
3.92	5005.0
2.48	402.0
2.43	575.0
3.97	4765.0
3.8	4448.0
2.97	967.0
4.57	13588.0
4.62	12417.0
2.99	1210.0
3.94	8181.0
3.77	4902.0
2.65	1167.0
4.01	5093.0
2.74	626.0
2.78	827.0
3.11	1264.0
2.91	990.0
4.57	11834.0
2.7	608.0
3.47	3092.0
2.7	766.0
2.48	687.0
2.94	622.0
2.72	972.0
5.04	10528.0
2.79	851.0
2.77	728.0
3.56	2762.0
2.82	669.0
3.52	2719.0
2.98	1413.0
2.68	552.0
3.46	1751.0
3.52	4323.0
3.94	3205.0
3.16	1015.0
3.01	938.0
2.68	734.0
2.67	631.0
3.24	1963.0
4.02	15081.0
3.24	1701.0
3.27	3206.0
3.99	4821.0
3.91	4758.0
3.17	2033.0
3.19	2177.0
2.68	907.0
4.52	13329.0
3.24	1268.0
3.65	3605.0
2.65	709.0
3.23	1605.0
2.69	552.0
3.58	4252.0
4.05	4541.0
2.76	492.0
3.2	1787.0
3.97	8020.0
2.72	972.0
3.21	1412.0
3.56	2690.0
4.03	4704.0
4.1	5821.0
3.36	2538.0
3.54	3001.0
2.75	758.0
4.22	4725.0
3.17	1882.0
2.86	1200.0
4.68	15011.0
3.36	1771.0
3.63	3326.0
2.69	608.0
2.6	608.0
3.98	4606.0
2.73	781.0
4.44	8268.0
2.71	972.0
3.17	1431.0
2.75	758.0
4.05	8645.0
3.63	2853.0
2.88	759.0
2.69	877.0
2.64	663.0
3.56	3316.0
2.76	1002.0
4.02	8347.0
2.67	670.0
3.22	1323.0
2.66	713.0
4.01	3569.0
2.6	880.0
3.22	1783.0
2.66	814.0
3.21	1627.0
3.22	1939.0
2.85	955.0
2.72	734.0
2.68	756.0
3.47	2980.0
3.86	4303.0
5.05	13858.0
3.99	5645.0
3.88	5511.0
2.67	766.0
2.73	477.0
2.81	852.0
3.22	1956.0
3.16	1436.0
3.51	3411.0
2.93	772.0
3.28	1664.0
4.05	5258.0
3.27	1226.0
4.26	4939.0
3.97	5488.0
3.3	1963.0
2.95	791.0
2.73	758.0
4.4	8518.0
3.22	1793.0
3.81	4466.0
3.14	1752.0
3.09	1078.0
2.72	781.0
3.48	3045.0
2.73	652.0
3.09	1415.0
4.06	12053.0
4.31	15535.0
3.06	1436.0
2.68	911.0
2.69	462.0
4.22	12795.0
2.92	898.0
3.3	1982.0
3.23	2563.0
3.23	1566.0
4.58	12688.0
3.29	2103.0
2.69	972.0
2.64	593.0
4.0	4818.0
3.2	1822.0
2.32	386.0
2.66	710.0
3.94	5812.0
2.98	1129.0
3.69	3081.0
2.52	548.0
2.72	492.0
3.99	5107.0
3.91	5390.0
3.58	3033.0
3.01	1207.0
2.62	814.0
3.5	2824.0
3.19	1753.0
2.93	746.0
2.77	1033.0
3.52	2724.0
3.61	2652.0
4.03	18114.0
4.23	6190.0
2.83	537.0
3.5	2699.0
3.91	4939.0
3.29	1998.0
3.87	4182.0
3.96	6915.0
2.95	1050.0
3.54	2328.0
3.23	1723.0
3.95	4805.0
2.65	734.0
3.11	2553.0
3.36	2473.0
4.0	7966.0
2.73	1067.0
2.71	565.0
4.18	6031.0
3.58	3493.0
4.61	10730.0
3.96	7479.0
3.12	1682.0
3.89	3796.0
3.56	3138.0
3.76	3806.0
2.71	589.0
2.86	738.0
3.69	2990.0
3.9	7567.0
3.57	2960.0
3.49	4482.0
2.88	1123.0
2.75	912.0
3.84	4108.0
2.77	780.0
3.72	3441.0
2.78	660.0
4.01	7696.0
3.07	1893.0
4.01	4234.0
4.13	3780.0
3.24	2066.0
3.62	3644.0
2.71	781.0
2.7	1030.0
3.7	4443.0
3.26	1928.0
3.17	1822.0
3.29	1423.0
4.02	4471.0
4.0	6191.0
3.05	1436.0
3.54	2950.0
2.66	710.0
2.72	766.0
2.66	532.0
2.97	918.0
4.04	4419.0
3.95	4044.0
3.14	1108.0
3.59	3182.0
4.07	5803.0
2.74	1033.0
3.56	2354.0
3.55	3075.0
3.12	1368.0
3.17	1752.0
3.99	6073.0
3.2	3446.0
4.02	16073.0
2.76	756.0
3.52	3024.0
3.23	1683.0
2.42	530.0
4.65	9875.0
2.97	891.0
4.05	5704.0
2.84	851.0
3.56	2671.0
3.83	4123.0
4.02	7127.0
3.28	1803.0
3.97	5543.0
2.64	710.0
3.95	3205.0
2.53	470.0
3.59	2337.0
2.79	1133.0
3.38	2749.0
2.75	715.0
2.79	851.0
2.74	612.0
3.05	2211.0
4.02	11082.0
3.98	5293.0
3.7	3780.0
2.83	1063.0
4.23	5615.0
2.68	616.0
2.66	593.0
2.44	499.0
3.55	3335.0
3.58	3214.0
2.97	1040.0
2.66	1130.0
3.99	4916.0
3.0	738.0
2.97	622.0
3.41	2242.0
2.88	917.0
3.58	3087.0
3.92	6998.0
4.07	5385.0
4.27	7351.0
4.04	4260.0
3.19	1674.0
4.2	9935.0
3.43	2604.0
3.34	2325.0
3.9	6190.0
2.74	589.0
3.7	3564.0
3.15	1712.0
3.58	2804.0
3.22	1819.0
2.93	1007.0
3.17	1783.0
2.9	1359.0
2.84	957.0
3.27	1723.0
3.52	2546.0
2.76	477.0
2.98	1064.0
2.47	526.0
3.58	3189.0
3.2	2056.0
2.93	1230.0
2.73	727.0
3.47	2409.0
3.22	1847.0
2.86	990.0
2.6	1099.0
2.65	610.0
4.02	5055.0
4.01	5656.0
3.58	3048.0
2.68	777.0
2.71	571.0
4.07	12185.0
3.24	1323.0
4.65	9698.0
2.66	911.0
2.63	710.0
3.58	2388.0
2.96	810.0
3.5	3353.0
2.78	626.0
3.65	3319.0
2.92	1123.0
3.87	3842.0
2.98	970.0
4.01	3304.0
3.64	2799.0
2.39	499.0
3.26	2019.0
3.91	5533.0
3.34	3336.0
3.55	2167.0
2.71	881.0
4.47	8897.0
2.66	879.0
2.66	814.0
2.71	756.0
2.67	664.0
3.87	4330.0
3.3	1359.0
3.85	4663.0
2.94	1043.0
2.71	571.0
3.97	5880.0
3.54	3014.0
3.97	5939.0
2.91	1167.0
3.56	2812.0
2.68	447.0
4.04	5551.0
2.9	986.0
2.77	972.0
3.16	1807.0
3.23	1768.0
3.2	1346.0
4.0	8333.0
3.93	6974.0
3.96	5880.0
3.15	1408.0
2.74	641.0
2.86	1257.0
2.87	701.0
2.91	772.0
3.81	3709.0
2.69	734.0
4.96	12891.0
3.18	2387.0
2.69	734.0
3.53	3471.0
3.72	4628.0
2.68	571.0
3.3	2067.0
3.84	6872.0
2.7	571.0
3.18	1807.0
3.59	3746.0
3.98	7032.0
3.2	1822.0
3.45	3193.0
3.55	3137.0
2.83	1094.0
4.08	5557.0
4.04	4805.0
3.02	1264.0
4.02	5351.0
2.75	983.0
2.75	593.0
4.13	3950.0
3.24	1580.0
3.22	1994.0
3.18	1210.0
2.95	982.0
2.83	669.0
3.22	1822.0
3.58	3245.0
2.67	515.0
3.24	2066.0
2.75	593.0
3.21	1822.0
4.13	10546.0
3.08	1190.0
2.98	1056.0
3.28	2016.0
2.69	533.0
2.71	734.0
4.13	17499.0
2.76	750.0
2.64	1000.0
3.54	2891.0
3.64	3398.0
3.2	1882.0
2.72	730.0
4.1	5412.0
3.86	4523.0
2.66	979.0
3.94	4072.0
2.67	1208.0
3.84	3337.0
2.97	1040.0
2.86	1200.0
4.27	7715.0
4.11	12261.0
2.98	1181.0
2.73	758.0
2.66	911.0
3.99	5731.0
3.0	991.0
4.48	9561.0
3.58	2367.0
3.74	3125.0
2.93	1030.0
2.76	1069.0
2.83	851.0
3.26	1814.0
2.89	855.0
3.82	4327.0
2.62	719.0
5.01	17079.0
4.25	5551.0
2.67	571.0
3.52	2822.0
4.25	14737.0
2.65	574.0
3.97	16234.0
2.99	948.0
4.0	4764.0
2.78	829.0
4.0	7278.0
3.12	1770.0
2.6	729.0
3.26	2009.0
3.98	5723.0
2.63	777.0
3.17	1845.0
3.21	1359.0
3.67	3312.0
3.33	2368.0
3.74	3505.0
2.92	791.0
2.7	803.0
5.01	17235.0
2.86	644.0
4.0	5927.0
2.48	552.0
3.54	2531.0
2.73	756.0
3.91	4964.0
2.94	1323.0
3.01	727.0
3.44	2968.0
3.59	2484.0
3.89	3823.0
2.7	732.0
3.43	1715.0
3.79	4661.0
4.53	10685.0
2.94	1295.0
2.92	1172.0
3.72	3473.0
2.87	1400.0
3.63	3721.0
3.22	1701.0
3.22	1993.0
3.22	1749.0
4.02	6999.0
2.69	608.0
3.43	4022.0
3.23	1840.0
3.22	1758.0
3.14	1854.0
2.97	830.0
2.7	766.0
3.95	5174.0
4.74	12012.0
2.67	752.0
3.84	4051.0
4.26	8079.0
2.69	780.0
3.32	2763.0
3.21	1956.0
3.55	3179.0
3.81	8239.0
2.93	1123.0
3.8	4427.0
2.68	552.0
3.99	4718.0
3.99	4909.0
3.99	4785.0
3.21	1621.0
4.01	6112.0
3.24	1412.0
2.5	546.0
2.68	942.0
3.28	2119.0
4.14	15767.0
2.6	709.0
3.16	1264.0
3.93	5543.0
3.17	1279.0
3.17	1239.0
4.04	5156.0
4.04	8359.0
3.95	5880.0
3.2	1600.0
3.35	2421.0
3.61	4229.0
2.9	990.0
2.61	778.0
2.96	1295.0
3.45	2310.0
3.3	1996.0
3.9	4193.0
2.68	709.0
3.16	1600.0
2.71	571.0
3.87	3473.0
4.23	7761.0
3.99	5890.0
3.56	3618.0
3.56	2782.0
3.26	1595.0
3.47	2804.0
2.76	706.0
4.12	7066.0
3.56	4116.0
4.05	4718.0
2.93	723.0
4.16	5891.0
2.65	552.0
3.52	2279.0
4.66	11712.0
4.12	8279.0
3.13	1306.0
3.35	1262.0
3.18	1289.0
3.6	2773.0
2.72	732.0
3.52	2822.0
3.87	4252.0
2.6	487.0
3.35	1621.0
3.57	3045.0
3.36	1572.0
3.61	2690.0
3.69	2414.0
4.06	5088.0
2.94	845.0
3.84	4123.0
2.74	988.0
2.95	1018.0
3.53	2550.0
3.99	4672.0
4.06	5253.0
2.85	1124.0
4.09	7550.0
3.16	1893.0
2.76	781.0
2.99	1326.0
2.43	362.0
2.99	818.0
2.71	552.0
3.76	3078.0
2.66	1009.0
3.18	1650.0
3.06	2086.0
2.74	1063.0
2.9	979.0
3.0	810.0
3.13	1377.0
2.68	942.0
2.72	507.0
3.03	1235.0
3.22	1566.0
2.99	638.0
2.64	571.0
2.97	810.0
4.48	12697.0
3.63	3145.0
3.65	3158.0
3.25	1662.0
3.2	1857.0
3.99	17100.0
2.68	911.0
3.2	1720.0
3.53	3620.0
3.96	4790.0
2.88	912.0
3.53	2475.0
3.79	3057.0
2.66	574.0
3.38	4209.0
3.2	1716.0
3.72	4135.0
4.11	7338.0
4.23	8969.0
2.98	1007.0
3.54	3084.0
3.82	3997.0
3.39	1934.0
2.7	942.0
3.3	2554.0
3.37	2249.0
3.79	5645.0
3.47	2355.0
2.86	947.0
2.69	709.0
3.37	1720.0
3.99	9502.0
3.0	1141.0
4.05	5013.0
3.86	5532.0
3.06	706.0
4.03	5147.0
2.67	804.0
2.68	709.0
2.67	662.0
4.84	8264.0
2.75	842.0
2.77	805.0
2.74	756.0
3.25	1701.0
3.77	7711.0
3.35	2527.0
3.96	4312.0
3.38	1944.0
3.65	2896.0
2.67	684.0
3.95	10221.0
2.89	1441.0
4.04	8716.0
3.2	1292.0
2.76	631.0
5.01	18405.0
4.46	12060.0
3.6	3562.0
3.63	2841.0
4.05	4679.0
3.32	1816.0
2.86	851.0
3.21	1825.0
3.28	1636.0
2.69	911.0
3.74	2918.0
4.68	13631.0
2.54	777.0
3.54	3361.0
3.96	5101.0
4.05	5498.0
2.77	749.0
3.88	3848.0
4.07	4928.0
2.88	1067.0
3.92	4361.0
3.87	3848.0
3.74	4378.0
2.66	574.0
3.37	1799.0
3.27	1431.0
3.22	2401.0
2.83	827.0
3.93	4564.0
4.03	4543.0
3.96	6062.0
3.33	1783.0
2.96	921.0
3.93	6909.0
4.58	10122.0
3.44	2547.0
2.97	717.0
3.8	4218.0
2.67	911.0
4.27	14033.0
3.45	3217.0
3.83	6441.0
3.58	3629.0
3.62	2954.0
2.7	732.0
2.7	972.0
3.85	3312.0
3.46	1629.0
3.27	1814.0
3.95	3971.0
3.16	1825.0
2.73	589.0
3.2	1868.0
3.43	6607.0
2.98	1389.0
3.19	2145.0
3.88	5252.0
3.54	2863.0
2.64	619.0
3.55	2632.0
4.06	18112.0
4.48	9519.0
3.97	5939.0
2.77	781.0
2.7	734.0
2.95	1235.0
3.53	2903.0
3.98	5639.0
2.77	756.0
2.68	756.0
3.24	1928.0
2.85	1009.0
2.67	732.0
2.92	617.0
3.83	4919.0
2.69	1251.0
4.12	9870.0
2.72	758.0
4.2	5898.0
3.89	3847.0
3.56	3375.0
3.55	3966.0
2.81	663.0
3.02	1326.0
2.94	1290.0
4.02	10800.0
2.76	626.0
3.63	3837.0
3.56	3219.0
3.3	2047.0
3.87	4295.0
4.32	9257.0
4.1	5927.0
3.54	2913.0
3.51	3250.0
4.01	4679.0
2.74	2287.0
3.15	2025.0
3.59	2887.0
3.34	2306.0
4.1	4704.0
3.68	3312.0
2.69	942.0
2.71	552.0
2.84	1094.0
3.23	1650.0
3.17	1787.0
3.49	2724.0
3.56	3509.0
4.0	5543.0
3.0	738.0
3.19	1619.0
2.73	1129.0
4.04	4588.0
3.47	2218.0
2.73	593.0
2.79	1033.0
3.05	1993.0
3.22	1659.0
3.14	1934.0
2.37	425.0
2.76	829.0
3.04	2065.0
5.0	17263.0
2.81	1033.0
4.05	11923.0
2.3	386.0
2.91	1015.0
3.16	1807.0
2.78	805.0
2.92	1206.0
3.19	1867.0
2.76	589.0
3.51	3308.0
2.91	845.0
3.49	3619.0
4.19	10335.0
3.21	1810.0
4.01	6597.0
3.15	1832.0
2.72	815.0
3.75	2229.0
4.88	7862.0
3.48	3540.0
2.92	683.0
3.22	1574.0
2.7	758.0
2.75	732.0
2.94	772.0
2.81	851.0
3.81	3691.0
2.71	972.0
4.1	6981.0
2.99	876.0
3.66	3668.0
3.3	1808.0
3.37	1356.0
2.82	1096.0
3.99	7280.0
2.93	1376.0
3.78	3685.0
3.81	7500.0
4.04	5924.0
3.21	1857.0
3.58	2872.0
4.41	15600.0
3.16	2068.0
2.76	758.0
3.18	2718.0
3.61	3931.0
2.86	992.0
2.7	942.0
4.31	8312.0
2.76	940.0
2.4	548.0
2.65	710.0
2.65	911.0
3.94	7794.0
3.95	14498.0
3.21	2039.0
3.96	4904.0
2.99	876.0
4.71	11147.0
3.13	2454.0
4.5	12502.0
3.52	2867.0
3.08	2782.0
2.69	684.0
3.28	1929.0
4.63	12799.0
3.59	3787.0
3.87	3534.0
3.87	4543.0
3.14	2211.0
4.46	10433.0
2.88	633.0
2.85	1145.0
3.51	3501.0
2.94	1399.0
3.21	1956.0
3.56	2104.0
4.7	13867.0
2.65	612.0
3.49	2484.0
3.56	2612.0
2.91	1095.0
2.76	522.0
3.85	5897.0
2.73	914.0
3.3	1263.0
4.27	15802.0
3.18	1610.0
2.66	732.0
3.18	1588.0
4.5	17723.0
2.68	848.0
3.55	2859.0
3.12	1752.0
3.23	1600.0
3.86	5547.0
2.98	1019.0
3.01	1294.0
2.66	571.0
3.49	2828.0
3.87	3989.0
2.83	689.0
3.19	1429.0
2.72	972.0
3.13	1403.0
4.34	6126.0
4.02	7389.0
3.89	4086.0
2.77	575.0
2.79	619.0
3.2	2170.0
3.23	3139.0
2.64	756.0
3.81	5501.0
3.67	3351.0
3.22	1892.0
3.25	1605.0
4.01	8101.0
2.65	814.0
3.03	1235.0
2.98	1007.0
4.81	16286.0
2.77	846.0
2.94	1132.0
3.53	2318.0
3.48	3239.0
2.65	709.0
3.17	1158.0
3.24	1940.0
4.5	10967.0
4.02	8658.0
3.36	2001.0
3.18	1157.0
4.21	7093.0
2.85	666.0
3.02	958.0
2.48	492.0
3.43	1806.0
3.27	2043.0
3.85	4466.0
2.86	872.0
4.52	6934.0
2.72	631.0
2.76	829.0
2.92	1323.0
3.32	2617.0
3.59	2922.0
3.91	5929.0
3.64	4234.0
3.7	4729.0
3.29	4032.0
4.11	4640.0
3.56	2508.0
2.68	426.0
3.17	1272.0
3.59	3450.0
2.76	644.0
2.72	1140.0
2.95	818.0
2.45	530.0
2.62	710.0
3.3	1272.0
4.54	3780.0
4.0	9168.0
2.95	871.0
2.86	776.0
2.7	589.0
4.02	5243.0
4.3	5412.0
4.06	5914.0
2.67	942.0
3.36	2254.0
2.35	549.0
3.16	2639.0
3.13	1175.0
2.69	752.0
2.76	567.0
2.83	823.0
2.72	973.0
3.21	1264.0
3.66	2747.0
3.56	2726.0
2.78	756.0
3.83	3997.0
3.04	1311.0
2.92	910.0
3.63	3078.0
3.89	4521.0
4.09	11132.0
2.71	766.0
4.5	12707.0
4.43	11023.0
3.24	1892.0
3.61	4377.0
2.86	772.0
2.65	949.0
3.92	5198.0
2.74	918.0
3.24	1268.0
3.48	2822.0
4.03	4663.0
3.38	2061.0
4.02	5948.0
4.04	13588.0
3.6	2719.0
3.22	2225.0
3.59	3139.0
4.1	4381.0
3.3	2015.0
2.9	666.0
4.2	6046.0
4.03	4441.0
4.59	8550.0
2.81	1124.0
2.84	689.0
3.17	1868.0
4.7	13485.0
3.89	4304.0
2.96	1009.0
2.84	812.0
4.05	4441.0
2.58	622.0
2.93	772.0
2.8	727.0
4.62	12304.0
2.92	700.0
2.72	955.0
2.91	1140.0
3.28	1825.0
3.19	1687.0
2.79	2346.0
3.86	3585.0
2.68	1034.0
3.25	1955.0
4.13	9448.0
3.01	738.0
3.96	4816.0
3.58	2757.0
3.24	1941.0
3.61	3443.0
3.6	3309.0
3.56	2726.0
3.55	3099.0
2.73	972.0
4.17	5504.0
3.49	2633.0
3.4	2096.0
2.75	852.0
3.19	1720.0
2.8	818.0
3.27	2866.0
4.16	4682.0
2.65	736.0
2.75	835.0
2.77	1272.0
2.67	447.0
3.98	6209.0
2.51	410.0
2.66	911.0
3.04	1074.0
3.93	5812.0
3.89	4981.0
3.0	1584.0
3.28	2091.0
4.59	15252.0
3.24	1399.0
2.97	890.0
4.09	4215.0
3.27	1847.0
4.02	7717.0
4.2	9317.0
4.43	9959.0
2.72	565.0
3.99	6664.0
2.79	1211.0
3.01	838.0
2.96	683.0
2.79	571.0
3.38	3397.0
2.93	1235.0
2.93	1200.0
3.84	4514.0
3.83	4543.0
3.54	2910.0
3.56	2757.0
2.98	779.0
2.63	911.0
2.77	756.0
2.92	890.0
4.5	11863.0
2.39	640.0
3.62	3570.0
4.03	4472.0
4.16	11053.0
2.64	462.0
4.22	6740.0
4.12	12390.0
2.56	603.0
3.6	3428.0
4.01	15219.0
3.92	16469.0
3.26	2612.0
2.72	1002.0
3.17	1623.0
3.85	6563.0
3.9	3740.0
3.22	1809.0
3.28	4216.0
3.23	1913.0
3.97	4628.0
2.63	710.0
4.04	4957.0
2.76	1211.0
3.89	5029.0
3.28	1924.0
2.95	950.0
3.93	5775.0
4.01	9681.0
3.23	1720.0
3.23	1238.0
2.81	522.0
3.33	2167.0
3.85	4637.0
4.03	2869.0
4.19	5947.0
3.87	4693.0
2.85	1915.0
4.72	15238.0
2.7	734.0
3.2	1956.0
4.02	4065.0
3.91	3205.0
3.3	1846.0
2.74	631.0
2.84	874.0
2.96	1076.0
3.85	4068.0
3.53	1806.0
4.03	5166.0
4.56	11212.0
3.51	3262.0
2.72	781.0
3.89	6999.0
2.92	726.0
2.79	733.0
2.76	732.0
3.33	3741.0
3.9	3806.0
3.5	3135.0
2.97	1076.0
2.69	942.0
3.56	3161.0
3.21	1359.0
2.71	840.0
2.71	777.0
3.12	1415.0
4.45	8624.0
4.72	11737.0
2.71	533.0
3.95	5701.0
2.89	958.0
3.28	1814.0
2.91	599.0
2.85	1233.0
3.11	1646.0
3.44	1758.0
3.58	2977.0
3.51	2833.0
2.7	840.0
3.54	3722.0
3.63	3312.0
4.19	4211.0
2.8	625.0
3.92	6827.0
2.67	709.0
3.36	3758.0
3.17	1882.0
2.75	589.0
4.17	5406.0
4.58	14368.0
2.91	1170.0
4.04	6539.0
2.79	441.0
4.15	7587.0
3.32	2086.0
3.66	2364.0
4.55	12069.0
2.74	758.0
3.93	4523.0
3.91	5488.0
0.0	15686.0
3.42	2243.0
3.43	4320.0
3.2	2021.0
3.19	1919.0
3.15	1687.0
3.92	5286.0
2.74	805.0
2.69	710.0
2.72	1015.0
3.99	5246.0
3.72	4135.0
3.18	1720.0
3.01	1358.0
2.79	829.0
3.19	1783.0
3.62	3412.0
2.68	710.0
3.59	1858.0
3.49	3210.0
2.98	716.0
2.66	734.0
3.2	1237.0
4.02	6056.0
3.51	4029.0
3.57	4244.0
3.61	2808.0
2.66	670.0
3.19	1822.0
3.82	4693.0
3.73	3347.0
4.03	7602.0
3.42	4275.0
2.72	593.0
3.93	5880.0
2.84	871.0
2.68	710.0
3.85	5548.0
3.23	1668.0
4.99	18371.0
2.71	828.0
3.92	5599.0
4.3	17932.0
2.72	804.0
4.31	7702.0
3.35	1419.0
3.98	4260.0
3.8	3909.0
2.79	663.0
3.57	2686.0
2.65	709.0
2.66	942.0
3.87	4626.0
2.87	1200.0
3.15	1332.0
2.74	758.0
3.21	2174.0
2.76	1133.0
2.99	1132.0
2.79	851.0
3.82	4341.0
3.75	2708.0
4.19	3816.0
3.2	2302.0
4.1	2974.0
3.39	1777.0
2.92	1050.0
2.78	1033.0
2.72	955.0
4.01	5013.0
2.73	756.0
3.88	3755.0
4.72	15100.0
2.9	990.0
3.91	4439.0
2.72	462.0
2.68	709.0
3.96	5836.0
2.82	874.0
2.64	670.0
2.68	997.0
4.49	11489.0
3.12	1845.0
2.85	1400.0
3.53	3410.0
2.97	791.0
3.52	3360.0
3.06	774.0
3.56	2862.0
3.05	774.0
2.97	1356.0
2.7	877.0
3.63	2782.0
3.94	5394.0
2.68	574.0
2.62	705.0
2.68	734.0
4.1	6055.0
4.18	5922.0
4.36	7453.0
2.69	734.0
3.55	2755.0
4.6	8631.0
3.93	5076.0
3.81	4338.0
4.06	5767.0
3.54	2863.0
2.97	1040.0
2.75	1033.0
2.93	1076.0
2.64	593.0
5.04	17094.0
3.57	2487.0
2.77	477.0
2.71	732.0
3.85	4304.0
3.03	838.0
3.78	3943.0
3.2	1868.0
3.87	4007.0
4.58	11595.0
3.51	2872.0
3.04	849.0
2.69	742.0
4.53	13445.0
3.17	1804.0
3.52	1730.0
4.59	10308.0
2.77	763.0
4.06	5799.0
4.45	11863.0
2.77	608.0
3.98	6063.0
2.73	715.0
2.51	475.0
2.68	574.0
3.47	2596.0
3.86	4051.0
2.67	683.0
2.7	502.0
2.67	710.0
4.41	12342.0
3.24	1568.0
4.54	14698.0
3.87	5779.0
3.53	2670.0
2.94	1007.0
3.92	4318.0
2.68	1094.0
3.57	4362.0
4.55	15821.0
2.37	472.0
2.72	910.0
2.92	666.0
4.05	4719.0
3.85	3848.0
3.69	4304.0
3.4	1694.0
3.22	925.0
3.56	2519.0
4.13	5376.0
2.93	1659.0
2.95	1007.0
3.54	2659.0
3.61	2291.0
4.15	7213.0
3.0	1238.0
3.34	1356.0
3.56	2264.0
4.53	7384.0
3.84	4612.0
5.13	12707.0
4.53	17773.0
2.55	479.0
2.73	758.0
2.72	1114.0
3.3	1723.0
2.76	477.0
2.7	636.0
2.73	781.0
2.89	827.0
3.51	2516.0
3.56	2618.0
4.0	10732.0
3.46	2858.0
3.6	2743.0
2.56	586.0
3.23	2224.0
3.63	2706.0
3.24	1662.0
3.16	1383.0
2.65	684.0
4.06	8481.0
3.61	2723.0
3.85	3463.0
4.22	5643.0
3.97	3883.0
2.91	990.0
3.11	1828.0
2.7	571.0
2.86	820.0
4.3	4050.0
3.41	3145.0
3.81	4260.0
3.58	2729.0
2.98	720.0
2.66	552.0
3.56	4082.0
3.21	1574.0
3.2	1692.0
2.53	554.0
3.82	4351.0
3.04	1197.0
2.8	727.0
2.75	742.0
3.51	4656.0
3.08	1764.0
3.27	2612.0
3.26	1993.0
4.44	12823.0
2.91	1323.0
4.55	17659.0
3.53	3618.0
4.06	8114.0
2.67	710.0
2.78	781.0
3.9	7508.0
2.95	1117.0
2.94	1356.0
2.81	689.0
3.33	2125.0
4.08	7145.0
2.89	1067.0
2.97	876.0
2.72	593.0
2.9	666.0
2.99	700.0
4.03	5551.0
2.6	552.0
3.73	3135.0
4.11	5544.0
2.7	942.0
2.7	816.0
2.66	1041.0
2.86	850.0
5.01	16872.0
2.9	791.0
4.01	5443.0
2.91	982.0
4.0	4679.0
3.16	1716.0
3.21	1662.0
2.76	856.0
2.78	803.0
2.94	791.0
2.76	893.0
4.3	8256.0
2.72	732.0
4.1	5138.0
3.18	1336.0
2.66	524.0
3.69	7889.0
3.38	1646.0
3.97	4560.0
2.71	942.0
2.69	589.0
3.99	6157.0
3.55	2416.0
3.48	2872.0
3.22	1763.0
2.84	501.0
2.87	874.0
3.19	3446.0
3.22	1819.0
3.53	2693.0
2.69	942.0
2.87	794.0
3.12	1845.0
2.77	805.0
3.58	3217.0
2.7	828.0
2.95	716.0
2.45	449.0
3.96	4348.0
2.98	1105.0
3.61	3152.0
2.77	851.0
3.21	1692.0
2.95	1413.0
2.97	1326.0
3.14	1654.0
3.88	11480.0
3.53	3046.0
2.72	734.0
2.66	462.0
2.94	1066.0
2.95	924.0
3.41	2382.0
2.67	612.0
3.14	1444.0
4.56	9789.0
4.22	16130.0
2.68	552.0
4.04	5249.0
3.71	3573.0
4.01	13312.0
3.64	4315.0
3.12	1625.0
2.67	552.0
3.14	2334.0
3.79	3004.0
4.01	11767.0
2.97	830.0
2.64	574.0
3.56	2368.0
4.05	4558.0
3.54	2610.0
3.98	5234.0
2.7	942.0
2.74	462.0
2.69	710.0
3.52	2703.0
3.11	1359.0
5.0	18120.0
3.2	1813.0
3.17	1332.0
2.77	838.0
4.48	9389.0
3.5	3622.0
2.68	574.0
3.24	1601.0
2.72	1050.0
4.0	4704.0
3.03	1215.0
3.17	1845.0
3.13	1436.0
3.18	1436.0
2.46	530.0
2.98	738.0
4.07	18231.0
3.3	2122.0
2.76	851.0
3.24	1786.0
3.99	5654.0
4.55	9450.0
3.95	3839.0
4.04	3932.0
2.94	771.0
3.17	2146.0
2.93	1105.0
3.54	3033.0
3.72	4619.0
3.72	3534.0
3.56	2804.0
3.89	4561.0
2.69	972.0
3.55	2525.0
4.3	5947.0
3.17	1845.0
3.22	1956.0
3.1	1687.0
3.8	4291.0
3.69	3736.0
3.95	4993.0
3.65	3643.0
3.28	1593.0
3.0	796.0
3.82	3997.0
3.39	2563.0
2.77	855.0
3.22	1562.0
2.99	1132.0
2.91	1582.0
2.69	803.0
2.83	1764.0
4.17	12314.0
2.68	911.0
3.36	1949.0
4.28	5913.0
4.02	5642.0
2.97	1185.0
3.61	2318.0
4.27	6289.0
2.88	876.0
2.66	718.0
2.56	642.0
4.34	7305.0
2.64	574.0
2.99	1190.0
4.12	7751.0
3.4	1964.0
2.96	850.0
2.69	589.0
2.76	612.0
2.68	552.0
3.17	1787.0
3.85	3997.0
3.56	3321.0
2.82	1063.0
2.9	1092.0
3.23	1651.0
3.2	1956.0
3.87	4543.0
2.81	829.0
2.97	1132.0
2.91	855.0
2.92	1200.0
3.96	4322.0
4.26	6805.0
3.28	1955.0
3.15	1239.0
3.11	1877.0
3.97	5694.0
2.98	1179.0
2.7	803.0
2.79	1330.0
2.69	758.0
3.56	2995.0
2.73	713.0
3.56	4372.0
4.57	9895.0
2.96	1007.0
4.0	9901.0
3.7	3159.0
2.93	901.0
3.87	4626.0
3.45	2833.0
4.59	10646.0
3.16	2323.0
4.19	9424.0
3.81	3889.0
3.26	1745.0
2.75	593.0
2.62	911.0
3.55	3054.0
3.54	2860.0
2.72	1077.0
2.64	710.0
2.97	656.0
2.68	732.0
2.84	876.0
2.97	683.0
2.71	942.0
3.78	4181.0
2.7	734.0
3.18	2426.0
3.14	1610.0
2.45	402.0
2.89	1125.0
4.01	5055.0
2.95	895.0
3.63	3306.0
4.0	10967.0
3.41	2440.0
3.24	2054.0
3.14	1845.0
2.71	734.0
2.92	898.0
2.75	631.0
3.45	1987.0
2.98	1326.0
2.85	952.0
2.72	571.0
3.62	3428.0
2.69	756.0
2.73	571.0
3.76	3740.0
2.6	827.0
3.84	3798.0
2.61	625.0
4.01	9740.0
2.94	810.0
3.17	1986.0
2.66	709.0
3.53	3557.0
3.97	11015.0
3.72	4284.0
4.12	6129.0
3.81	5331.0
3.38	2200.0
4.03	5497.0
3.13	1600.0
3.04	883.0
3.58	2858.0
3.94	8286.0
3.01	967.0
3.26	1918.0
3.53	4222.0
3.17	1845.0
2.77	756.0
3.99	7149.0
2.7	942.0
3.7	4505.0
2.72	608.0
3.88	3605.0
3.3	1963.0
2.73	571.0
4.18	5805.0
3.92	4672.0
3.24	1892.0
3.49	2354.0
4.2	6942.0
3.98	12996.0
2.8	626.0
3.21	2340.0
4.15	5456.0
3.88	3780.0
3.06	1795.0
2.73	521.0
3.88	7487.0
3.46	2999.0
3.3	1572.0
3.52	2384.0
3.01	993.0
3.8	3839.0
2.7	1008.0
3.98	8658.0
2.72	972.0
4.28	6779.0
2.97	1388.0
2.64	571.0
3.22	1882.0
2.86	1270.0
2.77	626.0
2.7	1067.0
3.99	2885.0
4.13	5650.0
3.13	1415.0
3.19	1605.0
4.02	7114.0
3.03	850.0
3.19	1239.0
3.57	2903.0
3.38	1877.0
2.69	706.0
5.14	15540.0
3.51	2822.0
2.92	982.0
3.24	1828.0
3.19	1569.0
2.65	552.0
3.71	3669.0
3.37	1896.0
3.96	3769.0
3.86	4523.0
3.81	7393.0
2.69	734.0
2.98	1040.0
2.71	571.0
4.18	5911.0
3.0	1738.0
2.78	601.0
3.98	4751.0
3.18	1279.0
4.09	11233.0
3.53	3419.0
2.88	792.0
2.72	571.0
3.19	1706.0
3.78	3568.0
4.04	6020.0
2.85	851.0
4.98	15334.0
3.18	1385.0
4.58	8858.0
4.02	4466.0
3.45	3103.0
2.74	787.0
2.8	413.0
2.73	758.0
4.17	5044.0
2.97	735.0
2.65	713.0
2.76	827.0
3.59	2352.0
2.67	709.0
2.95	2250.0
2.92	1050.0
3.54	4082.0
3.33	1442.0
4.18	7863.0
2.71	756.0
3.16	2718.0
2.9	651.0
4.59	8631.0
3.64	2827.0
2.97	1210.0
3.07	1123.0
3.98	5206.0
3.41	2106.0
2.72	839.0
2.71	973.0
4.0	4977.0
4.55	14675.0
3.47	2921.0
4.1	11477.0
3.9	6868.0
3.23	2302.0
4.02	7928.0
3.21	1753.0
2.62	710.0
3.13	1380.0
4.44	11442.0
3.74	3936.0
2.48	402.0
2.81	644.0
2.65	857.0
2.39	668.0
3.39	3239.0
3.77	4817.0
3.47	2423.0
4.03	5653.0
3.29	2192.0
3.22	2505.0
3.89	5775.0
2.88	954.0
4.06	3890.0
4.1	4468.0
3.24	2959.0
2.67	804.0
3.71	3597.0
3.9	6912.0
2.77	1002.0
2.78	805.0
2.61	447.0
3.65	4223.0
3.6	2435.0
3.54	3153.0
4.03	4909.0
3.52	3131.0
2.73	608.0
3.47	2691.0
3.34	1338.0
3.14	1569.0
3.88	5757.0
3.99	4588.0
2.88	868.0
3.28	1963.0
3.37	2037.0
4.06	8339.0
4.03	6447.0
3.57	2551.0
2.58	666.0
3.31	1980.0
3.14	1995.0
2.7	732.0
3.47	2863.0
3.65	2339.0
4.01	3780.0
3.28	2066.0
3.63	3401.0
2.66	1000.0
3.5	2551.0
2.98	1105.0
3.82	4418.0
4.03	4821.0
2.85	626.0
3.19	1882.0
3.46	3294.0
4.05	7541.0
3.48	4095.0
4.03	6776.0
3.01	1947.0
2.89	1080.0
4.02	3634.0
3.58	3033.0
3.87	6189.0
2.79	829.0
3.26	1814.0
2.56	620.0
2.8	803.0
4.6	11103.0
2.73	1014.0
2.73	1002.0
3.87	7150.0
3.76	3816.0
2.81	852.0
2.58	452.0
2.47	548.0
2.94	909.0
4.19	4946.0
4.55	12392.0
2.76	1109.0
3.71	1770.0
3.01	1264.0
2.93	963.0
3.74	3462.0
2.81	644.0
2.6	536.0
3.17	1919.0
2.89	1050.0
3.53	2575.0
2.67	709.0
3.14	1845.0
2.67	571.0
3.46	3229.0
2.8	1063.0
2.96	683.0
3.43	1967.0
3.7	3798.0
2.71	727.0
3.37	2243.0
3.54	2553.0
2.89	982.0
3.52	3020.0
3.3	2175.0
3.52	2745.0
2.71	1044.0
3.21	1662.0
3.45	2211.0
2.79	829.0
4.05	7824.0
3.69	3742.0
2.65	710.0
3.6	2810.0
3.11	1436.0
3.72	3984.0
3.15	1845.0
3.25	1605.0
3.6	3461.0
2.67	533.0
2.72	558.0
4.88	16425.0
2.95	722.0
2.92	700.0
2.69	758.0
3.65	3375.0
2.64	914.0
2.97	1230.0
3.78	3556.0
3.74	3357.0
2.66	911.0
2.95	993.0
2.67	911.0
3.54	3176.0
3.27	2066.0
2.91	881.0
2.96	1018.0
3.89	3357.0
3.29	1619.0
3.84	3990.0
2.82	781.0
3.85	5001.0
2.97	1547.0
3.1	2203.0
3.89	4178.0
3.7	3266.0
4.55	8517.0
3.97	4916.0
4.17	7799.0
3.25	1925.0
3.06	1928.0
3.16	1716.0
3.15	1752.0
4.07	6066.0
3.79	3798.0
2.93	1018.0
3.18	1845.0
3.95	4626.0
3.27	1865.0
3.22	1720.0
2.98	666.0
3.99	5998.0
2.96	1059.0
2.71	1067.0
3.52	3239.0
4.02	6115.0
2.8	584.0
2.75	477.0
2.73	732.0
3.6	2655.0
3.67	2994.0
3.18	1822.0
3.48	2519.0
3.47	2956.0
2.63	879.0
3.55	4325.0
2.76	1002.0
2.68	636.0
3.98	8181.0
3.06	1831.0
3.53	2564.0
2.69	972.0
2.73	1002.0
3.78	4429.0
2.66	752.0
2.93	982.0
3.33	1597.0
3.21	1755.0
3.16	1555.0
3.91	5390.0
3.55	3448.0
3.55	2947.0
2.7	662.0
2.89	1056.0
5.01	17127.0
2.58	487.0
3.5	2863.0
2.45	373.0
2.76	972.0
5.03	16776.0
2.69	756.0
3.01	1207.0
4.03	5598.0
3.4	1909.0
2.74	972.0
3.99	5386.0
3.62	2923.0
2.71	732.0
4.16	9934.0
4.12	5168.0
3.77	10752.0
3.15	1787.0
3.16	1937.0
3.62	2548.0
3.22	1786.0
2.84	619.0
2.69	734.0
2.84	1718.0
3.93	5775.0
3.24	1385.0
2.73	1067.0
3.45	3161.0
3.14	3017.0
2.97	993.0
2.96	855.0
2.76	730.0
3.73	3428.0
3.61	3007.0
3.84	4819.0
3.69	4381.0
2.8	631.0
4.03	3959.0
3.53	3160.0
3.98	5832.0
3.97	16087.0
4.16	6319.0
2.71	942.0
3.85	5055.0
4.06	3894.0
4.38	6303.0
2.68	816.0
3.17	1845.0
2.76	736.0
3.55	3253.0
4.3	5065.0
3.55	3016.0
3.98	6174.0
3.18	1602.0
2.81	876.0
2.79	663.0
2.83	941.0
3.84	4693.0
3.31	1419.0
3.11	1436.0
2.98	1352.0
3.55	3670.0
3.44	2964.0
3.22	2362.0
2.82	1063.0
3.18	2056.0
3.64	3112.0
3.29	1342.0
2.9	1212.0
4.01	9918.0
3.56	3136.0
2.82	928.0
3.21	1635.0
3.86	4168.0
4.24	7785.0
2.72	732.0
2.88	851.0
2.44	492.0
3.21	1600.0
3.28	1810.0
3.57	3096.0
4.27	13653.0
2.51	548.0
5.14	16404.0
3.19	1412.0
3.51	2872.0
3.94	4751.0
4.48	11284.0
3.53	3033.0
3.02	873.0
2.65	911.0
3.69	2853.0
4.06	3965.0
2.96	939.0
3.21	3373.0
3.19	1857.0
3.54	3502.0
4.53	15240.0
2.92	898.0
3.15	1740.0
2.56	621.0
3.35	2263.0
2.63	761.0
4.3	9720.0
3.98	8513.0
3.26	1723.0
4.09	7153.0
3.18	1600.0
2.73	732.0
3.57	3615.0
3.5	3716.0
3.14	1787.0
2.9	690.0
2.93	666.0
2.95	1015.0
4.05	4805.0
4.03	4538.0
3.22	1337.0
3.96	6066.0
2.98	756.0
2.95	744.0
3.54	3179.0
3.2	1774.0
4.0	4811.0
2.71	734.0
3.33	2147.0
2.76	1167.0
2.96	1621.0
3.17	1687.0
3.68	4336.0
2.86	1232.0
2.67	911.0
3.64	2757.0
2.72	715.0
3.6	3673.0
2.76	1211.0
4.57	13714.0
2.79	852.0
2.7	756.0
4.19	9738.0
5.02	17674.0
3.23	3194.0
2.53	533.0
3.21	1720.0
4.01	7448.0
2.65	1248.0
2.83	827.0
3.2	1819.0
2.62	666.0
4.51	14295.0
2.82	1038.0
2.42	357.0
3.74	5423.0
3.68	3214.0
2.72	732.0
4.08	5267.0
2.69	911.0
3.1	1654.0
2.67	709.0
3.82	3962.0
2.68	814.0
2.68	734.0
2.71	1062.0
3.9	7672.0
3.18	1787.0
4.23	7002.0
3.21	1906.0
2.35	688.0
3.6	2855.0
2.83	1131.0
4.08	5915.0
3.03	644.0
3.19	1547.0
4.79	11844.0
3.17	1787.0
3.05	1202.0
3.49	3425.0
2.66	814.0
4.1	10443.0
2.94	855.0
2.67	670.0
2.7	758.0
3.86	4586.0
2.64	447.0
3.12	1399.0
3.55	2247.0
3.16	1687.0
3.59	3601.0
3.2	1892.0
2.98	924.0
2.71	734.0
3.14	1893.0
4.58	15922.0
3.04	844.0
3.67	4781.0
3.99	7575.0
4.07	6426.0
3.08	1388.0
3.63	3961.0
4.47	8737.0
4.14	6443.0
3.17	1882.0
3.3	1793.0
3.53	3222.0
3.96	4427.0
3.14	1716.0
4.28	16253.0
2.87	1257.0
2.7	942.0
2.72	834.0
3.5	2681.0
3.96	5939.0
2.72	571.0
2.64	462.0
2.63	447.0
3.84	5476.0
3.93	3945.0
3.0	1031.0
2.64	913.0
4.05	8999.0
4.6	8975.0
2.96	1105.0
2.84	1400.0
2.71	758.0
3.66	4350.0
3.85	5081.0
2.74	758.0
3.79	2167.0
3.23	2026.0
3.11	1063.0
2.86	1024.0
3.11	1701.0
2.83	669.0
3.25	1012.0
3.16	1610.0
3.96	10130.0
3.26	1879.0
2.71	754.0
3.17	1962.0
3.21	1882.0
3.47	2656.0
3.23	1388.0
3.1	1646.0
3.52	2369.0
2.77	742.0
2.75	462.0
3.17	1654.0
2.9	1005.0
3.5	2430.0
3.85	6652.0
4.09	5648.0
2.69	1034.0
2.67	911.0
3.96	10580.0
2.82	1145.0
3.21	2310.0
3.8	5198.0
3.53	5539.0
3.08	1433.0
4.43	11409.0
2.7	1034.0
3.81	3419.0
3.36	1743.0
3.79	4189.0
3.28	1734.0
4.18	10161.0
2.7	942.0
4.01	8341.0
3.98	10761.0
3.89	4796.0
3.54	2770.0
3.92	9487.0
4.26	4346.0
2.75	841.0
4.01	5105.0
3.2	1787.0
3.21	1264.0
2.69	462.0
3.67	3328.0
2.7	804.0
4.77	12063.0
2.52	452.0
2.74	1033.0
2.69	814.0
2.78	852.0
2.67	911.0
2.96	1249.0
2.76	1063.0
4.6	10362.0
3.1	2460.0
3.75	4327.0
2.64	911.0
2.8	829.0
3.11	1614.0
2.76	1247.0
2.85	1069.0
3.59	2998.0
3.7	3593.0
2.71	571.0
2.97	1151.0
2.97	1064.0
4.13	13968.0
3.24	1753.0
2.9	702.0
3.5	3203.0
3.99	7643.0
3.25	2066.0
2.98	855.0
2.81	635.0
3.83	4128.0
3.53	3406.0
2.72	626.0
3.95	11335.0
3.48	3737.0
3.25	2030.0
3.81	6689.0
2.78	644.0
4.0	10927.0
2.57	1011.0
3.58	2782.0
3.91	3634.0
3.24	1452.0
2.78	481.0
2.69	593.0
2.78	687.0
4.8	14426.0
2.69	683.0
3.29	2590.0
4.1	5504.0
2.79	707.0
3.5	2596.0
2.65	732.0
2.92	1232.0
2.96	1007.0
3.57	2883.0
2.59	622.0
4.08	17042.0
4.05	4764.0
3.9	3763.0
4.41	9781.0
3.57	2954.0
3.6	3487.0
2.91	874.0
3.31	1272.0
2.81	805.0
3.17	1667.0
2.82	522.0
3.83	3660.0
3.37	1752.0
4.62	17223.0
2.95	982.0
3.98	5762.0
2.62	447.0
4.13	6962.0
2.73	1257.0
2.66	552.0
3.16	1752.0
4.23	6965.0
3.6	2567.0
2.96	774.0
3.89	5096.0
2.73	1140.0
2.98	1076.0
3.59	3222.0
2.64	710.0
2.69	524.0
2.72	1066.0
3.87	10562.0
2.47	530.0
2.95	1129.0
4.02	8943.0
3.91	4260.0
4.44	8419.0
3.16	958.0
2.73	972.0
3.85	5597.0
3.19	2220.0
4.02	5645.0
3.98	4478.0
3.94	5918.0
2.86	633.0
4.06	6532.0
4.39	6443.0
3.17	1631.0
2.76	596.0
3.69	3195.0
2.67	571.0
4.03	18279.0
2.86	1289.0
3.52	4363.0
2.31	367.0
4.7	14354.0
2.65	524.0
3.47	2006.0
2.77	781.0
2.85	773.0
3.28	1723.0
2.73	589.0
2.84	941.0
3.07	1712.0
2.71	550.0
3.94	5028.0
3.88	4724.0
3.22	1956.0
3.9	4214.0
2.76	781.0
4.63	17441.0
2.59	799.0
3.11	1720.0
2.82	851.0
3.53	4029.0
3.98	15671.0
2.77	1033.0
3.93	5422.0
4.22	5551.0
2.78	361.0
3.39	1779.0
4.03	5543.0
4.11	5283.0
2.74	998.0
3.58	3322.0
3.85	5747.0
2.99	949.0
3.17	1610.0
3.05	993.0
3.45	3049.0
2.87	1018.0
4.05	7683.0
2.63	911.0
3.35	1948.0
2.96	1582.0
3.18	1959.0
3.39	1904.0
4.17	6140.0
2.97	1350.0
3.18	1882.0
3.04	919.0
3.37	1996.0
4.03	6352.0
4.45	12206.0
3.14	1752.0
4.02	7697.0
4.04	4338.0
3.33	1816.0
3.68	3864.0
3.32	1258.0
3.0	810.0
2.96	1040.0
3.18	1190.0
3.95	5489.0
3.17	1574.0
3.69	2904.0
4.06	5320.0
3.09	1376.0
2.76	803.0
3.3	2170.0
2.58	586.0
2.69	942.0
3.75	3989.0
2.72	662.0
3.13	2272.0
4.59	9565.0
2.71	447.0
2.58	799.0
3.76	3862.0
4.0	4338.0
2.91	942.0
4.35	8597.0
2.95	1235.0
2.96	1232.0
2.87	681.0
2.77	589.0
3.83	4165.0
4.02	4877.0
3.87	5546.0
2.93	1152.0
2.66	710.0
3.6	3219.0
3.19	1332.0
2.65	709.0
2.91	1095.0
3.86	4946.0
3.54	2683.0
2.94	1015.0
2.69	704.0
3.59	4547.0
2.79	851.0
2.66	710.0
3.22	2459.0
3.43	2312.0
2.96	744.0
3.4	2207.0
3.23	2815.0
2.98	862.0
3.25	1664.0
2.93	683.0
3.57	2936.0
3.01	919.0
3.99	5174.0
4.11	5186.0
3.29	4916.0
3.25	1636.0
2.73	709.0
3.92	4906.0
2.96	1295.0
2.82	685.0
3.39	2518.0
2.73	714.0
4.1	6830.0
3.43	2628.0
2.65	942.0
3.88	2674.0
2.7	732.0
4.01	15081.0
3.69	3335.0
2.84	794.0
2.72	650.0
2.47	485.0
3.98	5177.0
2.57	642.0
2.95	1234.0
4.01	5186.0
2.67	911.0
3.78	4130.0
3.83	4579.0
5.03	18468.0
4.02	8612.0
2.67	710.0
2.94	855.0
3.2	1689.0
3.25	1786.0
4.03	7751.0
2.66	710.0
4.05	4963.0
3.71	3353.0
4.04	8893.0
2.74	972.0
2.69	626.0
3.19	1919.0
3.19	1292.0
2.69	462.0
3.98	5104.0
3.2	1882.0
3.85	4382.0
2.46	485.0
4.03	6909.0
2.74	589.0
3.85	6513.0
3.58	2987.0
3.22	1708.0
3.21	1423.0
4.0	4727.0
3.02	1388.0
3.21	3307.0
3.88	4078.0
3.96	3838.0
3.14	2217.0
4.16	13405.0
2.68	710.0
2.67	911.0
3.62	3082.0
2.9	1066.0
2.66	552.0
2.68	710.0
4.01	7785.0
2.7	571.0
3.87	5628.0
2.94	1050.0
2.63	710.0
3.13	1882.0
2.67	825.0
3.57	2740.0
3.62	2770.0
3.84	4304.0
2.69	814.0
4.0	12581.0
2.69	734.0
3.52	2872.0
2.71	645.0
3.95	8333.0
3.08	1437.0
3.52	2822.0
2.73	589.0
3.85	3689.0
2.78	550.0
3.98	4545.0
4.03	6389.0
3.52	3105.0
2.69	734.0
2.72	803.0
4.0	5804.0
3.15	1569.0
3.88	3671.0
3.16	1707.0
2.88	1173.0
2.73	790.0
3.84	4381.0
4.53	13799.0
2.95	1015.0
2.69	942.0
2.81	827.0
3.82	4239.0
2.69	734.0
2.83	522.0
3.87	4690.0
3.0	1621.0
2.97	810.0
4.56	14205.0
3.01	774.0
4.5	9030.0
2.69	662.0
3.5	2874.0
2.42	530.0
3.56	2726.0
2.68	696.0
3.25	1963.0
2.72	732.0
3.04	1149.0
4.61	14680.0
3.45	2589.0
2.77	758.0
3.21	1786.0
2.93	1665.0
3.7	2848.0
2.96	666.0
4.12	6241.0
2.64	601.0
2.78	967.0
2.92	1290.0
3.55	2299.0
2.73	972.0
3.93	6138.0
3.2	1758.0
2.98	810.0
2.78	1094.0
4.0	5235.0
2.87	1067.0
2.75	589.0
3.01	798.0
2.86	681.0
2.66	911.0
3.77	2604.0
2.81	803.0
3.19	1385.0
3.16	1812.0
3.93	3634.0
4.03	7539.0
2.69	988.0
3.35	1777.0
3.72	4209.0
3.62	3517.0
2.7	508.0
2.82	983.0
3.98	4520.0
2.84	1124.0
2.75	829.0
3.99	5006.0
2.95	891.0
3.24	1595.0
2.69	710.0
3.27	2066.0
3.0	1040.0
3.5	3092.0
3.38	1976.0
3.77	4381.0
2.64	709.0
2.75	612.0
2.74	2346.0
4.01	6002.0
2.85	855.0
3.21	1892.0
3.54	3622.0
3.15	2387.0
2.74	492.0
2.79	964.0
3.82	4177.0
3.22	1668.0
3.99	15231.0
2.8	644.0
3.98	5659.0
3.9	4575.0
3.27	1708.0
3.33	1342.0
3.2	2177.0
2.6	515.0
3.24	1631.0
3.52	2686.0
4.27	7486.0
4.16	17192.0
3.84	4381.0
4.13	4022.0
2.85	997.0
3.89	4639.0
3.54	2155.0
3.76	5271.0
3.79	5040.0
2.66	574.0
3.59	3226.0
3.6	2906.0
3.89	3153.0
4.02	5122.0
3.67	4183.0
3.56	3252.0
2.82	1063.0
3.26	1718.0
3.69	3800.0
2.59	848.0
2.95	1181.0
2.94	810.0
2.69	863.0
2.81	805.0
2.99	1621.0
2.97	1056.0
3.97	4764.0
2.7	942.0
3.24	1795.0
4.27	12848.0
4.02	6097.0
2.78	910.0
3.34	1927.0
3.2	1956.0
2.84	800.0
3.25	1963.0
2.69	671.0
3.28	1786.0
2.6	780.0
2.97	1007.0
4.87	12361.0
3.22	2004.0
3.48	2822.0
3.55	2841.0
3.74	3828.0
2.75	626.0
2.66	1069.0
2.73	1207.0
2.62	574.0
3.0	947.0
3.52	2575.0
2.61	709.0
2.73	689.0
2.92	825.0
4.14	7662.0
2.7	548.0
2.71	734.0
3.18	1553.0
2.72	758.0
3.48	2596.0
3.61	2757.0
3.48	4029.0
3.96	7422.0
4.01	5832.0
4.51	8311.0
3.58	2210.0
2.66	589.0
3.94	10113.0
3.27	1963.0
2.69	965.0
4.03	4459.0
2.86	1290.0
3.15	1654.0
3.58	3346.0
4.03	4760.0
2.75	657.0
2.76	827.0
2.92	924.0
3.24	1817.0
3.23	2366.0
3.87	4260.0
2.96	738.0
2.66	720.0
3.5	2757.0
2.72	530.0
4.07	4786.0
4.36	8930.0
2.79	492.0
2.74	816.0
2.87	795.0
2.8	933.0
2.75	978.0
2.81	1094.0
4.07	4972.0
2.83	522.0
3.31	2326.0
2.77	1002.0
4.17	6464.0
3.17	1882.0
3.22	1892.0
2.91	850.0
3.6	2436.0
2.96	889.0
2.96	716.0
3.09	1610.0
2.64	552.0
3.18	1569.0
2.75	533.0
2.66	552.0
2.64	661.0
3.94	9965.0
2.74	732.0
3.57	3668.0
4.06	6132.0
3.2	1635.0
3.51	2743.0
3.52	2536.0
3.16	1359.0
2.68	1041.0
2.7	631.0
3.45	1981.0
2.41	478.0
3.32	2022.0
2.7	942.0
2.55	580.0
4.66	16575.0
2.49	478.0
3.16	1415.0
3.99	7812.0
3.89	4912.0
3.17	1243.0
4.01	5939.0
2.71	736.0
3.08	927.0
3.93	4260.0
2.77	608.0
3.34	1449.0
3.91	2618.0
4.09	12150.0
4.37	9817.0
2.69	758.0
3.53	4380.0
4.0	4867.0
2.83	876.0
3.19	1956.0
2.81	733.0
3.57	2718.0
2.72	1002.0
2.67	732.0
3.01	653.0
3.67	3035.0
3.26	2066.0
3.61	2809.0
2.71	571.0
3.9	4564.0
3.08	1326.0
2.41	668.0
3.66	2539.0
2.7	734.0
3.16	1922.0
3.9	8077.0
2.78	1033.0
3.54	3092.0
3.8	4334.0
4.03	8279.0
3.1	1447.0
3.2	2426.0
4.04	6112.0
3.72	3262.0
4.01	5497.0
4.13	5280.0
3.23	1436.0
4.16	12788.0
2.73	462.0
2.84	1123.0
3.12	1845.0
4.17	5136.0
3.55	2655.0
4.51	13603.0
2.64	709.0
2.76	967.0
3.77	3013.0
3.3	4025.0
4.03	4620.0
2.96	1295.0
3.96	5880.0
3.97	5817.0
4.16	10115.0
3.0	1659.0
3.55	2865.0
3.99	4107.0
3.98	5702.0
3.98	6881.0
4.52	12648.0
3.2	2021.0
3.87	3205.0
2.93	1078.0
2.93	1179.0
2.7	462.0
2.72	626.0
3.99	5645.0
2.82	1095.0
3.37	2364.0
2.9	983.0
4.21	12375.0
3.18	1632.0
2.98	791.0
3.17	1787.0
4.49	16736.0
2.42	452.0
2.47	419.0
3.22	1589.0
4.23	9912.0
2.7	492.0
3.87	4712.0
3.76	2954.0
3.74	3933.0
2.98	1230.0
3.0	1235.0
3.02	756.0
2.72	732.0
2.49	478.0
3.36	1840.0
3.18	1752.0
3.37	2106.0
4.03	6158.0
2.8	728.0
3.04	910.0
2.69	852.0
2.98	924.0
4.04	6565.0
3.3	2061.0
3.31	1914.0
3.0	1223.0
2.72	734.0
3.52	2767.0
3.0	1294.0
2.4	357.0
4.25	7437.0
4.04	4704.0
2.86	1257.0
3.18	1623.0
4.47	15052.0
2.97	876.0
3.2	3284.0
3.19	1289.0
2.72	692.0
3.59	2973.0
3.18	1561.0
3.86	5757.0
3.28	1865.0
3.24	1180.0
3.59	3858.0
3.96	5147.0
2.72	1066.0
3.81	5717.0
3.0	622.0
2.78	626.0
3.12	1563.0
2.88	1013.0
3.28	1304.0
2.66	911.0
3.24	1814.0
3.32	1413.0
3.84	5797.0
3.5	3567.0
3.16	1690.0
2.9	1092.0
3.3	1838.0
3.12	3509.0
3.73	4419.0
3.8	4527.0
2.83	1200.0
4.01	4666.0
2.69	515.0
3.38	4172.0
3.61	3690.0
2.95	638.0
2.72	515.0
4.15	5829.0
3.32	2352.0
4.69	14561.0
2.7	593.0
3.2	1722.0
2.92	810.0
2.99	810.0
3.44	3952.0
3.43	2074.0
4.07	5329.0
2.73	612.0
3.17	1264.0
3.01	756.0
2.68	942.0
2.77	530.0
3.99	4946.0
3.0	1103.0
3.77	3744.0
2.74	1002.0
3.66	3818.0
4.0	11511.0
4.13	6113.0
2.86	874.0
2.71	732.0
3.98	4338.0
3.22	1635.0
3.46	2444.0
2.77	663.0
4.63	9199.0
3.86	4466.0
3.83	6444.0
3.63	2996.0
3.94	5015.0
3.19	1587.0
2.69	571.0
3.94	7032.0
3.79	4816.0
3.83	3812.0
4.65	11087.0
4.52	9234.0
2.65	552.0
3.77	5825.0
3.55	2900.0
3.52	2960.0
3.5	1910.0
4.3	5756.0
2.95	963.0
2.72	631.0
2.72	972.0
3.55	2612.0
4.77	12052.0
4.02	2291.0
2.77	612.0
3.57	3622.0
3.95	5952.0
3.23	1793.0
2.76	631.0
4.05	7679.0
2.75	781.0
3.54	2307.0
3.83	8979.0
2.74	593.0
3.19	1660.0
3.65	3209.0
2.7	734.0
2.75	972.0
3.3	1864.0
4.58	10487.0
3.8	3743.0
2.67	508.0
3.56	4134.0
3.0	1160.0
2.7	1140.0
4.11	6078.0
2.75	756.0
3.1	2460.0
3.15	1387.0
3.49	2575.0
2.64	547.0
4.05	4633.0
2.98	1075.0
3.42	2013.0
3.6	3625.0
3.79	5700.0
3.79	4948.0
2.98	1314.0
3.88	3425.0
2.76	781.0
3.27	1975.0
2.91	1096.0
3.22	1842.0
3.57	2088.0
3.24	2030.0
3.13	1758.0
3.73	4304.0
2.79	2287.0
3.21	1857.0
3.72	3689.0
3.98	4595.0
2.67	710.0
3.19	2542.0
4.08	5258.0
3.4	2525.0
2.91	798.0
4.71	10847.0
2.92	1082.0
2.81	1094.0
3.54	2827.0
3.9	5543.0
2.82	827.0
4.17	8038.0
2.97	1103.0
2.52	470.0
2.52	512.0
3.86	3871.0
4.21	4543.0
3.98	5426.0
3.18	1720.0
4.57	15887.0
2.62	741.0
2.95	1200.0
4.6	8868.0
2.75	462.0
2.44	485.0
4.55	10302.0
3.21	2321.0
4.22	12912.0
3.3	1894.0
3.08	1778.0
2.95	1238.0
3.87	4381.0
3.72	3284.0
3.18	2033.0
2.74	829.0
2.68	574.0
3.15	1787.0
3.17	1628.0
4.18	4758.0
3.97	5390.0
3.27	1847.0
2.96	1181.0
2.76	706.0
2.7	734.0
4.09	7679.0
4.09	4139.0
4.58	8518.0
3.24	4632.0
3.16	1376.0
2.71	997.0
2.93	1255.0
2.97	791.0
3.45	2851.0
2.93	853.0
3.36	2266.0
2.7	507.0
2.95	1015.0
3.14	1454.0
2.68	911.0
4.49	16889.0
3.59	3312.0
2.5	399.0
3.84	5987.0
3.28	1963.0
3.93	5051.0
2.84	1117.0
4.03	5147.0
2.48	388.0
2.83	777.0
4.58	13372.0
2.63	575.0
3.57	3440.0
3.59	2707.0
3.47	2909.0
3.22	1683.0
2.78	631.0
2.76	550.0
3.98	4724.0
2.72	454.0
3.24	1890.0
3.59	2641.0
4.18	8006.0
2.72	732.0
2.9	831.0
3.87	4381.0
4.17	7916.0
3.16	1844.0
3.59	3894.0
4.18	5689.0
2.74	972.0
3.5	3502.0
3.1	1569.0
3.76	3371.0
2.71	608.0
2.74	1006.0
3.2	1993.0
3.72	4087.0
2.97	792.0
3.9	4676.0
2.76	862.0
3.9	3473.0
3.01	716.0
2.79	1002.0
3.7	5795.0
2.71	1052.0
3.19	1873.0
3.2	1574.0
2.7	933.0
4.09	5226.0
4.0	7792.0
2.69	571.0
3.58	2504.0
3.9	4120.0
3.17	1752.0
3.56	2891.0
4.03	5443.0
4.46	7862.0
2.75	1063.0
3.33	1912.0
3.82	4289.0
3.46	2928.0
4.01	8192.0
3.0	947.0
2.78	1033.0
3.84	4304.0
2.94	990.0
3.88	8374.0
5.19	18028.0
3.15	1756.0
3.66	3135.0
3.98	4064.0
4.62	17111.0
3.24	2307.0
3.46	1410.0
3.99	16406.0
2.89	933.0
2.72	803.0
3.23	2004.0
2.67	710.0
3.27	1963.0
2.86	663.0
3.13	1243.0
3.97	4679.0
3.09	2677.0
3.86	4078.0
4.16	8693.0
3.17	1571.0
3.3	1814.0
3.38	2134.0
3.96	5491.0
3.39	2251.0
2.83	1063.0
3.51	2721.0
3.0	1022.0
2.72	462.0
3.21	1815.0
3.31	1978.0
3.98	4155.0
3.97	5775.0
2.92	855.0
2.69	877.0
3.53	2374.0
3.83	4140.0
2.74	1033.0
2.78	812.0
2.71	1064.0
3.16	1975.0
3.57	2719.0
2.89	1140.0
2.85	944.0
3.83	4909.0
3.18	1320.0
3.19	1779.0
3.21	1723.0
4.28	7924.0
3.19	1569.0
2.69	593.0
2.7	758.0
3.99	4753.0
3.41	3090.0
2.72	758.0
2.67	758.0
4.7	13363.0
2.74	477.0
4.01	12545.0
3.24	1990.0
2.73	1140.0
3.28	1684.0
3.87	4060.0
3.04	1270.0
2.65	829.0
3.22	1692.0
4.33	9275.0
4.73	7469.0
3.48	2573.0
2.8	829.0
2.94	798.0
3.57	3075.0
4.03	5198.0
4.08	5605.0
3.37	2562.0
2.86	1021.0
4.0	4044.0
2.95	919.0
3.19	1237.0
3.53	3093.0
3.68	3643.0
2.97	774.0
2.96	1007.0
3.67	6004.0
3.68	2372.0
2.82	1071.0
2.76	584.0
3.18	2010.0
3.61	2753.0
3.21	2472.0
3.14	1279.0
2.84	636.0
4.81	11138.0
3.2	1774.0
3.99	5656.0
2.85	626.0
2.91	666.0
3.38	2583.0
2.9	625.0
2.81	851.0
2.94	791.0
4.03	3675.0
4.15	6041.0
3.25	2251.0
3.54	3582.0
3.18	1593.0
2.62	683.0
2.77	1054.0
2.62	710.0
4.0	8008.0
3.39	2429.0
4.51	10546.0
3.52	2797.0
4.14	5966.0
3.83	5342.0
2.71	942.0
3.67	3085.0
4.03	17590.0
4.32	9548.0
4.07	3909.0
5.33	14749.0
3.25	1963.0
2.68	732.0
2.8	758.0
3.21	1758.0
2.84	1064.0
2.75	972.0
3.79	4561.0
3.75	4373.0
4.52	8108.0
3.9	6196.0
3.22	3517.0
3.79	4012.0
4.53	11442.0
3.01	707.0
2.98	786.0
3.87	3408.0
2.87	619.0
4.0	4661.0
2.44	388.0
3.96	10773.0
2.69	552.0
2.77	781.0
3.91	8341.0
3.27	1755.0
2.99	1207.0
3.18	1157.0
3.17	1848.0
2.68	911.0
2.71	593.0
4.03	4513.0
2.81	626.0
4.57	11942.0
4.13	5758.0
3.19	1659.0
4.54	12981.0
3.76	3812.0
2.99	622.0
3.55	4196.0
2.97	1582.0
2.68	709.0
3.43	4281.0
4.0	6340.0
2.67	854.0
3.97	4592.0
3.85	5656.0
3.04	858.0
3.33	1428.0
3.57	3352.0
3.4	3968.0
2.86	1040.0
2.82	829.0
3.3	1896.0
4.19	12989.0
2.62	670.0
3.22	1600.0
2.72	862.0
2.67	574.0
4.17	12016.0
3.66	2551.0
4.26	5562.0
4.27	7044.0
4.02	7954.0
4.62	14416.0
2.73	626.0
2.68	552.0
3.36	1814.0
3.84	3975.0
3.26	1723.0
4.07	4312.0
3.04	1178.0
2.78	1063.0
3.69	3473.0
3.29	1777.0
4.22	9581.0
3.16	1631.0
3.23	1232.0
2.74	631.0
3.27	1662.0
3.98	8138.0
3.52	5539.0
3.68	3579.0
2.83	801.0
2.69	571.0
3.93	6270.0
2.65	589.0
3.25	1786.0
3.7	3210.0
3.55	3535.0
3.24	1650.0
2.76	803.0
2.72	571.0
3.62	3332.0
3.81	5986.0
2.66	710.0
3.52	2863.0
3.12	1654.0
3.0	942.0
2.98	1015.0
3.24	2360.0
3.93	6785.0
3.97	5057.0
2.78	772.0
3.91	3916.0
3.5	2079.0
2.76	781.0
3.17	1574.0
3.08	1703.0
3.47	5027.0
3.85	4117.0
3.22	1857.0
3.52	3471.0
3.56	2960.0
2.96	786.0
4.26	9836.0
2.43	505.0
3.94	6905.0
2.82	663.0
3.16	1787.0
2.7	734.0
2.73	571.0
3.12	1808.0
3.31	1963.0
3.89	3550.0
2.92	1693.0
2.88	681.0
3.56	2239.0
4.03	8943.0
2.86	681.0
2.66	552.0
2.73	1171.0
2.68	809.0
3.09	1420.0
2.83	1094.0
2.87	619.0
2.7	972.0
4.19	10079.0
2.65	905.0
2.97	1010.0
3.66	3242.0
3.97	6115.0
2.75	492.0
3.23	1814.0
2.84	787.0
2.73	781.0
4.55	8742.0
3.22	1436.0
3.44	1939.0
2.73	803.0
2.97	1015.0
2.81	1056.0
2.97	1064.0
4.05	4441.0
2.69	982.0
3.74	4804.0
3.17	1919.0
3.2	1857.0
2.78	1002.0
4.02	3965.0
4.06	8202.0
4.59	11863.0
3.19	1819.0
2.51	575.0
2.75	571.0
3.21	3006.0
4.13	5315.0
4.22	6505.0
2.66	713.0
2.74	917.0
3.53	4014.0
2.68	571.0
3.14	1109.0
2.75	961.0
4.04	6250.0
3.56	2943.0
2.97	1040.0
3.21	1919.0
2.44	478.0
3.88	3965.0
3.82	4817.0
3.19	1749.0
2.71	477.0
4.86	15627.0
3.87	5880.0
4.11	12150.0
2.66	734.0
3.41	2010.0
2.91	1092.0
2.71	732.0
2.63	2366.0
2.88	1286.0
2.85	1071.0
4.17	6935.0
3.98	6440.0
3.28	3496.0
2.7	593.0
2.69	1310.0
2.79	631.0
4.28	5979.0
3.3	1944.0
4.03	13588.0
4.15	5936.0
3.23	2514.0
4.3	6936.0
3.23	1822.0
3.2	1919.0
2.61	574.0
2.56	752.0
2.39	521.0
4.09	7415.0
3.3	1799.0
3.3	1777.0
3.54	3287.0
3.98	6460.0
3.56	2452.0
3.8	4612.0
3.11	1204.0
3.96	5804.0
3.75	4211.0
3.84	4668.0
2.97	920.0
3.61	3384.0
2.81	644.0
3.22	1272.0
4.07	5352.0
3.16	2079.0
3.27	1786.0
3.91	10499.0
4.14	4520.0
3.13	1363.0
2.72	942.0
3.81	3958.0
2.73	657.0
3.6	3489.0
3.73	4381.0
3.55	2541.0
2.69	734.0
3.23	1146.0
2.74	650.0
2.63	911.0
2.72	715.0
2.95	1364.0
3.57	2690.0
2.76	631.0
2.82	644.0
3.2	1402.0
3.36	1820.0
2.79	772.0
2.9	983.0
3.24	1775.0
4.59	11756.0
3.22	1595.0
2.7	948.0
3.76	4304.0
3.96	6863.0
3.87	9740.0
2.76	608.0
3.21	1814.0
3.64	3040.0
4.14	4203.0
4.05	6081.0
2.96	1103.0
4.04	4764.0
2.74	616.0
3.89	3689.0
3.7	4365.0
2.7	462.0
4.04	5653.0
2.63	950.0
2.59	632.0
2.77	756.0
3.8	4241.0
4.56	7915.0
2.9	1290.0
3.51	2697.0
3.59	3177.0
4.61	11976.0
3.94	8065.0
3.19	2251.0
4.54	10725.0
3.88	7281.0
2.75	706.0
3.28	1698.0
2.68	853.0
3.98	4811.0
3.2	1566.0
3.95	10407.0
3.61	2215.0
3.08	1235.0
3.59	3353.0
2.49	997.0
3.82	4612.0
2.66	803.0
3.55	3229.0
2.81	522.0
3.28	1578.0
2.76	626.0
3.51	2768.0
3.89	6776.0
4.24	5373.0
3.65	3696.0
2.86	1170.0
4.62	13316.0
3.89	4721.0
3.15	1635.0
4.48	9821.0
2.69	804.0
4.22	8457.0
3.57	3372.0
2.78	921.0
2.99	898.0
3.98	4932.0
2.68	790.0
3.52	3129.0
2.72	758.0
2.81	1094.0
2.74	631.0
3.76	4717.0
2.93	1015.0
3.42	3561.0
3.17	1633.0
3.62	2713.0
3.21	2266.0
2.92	982.0
2.8	750.0
2.88	954.0
2.88	663.0
3.2	1892.0
4.25	10706.0
3.27	1249.0
2.66	1208.0
2.9	884.0
2.78	468.0
3.56	2509.0
3.51	3674.0
2.73	949.0
2.68	710.0
3.18	1395.0
2.98	898.0
2.82	644.0
2.88	791.0
2.96	876.0
4.46	7722.0
2.93	1200.0
3.99	8416.0
3.28	3465.0
3.57	3465.0
3.21	1429.0
3.3	1607.0
3.23	1605.0
3.25	1293.0
3.85	3818.0
3.37	1431.0
2.7	1030.0
3.55	3618.0
3.18	1257.0
3.85	7544.0
3.55	3241.0
3.75	2657.0
2.7	934.0
3.55	3247.0
3.17	1919.0
4.02	7653.0
2.94	1323.0
4.0	5247.0
3.22	1919.0
2.8	780.0
3.72	4113.0
3.28	1928.0
3.4	2224.0
2.98	1326.0
3.41	3228.0
2.69	462.0
3.07	1009.0
2.69	589.0
2.91	1072.0
2.92	791.0
3.14	1752.0
4.55	10934.0
2.66	447.0
3.85	6568.0
3.8	3812.0
3.24	2018.0
3.02	760.0
3.53	2310.0
3.24	1993.0
4.07	5419.0
3.55	3236.0
2.48	485.0
2.73	972.0
2.98	961.0
3.53	2913.0
3.23	1848.0
2.72	684.0
2.69	515.0
3.55	3299.0
2.81	537.0
2.63	742.0
2.94	920.0
2.68	766.0
2.68	718.0
3.86	4228.0
3.04	987.0
3.65	3923.0
2.6	848.0
3.65	2846.0
3.97	7852.0
2.99	1238.0
3.42	1991.0
3.24	2020.0
2.93	1050.0
2.61	574.0
2.94	622.0
3.02	910.0
2.76	462.0
2.7	982.0
3.21	1694.0
2.67	780.0
2.99	1264.0
3.76	3312.0
3.67	3270.0
2.94	1263.0
3.21	2289.0
2.82	928.0
4.63	12226.0
3.21	1993.0
3.14	1597.0
2.65	756.0
4.04	4861.0
2.77	1162.0
2.73	1002.0
2.71	462.0
2.98	1395.0
3.37	2358.0
3.17	1404.0
4.59	8706.0
4.12	9650.0
3.25	1847.0
3.17	3378.0
3.27	2945.0
3.21	1819.0
3.2	1919.0
3.18	2426.0
2.63	552.0
4.06	6449.0
2.99	683.0
4.04	4004.0
2.66	552.0
3.94	8181.0
2.58	799.0
2.66	552.0
3.86	5621.0
3.83	5096.0
2.95	667.0
3.01	1294.0
4.14	6607.0
3.65	3811.0
3.83	5005.0
3.58	2557.0
2.74	477.0
3.24	1698.0
2.73	984.0
2.59	724.0
4.01	3866.0
4.01	4764.0
3.91	4727.0
4.04	7200.0
2.57	600.0
3.42	2461.0
3.54	3287.0
3.81	3975.0
2.69	762.0
3.26	1910.0
2.91	586.0
2.69	942.0
2.92	1040.0
4.2	7087.0
3.53	3366.0
4.19	6157.0
2.67	571.0
3.2	1549.0
4.07	6163.0
4.54	12738.0
3.18	1243.0
3.17	971.0
3.17	1822.0
4.15	5932.0
2.84	537.0
4.46	10090.0
2.76	669.0
2.71	774.0
3.55	3896.0
3.69	3489.0
2.46	458.0
2.85	924.0
2.72	790.0
2.98	1582.0
3.08	1657.0
2.92	1050.0
2.67	651.0
4.51	10512.0
3.84	4253.0
4.01	6176.0
4.42	10517.0
2.9	1232.0
3.56	3053.0
3.86	4381.0
3.14	1687.0
2.72	942.0
3.17	1235.0
2.93	1279.0
3.27	1378.0
2.99	660.0
3.14	1565.0
2.61	487.0
2.95	846.0
2.71	706.0
3.35	1896.0
2.79	890.0
3.25	1796.0
2.62	710.0
3.89	5780.0
3.55	3554.0
4.86	12981.0
2.68	911.0
3.55	3522.0
3.05	1436.0
3.74	3066.0
2.91	990.0
3.47	2235.0
3.74	3298.0
2.69	593.0
3.54	3087.0
2.72	1014.0
3.26	1986.0
4.6	5460.0
3.5	5539.0
4.29	10114.0
3.2	1857.0
3.74	3207.0
2.68	1074.0
3.97	5219.0
2.39	458.0
2.63	552.0
4.7	14224.0
4.03	5042.0
2.83	1257.0
3.14	1882.0
3.27	2066.0
4.02	5622.0
2.95	876.0
2.65	552.0
3.21	1627.0
3.24	2188.0
3.33	3234.0
2.65	552.0
3.24	1928.0
2.9	990.0
3.27	1578.0
2.76	537.0
3.96	10860.0
2.95	1076.0
2.61	537.0
2.93	683.0
2.65	552.0
2.71	612.0
2.7	571.0
4.14	10083.0
4.15	12200.0
2.74	1176.0
2.94	982.0
3.13	1226.0
3.51	2570.0
4.2	8521.0
2.96	1356.0
2.93	777.0
2.95	830.0
2.91	1067.0
2.68	933.0
4.04	4949.0
4.58	9293.0
2.82	829.0
3.98	4560.0
4.49	12179.0
4.12	14667.0
2.88	1992.0
3.16	1569.0
2.67	911.0
3.22	1257.0
2.75	681.0
3.13	1787.0
2.67	552.0
3.89	5543.0
4.44	14773.0
2.78	1330.0
2.86	1050.0
4.57	9894.0
4.16	10907.0
3.29	1750.0
2.99	1389.0
3.59	3712.0
2.64	670.0
3.21	1914.0
3.32	1333.0
3.1	2834.0
2.91	990.0
3.62	2198.0
3.66	4469.0
4.59	11310.0
3.54	4369.0
3.88	4583.0
3.19	1919.0
3.18	1678.0
2.7	732.0
2.79	871.0
4.06	5159.0
3.01	838.0
2.72	803.0
2.7	972.0
4.03	4682.0
3.18	2742.0
3.68	3345.0
3.48	4325.0
4.03	11815.0
2.95	1103.0
3.89	3613.0
4.1	5096.0
3.16	1808.0
3.2	1333.0
4.78	15544.0
2.74	756.0
3.58	2647.0
2.65	571.0
2.75	589.0
2.67	1041.0
3.57	3406.0
4.01	5169.0
3.69	4869.0
2.81	669.0
3.26	1364.0
2.71	719.0
2.98	791.0
2.67	911.0
2.98	1103.0
2.67	710.0
3.28	4293.0
4.54	11760.0
3.92	5390.0
2.73	626.0
3.18	1752.0
2.71	687.0
2.91	855.0
3.24	1918.0
3.06	2329.0
2.93	1123.0
3.14	1569.0
2.67	592.0
3.92	5821.0
3.99	5709.0
2.81	852.0
3.85	4914.0
3.58	2788.0
3.87	3349.0
4.48	8739.0
2.77	781.0
2.61	709.0
3.87	4612.0
2.96	1323.0
2.93	990.0
2.69	447.0
3.89	7127.0
4.5	11795.0
2.56	470.0
3.53	2690.0
3.9	5443.0
3.2	1193.0
3.91	5488.0
2.96	1235.0
3.09	1574.0
2.7	780.0
3.74	3246.0
3.17	1359.0
3.49	2317.0
3.49	2909.0
2.9	983.0
3.47	2123.0
3.24	1701.0
3.89	3730.0
2.68	709.0
3.19	1873.0
2.7	990.0
2.87	1088.0
3.57	3298.0
3.52	2768.0
3.89	4187.0
2.78	625.0
4.03	10709.0
4.37	9173.0
3.21	1605.0
3.85	2803.0
4.53	15102.0
2.7	734.0
2.94	666.0
2.64	732.0
2.72	982.0
2.53	554.0
4.03	4457.0
4.16	6140.0
4.09	10144.0
4.03	15813.0
2.83	829.0
3.87	4218.0
2.81	827.0
2.69	662.0
3.87	4113.0
4.94	16484.0
2.89	666.0
2.68	732.0
3.21	1166.0
3.85	3755.0
2.71	982.0
4.05	4845.0
5.23	16086.0
2.87	857.0
3.55	4037.0
3.21	1892.0
2.79	907.0
3.27	2053.0
3.17	1431.0
4.63	13869.0
4.05	5265.0
3.15	1569.0
4.07	3871.0
3.53	4716.0
3.0	798.0
3.15	1923.0
3.89	3911.0
3.77	4179.0
3.22	1662.0
2.64	911.0
2.99	599.0
4.14	5408.0
2.77	1033.0
2.71	709.0
2.89	1323.0
3.87	4692.0
3.23	1430.0
2.67	710.0
2.68	524.0
3.21	1363.0
2.69	710.0
3.38	1927.0
3.84	3706.0
2.65	520.0
2.76	724.0
2.64	788.0
4.0	9451.0
3.91	4671.0
3.2	2113.0
3.25	1662.0
2.85	990.0
3.16	1720.0
3.89	4158.0
3.19	1569.0
3.27	1963.0
3.6	1806.0
3.14	1687.0
2.62	877.0
2.76	756.0
4.7	9880.0
2.81	829.0
3.95	4483.0
2.66	476.0
3.87	5028.0
3.76	2523.0
3.97	5713.0
3.72	4205.0
3.58	2897.0
4.05	4710.0
3.24	2407.0
2.83	998.0
3.89	3990.0
4.51	14426.0
3.29	1729.0
2.86	982.0
3.2	2362.0
3.17	1792.0
2.66	712.0
3.62	4521.0
2.82	829.0
3.21	1919.0
2.87	884.0
3.21	1787.0
3.85	4579.0
3.84	8124.0
4.52	13287.0
3.65	3103.0
2.85	1033.0
3.47	4234.0
3.89	4556.0
3.85	4191.0
2.57	462.0
4.24	10538.0
2.65	477.0
3.47	4274.0
2.79	1247.0
3.29	3126.0
3.84	4246.0
2.68	589.0
3.86	4123.0
4.58	9001.0
2.93	1582.0
4.11	6124.0
2.85	1142.0
3.94	4588.0
3.8	3604.0
2.98	1185.0
4.13	5548.0
4.0	4751.0
3.23	1645.0
4.05	5164.0
4.18	5382.0
2.84	763.0
4.73	8666.0
2.55	620.0
3.49	2721.0
2.73	709.0
2.45	710.0
2.72	589.0
2.68	571.0
4.0	8742.0
3.89	4601.0
3.06	1637.0
3.15	1687.0
4.18	6344.0
4.05	11837.0
3.57	3096.0
2.73	571.0
3.26	1243.0
2.97	683.0
2.82	749.0
3.16	1845.0
3.22	979.0
2.81	874.0
3.6	2318.0
3.99	6610.0
2.71	972.0
3.3	1436.0
4.01	6974.0
3.38	2773.0
4.02	6587.0
3.02	849.0
3.19	1956.0
2.65	710.0
2.81	815.0
3.62	2898.0
3.18	1243.0
2.67	552.0
2.8	1033.0
3.65	2760.0
3.28	1792.0
2.76	1002.0
4.07	5042.0
3.96	8823.0
2.93	1053.0
2.67	670.0
3.01	871.0
4.16	8561.0
2.59	564.0
2.84	1200.0
3.22	1802.0
4.09	4071.0
3.48	2415.0
3.02	1027.0
4.15	7191.0
2.91	772.0
3.26	1963.0
3.34	1743.0
2.68	778.0
3.54	3471.0
2.97	798.0
2.98	1081.0
3.84	4586.0
2.69	942.0
3.99	4752.0
2.79	871.0
2.82	977.0
4.08	5708.0
2.96	660.0
3.76	4846.0
3.19	1882.0
3.24	2583.0
2.71	814.0
3.88	4588.0
2.72	1067.0
2.47	420.0
2.66	413.0
3.1	1240.0
3.21	1585.0
3.18	1882.0
3.26	2011.0
3.37	3296.0
4.04	6797.0
3.48	2339.0
4.0	6257.0
3.57	2934.0
2.79	832.0
3.86	4007.0
3.2	3218.0
2.98	1015.0
2.69	911.0
3.35	3791.0
2.69	656.0
3.55	2726.0
4.38	17496.0
3.68	3173.0
2.92	1050.0
3.38	3625.0
4.14	6327.0
2.76	781.0
3.7	3160.0
3.99	8532.0
2.87	1108.0
3.86	8707.0
2.79	794.0
2.68	814.0
3.95	6075.0
3.22	1847.0
2.71	734.0
3.85	3781.0
2.73	780.0
2.97	1197.0
2.77	589.0
3.05	1321.0
3.16	1882.0
2.91	772.0
4.08	7106.0
2.65	911.0
3.63	3456.0
3.24	1913.0
4.01	3304.0
3.66	2735.0
3.56	2731.0
3.88	2698.0
3.4	1821.0
3.65	3011.0
3.63	3371.0
2.72	610.0
2.72	626.0
3.45	3077.0
3.24	1786.0
4.02	4338.0
3.21	1631.0
2.56	420.0
2.76	841.0
3.32	3732.0
3.56	3502.0
3.99	4839.0
2.57	622.0
2.9	708.0
3.09	2378.0
4.13	6070.0
2.72	571.0
3.58	3179.0
2.53	544.0
3.18	3321.0
3.11	1882.0
3.27	2866.0
3.04	669.0
3.01	942.0
3.89	7392.0
2.46	419.0
3.51	2859.0
3.96	7812.0
2.65	709.0
2.62	504.0
4.23	6152.0
3.0	877.0
4.56	15513.0
2.44	402.0
2.67	965.0
3.83	4068.0
3.17	1787.0
4.63	12846.0
3.52	3550.0
2.79	1272.0
2.66	647.0
4.63	9704.0
4.3	5158.0
3.2	1716.0
3.62	3019.0
4.1	3816.0
2.71	756.0
3.02	1436.0
4.23	6602.0
3.21	1959.0
4.01	5147.0
3.53	2947.0
2.72	1067.0
2.73	762.0
3.13	1354.0
3.58	2681.0
4.22	6505.0
3.55	3102.0
2.79	827.0
2.92	917.0
2.97	1582.0
2.97	810.0
3.69	3277.0
3.74	3534.0
3.72	2738.0
3.17	2066.0
3.47	2401.0
3.57	3464.0
3.96	5619.0
4.05	5914.0
2.81	852.0
2.71	732.0
4.22	7903.0
2.63	710.0
3.24	3468.0
5.0	18286.0
2.82	1002.0
2.67	835.0
3.7	3682.0
3.6	2298.0
2.93	990.0
2.79	780.0
3.94	4260.0
3.56	3543.0
3.47	3463.0
2.69	734.0
2.75	790.0
3.21	1672.0
4.08	5233.0
2.99	775.0
3.54	2374.0
3.9	5755.0
2.63	574.0
2.71	574.0
3.2	1665.0
4.0	5851.0
4.04	6270.0
2.7	710.0
2.91	772.0
3.85	4068.0
2.81	852.0
2.79	1254.0
3.43	2402.0
3.01	920.0
2.86	874.0
3.17	1882.0
2.65	911.0
3.73	4159.0
3.32	2103.0
2.63	742.0
3.17	1991.0
2.73	808.0
2.75	526.0
2.66	685.0
2.69	709.0
2.64	710.0
3.13	1612.0
3.5	4323.0
3.34	1698.0
4.02	15306.0
3.57	3980.0
3.53	2683.0
3.15	1403.0
3.53	3459.0
3.27	2047.0
3.0	1129.0
2.69	593.0
2.72	758.0
2.95	774.0
2.81	1063.0
4.13	10241.0
2.86	663.0
2.68	863.0
3.54	2318.0
3.56	4022.0
3.57	2777.0
4.04	10266.0
2.74	626.0
3.55	3801.0
2.78	803.0
2.95	1123.0
3.45	3131.0
3.51	3674.0
3.3	2057.0
4.51	8683.0
3.25	1605.0
3.17	1802.0
3.48	2768.0
4.34	13485.0
3.63	3980.0
3.65	4039.0
3.63	4243.0
3.1	1569.0
2.77	589.0
2.97	1031.0
3.54	1819.0
3.47	3107.0
4.21	6857.0
2.71	589.0
4.37	9009.0
2.72	571.0
3.83	4821.0
2.99	838.0
2.71	589.0
2.94	1064.0
2.7	758.0
3.96	10314.0
3.83	4191.0
2.99	1103.0
2.94	1015.0
3.06	1291.0
3.31	1821.0
3.9	6745.0
3.2	1548.0
4.08	5469.0
3.28	1814.0
4.48	6300.0
3.62	3140.0
3.91	5096.0
4.08	6468.0
3.91	3540.0
2.68	732.0
4.49	9343.0
4.38	7083.0
2.63	863.0
3.14	1845.0
2.73	803.0
2.76	756.0
4.48	12823.0
2.92	1010.0
3.11	1977.0
3.33	1984.0
3.71	3511.0
2.81	1109.0
4.15	9836.0
2.75	803.0
2.82	945.0
3.22	1668.0
2.79	601.0
4.61	11352.0
3.16	1956.0
4.12	5501.0
4.23	7130.0
2.69	710.0
4.6	9030.0
2.79	952.0
3.87	4612.0
3.19	1779.0
3.32	1912.0
2.99	850.0
3.16	1307.0
3.69	5195.0
2.48	530.0
3.95	7303.0
4.29	9242.0
3.75	3179.0
3.23	1919.0
2.74	692.0
2.93	1584.0
3.63	2550.0
2.96	876.0
3.14	3827.0
2.94	666.0
2.5	419.0
2.69	734.0
3.54	2795.0
2.96	1018.0
3.52	4029.0
2.72	855.0
2.68	911.0
3.76	4133.0
3.65	4150.0
3.13	1654.0
4.15	4798.0
4.03	5134.0
2.7	911.0
2.41	521.0
2.71	942.0
3.91	4697.0
3.36	2207.0
3.55	2319.0
3.87	4158.0
4.58	12342.0
2.88	1263.0
3.9	5313.0
3.94	4626.0
2.66	791.0
4.11	4725.0
3.82	6108.0
2.8	1063.0
3.29	1746.0
2.68	709.0
2.78	608.0
3.71	3990.0
3.41	1156.0
2.66	885.0
2.7	942.0
2.52	403.0
2.74	612.0
3.82	3910.0
4.62	13196.0
4.03	9798.0
4.0	6040.0
4.03	5204.0
3.92	6040.0
3.2	1323.0
3.34	2263.0
4.26	13165.0
4.16	3742.0
3.58	2816.0
4.0	5708.0
2.76	827.0
3.97	10752.0
2.71	644.0
3.78	4068.0
3.28	1677.0
3.45	3877.0
2.73	957.0
2.63	734.0
4.34	4746.0
3.01	761.0
4.3	3977.0
2.98	1151.0
4.24	5889.0
2.9	1353.0
2.56	554.0
2.67	734.0
3.99	4872.0
3.82	3843.0
3.24	1651.0
3.29	1442.0
2.66	885.0
2.76	612.0
3.12	1752.0
2.67	552.0
4.51	7779.0
3.74	4114.0
2.79	1002.0
3.99	11765.0
3.93	3707.0
3.81	3324.0
2.91	976.0
3.5	2913.0
4.25	6557.0
3.15	1724.0
3.86	4429.0
2.71	756.0
3.97	6630.0
2.74	805.0
4.08	11654.0
2.76	1002.0
2.38	485.0
3.51	2706.0
2.64	552.0
2.67	972.0
2.8	626.0
2.64	589.0
3.95	5644.0
2.69	756.0
3.23	3097.0
3.0	1109.0
3.56	2726.0
3.39	3073.0
3.6	2547.0
2.8	1026.0
3.43	6549.0
3.16	2033.0
3.28	1551.0
3.9	3855.0
2.99	814.0
3.19	1633.0
4.0	5731.0
3.16	1769.0
3.02	970.0
2.74	626.0
3.58	3495.0
2.67	710.0
3.66	3763.0
3.57	3166.0
2.96	756.0
3.89	4381.0
3.37	2658.0
2.64	911.0
4.88	13811.0
3.22	4042.0
2.86	772.0
2.83	852.0
3.52	2797.0
2.99	995.0
2.67	942.0
2.68	661.0
3.18	2743.0
3.17	1378.0
2.78	633.0
2.68	710.0
3.76	4466.0
4.11	3589.0
2.69	552.0
3.82	4902.0
2.99	1004.0
3.04	669.0
3.82	4068.0
2.7	626.0
3.19	1284.0
3.46	1945.0
3.2	1956.0
2.78	492.0
3.83	3880.0
3.88	5033.0
4.96	17776.0
2.7	942.0
2.68	571.0
2.84	989.0
2.81	827.0
3.56	3267.0
2.93	970.0
3.23	2585.0
2.74	858.0
3.6	3291.0
2.76	1119.0
3.27	1318.0
3.17	1619.0
2.73	732.0
3.56	2804.0
3.49	2429.0
3.21	2671.0
2.72	780.0
2.57	458.0
3.31	1368.0
2.75	550.0
2.72	626.0
4.1	5567.0
3.5	2512.0
3.25	1662.0
2.81	882.0
3.52	3205.0
3.63	3024.0
2.74	781.0
4.01	4679.0
3.2	1993.0
2.7	462.0
2.77	780.0
3.54	3199.0
3.24	1446.0
2.83	663.0
3.24	2378.0
2.65	693.0
3.36	2515.0
4.12	8430.0
2.7	926.0
2.73	758.0
4.14	4854.0
3.53	2954.0
2.92	931.0
3.22	1722.0
2.87	763.0
2.79	941.0
3.05	1330.0
3.7	1651.0
3.61	2618.0
3.82	4068.0
3.46	2822.0
4.05	4580.0
3.1	1319.0
3.2	1720.0
3.93	7001.0
4.03	5042.0
3.52	2925.0
3.85	3403.0
2.79	995.0
2.88	847.0
4.17	5618.0
3.87	3781.0
3.88	5671.0
2.84	1006.0
2.71	1140.0
4.47	12738.0
3.16	1619.0
2.96	924.0
4.04	4672.0
3.2	1892.0
4.88	15594.0
3.57	2985.0
3.8	4381.0
2.43	611.0
3.28	1723.0
3.47	2913.0
2.69	911.0
2.79	1167.0
2.69	732.0
2.72	492.0
4.53	15848.0
2.98	807.0
3.85	4735.0
3.38	2387.0
3.18	1687.0
2.81	780.0
3.25	1928.0
2.95	1111.0
2.43	367.0
3.01	653.0
3.21	1822.0
2.57	419.0
4.01	18542.0
3.54	3365.0
3.69	3578.0
2.7	942.0
2.8	1126.0
3.23	1758.0
4.57	6810.0
2.7	879.0
3.19	1635.0
3.83	5259.0
2.95	1064.0
3.18	1845.0
3.17	2797.0
3.98	6905.0
2.64	848.0
4.34	7438.0
3.58	2841.0
3.18	1593.0
3.63	2682.0
4.94	12108.0
2.65	709.0
4.01	6814.0
3.22	3346.0
4.16	6636.0
4.13	10681.0
3.92	4633.0
3.01	735.0
4.01	4639.0
3.55	3052.0
3.25	1963.0
4.1	11233.0
2.94	1040.0
4.18	11019.0
2.97	720.0
2.69	709.0
2.87	851.0
4.33	13803.0
2.95	1129.0
2.74	940.0
2.69	612.0
4.59	12311.0
4.63	13629.0
2.78	1065.0
3.23	1580.0
3.84	4739.0
3.38	2227.0
3.23	1956.0
2.71	548.0
2.99	1235.0
4.03	4598.0
3.36	1904.0
3.54	2633.0
3.97	5122.0
3.21	1956.0
2.63	709.0
2.72	1021.0
2.78	1117.0
3.53	2221.0
2.92	1133.0
2.9	772.0
4.11	6062.0
3.53	3454.0
2.75	920.0
2.77	589.0
3.53	4029.0
2.65	742.0
2.93	791.0
2.66	942.0
2.68	709.0
3.97	7564.0
3.94	3812.0
3.12	987.0
3.87	4078.0
3.7	3873.0
2.54	388.0
2.72	942.0
3.67	2945.0
3.02	1015.0
2.9	855.0
3.99	10607.0
3.27	2369.0
2.68	589.0
3.3	1368.0
3.26	1963.0
3.18	1574.0
3.17	1715.0
3.33	2078.0
2.68	447.0
2.76	728.0
3.62	3195.0
4.8	10051.0
3.31	2211.0
2.93	982.0
2.71	574.0
2.96	683.0
2.73	449.0
2.74	507.0
3.14	1845.0
3.6	2821.0
2.89	884.0
2.65	742.0
3.93	5980.0
2.55	596.0
2.85	1152.0
2.91	1170.0
2.68	911.0
2.71	732.0
3.34	1196.0
3.43	4084.0
2.73	725.0
2.73	615.0
3.13	2525.0
3.14	1279.0
3.0	1754.0
2.69	673.0
3.57	3812.0
3.53	2505.0
2.69	756.0
3.53	3135.0
3.53	2692.0
2.64	1011.0
3.61	2596.0
4.58	8518.0
4.5	12823.0
4.23	6833.0
2.7	734.0
3.84	3740.0
3.89	4096.0
3.34	1835.0
4.02	7965.0
3.32	4161.0
2.65	710.0
3.94	5606.0
2.68	524.0
2.66	984.0
3.39	1622.0
3.54	5539.0
3.19	1354.0
3.45	3208.0
2.85	793.0
2.68	942.0
3.6	3679.0
2.72	736.0
3.07	1363.0
3.25	1203.0
4.11	4118.0
3.01	2290.0
4.28	7589.0
4.68	12770.0
2.86	1095.0
3.2	1292.0
3.21	1857.0
3.24	1993.0
3.25	1425.0
2.69	766.0
2.79	1117.0
3.2	1433.0
4.01	6328.0
2.64	911.0
2.91	1095.0
3.24	1662.0
2.73	507.0
2.42	530.0
2.94	1226.0
3.25	2318.0
3.23	1255.0
2.9	772.0
3.2	1988.0
3.54	2726.0
3.25	1673.0
3.67	3258.0
3.29	1841.0
3.47	1990.0
3.54	3476.0
3.17	2147.0
3.19	1253.0
2.71	933.0
2.74	756.0
4.05	3003.0
3.94	4672.0
2.75	756.0
4.42	12709.0
2.66	1252.0
2.79	1063.0
2.88	874.0
4.21	5842.0
3.36	1912.0
4.53	15992.0
2.87	667.0
2.72	589.0
3.77	5331.0
2.68	447.0
2.75	753.0
4.56	15788.0
4.04	5702.0
3.18	1653.0
2.86	812.0
2.86	733.0
2.83	733.0
2.73	758.0
3.15	1847.0
3.31	1295.0
2.95	741.0
3.57	3568.0
2.98	672.0
3.16	1826.0
3.33	2897.0
2.83	829.0
4.62	17936.0
3.26	1605.0
2.94	993.0
2.71	758.0
4.78	13026.0
3.83	3880.0
4.24	5311.0
3.78	4155.0
2.85	720.0
3.24	2720.0
4.17	7493.0
3.24	2030.0
3.92	9660.0
3.52	3231.0
4.52	8649.0
3.59	3212.0
3.57	3856.0
2.94	1122.0
2.66	710.0
3.38	2202.0
3.43	2423.0
2.64	732.0
2.66	911.0
4.38	6988.0
4.01	5804.0
3.78	3821.0
2.65	552.0
4.79	12248.0
3.43	2861.0
2.86	941.0
2.68	804.0
2.5	425.0
4.7	8911.0
3.1	1687.0
2.46	530.0
2.66	710.0
3.27	1894.0
4.01	15575.0
3.4	2752.0
2.65	646.0
3.93	5880.0
2.94	1040.0
4.09	5871.0
4.46	11873.0
3.9	7812.0
3.17	1569.0
2.94	625.0
3.86	4096.0
2.82	681.0
3.94	4361.0
4.45	11220.0
4.12	7602.0
3.56	3312.0
3.99	4044.0
2.71	589.0
3.74	3390.0
3.94	6563.0
3.28	2026.0
3.18	1664.0
4.17	4513.0
4.02	11677.0
3.48	2473.0
3.83	6208.0
2.7	692.0
3.01	873.0
4.03	7220.0
2.95	791.0
2.93	1181.0
4.25	6372.0
2.93	876.0
3.7	2642.0
2.75	671.0
2.76	589.0
4.2	7508.0
5.08	12765.0
3.8	4167.0
4.5	7501.0
2.76	1063.0
3.28	1323.0
2.79	805.0
2.9	772.0
3.17	1071.0
2.69	589.0
3.89	5880.0
3.98	8623.0
4.57	9718.0
4.04	7118.0
2.88	581.0
3.36	2705.0
2.81	941.0
4.08	11550.0
3.54	2843.0
4.45	16750.0
2.74	492.0
2.74	589.0
3.19	1842.0
3.99	3965.0
2.75	827.0
3.06	1617.0
3.35	2400.0
2.63	651.0
2.68	734.0
3.32	1590.0
4.4	10800.0
3.47	2620.0
4.44	11793.0
3.03	1408.0
2.69	758.0
2.69	565.0
3.94	5998.0
3.04	989.0
3.19	1818.0
3.26	1963.0
2.75	875.0
3.89	5227.0
3.86	4352.0
2.69	790.0
2.73	756.0
3.63	2560.0
2.68	650.0
4.08	6352.0
2.65	552.0
3.19	1822.0
4.09	8959.0
3.95	4682.0
3.49	3183.0
3.94	5257.0
2.94	798.0
3.23	1993.0
4.23	6710.0
4.03	7677.0
4.24	5412.0
3.53	3087.0
3.11	1873.0
4.01	6579.0
2.67	492.0
3.6	4007.0
2.81	803.0
2.77	608.0
2.63	942.0
4.03	6047.0
4.2	5793.0
3.94	5154.0
2.92	982.0
2.82	1094.0
3.31	1847.0
3.0	1056.0
2.83	933.0
2.82	1042.0
3.6	3036.0
3.85	3740.0
2.65	533.0
3.93	4381.0
3.15	1654.0
3.16	1662.0
3.23	2323.0
4.24	13630.0
3.98	3899.0
2.67	477.0
2.65	524.0
2.87	1257.0
4.57	10740.0
3.16	1753.0
5.0	17760.0
3.66	2880.0
2.7	571.0
2.61	403.0
2.94	918.0
2.53	567.0
2.31	404.0
2.99	1547.0
3.87	4041.0
4.02	11209.0
2.89	958.0
3.6	4277.0
4.1	11132.0
3.55	3062.0
3.27	1828.0
3.81	4419.0
6.27	15964.0
2.78	803.0
3.22	1993.0
3.88	9254.0
2.72	756.0
2.71	447.0
4.6	10905.0
3.31	1694.0
2.51	597.0
2.49	548.0
4.01	8451.0
4.47	12738.0
3.42	1848.0
2.76	589.0
2.63	741.0
2.72	815.0
3.42	2373.0
3.95	8796.0
3.99	6250.0
2.75	756.0
4.8	5617.0
3.28	1580.0
4.62	13232.0
3.21	1704.0
3.12	2115.0
4.3	9874.0
2.78	871.0
2.94	1076.0
4.05	4949.0
2.8	933.0
3.87	7281.0
3.25	4440.0
3.2	1949.0
3.55	3048.0
3.54	2826.0
3.81	5226.0
2.95	720.0
2.85	772.0
2.84	1050.0
3.64	2896.0
3.17	1551.0
3.67	4628.0
4.01	6256.0
3.31	1949.0
3.2	1919.0
4.3	6811.0
2.96	1031.0
3.11	1767.0
3.0	2290.0
2.99	683.0
3.19	1822.0
2.71	732.0
3.14	1907.0
4.12	14584.0
3.74	4040.0
4.03	5331.0
3.31	1308.0
3.19	1314.0
3.14	1231.0
3.2	1600.0
2.96	1040.0
3.54	3234.0
2.61	721.0
3.96	7041.0
2.66	911.0
2.89	1024.0
3.24	3468.0
2.74	492.0
3.57	2822.0
2.76	571.0
3.7	3154.0
4.47	13730.0
3.22	1793.0
4.01	4588.0
2.98	1076.0
2.65	610.0
3.19	1569.0
2.88	1323.0
2.83	990.0
2.78	780.0
2.69	911.0
4.61	16137.0
2.92	929.0
2.98	1349.0
4.58	8108.0
4.01	7955.0
3.17	1398.0
3.96	8201.0
4.01	5598.0
3.16	1359.0
3.97	6196.0
3.4	2007.0
2.48	696.0
4.06	9193.0
3.56	3467.0
3.2	1651.0
2.63	835.0
3.26	2133.0
2.89	1067.0
3.17	1677.0
2.85	1867.0
2.51	436.0
2.98	912.0
4.09	6203.0
4.18	3644.0
2.97	924.0
4.07	3634.0
3.05	1819.0
3.97	5939.0
2.94	717.0
3.32	3126.0
3.83	5526.0
4.67	18318.0
3.06	993.0
3.47	4003.0
3.75	2539.0
3.54	3799.0
3.98	5998.0
2.92	876.0
2.76	822.0
2.62	911.0
2.67	817.0
2.98	947.0
3.57	1664.0
4.0	11167.0
3.0	915.0
2.72	667.0
2.31	367.0
4.95	15198.0
3.23	1607.0
2.58	752.0
3.24	2905.0
3.22	1169.0
2.69	616.0
4.47	7076.0
2.71	709.0
2.89	1140.0
2.93	1050.0
2.97	1295.0
3.36	1835.0
2.7	942.0
2.96	970.0
3.95	4672.0
4.1	6539.0
2.98	1015.0
4.29	9933.0
3.94	4704.0
4.01	4672.0
3.58	2670.0
4.2	7216.0
2.92	1015.0
3.9	7026.0
2.79	1063.0
2.93	855.0
2.63	589.0
2.98	720.0
2.71	734.0
2.81	644.0
2.96	1076.0
3.97	5832.0
2.88	1140.0
2.81	669.0
3.75	3265.0
3.27	3050.0
3.9	4295.0
4.02	6299.0
2.74	972.0
2.8	852.0
3.81	3812.0
4.11	7345.0
2.88	1015.0
4.11	3655.0
3.62	3077.0
3.89	5155.0
2.66	447.0
4.23	6840.0
4.02	5778.0
3.28	2066.0
3.47	2392.0
2.97	1015.0
3.14	1664.0
3.63	3732.0
3.14	1895.0
3.66	2147.0
4.22	6619.0
3.29	1413.0
2.89	920.0
2.87	1123.0
4.84	12918.0
3.17	1956.0
3.92	4861.0
4.09	5410.0
4.63	13582.0
3.76	6399.0
2.89	1024.0
3.0	1040.0
3.88	3298.0
3.58	3255.0
3.2	1919.0
4.37	7230.0
3.86	5305.0
3.29	1998.0
3.34	1671.0
2.8	492.0
2.67	848.0
2.6	514.0
2.68	912.0
3.02	1207.0
3.16	1835.0
3.15	1563.0
3.5	3035.0
4.53	7519.0
2.78	706.0
2.86	998.0
3.8	5779.0
3.17	2015.0
3.3	1310.0
2.95	1230.0
3.41	3832.0
4.61	15991.0
2.45	553.0
4.08	6133.0
4.09	5809.0
2.79	1117.0
3.37	3082.0
3.17	1752.0
2.77	1002.0
3.3	1939.0
4.06	5166.0
5.17	18693.0
3.57	4047.0
3.17	1882.0
4.56	10275.0
3.22	1247.0
3.35	1438.0
2.74	805.0
2.76	1130.0
2.67	911.0
2.78	1211.0
2.61	642.0
3.81	3480.0
4.56	13329.0
3.23	1924.0
3.38	2310.0
3.07	1616.0
3.97	4381.0
3.23	1314.0
2.89	998.0
4.01	3634.0
2.91	666.0
3.16	3223.0
3.16	1264.0
4.7	15152.0
4.76	14154.0
3.92	4694.0
2.85	1315.0
2.8	567.0
4.26	12657.0
2.68	732.0
2.77	780.0
3.94	4753.0
2.83	771.0
3.18	1919.0
3.23	1412.0
3.26	1715.0
2.68	734.0
2.71	589.0
2.74	756.0
3.18	1716.0
3.25	1786.0
2.78	589.0
3.11	1787.0
2.96	1548.0
3.37	2450.0
3.0	947.0
2.9	720.0
5.28	17924.0
2.96	919.0
3.16	1415.0
2.95	1179.0
4.05	5839.0
3.7	2665.0
3.56	2565.0
2.72	612.0
3.62	2903.0
2.99	1389.0
3.17	1250.0
3.83	4051.0
3.76	3877.0
3.24	1963.0
3.41	5052.0
3.96	4528.0
3.7	3443.0
2.81	945.0
4.09	6366.0
2.7	683.0
4.07	6176.0
3.96	4730.0
3.78	3997.0
3.21	1190.0
3.63	3365.0
3.16	1786.0
3.25	2066.0
2.99	798.0
3.3	2043.0
2.72	1140.0
2.75	1094.0
2.69	942.0
2.93	756.0
2.69	911.0
2.68	774.0
3.52	2610.0
3.95	3730.0
2.74	924.0
4.23	7646.0
3.19	1436.0
4.52	17545.0
4.02	5755.0
2.72	756.0
2.72	707.0
3.94	5780.0
3.65	4407.0
3.73	4663.0
2.97	952.0
2.7	568.0
4.0	5443.0
3.57	3432.0
3.41	1959.0
3.95	5860.0
3.85	4746.0
3.15	1690.0
2.57	799.0
4.52	9069.0
3.39	1657.0
2.67	710.0
3.65	5078.0
4.06	4538.0
4.79	12338.0
2.81	663.0
3.15	1644.0
3.87	4469.0
3.22	1783.0
3.17	1431.0
3.84	5086.0
2.65	447.0
2.73	732.0
4.46	10623.0
2.35	411.0
2.87	1135.0
2.48	478.0
3.94	3751.0
3.7	2748.0
3.48	4407.0
3.25	2066.0
2.63	447.0
2.59	661.0
3.17	1436.0
2.69	1331.0
3.93	7280.0
4.12	4276.0
3.98	11442.0
3.8	4438.0
2.69	710.0
2.69	780.0
3.18	1678.0
4.92	17953.0
2.75	1002.0
2.7	707.0
2.94	1232.0
3.48	2913.0
2.61	552.0
2.33	367.0
3.1	1205.0
4.56	14112.0
3.59	3735.0
3.95	5775.0
3.94	10147.0
2.72	972.0
2.88	919.0
3.51	3278.0
3.27	1754.0
3.51	2512.0
2.76	1002.0
4.01	4712.0
3.11	1980.0
2.8	530.0
3.66	3556.0
2.64	851.0
3.21	1576.0
2.45	530.0
2.79	1225.0
4.41	17216.0
4.31	8463.0
3.24	1715.0
2.75	805.0
3.0	738.0
2.78	827.0
2.66	911.0
2.8	537.0
3.89	7146.0
2.4	399.0
3.18	1272.0
3.85	5147.0
2.58	893.0
3.8	4362.0
4.47	14236.0
2.67	653.0
4.43	10206.0
3.18	1882.0
2.75	749.0
3.7	3664.0
2.8	644.0
2.68	732.0
4.15	3743.0
3.66	3306.0
2.66	709.0
4.03	5021.0
3.28	1759.0
3.8	3880.0
2.89	717.0
2.9	855.0
3.64	3595.0
3.48	2872.0
2.69	565.0
2.6	681.0
4.03	5266.0
2.68	552.0
2.78	923.0
4.6	16688.0
3.64	2167.0
3.93	6848.0
3.9	3789.0
4.55	10712.0
2.67	853.0
2.69	734.0
3.2	1753.0
2.62	911.0
4.6	9674.0
2.69	972.0
3.38	4279.0
2.73	842.0
3.1	1430.0
3.18	1654.0
3.23	1574.0
3.31	1754.0
2.66	756.0
5.01	13229.0
2.91	1263.0
2.76	865.0
4.02	5147.0
2.78	626.0
2.78	803.0
3.26	2066.0
4.25	5451.0
3.44	3915.0
2.71	758.0
3.85	3997.0
2.69	1033.0
3.19	1822.0
3.91	3205.0
2.76	644.0
2.71	684.0
2.99	1040.0
3.7	4693.0
4.09	4205.0
4.24	14663.0
4.04	5292.0
3.93	10046.0
2.8	803.0
2.71	713.0
3.25	2066.0
3.2	1822.0
3.17	1822.0
4.03	6794.0
2.96	993.0
2.63	552.0
3.22	1583.0
2.56	599.0
2.73	1052.0
4.19	9916.0
4.23	7980.0
2.7	650.0
3.19	1442.0
3.2	2296.0
2.4	680.0
2.66	504.0
3.2	1822.0
2.55	614.0
3.03	1294.0
2.69	696.0
2.95	1356.0
3.51	2492.0
2.67	877.0
2.68	732.0
4.68	13325.0
2.85	1289.0
2.76	756.0
4.06	5443.0
2.71	942.0
2.68	709.0
4.17	8185.0
2.68	571.0
4.0	4907.0
2.82	1114.0
2.67	885.0
3.16	1436.0
2.67	732.0
2.98	1235.0
2.99	1031.0
2.71	787.0
3.5	3518.0
3.18	1395.0
2.95	1376.0
4.51	15531.0
3.64	3454.0
2.85	1078.0
3.86	4304.0
4.09	5393.0
3.42	4198.0
4.28	6088.0
4.27	4398.0
2.78	644.0
3.17	1857.0
3.6	2878.0
3.97	3767.0
3.35	2444.0
2.72	533.0
3.23	1349.0
2.83	790.0
3.22	1842.0
4.19	3886.0
3.64	2885.0
2.8	1094.0
3.14	2376.0
3.3	2311.0
3.53	2694.0
2.68	571.0
3.17	997.0
2.74	972.0
2.62	911.0
3.82	4165.0
4.06	3965.0
2.95	1151.0
3.21	1436.0
3.18	1385.0
2.46	403.0
2.66	670.0
3.29	1737.0
2.92	700.0
4.08	12152.0
4.65	10064.0
3.12	1344.0
2.82	827.0
2.87	1200.0
2.49	492.0
2.86	601.0
3.29	2099.0
3.91	4389.0
3.04	716.0
2.73	571.0
2.77	805.0
2.74	803.0
2.59	911.0
3.89	3918.0
4.24	6289.0
4.33	13929.0
2.45	530.0
2.9	1197.0
3.09	1374.0
3.84	4435.0
3.16	1882.0
3.97	4123.0
4.82	12639.0
2.91	1003.0
2.8	827.0
4.5	8868.0
2.63	911.0
2.76	492.0
2.69	911.0
5.02	18407.0
3.85	1696.0
3.23	3468.0
4.22	9756.0
3.22	1243.0
3.97	5815.0
3.15	1882.0
3.51	3477.0
2.78	644.0
3.19	1787.0
3.14	1683.0
2.98	967.0
2.66	709.0
2.63	574.0
2.78	881.0
2.69	593.0
4.36	10602.0
3.74	2926.0
2.64	664.0
3.97	5443.0
4.57	16793.0
2.73	552.0
2.96	1076.0
2.7	828.0
4.09	13111.0
4.21	5949.0
3.13	1605.0
2.72	571.0
3.36	1816.0
4.05	5767.0
3.97	6762.0
3.26	2897.0
2.67	734.0
2.67	732.0
3.58	2732.0
3.06	1940.0
2.79	657.0
3.9	4140.0
4.31	8256.0
3.53	2993.0
3.85	4381.0
3.24	1289.0
3.88	3689.0
3.66	2376.0
3.34	3570.0
2.71	942.0
3.29	3154.0
2.68	447.0
3.18	2475.0
3.81	4274.0
3.2	2550.0
3.52	2633.0
4.55	10907.0
3.48	2743.0
3.64	4289.0
4.3	10441.0
3.94	7602.0
2.7	589.0
3.6	2764.0
2.71	697.0
3.68	2737.0
2.91	1050.0
2.81	1094.0
3.53	3856.0
2.91	681.0
3.38	2385.0
3.19	1687.0
3.95	4107.0
2.91	1170.0
3.37	3036.0
3.29	1981.0
2.73	732.0
3.29	1829.0
4.41	9959.0
3.56	3528.0
2.58	737.0
3.51	2258.0
3.27	1991.0
3.84	5488.0
3.85	4252.0
2.88	739.0
2.72	1021.0
2.58	413.0
3.21	2732.0
4.57	13162.0
3.24	2644.0
3.04	1089.0
3.35	2481.0
4.09	4541.0
3.08	1406.0
3.18	1642.0
3.63	2352.0
4.04	5047.0
2.46	468.0
3.59	2683.0
3.99	4633.0
3.53	2612.0
3.31	1748.0
3.56	2939.0
2.76	885.0
3.16	1787.0
2.64	413.0
2.97	810.0
2.68	710.0
4.02	15928.0
2.86	808.0
2.46	485.0
2.95	1230.0
3.41	1885.0
2.73	650.0
3.22	1877.0
3.97	7575.0
3.53	2863.0
3.58	2558.0
3.94	10797.0
2.67	709.0
3.78	3079.0
2.76	848.0
3.03	927.0
2.76	593.0
3.16	1654.0
3.91	5342.0
2.79	1064.0
2.95	1076.0
3.04	858.0
3.92	5488.0
2.63	709.0
3.21	1993.0
3.22	2100.0
2.98	1006.0
3.76	4407.0
4.21	7909.0
3.95	5443.0
2.65	709.0
2.73	610.0
3.01	907.0
3.31	2590.0
2.96	690.0
2.9	1015.0
2.79	802.0
3.46	2294.0
3.2	1597.0
4.12	6623.0
2.98	1230.0
2.76	780.0
3.36	2681.0
4.04	3607.0
3.14	2467.0
3.2	1822.0
3.6	3087.0
3.25	1754.0
2.7	734.0
2.91	882.0
3.16	1654.0
3.14	2100.0
3.2	1919.0
3.86	5723.0
3.02	1089.0
3.51	2743.0
4.63	9034.0
3.33	1774.0
4.06	6176.0
2.5	658.0
3.59	3419.0
4.0	5821.0
4.01	5543.0
4.51	17153.0
2.68	710.0
3.54	2913.0
3.4	1700.0
3.9	6303.0
3.65	4717.0
3.24	1913.0
2.75	644.0
3.59	3622.0
4.02	5703.0
4.43	10291.0
2.7	734.0
2.71	942.0
3.83	4388.0
2.61	719.0
3.5	3576.0
3.14	2087.0
2.54	769.0
3.93	6088.0
3.47	3001.0
5.02	17835.0
3.98	8469.0
2.85	977.0
3.67	3809.0
2.86	1003.0
2.69	477.0
2.84	713.0
3.39	3003.0
2.75	756.0
2.97	1199.0
3.29	2288.0
3.19	1654.0
4.06	5543.0
3.17	1787.0
4.63	13995.0
2.43	419.0
3.27	1343.0
3.16	1401.0
3.17	1774.0
2.72	752.0
3.95	2491.0
3.23	1817.0
3.51	3920.0
3.25	1728.0
3.13	2243.0
3.01	1089.0
2.71	910.0
4.0	7291.0
3.88	3689.0
2.61	552.0
2.85	663.0
2.93	791.0
2.54	599.0
3.0	742.0
2.56	769.0
3.83	4626.0
2.86	1060.0
3.32	1690.0
3.58	5841.0
2.97	1389.0
2.78	805.0
2.92	726.0
2.65	552.0
3.17	1753.0
2.8	803.0
2.69	739.0
4.06	6373.0
3.72	3632.0
2.43	492.0
3.18	1553.0
2.77	803.0
2.87	982.0
2.79	1094.0
3.18	1654.0
3.22	1668.0
3.48	3718.0
4.01	4606.0
3.21	1819.0
2.83	1266.0
4.49	12261.0
2.85	876.0
2.74	589.0
3.2	1631.0
3.23	1635.0
3.93	7785.0
2.61	447.0
3.23	1682.0
4.02	6579.0
3.87	5051.0
4.02	5393.0
3.29	1608.0
3.49	2690.0
2.68	552.0
2.69	779.0
3.15	1758.0
2.93	1323.0
2.95	1168.0
4.8	12576.0
2.75	681.0
3.89	5206.0
5.12	13016.0
4.01	11661.0
2.46	530.0
2.65	709.0
2.88	729.0
3.86	5535.0
3.09	1425.0
3.89	4274.0
2.95	1050.0
2.68	710.0
4.07	5430.0
3.49	2262.0
4.0	5605.0
3.23	1892.0
2.95	924.0
3.01	1297.0
3.56	3529.0
4.89	14406.0
3.86	3949.0
4.0	4928.0
3.3	1876.0
3.13	1318.0
3.47	3008.0
2.76	1002.0
4.06	3961.0
2.71	1002.0
3.21	3442.0
4.02	4218.0
2.68	826.0
4.26	12417.0
2.8	1672.0
2.94	1263.0
3.77	5147.0
4.51	13873.0
3.15	1882.0
4.98	13098.0
3.24	2041.0
3.53	3840.0
3.22	1814.0
2.68	780.0
4.13	9756.0
2.77	1033.0
2.81	689.0
2.98	1155.0
3.19	1857.0
3.54	3002.0
3.2	2067.0
3.03	689.0
3.42	1992.0
2.55	622.0
2.84	760.0
3.25	1828.0
2.77	1002.0
3.51	2337.0
2.77	1007.0
3.18	1787.0
3.27	3270.0
3.22	1692.0
3.46	1410.0
3.95	4956.0
4.65	12606.0
2.68	608.0
2.67	507.0
3.25	1611.0
4.6	10934.0
3.69	2823.0
2.98	830.0
4.01	6738.0
3.02	1422.0
3.55	3420.0
3.66	3248.0
3.58	2197.0
2.85	1140.0
3.58	2242.0
3.03	858.0
3.16	1167.0
3.95	4295.0
4.14	3965.0
3.72	3205.0
3.51	2348.0
3.3	4208.0
3.95	4588.0
2.88	812.0
2.78	1018.0
2.64	732.0
2.96	1179.0
3.4	2313.0
4.05	4168.0
3.91	6271.0
3.01	947.0
3.59	2942.0
3.24	1723.0
3.41	2508.0
2.69	1112.0
3.85	4969.0
2.86	827.0
3.33	1385.0
4.75	11431.0
2.92	744.0
3.66	4213.0
2.69	683.0
2.83	851.0
4.17	5174.0
2.61	606.0
2.66	709.0
3.52	2222.0
3.41	2787.0
2.52	470.0
3.59	3813.0
4.36	10796.0
4.23	4916.0
3.15	1628.0
3.26	2030.0
2.6	414.0
4.64	11428.0
4.21	14841.0
4.72	6596.0
3.64	3058.0
3.91	6733.0
3.97	8818.0
3.74	3567.0
4.66	9555.0
3.34	1578.0
2.98	2139.0
5.17	16472.0
3.27	1977.0
2.74	571.0
2.69	462.0
2.72	758.0
2.63	710.0
3.68	5050.0
2.75	589.0
4.14	5969.0
2.68	1060.0
2.79	663.0
5.49	13156.0
3.46	2991.0
4.01	5733.0
3.55	4134.0
4.55	13329.0
3.91	6612.0
3.95	10797.0
3.77	4304.0
3.89	3384.0
4.58	16921.0
2.78	1133.0
3.3	2292.0
2.68	911.0
2.72	734.0
2.85	1018.0
3.8	4466.0
3.33	2319.0
2.93	1263.0
3.22	1436.0
4.04	9545.0
3.19	1687.0
4.43	9173.0
3.22	3812.0
3.93	5443.0
3.67	2898.0
4.79	17485.0
2.67	709.0
2.76	739.0
3.38	2029.0
3.25	1668.0
2.91	988.0
2.56	512.0
3.36	3382.0
3.26	2066.0
2.93	1754.0
2.75	684.0
2.77	805.0
2.96	1356.0
3.28	1387.0
3.22	1574.0
3.56	3937.0
