69	71
48	61
66	68
50	52
62	67
58	59
77	76
67	68
59	60
69	70
56	62
55	72
44	54
64	67
72	73
63	66
58	67
58	64
67	70
77	74
59	63
62	68
66	70
64	67
47	49
67	68
46	52
62	68
64	65
64	65
55	59
71	74
68	73
47	51
65	70
61	68
65	67
76	74
82	76
58	60
66	73
78	81
58	63
57	67
68	65
56	61
65	67
68	70
58	65
61	61
56	57
72	77
45	48
62	63
58	61
67	69
65	66
59	64
73	75
64	68
80	80
57	62
47	51
62	70
66	70
71	75
63	65
79	79
61	61
68	73
50	66
65	68
48	47
81	80
56	60
65	63
65	70
49	53
63	71
63	69
58	63
65	66
54	63
63	68
48	52
75	78
75	76
67	71
70	73
36	53
72	73
57	61
55	61
65	69
66	71
60	61
67	67
55	61
58	63
65	64
63	64
71	74
82	82
69	72
56	65
53	62
70	70
74	73
68	70
63	59
82	80
45	48
54	59
63	67
74	73
75	77
62	63
68	71
50	51
60	62
62	62
68	70
71	73
72	75
60	65
72	75
50	64
68	71
51	59
56	58
74	75
82	83
58	67
75	78
48	54
62	68
62	63
70	71
63	66
70	71
38	52
68	70
77	79
64	71
50	57
66	69
57	63
60	68
75	78
57	62
47	53
66	67
50	53
62	64
48	51
52	61
64	70
71	75
66	68
72	72
53	56
63	66
51	59
62	65
58	69
59	64
69	72
70	74
77	74
61	61
58	59
58	62
48	52
52	58
70	70
51	53
58	62
75	72
65	70
59	69
70	70
70	68
63	63
59	62
75	75
82	81
63	61
55	62
55	61
62	71
54	61
58	64
60	64
54	67
61	65
51	55
57	61
65	67
58	65
68	73
67	67
70	76
48	56
54	65
68	66
60	63
63	57
75	77
65	67
74	73
52	57
62	64
53	60
64	67
73	72
74	71
61	67
74	73
56	62
70	72
68	70
62	70
49	58
55	62
59	62
59	62
78	75
66	66
64	68
65	68
68	72
57	58
41	57
69	68
64	70
63	66
52	57
64	67
60	70
73	74
54	63
55	60
68	69
75	76
58	61
64	65
65	65
63	68
46	59
57	66
49	55
66	70
61	62
62	68
53	63
72	73
58	65
70	73
70	71
64	67
63	63
53	63
61	59
63	63
60	69
63	64
64	66
60	61
70	73
53	63
65	69
61	70
48	56
61	62
59	59
44	62
55	61
61	67
58	60
56	62
64	67
65	70
63	65
67	73
53	60
51	61
72	72
58	59
71	70
46	58
65	70
68	73
55	58
53	66
61	61
56	59
75	74
67	73
64	63
76	70
50	56
53	58
61	65
58	64
58	62
62	61
67	69
43	49
55	61
62	65
64	66
57	61
69	71
68	73
60	62
54	64
71	73
85	84
59	65
72	75
52	55
68	65
68	69
77	82
60	63
61	65
43	47
73	74
55	62
52	57
66	68
48	59
39	58
51	47
62	70
63	66
60	62
78	80
81	82
73	74
60	70
55	60
67	65
60	62
59	61
62	65
65	67
73	75
74	73
80	82
52	65
58	61
61	65
54	60
78	79
62	65
67	64
54	63
62	68
66	68
68	73
66	68
83	81
53	57
69	64
74	74
56	60
67	69
48	52
80	83
63	65
67	70
53	58
50	64
63	62
51	58
76	82
62	63
81	76
61	68
71	71
72	71
55	64
59	64
53	61
66	66
67	70
58	66
64	66
38	47
62	65
62	66
58	56
62	66
83	82
57	69
62	67
64	69
59	59
60	66
51	54
54	63
64	63
70	71
76	78
67	68
68	73
57	63
56	61
74	75
61	70
75	74
61	67
64	64
56	61
62	62
58	62
59	66
78	79
56	64
70	68
68	69
66	66
53	61
63	68
58	65
44	61
61	65
60	62
77	77
75	74
50	55
52	58
72	72
56	61
53	57
60	63
57	64
60	65
63	69
62	62
69	73
63	63
56	63
63	61
74	74
55	52
60	58
58	62
65	67
65	70
59	66
61	64
75	78
72	76
52	57
74	77
59	57
50	56
55	57
74	74
51	58
49	57
59	63
59	65
69	72
65	68
60	69
64	67
57	59
60	62
58	65
60	67
65	67
55	63
64	70
68	68
70	74
52	59
63	64
59	61
67	68
73	71
70	68
60	58
65	66
48	51
70	72
58	55
64	66
61	62
65	70
76	75
64	64
63	65
61	62
75	77
64	68
85	86
73	75
65	70
52	64
58	61
57	69
55	55
67	69
70	73
51	60
62	68
55	64
58	65
77	78
62	61
70	72
74	67
61	63
78	77
65	67
70	75
63	67
69	72
73	76
72	72
57	62
59	62
44	59
68	69
75	78
59	61
60	60
71	72
82	78
66	67
68	75
67	68
67	71
63	69
77	78
70	72
73	69
70	73
52	58
65	65
60	64
62	61
58	58
77	73
67	70
65	70
63	66
56	66
66	69
56	69
79	79
57	62
59	64
56	58
48	51
48	51
79	78
64	70
68	68
67	68
57	64
62	65
80	75
45	59
54	62
54	54
52	68
57	56
60	62
60	65
70	70
58	63
64	68
53	59
55	60
55	59
63	69
84	82
54	66
76	70
55	61
59	65
50	57
56	64
49	53
61	69
68	72
68	64
76	75
68	66
75	73
51	54
62	65
56	61
59	59
60	66
59	60
69	67
70	74
55	47
54	57
79	76
49	60
69	75
57	61
52	65
63	65
80	82
74	75
71	74
72	74
59	60
60	60
76	77
64	71
63	68
60	62
61	64
46	47
64	65
62	64
71	75
78	78
55	59
64	62
61	61
61	65
56	59
54	62
68	70
63	64
71	75
63	68
87	89
65	69
59	62
59	62
68	70
65	78
63	65
42	53
53	58
60	66
61	64
55	62
56	60
56	63
66	68
57	61
68	70
58	58
67	67
39	51
72	74
69	75
69	69
64	72
68	69
64	67
75	74
47	56
64	67
50	62
65	62
68	70
78	79
39	59
43	58
51	52
58	64
63	68
50	57
54	58
58	65
58	66
64	70
78	77
51	59
67	69
49	59
65	69
63	64
59	64
80	81
70	71
61	65
62	65
65	66
54	58
66	69
69	73
59	55
73	73
62	67
68	72
65	70
61	71
49	62
64	63
65	70
65	68
60	68
54	63
58	64
57	59
64	66
64	67
73	78
55	56
65	67
53	59
66	68
63	69
70	75
60	64
88	89
60	68
51	59
70	75
66	69
61	65
59	65
69	71
60	68
64	63
70	74
67	73
61	64
73	75
64	66
55	54
49	54
60	67
64	70
71	69
66	70
72	73
67	70
71	73
71	71
52	60
60	62
61	64
54	60
58	65
57	64
70	71
61	60
58	58
44	55
53	60
70	67
66	63
68	68
51	52
59	62
64	71
67	68
70	72
60	64
50	54
50	55
74	74
65	69
70	68
61	68
59	61
63	65
70	69
59	61
58	65
57	59
78	79
45	57
69	76
61	66
60	62
46	54
59	68
88	87
69	73
64	66
58	63
61	66
40	57
69	74
73	73
62	68
67	66
52	66
69	72
76	77
66	73
49	57
74	74
72	69
49	63
56	62
59	58
66	68
75	76
57	60
71	74
46	47
63	67
60	66
56	58
56	64
66	69
62	69
65	69
62	71
65	69
67	69
64	67
67	69
71	70
57	62
53	57
74	76
73	75
58	61
60	64
68	73
63	68
66	66
56	58
61	67
67	71
73	73
63	68
65	67
79	80
51	61
66	69
66	71
73	71
66	68
63	69
69	67
48	52
76	74
66	67
66	68
54	53
62	60
49	57
55	66
45	64
51	58
58	59
63	66
44	51
60	67
61	64
73	70
59	63
63	67
70	69
53	62
61	65
56	58
62	66
44	55
76	77
56	60
49	60
70	71
70	70
58	65
48	52
47	54
68	73
57	56
56	61
58	59
59	61
73	69
74	75
48	59
75	77
57	63
66	67
65	69
59	64
64	71
56	58
65	66
41	54
64	70
57	63
54	58
53	54
57	57
79	78
63	69
54	57
60	65
69	68
55	60
63	67
77	76
60	66
64	63
70	70
66	69
74	74
43	49
84	82
55	60
64	68
57	60
60	61
48	55
71	71
74	75
66	69
58	66
53	65
68	73
69	72
55	66
56	60
76	81
65	67
62	65
64	66
67	70
47	60
60	70
62	66
63	65
73	74
55	62
59	62
61	66
77	78
57	66
59	58
50	54
63	67
66	70
62	64
70	72
61	63
68	69
51	60
58	69
63	69
74	73
61	63
84	84
71	73
81	82
54	63
75	77
57	64
69	71
50	51
63	65
68	70
61	63
55	63
51	58
62	65
65	73
61	63
66	67
71	72
69	77
65	72
69	75
74	67
65	72
85	86
60	60
88	87
76	75
58	67
62	67
60	69
56	64
49	53
62	63
63	68
48	59
77	79
52	59
54	62
64	64
71	76
64	65
56	68
67	72
52	61
77	80
78	78
55	60
79	78
57	64
56	56
52	56
66	69
70	73
67	66
54	53
66	65
57	62
53	58
57	58
68	73
65	69
56	62
67	70
71	72
69	67
60	65
56	67
56	61
55	58
81	80
73	75
76	75
71	71
64	66
59	65
56	56
34	49
74	75
52	56
54	56
59	70
57	65
69	67
59	67
66	67
49	59
54	60
50	54
69	72
61	67
61	67
51	63
49	53
63	64
43	50
41	58
55	64
55	64
76	78
64	64
67	70
51	53
68	71
61	60
55	60
76	77
64	68
51	53
64	65
55	60
71	77
62	65
78	79
80	82
39	58
47	65
60	68
66	67
77	79
66	68
68	61
68	68
58	63
57	61
63	68
60	63
73	73
62	63
65	67
57	65
60	62
60	67
61	63
64	64
62	64
66	67
66	78
60	70
63	69
55	65
61	64
68	77
64	66
58	64
68	72
59	63
70	70
45	55
59	69
53	62
66	68
66	70
64	66
59	60
66	68
68	68
61	64
63	70
58	58
53	61
57	64
56	55
62	65
56	65
69	69
78	77
70	74
70	73
62	67
51	62
63	68
52	54
58	60
56	68
68	70
63	62
67	68
55	56
48	54
56	60
52	52
76	77
46	62
64	67
70	75
58	61
60	70
71	74
63	69
62	65
57	65
68	72
64	65
68	68
65	67
63	67
93	90
65	69
62	68
65	69
52	57
77	79
63	62
67	74
62	70
60	69
69	69
53	60
58	67
82	85
59	69
62	64
62	63
60	65
57	55
50	51
60	64
66	72
49	58
47	66
57	64
75	75
57	58
64	64
61	66
71	72
66	69
76	76
61	67
72	76
84	82
57	58
70	68
56	65
77	82
68	70
69	68
58	62
58	60
59	62
59	64
59	60
59	71
59	63
69	70
57	62
57	63
55	55
56	64
70	71
57	63
75	77
56	63
67	68
59	63
67	63
68	72
59	61
60	63
59	60
53	62
61	66
61	59
73	74
64	65
62	66
60	67
65	67
71	74
58	64
60	61
63	65
75	77
66	67
51	60
61	64
70	72
47	60
53	56
55	60
66	67
60	62
68	72
63	65
52	56
67	66
59	62
66	70
61	67
60	66
63	61
73	73
60	66
67	70
34	52
61	64
64	66
61	64
72	71
65	67
57	58
62	70
67	74
59	64
56	65
59	61
61	68
55	59
60	66
51	62
75	74
54	57
62	68
67	68
62	66
56	57
74	76
62	70
59	62
64	65
66	68
75	76
67	69
70	71
84	83
64	66
62	67
76	74
65	68
67	66
44	57
79	82
53	58
56	61
58	68
65	65
66	69
69	73
66	70
45	58
69	69
55	64
55	52
66	70
55	60
70	71
63	66
61	67
68	68
58	68
61	66
66	68
61	69
70	74
61	64
60	64
65	66
52	55
64	67
74	74
74	79
61	67
66	69
68	66
64	69
64	64
68	69
45	54
58	64
52	59
68	68
64	65
69	73
49	56
55	61
71	69
68	71
67	67
63	68
66	72
64	71
54	58
60	64
61	63
64	65
68	72
55	65
65	67
58	69
73	77
58	65
50	50
66	67
65	68
57	64
63	65
49	56
52	54
66	67
71	72
57	63
73	70
60	69
73	76
61	65
58	67
59	65
71	75
68	74
69	71
45	60
53	56
66	67
63	68
56	61
79	82
62	65
75	75
69	74
75	69
56	61
64	74
62	66
67	71
45	53
34	53
68	73
64	67
63	64
74	79
53	61
56	58
62	64
63	68
57	58
60	66
73	69
64	68
82	82
68	68
73	74
52	52
73	73
64	68
65	65
52	62
39	52
60	63
68	67
63	68
56	62
75	73
57	64
65	63
53	66
64	64
77	78
66	72
45	57
62	65
67	73
49	61
67	64
64	68
56	64
62	66
65	69
55	55
49	56
58	63
54	62
44	49
60	63
66	70
59	63
52	48
56	58
49	60
66	66
73	73
64	65
48	61
57	62
62	64
73	73
55	67
65	68
66	69
59	72
52	56
57	57
67	69
53	54
80	81
69	71
45	47
45	53
63	64
69	72
54	57
65	65
45	59
55	66
59	62
59	59
64	69
55	60
72	70
67	68
60	69
60	64
54	59
64	67
49	49
62	64
59	61
64	65
61	61
54	56
59	63
61	68
65	65
67	69
65	69
50	48
67	70
58	58
64	64
70	66
52	62
62	62
58	68
66	64
63	63
63	65
67	66
65	65
55	64
58	63
62	65
77	77
68	68
64	64
58	63
50	63
59	62
61	63
58	63
47	56
64	67
64	63
90	89
51	56
60	61
63	67
60	69
67	65
62	66
67	74
67	72
73	73
54	61
62	68
60	65
58	61
68	67
60	60
68	72
48	53
55	59
66	66
60	63
62	66
66	72
77	78
65	67
61	59
51	56
60	62
68	71
58	64
60	68
64	67
73	77
60	60
62	62
66	71
47	49
66	72
66	69
65	67
56	62
62	70
59	61
68	69
58	63
73	74
58	56
68	67
50	60
54	63
66	66
58	61
70	76
77	80
59	60
64	68
58	63
53	58
58	59
62	64
80	81
71	72
55	65
65	65
67	73
82	82
61	65
56	63
76	74
65	73
60	64
60	66
64	66
61	65
59	60
42	58
62	63
79	79
67	68
56	59
49	50
53	59
57	58
62	63
61	64
64	67
46	62
52	55
47	62
76	77
58	65
68	70
66	68
54	56
67	67
62	68
56	62
64	67
51	61
66	69
72	70
64	66
76	78
58	62
66	67
60	63
77	77
67	71
68	68
72	73
74	74
61	72
63	64
65	69
52	58
75	76
69	72
60	63
72	72
65	68
75	76
68	72
57	70
50	56
71	74
80	81
64	69
63	65
71	72
75	72
52	50
71	76
67	68
68	66
58	59
66	68
64	66
60	64
62	64
60	62
67	65
80	81
64	67
52	50
62	62
59	62
64	69
64	70
63	64
64	64
63	67
55	62
77	79
71	76
60	63
72	73
60	60
54	50
58	64
60	69
57	57
59	68
62	62
59	59
59	58
61	65
60	62
48	47
58	63
52	51
60	63
60	63
57	71
70	71
66	70
54	59
71	67
69	69
65	63
61	66
60	64
64	66
61	61
53	62
80	80
68	71
80	79
50	54
76	77
62	66
60	66
69	65
56	63
63	64
45	52
56	62
54	55
65	66
62	69
61	63
63	69
59	60
72	79
79	80
54	59
64	66
54	64
66	67
66	72
69	68
66	64
53	59
58	64
64	68
73	74
67	67
58	67
64	67
65	62
89	87
60	67
64	65
63	73
38	51
68	68
73	72
43	57
69	72
70	73
61	62
51	56
61	64
62	66
52	60
74	71
55	57
67	71
71	74
66	68
60	63
77	77
56	61
72	77
59	57
69	67
64	71
65	70
57	60
64	65
70	68
69	69
65	66
67	72
53	60
70	68
57	61
53	62
67	69
59	62
61	67
69	74
65	67
70	75
65	67
56	62
66	68
71	76
73	73
51	61
56	61
66	68
64	66
59	64
53	57
73	67
52	55
56	60
72	72
53	54
72	74
70	68
58	68
49	55
62	66
81	82
60	51
60	61
70	72
60	55
63	64
36	53
77	75
55	60
92	88
62	63
62	62
76	78
69	69
70	71
60	62
63	67
57	60
53	61
67	72
57	62
63	64
50	59
63	62
70	71
52	60
72	71
71	70
70	66
73	75
84	83
66	71
74	77
72	73
44	57
62	60
60	63
51	60
51	60
65	70
52	53
60	68
63	63
59	66
54	65
49	57
70	71
74	74
69	74
54	64
59	64
58	63
71	69
68	71
73	70
56	69
63	66
59	62
42	52
77	77
59	66
55	60
59	61
66	75
59	62
56	60
69	67
67	70
63	65
52	63
59	62
78	78
63	65
65	63
70	72
72	71
55	57
59	71
59	61
66	70
52	57
55	55
65	59
75	76
57	60
65	73
72	70
69	68
57	61
58	59
67	65
68	70
57	61
65	65
46	54
57	55
64	66
51	63
68	72
67	65
52	57
58	62
52	62
58	65
64	64
62	64
64	73
61	60
64	65
87	84
66	77
63	64
66	67
56	61
64	63
66	67
57	56
61	69
59	64
52	60
52	56
67	69
62	65
68	71
71	73
68	73
68	72
62	64
57	64
67	70
77	77
65	67
72	72
65	65
65	68
52	57
78	82
51	54
78	76
63	63
76	79
62	67
65	74
71	71
49	48
59	65
66	67
75	77
68	73
58	63
55	57
70	71
59	64
72	73
67	76
68	70
61	66
68	71
65	69
57	63
71	66
39	57
40	52
48	66
52	55
75	77
59	66
66	69
66	64
43	62
66	66
60	67
55	61
67	69
78	80
60	64
60	67
71	74
75	79
45	59
64	66
64	68
68	73
70	72
49	57
70	71
77	77
64	67
84	80
71	73
54	59
44	53
66	66
56	60
61	64
55	62
63	66
64	64
57	61
55	59
61	62
50	58
66	65
61	63
55	62
69	72
53	67
70	70
74	72
58	57
53	56
53	64
83	84
73	76
58	63
55	66
66	65
56	58
48	53
88	89
64	66
55	59
74	73
67	73
46	53
61	64
58	64
75	70
69	74
64	70
67	69
52	58
71	76
62	65
64	70
68	70
53	56
49	57
61	67
81	82
55	65
51	54
64	64
79	80
51	58
65	68
66	63
81	82
68	74
53	62
80	78
59	61
72	73
77	75
61	63
61	70
60	61
53	61
47	53
72	78
65	72
76	78
77	77
81	78
63	68
56	64
63	68
70	67
57	66
66	68
59	65
59	61
67	75
58	59
62	63
68	70
64	69
63	67
61	66
58	62
54	62
66	71
78	79
60	64
64	69
58	59
50	51
51	53
62	66
48	58
58	62
49	53
69	72
63	62
65	68
49	47
49	58
66	68
82	81
62	65
70	71
47	65
66	67
60	61
57	66
59	61
62	64
46	58
68	74
75	74
72	70
57	62
83	79
68	72
55	61
53	55
60	59
70	71
60	62
43	52
59	68
65	69
42	59
60	69
70	76
64	69
75	70
60	61
81	82
60	67
60	65
70	75
65	71
60	66
65	67
59	62
59	62
55	61
62	68
68	66
71	75
65	72
58	63
65	62
62	63
59	59
58	63
61	62
62	62
60	66
54	62
51	60
62	68
61	68
52	60
59	69
66	68
62	65
75	78
60	66
76	69
55	57
55	62
70	69
66	68
71	73
63	66
63	68
83	85
58	68
62	66
52	64
53	60
56	61
65	67
63	68
66	65
66	67
71	73
59	64
52	58
56	62
76	77
81	79
59	60
66	68
56	48
55	54
58	66
69	72
64	67
43	60
57	62
64	64
82	83
67	67
74	76
68	69
60	67
62	71
70	74
43	51
46	58
65	66
67	68
61	62
56	59
74	73
62	65
67	69
59	70
51	58
74	76
57	65
65	67
62	63
68	72
50	55
67	66
70	70
72	72
64	67
52	60
62	64
69	72
58	62
74	76
58	66
62	67
59	67
66	66
58	65
64	67
64	74
74	74
48	55
57	63
67	72
45	53
62	65
70	71
68	66
53	63
54	64
71	70
54	52
68	70
73	73
67	70
63	67
76	78
70	71
56	62
57	65
48	59
58	57
61	61
53	53
70	66
41	55
42	61
70	69
70	69
71	74
55	59
60	60
62	64
60	63
54	63
79	79
70	72
68	66
64	64
76	75
58	59
52	63
66	70
67	70
75	73
63	68
64	67
55	64
56	62
65	67
61	69
59	62
52	58
58	63
64	62
66	69
65	68
52	54
46	47
77	77
63	64
55	58
60	70
49	51
57	58
66	67
54	57
56	61
49	57
74	78
57	68
57	63
58	53
80	80
80	78
71	70
63	67
55	59
52	58
53	61
65	64
65	66
78	79
58	67
60	59
81	82
58	68
72	72
56	59
55	57
61	64
56	64
57	59
52	57
77	76
57	61
72	71
63	65
68	68
70	70
65	67
64	68
70	70
64	67
75	78
58	65
57	59
65	69
60	58
76	77
67	73
61	68
57	60
45	57
78	82
65	63
54	69
65	70
74	75
69	70
67	71
52	57
72	67
62	64
63	64
62	67
62	66
53	60
68	70
55	66
66	68
68	72
56	59
67	73
65	67
57	62
57	63
57	62
68	71
74	69
63	63
72	72
73	73
76	77
61	70
47	60
77	77
65	70
60	56
72	70
59	66
58	61
51	56
58	65
64	72
42	62
64	65
76	74
74	70
71	72
63	72
48	47
76	79
65	70
54	61
64	69
57	62
53	51
64	65
59	60
65	60
53	55
50	66
64	67
59	68
53	61
62	64
51	63
60	62
48	50
65	66
70	70
69	72
64	63
63	67
48	59
53	56
79	82
56	60
45	51
63	69
67	68
60	71
50	55
61	63
64	66
51	62
67	69
68	73
68	73
68	69
60	71
70	76
61	66
60	63
50	64
63	65
76	76
60	66
55	63
63	65
59	66
60	62
54	63
71	73
69	70
66	74
70	71
60	60
64	69
68	67
59	68
69	75
66	70
52	61
79	79
44	50
45	56
69	66
63	66
56	58
54	57
68	69
69	67
67	65
55	56
69	69
57	57
46	55
61	64
60	62
64	67
61	64
59	67
70	75
69	71
40	54
66	71
79	78
70	73
57	66
55	58
74	74
49	66
71	72
51	60
68	71
71	72
77	79
76	76
65	67
70	68
63	65
64	69
57	56
60	57
58	62
69	73
65	68
50	53
61	66
73	77
62	65
51	52
67	68
76	78
60	68
66	68
60	65
63	63
63	63
75	75
63	66
69	69
67	69
65	67
79	77
60	60
68	67
53	55
74	77
57	63
69	71
57	61
76	77
70	71
61	68
58	66
64	65
72	77
70	71
69	72
69	68
69	71
62	64
75	75
65	67
67	70
56	53
64	59
71	71
66	69
65	64
54	53
54	62
65	65
65	66
47	52
57	54
66	69
64	66
69	69
67	67
56	66
47	58
67	70
61	64
59	63
73	72
56	61
64	63
79	76
75	73
61	65
55	63
58	70
57	63
68	68
60	65
59	62
70	70
66	69
70	72
70	75
63	68
73	74
61	67
61	59
65	69
68	69
57	58
62	66
66	71
71	69
75	76
59	61
58	64
65	67
56	68
67	70
57	62
72	68
77	74
68	75
68	74
60	65
62	69
65	68
57	62
77	79
73	75
81	81
62	61
68	72
71	72
62	67
54	58
50	57
64	68
53	47
51	58
70	68
57	58
64	67
72	76
61	59
49	59
59	61
67	69
61	68
73	72
63	71
54	52
56	64
57	64
66	68
82	81
67	69
49	53
40	55
52	62
53	47
56	59
66	69
65	68
60	64
54	56
69	70
66	74
58	66
67	68
65	64
57	59
56	60
66	65
61	67
59	62
60	67
63	67
69	71
57	67
42	58
79	79
64	67
73	74
62	68
72	76
68	69
48	57
57	62
54	55
44	56
64	65
55	62
45	61
70	72
49	55
73	75
64	63
63	64
83	81
56	59
68	66
76	76
69	70
48	57
78	77
58	65
80	82
49	54
68	71
59	61
50	55
69	69
53	64
61	68
49	57
80	82
63	61
57	68
63	60
60	67
54	55
60	65
61	65
65	66
59	62
60	62
74	74
67	66
63	68
60	64
70	72
56	58
58	60
69	68
55	64
61	66
72	72
57	60
61	62
56	62
79	79
67	70
70	73
69	74
61	63
76	76
74	73
55	60
60	59
65	70
61	60
47	60
49	64
52	57
57	58
61	65
54	52
56	58
61	66
65	64
57	60
58	65
66	68
55	68
62	68
57	63
55	59
72	73
67	74
56	68
60	67
60	61
64	70
55	64
79	79
65	70
47	57
65	70
53	56
67	69
56	66
67	69
46	61
62	67
58	60
69	70
49	53
46	48
70	71
65	65
69	69
52	60
68	71
65	66
66	67
70	74
70	70
65	71
60	60
45	57
74	72
71	71
63	66
66	71
57	61
67	67
67	68
55	59
56	66
77	77
65	72
67	69
67	72
52	61
59	60
73	72
65	66
54	58
48	49
60	63
60	62
76	74
64	71
82	82
76	72
85	79
67	70
59	65
75	78
54	60
48	53
55	63
61	65
65	66
71	70
63	66
58	65
54	56
59	65
55	58
63	67
64	62
74	76
73	75
70	66
62	72
58	68
58	66
58	60
53	63
56	62
57	64
74	74
89	88
66	67
65	68
63	67
62	62
56	59
66	69
69	74
61	65
65	69
67	67
67	69
65	72
68	71
78	80
58	67
53	50
33	48
63	64
64	66
57	66
83	83
56	65
75	75
60	71
57	62
63	63
58	60
57	63
67	66
59	62
70	70
64	67
55	64
66	71
67	69
51	55
55	63
50	67
60	62
68	72
56	59
70	70
57	65
65	65
56	58
63	65
72	71
61	65
67	70
66	69
65	70
62	62
57	69
52	57
58	61
51	64
62	64
50	59
62	63
72	73
85	84
65	68
68	70
84	85
62	61
73	70
66	68
81	82
64	72
49	61
72	72
54	57
63	61
77	79
50	57
58	62
56	64
56	65
64	69
72	74
69	73
69	70
75	76
60	64
60	66
73	75
45	53
66	66
63	64
58	63
71	72
65	68
58	67
64	63
61	66
49	59
48	60
68	69
61	62
62	63
69	73
61	63
59	62
71	71
61	62
62	62
59	63
66	69
62	61
68	72
58	67
59	70
55	60
60	61
67	69
61	62
60	64
57	56
68	70
62	64
67	69
74	74
52	58
74	72
58	59
68	68
62	68
56	63
51	61
65	64
55	59
57	60
72	69
65	69
52	58
56	70
60	68
58	63
64	70
64	61
72	70
48	47
61	65
50	54
55	58
58	62
45	50
65	68
64	72
75	78
76	82
56	61
51	53
69	72
64	67
55	62
68	70
64	65
59	68
76	76
55	52
64	65
69	68
68	70
61	67
64	68
64	65
56	60
69	73
60	59
61	62
66	68
52	60
65	69
50	58
65	66
61	65
60	68
60	60
59	58
69	73
59	61
70	74
49	63
68	71
69	70
60	62
70	70
74	78
51	54
68	69
69	68
64	64
49	57
54	56
75	77
69	69
48	63
64	70
61	63
70	71
61	69
60	59
54	54
38	50
69	70
65	67
57	62
58	60
63	68
61	60
62	71
65	68
69	69
58	63
70	68
76	79
61	63
62	63
66	73
60	64
71	72
77	78
57	57
53	61
69	76
53	63
53	60
58	67
75	74
61	63
66	68
61	67
60	67
64	63
63	68
60	68
63	63
78	80
69	72
60	63
61	65
69	72
93	90
47	67
79	78
53	63
78	78
69	75
78	72
75	75
56	61
62	66
63	68
57	64
59	64
60	63
66	70
57	58
59	64
62	67
48	52
60	69
65	67
74	79
76	77
52	63
62	66
61	67
53	53
68	75
57	62
62	68
66	69
84	87
68	74
67	67
50	55
65	66
64	63
68	70
58	63
80	80
54	53
60	64
67	73
53	61
64	62
65	68
77	77
72	75
72	72
56	52
76	74
62	70
58	64
58	66
60	65
63	63
82	79
64	68
60	61
50	53
62	63
67	68
58	64
61	67
58	62
59	58
72	72
62	68
65	66
55	59
62	67
70	70
57	62
71	71
63	68
74	77
76	75
56	55
60	71
59	62
83	83
54	56
69	72
66	67
60	64
70	67
51	56
64	69
66	69
52	56
55	60
59	67
66	68
51	56
70	75
65	67
53	66
68	70
70	70
55	60
52	57
68	73
63	67
71	74
74	75
67	69
51	60
56	57
57	63
55	68
59	66
67	68
58	67
55	55
60	67
70	69
63	64
58	54
56	58
80	84
56	60
71	72
54	59
78	78
78	80
66	67
76	77
71	75
55	63
66	68
65	70
77	77
66	67
59	63
54	58
75	74
61	66
47	59
64	71
55	58
66	65
69	68
60	58
53	53
75	75
52	58
66	74
73	73
60	62
60	65
51	57
52	61
67	73
52	61
64	65
62	67
84	82
51	54
67	70
63	70
72	75
49	51
46	54
54	65
51	61
61	61
49	55
63	72
54	70
57	64
64	66
73	72
71	72
48	57
77	73
52	64
53	57
66	71
73	74
63	71
61	63
64	62
61	64
66	67
79	75
61	65
61	62
64	65
70	74
51	59
58	65
62	69
62	59
53	55
59	62
56	62
75	74
63	66
60	60
57	60
66	59
69	78
55	59
66	66
71	74
62	69
67	70
58	64
60	62
60	68
56	60
66	66
59	63
81	72
55	57
72	76
60	64
59	64
63	63
68	73
82	81
61	64
70	73
71	77
62	68
61	65
71	70
51	55
71	71
66	68
63	66
54	57
66	70
67	71
61	69
62	69
51	64
57	58
62	64
60	65
71	71
66	69
62	66
52	56
66	68
65	67
70	73
68	68
58	66
57	55
58	65
59	59
49	50
73	69
72	72
65	68
65	67
54	64
62	68
52	60
70	72
60	65
64	69
56	61
70	75
60	61
63	68
75	74
67	71
67	60
61	63
48	56
49	48
73	75
52	57
55	61
62	66
60	61
58	68
77	78
74	73
71	75
64	65
52	58
59	63
59	59
59	70
64	68
63	65
53	56
67	68
71	78
80	73
67	68
57	63
70	71
65	67
67	70
68	71
62	63
61	66
56	67
63	67
76	75
60	61
56	59
51	59
65	68
51	56
55	59
65	68
60	72
59	66
48	60
76	79
64	71
48	60
65	70
65	71
55	58
70	70
49	56
67	71
51	64
48	60
55	57
74	76
57	57
65	65
67	64
64	64
65	71
49	51
80	79
67	68
66	67
60	65
61	64
57	58
56	59
57	65
65	69
60	70
55	56
68	71
60	67
66	69
47	51
51	51
69	67
56	63
69	72
58	59
63	71
60	65
71	76
61	65
59	66
56	63
70	72
58	62
58	62
62	68
65	62
70	78
58	67
81	84
66	69
49	51
70	72
55	64
66	69
65	66
59	57
60	64
60	62
59	61
65	68
74	76
74	74
51	67
65	70
69	66
55	58
61	67
53	51
60	64
55	52
57	60
53	63
62	64
53	57
68	74
54	67
44	58
60	64
71	73
62	64
58	62
81	82
57	63
68	69
66	72
64	73
56	55
48	54
70	69
61	65
58	66
84	85
72	75
68	70
70	72
60	71
65	68
68	63
71	74
61	62
74	77
68	69
61	63
47	56
54	58
64	68
42	57
84	83
48	55
66	69
62	63
61	63
67	67
74	73
60	69
65	70
54	59
67	69
72	71
72	74
77	77
51	55
54	66
57	64
61	67
72	74
62	67
66	66
62	65
61	67
80	79
60	67
56	58
61	65
60	65
72	73
65	69
67	68
63	62
62	67
57	64
70	78
49	59
64	67
62	65
75	76
65	66
77	78
62	67
77	76
67	70
53	59
57	60
62	64
63	69
65	68
68	71
58	61
60	66
63	64
79	80
50	55
72	73
58	60
64	68
67	66
65	65
55	55
54	56
66	67
81	81
46	53
71	70
58	62
55	53
57	59
62	65
59	62
54	54
64	67
56	63
60	69
58	60
45	47
65	72
75	78
58	63
71	70
63	64
71	77
82	82
62	61
69	73
72	75
58	61
58	66
50	57
65	68
73	79
60	64
57	61
72	73
73	76
48	54
51	54
63	67
59	63
61	67
70	68
48	54
50	55
67	69
68	69
67	68
52	61
76	75
57	60
64	63
67	70
57	64
62	65
52	60
82	82
61	57
70	78
61	62
67	68
66	76
57	61
65	67
57	61
55	60
60	64
68	69
59	62
59	62
75	77
65	66
52	54
63	67
73	73
59	60
62	67
58	66
48	57
76	77
59	55
63	61
60	64
52	52
65	71
58	62
36	49
65	68
56	72
66	65
63	69
61	67
65	66
63	69
84	82
56	57
61	61
68	70
52	58
77	73
61	63
63	68
68	69
65	67
63	64
65	69
82	82
66	65
63	64
79	70
62	67
49	54
61	66
80	81
51	64
67	66
62	62
59	68
64	67
61	63
55	62
56	59
51	49
62	64
72	76
59	58
72	73
56	60
74	74
74	78
65	63
53	59
48	54
73	74
54	59
65	67
64	71
60	67
68	72
51	61
66	64
65	64
53	59
60	62
72	75
58	60
66	72
71	71
47	60
63	66
69	72
70	71
67	70
63	69
40	50
58	65
52	59
53	58
58	62
61	70
66	62
57	61
59	63
64	67
65	70
77	77
71	71
54	63
66	68
52	59
49	60
63	63
40	58
65	69
68	73
67	68
60	63
62	67
74	76
64	66
75	77
56	57
54	59
69	71
69	75
62	63
71	70
62	63
64	65
71	74
57	60
68	71
57	58
68	76
57	62
55	61
66	70
57	63
66	67
75	74
49	62
59	58
73	74
65	70
59	62
62	68
72	74
59	62
55	67
79	80
46	62
65	72
59	67
84	82
65	66
56	64
65	67
69	67
63	63
58	64
64	71
69	72
55	65
54	64
72	70
64	62
69	72
50	51
62	67
68	73
60	68
62	67
66	67
70	74
56	50
45	56
64	65
69	72
62	66
59	63
45	58
55	58
47	56
58	65
65	69
59	63
60	62
52	59
59	64
68	66
67	71
67	67
78	80
66	65
43	60
64	66
70	72
78	78
64	64
79	75
65	66
64	69
60	64
72	72
64	69
66	70
54	50
65	69
65	67
68	74
63	71
64	64
66	66
59	63
64	66
63	63
57	63
58	61
69	73
69	71
79	73
62	72
59	61
63	66
64	70
62	65
67	67
51	56
71	73
62	64
58	63
61	63
66	71
57	57
63	66
51	52
71	71
59	62
54	62
53	60
59	62
66	63
69	70
63	64
59	62
68	71
76	73
68	70
67	68
55	64
55	62
62	65
56	57
59	63
48	60
63	65
49	57
62	65
71	73
62	66
37	52
70	72
79	78
64	68
65	66
70	71
62	59
64	65
61	62
61	64
75	72
57	67
53	68
49	52
79	77
61	64
62	64
64	64
60	67
60	65
58	59
61	65
59	70
50	56
67	68
73	75
64	70
61	64
56	61
65	68
63	64
57	72
67	65
52	50
54	60
70	74
62	68
66	69
66	69
59	60
64	65
65	67
59	66
69	69
59	65
66	72
41	56
49	58
58	63
48	61
61	69
50	61
63	65
60	65
54	69
61	62
53	55
56	62
70	68
47	49
77	79
49	61
70	70
58	64
40	57
85	84
63	66
91	90
59	71
56	64
60	66
70	70
60	69
60	65
57	63
57	63
65	71
58	62
76	68
67	67
60	65
50	60
59	69
75	75
68	71
63	68
60	62
50	60
73	74
68	71
62	63
62	65
71	70
59	61
65	70
52	55
60	61
64	68
61	65
54	63
48	55
73	74
67	68
60	65
63	70
59	67
72	68
62	67
63	69
52	61
84	83
61	66
62	69
65	67
62	67
67	71
66	66
52	58
76	78
67	69
82	81
81	84
69	70
62	60
71	73
68	69
64	66
63	68
71	63
39	57
59	61
62	68
57	65
49	56
62	58
51	61
49	52
67	72
58	61
69	72
74	74
64	69
50	66
53	60
58	64
69	67
50	56
62	67
51	52
73	71
79	78
61	64
81	82
64	66
51	64
52	60
63	70
73	78
63	63
51	57
57	66
54	65
34	48
54	52
63	68
43	56
50	57
70	76
63	64
55	60
68	73
55	60
59	64
70	70
76	78
50	56
47	55
72	74
64	67
61	69
65	64
68	69
61	62
65	69
64	65
72	72
76	79
64	62
42	60
78	76
51	57
62	64
50	53
44	50
56	60
58	61
49	57
60	67
72	74
65	68
54	59
78	79
72	68
61	64
70	70
48	59
63	64
67	68
56	60
52	65
70	72
56	62
58	64
65	70
55	58
76	77
68	72
70	70
52	58
74	70
57	57
63	65
69	69
75	78
64	68
59	63
65	67
66	68
55	58
50	65
62	68
52	56
57	63
70	71
68	68
50	56
56	58
47	57
60	62
51	57
42	53
62	68
58	60
67	74
59	62
53	58
72	75
68	73
74	78
58	64
61	68
64	70
51	52
54	56
59	63
69	70
64	67
68	71
58	59
65	67
50	61
66	68
70	72
68	75
69	78
69	67
50	51
63	68
63	66
68	69
65	67
78	76
70	71
65	66
61	71
62	64
48	52
56	63
68	66
50	55
50	55
54	56
53	65
63	66
64	67
68	68
54	58
63	64
59	66
80	83
48	53
58	66
67	71
65	70
58	66
61	63
64	69
66	72
59	65
71	71
64	70
60	57
41	56
56	66
64	64
67	71
78	74
52	60
55	58
70	72
54	57
55	55
69	70
64	69
51	62
51	57
62	66
75	78
56	68
60	62
54	56
56	56
54	56
61	65
51	53
63	67
50	56
68	70
68	73
52	67
71	74
67	69
55	56
66	68
45	54
75	71
62	67
59	65
64	69
80	82
62	65
61	60
64	67
61	68
58	63
63	63
67	67
62	66
46	59
66	65
64	70
60	65
60	62
63	67
68	68
61	62
64	71
70	67
57	65
53	63
56	62
62	63
49	52
51	68
63	66
50	59
67	69
51	55
66	71
68	66
58	63
64	65
66	67
65	64
61	70
67	71
52	59
49	53
79	80
61	64
66	67
55	63
66	61
51	53
67	69
56	58
51	59
58	64
62	64
78	78
74	74
65	73
53	66
72	76
68	66
59	66
65	69
51	59
71	66
62	69
63	71
78	79
54	58
66	72
67	71
72	72
75	74
76	77
62	65
72	77
63	61
59	66
53	59
65	70
50	58
67	71
58	63
72	73
44	59
58	66
73	72
70	70
64	67
68	65
58	66
51	64
50	62
49	58
61	66
58	66
53	55
76	76
58	64
52	58
63	69
76	75
55	55
58	57
60	64
47	51
52	61
59	63
40	50
64	67
55	59
64	76
54	55
55	60
51	61
65	67
56	65
68	72
59	64
58	65
66	65
72	68
52	55
53	64
42	61
57	59
66	70
82	78
65	63
55	53
71	77
69	68
65	69
65	70
45	61
53	57
65	70
66	70
55	57
43	60
49	61
56	63
69	72
69	70
62	65
70	72
56	58
63	72
68	63
60	65
51	56
72	73
58	65
77	72
59	65
74	74
65	71
70	75
60	63
58	60
61	62
53	61
67	64
59	56
62	61
55	61
63	65
68	69
60	61
57	61
73	74
68	71
48	63
60	65
71	73
57	66
63	59
63	68
52	58
65	67
63	64
54	58
69	71
60	65
64	61
64	67
64	69
62	64
67	68
62	64
59	66
49	47
57	60
50	54
50	52
64	65
51	59
72	73
57	67
50	55
41	59
62	64
52	57
68	69
67	68
55	56
52	58
73	74
67	68
63	65
64	70
64	69
65	67
61	68
72	69
69	72
68	69
65	69
73	72
55	62
50	57
70	73
70	70
58	65
68	69
74	74
64	65
60	63
65	69
60	69
55	55
70	74
65	68
53	58
80	79
58	64
66	64
47	49
81	78
55	58
63	67
51	61
75	72
59	64
55	54
71	72
66	73
59	61
59	64
79	81
59	68
58	64
60	63
64	67
70	71
69	73
91	91
51	48
74	73
58	64
62	66
58	60
72	75
69	71
77	81
65	71
62	64
74	75
48	49
53	61
70	66
83	84
65	71
57	67
66	70
65	68
72	74
55	59
57	64
67	66
70	74
61	70
64	66
68	65
72	74
72	76
58	61
50	53
65	69
64	67
60	58
45	49
75	74
60	61
63	65
66	66
58	63
68	72
63	66
67	68
45	51
56	58
62	64
64	66
48	54
73	72
69	73
59	58
69	71
58	59
80	83
60	65
65	67
65	66
62	75
72	74
53	57
59	69
61	70
60	68
58	67
69	71
70	71
66	72
80	82
73	75
42	48
65	66
52	57
58	66
59	63
60	66
74	73
66	73
55	63
70	76
75	78
67	66
64	70
74	73
66	69
68	71
55	65
62	71
57	66
55	58
53	60
53	59
60	67
62	68
50	56
57	61
58	67
45	53
56	61
63	66
63	71
65	67
48	65
71	74
45	51
48	59
65	65
50	62
53	60
66	67
50	57
64	65
56	62
58	62
60	67
65	65
67	66
65	66
60	66
71	71
86	84
61	65
70	72
51	60
64	67
76	78
67	73
60	63
39	58
59	57
65	68
58	65
55	63
73	75
66	68
45	55
65	65
46	56
48	54
58	63
66	68
67	71
63	66
64	65
62	64
61	70
60	61
58	61
60	63
53	61
59	60
72	73
61	67
89	87
67	75
66	69
66	69
67	68
75	77
53	55
62	65
57	64
69	72
54	61
68	71
60	66
54	59
74	74
74	79
64	68
46	58
67	70
62	66
64	68
60	63
57	65
60	66
61	63
74	80
67	71
50	53
71	73
75	72
64	66
55	64
69	73
74	74
55	59
72	70
67	68
67	68
58	59
71	73
55	60
51	68
58	69
50	52
63	64
48	63
68	68
65	62
61	64
61	70
64	61
70	72
62	66
48	50
58	64
68	71
67	68
52	57
82	82
66	66
70	71
53	57
66	70
45	53
59	63
54	60
60	63
55	61
62	67
54	57
60	63
84	83
69	69
70	74
65	66
60	62
65	68
68	69
61	66
65	68
46	56
70	68
57	58
61	62
74	73
64	67
63	67
66	65
63	70
70	69
62	63
67	71
58	71
62	64
69	74
67	66
69	70
66	71
67	72
61	66
62	64
65	64
65	69
55	66
67	66
61	64
63	66
59	60
58	61
63	70
53	53
61	69
67	69
63	64
58	60
50	47
51	59
66	67
75	77
58	71
66	68
62	65
62	70
64	73
52	57
60	65
56	65
56	58
65	66
59	65
74	76
40	56
71	73
64	67
85	79
65	64
65	65
57	59
59	60
56	58
69	70
62	64
52	52
60	70
59	59
60	65
60	65
67	69
63	65
58	56
59	64
60	69
60	62
67	68
65	69
44	61
58	61
49	55
80	84
68	75
61	61
70	72
71	72
62	65
51	54
54	61
60	65
68	71
60	62
60	63
46	55
72	74
80	80
62	67
73	72
63	69
47	59
57	64
55	62
62	67
65	67
67	68
54	63
56	56
60	66
67	70
54	57
54	57
66	66
63	62
60	61
63	66
45	62
72	73
71	71
65	65
67	66
58	65
64	67
60	63
58	65
72	75
55	66
67	67
65	68
58	62
68	69
83	84
63	64
64	64
66	73
57	54
62	69
56	59
58	61
70	74
51	57
70	71
69	71
62	66
43	51
62	62
58	75
60	65
77	78
71	72
68	65
59	60
73	80
57	64
68	69
75	76
60	63
64	67
63	64
53	59
55	60
66	68
57	58
54	62
73	74
51	55
66	68
70	71
66	70
68	70
78	80
51	59
55	57
76	76
60	63
56	59
60	66
64	64
59	66
77	74
65	69
62	64
54	65
68	74
56	56
48	48
62	67
68	76
70	66
49	63
69	72
62	64
69	64
56	60
60	65
67	67
68	69
63	66
64	65
75	74
63	66
52	51
70	68
62	62
60	63
52	57
56	61
67	69
74	75
70	74
42	50
66	66
69	68
51	60
53	61
55	64
68	72
56	62
70	71
72	74
58	62
58	60
54	59
70	72
45	56
61	66
68	74
65	66
55	56
39	47
56	58
68	69
60	62
58	62
51	56
64	67
60	56
59	60
46	51
65	69
78	80
73	80
53	62
60	66
48	64
73	72
67	67
63	64
55	53
68	72
57	68
75	78
51	57
67	68
63	69
74	76
45	51
73	75
67	68
59	61
91	90
66	66
54	61
72	72
55	55
61	70
56	52
53	60
82	82
75	77
57	66
64	71
59	59
61	56
55	57
74	76
65	65
56	61
66	69
55	63
68	70
77	75
58	67
73	78
48	51
45	56
65	66
71	74
61	64
71	76
47	55
77	78
73	76
54	64
68	72
72	74
60	66
62	64
56	56
79	77
62	58
53	58
52	57
63	65
63	68
55	56
72	72
64	67
60	68
64	68
50	57
46	65
77	71
56	61
73	76
59	64
70	71
58	63
56	57
50	58
56	69
61	64
71	71
66	68
60	66
56	65
60	64
68	69
59	61
84	83
65	63
54	57
58	64
67	68
69	71
71	70
71	74
64	65
69	68
83	83
55	65
69	71
63	68
58	67
53	53
58	64
65	67
52	56
70	75
73	77
74	73
63	70
62	61
56	65
66	67
59	65
64	64
61	58
66	72
68	70
55	65
56	61
67	70
64	69
72	74
65	69
54	63
60	66
63	67
60	67
63	69
71	72
58	63
61	64
72	73
61	64
64	72
67	68
76	74
66	68
68	73
63	67
71	74
72	76
54	60
51	49
63	65
65	67
50	65
68	63
52	58
49	61
58	64
65	66
60	69
51	66
66	67
52	57
76	73
64	60
71	73
60	63
64	67
71	74
70	69
67	65
78	82
77	71
51	57
43	53
58	63
55	58
65	69
51	54
60	64
60	64
70	72
64	65
59	59
63	68
58	64
64	66
58	62
61	63
47	65
67	71
66	68
57	61
55	59
64	66
72	69
54	59
61	59
63	71
60	65
82	82
65	68
68	68
62	67
69	74
63	65
61	68
58	63
68	65
68	67
57	56
65	69
51	59
65	68
65	66
62	64
78	74
53	58
58	61
74	71
77	81
70	70
67	70
65	66
82	81
67	71
64	66
59	64
57	62
60	65
65	66
66	68
56	58
55	58
59	66
68	72
53	55
75	73
69	68
67	71
58	64
61	60
74	78
53	59
79	79
64	68
52	56
69	69
61	66
68	73
68	66
62	65
59	65
75	76
67	70
60	62
67	64
56	57
64	61
65	68
62	63
70	72
63	66
72	73
72	76
63	69
64	65
69	67
56	68
60	63
63	66
55	57
64	67
69	70
58	57
65	69
60	67
58	59
70	71
65	69
68	69
60	65
60	66
52	61
52	52
53	62
56	66
67	70
74	73
50	53
60	63
43	50
64	62
57	62
57	60
61	68
56	67
67	65
71	69
60	70
53	59
55	61
64	67
61	64
68	68
59	58
56	60
61	67
56	58
66	69
74	74
49	61
56	63
72	79
60	65
66	68
56	58
56	62
59	63
61	62
56	60
68	74
61	64
65	72
70	73
64	71
46	49
54	61
61	70
67	65
65	69
59	61
64	66
72	69
70	69
63	62
46	57
54	61
64	67
65	67
68	75
40	57
57	64
58	65
68	65
65	65
66	72
67	70
78	76
74	77
57	61
60	63
67	76
59	63
60	63
73	75
49	49
71	73
66	67
57	60
56	62
59	65
40	56
64	65
52	61
62	62
44	51
66	78
56	59
63	69
59	63
64	65
67	68
68	69
72	73
64	68
67	73
73	75
60	58
54	58
71	67
68	68
45	51
33	51
58	68
77	75
67	68
68	70
73	73
60	65
35	48
47	57
61	62
62	66
68	68
62	62
65	68
53	59
49	56
75	72
56	59
54	61
62	59
44	49
60	63
73	73
64	64
58	64
71	74
57	60
66	68
84	84
57	58
64	71
57	63
66	69
51	56
67	70
56	52
60	61
70	69
79	82
54	59
56	54
61	64
72	69
70	71
72	75
59	66
67	72
64	68
60	64
58	62
49	55
53	57
68	68
57	64
59	71
70	73
57	62
57	62
70	74
63	65
50	52
59	64
53	70
57	63
64	69
57	62
62	62
61	66
49	50
65	75
58	62
67	69
60	60
64	72
68	67
57	65
62	63
61	63
64	63
70	76
74	72
62	66
61	63
58	61
60	63
72	72
59	60
68	69
63	65
52	51
59	60
60	62
74	76
51	63
71	72
65	61
60	64
73	66
74	79
60	63
74	77
69	77
55	64
64	65
59	61
69	68
65	65
58	62
61	63
54	59
57	61
54	64
66	67
64	65
50	61
50	60
65	70
59	67
51	52
55	65
65	64
56	61
48	52
52	55
54	60
58	65
44	61
53	58
94	89
64	70
61	65
66	69
66	70
66	71
56	63
62	63
58	62
54	60
65	66
60	69
62	67
54	59
63	63
58	61
57	68
64	65
65	65
61	64
60	69
65	65
68	69
66	69
62	69
67	72
57	62
61	65
71	73
65	66
66	65
60	66
50	55
80	80
60	67
62	63
80	80
63	65
60	62
47	58
51	49
65	66
62	65
61	63
64	69
65	68
46	54
53	58
75	74
82	79
56	61
56	60
73	71
51	56
50	67
61	63
58	64
68	69
54	58
65	67
60	62
70	73
62	64
76	78
57	58
53	54
63	68
58	62
42	55
65	64
68	69
60	62
67	69
58	63
68	62
63	71
47	55
74	74
58	62
78	76
59	66
71	70
61	66
52	61
49	55
67	66
65	72
63	62
63	64
54	56
59	58
68	69
46	48
66	70
64	69
58	62
80	72
56	62
58	63
76	79
65	66
74	75
74	73
52	60
69	75
54	60
50	59
52	58
57	63
75	75
64	68
65	71
61	63
70	71
66	70
71	70
48	55
75	75
70	73
60	62
63	67
58	62
54	60
71	72
60	62
51	51
59	63
60	58
66	69
61	65
84	85
66	68
54	56
63	69
63	64
53	59
62	61
66	71
61	67
56	62
67	68
56	61
61	67
55	70
68	69
74	79
67	71
32	51
52	60
64	69
82	80
65	68
65	66
62	61
51	64
50	63
63	63
60	66
74	75
68	68
56	53
46	53
48	55
53	69
60	63
68	68
60	67
57	62
46	54
86	86
69	70
65	70
56	58
53	57
62	61
61	61
61	61
78	77
64	60
49	56
54	52
55	66
60	68
76	80
76	76
70	69
53	63
54	57
67	68
49	58
56	61
55	55
58	59
62	62
59	65
72	76
62	63
60	68
56	58
58	60
62	63
73	72
67	70
68	71
65	70
53	62
60	62
76	75
75	74
50	56
45	57
61	63
76	77
66	68
70	70
64	69
70	73
50	59
61	63
58	63
62	63
71	72
69	71
58	60
80	81
66	69
78	73
57	68
75	75
64	70
55	62
67	67
82	84
62	66
59	61
80	80
72	74
79	81
75	77
54	60
67	68
71	67
65	64
59	66
50	63
62	65
56	67
56	62
48	54
60	56
71	72
50	52
69	74
52	53
65	70
64	67
73	74
61	69
58	59
77	82
69	70
58	67
63	66
60	67
65	68
62	68
68	68
46	52
68	69
61	65
63	65
64	63
61	62
66	66
55	68
74	76
46	49
68	68
62	66
52	59
64	68
62	66
65	66
66	68
57	63
57	62
58	64
65	66
58	61
60	64
56	58
49	65
57	63
76	79
53	56
59	62
68	67
50	57
42	48
48	57
60	67
70	70
73	73
61	60
66	55
77	75
59	59
67	68
58	63
58	65
59	66
68	70
51	57
64	67
61	66
54	63
52	62
58	64
57	61
64	66
50	59
52	51
74	76
66	68
58	64
57	64
69	71
66	66
69	71
75	75
88	80
68	72
72	78
58	59
65	64
72	75
59	68
72	75
58	59
56	59
53	58
43	62
77	78
64	64
57	62
59	64
72	73
69	70
61	67
85	83
56	60
59	65
69	73
66	66
53	64
52	66
51	62
66	68
51	64
51	53
62	67
62	57
64	65
70	71
72	72
80	79
47	50
55	59
48	54
60	63
66	68
67	71
56	56
57	63
38	50
64	65
66	66
57	61
59	64
55	55
56	65
64	71
37	55
60	63
56	61
62	67
62	63
40	60
62	71
52	55
63	65
53	55
60	65
60	59
56	63
71	72
62	66
48	53
78	81
50	53
74	76
79	79
60	65
50	59
47	49
52	58
50	59
58	62
64	65
66	71
58	64
78	79
58	62
67	69
72	75
46	48
70	73
57	60
62	59
66	73
55	61
66	65
75	76
73	76
70	71
74	72
78	79
70	76
69	68
64	67
56	61
66	66
70	71
58	66
64	66
67	68
56	54
61	65
39	58
62	65
75	76
62	65
48	51
56	54
69	68
51	49
64	62
57	60
63	65
46	56
79	78
56	69
71	73
58	63
66	64
53	62
62	66
61	65
75	74
55	58
70	73
77	78
69	73
76	72
65	71
64	68
72	73
51	55
57	59
61	67
62	61
60	65
52	56
49	56
62	65
69	74
68	69
52	67
49	60
58	67
48	62
55	61
63	66
68	72
48	52
58	57
81	83
70	71
54	57
45	52
69	70
59	63
67	69
65	66
61	65
58	61
68	71
68	76
56	56
67	71
69	70
51	48
50	67
78	80
76	77
75	76
61	64
74	71
60	63
80	77
74	77
69	69
61	64
69	71
84	83
57	60
55	60
63	65
55	61
71	74
68	70
64	70
66	68
67	67
59	54
62	64
77	77
68	73
72	75
65	68
53	60
64	68
55	61
56	60
61	66
72	79
38	47
61	71
59	64
64	69
60	58
67	72
67	68
64	67
67	66
58	67
70	73
65	67
70	75
57	62
63	63
67	67
65	71
62	61
78	76
82	82
64	65
67	72
62	66
61	68
68	66
63	64
76	72
74	77
47	57
60	62
65	64
60	66
51	64
58	60
50	55
62	69
64	65
67	67
42	51
77	77
68	64
69	74
58	63
52	54
62	64
68	70
65	67
64	66
52	62
74	71
59	62
70	71
66	67
46	63
62	71
75	76
49	53
72	74
65	67
63	69
65	67
65	70
51	56
72	73
52	55
64	66
50	56
55	66
65	69
64	68
63	67
60	66
59	57
57	58
61	66
53	58
57	61
60	63
41	58
56	68
66	69
49	52
71	74
52	66
70	72
67	72
65	73
52	66
66	70
60	66
55	57
55	59
61	67
63	64
70	70
48	50
78	77
42	56
60	61
57	65
71	68
76	74
54	56
68	71
73	76
58	64
68	70
62	63
69	72
77	72
60	65
74	73
66	68
94	91
66	66
57	63
61	68
55	67
81	81
67	69
68	68
52	56
48	55
68	70
63	64
49	61
56	62
74	74
59	64
74	72
39	58
50	58
47	53
70	73
63	73
62	62
67	74
45	62
78	79
68	67
55	64
60	71
43	51
85	84
67	69
58	59
61	64
68	76
72	74
60	63
58	59
48	65
61	63
57	67
47	60
76	79
45	56
51	61
70	75
50	57
66	73
65	68
57	64
52	56
61	68
59	61
59	66
80	79
49	54
65	67
68	68
64	69
61	63
55	57
67	69
55	60
58	60
63	66
60	65
60	61
75	74
58	63
68	71
57	61
57	61
74	68
33	51
69	72
61	67
73	76
68	74
56	67
59	68
48	64
60	67
61	65
75	77
74	76
53	59
45	51
50	61
56	58
68	72
79	77
67	69
51	58
83	83
66	61
75	71
59	61
70	72
72	72
69	71
62	64
68	70
40	51
60	63
65	68
67	69
64	67
66	68
61	70
68	72
71	74
48	59
74	67
51	57
63	65
47	62
70	73
72	72
70	73
57	65
51	65
64	66
60	62
75	81
57	55
66	65
78	75
76	78
57	67
68	72
62	67
61	65
65	69
60	63
73	74
70	69
81	80
57	63
65	71
63	65
69	72
65	65
56	62
40	55
50	54
77	78
61	65
64	63
76	80
62	63
76	77
71	74
60	61
59	64
70	68
61	67
61	70
74	73
58	64
66	65
76	72
73	73
82	81
63	66
69	76
82	81
48	55
41	50
66	68
68	65
55	62
71	75
67	70
59	64
46	53
54	58
43	60
59	69
60	58
67	67
66	65
59	66
52	64
65	66
55	55
72	73
72	73
74	76
81	80
50	49
57	61
66	68
58	64
63	72
69	71
64	66
58	66
63	64
52	70
51	52
56	58
79	79
62	62
74	74
58	60
44	59
75	78
54	59
51	62
70	72
58	55
68	72
55	60
69	74
67	71
67	71
78	78
64	68
62	68
53	60
59	60
62	68
70	70
62	67
61	69
59	58
65	70
88	87
52	53
75	74
71	74
59	65
51	57
79	80
74	74
55	56
75	75
65	68
53	57
49	59
69	71
43	62
64	64
67	70
61	61
78	77
54	57
63	65
58	59
60	64
52	59
59	60
71	69
69	73
74	76
66	70
72	77
67	68
87	89
63	67
53	56
68	69
73	73
64	61
64	69
62	64
55	48
66	67
49	58
60	68
60	65
75	78
54	59
59	58
71	73
58	58
46	52
57	61
64	67
53	64
64	68
61	67
46	64
55	60
42	55
71	75
65	68
62	64
64	69
68	69
61	67
70	71
64	69
51	61
66	68
60	60
51	56
69	73
38	49
56	59
66	65
63	67
70	72
73	75
59	61
44	58
65	71
60	65
64	65
65	67
61	61
60	62
50	60
67	70
65	67
55	57
44	61
47	52
52	65
69	74
47	53
56	61
51	54
56	53
69	73
54	54
66	70
54	63
46	51
54	55
40	60
60	66
88	88
47	51
45	58
63	66
55	66
78	78
68	72
68	70
55	66
57	59
53	58
54	53
80	78
66	68
59	62
62	67
46	47
55	67
79	78
54	61
80	83
67	71
58	59
64	68
64	66
55	61
64	68
64	71
81	77
65	66
63	68
58	63
55	61
68	70
62	65
72	77
43	58
65	69
72	73
74	72
73	73
57	66
58	59
59	60
60	67
45	55
66	71
53	60
45	59
59	62
65	69
54	62
64	68
58	64
53	55
72	77
57	58
69	69
52	55
62	66
64	64
63	64
64	64
47	53
75	75
60	64
72	72
59	60
52	55
58	62
59	60
52	51
66	72
62	66
67	71
56	60
59	65
76	71
69	66
57	61
56	59
69	75
59	62
80	80
61	68
69	71
73	75
59	68
51	60
71	75
73	73
75	76
54	54
55	58
63	69
70	70
48	50
73	73
63	67
72	74
49	55
63	67
64	67
61	65
64	62
59	73
60	63
55	57
69	67
56	58
49	54
57	66
45	48
65	68
60	60
60	66
60	64
56	60
68	78
79	80
54	67
45	56
64	67
69	71
67	70
67	69
77	78
62	69
60	65
51	64
60	61
56	56
61	65
58	59
67	69
72	72
57	59
74	72
67	72
65	68
49	57
78	80
62	66
51	56
49	56
60	66
76	75
74	70
65	70
59	64
68	71
76	76
70	70
62	62
63	65
78	80
68	72
70	70
58	67
64	67
65	70
62	66
65	64
66	69
57	62
46	51
51	59
69	72
57	64
62	65
60	61
74	77
70	73
63	65
65	69
65	66
75	75
78	77
64	70
65	65
62	64
77	78
70	74
83	82
59	64
66	63
56	63
61	65
82	83
64	69
48	51
55	64
66	66
64	68
53	53
71	73
67	65
59	62
72	75
61	65
72	74
80	79
71	69
65	73
55	62
62	64
65	68
55	55
44	48
69	74
68	68
49	64
59	62
66	68
52	56
62	71
60	63
51	55
58	62
55	62
57	58
58	60
66	70
77	77
80	80
66	68
62	65
75	73
76	78
74	72
69	69
53	66
54	62
51	57
73	76
69	73
67	68
60	66
47	54
72	75
69	70
58	67
52	56
70	69
60	64
60	62
78	79
69	71
79	80
56	63
62	63
76	74
54	62
63	67
58	62
58	64
56	62
59	59
51	59
64	70
64	71
42	62
54	55
67	65
62	69
59	65
51	59
60	64
79	79
69	71
58	69
75	73
57	59
70	68
62	66
73	73
57	62
86	85
60	62
47	57
53	58
50	56
76	73
58	61
42	53
78	80
61	63
53	68
57	63
52	62
73	75
60	64
82	82
64	70
57	63
50	52
52	58
67	67
68	65
75	79
65	70
65	69
76	79
69	70
76	75
52	62
72	72
59	62
69	74
78	77
61	67
84	82
47	55
60	65
70	72
40	59
65	65
67	67
68	68
68	67
54	61
72	74
48	59
46	50
62	65
53	58
45	47
64	71
65	66
70	72
39	58
72	70
59	65
70	72
63	67
47	50
47	57
57	68
74	75
61	64
51	51
67	70
63	63
67	75
45	49
77	73
52	60
55	56
58	70
52	58
71	72
70	70
53	61
62	65
67	69
65	73
63	64
79	78
73	75
51	60
62	64
67	68
52	59
58	65
56	57
65	69
75	71
79	78
69	67
67	67
54	57
72	73
46	53
66	68
66	72
83	85
52	57
70	74
64	65
51	60
58	59
66	71
56	61
36	47
65	66
68	70
76	75
87	88
68	70
58	58
50	52
68	69
74	75
50	56
64	65
65	71
75	72
58	64
58	68
55	57
68	72
72	70
73	75
66	67
61	60
59	62
54	57
49	58
61	68
58	68
74	74
69	71
70	70
53	62
69	71
51	56
66	66
50	53
57	61
72	74
67	70
60	70
66	67
65	71
70	73
69	67
63	65
58	62
53	61
63	64
65	68
69	64
55	59
67	71
64	68
62	63
70	75
60	64
53	63
60	65
56	58
57	61
78	78
67	74
54	59
65	68
63	62
53	52
63	67
59	61
75	77
74	78
68	75
71	72
59	61
54	54
58	62
59	61
55	63
61	64
32	50
62	64
59	64
70	76
60	64
74	71
53	58
62	61
66	66
66	63
66	68
59	65
51	52
48	52
57	67
62	63
55	60
59	67
69	72
58	61
71	70
64	64
64	65
53	62
72	71
43	52
58	68
58	63
73	73
46	55
60	61
63	70
73	69
67	71
68	71
65	68
70	74
71	70
55	62
68	72
76	78
59	64
64	73
59	66
68	71
63	68
64	68
72	75
66	70
62	63
80	79
72	73
65	68
53	55
76	71
59	66
63	68
63	66
66	69
68	76
72	74
59	61
64	67
78	79
70	72
69	78
68	75
67	69
61	70
66	70
75	75
60	64
64	66
67	71
59	68
52	61
62	69
71	74
56	63
65	69
41	58
59	64
69	70
69	68
62	67
66	67
75	74
54	63
55	67
74	73
65	70
65	67
60	67
68	69
54	61
80	81
64	69
60	59
66	66
64	69
74	77
60	67
58	66
54	65
73	73
67	69
74	71
62	65
55	60
60	63
58	62
65	68
58	61
64	70
58	59
70	71
71	73
62	60
52	71
68	75
59	66
83	82
56	64
68	69
66	68
55	63
69	71
58	63
69	68
55	60
65	71
64	66
63	70
59	58
62	64
68	66
55	62
37	55
59	68
70	67
53	52
66	63
69	68
62	65
50	58
64	65
64	66
53	62
58	63
62	66
61	66
59	60
65	69
58	63
54	56
73	76
53	50
53	52
57	64
61	68
62	66
54	58
48	58
54	59
63	68
59	64
33	50
72	71
61	64
72	74
62	67
50	55
61	59
73	76
76	77
62	64
63	65
77	79
60	63
50	52
54	61
51	58
45	63
72	72
56	62
58	62
86	84
73	77
62	67
70	73
66	67
62	64
50	50
75	77
60	60
67	68
49	50
64	65
65	67
57	60
54	63
58	66
73	76
58	67
54	52
78	75
80	78
66	66
53	55
72	73
69	68
43	58
62	62
83	80
58	65
40	49
55	55
64	69
68	71
79	79
62	64
60	66
61	67
55	61
72	72
43	56
75	78
59	65
51	57
56	56
71	74
44	51
47	51
80	80
56	61
64	64
62	60
59	64
53	60
73	73
59	63
62	62
66	65
69	72
65	72
64	66
54	67
58	66
57	67
70	73
67	69
68	69
51	58
65	71
56	62
62	63
57	63
65	66
69	70
65	65
63	66
35	53
67	65
58	62
58	65
61	65
60	65
39	57
71	73
62	68
73	70
68	70
51	53
37	51
61	70
64	66
51	52
51	59
49	47
70	78
41	58
55	59
55	63
85	85
78	78
65	69
51	59
60	60
53	62
66	65
71	71
61	61
58	62
61	61
53	62
73	73
58	64
65	65
72	73
56	67
61	67
62	65
57	62
66	69
65	68
54	60
75	77
70	70
63	67
66	60
62	66
50	59
55	59
52	65
60	68
63	70
83	83
74	76
49	53
58	58
63	71
71	73
86	87
57	68
71	71
53	57
64	67
62	63
68	70
74	75
58	65
58	62
68	68
51	54
65	71
61	68
59	62
63	68
59	61
59	60
74	76
58	66
57	62
53	52
58	64
61	65
76	74
51	60
58	61
54	60
70	71
62	68
64	70
64	64
69	72
74	74
60	65
62	63
69	71
74	75
68	72
60	66
71	67
71	73
70	57
78	71
58	62
82	83
62	70
49	56
59	64
58	59
71	72
60	62
52	64
68	70
60	65
54	61
68	69
57	62
37	50
70	71
67	69
70	71
61	64
36	54
43	52
72	76
65	68
69	70
61	66
73	76
72	78
71	76
59	60
51	60
68	65
59	66
59	62
58	59
68	71
53	61
68	68
58	57
64	69
60	61
67	64
63	64
55	60
61	64
70	74
62	65
57	62
58	70
68	68
68	69
51	59
61	65
54	56
66	69
63	63
69	72
55	59
59	65
79	81
61	64
65	64
62	65
66	65
72	72
48	51
66	71
46	55
64	65
60	66
62	63
66	67
58	61
66	67
63	66
65	70
63	66
79	78
51	58
64	70
64	66
67	71
71	72
61	62
58	63
68	72
60	64
59	63
70	69
69	73
58	63
60	61
68	66
74	75
66	70
67	72
56	65
74	77
51	49
56	55
59	61
62	61
67	67
60	64
69	71
67	68
64	65
62	65
57	61
67	67
67	66
65	64
70	72
63	70
66	67
62	69
55	62
65	71
59	59
62	62
54	50
67	66
52	64
74	74
69	74
63	66
34	49
56	61
73	76
60	62
63	67
62	68
84	85
39	59
60	67
70	72
57	59
61	59
49	55
73	75
62	59
72	73
56	63
54	54
51	57
78	79
59	68
74	77
67	72
67	67
56	64
65	68
62	74
65	67
51	50
51	59
61	63
78	75
66	73
59	64
60	67
58	60
52	63
64	65
65	69
64	66
61	68
49	57
53	61
49	63
62	66
64	64
55	59
77	75
49	58
53	63
74	75
54	60
51	56
46	58
76	74
55	57
59	62
53	58
58	64
55	64
64	64
58	60
65	68
77	79
66	69
75	79
58	60
63	67
64	67
68	69
65	72
58	67
66	70
60	65
72	77
60	62
58	63
50	58
68	71
66	66
76	76
67	65
53	71
47	56
68	64
58	61
56	59
70	73
80	82
68	72
43	62
75	74
40	51
77	77
65	74
65	67
73	77
67	69
58	63
61	62
43	50
77	77
47	60
54	60
65	65
63	66
71	73
65	62
57	63
54	66
69	72
54	57
60	61
74	75
69	70
60	65
68	71
78	78
70	73
60	68
50	54
60	67
82	80
67	66
66	69
65	68
56	55
58	63
58	65
80	81
51	54
69	71
63	69
57	62
66	63
67	71
73	74
70	74
63	61
63	65
55	66
55	58
65	64
70	68
66	70
58	60
60	61
63	70
62	67
70	74
78	77
55	59
62	62
62	65
62	66
73	71
65	66
66	66
88	89
68	69
50	56
73	73
62	68
69	72
60	63
47	56
56	61
56	70
64	69
60	68
68	72
58	58
78	76
67	68
61	66
63	54
67	67
74	74
58	65
62	65
60	63
68	66
62	67
74	79
58	67
72	75
61	68
65	66
60	63
58	66
56	61
58	60
66	67
51	60
63	69
66	67
62	63
59	65
86	87
75	74
66	63
68	69
68	73
54	58
51	63
59	69
84	83
42	55
48	58
55	59
65	69
55	61
59	65
68	72
50	60
59	61
60	69
63	69
75	73
62	62
67	72
64	70
56	58
59	62
54	58
72	78
65	70
49	56
70	68
61	61
49	56
74	71
67	74
59	59
57	61
71	71
46	53
67	70
62	67
70	73
59	66
63	67
53	54
71	71
50	55
73	73
68	69
63	68
76	75
57	62
51	62
69	67
53	52
49	50
57	60
72	76
79	79
67	69
70	61
72	74
60	65
74	75
88	84
78	76
61	64
67	70
82	86
56	63
69	73
60	65
63	72
59	62
58	66
60	64
74	74
73	71
69	67
51	62
77	77
66	70
55	52
65	67
56	64
49	62
68	66
54	56
65	68
65	69
47	50
65	64
75	75
53	63
63	67
62	64
58	62
49	55
60	63
57	61
48	65
41	57
53	49
62	66
60	66
56	61
69	72
70	69
59	63
63	66
67	66
79	73
68	66
45	53
65	70
69	67
67	69
56	61
63	68
57	62
56	58
55	65
48	54
71	74
50	63
67	67
77	76
50	49
40	56
66	69
65	65
55	67
69	62
74	72
55	70
60	61
46	50
73	74
70	70
66	68
68	74
66	66
69	73
70	71
57	62
55	65
57	53
62	65
68	69
48	48
66	68
52	61
60	59
65	70
49	59
64	65
75	78
40	54
76	79
52	57
63	67
63	68
49	58
53	59
69	71
57	65
67	71
59	66
66	72
58	62
65	61
53	52
55	60
68	69
60	63
48	54
60	69
70	70
61	68
62	68
61	67
71	73
68	67
59	62
49	62
43	58
65	67
51	54
65	69
62	63
69	69
65	67
51	60
61	66
53	74
59	72
74	77
71	72
68	68
68	70
60	64
62	67
53	57
67	71
64	66
59	64
72	72
58	62
78	70
85	84
62	63
64	68
59	64
67	69
58	67
53	58
74	77
61	64
80	81
66	70
53	61
61	61
66	70
59	70
62	67
68	76
64	66
76	81
70	72
67	69
52	57
72	78
59	62
78	78
48	57
68	68
54	66
63	63
60	64
60	64
67	69
55	61
59	66
58	62
66	70
77	79
66	66
52	57
69	74
65	66
68	73
67	71
73	69
72	73
71	68
66	70
51	51
61	63
65	66
73	75
42	54
64	71
54	59
72	78
60	68
65	65
64	67
63	65
58	60
58	65
59	59
63	64
51	55
64	66
63	65
58	62
61	64
62	64
65	70
62	67
59	66
62	63
74	74
50	55
55	60
58	66
62	72
56	57
57	59
40	55
61	67
62	68
64	67
72	72
58	55
62	68
35	49
68	70
58	56
63	69
83	81
73	74
51	55
65	66
78	77
65	63
70	77
67	69
69	69
71	70
57	63
62	62
58	64
66	69
62	70
53	62
69	71
69	75
66	68
68	71
69	72
64	68
69	76
52	65
63	66
59	55
67	66
55	65
68	69
64	69
67	74
55	58
58	62
80	86
78	77
59	68
85	85
48	59
57	62
60	56
62	64
59	66
59	56
62	64
54	61
59	67
81	78
66	70
60	62
68	73
62	67
69	71
61	66
77	77
57	63
60	61
64	63
55	60
77	77
49	58
70	72
79	77
65	65
75	74
79	81
61	64
56	64
51	55
54	63
63	63
64	69
48	59
58	61
58	69
73	75
45	59
82	77
81	81
48	58
64	64
69	69
58	65
56	64
54	61
50	58
44	50
57	55
68	69
51	62
67	67
68	71
59	64
64	66
85	86
68	69
79	77
69	72
70	71
65	64
54	56
53	61
60	69
64	68
73	73
52	55
59	63
60	62
75	77
58	65
58	63
67	64
58	58
54	61
59	70
68	73
74	73
57	66
70	70
58	69
62	69
41	59
79	78
60	64
61	64
54	57
57	63
73	77
59	62
73	74
54	68
66	68
82	83
50	49
45	59
65	69
56	61
75	75
45	64
69	74
60	63
68	78
70	69
65	66
66	72
60	63
79	80
64	68
62	64
51	53
56	63
67	68
50	50
60	65
45	57
67	72
84	82
59	58
57	59
47	63
49	59
62	68
49	53
65	69
65	68
76	79
60	57
63	67
72	70
59	64
69	73
78	79
64	67
77	79
62	64
75	76
70	77
58	59
63	60
66	69
61	62
76	75
61	63
58	61
59	63
66	67
71	74
58	64
56	50
56	57
62	68
64	70
57	65
58	62
61	66
38	57
67	70
69	65
67	72
58	65
65	67
57	56
76	76
75	77
54	64
66	66
55	58
59	64
79	77
70	74
40	53
65	68
60	73
57	65
63	65
64	68
58	66
60	64
47	48
66	70
42	56
71	75
50	59
60	62
45	50
70	70
66	68
74	74
71	73
51	60
59	63
68	69
68	68
45	55
69	71
64	67
48	56
64	69
74	75
62	72
66	70
48	53
47	67
70	72
57	64
57	66
74	72
66	72
54	55
56	60
57	63
49	48
62	62
54	58
67	73
70	68
70	71
50	50
62	69
65	69
62	67
70	65
76	76
58	66
58	61
52	67
47	51
64	68
51	57
53	61
74	74
67	69
60	70
62	72
56	58
57	65
79	79
52	63
72	72
56	58
60	65
66	63
58	63
68	68
67	68
77	76
62	68
56	68
43	48
61	65
68	70
59	67
67	69
61	66
63	66
77	77
40	51
64	70
56	61
58	62
67	62
75	72
69	70
60	69
50	57
69	73
50	55
62	63
37	49
55	58
63	64
72	64
51	57
71	77
55	56
66	70
75	77
62	71
64	67
65	65
52	60
52	57
62	70
62	64
57	64
53	63
61	62
56	64
58	56
73	77
46	52
60	63
62	67
58	70
62	64
46	53
64	68
75	78
60	66
72	72
52	61
59	59
59	62
63	67
73	73
69	73
50	60
51	52
57	72
59	64
58	62
60	61
52	56
71	70
54	57
62	66
80	81
62	67
69	68
51	59
72	76
60	63
58	60
79	79
72	74
66	69
65	67
85	85
60	72
39	54
58	65
75	76
67	69
57	65
71	70
57	56
58	69
61	69
74	74
68	73
61	61
72	70
41	51
75	74
62	63
71	77
68	70
52	55
68	66
58	64
72	74
71	72
64	67
54	66
62	63
60	68
53	62
63	66
48	56
68	69
73	71
64	70
68	71
68	69
82	77
56	56
69	66
58	62
71	72
53	62
58	66
62	64
65	64
48	58
62	66
72	74
75	75
58	61
62	65
59	62
69	70
54	61
57	61
76	76
68	71
51	56
62	63
64	66
61	71
54	65
60	67
58	60
72	75
54	60
64	65
54	56
53	57
68	70
64	63
68	68
61	66
83	84
68	72
69	68
56	57
83	83
64	74
62	65
66	68
57	65
63	69
64	71
41	55
58	59
44	53
50	60
85	89
50	55
57	65
72	77
54	65
56	63
53	59
75	75
55	62
68	69
66	67
49	56
53	57
60	59
67	69
58	73
56	59
75	72
63	62
71	76
61	65
61	66
60	62
58	59
67	64
63	64
64	67
56	57
64	68
53	61
62	69
63	66
72	69
63	60
56	61
74	73
67	69
54	57
74	72
77	77
75	76
62	64
58	61
65	69
73	74
50	62
66	67
55	63
70	71
76	76
55	62
65	71
68	68
63	66
59	63
75	77
58	63
79	76
59	65
50	56
60	69
60	66
71	73
60	66
46	49
70	72
58	65
70	74
66	70
54	58
63	64
61	62
53	59
59	68
63	68
57	57
66	69
70	70
70	74
67	70
64	66
72	74
45	51
51	56
63	64
50	61
58	60
83	80
45	52
47	58
60	67
55	63
70	71
66	71
55	61
67	69
60	64
40	57
55	60
69	74
59	60
70	73
71	75
66	69
59	61
51	58
49	50
71	75
60	63
61	64
72	72
64	68
59	67
50	47
52	61
57	62
56	64
62	61
59	60
56	64
56	59
50	61
59	60
58	66
46	54
56	60
62	68
61	63
66	68
56	61
48	65
62	65
58	61
46	52
71	69
70	65
63	67
66	73
70	73
54	61
54	65
49	53
64	62
77	76
71	74
45	57
58	62
59	61
77	76
52	61
65	67
65	65
63	65
64	69
72	69
60	55
62	64
71	71
54	63
67	68
46	59
44	63
65	68
67	68
70	70
66	70
76	74
63	63
56	60
68	65
76	74
64	66
64	65
68	68
70	71
65	64
56	60
60	62
68	67
69	73
65	68
62	64
64	67
71	75
60	67
76	72
64	65
76	76
70	70
62	65
54	56
53	63
66	68
78	80
57	61
74	78
39	59
67	68
65	67
69	63
64	67
60	63
63	64
69	72
56	54
66	69
62	64
53	62
57	64
62	66
70	74
53	56
70	66
62	64
58	64
51	57
65	72
60	64
63	65
57	60
70	70
61	63
71	71
67	70
61	64
64	61
62	65
50	59
65	66
66	66
53	57
56	62
46	52
53	55
62	66
69	67
56	64
59	60
60	60
70	74
47	65
59	60
55	65
65	68
60	70
67	64
45	50
56	60
67	74
65	66
53	64
55	62
62	64
66	69
46	52
70	69
74	75
61	72
62	66
67	68
65	67
64	69
73	73
65	64
69	74
60	58
70	67
69	75
80	79
78	78
45	62
84	83
40	48
66	67
73	74
70	74
55	68
57	60
75	75
48	58
51	51
64	66
85	82
65	70
65	67
67	69
60	65
54	56
68	72
51	52
60	64
77	80
68	68
77	76
70	72
47	58
59	63
61	65
74	74
72	67
57	62
53	66
78	77
77	78
76	75
47	59
57	66
63	65
75	78
48	64
68	68
69	73
62	62
57	64
65	67
63	62
48	53
66	68
58	63
69	68
69	68
77	75
64	72
84	82
60	65
60	64
58	63
60	66
72	79
58	63
67	67
76	78
66	69
62	64
67	66
72	73
58	63
51	62
61	68
59	64
60	63
49	61
59	64
45	53
60	61
61	63
58	62
71	72
81	74
62	64
72	76
56	63
46	47
72	72
58	60
49	66
58	64
53	61
59	62
60	67
65	68
60	58
68	68
70	67
64	66
51	63
58	65
32	50
61	64
64	63
61	67
81	77
56	62
64	73
65	67
72	75
66	66
74	74
68	69
67	70
63	66
69	73
68	73
71	73
77	78
77	70
69	70
67	71
65	62
81	81
64	65
62	60
56	58
59	65
67	72
60	64
63	64
71	71
70	71
58	62
68	68
50	63
74	76
69	76
51	56
67	67
52	53
66	69
64	65
60	64
48	59
60	67
71	67
52	61
60	63
68	66
50	51
49	66
62	63
60	65
60	62
65	67
51	56
57	68
63	63
72	65
60	62
48	52
58	69
66	67
80	80
61	63
57	59
68	68
62	64
66	70
62	64
64	61
64	67
61	62
70	67
53	56
61	65
63	69
68	67
73	73
60	67
63	64
55	59
67	72
65	70
69	71
55	57
53	57
62	66
61	67
64	69
74	76
57	57
69	71
67	72
57	66
84	85
62	65
58	57
74	76
60	62
68	70
70	75
58	64
52	61
57	54
65	69
32	48
60	63
52	54
58	67
53	59
59	68
67	71
63	68
58	64
51	56
55	62
61	68
49	64
68	67
54	62
50	54
70	73
67	70
70	73
60	64
42	51
65	68
68	72
77	79
66	69
53	54
69	72
58	52
60	60
65	68
48	65
60	63
76	72
59	68
70	72
60	66
57	64
32	47
52	59
59	66
60	66
61	69
53	54
54	63
76	78
61	63
70	74
65	69
67	69
62	59
62	65
78	77
68	69
56	64
85	85
64	68
63	66
48	53
59	63
73	75
63	63
56	62
53	54
73	75
61	67
65	68
69	69
63	64
56	66
58	63
69	70
66	65
57	57
60	64
61	65
64	63
60	74
71	70
65	64
67	72
74	74
50	54
52	58
65	71
62	65
48	61
56	62
59	56
66	67
57	59
65	71
50	59
65	69
79	80
65	68
65	64
63	62
60	68
54	68
57	61
62	64
66	74
72	75
63	69
64	64
75	74
68	78
76	74
64	68
62	63
60	62
59	61
55	62
56	61
74	78
65	70
75	78
52	70
50	50
70	72
62	64
66	70
65	66
78	78
71	72
64	68
63	69
69	69
50	64
58	60
67	70
72	75
63	65
62	67
62	61
55	62
68	74
74	75
48	61
72	73
65	72
65	66
58	64
66	66
63	66
74	75
68	68
65	69
59	62
65	67
59	65
62	69
60	60
56	59
55	57
58	67
77	78
47	61
75	75
73	70
62	66
75	76
54	59
70	75
61	64
67	66
71	71
53	52
75	77
66	68
62	69
62	65
65	66
69	71
59	66
59	65
64	66
70	74
55	58
68	68
71	73
44	51
60	63
63	65
50	55
55	61
72	74
67	69
56	58
55	58
58	62
75	77
62	65
58	67
52	57
61	60
65	70
68	70
58	65
68	69
72	74
69	72
54	50
65	66
62	65
62	66
60	65
53	56
49	62
65	66
74	76
62	64
74	75
61	62
65	64
70	68
44	63
55	57
56	68
65	68
67	68
73	69
63	67
53	61
52	54
77	72
64	68
48	55
55	57
51	64
64	67
42	58
59	61
69	74
64	66
64	63
60	69
68	75
61	69
78	85
70	69
75	74
78	76
51	53
62	67
52	57
60	67
77	75
68	66
75	75
58	66
64	66
74	77
75	75
64	69
65	68
62	65
54	66
59	63
61	59
79	79
45	56
60	66
74	77
62	67
51	57
52	60
59	62
34	52
62	66
63	69
59	64
56	62
66	66
58	63
64	69
63	66
75	71
48	54
54	58
54	60
66	72
49	59
65	67
66	76
66	69
67	67
61	67
66	70
60	63
71	68
60	68
63	65
63	65
57	66
69	69
73	70
75	74
63	68
48	66
63	66
63	70
50	54
57	63
57	58
51	59
74	74
69	68
69	69
70	66
68	72
64	69
59	63
55	61
52	62
54	68
62	63
55	63
50	65
67	70
48	57
63	67
70	71
71	73
56	62
75	77
57	62
54	64
57	65
79	80
68	71
53	56
55	60
64	69
72	72
57	65
55	56
70	76
67	70
61	69
85	84
52	57
63	64
70	70
59	61
54	63
69	71
73	75
62	69
62	64
62	64
78	71
58	57
80	81
59	68
75	71
58	55
70	70
59	60
53	61
64	70
62	67
66	68
54	60
62	68
51	60
69	73
74	75
63	65
63	65
85	80
60	62
59	63
66	72
62	66
83	84
73	72
55	57
45	50
67	66
75	79
61	65
63	65
62	66
81	80
52	56
56	56
66	66
61	68
74	72
58	58
70	68
60	66
69	67
50	62
64	68
57	63
74	77
74	74
61	66
45	63
54	67
64	65
81	79
70	77
64	65
60	65
67	70
59	62
62	64
54	55
84	83
70	72
47	57
63	65
43	61
66	70
68	72
65	64
59	56
58	58
49	57
58	67
51	62
66	67
68	69
52	65
56	60
67	67
62	66
61	62
65	65
74	76
68	67
59	67
60	60
52	56
74	72
56	68
66	67
69	69
70	73
70	68
57	61
53	52
62	65
65	72
45	56
73	72
60	63
57	61
74	77
50	59
70	72
67	67
59	65
66	69
62	66
50	61
58	61
71	74
67	70
48	58
84	84
69	72
70	65
58	63
69	71
61	69
50	55
67	63
57	62
55	65
64	70
69	71
59	64
64	67
58	64
48	56
62	65
46	61
66	70
68	73
51	55
55	60
56	62
65	68
70	74
45	53
65	69
53	69
66	68
59	66
53	59
48	50
54	58
72	73
70	70
72	72
58	65
58	71
72	70
48	53
64	69
77	79
73	74
66	71
48	58
53	57
57	59
65	67
48	54
65	66
63	68
58	63
53	52
65	68
62	66
72	73
55	58
75	77
64	63
70	72
47	54
67	71
62	66
71	72
59	63
76	74
50	48
61	66
64	69
69	71
65	68
82	80
68	73
61	63
62	68
63	73
71	73
72	71
72	70
70	70
59	61
58	58
75	74
61	64
52	64
72	71
63	67
60	61
58	65
59	63
79	80
58	65
59	56
70	66
70	68
64	66
65	70
69	71
70	72
64	67
59	62
67	68
64	67
68	72
73	73
49	62
60	64
47	50
81	83
62	65
70	72
60	62
68	67
49	61
74	76
72	68
68	70
66	69
60	61
63	66
51	57
78	78
66	67
63	73
60	66
58	69
49	52
60	64
52	63
54	59
55	63
64	69
76	78
60	62
54	57
65	67
54	59
59	71
53	58
63	64
50	55
60	60
55	59
71	73
53	60
61	64
59	63
67	68
45	57
44	51
60	60
46	56
65	70
80	82
63	69
65	72
81	85
69	67
50	58
66	68
49	61
72	76
54	61
58	56
58	63
57	59
59	63
78	73
70	76
67	75
59	65
56	58
62	65
54	57
49	62
57	65
65	67
74	72
68	68
57	65
61	64
77	79
52	57
70	73
58	65
73	73
61	64
52	63
63	61
50	56
74	74
54	62
58	68
58	61
70	71
46	52
65	71
63	65
57	57
64	68
57	66
48	59
58	62
36	54
76	77
64	64
78	83
57	62
70	73
71	71
78	76
65	71
57	62
68	71
68	67
61	64
73	77
71	72
60	69
50	61
55	55
55	64
68	73
68	70
64	67
77	80
74	73
60	55
58	64
66	65
49	55
58	57
42	57
49	52
51	57
59	65
71	74
57	58
57	65
70	71
67	74
51	59
47	60
79	79
55	58
61	65
62	62
68	70
60	59
56	58
82	84
57	61
57	59
60	68
59	63
63	65
73	75
47	54
72	72
54	60
55	53
75	75
55	59
67	67
59	59
74	73
64	65
70	74
55	63
76	75
63	69
57	61
59	61
59	66
57	66
70	72
62	66
84	83
51	59
60	67
61	64
73	76
59	66
48	56
69	75
65	71
76	80
68	64
63	64
50	56
72	72
61	64
61	57
78	77
72	72
69	67
55	61
64	63
52	61
63	60
62	66
70	70
71	73
65	65
53	61
68	70
48	48
79	78
64	66
61	65
52	67
63	63
73	69
61	63
72	71
44	48
50	66
59	61
54	54
53	58
60	65
62	65
64	65
52	56
49	54
65	63
51	60
51	56
65	67
71	73
59	61
66	71
57	62
67	64
52	58
67	69
73	77
65	70
79	78
53	58
59	67
45	47
57	61
55	58
71	75
70	75
65	68
60	73
59	60
68	74
70	74
52	60
80	84
66	68
63	61
56	61
56	64
79	80
67	69
80	79
65	72
78	78
67	67
59	63
59	59
73	76
71	76
48	54
56	59
64	65
58	60
59	61
64	67
59	65
83	80
49	57
49	58
59	67
67	67
62	68
65	66
64	70
76	75
53	55
66	66
55	56
79	80
50	53
48	54
62	64
74	71
64	74
62	67
62	63
65	69
47	53
67	72
75	75
51	52
60	61
76	77
62	62
54	60
63	64
34	54
71	72
60	65
57	59
70	71
63	68
52	56
62	65
59	61
47	54
70	72
57	63
64	67
88	87
48	59
61	67
68	69
58	66
57	57
62	69
66	69
66	71
71	71
70	71
57	62
68	73
69	70
62	66
52	58
51	59
64	67
71	71
57	60
81	82
64	68
70	69
56	58
63	62
69	70
77	77
56	64
67	67
75	75
83	84
72	75
58	61
61	60
67	69
65	68
70	67
66	69
66	68
61	61
60	63
74	74
63	70
60	63
66	69
63	65
59	64
65	68
72	74
69	72
61	58
61	64
64	71
40	51
64	66
61	60
48	59
70	71
57	61
67	69
77	78
56	56
58	66
52	54
69	74
56	62
69	73
51	49
63	65
55	58
62	65
66	73
60	69
62	63
56	61
77	76
69	70
77	77
59	64
59	61
67	71
78	77
57	60
57	68
70	72
63	66
79	78
52	63
70	71
52	70
59	63
60	58
56	61
61	65
63	64
57	59
75	69
66	71
65	71
51	59
78	79
83	82
67	72
66	70
71	73
71	75
68	67
59	58
67	69
63	68
66	69
56	58
59	65
55	68
47	48
53	64
75	68
68	69
62	67
81	79
65	74
65	73
62	66
55	57
55	66
61	65
59	63
62	63
72	72
55	60
62	62
71	72
49	59
58	66
60	65
61	66
72	74
50	53
63	63
58	65
61	58
61	65
70	72
50	54
41	61
51	60
70	72
64	66
57	62
60	61
77	77
59	57
62	62
70	70
67	66
70	66
65	64
67	69
58	62
64	70
53	64
65	70
64	68
46	56
68	70
58	60
57	61
63	71
69	66
69	69
64	70
65	70
51	53
50	54
64	67
47	57
60	63
56	58
73	73
64	68
77	77
67	70
64	68
59	59
57	59
59	65
61	61
63	66
73	75
50	55
63	69
58	63
62	65
61	68
53	62
44	51
68	68
64	72
74	72
73	78
72	73
60	60
52	59
62	68
68	69
76	77
57	66
64	68
69	70
68	68
63	61
58	59
58	65
57	65
69	67
67	66
36	49
83	86
52	57
64	67
62	63
69	72
59	54
60	64
78	77
69	72
61	64
71	71
83	83
60	65
63	65
48	64
71	72
42	61
72	74
56	58
42	47
60	60
58	64
56	58
60	64
53	60
54	59
65	68
65	66
70	70
62	64
65	67
59	64
73	75
65	68
60	65
52	56
62	65
72	74
67	67
59	63
78	79
66	71
52	56
46	58
60	65
59	58
82	79
72	73
65	65
65	69
61	65
60	63
86	85
75	79
63	70
63	71
45	52
59	64
69	67
78	77
69	72
64	73
58	66
65	67
48	57
68	72
58	68
65	70
76	74
68	68
62	66
74	77
66	67
62	64
74	76
80	80
62	67
73	72
66	72
64	64
60	64
52	52
62	64
59	59
58	63
53	49
61	66
69	74
70	70
84	82
51	59
63	66
63	63
65	70
56	59
62	63
65	66
58	66
62	64
65	66
60	61
66	66
73	76
54	59
53	56
64	66
65	70
62	65
71	70
67	67
61	70
66	70
61	62
61	70
50	66
70	69
55	65
57	60
68	66
70	75
54	58
69	69
56	67
69	70
65	65
81	82
55	55
70	72
61	63
40	52
72	75
64	69
55	64
63	68
77	77
73	74
64	66
64	66
60	62
68	66
89	89
63	70
58	59
67	69
75	76
57	56
58	61
52	55
70	73
51	53
59	63
55	65
67	71
61	66
64	66
55	57
66	68
61	73
54	54
58	64
79	78
63	63
55	58
55	60
59	64
62	63
60	65
51	56
68	67
51	57
75	72
75	72
73	74
54	58
63	67
63	67
51	56
60	68
56	54
68	70
67	70
56	61
59	63
57	62
55	65
55	54
51	58
72	71
56	63
68	70
53	62
67	68
73	77
73	75
79	80
64	66
58	58
41	60
51	60
58	61
62	61
70	75
66	71
65	68
73	75
57	66
56	56
80	80
56	55
60	63
64	68
60	58
48	53
59	65
67	68
63	61
68	64
62	63
72	74
65	68
69	69
48	48
64	66
56	61
72	70
63	67
56	63
66	69
39	57
84	82
61	65
65	68
62	64
61	64
45	58
61	58
64	70
63	66
66	68
61	66
58	72
57	62
66	70
70	71
50	53
61	66
61	68
72	75
59	63
63	65
65	69
44	51
67	70
65	67
68	70
69	71
71	72
64	69
52	64
56	71
79	80
65	63
62	64
63	67
80	80
72	72
78	81
60	63
62	57
65	63
72	75
77	76
66	68
55	62
69	73
54	61
66	67
64	68
56	59
54	62
56	64
57	62
45	53
65	72
70	69
86	86
71	72
68	73
67	69
79	80
71	68
57	61
65	64
75	77
68	68
72	67
67	70
60	64
56	64
66	74
69	70
78	79
64	69
52	64
77	78
64	68
62	66
68	67
50	63
72	74
79	82
60	68
36	48
61	57
57	59
54	59
76	75
69	68
59	64
67	69
54	64
66	66
55	58
58	60
63	65
63	69
64	65
64	66
72	74
68	70
66	67
53	58
61	67
54	60
55	52
62	64
82	80
56	62
82	74
76	76
57	61
70	74
82	82
64	71
66	68
63	62
66	66
59	59
81	81
60	62
72	71
69	68
79	80
73	72
70	68
37	52
69	73
56	69
64	69
68	69
62	62
58	67
71	75
46	60
64	66
56	56
59	62
63	67
66	69
73	73
59	61
59	61
62	70
46	53
74	69
63	70
68	74
65	73
70	70
51	56
52	58
52	57
51	60
73	75
57	57
76	75
60	58
70	67
62	67
80	81
63	65
71	73
59	64
61	61
61	67
73	69
62	68
64	71
87	83
71	72
67	76
80	80
57	59
62	66
58	62
63	73
67	70
74	76
52	52
69	74
69	71
54	62
66	69
60	64
58	67
49	58
63	67
60	61
49	53
71	71
65	66
60	62
65	66
53	57
65	71
48	51
56	59
52	56
65	70
72	76
69	71
58	63
70	77
56	64
72	72
67	70
66	70
67	68
62	65
52	54
60	63
61	67
59	55
68	70
60	62
58	63
81	83
69	69
52	57
52	55
64	63
61	65
63	64
69	72
61	71
63	68
63	70
46	60
59	63
67	67
58	66
48	59
40	59
65	68
52	57
68	68
64	67
58	65
65	65
59	64
58	63
64	66
60	64
76	74
65	70
85	82
65	64
63	66
80	80
53	51
73	78
61	65
67	69
60	66
65	66
71	71
67	68
65	70
73	76
79	80
54	58
67	68
65	67
82	84
64	64
60	60
62	63
66	74
67	68
69	69
55	66
66	69
56	67
70	75
48	55
46	53
73	74
76	77
60	59
66	66
57	64
50	56
71	68
66	67
68	70
56	62
63	66
78	79
72	71
69	73
58	62
72	74
69	70
52	58
69	66
62	71
66	65
72	73
68	71
68	71
62	64
53	60
62	62
72	71
51	53
73	71
73	75
60	63
67	70
52	51
44	54
57	60
70	71
63	66
69	76
66	68
65	68
65	65
64	67
69	70
65	70
70	72
58	62
75	82
77	78
61	66
51	67
51	62
61	67
72	72
66	68
69	68
78	79
67	67
73	72
59	62
57	60
74	76
64	69
69	71
77	75
78	77
82	80
62	63
60	64
59	67
56	63
77	77
65	70
62	58
43	51
62	68
70	73
54	60
57	61
70	73
59	62
69	69
84	85
70	69
58	63
62	64
60	66
66	70
56	60
64	70
60	69
62	62
65	68
57	59
75	78
55	63
56	60
65	67
67	70
63	69
66	70
68	68
67	69
81	80
50	62
71	72
64	72
55	60
64	67
56	61
69	74
69	72
53	56
61	65
58	62
61	67
58	63
67	65
62	68
65	69
67	69
64	69
67	68
58	65
53	58
54	60
58	63
63	67
59	65
65	70
54	63
72	67
56	54
63	61
44	54
71	76
62	64
61	65
64	68
58	61
50	49
82	81
70	70
65	65
62	65
56	58
82	81
55	63
48	60
58	59
61	67
61	70
70	72
68	72
55	58
66	68
57	59
67	68
59	65
54	69
50	56
51	63
53	49
75	72
51	64
68	69
43	59
56	57
58	68
54	59
61	64
50	60
59	65
57	61
56	64
55	59
59	58
71	73
55	61
55	63
67	68
71	73
74	72
56	58
79	80
53	58
71	71
65	67
67	72
68	70
62	66
58	58
51	59
69	71
59	60
78	75
68	73
62	69
69	70
49	56
65	59
65	71
71	70
58	63
59	64
69	74
53	58
59	60
52	57
62	69
64	72
68	79
63	63
60	66
55	65
59	63
57	56
63	64
64	72
64	74
64	65
59	62
55	65
71	66
58	64
80	80
56	48
45	51
70	66
66	64
65	69
64	61
52	53
65	65
68	66
65	70
61	61
75	72
54	62
68	70
66	69
69	70
65	67
55	59
65	69
53	60
57	70
69	69
51	56
63	66
75	74
65	67
60	62
65	71
63	59
53	61
50	57
55	61
50	54
47	63
55	65
46	53
61	64
65	68
63	64
68	74
60	56
59	55
62	67
63	63
54	55
67	62
60	63
58	63
55	60
72	75
72	73
65	66
51	58
40	49
51	65
60	61
57	58
59	61
63	63
61	64
50	50
69	72
52	54
64	69
60	66
62	65
67	72
68	68
61	67
64	70
62	65
59	60
54	62
66	69
70	72
66	67
58	64
61	60
52	64
58	62
78	78
61	63
46	58
63	63
56	60
66	70
71	71
56	65
58	63
63	67
63	63
64	67
51	62
85	86
65	66
60	67
48	53
54	60
64	69
46	66
64	66
69	69
55	60
58	64
72	72
42	57
50	58
50	57
47	53
45	54
66	73
67	73
67	64
65	68
48	50
60	65
68	69
68	69
41	49
75	78
68	70
56	63
68	68
69	75
67	76
68	70
66	66
75	73
70	71
55	59
75	72
72	74
70	74
64	64
56	62
59	62
67	63
59	63
65	67
65	68
74	75
66	67
57	64
54	58
50	57
55	64
77	76
66	71
65	71
56	64
61	62
63	69
58	67
64	66
64	68
69	70
49	51
63	69
68	69
58	65
75	73
80	79
52	55
56	65
54	57
57	59
75	78
69	68
67	69
52	56
74	75
56	61
68	68
65	68
63	64
63	68
52	59
64	67
84	84
47	57
55	59
65	67
83	80
48	48
67	71
52	56
52	57
59	63
55	61
47	53
62	69
70	74
59	66
70	73
62	64
60	60
60	70
74	76
67	70
68	71
62	64
56	61
72	74
73	74
74	72
58	63
64	72
50	52
68	66
58	60
59	67
64	66
57	63
69	77
54	55
71	70
63	64
64	68
64	69
56	54
72	68
47	59
56	60
57	67
60	65
66	66
53	59
62	64
61	66
79	78
62	65
65	67
58	62
83	79
63	70
59	66
59	67
63	64
66	71
65	70
49	51
44	58
59	64
52	58
71	72
59	64
51	58
62	63
69	67
62	70
69	71
53	59
64	68
64	68
68	69
69	74
55	63
44	51
59	63
65	67
55	61
67	71
59	66
56	65
73	74
59	56
67	69
82	77
67	66
58	60
65	68
68	72
57	56
65	68
47	59
62	64
60	61
55	58
56	63
62	61
68	71
60	62
63	70
58	62
64	65
62	71
66	70
61	66
77	78
62	65
67	66
78	80
51	64
53	56
53	55
54	57
64	67
51	58
56	60
59	67
58	60
53	65
44	51
80	82
73	73
69	76
67	69
57	67
70	75
60	67
68	66
53	59
58	62
59	64
63	64
72	73
57	63
71	73
72	69
55	58
63	68
52	59
53	52
77	78
55	65
62	62
61	60
57	65
58	58
64	66
51	59
75	75
61	72
54	62
70	73
75	74
73	77
62	64
54	61
76	78
48	48
64	68
63	66
70	73
56	58
72	73
68	70
58	63
62	69
68	71
59	67
66	76
45	58
51	59
66	68
51	47
64	67
64	66
53	63
59	61
64	68
45	51
59	64
70	72
87	87
72	72
67	73
64	69
54	63
45	52
68	71
54	61
53	63
56	66
58	58
64	66
63	66
76	81
56	60
62	70
74	75
65	69
78	77
61	64
65	70
83	81
68	71
60	62
59	64
58	61
54	57
71	68
61	61
74	74
65	68
60	62
60	65
59	64
61	66
60	67
58	68
68	72
46	53
67	69
62	68
64	66
65	68
58	60
75	79
74	78
57	61
70	72
67	70
37	55
60	62
65	69
58	58
62	62
52	56
65	69
62	66
65	67
64	69
64	70
62	61
46	48
74	73
46	49
59	60
51	59
55	65
64	68
54	60
59	64
65	65
65	66
65	68
63	65
60	67
56	59
74	78
75	78
58	56
71	73
56	60
61	63
51	61
63	69
67	65
64	64
66	73
82	82
73	73
53	58
58	62
72	73
64	71
53	68
63	67
68	70
56	57
54	62
70	73
57	65
77	78
65	70
59	62
62	70
56	59
70	70
68	70
62	70
54	67
56	58
41	55
61	70
60	60
53	60
66	66
64	63
63	61
69	70
56	55
63	69
45	50
76	79
82	81
68	75
60	67
74	78
59	62
70	72
58	59
68	71
53	63
68	72
53	57
70	73
65	70
69	71
54	59
68	73
64	68
66	69
64	62
62	65
71	71
48	53
66	72
46	61
68	70
60	62
63	66
58	63
64	66
72	80
57	64
62	64
55	60
53	55
70	74
66	68
67	71
62	66
68	70
76	78
68	72
64	64
66	69
65	65
65	65
58	66
61	65
58	60
65	68
56	58
46	58
65	67
66	66
78	78
60	67
56	62
54	54
66	66
59	57
47	53
59	65
72	79
56	58
61	66
67	70
59	64
60	64
73	77
55	59
52	62
54	64
71	74
71	71
60	65
45	52
53	61
64	68
53	63
64	64
63	65
54	58
83	85
52	65
63	63
60	57
80	79
62	65
54	57
70	73
65	73
53	59
81	78
66	69
62	71
68	67
68	66
60	65
60	69
60	72
58	65
53	62
74	74
71	72
65	72
52	53
65	70
71	72
66	66
58	62
75	76
59	60
82	79
68	70
64	60
59	61
48	55
69	71
63	65
47	61
64	69
70	69
63	67
50	57
57	58
63	70
70	69
61	63
59	68
56	62
50	52
57	62
68	72
75	76
48	59
48	66
60	65
55	58
58	66
52	59
45	48
63	62
52	57
56	65
71	73
80	78
80	81
60	61
73	73
68	69
78	79
68	68
58	61
76	75
65	68
78	75
54	61
74	75
44	60
61	64
64	67
66	67
79	79
60	67
51	55
52	62
63	64
64	69
52	60
63	62
65	70
80	81
45	52
59	68
67	70
61	76
57	59
63	65
65	68
69	70
55	57
61	62
56	61
62	66
62	63
70	74
52	56
65	71
73	73
75	76
63	65
60	60
57	58
70	74
65	70
78	79
53	62
55	59
74	75
58	54
59	69
63	66
70	67
56	58
52	63
54	66
61	62
66	70
58	62
46	58
72	75
62	63
65	67
71	72
64	67
47	61
73	72
60	63
54	55
67	70
69	70
66	66
58	52
66	70
64	68
54	63
73	72
68	67
66	68
68	70
62	62
61	66
78	76
56	62
55	57
62	68
61	61
70	69
76	78
66	64
64	71
56	62
38	56
63	63
77	76
73	75
65	68
77	81
53	59
63	68
64	69
74	74
58	61
69	69
73	73
62	68
59	65
55	61
78	80
56	60
65	65
59	64
59	59
62	67
58	63
60	65
77	80
73	77
64	66
50	57
60	62
81	84
71	71
58	63
60	65
68	70
54	59
58	59
70	70
59	67
59	66
59	60
73	78
70	75
71	73
48	59
66	59
62	65
58	65
54	58
61	58
48	63
66	70
57	66
58	53
67	65
64	67
68	73
44	59
54	61
60	65
56	60
60	63
85	84
69	71
51	55
51	54
54	62
64	66
60	64
55	56
53	60
56	61
75	75
52	53
62	65
64	71
47	61
60	60
60	63
61	63
52	62
61	63
49	56
66	68
71	73
59	63
53	62
58	60
64	61
71	72
60	62
85	87
73	73
60	67
58	60
51	50
65	67
69	77
51	57
59	69
45	55
62	65
73	73
60	63
58	64
66	67
64	63
78	77
62	70
66	67
72	72
65	66
62	63
47	50
69	71
52	50
64	68
75	76
71	73
58	59
77	78
52	56
69	69
46	61
75	79
65	67
56	62
76	79
66	71
59	61
59	65
63	65
67	69
66	68
77	77
67	71
60	63
52	60
60	64
58	63
72	74
47	53
59	60
51	57
65	67
51	60
66	70
57	64
78	81
62	61
61	63
59	63
80	80
66	68
55	56
54	50
59	63
64	65
59	64
73	77
58	63
65	65
67	68
53	56
65	71
68	71
63	69
62	63
55	60
65	65
55	58
68	72
64	72
58	64
61	65
57	60
56	66
61	63
55	69
50	54
55	59
69	72
71	75
60	63
53	59
61	63
59	60
72	73
54	57
57	60
61	65
53	57
80	83
45	58
65	66
53	57
49	53
58	60
66	72
59	61
59	61
60	64
57	62
46	49
64	64
55	64
59	60
85	82
56	59
69	72
59	61
65	68
68	70
81	77
72	76
63	69
55	62
49	53
64	69
58	59
62	64
66	70
66	72
68	69
55	61
60	67
67	69
67	74
65	67
70	68
78	79
68	70
59	65
70	72
71	75
50	53
60	62
64	70
67	71
69	76
80	77
73	77
55	61
49	58
61	63
71	73
62	63
69	73
35	52
60	66
66	70
62	65
60	64
63	69
61	64
59	69
61	63
55	63
57	62
79	80
74	77
68	68
59	60
89	87
61	61
53	61
54	55
71	69
66	68
60	66
55	62
63	65
76	75
64	64
70	76
66	65
68	65
40	59
62	71
66	67
64	68
56	57
67	67
66	71
51	59
75	69
60	63
60	68
73	76
42	53
69	68
63	70
55	66
72	72
59	63
61	64
63	68
63	67
63	65
54	55
51	62
55	62
75	75
78	79
62	69
64	66
57	63
58	60
70	66
64	63
73	73
62	59
81	82
63	63
67	66
70	70
71	72
49	55
73	70
54	55
66	67
59	69
72	73
60	62
72	72
62	70
73	76
48	47
60	64
66	71
73	76
65	69
58	63
62	62
64	66
61	65
58	61
54	59
57	55
71	75
60	63
72	71
55	53
62	64
67	72
60	64
68	70
78	78
63	68
64	67
65	71
45	60
44	63
47	57
53	57
49	57
79	77
79	78
51	62
62	65
65	63
55	66
49	57
53	54
56	58
76	76
68	69
62	66
78	73
41	57
68	70
50	67
51	57
73	75
65	74
61	62
56	60
68	67
65	67
56	60
68	70
77	79
55	64
55	65
59	69
85	84
67	68
65	62
54	61
61	64
59	66
51	67
71	72
60	61
48	52
51	63
48	62
66	66
59	64
60	60
63	64
58	58
65	70
63	64
60	62
57	62
66	68
75	71
72	73
59	63
54	56
62	61
66	67
74	76
65	64
55	58
55	60
70	69
54	61
81	72
63	65
64	65
68	74
68	67
66	72
51	67
59	61
61	63
54	58
73	71
55	59
57	60
62	66
59	64
63	64
57	61
78	81
57	64
67	68
53	61
74	72
51	54
72	72
57	61
61	63
52	54
72	77
59	64
62	68
63	65
64	72
52	61
75	75
50	49
66	71
39	59
61	62
52	62
65	71
57	58
61	59
78	77
59	60
73	71
68	69
76	74
62	70
53	52
65	67
59	63
67	68
65	66
65	66
66	70
50	51
57	63
60	64
70	70
49	51
69	70
58	66
58	55
65	65
49	54
74	75
59	63
50	60
48	58
62	69
74	74
72	71
53	62
56	63
57	66
74	73
49	54
64	63
54	59
60	63
77	78
76	78
77	78
44	55
68	68
58	63
63	67
76	78
82	81
72	75
53	56
68	70
65	67
72	72
62	64
65	68
62	66
63	65
77	73
79	79
61	66
56	58
41	47
61	63
70	71
44	63
69	76
69	75
67	72
70	70
62	70
61	65
66	67
67	70
67	75
52	61
74	73
61	64
66	66
57	63
48	59
46	52
76	78
48	59
59	65
64	71
58	59
60	61
60	64
68	66
68	71
40	59
65	73
54	63
69	72
62	70
62	70
85	87
68	73
71	71
61	67
65	67
66	67
60	73
70	75
62	65
78	76
53	56
59	66
62	66
67	67
53	57
59	64
59	61
63	63
66	69
71	72
63	68
51	57
55	66
54	57
63	68
59	62
56	63
75	76
61	60
63	65
46	51
52	59
57	63
68	73
58	62
66	68
45	53
42	54
62	73
60	65
53	52
71	73
52	53
57	61
71	70
80	75
55	60
57	62
62	72
67	65
66	68
61	63
59	63
56	65
55	64
50	67
63	67
58	57
63	63
50	48
71	69
76	78
52	62
57	62
62	61
73	75
36	52
51	58
75	80
56	66
52	61
58	65
56	68
60	64
61	66
69	70
62	67
45	50
65	63
64	65
72	73
55	58
54	61
60	65
67	74
64	67
67	67
54	57
48	54
65	73
65	69
65	69
54	56
69	75
60	62
57	64
55	65
55	62
61	59
62	65
59	62
66	64
54	62
51	56
63	65
58	64
61	57
43	48
51	58
61	68
70	73
76	78
56	61
72	80
61	64
46	47
76	78
71	71
58	66
56	55
63	66
59	64
51	53
55	61
74	74
63	65
61	70
64	71
65	66
58	61
56	67
59	66
51	55
58	64
68	71
50	57
70	69
79	83
65	68
61	66
49	53
51	51
51	51
52	54
57	62
56	61
78	74
68	70
73	74
47	56
60	69
71	72
67	69
68	70
51	56
63	64
62	61
77	78
66	69
84	86
63	68
69	71
46	53
63	67
51	56
65	66
63	68
62	67
70	71
70	79
69	72
53	56
55	54
66	70
64	72
58	58
59	63
59	65
68	70
58	65
62	69
56	59
61	62
67	67
58	63
62	67
71	75
53	55
46	53
49	49
60	64
45	47
52	64
65	66
60	64
77	68
59	61
60	65
62	62
53	61
62	66
69	72
60	60
73	69
63	65
58	60
57	63
65	71
72	74
64	65
63	67
60	66
73	73
70	63
63	68
69	70
66	70
57	63
56	66
56	58
59	66
66	71
68	66
56	56
57	61
63	66
61	65
72	75
68	70
55	62
72	74
64	63
75	75
43	56
50	62
60	67
60	67
57	66
60	67
72	73
61	68
52	60
75	77
49	63
68	70
57	63
67	71
57	57
60	64
45	56
60	62
58	63
60	66
54	62
60	64
57	60
59	66
58	65
75	76
74	75
58	59
69	73
63	69
72	70
55	63
55	54
74	74
62	67
55	59
57	60
65	72
61	64
63	63
49	53
63	67
59	67
70	71
68	70
60	69
74	77
70	71
65	74
73	74
69	68
68	69
65	68
61	66
60	66
61	63
60	63
57	60
65	66
67	66
60	69
55	64
58	65
60	66
53	61
39	50
65	68
66	70
63	64
54	61
47	55
70	68
75	76
47	49
63	65
63	63
72	73
70	73
58	67
58	58
75	73
49	50
65	66
63	66
68	72
53	59
58	58
74	72
55	59
66	65
55	63
74	73
54	56
55	59
49	56
64	69
73	76
58	62
74	77
63	70
69	69
50	53
66	70
67	66
65	65
44	47
73	68
61	64
44	55
53	55
76	74
64	66
58	67
48	59
58	62
58	61
64	66
72	73
79	81
45	52
59	59
58	64
58	65
58	58
60	64
69	71
64	66
90	90
44	54
62	62
59	63
52	56
41	53
69	76
50	53
68	74
73	72
55	69
64	69
64	66
58	58
50	58
60	58
62	64
67	65
49	60
58	60
61	59
61	66
57	62
56	60
66	66
55	58
45	57
71	71
54	65
52	59
53	60
54	52
64	64
58	60
48	60
49	63
55	60
62	63
66	71
60	61
58	58
66	67
48	55
73	75
59	64
42	49
64	68
47	56
86	87
79	74
64	64
57	65
64	68
65	58
63	67
85	85
63	67
62	67
65	69
62	65
58	63
73	75
67	70
51	53
49	54
75	76
53	59
58	63
60	65
64	63
57	59
55	55
51	56
69	72
58	68
41	49
58	61
50	54
69	75
58	66
75	76
58	64
58	58
68	69
64	67
65	68
55	65
75	75
65	73
64	68
65	68
56	67
74	76
71	71
66	67
76	77
62	67
57	55
71	74
62	65
51	54
60	62
72	76
64	65
70	72
69	66
76	75
51	64
55	53
74	78
64	72
79	79
62	69
61	59
57	64
57	67
58	66
66	72
59	63
66	66
74	75
52	59
53	58
63	66
67	74
62	67
70	74
51	56
60	66
68	69
68	68
64	67
66	69
65	72
51	60
70	75
65	67
69	69
64	64
64	64
65	70
64	62
67	71
56	64
64	66
62	63
57	63
66	74
54	60
62	64
62	63
70	75
67	70
57	63
61	62
52	48
51	57
39	48
43	59
64	66
60	63
73	74
46	52
55	62
51	57
64	65
55	67
72	75
63	64
58	71
85	85
58	65
55	57
73	76
64	65
64	68
67	70
52	58
60	63
70	70
49	53
74	76
50	68
61	63
55	62
63	66
52	60
58	60
72	71
64	65
59	61
63	61
65	65
71	71
55	57
67	70
62	61
90	87
63	63
70	74
61	64
60	63
62	68
68	65
57	61
65	72
54	61
54	59
65	67
60	62
55	64
66	69
59	65
65	75
51	56
64	68
59	64
60	67
69	70
54	52
73	72
53	61
66	65
62	58
45	56
59	62
56	59
61	66
67	67
66	71
59	64
75	78
55	60
55	63
68	71
72	74
46	51
69	71
62	63
72	73
59	65
75	72
71	70
64	63
62	74
65	67
50	61
54	64
50	56
78	77
80	79
54	63
55	65
62	64
63	63
68	76
71	72
74	75
42	55
58	60
79	80
61	65
55	65
71	74
61	68
60	59
64	68
54	64
50	48
61	65
75	75
62	64
51	59
72	72
58	58
51	53
56	56
61	65
56	59
62	66
57	61
70	73
59	63
66	64
60	60
73	73
56	60
63	67
50	57
62	61
60	64
57	63
60	63
62	63
63	64
50	64
58	64
73	73
67	72
46	55
67	68
60	63
63	66
58	62
45	57
67	69
60	61
66	71
63	67
64	58
65	65
57	59
63	63
62	64
56	63
66	67
43	55
53	55
53	59
70	71
58	70
69	71
60	65
60	67
65	64
74	73
56	61
72	72
64	65
44	59
55	60
63	66
76	76
59	63
56	56
76	75
61	63
59	64
74	72
60	64
64	69
69	72
58	60
70	75
81	82
48	53
78	74
72	75
68	72
62	64
64	65
65	69
58	62
58	64
63	76
47	50
68	70
69	70
70	72
60	65
71	67
61	63
72	74
58	64
62	70
61	66
50	52
70	67
59	64
56	60
63	65
65	67
64	63
66	67
42	57
76	74
72	75
56	58
66	69
79	78
70	70
63	64
62	66
64	59
60	58
45	54
60	63
69	65
71	73
56	53
70	68
55	62
47	60
57	61
37	57
85	83
67	70
58	63
44	54
70	72
62	63
85	86
54	48
84	79
72	71
73	73
62	68
59	63
64	68
77	77
65	67
60	61
65	75
55	66
47	50
65	66
63	70
64	64
56	60
60	66
69	75
62	64
77	78
65	68
65	69
65	64
52	52
71	76
56	56
55	55
63	67
57	63
61	64
44	61
51	49
61	63
55	64
64	68
60	63
61	65
74	74
47	53
72	75
67	67
61	67
59	61
55	58
60	62
70	72
48	54
58	64
85	84
59	67
50	62
65	72
70	75
63	66
62	64
52	56
63	65
65	66
43	51
74	73
59	62
67	65
76	80
57	61
58	59
79	75
64	66
77	78
65	65
64	69
70	73
50	58
65	67
66	70
52	53
70	69
43	59
67	67
57	59
78	78
69	73
49	48
58	61
61	58
59	59
64	67
62	64
66	67
62	66
74	75
83	78
55	65
83	80
59	62
32	48
73	74
82	83
81	79
53	62
65	68
60	63
59	60
69	69
64	68
51	58
63	70
65	73
59	62
83	85
60	61
51	62
70	70
61	61
69	72
75	74
71	75
64	67
62	67
56	58
40	54
64	68
49	55
79	80
64	64
54	59
54	61
67	70
75	81
62	61
55	58
75	72
78	79
62	59
61	67
73	76
46	59
47	58
61	62
89	89
62	63
52	55
66	68
55	64
48	59
66	70
54	57
46	51
66	69
54	66
44	57
59	63
61	62
73	71
79	82
65	71
62	66
56	64
71	74
61	59
66	71
61	62
60	58
60	62
60	66
63	65
57	65
68	74
55	60
65	65
67	70
42	59
67	71
61	65
76	76
32	49
48	49
83	85
67	71
62	65
49	49
47	53
44	57
60	62
71	74
65	69
56	61
49	59
56	60
69	73
80	81
52	63
72	74
67	73
48	60
62	65
74	76
58	64
70	73
48	61
65	71
59	69
74	74
75	74
62	67
78	77
61	67
64	64
52	56
60	64
58	63
68	75
65	68
51	51
53	67
48	51
53	54
75	77
57	63
66	70
63	66
63	68
65	63
64	70
76	78
58	60
47	55
56	65
59	65
68	70
65	69
58	65
57	69
62	67
65	70
59	60
50	60
61	68
59	67
67	67
49	58
74	71
61	63
58	62
82	82
49	59
75	75
55	57
65	70
66	72
64	63
82	81
60	68
47	52
57	68
66	70
69	71
64	68
54	58
65	65
48	64
65	70
46	62
67	70
53	47
64	64
57	57
44	52
62	69
72	74
63	68
60	70
59	62
67	70
65	68
61	63
69	74
65	66
63	65
74	75
75	76
52	56
69	73
58	63
64	70
63	68
54	60
60	65
69	75
60	65
71	73
52	54
52	56
64	67
81	78
59	68
69	67
53	59
74	74
85	86
70	71
58	65
61	68
77	77
53	52
54	57
61	67
68	72
63	72
68	67
65	65
59	62
53	55
68	74
58	75
52	60
49	57
60	64
62	65
76	78
61	66
52	56
60	66
65	68
73	75
68	66
64	68
48	59
72	71
64	67
61	62
76	75
44	57
58	61
68	73
73	75
57	60
76	77
55	63
62	66
70	75
67	71
79	69
51	52
53	57
63	69
86	83
60	67
73	76
70	68
70	70
66	69
66	66
74	80
63	66
72	73
49	54
66	70
67	69
61	65
67	71
51	57
76	75
67	69
80	81
55	55
60	65
69	68
60	66
69	67
65	64
67	70
66	69
68	68
49	54
67	67
63	64
57	61
58	60
68	69
68	69
65	66
69	73
64	68
64	65
72	73
59	61
59	60
55	63
52	54
50	65
66	68
56	56
69	72
37	56
61	65
56	56
60	65
63	67
67	72
53	58
72	74
63	68
62	66
45	49
58	55
62	65
82	80
58	66
69	71
61	64
69	66
43	59
65	66
51	54
58	65
65	64
60	63
64	68
55	62
52	60
60	62
71	74
60	61
67	70
71	72
64	66
60	62
70	72
74	73
62	66
50	60
66	68
75	79
64	65
69	74
52	57
57	62
64	62
81	78
67	68
60	62
67	68
60	62
71	75
60	63
61	69
74	76
60	66
58	60
64	66
54	64
76	77
62	66
51	52
60	67
62	63
54	60
50	53
60	60
60	67
60	65
67	72
62	66
73	69
50	52
61	62
54	64
56	62
70	71
84	80
72	75
70	72
55	57
73	75
68	68
69	70
59	68
55	57
58	56
61	66
64	70
73	72
47	57
62	67
62	71
61	62
64	66
63	73
59	65
83	82
64	68
48	49
60	66
50	62
55	55
79	80
57	65
69	73
50	47
62	68
60	64
55	63
55	57
66	67
63	64
84	84
75	73
62	65
55	68
63	63
48	60
50	49
50	53
52	65
65	69
74	79
54	57
62	68
62	66
58	64
66	66
66	69
57	61
64	65
74	71
66	72
80	80
65	67
68	68
61	64
67	67
64	69
69	70
68	68
72	76
50	53
74	77
60	69
60	67
63	62
61	71
68	68
65	70
66	67
73	71
54	61
55	62
70	71
58	55
58	63
66	70
74	75
57	63
76	75
64	69
75	79
53	57
38	49
58	66
79	70
47	58
61	64
64	66
55	64
55	58
63	66
61	66
48	57
65	66
54	62
75	68
50	52
63	68
59	64
52	51
68	73
69	71
63	64
73	72
44	54
55	55
60	59
47	51
82	82
59	62
52	58
70	71
52	58
58	67
60	62
70	68
77	80
53	53
71	70
62	64
71	73
52	59
59	66
72	71
60	64
63	65
64	68
62	70
67	72
60	66
65	67
45	50
62	69
72	63
47	60
58	61
72	72
78	78
54	70
81	81
74	74
62	65
80	82
72	70
70	70
62	75
59	62
78	82
72	74
63	68
50	60
54	68
58	66
61	67
72	70
59	62
67	65
53	58
51	54
73	73
56	66
55	59
73	75
66	66
58	68
64	64
59	63
72	72
53	49
61	61
60	59
60	58
51	55
48	52
52	59
48	49
70	71
53	65
75	76
60	63
43	52
53	61
64	67
64	67
62	66
68	71
59	68
66	69
57	61
68	73
53	57
60	61
54	51
69	74
69	69
62	65
58	67
67	71
64	69
66	65
57	60
68	72
58	63
72	74
48	53
67	69
58	60
78	81
59	64
68	74
61	61
60	63
57	66
64	60
51	53
56	62
68	71
58	63
58	63
54	57
59	55
89	88
53	51
45	48
58	60
60	65
43	63
58	66
51	57
70	70
64	69
71	71
60	69
71	71
57	60
72	73
55	63
49	55
58	69
63	65
72	72
55	62
67	72
58	57
61	66
72	73
67	68
57	57
73	74
68	69
51	58
52	57
68	74
38	52
53	58
48	55
51	56
48	66
56	63
62	64
65	68
49	65
78	79
73	77
44	61
53	61
69	69
39	57
47	50
66	67
64	68
53	59
64	63
60	68
65	62
66	70
69	75
56	62
69	74
65	65
70	67
48	59
70	72
55	62
67	74
68	70
73	72
78	82
60	63
79	79
55	59
58	63
65	68
63	64
47	54
69	70
41	50
50	60
59	69
51	56
57	62
62	66
68	72
61	63
63	66
62	66
66	69
66	69
59	67
55	61
67	68
63	64
58	67
63	64
70	72
59	63
62	66
59	61
57	60
77	78
67	67
73	74
68	69
59	63
75	78
72	72
56	61
65	64
48	56
72	72
64	69
68	68
55	63
58	65
57	58
55	56
54	53
58	67
78	70
56	62
60	60
63	65
77	76
67	70
56	62
56	60
63	66
57	65
46	49
63	65
56	59
67	66
63	68
73	74
56	54
61	67
78	77
55	63
69	69
60	62
54	63
59	62
73	75
59	61
63	66
60	63
55	67
64	68
58	60
62	69
62	66
60	68
66	67
52	53
70	70
68	71
48	57
64	60
64	70
76	75
67	66
54	57
53	62
53	54
66	68
57	61
61	63
69	75
52	54
71	67
73	75
61	65
46	63
71	68
67	65
61	65
61	65
51	52
61	65
61	75
63	70
57	65
64	68
41	51
49	65
65	67
50	66
57	65
64	61
71	74
72	75
55	66
59	62
50	52
59	71
60	70
65	66
59	61
68	68
58	62
65	70
77	77
62	68
63	66
61	62
68	67
67	71
52	48
68	70
76	78
56	59
77	76
74	73
67	73
56	57
58	63
67	69
62	65
68	70
66	68
65	63
63	68
51	59
63	67
63	69
67	65
69	69
70	70
49	55
81	79
66	64
72	72
59	60
58	64
56	65
58	67
46	58
72	74
52	62
56	67
76	74
56	59
65	68
62	66
68	71
50	56
71	71
56	62
58	62
80	81
67	71
61	65
57	60
54	62
51	57
52	52
55	55
53	64
67	69
73	74
63	66
75	78
41	51
64	69
68	72
86	84
70	72
61	69
61	66
70	72
59	63
60	66
66	68
69	68
65	66
70	67
59	67
55	72
64	60
57	55
58	67
47	58
81	83
62	63
54	61
76	77
88	88
69	73
67	76
83	81
62	67
67	68
56	62
68	70
74	77
77	75
64	67
66	66
47	61
66	71
66	69
60	68
72	72
64	65
62	62
68	71
64	65
67	74
65	63
70	73
54	55
67	71
57	60
56	67
55	56
79	79
70	69
47	50
64	66
73	76
67	70
66	68
50	63
84	83
71	72
64	65
57	68
73	71
60	67
58	56
58	66
62	69
49	57
58	61
57	56
58	65
53	58
73	77
75	80
76	78
70	71
58	63
59	61
79	79
68	68
81	81
67	66
60	66
40	55
64	66
64	68
62	65
55	58
60	60
64	65
74	71
49	57
51	62
67	70
67	71
71	72
45	53
63	64
63	67
63	63
74	72
58	61
66	70
53	59
46	51
83	83
50	58
72	72
66	66
55	57
46	58
68	69
53	49
52	61
68	71
62	67
62	63
51	60
64	72
59	61
69	74
66	67
72	73
66	70
49	56
64	68
55	61
61	64
74	78
51	58
50	58
54	61
69	71
64	67
69	70
65	68
75	75
68	71
70	70
60	64
72	75
45	55
63	66
58	60
54	58
60	63
65	71
60	62
81	83
63	60
58	62
53	64
46	53
61	66
50	53
42	54
46	54
61	66
67	72
66	67
65	68
60	62
72	73
64	63
80	81
70	76
63	67
59	67
53	57
67	67
62	62
87	86
68	71
48	64
59	63
63	67
69	69
61	64
52	64
50	56
64	65
53	58
60	66
62	62
67	71
78	72
50	58
47	58
68	70
61	69
67	68
67	70
58	64
65	66
59	66
65	65
59	56
62	65
49	47
62	69
48	62
57	57
75	80
66	65
70	72
38	54
65	68
56	67
61	66
64	64
59	61
52	59
58	62
69	71
65	67
58	61
58	62
68	67
74	74
62	68
63	68
47	62
52	65
47	53
65	72
66	71
62	67
80	82
58	61
69	71
51	52
72	73
65	76
37	52
48	51
49	58
51	59
75	77
60	65
31	51
64	71
51	54
70	75
57	61
70	65
67	69
62	63
53	56
58	65
63	66
65	69
74	73
65	67
59	63
70	72
50	59
51	53
66	67
71	70
80	77
58	62
66	72
60	65
53	62
60	64
56	59
57	59
86	85
84	83
74	74
60	65
66	70
79	79
53	65
61	66
57	64
55	52
65	68
73	73
71	68
64	70
56	58
77	76
51	58
64	64
58	57
72	70
49	57
66	66
61	65
51	60
61	59
53	57
65	69
74	74
60	64
73	75
70	75
60	65
60	61
47	52
60	64
68	70
44	52
62	64
62	68
55	50
54	60
64	65
55	62
53	60
56	60
65	64
76	75
70	73
67	73
63	72
65	66
66	69
59	62
60	61
58	63
52	62
54	66
59	60
63	69
51	52
59	64
67	70
60	65
62	63
78	80
65	68
72	71
54	58
61	67
51	60
68	69
68	70
66	69
58	68
60	64
61	63
75	74
66	61
63	69
64	70
68	70
48	66
66	72
63	65
75	74
69	70
62	64
73	73
65	71
66	67
60	68
68	71
60	68
64	69
58	60
64	64
69	70
50	58
72	74
55	62
62	57
61	67
63	62
69	71
52	65
66	68
63	65
60	65
45	48
58	61
52	58
60	66
60	66
67	69
71	71
56	56
62	67
69	69
56	60
70	74
66	69
59	67
68	71
46	62
60	63
59	65
51	63
56	61
61	67
69	69
60	65
72	73
58	64
74	76
60	67
53	58
59	62
78	78
62	63
68	71
55	66
58	61
58	61
54	62
71	72
59	64
66	73
71	76
70	74
47	52
50	70
65	69
71	75
60	65
63	68
47	59
70	70
64	68
58	62
55	57
61	65
66	65
71	74
67	73
56	62
64	62
74	74
44	56
61	65
68	69
82	83
78	81
53	60
60	54
54	60
68	72
58	60
54	51
70	71
54	56
67	64
65	67
50	58
60	63
58	62
59	55
65	69
61	64
74	71
63	67
62	64
70	68
80	83
60	62
51	56
64	69
62	65
59	66
74	70
87	85
59	57
55	73
72	73
73	77
67	68
65	66
53	61
68	75
64	70
68	70
51	60
73	74
63	70
55	66
66	70
64	68
63	62
68	68
71	67
60	64
61	64
60	66
62	66
48	52
63	65
66	70
73	75
58	67
67	68
61	69
49	48
64	63
66	68
64	63
54	62
56	65
76	80
61	67
62	67
61	65
67	66
60	64
70	69
68	72
55	59
70	75
51	55
53	60
64	71
65	69
62	65
63	66
59	64
64	67
58	62
59	60
64	67
70	70
64	70
57	63
57	56
52	56
49	48
70	71
59	58
59	64
49	58
67	63
50	57
68	65
69	65
58	60
69	73
66	72
62	68
50	57
46	54
64	69
86	87
46	55
72	71
67	72
69	70
66	71
48	66
75	74
77	75
75	77
54	55
63	64
61	67
76	75
62	65
57	66
61	68
61	65
58	64
63	63
61	64
68	72
55	70
56	56
67	68
67	71
58	65
59	61
57	60
69	71
32	48
55	62
65	66
49	57
65	69
67	67
58	62
64	71
66	70
69	71
71	73
54	58
64	70
75	75
62	65
60	68
58	59
56	65
65	66
38	55
52	66
56	64
49	51
68	70
58	63
65	68
55	55
66	68
72	75
64	65
73	72
46	49
55	64
55	55
62	65
80	74
56	64
64	71
75	75
52	57
55	63
64	71
66	71
73	71
67	68
59	69
61	68
63	66
57	65
66	67
56	63
73	65
64	68
62	67
67	71
45	56
66	65
58	63
61	64
59	63
60	64
70	73
82	78
62	63
81	81
61	66
69	70
74	72
65	70
61	63
62	68
64	69
62	67
51	58
69	73
67	69
52	52
69	68
70	74
69	71
69	75
57	61
64	69
61	71
71	70
66	68
49	54
73	77
59	64
66	72
33	51
73	74
74	75
49	61
40	55
58	61
66	70
55	55
65	68
71	72
71	73
61	64
66	67
69	71
61	65
70	65
55	54
62	64
53	67
63	61
67	73
58	61
68	73
70	71
70	72
72	74
64	73
70	74
70	70
68	70
54	59
61	63
61	64
58	62
53	58
71	74
70	72
64	62
83	81
62	61
64	63
83	83
62	62
74	76
66	68
61	66
48	66
62	65
74	74
59	62
61	61
61	64
59	63
54	62
55	66
47	47
71	73
50	59
60	66
45	55
65	68
58	65
70	69
74	74
61	67
60	60
67	73
62	65
40	58
67	68
69	67
55	63
64	65
57	59
64	66
65	69
64	68
68	65
68	68
66	69
63	67
64	58
70	71
74	76
56	57
62	68
66	68
56	58
65	71
59	62
77	78
51	64
61	68
62	65
51	57
54	63
65	67
69	72
64	67
72	70
57	61
58	65
54	67
48	57
68	69
76	76
68	62
68	69
49	63
67	68
56	61
55	65
51	56
66	69
69	72
59	67
66	68
71	74
56	57
55	60
53	58
59	59
64	68
67	67
58	60
51	65
76	74
49	54
59	62
60	63
71	75
67	69
59	60
64	69
70	75
64	66
70	71
66	66
59	58
62	67
75	77
55	59
52	55
57	69
47	60
64	69
55	60
64	63
47	58
55	68
78	77
60	67
63	63
41	54
58	65
79	80
43	56
79	79
81	76
68	67
79	78
45	51
71	74
66	69
67	71
63	63
49	63
52	51
43	53
64	64
41	59
49	55
82	83
74	74
58	65
52	49
54	50
45	50
71	77
62	69
56	62
70	71
56	63
56	68
60	67
71	73
65	65
62	65
73	73
68	70
65	66
64	68
91	87
56	66
65	67
71	73
62	64
69	71
48	56
68	68
63	65
54	67
42	62
59	64
69	69
65	70
76	75
58	61
79	81
69	70
54	60
61	70
72	75
55	59
64	64
66	67
51	59
64	63
66	69
68	69
73	75
59	62
54	64
65	66
69	70
69	71
66	67
67	68
43	58
73	74
54	60
62	66
67	72
68	69
70	69
66	70
64	65
56	59
63	70
64	64
82	80
65	68
66	67
64	65
58	67
70	72
59	62
63	62
59	65
50	64
70	74
63	67
79	77
58	60
87	87
56	69
56	66
65	71
64	67
68	68
62	67
57	60
67	69
79	79
75	75
59	62
69	72
57	65
66	68
67	69
56	60
63	66
70	73
70	73
43	50
63	63
66	73
76	73
59	59
75	79
59	63
77	77
73	71
47	55
68	72
56	57
69	75
77	78
45	54
66	71
52	50
48	49
64	68
70	71
75	77
57	62
70	71
61	66
77	78
64	67
58	59
66	61
61	63
59	67
65	63
60	68
58	60
61	64
52	57
67	71
79	79
54	61
63	65
64	66
80	82
52	59
71	73
68	69
58	60
68	64
71	73
49	57
60	62
63	69
62	65
79	78
65	67
57	57
61	60
56	63
59	53
65	65
47	58
63	66
67	67
77	76
54	65
56	62
68	66
61	65
76	74
64	64
66	68
65	68
62	65
72	73
57	65
51	59
53	55
71	74
61	64
60	60
65	69
57	64
61	63
64	69
53	56
63	65
47	55
66	73
84	87
44	59
73	75
67	70
55	60
66	66
63	65
62	65
60	63
69	70
50	57
52	58
58	59
58	57
64	60
61	66
66	70
68	71
74	77
61	67
73	74
71	74
62	66
69	72
68	72
58	64
51	56
68	73
65	69
46	59
49	53
70	74
52	58
55	58
68	70
67	75
63	68
51	59
55	52
51	55
71	79
53	54
57	62
66	67
70	69
55	63
54	52
63	66
64	66
67	70
70	71
56	65
49	50
69	67
64	71
61	65
74	76
78	77
61	65
70	70
65	71
71	76
55	64
58	66
55	53
70	73
61	67
59	62
37	57
60	68
64	68
74	75
65	67
68	71
53	60
62	66
58	63
62	64
56	58
59	70
57	60
70	74
69	72
79	79
66	66
78	83
58	63
79	76
59	62
62	61
53	56
62	71
57	60
80	81
67	69
56	62
49	53
63	66
62	70
70	74
64	69
71	71
65	67
62	73
56	57
40	58
63	67
47	51
73	73
58	63
77	79
50	52
57	52
65	67
56	59
62	63
82	84
61	67
52	59
79	76
81	81
58	70
63	65
50	62
66	71
75	77
55	64
58	60
58	60
69	71
65	72
66	72
75	78
69	74
51	57
47	59
61	67
66	72
67	65
73	72
50	56
52	53
70	72
63	65
56	61
84	84
60	65
63	63
61	69
62	63
55	65
55	63
62	70
66	69
48	61
70	70
45	63
58	58
65	68
66	68
58	63
64	65
62	64
62	65
72	75
63	69
48	56
53	50
79	79
64	65
61	61
61	62
73	74
66	70
58	59
57	63
60	64
73	73
63	68
60	66
47	59
55	62
64	66
74	72
67	72
65	64
69	74
68	65
62	60
62	69
48	50
64	72
77	78
57	55
73	74
64	63
66	64
57	69
74	77
61	60
72	73
65	65
60	67
63	68
73	76
82	83
68	70
65	66
62	64
59	62
63	65
76	77
61	62
76	78
68	71
58	61
49	56
59	65
71	68
50	62
61	66
62	63
50	47
67	73
47	59
58	62
55	58
64	63
62	72
53	55
68	65
74	78
53	57
53	57
70	70
67	71
75	75
62	68
59	61
66	68
58	61
48	57
49	60
63	64
62	64
75	74
65	65
70	69
68	73
65	69
70	71
68	71
47	55
62	68
79	77
63	67
79	80
48	60
70	72
59	67
63	67
63	66
66	66
60	69
63	67
52	56
51	63
64	66
57	62
78	79
61	62
62	68
76	78
60	63
61	66
71	64
70	74
64	68
55	63
51	60
53	55
58	64
55	60
42	53
76	78
64	56
64	73
86	86
58	63
60	63
45	51
52	60
53	63
54	64
75	75
49	53
72	70
50	55
74	73
76	77
60	70
66	68
76	76
56	59
67	68
50	48
58	61
54	65
76	76
65	71
58	63
72	74
63	63
68	70
58	60
78	78
70	70
51	63
47	58
54	61
57	61
51	62
55	59
66	67
57	61
64	68
56	59
57	59
53	55
62	67
73	77
68	67
57	60
66	69
78	74
62	66
72	74
57	63
66	65
68	72
83	84
58	61
57	65
68	70
71	70
59	63
66	75
69	70
69	70
64	66
60	67
63	67
64	68
62	67
57	58
71	74
60	65
62	68
67	72
66	69
71	73
49	52
51	58
76	76
71	70
55	65
44	59
53	61
59	66
54	59
60	63
70	70
61	64
74	78
63	68
62	67
62	64
64	65
67	67
60	62
60	66
80	80
63	67
