81	71
73	61
64	68
56	52
82	67
64	59
69	76
71	68
70	60
71	70
87	62
55	72
74	54
65	67
76	73
53	66
73	67
44	64
70	70
92	74
53	63
78	68
69	70
76	67
62	49
74	68
59	52
79	68
60	65
70	65
61	59
84	74
52	73
65	51
47	70
61	68
80	67
66	74
53	76
62	60
81	73
78	81
70	63
93	67
55	65
58	61
69	67
51	70
77	65
84	61
33	57
77	77
55	48
63	63
62	61
69	69
61	66
74	64
74	75
90	68
67	80
57	62
68	51
49	70
74	70
76	75
41	65
89	79
58	61
70	73
87	66
63	68
60	47
68	80
59	60
55	63
79	70
61	53
85	71
78	69
53	63
67	66
74	63
52	68
49	52
88	78
76	76
78	71
76	73
68	53
81	73
79	61
59	61
69	69
74	71
76	61
67	67
69	61
59	63
73	64
77	64
69	74
79	82
82	72
80	65
84	62
56	70
54	73
67	70
69	59
50	80
52	48
63	59
76	67
86	73
83	77
69	63
55	71
55	51
68	62
58	62
76	70
71	73
80	75
71	65
66	75
74	64
73	71
61	59
70	58
62	75
79	83
83	67
78	78
58	54
76	68
75	63
57	71
86	66
65	71
68	52
76	70
75	79
72	71
73	57
70	69
69	63
65	68
66	78
65	62
69	53
83	67
66	53
73	64
67	51
73	61
68	70
66	75
71	68
72	72
62	56
57	66
61	59
77	65
80	69
86	64
34	72
78	74
65	74
77	61
63	59
75	62
68	52
64	58
57	70
52	53
79	62
43	72
57	70
54	69
69	70
69	68
52	63
65	62
71	75
72	81
64	61
67	62
39	61
58	71
64	61
67	64
63	64
67	67
74	65
74	55
68	61
78	67
82	65
75	73
70	67
33	76
57	56
67	65
47	66
62	63
69	57
41	77
78	67
59	73
68	57
68	64
76	60
77	67
59	72
75	71
80	67
75	73
61	62
64	72
66	70
59	70
59	58
74	62
69	62
62	62
64	75
65	66
55	68
81	68
69	72
57	58
77	57
74	68
67	70
69	66
70	57
78	67
80	70
90	74
74	63
64	60
67	69
68	76
72	61
69	65
52	65
78	68
79	59
73	66
75	55
61	70
74	62
53	68
82	63
50	73
50	65
78	73
35	71
81	67
71	63
87	63
80	59
62	63
78	69
74	64
72	66
63	61
83	73
64	63
72	69
74	70
68	56
66	62
68	59
74	62
65	61
67	67
88	60
62	62
62	67
69	70
74	65
59	73
70	60
60	61
76	72
59	59
77	70
82	58
75	70
62	73
75	58
81	66
73	61
74	59
67	74
80	73
66	63
66	70
67	56
73	58
83	65
65	64
64	62
56	61
66	69
63	49
72	61
67	65
56	66
64	61
78	71
60	73
62	62
58	64
66	73
79	84
69	65
75	75
69	55
60	65
69	69
70	82
79	63
43	65
65	47
79	74
72	62
65	57
66	68
56	59
61	58
62	47
76	70
67	66
44	62
87	80
77	82
75	74
75	70
79	60
65	65
56	62
69	61
52	65
77	67
78	75
60	73
86	82
71	65
74	61
75	65
66	60
85	79
84	65
70	64
77	63
59	68
78	68
74	73
64	68
74	81
74	57
38	64
65	74
80	60
72	69
78	52
82	83
68	65
50	70
67	58
70	64
68	62
73	58
73	82
69	63
69	76
81	68
59	71
82	71
72	64
66	64
50	61
47	66
60	70
44	66
62	66
53	47
61	65
81	66
62	56
81	66
72	82
61	69
87	67
76	69
65	59
70	66
70	54
70	63
65	63
65	71
56	78
75	68
95	73
86	63
80	61
67	75
75	70
69	74
67	67
40	64
71	61
73	62
71	62
62	66
82	79
79	64
67	68
52	69
67	66
69	61
68	68
76	65
53	61
66	65
65	62
72	77
60	74
71	55
66	58
66	72
63	61
58	57
70	63
75	64
78	65
72	69
72	62
62	73
66	63
68	63
69	61
68	74
61	52
72	58
68	62
53	67
76	70
78	66
73	64
89	78
80	76
70	57
71	77
61	57
68	56
62	57
72	74
54	58
69	57
69	63
71	65
69	72
66	68
67	69
76	67
55	59
37	62
77	65
59	67
67	67
71	63
68	70
65	68
63	74
66	59
75	64
74	61
80	68
54	71
64	68
45	58
62	66
53	51
72	72
63	55
63	66
66	62
82	70
71	75
68	64
75	65
68	62
54	77
64	68
84	86
79	75
48	70
66	64
81	61
83	69
72	55
69	69
86	73
70	60
79	68
83	64
71	65
81	78
64	61
65	72
56	67
82	63
65	77
58	67
82	75
73	67
69	72
83	76
77	72
66	62
70	62
71	59
67	69
90	78
66	61
72	60
66	72
62	78
72	67
71	75
78	68
64	71
71	69
73	78
63	72
56	69
81	73
60	58
68	65
51	64
79	61
62	58
72	73
75	70
85	70
75	66
91	66
82	69
70	69
72	79
56	62
84	64
63	58
66	51
54	51
81	78
69	70
67	68
69	68
71	64
77	65
37	75
69	59
83	62
72	54
58	68
55	56
73	62
67	65
67	70
61	63
84	68
73	59
79	60
58	59
70	69
56	82
71	66
88	70
67	61
48	65
64	57
90	64
68	53
73	69
81	72
66	64
66	75
61	66
70	73
68	54
77	65
77	61
68	59
59	66
68	60
40	67
77	74
66	47
63	57
45	76
64	60
80	75
86	61
54	65
83	65
82	82
80	75
65	74
50	74
72	60
70	60
65	77
74	71
73	68
63	62
77	64
65	47
77	65
74	64
88	75
79	78
51	59
75	62
68	61
67	65
74	59
69	62
74	70
66	64
71	75
66	68
91	89
78	69
69	62
64	62
71	70
80	78
70	65
72	53
68	58
51	66
74	64
67	62
76	60
82	63
53	68
67	61
62	70
63	58
63	67
57	51
81	74
76	75
81	69
77	72
69	69
85	67
52	74
67	56
67	67
77	62
64	62
70	70
81	79
71	59
70	58
60	52
81	64
75	68
64	57
75	58
76	65
90	66
80	70
64	77
80	59
68	69
50	59
79	69
62	64
77	64
80	81
89	71
65	65
58	65
66	66
69	58
82	69
77	73
69	55
70	73
72	67
72	72
73	70
53	71
82	62
69	63
72	70
70	68
68	68
78	63
59	64
66	59
77	66
43	67
69	78
59	56
70	67
68	59
88	68
70	69
68	75
62	64
69	89
80	68
48	59
84	75
69	69
69	65
68	65
68	71
88	68
52	63
70	74
70	73
69	64
84	75
78	66
51	54
53	54
67	67
77	70
58	69
90	70
67	73
70	70
65	73
76	71
70	60
62	62
71	64
43	60
73	65
74	64
92	71
71	60
75	58
67	55
61	60
52	67
51	63
65	68
52	52
69	62
75	71
82	68
78	72
80	64
55	54
66	55
79	74
68	69
76	68
80	68
54	61
72	65
67	69
67	61
80	65
55	59
65	79
64	57
76	76
83	66
73	62
70	54
72	68
92	87
84	73
71	66
68	63
81	66
55	57
64	74
77	73
62	68
66	66
75	66
83	72
74	77
51	73
71	57
70	74
66	69
52	63
74	62
70	58
46	68
68	76
66	60
77	74
63	47
72	67
65	66
64	58
79	64
72	69
93	69
80	69
84	71
64	69
72	69
60	67
51	69
70	70
64	62
55	57
65	76
77	75
74	61
67	64
81	73
80	68
63	66
68	58
63	67
61	71
78	73
71	68
64	67
67	80
73	61
94	69
54	71
75	71
50	68
61	69
69	67
68	52
80	74
66	67
79	68
62	53
62	60
65	57
46	66
69	64
72	58
60	59
73	66
54	51
84	67
53	64
83	70
72	63
80	67
38	69
52	62
60	65
52	58
79	66
55	55
67	77
54	60
65	60
77	71
60	70
50	65
72	52
59	54
70	73
69	56
79	61
58	59
58	61
68	69
72	75
62	59
67	77
75	63
70	67
84	69
69	64
75	71
57	58
71	66
60	54
80	70
86	63
64	58
56	54
61	57
78	78
90	69
60	57
62	65
64	68
68	60
76	67
81	76
71	66
81	63
44	70
54	69
62	74
45	49
83	82
52	60
73	68
61	60
47	61
55	55
55	71
53	75
66	69
61	66
50	65
66	73
66	72
67	66
65	60
87	81
68	67
60	65
67	66
72	70
65	60
90	70
81	66
45	65
72	74
62	62
70	62
55	66
67	78
76	66
66	58
63	54
73	67
78	70
67	64
83	72
73	63
69	69
71	60
81	69
83	69
74	73
62	63
77	84
54	73
55	82
55	63
65	77
72	64
64	71
47	51
59	65
54	70
69	63
81	63
71	58
58	65
63	73
58	63
45	67
61	72
87	77
81	72
91	75
67	67
74	72
66	86
69	60
75	87
74	75
87	67
76	67
75	69
66	64
54	53
45	63
87	68
73	59
86	79
66	59
86	62
68	64
36	76
68	65
82	68
67	72
58	61
79	80
83	78
58	60
78	78
57	64
66	56
64	56
68	69
40	73
68	66
54	53
72	65
55	62
74	58
63	58
69	73
81	69
69	62
76	70
72	72
64	67
62	65
68	67
86	61
68	58
64	80
74	75
74	75
56	71
61	66
65	65
67	56
61	49
93	75
68	56
75	56
66	70
75	65
68	67
65	67
54	67
79	59
56	60
74	54
81	72
66	67
63	67
81	63
64	53
63	64
52	50
70	58
86	64
39	64
69	78
61	64
69	70
71	53
60	71
71	60
63	60
77	77
67	68
72	53
74	65
73	60
56	77
66	65
81	79
78	82
60	58
94	65
90	68
61	67
69	79
72	68
71	61
52	68
69	63
78	61
69	68
61	63
71	73
65	63
80	67
54	65
69	62
82	67
70	63
72	64
76	64
76	67
86	78
74	70
88	69
64	65
85	64
59	77
74	66
53	64
80	72
67	63
80	70
60	55
74	69
61	62
82	68
84	70
73	66
67	60
65	68
39	68
67	64
55	70
58	58
65	61
74	64
60	55
84	65
47	65
76	69
76	77
89	74
67	73
75	67
73	62
55	68
56	54
69	60
81	68
68	70
71	62
69	68
62	56
55	54
71	60
70	52
88	77
67	62
40	67
90	75
84	61
72	70
73	74
80	69
69	65
83	65
64	72
67	65
72	68
61	67
47	67
65	90
77	69
79	68
76	69
72	57
58	79
70	62
79	74
64	70
58	69
62	69
71	60
73	67
79	85
87	69
79	64
67	63
52	65
62	55
72	51
73	64
64	72
57	58
67	66
64	64
41	75
59	58
58	64
75	66
81	72
62	69
55	76
47	67
72	76
53	82
54	58
53	68
85	65
59	82
82	70
76	68
58	62
59	60
64	62
68	64
66	60
78	71
73	63
62	70
77	62
67	63
66	55
66	64
39	71
84	63
69	77
70	63
63	68
74	63
68	63
73	72
67	61
54	63
67	60
66	62
58	66
72	59
66	74
55	65
78	66
76	67
80	67
73	74
73	64
71	61
72	65
84	77
55	67
62	60
67	64
80	72
67	60
75	56
67	60
78	67
68	62
74	72
60	65
63	56
64	66
51	62
90	70
56	67
68	66
78	61
65	73
70	66
67	70
76	52
80	64
73	66
70	64
80	71
74	67
65	58
84	70
79	74
54	64
72	65
54	61
88	68
76	59
64	66
52	62
71	74
54	57
48	68
72	68
72	66
60	57
82	76
55	70
60	62
63	65
63	68
65	76
72	69
85	71
64	83
40	66
57	67
81	74
65	68
62	66
70	57
85	82
78	58
81	61
62	68
62	65
73	69
65	73
61	70
80	58
68	69
67	64
60	52
66	70
58	60
79	71
64	66
76	67
72	68
74	68
65	66
65	68
70	69
83	74
67	64
63	64
55	66
79	55
68	67
69	74
41	79
67	67
72	69
63	66
76	69
63	64
82	69
50	54
82	64
65	59
71	68
65	65
78	73
70	56
64	61
63	69
93	71
70	67
79	68
76	72
73	71
77	58
68	64
51	63
43	65
52	72
75	65
62	67
72	69
67	77
87	65
42	50
36	67
70	68
62	64
72	65
82	56
73	54
81	67
81	72
65	63
52	70
74	69
86	76
66	65
57	67
74	65
70	75
52	74
66	71
79	60
53	56
56	67
71	68
64	61
87	82
74	65
69	75
64	74
71	69
69	61
41	74
60	66
75	71
45	53
68	53
90	73
78	67
68	64
79	79
70	61
48	58
56	64
86	68
77	58
79	66
52	69
80	68
73	82
55	68
77	74
50	52
77	73
78	68
63	65
82	62
58	52
45	63
64	67
54	68
58	62
66	73
90	64
70	63
81	66
68	64
81	78
87	72
69	57
74	65
67	73
76	61
55	64
64	68
80	64
67	66
78	69
71	55
71	56
69	63
66	62
36	49
69	63
81	70
86	63
66	48
64	58
71	60
67	66
82	73
80	65
65	61
74	62
67	64
77	73
45	67
72	68
66	69
43	72
54	56
74	57
86	69
66	54
85	81
86	71
65	47
55	53
65	64
76	72
45	57
65	65
59	59
73	66
72	62
46	59
75	69
53	60
48	70
55	68
75	69
60	64
61	59
70	67
66	49
63	64
53	61
54	65
80	61
61	56
49	63
54	68
66	65
68	69
70	69
69	48
82	70
69	58
59	64
41	66
57	62
68	62
78	68
71	64
54	63
73	65
66	66
55	65
75	64
65	63
62	65
50	77
71	68
74	64
70	63
67	63
72	62
69	63
72	63
64	56
73	67
63	63
95	89
58	56
68	61
60	67
34	69
53	65
41	66
62	74
78	72
68	73
69	61
44	68
72	65
89	61
65	67
55	60
76	72
76	53
70	59
75	66
80	63
69	66
88	72
65	78
69	67
61	59
64	56
70	62
85	71
49	64
74	68
74	67
94	77
82	60
32	62
77	71
63	49
90	72
78	69
34	67
70	62
66	70
51	61
69	69
68	63
82	74
58	56
53	67
70	60
71	63
67	66
61	61
63	76
73	80
67	60
34	68
68	63
52	58
69	59
73	64
78	81
77	72
73	65
66	65
59	73
76	82
55	65
51	63
87	74
30	73
83	64
50	66
69	66
80	65
68	60
65	58
66	63
67	79
66	68
57	59
65	50
63	59
58	58
83	63
75	64
55	67
68	62
78	55
67	62
66	77
83	65
55	70
66	68
69	56
63	67
75	68
72	62
49	67
78	61
79	69
78	70
65	66
75	78
64	62
68	67
48	63
65	77
37	71
75	68
82	73
72	74
64	72
50	64
82	69
66	58
76	76
85	72
69	63
68	72
54	68
64	76
78	72
43	70
58	56
81	74
76	81
61	69
74	65
77	72
85	72
50	50
88	76
74	68
73	66
61	59
74	68
67	66
77	64
66	64
59	62
66	65
76	81
81	67
74	50
61	62
54	62
62	69
67	70
69	64
69	64
40	67
60	62
55	79
83	76
52	63
74	73
65	60
46	50
71	64
80	69
67	57
79	68
70	62
63	59
69	58
81	65
47	62
59	47
73	63
63	51
87	63
74	63
69	71
43	71
95	70
67	59
69	67
71	69
70	63
67	66
75	64
52	66
61	61
83	62
82	80
71	71
66	79
78	54
67	77
80	66
64	66
52	65
70	63
66	64
66	52
49	62
78	55
54	66
74	69
58	63
80	69
68	60
84	79
78	80
62	59
72	66
73	64
76	67
72	72
55	68
68	64
56	59
70	64
73	68
50	74
68	67
62	67
76	67
62	62
77	87
70	67
72	65
83	73
66	51
66	68
77	72
71	57
39	72
70	73
65	62
64	56
47	64
65	66
67	60
34	71
79	57
86	71
68	74
77	68
59	63
39	77
60	61
74	77
63	57
72	67
82	71
86	70
76	60
66	65
77	68
51	69
80	66
84	72
54	60
63	68
59	61
66	62
66	69
55	62
64	67
68	74
69	67
72	75
69	67
77	62
57	68
71	76
81	73
58	61
54	61
59	68
78	66
39	64
62	57
67	67
74	55
64	60
72	72
66	54
80	74
73	68
66	68
62	55
73	66
84	82
65	51
64	61
51	72
61	55
52	64
64	53
69	75
67	60
80	88
74	63
63	62
77	78
67	69
53	71
68	62
74	67
71	60
70	61
67	72
78	62
65	64
76	59
64	62
63	71
53	60
75	71
70	70
32	66
73	75
86	83
68	71
73	77
71	73
68	57
55	60
75	63
76	60
65	60
76	70
68	53
63	68
62	63
54	66
75	65
70	57
74	71
79	74
73	74
92	64
71	64
56	63
54	69
80	71
50	70
70	69
39	66
68	62
66	52
75	77
80	66
41	60
70	61
84	75
55	62
56	60
66	67
66	70
63	65
71	63
68	62
73	78
73	65
54	63
75	72
66	71
70	57
63	71
84	61
69	70
55	57
64	55
78	59
79	76
61	60
83	73
64	70
61	68
69	61
55	59
71	65
77	70
65	61
74	65
65	54
59	55
68	66
37	63
82	72
71	65
72	57
57	62
79	62
80	65
67	64
55	64
92	73
66	60
62	65
55	84
81	77
64	64
51	67
73	61
40	63
63	67
69	56
77	69
68	64
58	60
69	56
74	69
71	65
73	71
61	73
79	73
88	72
63	64
47	64
70	70
84	77
65	67
60	72
57	65
56	68
77	57
87	82
68	54
77	76
65	63
75	79
82	67
72	74
57	71
61	48
83	65
34	67
63	77
89	73
72	63
67	57
64	71
67	64
67	73
89	76
74	70
72	66
86	71
81	69
81	63
60	66
86	57
76	52
71	66
73	55
90	77
75	66
76	69
54	64
77	62
71	66
71	67
60	61
61	69
60	80
79	64
79	67
73	74
77	79
54	59
75	66
48	68
68	73
84	72
64	57
71	71
84	77
54	67
75	80
78	73
66	59
68	53
77	66
69	60
48	64
68	62
54	66
59	64
79	61
65	59
66	62
53	58
71	65
82	63
79	62
63	72
83	67
90	70
80	72
71	57
69	56
65	64
87	84
77	76
74	63
80	66
67	65
67	58
72	53
83	89
72	66
64	59
81	73
82	73
52	53
83	64
77	64
72	70
82	74
69	70
87	69
70	58
76	76
53	65
74	70
76	70
65	56
72	57
86	67
68	82
76	65
67	54
73	64
76	80
69	58
72	68
64	63
74	82
85	74
72	62
72	78
62	61
77	73
66	75
63	63
70	70
68	61
67	61
63	53
83	78
56	72
77	78
86	77
60	78
34	68
55	64
72	68
64	67
51	66
63	68
82	65
63	61
73	75
58	59
67	63
76	70
84	69
80	67
72	66
73	62
68	62
80	71
69	79
61	64
83	69
42	59
63	51
55	53
78	66
69	58
72	62
52	53
70	72
74	62
71	68
60	47
56	58
64	68
79	81
69	65
87	71
85	65
74	67
80	61
81	66
71	61
60	64
83	58
67	74
66	74
81	70
69	62
80	79
74	72
84	61
79	55
51	59
71	71
70	62
58	52
55	68
45	69
69	59
85	69
79	76
68	69
63	70
65	61
79	82
80	67
74	65
83	75
77	71
64	66
71	67
76	62
69	62
64	61
76	68
70	66
80	75
70	72
73	63
55	62
77	63
64	59
76	63
63	62
72	62
83	66
62	62
77	60
82	68
91	68
58	60
69	69
62	68
50	65
82	78
91	66
74	69
60	57
56	62
65	69
66	68
55	73
82	66
56	68
71	85
89	68
60	66
54	64
76	60
66	61
67	67
78	68
44	65
67	67
67	73
62	64
57	58
67	62
77	77
55	79
74	60
87	68
53	48
62	54
85	66
72	72
67	67
48	60
67	62
69	64
64	83
66	67
76	76
82	69
85	67
81	71
45	74
53	51
63	58
84	66
71	68
68	62
69	59
51	73
66	65
70	69
58	70
66	58
34	76
65	65
72	67
69	63
75	72
67	55
50	66
64	70
77	72
88	67
70	60
90	64
88	72
63	62
82	76
77	66
34	67
86	67
71	66
39	65
66	67
69	74
83	74
55	55
73	63
72	72
65	53
87	65
48	71
75	66
74	63
84	64
77	70
52	52
60	70
56	73
68	70
62	67
56	78
62	71
74	62
77	65
34	59
46	57
55	61
63	53
75	66
73	55
68	61
65	69
56	69
73	74
75	59
57	60
71	64
53	63
87	63
83	79
79	72
60	66
66	64
72	75
67	59
71	63
68	70
78	70
65	73
60	68
78	67
73	64
62	62
31	67
55	69
59	62
64	58
72	63
56	62
59	69
60	68
55	54
60	47
50	77
65	64
70	58
84	70
63	51
57	58
59	67
39	57
76	61
67	57
90	78
83	68
76	63
61	53
74	80
39	78
69	70
60	67
62	59
80	58
77	61
70	64
68	66
73	79
61	67
74	59
73	82
66	68
77	72
51	59
72	57
73	64
55	64
54	59
65	57
70	76
83	61
50	71
71	65
65	68
53	70
57	67
82	68
92	70
67	67
77	78
72	65
62	59
71	69
64	58
62	77
80	73
54	68
74	60
65	57
78	82
30	63
82	69
49	70
49	75
74	70
73	71
67	57
55	67
76	64
69	64
69	67
69	66
71	60
93	70
67	66
62	68
77	72
72	59
58	73
52	67
83	62
77	63
72	62
75	71
63	69
75	63
92	72
66	73
65	77
70	70
61	60
80	77
72	70
74	56
75	70
67	66
66	61
58	56
36	65
84	72
75	62
65	65
76	74
75	70
50	72
74	72
60	47
64	79
64	70
63	61
67	69
71	62
55	51
66	65
70	60
34	60
75	55
75	66
70	67
80	68
60	61
75	64
84	63
77	62
69	50
66	66
75	70
86	72
54	63
85	67
70	59
56	56
85	82
66	60
62	51
84	69
75	68
80	71
62	55
62	63
63	66
67	62
69	69
85	73
68	73
69	69
71	71
71	76
78	66
73	63
63	64
54	65
71	76
81	66
74	63
69	65
75	66
61	62
66	63
81	73
63	70
63	74
90	71
65	60
82	69
69	67
62	68
52	75
73	70
72	61
67	79
55	50
72	56
69	66
76	66
67	58
70	57
58	69
52	67
67	65
63	56
70	69
61	57
70	55
67	64
65	62
70	67
64	64
70	67
87	75
74	71
83	54
76	71
92	78
75	73
68	66
90	58
72	74
74	66
66	72
63	60
71	71
68	72
73	79
73	76
67	67
70	68
70	65
82	69
60	56
63	57
75	62
79	73
80	68
61	53
75	66
80	77
76	65
55	52
67	68
67	78
80	68
63	68
71	65
42	63
68	63
68	75
61	66
69	69
76	69
82	67
79	77
77	60
66	67
66	55
82	77
74	63
70	71
59	61
86	77
75	71
73	68
64	66
66	65
77	77
73	71
54	72
34	68
72	71
70	64
68	75
75	67
72	70
73	53
67	59
66	71
70	69
49	64
60	53
72	62
68	65
73	66
68	52
64	54
67	69
80	66
53	69
72	67
75	66
73	58
64	70
80	64
64	63
62	72
34	61
58	63
77	76
50	73
66	65
64	63
84	70
71	63
64	68
82	65
64	62
83	70
59	69
70	72
75	75
67	68
69	74
76	67
81	59
69	69
59	69
59	58
79	66
54	71
49	69
76	76
68	61
61	64
75	67
64	68
80	70
90	62
65	68
69	74
88	75
62	74
69	65
76	69
84	68
58	62
49	79
74	75
83	81
66	61
79	72
67	72
52	67
77	58
67	57
84	68
61	47
74	58
82	68
74	58
56	67
72	76
74	59
64	59
69	61
75	69
64	68
83	72
72	71
69	52
55	64
76	64
31	68
56	81
56	69
54	53
67	55
66	62
66	47
80	59
75	69
50	68
63	64
68	56
67	70
85	74
72	66
74	68
68	64
62	59
55	60
56	65
71	67
51	62
65	67
71	67
65	71
68	67
73	58
56	79
63	67
49	74
89	68
87	76
59	69
81	57
66	62
69	55
64	56
72	65
73	62
67	61
70	72
68	55
67	75
47	63
81	64
80	81
62	59
72	66
86	76
72	70
70	57
77	77
77	65
86	82
58	54
66	71
59	61
69	55
74	69
57	64
62	68
70	57
89	82
54	61
74	68
71	60
69	67
69	55
81	65
65	65
53	66
70	62
51	62
75	74
60	66
53	68
64	64
82	72
67	58
61	60
44	68
66	64
75	66
90	72
74	60
60	62
74	62
71	79
35	70
72	73
63	74
52	63
65	76
77	73
70	60
76	59
78	70
48	60
62	60
68	64
77	57
73	58
70	65
59	52
66	58
62	66
68	64
66	60
77	65
81	68
68	68
72	68
67	63
70	59
56	73
73	74
35	68
69	67
65	61
85	70
75	64
69	79
74	70
62	57
65	70
76	56
79	69
48	66
64	69
59	61
65	67
75	60
62	70
66	53
63	48
57	71
78	65
75	69
76	60
69	71
68	66
54	67
68	74
69	70
71	71
69	60
63	57
75	72
62	71
71	66
89	71
58	61
66	67
73	68
58	59
73	66
65	77
81	72
73	69
74	72
86	61
63	60
53	72
65	66
59	58
60	49
59	63
59	62
65	74
66	71
80	82
65	72
80	79
54	70
82	65
92	78
71	60
66	53
79	63
64	65
73	66
64	70
76	66
76	65
68	56
80	65
62	58
64	67
63	62
80	76
72	75
74	66
89	72
76	68
78	66
67	60
63	63
82	62
61	64
73	74
74	88
56	67
67	68
82	67
72	62
67	59
71	69
75	74
85	65
80	69
65	67
70	69
49	72
73	71
89	80
77	67
65	50
60	48
66	64
62	66
84	66
53	83
68	65
66	75
57	71
66	62
65	63
67	60
56	63
59	66
54	62
69	70
74	67
65	64
64	71
79	69
73	55
68	63
90	67
53	62
82	72
61	59
65	70
78	65
45	65
72	58
64	65
70	71
61	65
68	70
59	69
75	70
69	62
90	69
72	57
69	61
72	64
78	64
89	59
70	63
79	73
53	84
62	68
52	70
72	85
64	61
70	70
60	68
84	82
83	72
72	61
74	72
58	57
64	61
77	79
68	57
71	62
76	64
80	65
80	69
78	74
73	73
73	70
69	76
71	64
82	66
70	75
65	53
54	66
66	64
67	63
85	72
92	68
79	67
52	63
81	66
74	59
74	60
62	69
81	62
82	63
71	73
65	63
58	62
52	71
72	62
60	62
64	63
45	69
71	61
55	72
65	67
80	70
73	60
69	61
73	69
73	62
37	64
52	56
65	70
48	64
64	69
69	74
66	58
70	72
63	59
67	68
64	68
69	63
64	61
76	64
71	59
63	60
68	69
68	69
58	58
80	70
85	68
81	63
72	70
60	61
68	70
60	47
75	65
83	54
62	58
77	62
60	50
75	68
76	72
52	78
87	82
72	61
66	53
74	72
76	67
32	62
61	70
75	65
61	68
68	76
66	52
62	65
63	68
80	70
68	67
76	68
77	65
83	60
71	73
72	59
76	62
75	68
69	60
83	69
53	58
78	66
80	65
68	68
69	60
72	58
54	73
70	61
72	74
50	63
84	71
69	70
66	62
61	70
57	78
70	54
77	69
66	68
63	64
61	57
62	56
78	77
56	69
81	63
48	70
72	63
54	71
59	69
62	59
72	54
64	50
54	70
75	67
76	62
68	60
67	68
60	60
77	71
70	68
76	69
68	63
75	68
84	79
61	63
71	63
77	73
55	64
50	72
90	78
68	57
83	61
83	76
71	63
33	60
67	67
69	74
66	63
77	68
36	67
77	67
32	63
69	68
85	68
65	63
74	80
75	72
63	63
76	65
82	72
92	90
70	67
77	78
85	63
54	78
70	75
71	72
60	75
73	61
80	66
33	68
90	64
74	64
81	63
81	70
70	58
58	64
50	67
67	52
89	69
66	67
74	79
53	77
69	63
39	66
82	67
51	53
83	75
64	62
55	68
74	69
86	87
77	74
81	67
84	55
65	66
64	63
67	70
55	63
75	80
53	53
75	64
73	73
61	61
75	62
89	68
73	77
68	75
48	72
62	52
70	74
53	70
67	64
88	66
44	65
76	63
66	79
81	68
62	61
72	53
55	63
68	68
85	64
58	67
50	62
58	58
70	72
76	68
70	66
67	59
59	67
63	70
65	62
63	71
81	68
64	77
72	75
55	55
65	71
75	62
75	83
71	56
55	72
82	67
68	64
70	67
73	56
72	69
68	69
70	56
61	60
86	67
65	68
78	56
85	75
65	67
62	66
94	70
60	70
80	60
51	57
82	73
76	67
78	74
66	75
67	69
64	60
63	57
68	63
75	68
78	66
69	68
78	67
59	55
61	67
66	69
67	64
60	54
75	58
65	84
56	60
79	72
63	59
66	78
34	80
63	67
82	77
93	75
53	63
90	68
69	70
67	77
85	67
67	63
62	58
76	74
71	66
68	59
90	71
65	58
74	65
52	68
67	58
59	53
74	75
68	58
83	74
68	73
63	62
68	65
65	57
76	61
69	73
63	61
83	65
73	67
83	82
67	54
56	70
82	70
79	75
59	51
53	54
67	65
60	61
65	61
57	55
85	72
73	70
81	64
66	66
82	72
75	72
65	57
74	73
80	64
68	57
80	71
42	74
71	71
65	63
80	62
77	64
63	67
83	75
69	65
67	62
65	65
86	74
68	59
83	65
51	69
63	59
72	55
69	62
76	62
72	74
75	66
65	60
73	60
67	59
86	78
69	59
34	66
82	74
70	69
47	70
72	64
66	62
80	68
65	60
66	66
68	63
81	72
70	57
75	76
71	64
76	64
70	63
85	73
94	81
75	64
71	73
76	77
34	68
70	65
76	70
71	55
83	71
70	68
74	66
69	57
64	70
66	71
87	69
58	69
74	64
55	58
70	64
53	65
66	71
88	69
72	66
61	56
71	68
40	67
76	73
51	68
66	66
57	55
76	65
56	59
60	50
77	69
74	72
73	68
63	67
53	64
70	68
70	60
80	72
71	65
71	69
68	61
82	75
68	61
50	68
74	74
78	71
59	60
52	63
76	56
50	48
77	75
70	57
52	61
81	66
66	61
93	68
70	78
72	73
90	75
66	65
67	58
62	63
61	59
67	70
35	68
70	65
67	56
68	68
62	78
72	73
66	68
74	63
68	71
70	67
71	70
81	71
69	63
62	66
69	67
66	67
82	75
69	61
65	59
68	59
70	68
53	56
77	59
76	68
84	72
72	66
68	60
82	79
76	71
69	60
65	70
49	71
59	58
50	70
54	56
59	71
75	64
74	60
61	57
30	76
71	57
63	65
69	64
56	64
84	71
57	51
75	79
65	68
45	67
66	65
64	64
67	58
83	59
70	65
68	69
92	70
57	56
87	71
60	67
62	69
51	51
56	51
79	67
56	63
63	72
69	59
88	71
64	65
66	76
75	65
69	66
84	63
79	72
53	62
53	62
65	68
66	62
75	78
78	67
76	84
50	69
69	51
79	72
73	64
64	69
84	66
65	57
65	64
53	62
76	61
33	68
79	76
78	74
83	67
53	70
48	66
64	58
83	67
60	51
70	64
58	52
77	60
70	63
70	64
66	57
60	74
84	67
57	58
73	64
77	73
78	64
68	62
74	82
69	63
63	69
74	72
78	73
64	55
69	54
58	69
72	65
69	66
72	85
64	75
69	70
70	72
56	71
75	68
76	63
76	74
73	62
83	77
68	69
57	63
62	56
65	58
75	68
63	57
74	83
79	55
77	69
59	63
68	63
67	67
70	73
85	69
79	70
78	59
50	69
52	71
75	74
77	77
65	55
85	66
59	64
81	67
73	74
75	67
69	66
67	65
63	67
77	79
53	67
67	58
86	65
76	65
77	73
75	69
64	68
67	62
74	67
56	64
36	78
73	59
82	67
50	65
73	76
50	66
78	78
77	67
74	76
68	70
65	59
78	60
65	64
68	69
65	68
75	71
71	61
72	66
62	64
87	80
60	55
66	73
83	60
77	68
86	66
64	65
62	55
63	56
74	67
69	81
67	53
91	70
70	62
57	53
60	59
76	65
64	62
66	54
55	67
64	63
31	69
64	60
64	47
49	72
66	78
77	63
64	70
54	64
73	77
80	82
63	61
71	73
70	75
52	61
63	66
67	57
55	68
69	79
90	64
72	61
73	73
74	76
72	54
66	54
88	67
63	63
69	67
66	68
61	54
67	55
73	69
85	69
76	68
64	61
72	75
60	60
66	63
85	70
71	64
48	65
73	60
75	82
63	57
58	78
71	62
50	68
70	76
59	61
71	67
79	61
69	60
54	64
80	69
74	62
65	62
67	77
91	66
47	54
58	67
52	73
81	60
68	67
76	66
60	57
72	77
65	55
55	61
68	64
73	52
38	71
52	62
62	49
68	68
68	72
60	65
91	69
87	67
72	66
80	69
78	82
55	57
73	61
68	70
66	58
72	73
81	63
87	68
59	69
38	67
70	64
72	69
63	82
68	65
72	64
61	70
77	67
57	54
67	66
41	81
57	64
70	66
56	62
83	68
72	67
68	63
88	62
49	59
61	49
65	64
90	76
70	58
66	73
72	60
67	74
86	78
70	63
61	59
64	54
75	74
62	59
33	67
84	71
79	67
69	72
55	61
39	64
64	64
66	59
75	62
80	75
65	60
67	72
48	71
71	60
79	66
33	72
65	71
72	70
83	69
61	50
67	65
80	59
52	58
81	62
82	70
64	62
69	61
62	63
64	67
73	70
82	77
72	71
77	63
61	68
62	59
54	60
75	63
32	58
76	69
72	73
83	68
65	63
78	67
69	76
65	66
74	77
54	57
58	59
70	71
51	75
65	63
55	70
59	63
73	65
67	74
54	60
73	71
59	58
72	76
74	62
58	61
76	70
78	63
72	67
71	74
72	62
69	58
79	74
81	70
73	62
65	68
80	74
57	62
39	67
73	80
58	62
85	72
80	67
79	82
64	66
72	64
63	67
62	67
63	63
66	64
72	71
72	72
71	65
56	64
81	70
70	62
61	72
53	51
89	67
81	73
77	68
54	67
64	67
76	74
42	50
49	56
78	65
71	72
69	66
79	63
75	58
82	58
70	56
56	65
53	69
74	63
72	62
73	59
63	64
57	66
78	71
64	67
72	80
73	65
70	60
50	66
51	72
88	78
72	64
83	75
74	66
48	69
67	64
65	72
73	69
61	70
62	50
70	69
65	67
82	74
91	71
51	64
54	66
75	63
73	66
67	63
70	63
72	61
70	73
84	71
54	73
81	72
64	61
68	66
90	70
69	65
64	67
55	56
79	73
69	64
54	63
72	63
70	71
67	57
79	66
58	52
78	71
70	62
67	62
70	60
56	62
66	63
55	70
69	64
67	62
68	71
86	73
73	70
70	68
82	64
63	62
64	65
65	57
87	63
74	60
78	65
75	57
68	65
80	73
65	66
68	52
73	72
80	78
71	68
53	66
45	71
52	59
52	65
81	62
70	64
80	72
81	67
84	68
62	52
68	77
53	64
53	64
74	64
83	67
68	65
70	59
64	65
74	70
51	56
59	68
84	75
76	70
76	64
82	61
63	68
61	64
67	72
76	65
65	50
70	60
80	74
76	68
68	69
55	69
61	60
69	65
57	67
89	66
75	69
62	65
40	72
64	56
49	58
69	63
63	61
71	69
76	61
67	65
83	65
88	69
59	62
71	55
69	62
79	68
58	49
76	79
67	61
63	70
79	64
78	57
61	84
90	66
80	90
72	71
64	64
71	66
53	70
59	69
61	65
67	63
73	63
54	71
66	62
70	68
84	67
69	65
71	60
88	69
70	75
80	71
69	68
54	62
64	60
72	74
66	71
79	63
72	65
39	70
63	61
80	70
62	55
35	61
72	68
70	65
66	63
80	55
52	74
65	68
79	65
73	70
85	67
61	68
67	67
89	69
60	61
87	83
81	66
69	69
86	67
69	67
66	71
67	66
70	58
82	78
69	69
77	81
91	84
69	70
66	60
87	73
70	69
62	66
69	68
43	63
89	57
90	61
78	68
82	65
72	56
53	58
89	61
60	52
71	72
51	61
67	72
53	74
55	69
67	66
62	60
68	64
78	67
80	56
69	67
64	52
60	71
60	78
74	64
72	82
68	66
69	64
76	60
72	70
81	78
54	63
59	57
80	66
85	65
60	48
70	52
65	68
72	56
70	57
81	76
68	64
81	60
64	73
60	60
84	64
56	70
72	78
60	56
59	55
81	74
58	67
84	69
52	64
62	69
71	62
68	69
79	65
86	72
81	79
42	62
66	60
55	76
71	57
74	64
75	53
43	50
79	60
68	61
73	57
73	67
54	74
67	68
68	59
77	79
79	68
69	64
52	70
33	59
65	64
62	68
66	60
71	65
91	72
74	62
81	64
72	70
79	58
59	77
77	72
59	70
63	58
66	70
74	57
75	65
64	69
86	78
72	68
60	63
73	67
65	68
77	58
77	65
62	68
65	56
60	63
78	71
60	68
69	56
70	58
65	57
65	62
75	57
54	53
72	68
64	60
71	74
82	62
70	58
64	75
50	73
62	78
77	64
71	68
56	70
61	52
72	56
61	63
70	70
71	67
50	71
67	59
79	67
60	61
85	68
81	72
93	75
57	78
77	67
57	51
77	68
82	66
66	69
63	67
73	76
71	71
81	66
47	71
65	64
73	52
87	63
71	66
73	55
62	55
67	56
69	65
71	66
78	67
90	68
70	58
51	64
68	66
74	83
67	53
81	66
66	71
66	70
78	66
68	63
34	69
64	72
67	65
60	71
82	70
52	57
86	56
81	66
68	64
74	71
77	74
66	60
84	58
34	72
65	57
55	55
54	70
71	69
37	62
69	57
66	66
75	78
77	68
61	62
70	56
73	56
61	56
79	65
69	53
64	67
60	56
67	70
86	73
84	67
94	74
62	69
76	56
63	68
78	54
75	71
71	67
78	65
74	69
84	82
67	65
58	60
72	67
61	68
68	63
68	63
52	67
67	66
80	59
54	65
61	70
64	65
67	62
82	67
78	68
71	62
79	71
77	67
65	65
73	63
55	62
65	63
55	52
62	68
77	66
77	59
78	69
68	55
73	71
54	66
72	63
59	65
66	67
65	64
73	70
60	71
68	59
53	53
49	80
74	64
70	67
63	63
57	61
57	53
65	69
74	58
78	59
52	64
77	64
79	78
69	74
89	73
75	66
77	76
72	66
78	66
78	69
80	59
72	66
78	69
90	71
78	79
65	58
81	72
71	71
73	72
82	74
78	77
70	65
65	77
61	61
76	66
68	59
49	70
77	58
83	71
34	63
62	73
67	59
82	66
65	72
75	70
77	67
52	65
71	66
87	64
74	62
73	58
68	66
83	66
55	55
74	76
81	64
70	58
44	69
68	75
69	55
62	57
65	64
58	51
74	61
74	63
63	50
72	67
90	59
83	76
67	55
68	60
61	61
62	67
91	65
69	72
80	64
66	65
63	65
70	68
63	55
74	64
80	61
70	59
71	70
61	78
52	63
49	53
83	77
72	68
69	69
82	70
67	61
59	57
82	70
67	70
58	57
51	60
60	61
60	63
62	72
79	70
60	65
75	72
71	58
72	72
78	63
72	65
67	56
72	73
71	65
83	72
55	65
68	74
69	71
54	75
65	63
68	60
61	62
65	61
83	64
65	56
70	61
54	61
64	65
72	69
62	61
60	61
70	74
68	71
66	63
53	65
76	73
72	66
68	59
74	68
86	58
61	67
56	64
72	58
76	71
62	65
55	61
74	67
63	69
68	64
73	68
67	64
80	66
66	47
67	60
76	54
62	52
64	65
55	59
44	73
84	67
74	55
68	59
65	64
68	57
68	69
66	68
69	56
68	58
78	74
68	68
66	65
82	70
75	69
64	67
66	68
66	69
68	72
81	69
81	69
69	72
53	62
74	57
65	73
67	70
75	65
77	69
79	74
58	65
38	63
73	69
87	69
68	55
72	74
50	68
63	58
76	79
80	64
77	64
60	49
87	78
70	58
75	67
66	61
76	72
83	64
69	54
52	72
64	73
66	61
63	64
77	81
80	68
66	64
67	63
66	67
68	71
46	73
97	91
61	48
53	73
64	64
68	66
72	60
85	75
78	71
84	81
69	71
51	64
73	75
57	49
61	61
79	66
83	84
78	71
75	67
62	70
64	68
78	74
68	59
78	64
63	66
66	74
80	70
70	66
69	65
90	74
84	76
76	61
54	53
84	69
67	67
63	58
61	49
72	74
62	61
67	65
81	66
81	63
64	72
57	66
60	68
53	51
68	58
70	64
72	66
70	54
68	72
82	73
66	58
60	71
68	59
86	83
49	65
62	67
74	66
79	75
50	74
67	57
60	69
80	70
55	68
66	67
66	71
66	71
74	72
68	82
74	75
64	48
85	66
60	57
57	66
64	63
78	66
70	73
61	73
61	63
89	76
63	78
75	66
79	70
71	73
78	69
66	71
79	65
73	71
80	66
61	58
64	60
68	59
73	67
80	68
69	56
72	61
82	67
62	53
70	61
73	66
86	71
71	67
82	65
69	74
67	51
65	59
60	65
62	62
65	60
65	67
90	57
74	65
69	62
66	62
83	67
83	65
55	66
69	66
76	66
68	71
68	84
74	65
68	72
79	60
73	67
72	78
55	73
85	63
77	58
64	57
52	68
90	65
42	63
69	75
67	68
60	55
78	65
68	56
82	54
56	63
84	68
74	71
74	66
62	65
53	64
83	70
68	61
60	61
71	63
57	61
64	60
56	73
66	67
66	87
73	75
52	69
61	69
82	68
83	77
67	55
66	65
78	64
77	72
69	61
52	71
69	66
60	59
69	74
80	79
84	68
64	58
70	70
91	66
79	68
64	63
30	65
47	66
40	63
69	80
77	71
63	53
73	73
84	72
67	66
34	64
67	73
62	74
34	59
73	70
35	68
57	68
78	59
62	73
86	60
58	68
84	69
53	52
75	64
83	63
70	68
33	62
68	64
78	70
62	61
90	72
65	66
58	50
61	64
48	71
68	68
63	57
80	82
70	66
74	71
78	57
51	70
81	53
80	63
74	60
78	63
83	61
91	67
68	57
59	63
93	83
64	69
80	74
54	66
66	62
60	68
73	69
80	66
71	68
53	56
37	68
61	58
75	62
53	73
68	67
81	67
69	65
88	70
77	69
65	63
82	71
60	71
56	64
85	74
68	66
76	70
66	71
93	72
64	66
68	64
68	64
53	69
72	66
51	66
54	64
73	66
57	60
69	61
58	70
52	53
61	69
68	69
90	64
68	60
50	47
65	59
53	67
77	77
70	71
73	68
61	65
75	70
79	73
62	57
60	65
63	65
65	58
64	66
55	65
59	76
50	56
76	73
65	67
91	79
65	64
55	65
56	59
63	60
65	58
79	70
48	64
63	52
76	70
69	59
61	65
51	65
83	69
34	65
41	56
72	64
74	69
72	62
73	68
76	69
57	61
77	61
58	55
64	84
83	75
65	61
84	72
65	72
74	65
68	54
75	61
64	65
70	71
68	62
62	63
56	55
64	74
68	80
78	67
73	72
60	69
74	59
75	64
65	62
65	67
70	67
63	68
62	63
69	56
72	66
70	70
52	57
69	57
65	66
67	62
76	61
67	66
62	62
32	73
72	71
71	65
68	66
32	65
82	67
52	63
68	65
78	75
74	66
74	67
94	68
79	62
69	69
92	84
78	64
63	64
71	73
63	54
77	69
70	59
63	61
78	74
79	57
54	71
64	71
68	66
61	51
73	62
64	75
75	65
81	78
78	72
67	65
68	60
87	80
30	64
74	69
75	76
81	63
53	67
75	64
68	59
81	60
68	68
76	58
67	62
75	74
65	55
65	68
88	71
69	70
65	70
65	80
66	59
82	57
57	76
63	63
71	59
80	66
72	64
77	66
61	74
69	69
39	64
76	65
73	74
64	56
59	48
71	67
81	76
64	66
75	63
72	72
63	64
51	64
63	60
64	65
53	67
73	69
75	66
78	65
61	74
53	66
68	51
65	68
82	62
46	63
55	57
56	61
55	69
75	75
75	74
60	50
59	66
62	68
91	60
74	61
69	64
94	72
62	62
68	71
34	74
78	62
85	60
64	59
64	72
55	56
71	66
43	74
69	66
71	56
65	47
70	58
83	69
74	62
66	62
70	56
63	67
68	56
59	60
60	51
87	69
88	80
82	80
60	62
81	66
86	64
78	72
55	67
62	64
56	53
37	72
52	68
82	78
82	57
62	68
82	69
67	76
70	51
90	75
77	68
70	61
89	90
58	66
72	61
77	72
57	55
75	70
65	52
81	60
95	82
77	77
69	66
69	71
69	59
65	56
57	57
47	76
83	65
54	61
78	69
52	63
84	70
69	75
71	67
83	78
64	51
51	56
72	66
82	74
81	64
83	76
62	55
71	78
78	76
63	64
77	72
74	74
77	66
74	64
58	56
76	77
72	58
67	58
66	57
81	65
85	68
66	56
64	72
85	67
78	68
71	68
33	57
68	65
82	71
72	61
61	76
80	64
64	71
60	63
61	57
55	58
84	69
71	64
66	71
58	68
74	66
72	65
63	64
70	69
63	61
73	83
52	63
85	57
41	64
74	68
62	71
44	70
70	74
74	65
50	68
86	83
75	65
78	71
70	68
85	67
71	53
78	64
70	67
67	56
73	75
79	77
70	73
73	70
73	61
75	65
61	67
80	65
47	64
66	58
83	72
69	70
62	65
67	61
38	70
79	69
67	74
76	69
80	63
76	66
75	67
74	67
82	69
70	72
81	63
75	64
74	73
44	64
84	72
64	68
75	74
78	68
75	73
91	67
90	74
73	76
73	60
51	49
61	65
54	67
87	65
70	63
74	58
73	61
64	64
69	66
68	69
55	66
67	67
63	57
77	73
72	60
60	73
62	63
76	67
76	74
74	69
73	65
76	82
66	71
65	57
86	53
45	63
73	58
79	69
63	54
80	64
73	64
70	72
73	65
56	59
65	68
75	64
64	66
65	62
53	63
79	65
80	71
63	68
65	61
65	59
86	66
72	69
67	59
59	59
75	71
71	65
76	82
40	68
71	68
66	67
69	74
77	65
35	68
72	63
73	65
73	67
58	56
74	69
63	59
54	68
65	66
82	64
51	74
64	58
43	61
67	71
84	81
64	70
90	70
78	66
54	81
37	71
82	66
82	64
80	62
82	65
65	66
69	68
69	58
60	58
80	66
61	72
67	55
61	73
69	68
66	71
73	64
68	60
34	78
78	59
67	79
79	68
70	56
67	69
54	66
70	73
60	66
76	65
62	65
86	76
78	70
67	62
68	64
63	57
65	61
66	68
87	63
84	72
70	66
75	73
69	76
64	69
76	65
66	67
71	68
64	63
67	66
76	57
63	67
50	70
63	57
65	69
84	67
45	59
65	71
67	69
68	69
65	65
81	66
56	61
74	52
70	62
55	66
34	70
60	73
72	53
69	63
60	50
61	62
70	62
73	60
45	68
66	67
67	65
74	69
71	70
71	59
64	61
84	67
73	64
84	68
58	58
70	60
79	67
56	58
72	69
71	74
71	61
42	63
92	79
73	65
63	68
72	58
75	62
53	63
64	62
67	60
73	74
58	64
64	72
81	73
86	71
68	49
84	61
67	70
60	65
71	69
81	61
70	66
78	69
64	69
63	62
78	57
53	61
77	67
85	67
55	75
68	57
67	64
78	65
77	65
52	65
85	72
76	70
74	76
75	77
59	61
89	63
77	76
69	63
68	63
32	75
55	49
86	73
63	67
62	60
71	62
87	65
39	56
71	65
68	61
77	62
73	51
81	78
68	59
76	69
76	63
69	65
68	68
79	69
76	73
54	68
34	73
56	75
75	58
63	58
57	67
74	68
68	51
66	51
70	68
55	75
68	68
84	70
65	73
67	65
61	48
73	57
61	62
71	66
72	68
65	62
66	68
52	59
72	56
61	72
43	59
67	61
54	59
64	49
62	63
60	73
72	64
73	64
75	74
70	60
64	68
78	84
72	58
71	71
68	63
84	69
58	56
70	70
45	52
61	61
68	69
78	82
85	59
48	54
75	64
69	69
79	71
88	75
83	66
80	72
45	68
65	64
64	62
67	55
65	57
66	68
70	64
82	71
68	73
49	62
63	62
78	74
76	65
55	52
72	64
83	70
59	63
74	69
65	62
70	62
75	66
53	50
67	75
66	62
51	69
71	60
77	72
52	67
34	65
48	63
71	63
48	63
66	76
86	72
72	66
60	63
67	61
73	63
70	72
73	60
74	69
39	65
62	51
49	60
73	62
55	76
92	63
57	72
62	61
74	64
76	66
71	79
65	63
64	77
34	77
73	64
73	65
77	61
57	68
61	65
67	62
52	63
34	59
69	61
64	64
48	67
65	65
73	61
65	60
71	70
87	67
57	52
65	65
66	64
64	61
50	52
69	55
74	60
66	65
55	61
65	58
66	89
75	70
65	65
76	69
70	70
76	71
66	63
58	63
66	62
62	60
63	66
64	69
67	67
76	59
73	63
67	61
72	68
52	65
57	65
74	64
82	69
52	65
80	69
73	69
44	69
53	72
54	62
66	65
74	73
53	66
54	65
53	66
63	55
73	80
84	67
71	63
66	80
69	65
63	62
72	58
52	49
77	66
38	65
71	63
69	69
72	68
48	54
69	58
63	74
86	79
74	61
62	60
53	71
70	56
83	67
69	63
61	64
64	69
67	58
65	67
66	62
81	73
66	64
49	78
41	58
61	54
49	68
73	62
74	55
64	64
73	69
61	62
81	69
68	63
71	62
82	71
75	55
50	74
65	62
73	76
50	66
76	70
60	66
63	61
69	55
52	66
54	72
61	62
55	64
68	56
53	58
66	69
47	48
68	70
78	69
81	62
93	72
81	62
73	63
69	79
51	66
84	75
77	73
73	60
66	75
75	60
84	59
65	58
75	63
71	75
50	68
75	71
59	63
69	71
57	70
69	70
78	55
67	75
76	73
69	62
88	67
68	62
79	60
68	72
75	62
71	51
68	63
68	58
81	69
72	65
76	85
72	68
62	56
75	69
58	64
64	59
77	61
85	71
72	67
80	62
64	68
63	61
31	67
86	70
54	69
89	79
66	71
58	51
77	60
75	69
56	80
63	68
58	66
76	61
71	64
60	63
80	63
77	66
82	75
66	68
64	53
63	53
56	55
35	69
69	63
66	68
77	67
62	62
55	54
62	86
55	70
73	70
69	58
63	57
58	61
50	61
75	61
66	77
60	60
31	56
63	52
86	66
83	68
89	80
66	76
65	69
68	63
72	57
67	68
71	58
66	61
61	55
61	59
55	62
79	65
42	76
68	63
81	68
62	58
71	60
67	63
66	72
82	70
73	71
82	70
78	62
67	62
73	75
61	74
67	56
65	57
79	63
75	77
66	68
56	70
65	69
58	73
60	59
70	63
72	63
70	63
83	72
69	71
63	60
57	81
80	69
64	73
66	68
55	75
75	70
65	62
56	67
70	84
66	66
64	61
47	80
69	74
91	81
68	77
70	60
73	68
69	67
83	64
82	66
71	63
88	65
69	67
82	62
77	54
68	56
75	72
67	52
81	74
63	53
80	70
73	67
69	74
73	69
65	59
87	82
73	70
76	67
64	66
46	67
58	68
71	68
78	68
50	52
71	69
60	65
68	65
67	63
48	62
62	66
78	68
37	76
55	49
73	68
72	66
62	59
67	68
74	66
82	66
72	68
87	63
72	62
73	64
75	66
61	61
77	64
65	58
62	65
54	63
81	79
76	56
67	62
66	67
71	57
79	48
70	57
85	67
69	70
72	73
72	60
73	55
78	75
38	59
76	68
63	63
64	65
52	66
70	70
55	57
80	67
65	66
80	63
60	62
76	64
65	61
70	66
59	59
62	51
76	76
82	68
77	64
40	64
74	71
73	66
80	71
63	75
63	80
71	72
80	78
74	59
76	64
80	75
82	68
70	75
67	59
69	59
70	58
87	62
76	78
72	64
74	62
65	64
72	73
74	70
46	67
47	83
61	60
70	65
84	73
72	66
80	64
55	66
46	62
70	68
80	64
51	53
69	67
64	57
57	65
66	71
74	72
76	79
66	50
65	59
61	54
49	63
79	68
73	71
68	56
76	63
73	50
66	65
57	66
71	61
64	64
55	55
70	65
74	71
70	55
80	63
57	61
67	67
70	63
69	60
69	71
67	55
70	65
68	55
71	65
85	59
81	63
63	72
84	66
64	53
89	81
72	53
64	76
85	79
66	65
74	59
61	49
69	58
82	59
59	62
54	65
88	71
84	64
83	79
69	62
74	69
78	75
51	48
73	73
76	60
70	59
35	73
70	61
63	65
78	76
83	76
77	71
75	72
87	79
33	76
89	68
56	67
54	61
73	66
72	71
76	66
67	66
67	68
65	54
53	65
69	58
83	65
74	76
72	65
68	51
59	54
74	68
59	49
65	62
79	60
53	65
78	56
76	78
50	69
73	73
75	63
58	64
58	62
83	66
68	65
71	74
65	58
82	73
68	78
75	73
69	72
84	71
60	68
72	73
67	55
66	59
82	67
67	61
70	65
64	56
56	56
54	65
77	74
53	69
74	67
74	60
76	67
66	62
73	61
80	66
63	72
75	52
53	57
71	83
75	71
65	57
58	52
53	70
83	63
75	69
81	66
65	65
90	61
68	71
84	76
76	56
84	71
80	70
66	48
74	67
54	80
68	77
84	76
65	64
44	71
55	63
61	77
60	77
44	69
80	64
65	71
77	83
58	60
77	60
71	65
72	61
74	74
60	70
69	70
62	68
71	67
65	54
73	64
66	77
76	73
67	75
86	68
78	60
68	68
67	61
46	60
79	66
89	79
60	47
57	71
70	64
69	69
65	58
83	72
70	68
52	67
68	66
36	67
77	73
89	67
76	75
49	62
68	63
73	67
87	71
55	61
52	76
64	82
34	65
75	72
72	66
75	68
61	66
74	64
65	72
79	77
62	57
85	62
66	64
70	66
80	64
69	60
49	55
72	69
77	65
42	67
50	51
70	77
66	64
57	74
69	63
54	54
50	64
38	70
58	67
63	66
70	62
63	71
62	62
83	71
76	67
75	63
44	71
78	76
73	53
73	74
67	67
77	69
81	67
63	70
51	56
49	73
64	55
46	66
69	56
68	66
81	69
42	68
63	67
84	66
69	57
82	58
55	66
80	58
54	61
68	63
69	58
89	68
72	69
45	52
81	74
65	66
61	72
53	72
82	73
70	66
90	70
69	66
68	57
79	59
79	67
68	64
58	70
65	50
70	77
63	56
55	61
64	65
83	68
61	74
66	56
50	71
55	76
76	64
81	70
71	63
78	72
52	72
70	65
77	73
77	68
89	91
84	66
70	63
69	68
78	67
74	81
83	69
81	68
74	56
64	55
71	70
68	64
66	61
73	62
76	74
67	64
69	72
71	58
54	58
74	53
71	73
51	73
64	62
36	74
76	62
93	79
67	67
78	64
84	71
64	51
57	84
68	69
54	59
68	64
77	76
74	74
71	63
77	59
81	65
72	63
81	67
74	60
86	79
60	56
64	61
72	75
60	57
82	73
79	68
53	64
61	56
73	68
55	61
80	66
65	79
66	54
81	67
63	68
61	69
81	63
69	57
70	69
69	60
68	60
67	66
62	65
66	61
80	74
65	63
66	71
63	61
80	61
67	68
75	51
51	72
79	67
66	76
74	74
69	67
77	68
53	64
82	67
70	65
77	77
85	76
71	59
67	51
75	61
61	58
54	72
54	77
65	69
68	58
87	83
52	61
70	71
63	61
79	72
63	72
68	71
66	64
90	70
61	51
67	63
67	68
87	69
91	67
84	68
83	70
62	72
73	74
51	59
67	67
75	57
56	65
65	62
76	73
51	72
85	73
66	65
67	65
71	66
64	62
83	81
61	55
65	65
72	75
78	78
62	67
85	72
78	67
73	65
77	69
75	63
63	74
68	69
73	80
77	63
73	71
65	65
76	72
61	65
62	62
90	55
61	54
68	78
75	65
54	63
35	80
68	63
78	77
83	74
65	61
76	64
67	68
79	67
80	70
81	73
78	64
74	65
51	72
76	73
76	81
55	66
55	76
53	81
53	55
59	50
70	68
58	65
55	62
75	75
70	70
68	64
53	53
64	58
71	60
83	69
65	58
50	67
65	65
79	66
77	64
80	66
71	55
85	73
79	73
65	76
72	80
53	49
59	61
50	68
82	64
92	72
62	71
62	66
79	66
55	64
64	70
60	52
67	58
75	79
70	62
67	74
54	60
71	59
54	78
59	59
58	62
63	72
65	55
76	72
69	60
74	74
69	71
73	71
75	78
69	68
77	68
59	60
67	60
71	68
62	70
81	67
71	69
64	58
76	70
85	87
62	53
77	74
70	74
61	65
72	57
36	80
66	74
56	56
76	75
70	68
58	57
50	59
45	71
69	62
78	64
73	70
59	61
55	77
68	57
77	65
67	59
78	64
63	59
64	60
78	69
64	73
51	76
77	70
89	77
71	68
76	89
83	67
63	56
80	69
78	73
71	61
39	69
75	64
58	48
49	67
65	58
86	68
69	65
75	78
74	59
74	58
76	73
78	58
55	52
71	61
87	67
78	64
77	68
81	67
69	64
68	60
87	55
81	75
75	68
57	64
62	69
88	69
67	67
73	71
73	69
70	61
77	68
63	60
73	56
76	73
64	49
75	59
45	65
77	67
83	72
76	75
67	61
52	58
66	71
70	65
72	65
63	67
75	61
69	62
63	60
59	70
67	67
69	57
65	61
69	52
68	65
75	74
53	53
60	61
70	54
64	53
53	73
58	54
68	70
71	63
68	51
71	55
65	60
83	66
81	88
68	51
70	58
56	66
65	66
68	78
73	72
63	70
80	66
64	59
62	58
60	53
78	78
86	68
65	62
51	67
62	47
59	67
72	78
84	61
85	83
74	71
73	59
52	68
87	66
63	61
71	68
68	71
50	77
48	66
68	68
53	63
82	61
74	70
62	65
73	77
85	58
78	69
60	73
75	72
63	73
78	66
65	59
66	60
69	67
79	55
78	71
54	60
68	59
64	62
41	69
71	62
77	68
81	64
55	55
85	77
63	58
74	69
62	55
57	66
63	64
55	64
79	64
74	53
82	75
65	64
78	72
70	60
51	55
82	62
73	60
60	51
60	72
72	66
65	71
78	60
60	65
66	71
53	66
66	61
74	59
82	75
54	62
83	80
80	68
84	71
64	75
60	68
72	60
76	75
66	73
81	76
63	54
75	58
83	69
81	70
44	50
73	73
59	67
72	74
69	55
54	67
67	67
84	65
52	62
92	73
66	63
56	57
72	67
53	58
56	54
77	66
50	48
70	68
64	60
82	66
54	64
70	60
66	78
55	80
59	67
81	56
62	67
77	71
61	70
72	69
83	78
93	69
72	65
76	64
52	61
67	56
83	65
63	59
74	69
68	72
45	59
66	72
85	72
61	68
81	57
74	80
67	66
70	56
79	56
78	66
71	75
67	70
69	70
72	64
64	71
49	76
69	70
57	62
63	65
77	80
72	72
57	70
82	67
66	67
72	70
64	66
81	64
62	69
64	62
71	51
61	59
68	72
79	64
50	65
75	61
74	77
75	73
66	65
61	69
60	66
85	75
31	77
74	70
77	65
79	64
81	78
85	74
83	82
70	64
56	63
69	63
56	65
80	83
39	69
51	51
75	64
72	66
75	68
75	53
80	73
67	65
68	62
64	75
72	65
85	74
65	79
69	69
75	73
77	62
67	64
40	68
54	55
56	48
83	74
80	68
73	64
71	62
75	68
77	56
30	71
79	63
70	55
57	62
73	62
59	58
62	60
46	70
66	77
74	80
79	68
39	65
53	73
65	78
58	72
84	69
75	66
53	62
71	57
84	76
49	73
68	68
66	66
62	54
77	75
64	70
68	67
71	56
76	69
83	64
68	62
68	79
81	71
52	80
70	63
80	63
50	74
69	62
51	67
70	62
68	64
82	62
67	59
67	59
76	70
75	71
69	62
67	55
67	65
72	69
71	65
63	59
63	64
69	79
72	71
77	69
48	73
62	59
64	68
79	66
51	73
66	62
69	85
74	62
64	57
67	58
52	56
54	73
54	61
66	53
74	80
77	63
54	68
75	63
63	62
45	75
45	64
75	82
76	70
64	63
67	52
59	58
60	67
73	65
82	79
67	70
67	69
69	79
74	70
78	75
68	62
67	72
67	62
69	74
61	77
72	67
76	82
53	55
63	65
56	72
52	59
51	65
56	67
80	68
69	67
73	61
82	74
67	59
55	50
64	65
65	58
56	47
66	71
65	66
53	72
90	58
68	70
74	65
73	72
72	67
53	50
68	57
52	68
85	75
70	64
64	51
63	70
62	63
84	75
59	49
75	73
71	60
68	56
71	70
65	58
68	72
66	70
53	61
65	65
74	69
90	73
63	64
84	78
84	75
61	60
64	64
72	68
83	59
90	65
73	57
65	69
36	71
61	78
79	67
75	67
69	57
72	73
66	53
80	68
73	72
88	85
63	57
76	74
79	65
75	60
66	59
81	71
87	61
50	47
76	66
69	70
74	75
80	88
68	70
72	58
69	52
64	69
65	75
76	56
72	65
72	71
78	72
65	64
53	68
54	57
53	72
42	70
80	75
73	67
54	60
68	62
65	57
73	58
79	68
74	68
75	74
84	71
50	70
79	62
88	71
78	56
60	66
67	53
70	61
46	74
67	70
84	70
66	67
85	71
75	73
69	67
83	65
69	62
51	61
73	64
64	68
83	64
67	59
66	71
68	68
58	63
78	75
72	64
89	63
65	65
58	58
59	61
42	78
75	74
51	59
76	68
74	62
53	52
65	67
62	61
82	77
73	78
77	75
76	72
72	61
68	54
66	62
63	61
67	63
69	64
70	50
53	64
75	64
88	76
80	64
90	71
65	58
69	61
53	66
71	63
67	68
86	65
55	52
76	52
69	67
59	63
67	60
87	67
75	72
89	61
67	70
63	64
72	65
51	62
78	71
51	52
85	68
85	63
67	73
73	55
56	61
85	70
63	69
73	71
87	71
72	68
83	74
66	70
84	62
67	72
64	78
70	64
34	73
56	66
72	71
66	68
67	68
62	75
43	70
68	63
78	79
69	73
61	68
72	55
52	71
73	66
75	68
66	66
80	69
80	76
68	74
73	61
83	67
78	79
73	72
90	78
77	75
78	69
79	70
86	70
65	75
59	64
65	66
72	71
85	68
70	61
79	69
54	74
82	63
79	69
69	58
69	64
67	70
64	68
60	67
65	67
78	74
77	63
36	67
65	73
38	70
73	67
65	67
74	69
72	61
65	81
70	69
61	59
68	66
68	69
83	77
46	67
63	66
77	65
76	73
69	69
74	71
70	65
66	60
71	63
53	62
71	68
74	61
86	70
72	59
64	71
77	73
51	60
86	71
66	75
69	66
51	82
77	64
71	69
73	68
53	63
34	71
76	63
79	68
69	60
66	71
83	66
88	70
64	58
56	64
81	66
73	62
67	55
92	68
67	67
57	52
64	63
63	68
41	65
82	58
72	65
72	66
63	62
58	63
76	66
91	66
66	60
83	69
69	63
71	56
52	76
59	50
66	52
80	64
70	68
65	66
56	58
64	58
75	59
60	68
78	64
62	50
53	71
59	64
65	74
88	67
62	55
68	59
85	76
74	77
69	64
70	65
82	79
65	63
50	52
60	61
70	58
86	63
72	72
71	62
70	62
83	84
77	77
79	67
45	73
69	67
80	64
56	50
57	77
72	60
81	68
63	50
80	65
67	67
61	60
82	63
48	66
92	76
73	67
64	52
61	75
76	78
83	66
57	55
50	73
71	68
69	58
55	62
75	80
70	65
61	49
65	55
36	69
84	71
87	79
69	64
62	66
82	67
76	61
81	72
70	56
86	78
73	65
64	57
56	56
66	74
65	51
65	51
73	80
70	61
84	64
64	60
81	64
51	60
73	73
61	63
67	62
75	65
68	72
89	72
36	66
85	67
70	66
75	67
62	73
57	69
55	69
66	58
79	71
69	62
63	63
70	63
74	66
67	70
53	65
51	66
80	53
74	65
50	62
65	65
63	65
72	65
61	57
54	73
73	68
67	70
77	70
64	53
69	51
67	70
63	66
75	52
64	59
56	47
66	78
69	58
51	59
74	63
74	85
90	78
77	69
71	59
68	60
74	62
70	65
70	71
56	61
77	62
62	61
85	62
42	73
78	64
59	65
76	73
78	67
74	67
51	65
57	62
68	69
78	68
60	60
61	77
74	70
64	67
55	60
76	66
77	59
57	59
70	65
75	68
86	70
76	83
60	76
53	53
58	58
84	71
81	73
80	87
81	68
66	71
68	57
71	67
66	63
81	70
69	75
64	65
70	62
81	68
52	54
64	71
81	68
54	62
71	68
66	61
69	60
53	76
77	66
66	62
64	52
62	64
70	65
76	74
56	60
70	61
67	60
49	71
53	68
72	70
88	64
83	72
66	74
58	65
52	63
75	71
75	75
55	72
79	66
63	67
69	73
91	57
68	71
79	62
84	83
88	70
62	56
78	64
66	59
75	72
73	62
70	64
48	70
70	65
75	61
70	69
64	62
64	50
61	71
46	69
69	71
77	64
77	54
68	52
78	76
82	68
66	70
76	66
74	76
72	78
64	76
73	60
60	60
71	65
67	66
64	62
56	59
43	71
40	61
69	68
74	57
78	69
70	61
73	64
52	64
66	60
70	64
82	74
50	65
80	62
67	70
72	68
76	69
69	59
65	65
67	56
83	69
71	63
71	72
66	59
71	65
77	81
70	64
73	64
69	65
45	65
70	72
73	51
71	71
79	55
84	65
62	66
41	63
69	67
59	61
53	67
71	66
65	70
52	66
73	78
50	58
77	70
80	66
78	71
78	72
57	62
70	63
51	72
65	64
43	63
72	69
59	73
75	63
69	61
69	66
79	75
68	70
80	72
91	65
73	77
57	49
66	55
67	61
68	61
57	67
71	64
64	71
58	68
73	65
74	65
74	61
66	67
59	66
75	64
48	72
80	70
68	67
72	69
75	62
86	71
70	59
69	62
67	50
71	66
65	64
55	74
34	74
79	66
61	49
54	61
86	76
68	62
82	67
86	68
78	85
81	59
77	67
77	72
65	59
62	59
52	55
75	75
63	59
71	73
65	63
65	54
68	57
66	79
70	68
88	77
65	72
69	67
66	64
70	68
83	74
62	67
62	50
82	59
62	63
53	75
42	73
65	64
78	67
68	60
71	63
41	65
81	69
72	66
80	68
64	57
70	61
54	63
74	66
58	64
78	59
54	75
52	58
71	63
72	75
71	60
65	56
64	58
75	74
62	57
54	62
72	58
62	64
79	64
66	64
55	60
70	68
52	79
71	69
67	79
72	60
54	67
62	67
69	69
74	72
54	67
85	70
78	65
88	77
54	62
65	63
88	58
68	71
60	66
73	76
73	65
77	71
60	56
65	64
70	61
62	59
56	73
87	82
68	72
63	62
74	74
75	51
70	77
74	74
62	67
71	77
56	69
53	63
69	62
70	50
84	77
86	60
63	60
73	65
79	66
62	73
62	62
60	63
80	66
63	72
60	57
79	61
69	75
78	70
60	65
75	71
63	78
56	73
75	68
60	54
67	67
69	80
62	66
82	69
65	68
53	55
80	63
65	65
65	81
61	54
77	71
80	69
79	62
69	63
72	71
64	74
73	74
70	61
68	65
82	66
75	58
34	64
67	68
76	70
62	60
76	61
63	70
34	67
69	74
71	77
75	59
62	62
77	65
84	66
62	71
76	66
64	66
79	89
76	69
72	56
62	73
71	68
63	72
53	63
58	56
38	61
76	70
60	69
70	68
62	72
71	58
66	76
65	68
87	66
66	54
61	67
56	74
53	65
56	65
69	63
64	66
74	67
83	79
71	67
80	75
64	68
73	66
66	63
87	66
67	61
67	60
80	67
54	60
80	69
82	67
68	63
66	65
83	87
75	74
68	63
74	69
79	73
71	58
83	63
69	69
83	83
73	55
67	58
71	59
80	69
84	61
63	65
89	72
79	60
50	61
76	69
42	69
65	73
76	62
64	72
64	70
69	58
61	62
67	58
78	78
79	70
70	56
66	68
82	61
64	56
79	71
73	74
63	59
66	61
85	71
61	53
78	70
79	67
69	73
37	66
89	67
64	54
53	71
65	55
50	73
82	69
61	68
78	75
78	62
81	62
55	67
49	52
67	50
77	60
67	76
83	79
82	69
37	61
83	74
78	65
73	75
54	84
70	76
72	64
66	70
92	86
73	63
78	73
65	65
68	72
48	62
68	66
77	64
91	74
68	71
54	67
80	62
71	77
60	70
65	52
70	67
81	64
85	62
67	66
60	56
64	68
52	69
57	50
81	64
67	75
75	63
70	67
78	64
67	62
73	55
70	63
57	61
70	65
84	57
58	49
84	66
71	66
67	61
77	72
64	69
69	63
85	66
73	66
62	73
40	66
74	53
84	70
72	67
69	69
69	61
74	68
64	62
62	58
51	65
61	54
67	74
78	63
48	67
63	76
60	49
55	56
90	69
94	65
70	67
81	62
51	72
53	70
71	61
69	50
76	74
75	70
73	68
67	74
74	66
81	73
75	71
73	62
81	65
67	53
74	65
71	69
63	48
37	68
61	61
64	59
71	70
71	59
67	65
75	78
76	54
74	79
53	57
74	67
82	68
59	58
66	59
85	71
70	65
82	71
82	66
69	72
81	62
71	61
66	52
60	60
80	69
78	63
65	54
84	69
79	70
71	68
69	68
65	67
75	73
71	67
66	62
68	62
70	58
68	67
54	54
77	69
82	63
67	69
58	67
77	60
76	66
83	74
56	72
60	77
76	72
67	68
84	70
51	64
59	67
75	57
71	71
77	66
54	64
50	72
66	62
87	70
90	84
75	63
81	68
64	64
68	69
53	67
65	58
92	77
68	64
79	81
72	70
70	61
70	61
74	70
84	70
74	67
53	76
62	66
76	81
76	72
34	69
56	57
58	78
55	62
65	78
71	57
88	68
75	66
71	63
66	64
81	64
74	69
73	61
67	66
73	62
80	70
78	79
54	66
68	57
61	74
60	66
63	73
65	71
66	69
77	73
59	68
64	70
61	51
80	63
76	66
79	75
64	54
77	71
86	59
73	78
79	68
32	65
86	67
54	65
63	60
68	65
71	59
81	64
66	55
67	66
72	65
65	62
63	64
70	64
78	70
74	67
56	66
52	63
57	74
70	55
70	60
77	66
81	72
62	57
85	59
72	55
52	67
84	68
68	67
70	72
61	55
72	68
57	49
78	70
64	56
40	69
56	81
67	74
51	55
70	66
78	77
70	63
89	77
63	69
67	69
80	70
83	63
57	62
73	64
73	69
74	70
67	62
35	71
70	75
51	68
65	71
73	72
70	68
93	76
83	65
68	66
63	55
66	66
64	65
74	69
66	69
62	74
67	58
55	62
73	86
81	77
93	68
72	85
58	59
67	62
70	56
64	64
82	66
67	56
68	64
54	61
52	67
67	78
63	70
62	62
76	73
63	67
68	71
57	66
76	77
74	63
54	61
66	63
72	60
33	77
64	58
66	72
46	77
70	65
38	74
80	81
74	64
65	64
71	55
59	63
71	63
72	69
63	59
76	61
69	69
81	75
63	59
83	77
78	81
74	58
66	64
66	69
75	65
82	64
80	61
71	58
60	50
74	55
69	69
77	62
76	67
67	71
61	64
41	66
83	86
79	69
58	77
84	72
83	71
54	64
70	56
70	61
84	69
76	68
76	73
71	55
78	63
63	62
78	77
77	65
52	63
66	64
82	58
70	61
92	70
76	73
64	73
63	66
74	70
52	69
64	69
68	59
72	78
72	64
70	64
59	57
73	63
87	77
63	62
75	74
78	68
66	68
75	83
45	49
78	59
78	69
74	61
75	75
70	64
62	74
68	63
70	78
51	69
77	66
90	72
72	63
85	80
55	68
57	64
75	53
71	63
77	68
50	50
73	65
65	57
41	72
87	82
66	58
64	59
69	63
57	59
71	68
55	53
65	69
64	68
69	79
73	57
62	67
74	70
81	64
63	73
76	79
50	67
72	79
80	64
72	76
78	77
70	59
57	60
80	69
66	62
64	75
74	63
63	61
82	63
67	67
77	74
74	64
72	50
68	57
92	68
80	70
73	65
51	62
65	66
68	57
62	70
62	65
68	72
92	65
85	67
68	56
66	76
82	77
74	64
34	66
34	58
84	64
70	77
92	74
60	53
62	68
88	73
92	65
86	65
83	68
71	66
61	64
60	48
74	70
79	56
84	75
71	59
69	62
62	50
63	70
54	68
70	74
80	73
58	60
81	63
70	69
79	68
66	55
72	71
75	67
69	56
78	69
53	75
90	72
54	70
67	53
66	67
80	72
76	64
83	66
85	72
53	72
63	55
78	60
75	63
56	48
80	62
73	58
66	73
58	68
88	71
41	50
65	69
64	69
67	67
63	65
33	76
80	66
65	61
72	67
55	51
50	68
62	57
83	61
73	74
58	69
69	70
69	72
55	58
53	65
68	79
82	63
67	72
55	58
73	65
83	63
54	63
53	68
71	68
50	76
55	68
51	68
54	48
73	65
81	70
75	67
72	69
69	66
64	66
55	77
58	51
75	70
73	61
63	62
74	62
80	72
73	70
70	69
67	57
54	73
69	55
63	63
57	49
72	58
66	64
63	64
64	57
86	77
71	56
50	70
84	77
89	71
73	67
79	65
69	60
52	57
72	70
73	64
79	64
75	63
67	62
86	64
52	56
72	77
65	52
77	63
74	67
82	70
69	64
62	53
83	68
94	78
55	66
32	72
61	61
70	59
53	62
54	67
65	73
66	73
68	60
64	52
69	72
69	64
79	62
71	61
50	56
74	70
74	57
67	66
74	81
70	67
75	68
70	59
87	76
78	63
40	60
71	79
54	74
71	69
62	67
82	85
63	72
71	54
77	65
58	76
67	69
50	65
66	70
65	56
85	69
68	69
73	74
72	73
70	61
61	70
50	51
58	74
76	63
66	77
71	70
64	55
69	66
63	64
60	74
64	72
69	67
65	66
68	63
55	68
60	62
44	66
72	56
70	69
66	71
87	70
78	71
72	69
79	77
57	56
64	66
72	62
70	72
67	62
77	66
74	64
55	64
48	58
56	66
76	74
79	75
63	61
37	65
57	62
66	70
49	61
86	61
81	76
65	71
65	56
68	63
68	66
78	71
70	65
68	67
74	60
56	75
70	60
77	65
64	56
59	57
78	70
37	63
67	68
71	66
93	84
81	72
66	68
69	57
81	83
56	74
62	65
60	68
68	65
79	69
86	71
74	55
63	59
90	53
40	60
95	89
51	55
88	65
83	77
74	65
62	63
70	59
79	75
63	62
85	69
74	67
80	56
69	57
66	59
65	69
69	73
56	59
44	72
61	62
78	76
62	65
65	66
75	62
72	59
63	64
57	64
38	67
56	57
80	68
64	61
87	69
51	66
55	69
54	60
60	61
72	73
62	69
66	57
37	72
81	77
53	76
69	64
75	61
73	69
76	74
68	62
72	67
70	63
74	71
42	76
69	62
69	71
67	68
83	66
58	63
74	77
34	63
77	76
69	65
50	56
90	69
65	66
86	73
74	66
52	49
72	72
73	65
76	74
61	70
72	58
73	64
72	62
78	59
59	68
86	68
64	57
76	69
69	70
83	74
82	70
76	66
90	74
71	51
66	56
70	64
87	61
61	60
64	80
65	52
88	58
64	67
87	63
73	71
89	71
44	61
59	69
52	64
82	57
65	60
74	74
67	60
89	73
85	75
68	69
60	61
73	58
61	50
66	75
69	63
60	64
67	72
67	68
68	67
60	47
78	61
69	62
74	64
59	61
61	60
61	64
62	59
76	61
69	60
78	66
33	54
70	60
62	68
67	63
65	68
79	61
53	65
70	65
68	61
69	52
86	69
53	65
72	67
83	73
70	73
49	61
55	65
61	53
68	62
79	76
56	74
66	57
62	62
78	61
67	76
72	61
74	67
65	65
84	65
73	69
67	69
56	55
53	64
68	71
59	63
79	68
70	59
85	63
72	68
71	68
66	70
71	70
51	74
34	63
60	60
76	65
61	74
58	66
66	65
75	68
79	71
79	64
70	60
69	62
72	67
73	73
66	68
60	64
67	67
54	75
79	67
82	72
58	65
68	76
70	70
76	65
61	56
73	63
61	68
77	80
69	61
89	78
67	59
77	68
69	67
70	63
69	67
74	63
70	64
71	72
34	54
63	69
74	64
82	62
68	64
81	66
71	74
80	56
63	66
63	64
76	64
65	57
58	72
69	64
80	65
65	60
69	70
68	63
72	71
68	70
66	64
34	61
65	65
81	59
63	66
67	66
69	57
78	62
61	52
53	55
63	66
71	67
73	64
39	60
54	60
79	74
50	65
67	60
71	65
80	68
58	70
63	64
68	50
64	60
76	74
65	66
74	64
74	62
37	64
85	69
70	52
84	69
79	75
75	72
72	66
72	68
74	67
80	69
74	73
72	64
54	74
67	58
67	67
78	75
60	79
47	78
70	62
66	83
57	48
53	67
68	74
74	74
81	68
64	60
55	75
68	58
67	51
69	66
78	82
63	70
44	67
71	69
43	65
65	56
88	72
64	52
65	64
72	80
65	68
76	76
81	72
55	58
71	63
73	65
45	74
56	67
65	62
73	66
83	77
81	78
75	75
65	59
80	66
84	65
84	78
76	64
60	68
64	73
71	62
52	64
76	67
67	62
79	53
54	68
60	63
48	68
68	68
70	75
64	72
72	82
68	65
42	64
73	63
67	66
79	79
74	63
55	67
91	78
54	69
73	64
63	66
72	73
52	63
65	62
35	68
70	64
60	63
74	61
70	64
56	53
77	61
64	63
56	62
83	72
68	74
70	64
85	76
73	63
55	47
76	72
64	60
78	66
57	64
70	61
59	62
73	67
70	68
56	58
34	68
55	67
88	66
56	63
79	65
69	50
64	64
70	63
86	67
69	77
64	62
91	73
53	67
67	75
70	66
85	74
53	69
35	70
71	66
65	73
86	73
75	73
68	78
78	70
73	70
63	71
72	62
96	81
55	65
68	60
64	58
70	65
83	72
53	64
69	64
55	71
45	71
74	62
72	68
80	63
60	76
79	76
76	56
73	67
68	53
67	69
74	65
68	64
62	59
72	67
64	67
76	61
85	63
66	66
67	51
82	66
66	63
62	65
63	62
68	67
62	56
87	68
64	63
73	65
68	62
57	52
76	69
80	67
78	80
55	63
82	59
72	68
79	64
54	70
63	64
59	61
65	67
69	62
75	67
71	56
81	65
74	69
67	67
69	73
69	67
66	64
67	59
63	72
75	70
65	71
67	57
67	57
70	66
85	67
85	69
58	76
66	57
63	71
88	72
47	66
76	85
65	65
56	57
77	76
64	62
67	70
90	75
73	64
70	61
60	54
68	69
61	48
50	63
45	54
78	67
75	59
68	68
51	71
61	68
74	64
59	56
70	62
69	68
78	64
70	67
63	62
68	54
68	73
84	70
74	73
68	64
61	51
56	68
81	72
79	79
80	69
64	54
78	72
57	52
57	60
33	68
63	65
69	63
48	72
74	68
49	72
75	66
82	64
61	47
54	59
83	66
75	66
77	69
63	54
70	63
75	78
73	63
71	74
84	69
48	69
73	59
70	65
54	77
64	69
70	64
83	85
81	68
61	66
70	53
71	63
75	75
63	63
62	62
75	54
61	75
83	67
66	68
65	69
83	64
82	66
69	63
72	70
76	65
68	57
72	64
44	65
63	63
31	74
47	70
72	64
38	72
71	74
66	54
66	58
57	71
77	65
75	61
78	62
68	56
67	67
74	59
73	71
62	59
90	69
78	80
79	68
63	64
55	62
59	68
86	68
61	61
69	64
88	74
66	75
48	69
67	64
32	74
78	78
67	74
49	68
71	63
49	62
73	61
61	62
75	61
91	78
87	70
78	78
48	70
51	50
68	72
48	64
78	70
49	66
74	78
82	72
80	68
69	69
49	69
80	64
58	60
54	70
77	75
64	65
44	67
63	61
76	62
69	74
73	75
69	61
70	73
78	72
70	66
48	64
55	66
63	66
58	75
56	68
77	69
66	62
80	67
87	65
79	69
77	60
55	59
77	57
72	67
78	78
66	61
69	75
62	70
76	66
73	76
63	59
82	75
69	64
53	66
77	71
70	52
72	77
63	68
68	69
63	65
65	66
63	71
72	66
33	65
67	66
64	74
80	58
65	68
90	73
52	51
61	63
64	65
65	55
86	61
68	74
73	69
52	58
64	58
71	62
70	77
59	65
82	67
71	57
70	60
55	70
82	70
51	65
55	69
81	74
71	72
56	50
57	66
71	65
66	66
73	65
68	56
72	62
74	66
64	76
34	64
83	75
67	62
87	64
60	68
63	63
70	57
67	68
72	68
75	68
51	69
80	67
71	61
59	54
69	72
61	68
56	55
71	57
86	64
64	67
58	58
73	61
83	74
65	66
67	63
67	69
76	75
74	69
86	85
56	69
69	74
65	76
54	53
83	67
65	57
71	67
87	75
55	66
75	75
77	66
82	66
81	77
52	75
84	69
78	68
54	65
79	66
74	63
54	59
75	79
73	56
72	66
43	77
77	67
72	57
75	60
64	62
66	52
66	66
67	69
81	64
69	62
52	66
67	63
76	69
66	66
48	71
56	54
63	58
61	60
66	72
60	59
60	67
71	76
74	69
72	67
71	67
81	70
49	63
65	68
92	68
77	65
75	65
79	66
64	69
51	70
65	74
54	68
62	66
77	66
76	70
77	54
68	63
71	58
67	59
68	74
70	68
55	69
61	66
67	72
74	69
73	63
32	61
62	62
71	68
72	63
73	63
82	65
66	70
69	57
56	67
71	71
67	73
73	62
71	77
77	62
76	64
70	65
86	80
68	71
70	56
66	60
50	69
57	72
78	65
71	56
91	76
72	70
71	69
77	84
78	57
51	64
76	70
62	61
76	63
90	71
84	75
75	69
70	64
64	64
74	71
67	57
77	81
58	68
49	71
60	55
75	70
67	60
66	61
77	70
74	67
73	68
75	60
70	68
81	60
79	73
74	75
76	65
65	65
50	80
67	62
81	63
70	72
51	66
88	84
77	72
71	57
57	50
73	66
86	79
80	65
63	65
72	66
84	80
70	56
65	56
72	66
40	68
59	72
67	58
60	68
82	66
69	67
72	62
63	68
52	63
85	77
74	74
64	66
73	63
69	67
37	65
62	79
84	77
66	65
78	65
68	70
82	62
75	64
68	55
63	83
70	72
63	57
64	65
88	61
70	70
80	72
65	64
77	56
50	58
76	57
79	67
75	62
81	67
72	69
66	65
61	60
69	67
68	66
64	62
60	65
62	76
63	67
91	67
60	60
76	56
39	72
79	68
60	67
75	69
90	73
68	68
73	61
61	52
72	65
34	72
67	56
66	72
67	63
92	61
68	77
71	59
86	72
78	67
73	65
69	69
76	66
70	61
66	61
70	74
82	70
68	58
74	84
72	72
70	65
85	63
53	71
74	69
60	55
30	63
65	62
51	65
79	70
76	71
81	64
64	67
69	64
58	56
71	65
77	61
70	70
79	73
67	55
82	60
75	62
73	68
70	74
56	53
51	69
96	69
74	68
85	66
74	59
71	50
71	58
74	73
69	70
81	72
65	65
68	71
74	70
58	53
63	69
62	79
64	74
67	71
61	58
70	57
66	59
53	67
69	54
64	66
67	68
67	63
51	52
77	68
79	66
69	73
78	58
81	77
62	63
73	72
64	54
59	71
68	66
62	72
48	63
73	74
53	48
66	66
63	69
85	71
66	68
68	80
64	73
66	63
65	68
84	73
52	73
87	71
66	70
66	70
61	61
72	58
61	74
71	64
78	64
82	71
53	67
67	61
49	65
76	63
75	80
86	65
76	56
77	66
93	68
46	66
72	70
73	71
74	72
66	67
64	62
68	68
73	67
70	72
70	73
76	62
81	64
54	50
65	83
61	65
83	72
76	62
80	67
80	61
81	76
66	68
87	70
74	69
68	61
71	66
43	57
62	78
62	67
78	73
74	66
51	69
38	52
68	64
71	63
68	59
77	63
56	69
73	78
60	62
72	57
68	67
53	59
88	71
62	58
81	64
62	55
62	60
76	59
65	73
59	60
64	64
73	63
77	68
78	57
69	51
70	60
68	56
56	70
83	82
64	69
81	72
87	85
75	67
78	58
80	68
61	61
72	76
64	61
66	56
65	63
69	59
85	63
71	73
61	76
75	75
68	65
57	58
83	65
73	57
73	62
75	65
50	67
77	72
67	68
69	65
71	64
82	79
74	57
70	73
79	65
85	73
69	64
72	63
54	61
57	56
81	74
69	62
77	68
72	61
64	71
73	52
77	71
64	65
67	57
67	68
61	66
58	59
49	62
81	54
73	77
74	64
87	83
51	62
70	73
72	71
83	76
70	71
53	62
73	71
75	67
59	64
85	77
72	72
74	69
53	61
67	55
74	64
37	73
78	70
80	67
75	80
64	73
61	55
76	64
79	65
71	55
52	57
77	57
72	52
63	57
63	65
84	74
66	58
50	65
66	71
67	74
72	59
66	60
77	79
62	58
86	65
57	62
62	70
59	59
40	58
65	84
69	61
63	59
81	68
69	63
63	65
90	75
66	54
61	72
70	60
65	53
78	75
70	59
55	67
59	59
49	73
77	65
79	74
61	63
62	75
90	69
53	61
72	61
73	66
71	66
73	72
70	66
54	83
76	59
62	67
73	64
75	76
79	66
70	56
72	75
76	71
84	80
33	64
68	64
74	56
45	72
78	64
54	57
77	77
73	72
70	67
67	61
63	63
69	61
70	60
79	66
56	70
55	73
72	65
76	61
68	70
52	48
71	78
50	66
69	65
75	67
74	63
72	69
72	63
70	71
56	48
77	66
54	61
64	54
75	58
62	65
67	65
67	65
67	56
66	54
71	63
81	60
81	56
55	67
61	73
55	61
66	71
67	62
60	64
70	58
76	69
89	77
78	70
69	78
69	58
55	67
59	47
67	61
67	58
80	75
80	75
74	68
84	73
72	60
66	74
48	74
64	60
65	84
64	68
72	61
69	61
72	64
80	80
53	69
56	79
87	72
50	78
66	67
55	63
63	59
81	76
85	76
62	54
69	59
58	65
79	60
77	61
67	67
75	65
87	80
51	57
64	58
62	67
78	67
89	68
70	66
90	70
75	75
62	55
44	66
61	56
73	80
63	53
77	54
57	64
62	71
68	74
81	67
66	63
69	69
69	53
78	72
77	75
59	52
55	61
76	77
70	62
70	60
78	64
75	54
87	72
80	65
76	59
60	71
55	68
61	56
64	65
74	61
67	54
75	72
79	63
74	67
68	87
68	59
84	67
67	69
73	66
67	57
71	69
62	69
67	71
89	71
73	71
70	62
83	73
86	70
59	66
81	58
83	59
68	67
55	71
74	60
87	82
82	68
67	69
69	58
62	62
65	70
83	77
65	64
74	67
78	75
81	84
69	75
53	61
69	60
67	69
68	68
60	67
74	69
68	68
69	61
69	63
80	74
62	70
50	63
47	69
60	65
73	64
59	68
69	74
33	72
62	58
64	64
85	71
66	51
68	66
67	60
57	59
85	71
71	61
73	69
79	78
62	56
82	66
60	54
86	74
70	62
68	73
55	49
41	65
80	58
82	65
78	73
32	69
65	63
65	61
83	76
65	70
83	77
68	64
43	61
73	71
63	77
71	60
81	68
51	72
70	66
78	78
86	63
48	71
71	70
69	63
59	58
68	61
58	65
67	64
64	59
51	69
53	71
79	71
78	59
69	79
69	82
80	72
79	70
56	73
85	75
68	67
69	58
83	69
65	68
55	69
56	58
76	65
65	68
57	48
36	64
73	68
54	69
69	67
54	79
91	74
81	73
72	66
56	57
77	66
84	65
70	63
52	63
55	72
68	60
70	62
76	72
70	59
77	66
77	65
68	66
84	74
64	53
68	63
50	65
60	58
71	65
60	72
52	54
69	61
84	60
54	72
70	66
75	62
62	61
43	77
64	57
67	62
72	70
79	66
80	66
63	64
79	69
64	62
72	70
77	64
69	70
83	68
75	56
67	70
74	60
62	61
73	71
59	66
84	69
74	70
82	70
69	53
51	54
76	67
74	57
64	63
74	58
73	73
67	68
71	77
77	70
74	68
60	59
58	59
74	65
78	61
82	66
72	75
62	55
69	69
80	63
64	65
82	68
73	62
62	51
72	68
73	72
64	72
76	78
60	73
62	60
61	59
63	68
60	69
63	77
91	66
71	68
70	70
59	68
70	61
69	59
74	65
75	65
59	67
69	66
62	49
95	86
65	57
54	67
71	63
66	72
66	54
48	64
61	77
77	72
71	64
56	71
94	83
54	65
71	65
65	64
70	72
58	61
71	74
67	58
62	47
66	60
91	64
72	58
72	64
72	60
70	59
69	68
61	66
70	70
71	64
70	67
59	64
85	75
38	68
72	65
64	56
54	65
65	74
87	67
67	63
68	79
65	71
67	56
65	58
65	65
49	58
63	79
68	73
67	65
58	69
52	65
76	63
53	85
73	79
86	70
84	71
58	52
85	64
63	67
68	77
60	72
81	73
85	66
76	67
64	57
75	72
74	68
73	70
79	74
75	68
75	66
74	77
74	67
76	64
75	76
64	80
80	67
79	72
66	72
66	64
80	64
70	52
50	64
71	59
59	63
50	49
81	66
66	74
65	70
76	82
59	59
55	66
66	63
68	70
56	59
66	63
91	66
55	66
62	64
56	66
69	61
67	66
80	76
75	59
64	56
77	66
69	70
73	65
71	70
73	67
73	70
69	70
64	62
85	70
57	66
75	69
74	65
73	60
68	66
79	75
52	58
35	69
83	67
56	70
63	65
68	82
69	55
63	72
69	63
55	52
66	75
72	69
66	64
82	68
43	77
65	74
89	66
65	66
60	62
64	66
70	89
66	70
72	59
59	69
77	76
72	56
65	61
86	55
64	73
74	53
63	63
55	65
75	71
77	66
82	66
60	57
65	68
77	73
67	54
69	64
78	78
79	63
41	58
62	60
69	64
52	63
60	65
68	56
59	67
54	57
62	72
61	72
52	74
62	58
82	67
77	67
56	56
77	68
68	54
71	70
74	70
63	61
67	63
80	62
69	65
53	54
71	58
78	71
33	63
73	70
66	62
68	68
76	77
74	75
71	80
72	66
52	58
66	60
60	60
67	61
67	61
73	75
80	71
64	68
78	75
72	66
59	56
79	80
62	55
71	63
70	68
56	58
44	53
74	65
36	68
70	61
51	64
63	63
35	74
65	68
63	69
61	48
61	66
64	61
73	70
57	67
60	63
66	69
69	57
82	82
53	65
52	68
71	64
68	64
52	58
71	58
35	70
45	66
52	68
73	66
72	72
76	62
55	70
53	71
61	53
33	66
72	68
82	75
53	63
84	65
80	69
61	51
71	70
68	67
68	70
53	71
74	72
88	69
86	64
69	71
84	80
69	63
67	64
53	67
68	80
71	72
67	81
67	63
66	57
57	63
70	75
82	76
55	68
75	62
65	73
64	61
62	67
73	68
68	59
62	62
81	64
90	62
68	53
71	72
69	69
73	86
67	72
89	73
74	69
66	80
81	68
71	61
60	64
76	77
80	68
71	67
67	70
54	64
80	64
73	74
66	70
68	79
82	69
70	64
79	78
66	68
86	66
50	67
67	63
81	74
84	82
51	68
67	48
50	57
74	59
65	59
59	75
65	68
74	64
60	69
71	64
82	66
68	58
56	60
54	65
66	69
52	65
69	66
75	74
90	70
69	67
56	58
64	67
80	60
48	52
72	64
76	80
77	62
74	74
66	76
62	61
86	74
64	82
50	71
70	68
73	62
43	66
61	59
74	81
66	62
68	71
42	68
68	80
75	72
51	68
68	52
72	73
80	69
66	69
68	69
71	62
93	67
88	75
52	60
73	66
71	56
65	62
74	67
78	69
76	73
65	61
66	61
66	70
68	53
54	69
85	70
71	74
81	73
77	70
63	56
74	58
54	57
69	60
59	75
58	57
71	75
68	58
67	67
69	67
84	81
59	65
73	73
85	64
57	61
89	67
60	69
91	68
79	71
72	83
71	72
67	76
65	80
62	59
74	66
79	62
76	73
76	70
35	76
63	52
59	74
54	71
70	62
87	69
73	64
71	67
68	58
58	67
68	61
62	53
77	71
66	66
70	62
56	66
63	57
82	71
60	51
51	59
63	56
81	70
72	76
78	71
66	63
74	77
64	64
41	72
70	70
72	70
60	68
55	65
59	54
72	63
78	67
71	55
73	70
71	62
52	63
80	83
75	69
55	57
65	55
38	63
65	65
75	64
94	72
85	71
73	68
62	70
77	60
71	63
66	67
81	66
73	59
57	59
73	68
81	57
68	68
60	67
89	65
71	65
82	64
66	63
70	66
64	64
54	74
76	70
81	82
72	64
69	66
93	80
68	51
71	78
58	65
67	69
94	66
71	66
43	71
75	68
79	70
90	76
69	80
76	58
69	68
79	67
79	84
65	64
52	60
67	63
65	74
37	68
51	69
55	66
65	69
75	67
69	75
68	55
75	53
68	74
64	77
62	59
85	66
73	64
73	56
46	68
66	67
54	70
61	62
67	66
63	79
71	71
75	73
69	62
77	74
70	70
63	58
72	66
77	71
62	65
77	73
79	71
69	71
74	64
63	60
66	62
81	71
68	53
70	71
74	75
63	63
36	70
74	51
68	54
62	60
62	71
81	66
77	76
49	68
78	68
60	65
72	67
68	70
74	70
53	72
65	62
38	82
86	78
83	66
81	67
77	62
82	67
75	72
70	68
80	68
52	79
34	67
71	72
76	62
65	60
57	76
67	69
67	71
50	75
54	77
88	80
65	63
67	64
59	67
64	63
77	77
77	70
33	58
69	51
52	68
74	73
68	60
61	61
92	73
73	62
68	69
88	85
76	69
79	63
57	64
85	66
80	70
51	60
58	70
78	69
49	62
69	68
65	59
67	78
65	63
67	60
71	67
85	70
56	69
76	70
71	68
77	69
75	80
62	62
73	72
60	72
83	60
72	67
65	61
54	74
78	72
67	56
79	65
68	62
67	67
64	63
65	65
68	68
68	69
75	69
91	69
85	68
59	65
77	58
58	60
54	63
79	67
80	65
88	70
63	63
78	67
70	54
54	61
71	54
76	76
65	64
76	65
76	68
66	61
46	49
78	81
76	70
52	65
51	65
65	58
81	81
66	63
69	60
61	59
73	67
70	70
90	72
72	72
67	58
74	68
64	59
64	68
87	65
75	69
51	56
71	63
56	49
74	72
65	64
82	69
72	59
64	57
86	68
61	59
63	64
37	60
73	65
74	61
56	64
66	59
65	58
76	73
66	61
62	63
80	68
78	73
58	72
69	58
82	80
81	58
41	71
61	67
87	72
37	70
67	66
65	58
59	59
68	71
67	60
65	75
91	73
59	69
87	70
73	56
49	59
78	71
66	70
60	63
64	64
88	74
60	58
53	60
34	57
76	69
75	72
79	79
73	63
32	66
76	65
77	63
60	56
54	64
81	72
66	74
67	65
53	62
81	65
60	66
62	64
64	80
61	48
60	51
66	66
73	64
80	69
60	61
66	53
66	65
72	66
55	70
58	61
51	72
88	62
58	70
61	69
38	70
73	67
70	59
74	69
66	60
72	70
55	69
56	56
56	66
73	74
54	67
79	62
50	71
63	59
64	61
74	57
82	61
70	54
56	63
82	65
55	53
50	64
73	68
67	64
69	74
56	56
55	55
90	67
58	63
60	55
61	62
68	63
75	63
71	60
63	75
90	73
68	66
62	58
64	49
71	65
63	61
69	58
73	61
68	63
78	64
64	50
67	72
62	54
69	69
68	66
67	65
74	72
55	68
78	67
74	70
72	65
54	60
71	62
82	69
80	72
69	67
48	64
72	60
70	64
71	62
69	78
71	63
77	58
80	63
36	60
53	70
67	71
69	65
71	63
63	67
53	63
76	67
76	62
75	86
57	66
87	67
55	53
81	60
38	69
53	66
70	66
84	69
55	60
53	64
75	72
59	57
61	58
72	57
60	53
63	54
50	73
72	73
50	64
57	68
54	50
63	65
46	69
70	69
55	49
87	78
87	70
63	63
84	68
69	75
92	76
64	70
56	66
81	73
75	71
59	59
78	72
60	74
90	74
78	64
83	62
66	62
62	63
43	63
70	67
54	68
46	75
77	67
72	64
67	58
56	57
67	64
80	76
83	71
65	71
55	64
71	62
68	69
79	67
58	66
85	68
63	70
66	51
77	69
75	69
61	65
68	73
89	79
65	55
82	65
58	57
71	59
81	78
74	68
48	69
65	56
63	75
61	61
58	68
65	68
71	64
86	68
75	59
74	67
81	84
74	57
65	59
76	67
76	80
66	48
71	71
77	56
63	57
68	63
80	61
64	53
74	69
77	74
83	66
70	73
51	64
61	60
74	70
67	76
87	70
72	71
72	64
80	61
69	74
60	74
79	72
87	63
70	72
68	52
72	66
63	60
91	67
75	66
65	63
66	77
64	55
89	70
61	64
58	68
70	69
73	54
68	68
76	59
81	60
92	67
70	65
66	66
91	59
75	64
79	66
72	78
69	65
65	67
56	62
54	79
76	70
67	66
66	67
66	64
80	71
91	70
66	51
74	58
63	64
70	58
77	72
79	64
53	58
63	63
76	67
67	70
74	71
74	59
69	68
79	68
67	69
53	74
80	63
62	51
51	63
66	67
60	61
85	71
80	66
70	65
80	74
73	56
68	69
71	77
68	66
76	60
46	68
74	72
62	56
67	68
75	59
67	64
60	61
69	58
64	63
54	61
86	71
76	62
82	70
60	62
76	65
91	71
45	70
72	66
71	78
79	65
59	66
73	80
39	64
69	56
70	55
61	57
71	67
36	58
66	60
70	67
64	60
55	65
70	51
64	82
72	73
79	76
87	69
75	67
84	75
82	67
61	66
66	59
59	62
83	64
67	64
85	73
75	63
58	73
82	69
75	58
66	68
81	59
63	52
68	78
65	65
61	62
74	60
70	65
66	58
69	66
74	59
67	75
80	72
45	62
74	73
57	74
78	77
52	64
66	61
73	78
62	48
83	68
73	66
77	73
65	58
63	73
68	70
74	63
84	69
78	71
65	67
80	76
76	58
74	59
82	68
65	47
43	67
68	66
72	63
61	61
70	68
69	51
68	64
63	72
83	87
76	72
75	73
64	69
54	63
53	52
86	71
69	61
81	63
80	66
62	58
69	66
77	66
68	81
76	60
85	70
76	75
75	69
48	77
66	64
74	70
84	81
30	71
81	62
81	64
64	61
63	57
72	68
71	61
86	74
49	68
53	62
69	65
66	64
60	66
66	67
88	68
63	72
66	53
69	69
81	68
67	66
64	68
66	60
82	79
89	78
79	61
48	72
79	70
74	55
60	62
80	69
68	58
71	62
69	56
76	69
78	66
67	67
73	69
73	70
68	61
60	48
55	73
52	49
63	60
68	59
70	65
68	68
51	60
63	64
55	65
62	66
67	68
55	65
65	67
66	59
69	78
77	78
69	56
80	73
57	60
57	63
75	61
67	69
60	65
70	64
79	73
72	82
74	73
66	58
90	62
81	73
72	71
89	68
56	67
79	70
71	57
81	62
77	73
82	65
73	78
80	70
64	62
79	70
62	59
64	70
72	70
60	70
80	67
51	58
61	55
55	70
66	60
63	60
74	66
68	63
81	61
69	70
66	55
79	69
63	50
67	79
69	81
78	75
54	67
86	78
57	62
72	72
60	59
84	71
71	63
65	72
64	57
71	73
47	70
34	71
75	59
55	73
82	68
67	69
65	62
57	65
68	71
67	53
86	72
62	61
76	70
70	62
62	66
64	63
79	66
88	80
61	64
36	64
69	60
64	55
88	74
70	68
75	71
74	66
60	70
68	78
65	72
65	64
72	69
70	65
61	65
74	66
64	65
50	60
38	68
67	58
58	58
70	67
65	66
70	78
73	67
71	62
66	54
84	66
71	57
68	53
70	65
83	79
76	58
74	66
67	70
80	64
34	64
63	77
57	59
65	62
63	64
83	74
85	71
57	65
59	52
81	61
57	68
78	63
65	64
67	65
69	58
78	85
76	65
70	63
68	57
93	79
72	65
61	57
47	73
83	73
58	59
60	78
70	69
81	71
60	67
70	66
75	65
80	69
84	72
64	65
78	62
74	74
34	72
70	72
63	53
73	70
67	72
68	66
71	62
93	76
48	60
65	79
52	70
69	60
55	61
69	55
65	71
65	65
67	61
63	69
69	69
81	67
55	57
54	58
74	70
67	69
75	63
70	68
83	62
61	52
54	62
80	72
68	76
49	59
56	66
56	65
56	58
86	66
71	59
64	48
63	62
68	57
71	65
73	73
83	78
85	81
70	61
81	73
81	69
71	79
57	68
71	61
69	75
74	68
68	75
76	61
77	75
77	60
62	64
74	67
35	67
67	79
79	67
69	55
71	62
62	64
92	69
53	60
68	62
75	70
61	81
65	52
73	68
64	70
78	76
43	59
76	65
72	68
95	70
64	57
66	62
60	61
77	66
72	63
82	74
85	56
34	71
76	73
76	76
71	65
68	60
83	58
72	74
78	70
91	79
62	62
76	59
63	75
67	54
73	69
64	66
76	67
55	58
80	63
75	66
41	62
50	70
65	62
68	58
67	75
75	63
81	67
69	72
60	67
71	61
80	72
55	63
68	55
77	70
76	70
66	66
60	52
90	70
83	68
58	63
52	72
63	67
63	68
77	70
65	62
70	66
73	76
68	62
70	57
66	68
72	61
89	69
64	78
61	64
84	71
71	62
78	56
69	63
74	76
77	75
74	68
71	81
62	59
76	68
84	69
71	74
71	61
72	69
65	73
66	68
61	65
65	61
87	80
63	60
67	65
81	64
52	59
80	67
70	63
52	65
87	80
69	77
78	66
75	57
66	62
95	84
71	71
65	63
67	65
89	70
55	59
71	59
80	70
73	67
80	66
80	60
79	78
84	75
65	73
78	59
73	59
68	65
69	65
58	58
53	58
77	63
44	70
72	66
58	53
59	65
83	67
77	73
70	59
69	61
52	65
54	60
65	63
68	84
66	71
75	55
76	54
50	62
64	66
67	64
60	56
72	60
68	61
70	75
74	53
51	65
60	71
53	61
58	60
68	63
34	63
71	62
64	63
66	56
59	68
48	73
67	63
72	62
69	60
64	61
59	72
43	62
71	87
85	73
64	67
66	60
54	50
53	67
75	77
69	57
75	69
53	55
35	65
66	73
74	63
81	64
74	67
71	63
68	77
80	70
66	67
75	72
53	66
77	63
58	50
63	71
60	50
81	68
94	76
72	73
63	59
78	78
42	56
63	69
65	61
92	79
71	67
65	62
82	79
41	71
65	61
70	65
47	65
73	69
64	68
66	77
46	71
71	63
63	60
76	64
74	63
85	74
46	53
64	60
77	57
67	67
69	60
80	70
82	64
75	81
77	61
71	63
74	63
65	80
72	68
65	56
49	50
70	63
66	65
68	64
88	77
71	63
55	65
77	68
58	56
65	71
81	71
78	69
68	63
58	60
75	65
73	58
82	72
67	72
74	64
74	65
67	60
76	66
65	63
69	69
67	54
64	59
52	72
87	75
79	63
79	59
50	63
65	60
77	73
64	57
70	60
66	65
67	57
63	83
73	58
53	66
65	57
63	53
31	60
81	72
64	61
53	61
65	64
63	62
62	49
69	64
75	64
67	60
52	82
55	59
72	72
51	61
79	68
73	70
68	77
76	76
43	69
79	62
62	53
70	69
71	59
81	64
82	70
90	72
66	69
68	61
86	67
84	69
70	74
75	67
61	68
62	79
78	70
81	65
43	72
73	75
66	53
75	62
62	70
82	71
79	76
64	77
67	77
54	61
56	58
86	63
79	73
65	63
75	73
69	52
76	66
64	70
63	65
75	64
80	69
67	64
75	69
56	63
52	63
70	62
74	80
71	77
66	68
63	60
64	87
77	61
56	61
58	55
72	69
84	68
74	66
74	62
66	65
84	75
64	64
86	76
64	65
67	65
69	59
78	71
73	67
54	68
65	57
57	67
84	71
59	59
64	69
58	63
79	68
93	76
65	53
77	68
46	70
79	66
65	72
70	63
69	64
69	68
82	67
70	65
64	55
88	62
69	62
82	75
63	79
67	69
80	66
50	63
62	60
67	66
33	63
71	73
60	59
74	82
78	63
71	66
64	70
55	72
68	55
69	70
62	55
54	67
69	69
87	73
68	62
50	72
82	70
61	76
69	47
43	64
79	71
88	76
77	69
60	63
62	62
69	66
52	65
68	61
70	59
64	55
73	75
74	63
66	71
58	53
74	64
66	72
67	64
48	70
67	78
67	68
72	67
70	71
68	60
61	63
58	57
68	57
52	57
71	77
85	78
67	62
75	65
51	63
79	66
62	57
54	54
74	58
70	76
54	69
42	66
65	73
75	57
74	70
71	67
49	57
69	75
76	74
70	62
78	60
54	67
60	67
68	60
69	70
74	79
72	64
62	65
81	69
86	84
70	68
41	62
69	61
60	64
81	66
88	67
66	72
65	61
66	52
39	63
77	62
72	66
72	64
46	60
54	64
68	58
71	70
72	64
57	62
66	62
44	68
70	71
67	73
59	63
59	56
63	61
32	67
76	76
64	64
74	58
70	60
77	69
77	61
85	72
62	65
78	65
81	74
59	67
83	72
74	67
54	61
73	63
67	58
80	71
72	59
56	60
73	66
65	64
75	64
75	61
75	81
64	64
33	68
71	61
69	72
58	54
51	72
66	61
84	63
74	54
73	77
82	64
73	68
73	65
89	72
57	61
66	75
49	49
73	71
73	59
72	62
64	62
84	71
46	58
60	59
60	77
61	60
83	71
78	69
69	74
75	70
64	52
65	67
56	63
72	68
54	66
54	66
32	70
52	51
89	63
67	64
60	70
66	51
79	70
80	66
69	55
80	65
63	54
56	75
81	63
57	60
79	58
76	69
69	74
67	71
71	62
82	63
69	66
55	73
66	54
65	63
71	59
75	63
74	78
55	78
48	78
78	55
49	68
72	63
65	67
77	78
68	81
69	75
74	56
90	70
44	67
62	72
64	64
71	68
81	66
67	65
67	73
77	79
73	66
64	58
64	47
72	63
75	71
73	63
90	76
65	75
74	72
76	70
36	70
72	65
61	67
83	70
72	75
66	61
84	73
61	64
72	66
58	63
52	59
65	52
80	78
80	59
77	65
67	71
66	59
65	61
66	64
67	66
65	71
77	59
71	73
55	63
75	72
69	70
71	70
73	87
77	73
70	71
86	67
60	67
64	67
86	73
66	75
73	65
74	76
70	56
70	66
90	66
69	67
78	57
55	64
49	61
71	63
83	69
60	72
74	68
59	57
72	66
67	57
71	68
64	62
86	63
59	76
77	60
61	65
68	51
63	59
82	63
51	73
63	62
35	68
65	53
59	54
66	73
77	65
59	52
73	73
66	53
80	61
67	70
72	75
62	60
64	62
74	72
54	65
69	68
79	63
73	63
77	65
70	64
59	67
76	67
69	57
76	63
60	48
34	69
87	78
65	62
50	62
53	61
65	75
57	52
64	58
90	80
69	66
65	61
71	65
60	68
55	64
81	66
68	70
74	67
63	50
49	63
75	65
34	73
62	58
77	61
79	65
80	74
51	67
61	67
58	57
54	54
72	73
36	69
78	69
62	56
77	75
70	62
66	64
72	65
61	62
58	59
63	65
69	62
75	64
70	62
65	56
64	65
72	64
68	57
64	48
55	58
88	68
57	73
76	78
64	61
85	80
34	64
63	47
81	78
66	71
59	66
78	55
75	66
74	64
58	53
71	61
74	74
64	65
78	70
85	71
67	66
68	61
71	67
70	66
64	55
69	64
73	71
65	57
53	69
65	83
80	68
77	66
64	53
62	51
62	51
68	54
73	62
70	61
66	74
68	70
79	74
60	56
73	69
55	72
44	69
70	70
61	56
69	64
65	61
76	78
76	69
79	86
78	68
69	71
73	53
80	67
61	56
68	66
56	68
51	67
38	71
59	79
84	72
70	56
59	54
57	70
78	72
74	58
77	63
82	65
90	70
71	65
84	69
62	59
75	62
66	67
74	63
57	67
92	75
60	55
67	53
58	49
72	64
53	47
71	64
70	66
72	64
64	68
65	61
77	65
64	62
63	61
78	66
59	72
79	60
42	69
75	65
52	60
70	63
70	71
78	74
59	65
57	67
73	66
83	73
60	63
52	68
65	70
67	70
79	63
90	66
35	58
75	66
69	71
64	66
74	56
55	61
59	66
73	65
71	75
54	70
34	62
89	74
66	63
68	75
37	56
87	62
83	67
83	67
80	66
57	67
75	73
91	68
72	60
74	77
71	63
79	70
74	63
69	71
69	57
73	64
59	56
54	62
76	63
67	66
62	62
76	64
68	60
65	66
55	65
68	76
79	75
68	59
61	73
76	69
68	70
69	63
67	54
72	74
46	67
54	59
73	60
68	72
54	64
64	63
76	53
66	67
81	67
82	71
91	70
86	69
68	77
67	71
83	74
79	74
50	68
73	69
73	68
68	66
73	66
62	63
61	63
66	60
35	66
64	66
81	69
77	64
80	65
42	66
72	61
65	50
77	68
66	70
54	64
51	61
60	55
78	68
63	76
59	49
53	65
59	63
75	73
79	73
80	67
78	58
70	73
68	50
68	66
81	66
61	72
64	59
63	58
50	72
68	59
60	65
56	63
62	73
59	56
61	59
77	56
65	69
84	76
61	62
84	77
58	70
80	69
64	53
65	70
62	66
76	65
56	47
78	68
67	64
80	55
69	55
69	74
48	66
80	67
67	59
69	62
67	61
77	66
81	73
79	81
68	52
65	59
57	64
67	65
70	58
75	64
58	71
78	66
78	90
54	54
63	62
75	63
60	56
63	53
79	76
51	53
65	74
54	72
75	69
66	69
75	66
64	58
71	58
75	58
55	64
58	65
54	60
68	60
51	59
74	66
79	62
65	60
69	66
65	58
46	57
37	71
33	65
61	59
39	60
65	52
62	64
70	60
72	60
68	63
64	60
83	63
68	71
70	61
57	58
40	67
81	55
55	75
79	64
62	49
69	68
63	56
78	87
74	74
58	64
58	65
78	68
68	58
77	67
57	85
66	67
90	67
68	69
74	65
74	63
81	75
53	70
55	53
50	54
68	76
75	59
84	63
51	65
72	63
55	59
56	55
64	56
86	72
67	68
54	49
44	61
65	54
63	75
65	66
66	76
68	64
73	58
76	69
65	67
75	68
86	65
84	75
68	73
55	68
48	68
83	67
59	76
64	71
69	67
73	77
72	67
68	55
78	74
53	65
54	54
71	62
39	76
72	65
75	72
67	66
62	75
55	64
56	53
73	78
88	72
87	79
83	69
66	59
73	64
71	67
65	66
47	72
56	63
77	66
65	75
66	59
63	58
72	66
77	74
78	67
37	74
71	56
44	66
66	69
36	68
73	67
64	69
73	72
72	60
72	75
74	67
56	69
58	64
62	64
72	70
60	62
83	71
47	64
70	66
72	63
72	63
86	74
63	60
72	64
63	63
84	75
73	70
75	63
56	62
55	48
80	57
73	48
64	59
58	66
69	63
36	74
58	52
69	62
67	57
62	65
77	67
71	75
71	64
78	71
61	85
54	65
63	57
69	76
75	65
75	68
66	70
65	58
74	63
80	70
65	53
64	76
82	68
73	63
66	62
66	66
70	60
67	60
46	71
71	65
73	61
56	61
69	65
53	71
79	57
79	70
53	61
66	87
77	63
87	74
57	64
60	63
81	68
47	65
63	61
77	72
75	61
75	59
81	67
58	62
69	64
80	69
73	65
45	75
78	56
56	68
72	64
77	67
64	70
56	52
53	72
79	61
63	65
76	58
76	56
65	62
74	59
80	66
68	67
49	71
84	64
67	78
64	60
63	63
67	71
76	74
70	51
67	71
74	63
72	73
71	65
44	72
90	70
65	63
85	74
57	67
54	61
76	64
80	56
71	77
79	79
75	63
55	65
36	64
68	63
51	76
65	72
73	75
70	55
66	60
83	80
80	65
68	65
74	74
77	68
36	59
65	68
71	64
61	48
49	65
60	75
66	64
64	59
60	72
60	58
63	53
63	56
73	65
69	59
69	66
72	61
69	73
75	63
66	64
67	60
69	73
69	60
84	67
70	57
69	61
67	64
81	63
68	63
62	63
77	64
90	64
52	64
73	73
69	72
80	55
77	68
68	63
68	66
67	62
59	57
71	69
67	61
49	71
63	67
47	58
70	65
72	59
68	63
62	64
64	63
60	67
56	55
55	55
69	59
56	71
83	70
64	71
65	65
92	67
71	64
67	73
76	61
67	72
75	65
65	59
79	60
49	66
83	76
67	63
66	56
74	75
81	63
56	64
66	72
66	64
90	69
85	72
62	60
75	75
84	82
65	53
70	74
41	75
85	72
72	64
73	65
80	69
75	62
60	64
63	76
57	50
63	70
67	70
63	72
69	65
71	67
74	63
63	74
65	64
85	70
76	66
57	52
68	67
81	64
53	60
65	65
54	67
34	63
66	67
90	57
79	74
61	75
69	58
69	69
54	78
77	70
31	64
66	66
61	59
54	58
61	54
65	63
63	65
57	73
65	53
43	68
82	62
71	60
65	61
65	57
74	83
79	70
68	63
76	54
63	72
68	63
79	86
69	48
51	79
65	71
47	73
59	68
84	63
61	68
40	77
79	67
50	61
83	75
77	66
55	50
56	66
53	70
69	64
66	60
75	66
62	75
64	64
86	78
83	68
64	69
67	64
68	52
74	76
55	56
77	55
55	67
72	63
74	64
73	61
63	49
59	63
83	64
61	68
75	63
73	65
69	74
83	53
67	75
77	67
74	67
69	61
64	58
44	62
80	72
63	54
72	64
72	84
62	67
71	62
61	72
74	75
71	66
79	64
55	56
44	65
62	66
54	51
60	73
58	62
73	65
88	80
75	61
67	59
78	75
72	66
76	78
73	65
79	69
91	73
62	58
68	67
70	70
56	53
70	69
75	59
67	67
68	59
81	78
82	73
63	48
79	61
66	58
69	59
79	67
65	64
70	67
52	66
63	75
49	78
65	65
72	80
86	62
61	48
79	74
76	83
72	79
58	62
73	68
80	63
53	60
80	69
83	68
62	58
79	70
80	73
67	62
87	85
71	61
85	62
74	70
67	61
74	72
76	74
70	75
66	67
64	67
50	58
38	54
69	68
67	55
57	80
74	64
68	59
77	61
70	70
64	81
68	61
67	58
72	72
49	79
68	59
80	67
94	76
68	59
77	58
75	62
92	89
61	63
84	55
69	68
69	64
64	59
53	70
50	57
60	51
83	69
75	66
60	57
77	63
75	62
53	71
87	82
73	71
74	66
62	64
77	74
63	59
74	71
67	62
64	58
63	62
52	66
71	65
63	65
42	74
71	60
79	65
81	70
67	59
73	71
72	65
69	76
74	49
55	49
80	85
67	71
34	65
60	49
53	53
66	57
82	62
74	74
68	69
72	61
62	59
80	60
34	73
87	81
91	63
70	74
72	73
74	60
69	65
62	76
68	64
74	73
61	61
68	71
85	69
68	74
35	74
69	67
85	77
68	67
56	64
66	56
72	64
71	63
75	75
71	68
51	51
82	67
34	51
66	54
72	77
68	63
81	70
71	66
81	68
73	63
86	70
80	78
65	60
49	55
82	65
88	65
81	70
66	69
35	65
92	69
66	67
81	70
63	60
73	60
64	68
71	67
74	67
62	58
80	71
66	63
83	62
73	82
69	59
72	75
70	57
75	70
66	72
65	63
70	81
68	68
73	52
88	68
69	70
55	71
52	68
68	58
55	65
76	64
63	70
83	62
79	70
61	47
75	64
64	57
78	52
62	69
74	74
70	68
88	70
61	62
33	70
75	68
53	63
76	74
70	66
68	65
73	75
69	76
65	56
70	73
65	63
80	70
70	68
71	60
68	65
73	75
46	65
80	73
68	54
64	56
76	67
60	78
76	68
58	67
64	59
72	74
87	86
53	71
61	65
79	68
65	77
63	52
65	57
69	67
84	72
86	72
60	67
73	65
57	62
69	55
85	74
82	75
64	60
64	57
70	64
76	65
79	78
68	66
72	56
62	66
65	68
76	75
79	66
82	68
60	59
81	71
51	67
61	62
50	75
38	57
66	61
78	73
84	75
71	60
76	77
33	63
66	66
70	75
76	71
73	69
56	52
69	57
70	69
75	83
81	67
85	76
76	68
91	70
67	69
81	66
69	80
69	66
64	73
65	54
74	70
80	69
66	65
65	71
53	57
73	75
75	69
69	81
74	55
57	65
84	68
47	66
73	67
59	64
52	70
66	69
71	68
65	54
83	67
58	64
67	61
52	60
66	69
84	69
78	66
68	73
80	68
77	65
50	73
75	61
66	60
67	63
57	54
57	65
66	68
77	56
66	72
66	56
65	65
63	56
84	65
61	67
70	72
80	58
71	74
76	68
81	66
61	49
69	55
76	65
75	80
34	66
70	71
73	64
75	66
62	59
34	66
34	54
75	65
78	64
59	63
81	68
73	62
72	60
65	62
81	74
74	61
74	70
64	72
78	66
59	62
85	72
77	73
78	66
70	60
62	68
79	79
64	65
75	74
53	57
66	62
77	62
50	78
55	68
55	62
63	68
68	62
79	75
67	63
79	69
89	76
83	66
67	60
79	66
73	64
77	77
50	66
70	52
62	67
67	63
61	60
59	53
67	60
88	67
76	65
64	72
62	66
67	69
68	52
70	62
84	64
74	62
58	71
63	80
76	75
59	72
66	57
80	75
60	68
70	70
84	68
65	57
61	56
69	66
65	70
48	72
56	57
69	67
76	71
67	62
71	66
82	73
73	65
77	82
63	68
59	49
66	66
80	62
50	55
71	80
46	65
65	73
67	47
89	68
55	64
75	63
54	57
44	67
70	64
86	84
72	73
77	65
65	68
74	63
66	60
56	49
66	53
71	65
71	69
80	79
70	57
65	68
60	66
72	64
54	66
69	69
55	61
60	65
77	71
66	72
68	80
70	67
62	68
78	64
57	67
36	69
77	70
71	68
66	76
55	53
74	77
87	69
78	67
73	62
70	71
65	68
82	70
64	67
71	71
67	61
67	62
91	71
72	55
59	63
78	70
55	75
82	63
79	75
36	69
72	79
69	57
58	49
78	66
59	70
72	58
70	64
74	66
62	64
81	58
65	66
69	66
60	57
68	66
69	62
65	68
64	52
70	68
69	64
55	51
64	73
64	71
62	64
82	72
62	54
58	55
69	59
61	51
47	82
70	62
76	58
67	71
64	58
75	67
60	62
69	68
88	80
63	53
71	70
60	64
68	73
62	59
64	66
88	71
75	64
34	65
75	68
45	70
56	72
91	66
78	67
60	50
56	69
71	63
76	60
62	61
67	72
72	78
55	70
78	81
93	74
82	65
63	82
70	70
61	70
71	75
67	62
86	82
73	74
77	68
68	60
84	68
67	66
65	67
78	70
69	62
73	65
76	58
60	54
68	73
71	66
68	59
76	75
56	66
78	68
65	64
71	63
82	72
64	49
79	61
62	59
75	58
68	55
65	52
71	59
66	49
84	71
86	65
59	76
72	63
40	52
76	61
74	67
71	67
81	66
72	71
74	68
57	69
65	61
76	73
61	57
69	61
49	51
80	74
71	69
64	65
66	67
37	71
70	69
45	65
80	60
40	72
59	63
74	74
89	53
73	69
79	60
57	81
86	64
56	74
64	61
67	63
60	66
69	60
61	53
79	62
82	71
77	63
66	63
68	57
56	55
75	88
55	51
61	48
84	60
70	65
72	63
56	66
65	57
71	70
88	69
80	71
71	69
65	71
65	60
85	73
71	63
77	55
39	69
54	65
70	72
70	62
76	72
59	57
72	66
51	73
63	68
52	57
77	74
76	69
80	58
68	57
77	74
66	52
66	58
69	55
62	56
77	66
72	63
61	64
70	68
47	65
86	79
83	77
56	61
71	61
66	69
60	57
64	50
55	67
67	68
66	59
64	63
69	68
80	62
75	70
91	75
91	62
44	74
68	65
60	67
33	59
79	72
71	62
84	74
68	70
82	72
84	82
53	63
75	79
88	59
71	63
86	68
66	64
76	54
69	70
70	50
69	60
76	69
68	56
60	62
77	66
80	72
53	63
61	66
89	66
68	69
81	69
77	67
79	61
54	68
62	64
76	67
73	64
83	72
65	63
80	66
57	61
71	60
74	78
66	67
75	74
62	69
90	63
84	78
78	72
74	61
67	64
69	56
68	72
74	69
66	68
81	63
87	65
56	58
53	56
35	53
83	67
58	70
79	62
72	60
64	65
80	76
75	70
55	62
73	60
87	66
70	65
58	49
57	65
85	59
69	66
54	68
71	74
69	54
76	67
48	77
69	63
75	69
65	62
58	63
72	62
62	75
56	61
75	66
62	63
68	67
55	68
75	60
64	69
74	66
69	68
69	67
59	53
61	70
81	71
45	57
57	60
65	70
81	75
43	66
66	57
75	62
59	54
64	68
65	61
80	63
84	75
55	54
81	67
68	75
66	65
72	63
71	68
60	65
66	65
73	65
62	52
66	65
59	75
81	70
65	65
65	68
55	51
54	65
65	67
84	66
81	65
58	61
74	74
73	75
64	66
84	62
69	52
78	71
83	70
77	66
72	61
68	68
71	62
46	70
64	77
67	68
73	66
75	62
74	67
58	71
59	48
73	70
51	78
70	59
63	76
74	73
72	73
53	57
72	63
65	69
61	65
69	70
51	68
72	63
60	68
60	59
74	67
82	69
64	65
66	69
69	70
69	55
64	79
69	64
50	72
65	60
78	64
85	65
76	67
72	58
72	74
77	62
52	67
81	74
53	59
54	68
93	66
47	71
70	56
71	71
68	62
81	62
80	81
52	71
68	65
66	60
61	62
50	57
63	52
56	55
73	64
74	69
71	74
62	66
79	78
61	51
82	69
55	72
93	84
73	72
88	69
79	66
69	72
72	63
47	66
49	68
50	68
75	66
52	67
65	67
80	72
73	60
57	55
54	67
65	58
85	83
66	63
64	61
81	77
67	88
75	73
90	76
87	81
71	67
73	68
62	62
66	70
50	77
64	75
75	67
77	66
68	61
77	71
73	69
77	68
64	72
70	65
76	62
68	71
61	65
61	74
64	63
69	73
67	55
80	71
76	60
85	67
67	56
87	79
59	69
62	50
67	66
69	76
65	70
77	68
75	63
71	83
65	72
76	65
74	68
78	71
68	67
59	56
84	66
52	69
53	57
76	61
64	56
75	65
67	58
85	77
60	80
77	78
68	71
80	63
71	61
81	79
58	68
74	81
59	66
72	66
81	55
78	66
60	68
64	65
71	58
72	60
65	65
76	71
70	57
80	62
84	70
78	71
68	72
54	53
59	64
63	67
73	63
76	72
70	61
63	70
78	59
66	51
92	83
68	58
82	72
86	66
71	57
85	58
52	69
58	49
74	61
73	71
77	67
55	63
67	60
80	72
78	61
83	74
35	67
62	73
53	70
48	56
55	68
37	61
70	64
72	78
60	58
74	58
67	61
65	71
63	67
73	70
75	68
69	75
84	71
68	70
68	64
33	75
60	55
81	66
69	60
65	58
79	63
55	71
63	62
67	83
65	60
70	62
76	64
79	53
75	66
53	53
69	54
71	54
64	66
60	72
62	67
69	68
52	62
55	73
70	63
60	81
55	76
68	67
89	67
67	57
68	67
67	62
68	86
59	71
82	64
69	63
50	67
78	69
77	64
61	64
62	56
38	65
64	58
75	66
65	62
76	71
47	72
61	58
71	58
38	70
73	69
74	68
67	70
80	64
41	66
51	66
70	65
65	56
70	65
54	47
61	69
74	62
69	57
88	80
64	65
76	72
68	54
69	68
76	67
81	66
72	64
70	61
72	59
72	62
68	71
89	67
71	61
80	62
45	67
66	74
66	68
75	68
71	62
70	65
70	53
81	72
69	71
88	67
78	82
69	61
63	71
62	52
51	73
82	76
67	52
74	51
66	58
73	59
60	77
81	65
61	51
81	71
84	54
54	75
39	61
40	65
72	69
62	63
59	56
62	65
55	66
90	69
70	73
68	67
70	63
39	72
73	59
69	53
55	67
68	70
68	77
75	62
83	72
64	65
63	62
66	64
67	59
66	59
80	85
71	83
60	74
69	65
83	70
86	79
69	65
50	66
55	64
56	52
63	68
70	73
73	68
55	70
43	58
58	76
68	58
55	64
67	57
65	70
55	57
72	66
74	65
65	60
68	59
75	57
61	69
76	74
73	64
83	75
90	75
70	65
78	61
66	52
50	64
74	70
59	52
59	64
87	68
55	50
61	60
75	65
73	62
71	60
64	60
66	64
60	75
74	73
70	73
64	72
54	66
42	69
79	62
51	61
70	63
70	62
72	66
71	60
67	69
57	52
66	64
65	70
65	65
67	63
84	80
75	68
89	71
80	58
78	67
52	60
72	69
86	70
81	69
66	68
51	64
63	63
77	74
68	61
65	69
65	70
68	70
83	66
88	72
78	65
74	74
63	70
66	64
89	73
68	71
73	67
73	68
79	71
90	68
52	69
61	60
59	64
70	70
66	58
82	74
82	62
65	57
71	67
62	62
52	71
76	65
72	68
52	65
44	65
61	48
65	61
78	58
62	66
65	66
64	69
65	71
69	56
79	67
70	69
76	60
64	74
72	69
73	67
81	71
76	62
65	63
85	65
80	63
54	61
67	67
75	69
75	65
77	73
62	64
74	76
65	67
62	58
66	62
69	78
68	63
77	71
82	66
73	61
67	61
51	62
81	72
62	64
82	73
54	76
67	74
64	52
75	70
80	69
66	75
80	65
83	68
62	59
68	70
75	68
67	62
65	57
75	65
85	65
85	74
69	73
82	62
74	62
79	74
70	56
66	65
71	69
76	83
83	81
57	60
72	54
81	60
81	72
51	60
56	51
76	71
69	56
83	64
72	67
63	58
60	63
72	62
86	55
54	69
77	64
69	71
62	67
55	64
59	68
91	83
61	62
69	56
78	69
69	65
61	66
39	70
75	85
40	57
84	73
51	73
73	77
73	68
69	66
64	61
87	75
76	70
68	70
66	60
62	74
75	70
75	66
68	70
54	68
73	62
71	68
68	67
60	64
59	64
77	66
73	66
50	52
69	65
53	70
78	75
79	67
66	68
86	69
60	48
65	63
54	68
70	63
64	62
85	65
73	80
68	67
36	67
71	65
59	66
71	64
46	69
67	72
72	59
70	75
57	55
76	60
82	71
73	69
73	65
69	66
70	64
57	67
55	62
50	60
72	67
69	70
74	70
52	63
66	56
62	56
62	48
69	71
57	58
70	64
67	58
63	63
74	57
63	65
90	65
71	60
74	73
74	72
76	68
71	57
59	54
69	69
71	87
77	55
31	71
70	72
65	70
77	71
66	66
50	74
57	75
66	77
68	55
70	64
70	67
78	75
67	65
75	66
84	68
69	65
73	64
72	63
54	64
83	72
73	70
60	56
68	68
76	71
71	65
53	61
71	60
34	71
66	48
74	62
69	66
52	57
78	69
47	67
76	62
80	71
86	70
73	71
69	73
47	58
65	70
67	75
73	65
65	68
70	59
50	65
74	66
59	55
45	66
72	64
56	51
51	70
70	63
72	68
66	55
82	68
76	75
57	65
69	72
62	49
62	64
80	55
65	65
67	74
55	64
84	71
73	75
62	57
44	63
40	71
68	71
71	71
67	68
76	69
71	68
82	66
77	65
72	67
70	63
69	65
69	68
73	67
65	71
70	56
59	65
67	63
76	64
73	63
67	64
69	73
74	78
66	63
76	81
68	66
80	70
68	72
66	70
70	63
83	68
47	69
74	67
84	58
85	73
61	69
55	52
67	68
87	74
76	71
79	75
80	61
77	69
85	71
68	70
77	68
54	54
52	77
34	64
78	72
59	51
64	74
93	75
65	61
66	55
70	61
47	70
58	55
71	68
63	72
80	73
70	64
51	67
67	71
66	65
62	65
73	54
71	64
70	67
71	61
87	73
66	61
74	73
73	71
68	72
69	74
86	73
42	74
84	70
77	70
71	59
68	63
63	64
49	62
71	58
69	74
62	72
54	62
65	81
51	61
71	63
69	83
76	62
87	76
60	68
77	66
81	66
65	65
73	74
68	62
70	61
62	64
70	63
70	62
63	66
58	47
71	73
69	59
74	66
68	55
63	68
63	65
63	69
60	74
71	67
65	60
91	73
79	65
67	58
81	68
64	67
68	63
67	65
69	59
73	66
74	69
77	68
61	65
66	68
46	69
75	67
63	58
63	71
55	76
74	57
84	68
63	68
67	58
85	71
65	62
95	78
68	64
82	68
56	65
76	57
44	63
64	67
70	72
63	67
65	70
63	61
52	65
69	67
54	57
66	69
74	76
65	62
68	69
65	63
55	68
60	61
73	65
76	56
82	69
77	72
83	67
67	68
38	74
61	57
59	60
66	58
57	59
41	68
67	67
67	60
76	65
71	74
66	54
67	62
74	63
86	75
74	69
72	60
75	69
85	75
51	66
86	71
65	66
66	58
82	67
71	77
72	59
70	55
89	69
54	60
39	69
78	60
75	63
64	58
86	68
37	77
72	67
60	63
75	54
55	65
73	80
66	56
75	79
57	76
70	67
74	78
66	51
79	74
67	69
72	71
58	63
67	63
70	51
69	53
72	64
82	59
79	55
78	83
52	74
70	65
62	49
62	50
49	50
72	77
84	69
72	62
62	71
77	63
85	68
62	67
84	73
49	65
74	65
80	73
72	70
77	66
74	68
78	87
68	66
80	67
50	73
64	64
72	71
68	56
65	68
60	65
91	67
70	62
77	64
69	69
49	70
65	75
70	61
91	81
60	70
72	60
89	70
79	75
82	59
65	64
73	67
65	59
65	63
82	69
71	69
61	75
68	62
69	64
40	66
58	70
62	71
66	67
76	68
62	58
75	74
63	60
73	66
83	72
68	69
57	69
76	70
69	65
66	59
76	70
67	64
79	80
75	68
54	67
72	65
84	67
71	72
70	62
54	62
55	65
35	64
54	74
55	67
33	77
47	60
92	87
75	69
88	66
90	71
66	67
64	68
67	67
72	60
66	69
75	79
71	75
51	62
73	72
79	65
57	68
76	69
69	60
83	66
50	73
72	73
54	50
62	63
82	73
46	73
34	59
70	79
65	63
67	77
74	71
68	55
75	72
65	57
64	75
90	78
64	54
73	71
58	50
62	49
52	68
53	71
79	77
72	62
83	71
70	66
74	78
67	67
72	59
71	61
41	63
70	67
54	63
53	68
66	60
72	64
82	57
52	71
65	79
81	61
59	65
58	66
86	82
68	59
64	73
79	69
66	60
68	64
74	73
57	57
34	62
71	69
70	65
56	78
70	67
76	57
69	60
71	63
40	53
38	65
72	58
76	66
76	67
78	76
60	65
39	62
63	66
75	65
81	74
65	64
54	68
59	68
56	65
81	73
78	65
66	59
66	55
82	74
47	64
69	60
62	69
53	64
73	63
46	69
65	56
88	65
71	55
91	73
66	87
51	59
74	75
47	70
82	60
62	66
75	65
70	65
74	63
51	70
64	57
76	58
68	59
66	57
69	60
66	66
80	70
69	71
81	77
79	67
68	74
97	74
82	66
68	72
55	72
64	64
63	56
64	73
68	69
72	59
62	53
69	74
72	58
83	58
48	70
75	75
73	68
64	59
65	52
70	55
68	79
60	54
55	62
65	67
96	69
63	63
57	52
89	66
73	66
66	70
69	71
71	65
51	50
74	67
57	71
72	65
83	76
72	77
69	65
78	70
72	71
81	76
70	64
77	66
70	53
73	73
43	67
63	62
71	57
54	68
85	68
51	75
72	67
80	71
78	60
56	66
80	63
67	64
71	58
80	70
63	60
81	74
83	72
67	79
52	66
77	83
81	63
70	76
72	62
60	61
75	56
65	71
68	60
74	81
79	69
48	62
68	53
71	66
58	70
67	74
55	69
71	71
49	67
59	73
74	57
72	58
63	67
70	51
57	73
83	63
46	79
63	52
57	52
75	67
62	59
83	63
91	84
67	67
71	59
79	76
81	81
79	70
56	65
67	62
69	71
78	77
61	64
75	60
52	60
75	71
81	72
70	72
86	78
64	74
65	57
69	59
59	67
66	72
80	65
74	72
72	56
68	53
54	72
54	65
72	61
65	84
64	65
77	63
38	69
75	63
89	65
68	63
69	70
46	69
72	61
70	70
49	63
63	58
68	68
55	68
68	63
74	65
67	64
51	65
80	75
61	69
51	56
57	50
84	79
45	65
34	61
61	62
66	74
55	70
62	59
77	63
66	64
65	73
80	68
68	66
73	59
32	62
77	66
74	72
66	72
68	64
78	74
39	65
75	60
81	69
55	50
84	72
78	78
62	55
90	74
68	63
70	64
66	69
82	77
81	60
67	73
49	65
72	67
70	68
77	76
75	83
81	70
75	66
74	64
68	62
65	65
80	77
67	62
85	78
84	71
53	61
62	56
74	65
66	68
83	62
68	66
62	63
67	47
76	73
53	59
80	62
57	58
69	63
67	72
65	55
55	65
79	78
71	57
64	57
73	70
68	71
81	75
94	68
64	61
67	68
70	61
64	57
52	60
53	64
57	64
69	74
71	65
73	69
73	73
74	69
65	71
80	71
56	55
80	68
56	77
74	67
74	80
59	60
72	72
66	67
66	67
65	66
75	66
62	69
78	67
59	56
67	63
63	66
69	62
84	79
73	62
80	68
71	78
66	63
82	66
71	64
88	74
77	68
67	63
69	60
66	55
72	64
68	60
69	53
63	78
47	56
84	73
76	86
70	63
75	63
65	51
62	60
90	63
83	64
43	75
67	53
77	70
64	55
68	73
85	77
50	70
60	68
90	76
77	59
43	68
56	48
55	61
33	65
73	76
67	71
73	63
82	74
77	63
67	70
70	60
53	78
82	70
90	63
59	58
64	61
65	61
81	62
78	59
59	67
70	61
62	68
62	59
68	59
70	55
65	67
68	77
71	67
76	60
77	69
67	74
64	66
89	74
80	63
74	65
64	72
82	84
64	61
73	65
62	70
59	70
85	63
97	75
66	70
74	70
72	66
64	67
73	67
68	68
52	67
66	58
76	74
67	65
72	68
66	72
63	69
59	73
66	52
82	58
67	76
65	70
57	65
71	59
45	61
68	66
64	59
78	63
65	70
50	64
80	78
76	68
75	67
73	64
54	65
68	67
69	62
80	66
83	80
68	67
