40.9	0.0634013408629371
44.3	0.0946979958534899
31.5	0.0776615502771121
41.9	0.0823993183074204
46.5	0.099099164909601
43.7	0.0982749446918144
31.5	0.0815765695591213
34.8	0.0643173198482933
38.4	0.0629283945402582
36.4	0.0738902903168702
38.4	0.0717212337342084
33.8	0.0724188860831864
30.4	0.0756264055565506
39.5	0.062339609558533
33.1	0.067591749263327
40.0	0.0631914418156919
45.4	0.1003183694758959
34.3	0.0671391127075041
45.5	0.100950025324174
37.4	0.079813445195862
44.3	0.0951221898482559
31.8	0.0774342193134766
44.1	0.0928575941803636
35.7	0.0728573350674978
40.9	0.0643062692360275
33.6	0.0662607853785574
43.7	0.0999420812650384
31.7	0.0794602698650674
36.5	0.0704067237576745
41.0	0.1502517370733158
31.5	0.0802609592824314
36.8	0.0787335451089578
40.5	0.0638217757472721
32.0	0.0775067279160764
40.8	0.063050831569162
40.4	0.0642921883916882
39.9	0.0804035454894517
47.0	0.0945803715079713
40.5	0.066805144965588
34.7	0.0818672824013653
31.9	0.0770325136733
40.9	0.0644506630977004
34.5	0.0618675078631034
29.4	0.0808752753951787
34.5	0.0635853856007698
34.6	0.0815970386039132
32.9	0.0777126099706744
39.5	0.0674036333753998
33.9	0.0635268160217243
44.5	0.1060039153747463
44.3	0.1058376176058198
40.4	0.0830111868018791
39.8	0.0626596001799386
41.2	0.1493178789986911
39.6	0.0614202298385594
41.0	0.0822339672895251
43.9	0.1001559914014495
33.0	0.0669964071628022
36.8	0.0713924314349915
35.4	0.0618797134887565
44.8	0.1044868368724621
31.1	0.0765350444407146
35.7	0.0664492433950241
36.3	0.0723235204237547
34.4	0.0748672086720867
38.2	0.0712971070171363
28.8	0.0771568614771801
29.4	0.0825260208166533
39.5	0.0617800497706353
43.9	0.137360169400894
31.5	0.0774695682061249
36.6	0.0779124394022689
33.7	0.0753262878262878
34.8	0.0752283837289035
31.5	0.077288023868998
37.0	0.079144866948707
34.0	0.0644866813351434
31.2	0.0777729540078145
34.1	0.0755380390444564
45.1	0.1030266011817207
32.6	0.0637096256753115
31.5	0.0775817641228939
44.1	0.0915277842001757
44.9	0.0956967906107763
42.9	0.1501227938525109
33.2	0.0672775695629342
36.4	0.07437050885085
44.3	0.0918024139496817
40.1	0.0641665945045046
44.3	0.0995121079250917
31.2	0.0774965778735211
32.5	0.0837241362332754
30.4	0.065081639844943
35.3	0.0801104028389301
44.0	0.1366870218208825
32.6	0.0634374961356301
40.6	0.0635650854567361
40.3	0.0832835117329868
35.4	0.0622133616102791
34.1	0.0666508944080036
39.8	0.0633849435980076
29.0	0.0802102831653988
33.2	0.0668358226169194
37.4	0.0806016609167631
38.9	0.080188939990271
35.1	0.0637953536256902
35.9	0.0633634049044202
32.2	0.0764783206841606
32.1	0.0735127897473351
32.8	0.0739424868950008
34.0	0.0617223133207479
39.4	0.0627458019271589
42.1	0.0818299473938758
42.9	0.1280895457857274
31.8	0.0643292453539989
37.1	0.079805844935122
44.6	0.0996080987109016
43.0	0.0883097814174459
34.6	0.0674624644934397
45.0	0.1024730086787859
37.6	0.0793020076567856
35.7	0.0727623538243194
37.1	0.0647328893956973
38.6	0.063065458726643
40.5	0.0636845105456806
33.1	0.0674775800851108
35.2	0.0638672944268038
37.7	0.0721872442759565
33.7	0.0660991139537519
44.9	0.1037766855588757
36.1	0.0792281792281792
44.3	0.0994795489424167
31.4	0.0757295811563201
31.5	0.0651893584685528
39.2	0.0610051837195231
42.6	0.1489768223942896
33.4	0.0830149859272145
43.7	0.1345463677590985
44.9	0.1075680706994251
34.8	0.0626138616245194
43.9	0.1327137114048452
44.1	0.1468739490867069
44.5	0.0981745737583395
31.3	0.0778652684523601
33.5	0.0637551720657987
40.9	0.0824015685443272
35.2	0.0645974639064029
33.0	0.0722425144646173
33.3	0.0629629189128114
38.3	0.0613295882388095
38.5	0.0716242179141764
36.5	0.0783642768358528
26.4	0.0884538179417411
40.4	0.083215174717207
44.5	0.0895241328031552
39.2	0.0626149594685593
38.7	0.0719438567806581
40.4	0.0634149901476634
44.0	0.100070884131274
43.0	0.1298198937917208
41.3	0.0657452163982566
43.5	0.1252237266008296
39.7	0.064055181674313
33.5	0.0750429546190625
38.4	0.0630495476837241
41.1	0.0647273719597517
44.4	0.0914881438418781
38.4	0.0631131899977887
35.5	0.0717740867307743
46.1	0.099462991475459
44.6	0.0994465396393828
39.5	0.0619325958885594
35.8	0.06310534537798
43.7	0.1357648915597873
40.5	0.0638553572800807
35.1	0.0620967879210853
46.8	0.0966023317067926
30.3	0.082129635573816
40.8	0.0821806525271154
37.1	0.0733014108456251
40.3	0.083015240433391
42.5	0.1500539377013321
33.7	0.0791814201717213
33.8	0.0665749007894464
42.7	0.1501400708282678
33.0	0.064415440004472
32.5	0.0643311717234246
31.6	0.0773554665342538
35.4	0.063987290065488
35.4	0.0799612180101856
38.6	0.0635847736758962
31.1	0.0779144895382746
34.3	0.0619306681257261
36.5	0.073197737907137
41.8	0.1512104560451079
37.5	0.0793571500357664
44.0	0.1377439678449455
44.9	0.0963012608386042
30.2	0.0807818342350243
42.6	0.1500222691920531
36.7	0.0787416864896354
35.2	0.0639316955913865
37.1	0.0803386113727387
33.4	0.081014519389818
31.4	0.0762145992533395
33.1	0.0835259787016333
44.5	0.0947646659931634
33.0	0.0830251188827166
31.5	0.0763409970888617
35.2	0.0633843755367358
34.9	0.0626722474851867
36.4	0.0660233171294389
29.3	0.0749135650812835
33.3	0.0776840921866216
36.5	0.0730930145201611
40.3	0.0831194683224206
41.0	0.0643530504212188
33.3	0.0666693292557683
39.0	0.0621959164865159
34.6	0.06320523219401
44.0	0.1133133311965026
35.5	0.0808965212312428
34.8	0.0621594426819009
35.1	0.0635688630879939
36.3	0.0750838687667026
45.0	0.1099319306930693
39.3	0.0610857888613818
40.7	0.064740141762935
42.6	0.0880558253452134
31.7	0.0763817673892287
42.5	0.0873943436022322
40.1	0.0835523546210647
38.3	0.0729020690161617
43.9	0.1354208595448115
44.3	0.0971097763738637
35.1	0.0791605067517383
35.5	0.072173411561163
47.1	0.0991935661043546
42.4	0.0823432637556003
36.1	0.0662969324200558
43.5	0.1476401655094258
39.0	0.0616381060716519
35.3	0.0642464890072424
29.5	0.0826619400580083
35.1	0.0685849110024726
33.0	0.0762784533832241
34.3	0.0623866236771426
33.2	0.0744719013902284
33.1	0.0634457199964125
31.8	0.0776407817010254
40.6	0.0660941019029278
44.0	0.1463175699800057
47.1	0.0963511581355447
40.5	0.0646617233294913
31.1	0.0776537715638139
38.3	0.063173725894912
41.2	0.082069039374576
32.0	0.0807374593447538
43.2	0.1271755048299767
32.2	0.0758818909479805
34.7	0.0676474782526025
44.3	0.1007563820322984
39.9	0.0646740800524092
41.2	0.15134578146211
43.6	0.129853750752493
34.8	0.0625428483908454
40.6	0.0658277185630066
35.4	0.0793334952330964
37.1	0.0801712653540462
44.5	0.089164148018857
44.6	0.0995644307444883
44.3	0.1219166872329094
32.9	0.071412628440696
38.9	0.0721725341978506
31.7	0.0801458928005074
33.9	0.0664626013808274
32.8	0.0708274738275407
40.5	0.0820452974446375
39.5	0.061371035737839
39.5	0.0618190544756419
33.4	0.0761364790090867
32.4	0.0850884254030804
30.0	0.0639621041450732
32.3	0.0796497004338965
34.5	0.0794897324788362
39.7	0.068114576473968
40.5	0.0645728163838827
45.1	0.099781511676872
37.0	0.0799906310245214
39.5	0.0622619262073596
41.5	0.1502215995277063
46.5	0.0995300414262221
43.9	0.0942574365853992
39.5	0.0618716004615131
42.6	0.0873254996484885
33.7	0.0622763190531873
44.2	0.09358991881475
33.6	0.0656436555441911
32.2	0.0678756310601811
42.8	0.1478727559419619
37.2	0.064771651398395
30.4	0.0812415821658023
30.4	0.0826730551984729
42.1	0.0827951643221197
41.5	0.0647434399790776
44.5	0.090271991630197
38.7	0.0621122938107993
33.5	0.0664849023867496
33.9	0.0666240597135308
43.2	0.1485419226548357
34.8	0.0629381602065781
35.6	0.0635775180972847
42.3	0.1503151511206578
38.4	0.0715126316171476
34.5	0.0625631210517953
39.1	0.0722479933098415
35.5	0.0644967277620338
29.0	0.080078673784771
35.3	0.0635182231600482
43.8	0.1462371352869458
29.4	0.0830545519425487
44.0	0.1327580683911267
34.9	0.0727159307403098
37.4	0.0809378091444755
33.0	0.0757524648997174
33.3	0.063886799736434
32.4	0.0680096512721493
36.8	0.0800002303988203
33.0	0.0735966292302118
44.8	0.099448560149474
35.2	0.0689775970717512
35.7	0.0639168693277278
40.7	0.0637529353852113
34.6	0.067360971249665
32.5	0.0806789711340354
44.8	0.1093491283222301
33.5	0.0762600209317275
35.0	0.0629613110771595
35.6	0.0718511029309083
43.3	0.0889994765830705
44.0	0.1376874344833872
34.0	0.0696892511462047
39.9	0.0638911128903122
33.4	0.0806667949170113
31.3	0.0801558136116419
39.1	0.0627350035713804
40.2	0.0821289247594718
47.0	0.0995518952085313
33.6	0.063193656147634
36.8	0.0722641905361452
36.7	0.0659207576896506
35.7	0.0786624988650955
32.8	0.0840315862268611
34.1	0.0850263032415911
30.4	0.0831867732288489
35.5	0.0625745929789521
31.6	0.0657083394582717
36.6	0.0744813079644325
31.3	0.0783328713968957
38.4	0.0722685425865847
35.0	0.0628423390081421
30.3	0.0652951421285065
40.3	0.0634651301641035
38.5	0.0614398954011668
35.0	0.0623721932017924
38.4	0.0614434960123668
35.6	0.0707797314191232
37.8	0.0722581218875978
38.7	0.061780572360498
32.9	0.0743582248047678
34.8	0.0810582902919785
32.3	0.073644204851752
35.5	0.0808919852328212
44.1	0.1139699606320925
35.9	0.0641748761720249
43.3	0.1478228797695182
32.8	0.078525020694255
31.1	0.0656980052875368
40.9	0.0817799487437846
44.1	0.1231076931891278
33.9	0.0638879616721318
33.4	0.0633620689655172
43.4	0.1292681999413343
39.8	0.0635207825665589
42.3	0.0822637695805962
42.1	0.0827058521352385
36.0	0.0629732198096809
34.5	0.0677498880511213
38.5	0.0800879588343792
33.9	0.0789708977948539
35.1	0.0669193931709127
36.5	0.0655535373137836
31.5	0.0731532918981354
34.9	0.0826731893192757
40.0	0.0631884811310947
36.7	0.0658526894415773
31.1	0.0770417318926348
39.9	0.0820469348328102
35.2	0.0632818268397342
35.4	0.0845145446369893
34.1	0.0640570159217963
38.3	0.0714321106940676
33.6	0.0799209379533611
38.8	0.0613665461243008
41.2	0.0815280012174442
35.9	0.0730324650185277
39.3	0.0616349325100365
42.0	0.1505718193061889
33.3	0.0650727078407876
34.9	0.0853768517138891
40.0	0.0815104970152257
43.9	0.1160174026103915
31.5	0.0840571161239143
42.6	0.1502499385397033
46.1	0.0994304227588666
30.5	0.0819989513169039
31.7	0.0778261334417684
44.7	0.1002320913310751
30.4	0.0741712656891251
40.2	0.063830641856836
43.8	0.1003435637276281
32.1	0.0781371187388394
33.5	0.0646872763054885
33.5	0.0710564025464539
39.9	0.0641318358823861
45.1	0.0997767966642138
39.5	0.0671070019433484
33.3	0.0828026571984881
37.7	0.0802362052953442
42.3	0.150785097066792
35.0	0.0621375265753583
38.1	0.0724669959186855
34.0	0.0634114823703156
33.6	0.0663391157129005
44.0	0.1365141287119516
38.3	0.0718336483931947
35.2	0.074217112087039
30.9	0.079598492942698
42.0	0.0816925158117607
31.5	0.0766919201464449
44.5	0.0999890200578749
39.7	0.0814501432963786
35.2	0.0812560840889452
35.5	0.0805270001979996
32.9	0.0791438257357184
34.8	0.0688580476620995
33.7	0.0720812506893769
31.8	0.08054988388223
33.7	0.0655094557430482
32.3	0.0854031365161205
37.0	0.0809483004855755
33.7	0.0776139162377973
37.8	0.0649093078289598
40.6	0.0818010154840334
40.0	0.0629638945261221
33.9	0.0633503880143944
32.9	0.0679512113708433
33.8	0.0811017926332299
31.7	0.0817038433487911
38.9	0.0715782101825075
44.5	0.0955567336762619
40.6	0.0836183427891654
33.2	0.0841898751623886
34.1	0.0655516375725073
37.2	0.0799019315734363
39.2	0.0625802128911598
42.5	0.1493668525109137
31.5	0.0809221016140848
37.2	0.0804395395300161
39.2	0.0623162208547321
33.9	0.065963193244992
43.2	0.1475712850202354
40.2	0.0830696179456741
40.2	0.0813164411856946
44.6	0.089567013398399
30.8	0.0813818844082697
32.2	0.0679516679268454
34.8	0.0671762151200053
46.5	0.0995958164923538
33.7	0.0668957855471728
43.6	0.1301362746491967
36.1	0.0706688738296001
32.8	0.0846030283703021
36.8	0.0651544669262
46.4	0.0997851046847178
41.5	0.0815260268238097
44.3	0.0892202768729641
34.1	0.0746020976004881
33.0	0.0734786880448188
43.9	0.1363552473534048
32.3	0.0703774151566723
32.3	0.0686381346191165
28.2	0.0847035557758277
44.2	0.0974534452328638
36.8	0.0803537544667118
43.9	0.0894571919539068
44.1	0.1366863413893733
32.0	0.0824301051628742
44.5	0.0982225256792142
42.8	0.1506996857457495
39.5	0.0612643882819946
35.4	0.063051599944504
39.5	0.0623658527340065
33.3	0.0672511324359717
32.3	0.0681327380980264
33.2	0.0707781456953642
43.1	0.1496993386158935
31.0	0.0760507004669779
44.6	0.1125752992445344
39.5	0.0618259785737602
44.4	0.0973188851030553
32.9	0.0660407033437136
44.8	0.1078807914823277
39.5	0.0603156217581245
29.7	0.082267519317879
39.4	0.0612085585928576
29.0	0.0783830709187232
35.9	0.0721258134490238
40.6	0.0635838217038598
34.5	0.0776052399175743
33.7	0.0772125225767609
37.4	0.0802561501013099
36.4	0.0784570733077427
44.6	0.1000705521472392
43.2	0.1254952443380902
37.5	0.0644922232387923
42.0	0.0825337894767813
43.2	0.1261691358675594
43.0	0.1493114888310303
37.7	0.0728408821192326
30.2	0.0827084598432073
39.2	0.0614009112354773
40.6	0.082771941658003
31.2	0.0818274338479869
33.0	0.0741095176182524
42.3	0.0827844868862052
35.9	0.072935051182492
44.1	0.1125502654327583
40.6	0.0643990155206188
33.4	0.0681849410926486
33.3	0.0835374422806665
44.0	0.101581584185289
34.9	0.0727385229540918
41.4	0.06488754451871
39.1	0.0624216750404267
35.2	0.0667132225327254
31.8	0.0763589970964586
44.2	0.1314439803309892
33.1	0.0627986278582042
29.0	0.0793360822589905
34.5	0.0640815666920986
42.6	0.1498728928597872
35.4	0.0636860434864365
35.8	0.0666360563061005
34.8	0.0686676313156299
40.0	0.0644640627584628
46.8	0.0991065324875598
43.9	0.1310883215080479
39.5	0.0809216539568639
41.6	0.1508084012241304
38.6	0.0633226374368714
44.8	0.0992643287366091
35.5	0.0713917335887423
36.9	0.0711521713545957
34.7	0.0675999647442489
44.6	0.1068892462414171
35.3	0.062528525043358
39.1	0.0623438856717567
42.7	0.1506451857210384
46.5	0.0998408827096892
30.5	0.076179003577914
37.5	0.0725848846001512
30.6	0.0650811333695423
34.5	0.0634567471855238
44.2	0.0967906497736689
33.1	0.0665243972176878
35.9	0.0642217473370862
38.0	0.0627082870976362
43.9	0.1244656526493687
36.4	0.0787240975014046
35.2	0.07388195004029
35.3	0.0729504219851571
31.9	0.0823575250300917
35.6	0.0714442024808386
36.7	0.0779198640128389
33.6	0.0665659328759774
31.4	0.077961194777719
33.3	0.0839973381940225
33.0	0.0676594653802232
40.3	0.0635652726432532
29.1	0.0824156155903223
31.2	0.0774476120027641
34.7	0.0621981107842891
33.4	0.06365805370831
32.1	0.0643675535761866
36.8	0.0781196103461212
35.9	0.0742247988307461
31.4	0.0804621864702559
44.5	0.1059437712534125
32.2	0.0658545066897735
44.4	0.0949931848156589
33.1	0.0714114758312575
44.1	0.1358876260983715
39.8	0.0811669570899586
38.0	0.0803607096862507
39.5	0.0669459936463113
33.5	0.0763987908515371
44.2	0.0970274494551164
33.6	0.0642937935198279
41.4	0.1512258971669615
32.9	0.0709188509574536
34.3	0.0812733336512273
46.0	0.0988648916896951
34.7	0.069383852407156
35.6	0.0710228703491267
35.2	0.0621292116293274
40.2	0.063202580419709
33.3	0.0702339183610218
31.2	0.0762461126876584
44.5	0.0987154766078454
34.5	0.0625733703066799
36.4	0.0779539485036139
35.1	0.0826511150234741
37.9	0.0800317245902006
41.8	0.081108718470345
47.0	0.0949194741676437
44.8	0.095781248701635
34.5	0.0698215531461282
43.9	0.0992508259440463
44.1	0.1312038930304434
34.7	0.0624922587437489
38.4	0.0721137712771497
39.3	0.0622688328105248
35.7	0.0718251624335499
33.2	0.0759596393558049
35.3	0.0637754694514045
40.6	0.066553511144685
35.5	0.0792050363237167
40.2	0.0644419867306544
36.2	0.0761958135608023
44.1	0.132072034195221
35.1	0.0695367969958819
33.4	0.0696600004772295
32.6	0.0811068790503748
34.0	0.0829040989181881
33.1	0.0772208952923954
33.7	0.0660520691164731
33.6	0.0821440004878271
33.3	0.0680357321689666
44.1	0.1376458447662904
34.9	0.0634315253099343
38.5	0.0718733971142481
39.5	0.0803770069592854
33.5	0.0636067418426743
34.0	0.0749223253179765
33.7	0.0797834898905313
35.8	0.0722347244953627
32.3	0.0827850758151485
36.8	0.0793651601736009
44.0	0.0984828119224436
38.8	0.0716277860502493
40.4	0.0641575498918009
33.0	0.0674761649945026
40.4	0.0644110249605384
46.5	0.0997090369319487
41.4	0.0826497321536458
32.4	0.0760150298361163
39.2	0.0803812471192467
44.3	0.0914716952376805
44.7	0.1048111701590252
39.8	0.0818716414883909
43.3	0.1001261898883493
39.7	0.0610217883009572
34.9	0.0630798963905083
31.4	0.0774685977689429
45.8	0.1002685114877563
33.0	0.0759018249898991
31.5	0.0834636372969429
46.2	0.0998192799414171
