40.9	0.162235518305927
44.3	0.2192873319381933
31.5	0.1779794740913724
41.9	0.1937687325303368
46.5	0.2141177217287668
43.7	0.2278339797205738
31.5	0.191288825419493
34.8	0.1553135298372928
38.4	0.1555674284717375
36.4	0.1723529514019666
38.4	0.1700591574476322
33.8	0.1594739072329606
30.4	0.1788824960771382
39.5	0.1571676096862254
33.1	0.1566618404852022
40.0	0.1612089197640075
45.4	0.2283272997213691
34.3	0.1626009991981743
45.5	0.2291205086215201
37.4	0.1937572725336658
44.3	0.2233177492688016
31.8	0.1703954401948827
44.1	0.2162042578295619
35.7	0.1563110645407946
40.9	0.1654234602944088
33.6	0.1610867020074802
43.7	0.2187964110163658
31.7	0.1805665839278233
36.5	0.1660834179044038
41.0	0.2966360137497429
31.5	0.1814784053156146
36.8	0.1956274523865628
40.5	0.1576442144778045
32.0	0.1712456348550967
40.8	0.1596336265278102
40.4	0.1574045258630976
39.9	0.2002175575093881
47.0	0.2036321936251487
40.5	0.1646738384069581
34.7	0.1821053164517523
31.9	0.1698035893357308
40.9	0.1603741606753459
34.5	0.1548563394784261
29.4	0.1849522532312885
34.5	0.1538580914340956
34.6	0.1935168872713785
32.9	0.1756969578110978
39.5	0.1643598457404422
33.9	0.1574053964170939
44.5	0.2393843905797882
44.3	0.2378316303227237
40.4	0.2030756666064987
39.8	0.1605995219798505
41.2	0.2963479512425768
39.6	0.1576823434031009
41.0	0.1999198427058314
43.9	0.2189084978187374
33.0	0.1562509903343368
36.8	0.1654855842557218
35.4	0.1539424350284695
44.8	0.236253820556419
31.1	0.1691285226407213
35.7	0.1581005549595369
36.3	0.1730657176153371
34.4	0.1692653673163418
38.2	0.1697760139653754
28.8	0.1815490797546012
29.4	0.1873731608320649
39.5	0.1573619255904572
43.9	0.2822803021220477
31.5	0.1724927572260414
36.6	0.1923640207327788
33.7	0.1697403871084106
34.8	0.1685569337831018
31.5	0.1820887792157928
37.0	0.1947403649146472
34.0	0.1602329437144646
31.2	0.1742040547887256
34.1	0.1667102365007675
45.1	0.2359403857993023
32.6	0.1562892909856229
31.5	0.1751936181883053
44.1	0.2132213292301752
44.9	0.2215682770626653
42.9	0.2945495853348875
33.2	0.1561866353477607
36.4	0.1735627710441454
44.3	0.2128908735601628
40.1	0.1650342523325208
44.3	0.2161079394952004
31.2	0.1764297830550843
32.5	0.1850749592253109
30.4	0.1610603203777351
35.3	0.1980438241935789
44.0	0.2821617538224375
32.6	0.1559747635394031
40.6	0.1616669348574286
40.3	0.202765297843225
35.4	0.1540207024089413
34.1	0.1545793141462262
39.8	0.1639796715060999
29.0	0.1882450294097912
33.2	0.1553004886310049
37.4	0.1946345307288056
38.9	0.1976631641175141
35.1	0.1550119273049209
35.9	0.1519962694580283
32.2	0.1662311899985936
32.1	0.1539067550096962
32.8	0.1666861512981635
34.0	0.1500487807281632
39.4	0.1623361910817784
42.1	0.195067264573991
42.9	0.2730890427443232
31.8	0.1513002667213787
37.1	0.1968339947799348
44.6	0.2165488784188224
43.0	0.2041926149241907
34.6	0.1645581997775048
45.0	0.2350810101087358
37.6	0.195424184355045
35.7	0.1741061924738588
37.1	0.1581000341944107
38.6	0.1562755271378924
40.5	0.1583444562586249
33.1	0.1560908839683581
35.2	0.1586288112285116
37.7	0.1699330219593524
33.7	0.1525973332105862
44.9	0.2330329597907677
36.1	0.1946906394261749
44.3	0.2167955079655262
31.4	0.1682238718023393
31.5	0.1637948050922645
39.2	0.1554274520435692
42.6	0.2963698525499533
33.4	0.1856563620198542
43.7	0.2802196129990443
44.9	0.2457173091699969
34.8	0.1551065870816457
43.9	0.2831334292554493
44.1	0.293852408582527
44.5	0.2288475693989291
31.3	0.1806767397318578
33.5	0.153370123617162
40.9	0.1968417038389534
35.2	0.1604615869762308
33.0	0.1716182647949625
33.3	0.1514185239747184
38.3	0.1564968790203459
38.5	0.1703756176785652
36.5	0.1941912390662571
26.4	0.1577787248778018
40.4	0.2053281155930162
44.5	0.2106016387922325
39.2	0.1609382878009858
38.7	0.1694262020581574
40.4	0.1580383900779383
44.0	0.230772856490551
43.0	0.2752203062986299
41.3	0.1613418993797249
43.5	0.2707006104443957
39.7	0.1635842698226871
33.5	0.1691351199051603
38.4	0.1572506375168515
41.1	0.1612849260107375
44.4	0.2128211311761451
38.4	0.1563404412627208
35.5	0.1683068806379486
46.1	0.2149678451355136
44.6	0.2165788692827333
39.5	0.1557355120118534
35.8	0.151673259148672
43.7	0.2798697193332554
40.5	0.1626608808630361
35.1	0.1545049101330055
46.8	0.209786597079918
30.3	0.1786250853630776
40.8	0.1974121113419385
37.1	0.1712936462507155
40.3	0.2027194541022023
42.5	0.296777495168916
33.7	0.1490796616240941
33.8	0.1560247001390191
42.7	0.2975344405471574
33.0	0.1569718991165192
32.5	0.1501313641184521
31.6	0.1720481059616405
35.4	0.1531896656534954
35.4	0.1960942980396922
38.6	0.156481276469452
31.1	0.1751879126460132
34.3	0.1546177270295426
36.5	0.1714426785989816
41.8	0.2983714102596395
37.5	0.1943899685030011
44.0	0.2818379160636758
44.9	0.2217911636848576
30.2	0.1795027594916151
42.6	0.2973056217340371
36.7	0.1972195738220747
35.2	0.1502942711614261
37.1	0.193529196826806
33.4	0.180071941195892
31.4	0.1687226811484174
33.1	0.1908730648245235
44.5	0.2188141514990364
33.0	0.1858111877708143
31.5	0.169622681510515
35.2	0.1557743010353465
34.9	0.1558757803201438
36.4	0.1586950060888271
29.3	0.1793197797250026
33.3	0.1761362632443797
36.5	0.1737579199901576
40.3	0.2056211936662606
41.0	0.1610204699510537
33.3	0.1566303320716915
39.0	0.1564134361531817
34.6	0.157409144366121
44.0	0.2517009729834394
35.5	0.1987176744729944
34.8	0.1545626952253458
35.1	0.1590733678123196
36.3	0.1703046429296232
45.0	0.2442110174928814
39.3	0.1556564312343064
40.7	0.1594939578126274
42.6	0.2027975284025548
31.7	0.1690200374926034
42.5	0.2057128968286848
40.1	0.2046412433838006
38.3	0.1696029515543945
43.9	0.2826447230740385
44.3	0.2252711152636457
35.1	0.1511805290711784
35.5	0.1726556268147155
47.1	0.2115286142823372
42.4	0.1936888399014035
36.1	0.1595335815853902
43.5	0.2940537241970121
39.0	0.1550604439811558
35.3	0.1604916545964019
29.5	0.1543458215928583
35.1	0.1660259674291357
33.0	0.1664593475883072
34.3	0.1526911266343794
33.2	0.1687633963019062
33.1	0.1526875581819958
31.8	0.1713603849115195
40.6	0.161656170694991
44.0	0.2924019861979976
47.1	0.2058670394213752
40.5	0.1660363588110403
31.1	0.1761063153800694
38.3	0.1558269060851533
41.2	0.1988634241502256
32.0	0.1504801547353776
43.2	0.2752596883455341
32.2	0.1665145663995491
34.7	0.1613731923371934
44.3	0.2195356919112519
39.9	0.1638713473458544
41.2	0.2974597662576419
43.6	0.2758844586946154
34.8	0.1542403583648571
40.6	0.1616826988765068
35.4	0.1971181850148841
37.1	0.196683023567676
44.5	0.2078521361815754
44.6	0.2172806860051208
44.3	0.2624999318210329
32.9	0.1701512300508746
38.9	0.1709555903510563
31.7	0.1802330071593516
33.9	0.1536000120025405
32.8	0.1669260887704997
40.5	0.1990950094572966
39.5	0.1576545611351375
39.5	0.1568976645257279
33.4	0.1706529538387945
32.4	0.1963699740382968
30.0	0.1571173889193637
32.3	0.1781829755150976
34.5	0.1491660631975815
39.7	0.1675833981382291
40.5	0.1651799263897852
45.1	0.2173932636962837
37.0	0.1933067378711308
39.5	0.1615860574291505
41.5	0.2977466675061098
46.5	0.2151665287981604
43.9	0.2143335413947681
39.5	0.1581381201630454
42.6	0.2023398595094925
33.7	0.151859857189944
44.2	0.21641513979226
33.6	0.1526953281630497
32.2	0.1595700695647979
42.8	0.2960385253410582
37.2	0.1590709421340447
30.4	0.1521574522106531
30.4	0.1875832828588734
42.1	0.1961362630880401
41.5	0.1610349363074539
44.5	0.212816462355605
38.7	0.1587101983170702
33.5	0.1540030609685559
33.9	0.1557290243235856
43.2	0.2973693278617023
34.8	0.1572845721976782
35.6	0.1519041102354773
42.3	0.2971452605015509
38.4	0.169413424992917
34.5	0.1545291830154908
39.1	0.1725540858431992
35.5	0.1580723582484427
29.0	0.1885327891809706
35.3	0.1545785133974351
43.8	0.2924045669688284
29.4	0.185926458258474
44.0	0.2792465340206555
34.9	0.1714036168723565
37.4	0.1962635069586386
33.0	0.1696455846807689
33.3	0.1527563252354649
32.4	0.1583699053310091
36.8	0.1935316070575284
33.0	0.1653623113427177
44.8	0.2170580458201859
35.2	0.1646346068289473
35.7	0.1536960715538407
40.7	0.1591005571928697
34.6	0.1656506096342194
32.5	0.1811328280813721
44.8	0.2463772716451075
33.5	0.1713101152342445
35.0	0.1559902230073932
35.6	0.167446438911407
43.3	0.2045858012708841
44.0	0.2851737478476294
34.0	0.1647268682374355
39.9	0.1588889633778438
33.4	0.1509963468439183
31.3	0.1788606054655309
39.1	0.15835144584877
40.2	0.2049182035432731
47.0	0.2138368015278212
33.6	0.152253621746463
36.8	0.1708127689981222
36.7	0.1595126488369861
35.7	0.1955426579064695
32.8	0.189737286833615
34.1	0.1929777508279304
30.4	0.1868541271039726
35.5	0.1546443802499639
31.6	0.1517236208221643
36.6	0.1741601747892363
31.3	0.1763136527085025
38.4	0.1705982361066836
35.0	0.1575979689354283
30.3	0.1574313240075163
40.3	0.156793219607514
38.5	0.1554194393967214
35.0	0.1550118495276878
38.4	0.1575795201675486
35.6	0.1686946215634316
37.8	0.1733595744290113
38.7	0.1586650343639415
32.9	0.1676307681755045
34.8	0.1939234527123009
32.3	0.1664416526677041
35.5	0.1948687889657648
44.1	0.2548869690696116
35.9	0.1567481723464129
43.3	0.2936723263780158
32.8	0.1764911379705713
31.1	0.1592837182491447
40.9	0.1956794775182115
44.1	0.2676588019802788
33.9	0.1585293818809294
33.4	0.1504741021980878
43.4	0.274194841258481
39.8	0.1564589227973934
42.3	0.195103346863245
42.1	0.1942534907206227
36.0	0.1512703882236433
34.5	0.1608999755214454
38.5	0.1944393929616876
33.9	0.1495830611545769
35.1	0.1593090956139216
36.5	0.160422615708091
31.5	0.1744882933928064
34.9	0.1823989810112792
40.0	0.1582566090561567
36.7	0.1588882351436392
31.1	0.1758638092086655
39.9	0.2065439390974314
35.2	0.1529518425683963
35.4	0.1889733786662528
34.1	0.1530120300695329
38.3	0.1693518821603928
33.6	0.1488881139013264
38.8	0.1585936413486182
41.2	0.1948657384385878
35.9	0.1716011821974965
39.3	0.1558319004145173
42.0	0.2952197291354571
33.3	0.1471038195941205
34.9	0.1934866351276076
40.0	0.2033744557329463
43.9	0.2521553169852126
31.5	0.1882060521135688
42.6	0.2962726047723661
46.1	0.214608125847339
30.5	0.1836062322321881
31.7	0.1714767580376993
44.7	0.2191607885271173
30.4	0.1722283980759041
40.2	0.1579421579132404
43.8	0.2189429801182244
32.1	0.1814784053156146
33.5	0.1531784693508029
33.5	0.1678031329105055
39.9	0.1647334674746431
45.1	0.2281344975637995
39.5	0.1661859860047104
33.3	0.1940379795207876
37.7	0.1930505379026569
42.3	0.2981611932400701
35.0	0.1534482889690482
38.1	0.1712986746121442
34.0	0.1581414722811269
33.6	0.154785159699605
44.0	0.2848983995458637
38.3	0.1699540285229513
35.2	0.1702205749629968
30.9	0.182093316519546
42.0	0.1952464435843362
31.5	0.1792742367182877
44.5	0.2150813383533423
39.7	0.204611006955615
35.2	0.1967890039068069
35.5	0.1948525734354334
32.9	0.1816089354053822
34.8	0.1633914908856757
33.7	0.1711272137721067
31.8	0.1824294550184492
33.7	0.1519298936589208
32.3	0.1934960688264108
37.0	0.1952146034902544
33.7	0.1746975226784645
37.8	0.1597227137923038
40.6	0.1970873081558276
40.0	0.1623131334790118
33.9	0.1585477101174559
32.9	0.1582506663735539
33.8	0.1803560290622208
31.7	0.1864299444204377
38.9	0.1719978790143805
44.5	0.2216650969117136
40.6	0.2054867544483128
33.2	0.1963318683199031
34.1	0.1540160382332733
37.2	0.1959809859556719
39.2	0.1615135698352444
42.5	0.2959526057768177
31.5	0.1819623865603774
37.2	0.1943118149363483
39.2	0.1579768143872724
33.9	0.1535871183076992
43.2	0.2964959248869079
40.2	0.2034084223943524
40.2	0.2023143456302829
44.6	0.2084038950042336
30.8	0.1518825718338338
32.2	0.158695346301312
34.8	0.1616257088846881
46.5	0.2137705163348456
33.7	0.1544745897425384
43.6	0.2765217990734065
36.1	0.1663645208108495
32.8	0.1967511942237707
36.8	0.1573383547546583
46.4	0.2130101235956597
41.5	0.1948704425908706
44.3	0.2062088649444928
34.1	0.1690958584874388
33.0	0.1734158623583717
43.9	0.2797225017211248
32.3	0.1631592864421427
32.3	0.1589568423913333
28.2	0.1542207113546101
44.2	0.2240920464211631
36.8	0.194282149644202
43.9	0.20691096172846
44.1	0.2834544292286777
32.0	0.1860793046587249
44.5	0.2280719865999417
42.8	0.2973749535244844
39.5	0.1566766461129726
35.4	0.1546345469056974
39.5	0.155982568199782
33.3	0.1561161003082309
32.3	0.1584392952510949
33.2	0.167958343424558
43.1	0.2965742511538842
31.0	0.1813069779330323
44.6	0.247543112431664
39.5	0.1575249057841276
44.4	0.2238190925505271
32.9	0.16318815079973
44.8	0.2444129292119845
39.5	0.1568653525887996
29.7	0.1757330154946364
39.4	0.1574406290669368
29.0	0.1858358401375161
35.9	0.1682189455188707
40.6	0.1584795111559752
34.5	0.1722250726868479
33.7	0.1737045021615394
37.4	0.1940508568059491
36.4	0.193338751022087
44.6	0.215989814993876
43.2	0.2725122299282029
37.5	0.1572301010647842
42.0	0.1947055155287803
43.2	0.2701056051990252
43.0	0.2972248162834246
37.7	0.1729198577606503
30.2	0.1879844269028824
39.2	0.1565577616034717
40.6	0.1991225797436442
31.2	0.1927726819928328
33.0	0.1647757070312999
42.3	0.1943046597738784
35.9	0.1704147329147328
44.1	0.2479306700712933
40.6	0.1645041626322158
33.4	0.1629416450469543
33.3	0.1963591598061091
44.0	0.2344955949141148
34.9	0.1747097625329815
41.4	0.161897341007125
39.1	0.1597689826540463
35.2	0.1597549841822544
31.8	0.1672881826498427
44.2	0.2805282461711527
33.1	0.1518474732210532
29.0	0.1773562180066245
34.5	0.1590144462279293
42.6	0.2967234328637358
35.4	0.1527627049419452
35.8	0.1611056372489856
34.8	0.1622856687136135
40.0	0.166001084611485
46.8	0.2139260589529969
43.9	0.27878271602792
39.5	0.1975279120478704
41.6	0.2961044536265325
38.6	0.1552945850541681
44.8	0.227632905921337
35.5	0.160890497490354
36.9	0.167170491575955
34.7	0.1620395435538726
44.6	0.2421266803540421
35.3	0.1542303629132488
39.1	0.1578658243493785
42.7	0.2960886411238961
46.5	0.2146919825664247
30.5	0.1729235314168844
37.5	0.1692561785829054
30.6	0.1590838145778055
34.5	0.1587583663830739
44.2	0.2219415943172849
33.1	0.1558356489559636
35.9	0.1578267596769117
38.0	0.1569996250907177
43.9	0.2695669540143409
36.4	0.1961043187452541
35.2	0.1699579980715067
35.3	0.1736518180487401
31.9	0.1849226895273664
35.6	0.1675007063528286
36.7	0.1929530743331386
33.6	0.1566970550078986
31.4	0.1800694726646218
33.3	0.1956581751184092
33.0	0.1584952817737891
40.3	0.1574545205854192
29.1	0.1856116412430019
31.2	0.1781694876179132
34.7	0.1567626841175945
33.4	0.1545514283603504
32.1	0.1586291281322855
36.8	0.1937618316934404
35.9	0.1724317488655805
31.4	0.1503574467144735
44.5	0.2401286566820999
32.2	0.1626482809804793
44.4	0.2203071137574428
33.1	0.170007290400972
44.1	0.2830144142045211
39.8	0.200664685173923
38.0	0.1947742282178755
39.5	0.1659387743255597
33.5	0.1726714511779258
44.2	0.2220487010583968
33.6	0.1530201342281879
41.4	0.2963847379898844
32.9	0.1680078867756032
34.3	0.195477747012146
46.0	0.2161832646549135
34.7	0.1650785441851444
35.6	0.1654619872855525
35.2	0.1535901601560523
40.2	0.1605323519774153
33.3	0.1659234515404706
31.2	0.1700965097362833
44.5	0.2273922147380105
34.5	0.1568340461288694
36.4	0.1649124349029862
35.1	0.1846327382787321
37.9	0.1969810161904228
41.8	0.1965629962234137
47.0	0.2025114827187821
44.8	0.2193640637317237
34.5	0.1670779881951423
43.9	0.2317276525035982
44.1	0.2783091098413587
34.7	0.1533650273925254
38.4	0.1680514307264413
39.3	0.1581804297562734
35.7	0.1674971893006043
33.2	0.1694683424998419
35.3	0.1537955185261065
40.6	0.1627512101168301
35.5	0.1955708208705402
40.2	0.1576753617383467
36.2	0.1742274929012861
44.1	0.2804421833986353
35.1	0.164234732430698
33.4	0.1609714527436332
32.6	0.1524716496213722
34.0	0.1938188232778589
33.1	0.1684877276326207
33.7	0.1612712591259962
33.6	0.1956322220026896
33.3	0.1601309850635149
44.1	0.2857675795154616
34.9	0.1580934403020292
38.5	0.1707265940286165
39.5	0.1967014058732469
33.5	0.1519534897818678
34.0	0.1695191773349036
33.7	0.1492740285832737
35.8	0.1685730634685606
32.3	0.1861782957922552
36.8	0.195421595601913
44.0	0.2245282362759643
38.8	0.1687344379207525
40.4	0.1597042653709712
33.0	0.1571023551489733
40.4	0.1599180290747701
46.5	0.214168389656473
41.4	0.1973693371542833
32.4	0.1669247110503006
39.2	0.1961104581489675
44.3	0.2110641247052393
44.7	0.2376980817347789
39.8	0.2073425713914812
43.3	0.2198330793738744
39.7	0.1584018217360562
34.9	0.1557938403787911
31.4	0.1718220630114527
45.8	0.2169653300296962
33.0	0.1711649513928098
31.5	0.1855507718156043
46.2	0.2136867970052868
