31.21	0.1641982985019851
26.96	0.2205375924296544
39.73	0.1803415904415948
27.98	0.1953244726002814
27.69	0.2139588587022524
26.84	0.2281273790624797
39.09	0.1926419827478926
34.59	0.1548823457284246
34.11	0.1561180059626984
34.88	0.1714648553211208
32.6	0.1700379774430051
33.97	0.1611741340424815
31.8	0.1820965649434893
33.95	0.1584094736914076
36.55	0.1559364508138643
31.78	0.1632398347413809
26.46	0.2317514770344958
31.5	0.161798678577202
26.6	0.2291259073065367
29.61	0.196411121689431
26.63	0.2216283843998004
37.84	0.1710334972404676
26.98	0.2168537810689765
34.0	0.1521751980139496
31.33	0.1677418412808178
31.58	0.1594762706491761
27.33	0.2184594953519257
38.76	0.182040112360263
34.14	0.1656624063732098
25.65	0.2968749999999999
31.57	0.1817952050837666
30.13	0.1959804546201907
30.74	0.1586577455089566
38.17	0.1709789190764547
31.11	0.1599198396793587
30.29	0.1578805244138041
28.92	0.2021919363997728
27.9	0.2044776403003461
29.95	0.1647694853810387
31.19	0.1820069367435056
37.89	0.1712389818758047
30.17	0.1591394092023689
32.95	0.1554534032546685
31.89	0.1889577867875029
34.36	0.1521969650568094
30.86	0.1933574953416466
37.41	0.1742838568846954
29.85	0.1642426303059196
31.97	0.1591968512039514
26.18	0.2413038132332759
26.42	0.239338033098345
28.41	0.2048545174732029
31.92	0.1611096772299536
25.56	0.2966815867577154
33.52	0.1567015753258456
28.3	0.1988346814297156
27.32	0.2186043111287369
35.92	0.15544196118378
34.07	0.1652218976726655
33.46	0.1546287241794628
26.47	0.2359785658263895
37.58	0.170790598325815
35.52	0.15535117832622
33.15	0.1734592272690432
36.02	0.1672659702165355
32.59	0.1705044695007364
31.74	0.1822976991704492
31.86	0.1848288760856479
33.42	0.1565074604483766
25.9	0.2842652620638551
38.47	0.1735487841920992
30.08	0.1915303053474028
36.23	0.1695636578950365
33.42	0.1665716689737534
40.72	0.1833402679033092
30.26	0.194551852533808
32.09	0.159191089875164
38.78	0.1749752212653839
36.11	0.165629287554797
26.46	0.2376874545388889
31.71	0.1517963862376173
38.87	0.1757626028371195
27.03	0.2129259552768494
26.89	0.2238441967566364
25.63	0.294514801645959
36.29	0.1552763950975846
34.91	0.1731495531950767
27.11	0.2133994113672541
31.52	0.1688737851698637
27.52	0.2173313930374382
39.14	0.1774282803637232
30.94	0.1858988808538896
31.72	0.1639738458751255
30.57	0.1980826220553089
25.9	0.2799424053225425
31.89	0.1547026264612228
31.09	0.1633121920138422
28.64	0.2055512356739578
33.16	0.1556267390650049
35.44	0.1535832205040499
31.71	0.1650118100694859
31.85	0.1883760683760684
35.86	0.1561998899073786
29.37	0.1958733536119394
29.15	0.1981040007054881
34.51	0.155442843806025
33.81	0.1517753987891289
37.53	0.1660492884332779
35.56	0.1518300761841669
35.55	0.1662624024519397
33.73	0.1495827652848732
31.84	0.1638797835788475
27.96	0.1961808862368055
26.07	0.2759006768929986
31.79	0.1427403852440794
29.42	0.1968944701102587
27.57	0.2163934179425801
27.33	0.2065286570863899
31.55	0.1639211318247547
26.48	0.2339389748908436
29.55	0.1965143024745674
33.46	0.1745186970725364
35.05	0.1548995151156083
34.11	0.1568723972102337
30.51	0.1587511555592906
36.18	0.1553043940257189
32.48	0.1586127550871171
33.09	0.1687152430369732
35.38	0.152850348589423
26.39	0.2343812373947551
30.52	0.1957353963699719
27.62	0.2161455016786046
37.35	0.1685157347521869
31.59	0.1620413425769361
32.79	0.1561534244680558
25.78	0.2980513351074325
30.99	0.1849069857023089
25.88	0.2826166349945218
26.42	0.2460887667138167
32.66	0.1549874935311368
25.95	0.2837561609869674
25.85	0.2943207488547353
26.6	0.2291777483953657
40.39	0.1836282558251683
34.73	0.150630096479973
28.31	0.1988747582488425
32.13	0.1607304325305481
33.42	0.170005067834207
34.94	0.1521028093823223
32.29	0.1577145118753591
32.45	0.1712880376992312
30.11	0.1935289454401772
35.51	0.1557014797187282
28.55	0.2067575426342663
27.21	0.2107905919473448
32.02	0.1625786179076939
32.96	0.1709059797437913
30.72	0.1570827919470925
26.77	0.2330775428654677
26.23	0.2770778056753313
30.05	0.161557199665056
26.11	0.268653377184151
31.68	0.1659897221392291
36.3	0.1697531361646116
34.32	0.1579973492409931
30.24	0.160161726635446
27.22	0.2136800013788586
34.59	0.155646902378907
34.45	0.1677055828514767
27.64	0.2162239928359874
27.4	0.2155405879327275
33.36	0.1560569560078117
33.98	0.1520993274881639
25.97	0.2833773797288699
31.32	0.1646557457815002
33.05	0.1545002619118538
27.84	0.209533747837091
31.86	0.1767390289449112
28.1	0.1990959751597832
32.06	0.1714095324340256
28.36	0.2028463689821676
25.63	0.297145874127308
34.26	0.1456161332140444
36.07	0.1558724165882372
25.67	0.2985413139895921
31.71	0.1570110360016397
31.73	0.1488444966705836
38.12	0.1737629187063193
34.13	0.1523139437249867
30.7	0.1952512589260489
34.5	0.1569418735112674
38.8	0.1760814569491387
32.84	0.1559571868051988
32.08	0.1730386337799049
25.66	0.2975977489157881
29.66	0.1946456224131433
25.79	0.2838977189748736
26.87	0.2208328590234177
31.48	0.1803687179530594
25.65	0.2965152127229817
30.32	0.1971069769650162
33.54	0.1493351027444113
29.48	0.1936416449384748
31.26	0.1813539400743807
37.22	0.1687943044772455
31.07	0.1885534415654897
27.03	0.2183135937776206
31.05	0.1853924968916228
37.58	0.1704976513835533
32.4	0.1558153119858849
32.76	0.1560975310007496
35.45	0.1570590985046719
31.86	0.1793930897996206
37.26	0.1746280136074545
33.51	0.1740617663246041
28.62	0.2072552598475692
30.3	0.1611505294181857
36.02	0.1550998237944996
33.85	0.1578284489350264
31.96	0.1577875545839575
26.23	0.2503998333013106
30.81	0.1987356821143601
32.96	0.1554403224245823
32.52	0.159806845814189
33.44	0.1692095270969968
26.38	0.2438418337621015
32.74	0.1566636336998596
30.17	0.1590429645322134
27.2	0.203811563878476
37.63	0.1703866082104424
27.33	0.2049138783412129
28.57	0.2056923345556137
32.22	0.1694088435203531
25.95	0.2834742501050359
26.63	0.2256405863843745
33.87	0.1479996782324234
32.93	0.1727272727272727
27.83	0.2118537564532046
27.82	0.1935332410852135
35.46	0.158672667523932
25.76	0.293516276567124
32.5	0.1564271271180717
32.27	0.1619630507260353
35.21	0.1529151199426022
36.68	0.1639022093570718
36.5	0.1681808796200702
33.89	0.1538522086061601
35.78	0.1663550276173378
34.65	0.1498928928946235
38.01	0.171585252732711
30.06	0.1622026012605847
25.81	0.2937637611858574
27.79	0.2067260138476755
31.42	0.168567866714091
38.88	0.1761001612341681
34.63	0.1566631420539229
28.21	0.19830343848874
34.65	0.1467265725288831
26.02	0.2743613046551549
37.16	0.1664615984507656
36.14	0.1596281834033252
27.49	0.2192892915625784
31.61	0.1657287739343749
25.58	0.2974633261762647
25.93	0.2742924281376872
33.51	0.1547248545071385
30.13	0.1617932509850371
30.6	0.19518019622446
29.22	0.1975500756914207
27.19	0.208570881851387
27.46	0.2177146000886581
26.14	0.2627944222007456
33.34	0.1709776839725531
32.86	0.1712469647193258
31.29	0.1810108544998676
35.7	0.153580970220909
33.8	0.1667678804220208
28.38	0.1997700108230201
33.13	0.1573074469781534
33.12	0.1571696572424904
36.86	0.1695844751768529
31.48	0.1967838648133006
31.73	0.1559922459994678
38.53	0.1788795650632313
33.98	0.1459620219840594
29.75	0.1676548494001687
31.49	0.1670375674782417
27.51	0.219401833378469
29.94	0.1948318796449215
32.02	0.163599995014893
25.63	0.2975619220822847
27.76	0.2157812350762504
27.05	0.2156647595910053
33.57	0.159374989793641
27.35	0.2029587442700375
33.78	0.1518848112120686
26.99	0.2160628921101642
35.54	0.1532313490014765
36.64	0.1574333202059031
25.64	0.2958298139524453
34.91	0.1576043361215366
35.08	0.151641701397054
31.62	0.1864659813999021
27.74	0.1959532411159494
30.02	0.1597507173384021
27.23	0.2128623548169289
32.17	0.1598756958695606
35.91	0.1534233073015391
36.04	0.1543098394619846
25.64	0.2984404232963438
32.5	0.1588741302972801
34.07	0.1520234888117829
25.69	0.2958841386713181
32.57	0.1695906116781301
32.85	0.1550162859380641
32.85	0.1723800768193965
32.38	0.1560109197532944
31.77	0.1919907234853191
33.97	0.1547260778188448
25.7	0.2924625377084069
31.94	0.1823747081905328
25.95	0.2814572140748269
33.21	0.1725804493017607
29.57	0.1945670764462172
36.52	0.1691082357243501
34.65	0.1527198808574312
36.75	0.1585077514172868
29.45	0.1967090478096234
35.47	0.1641380899098269
27.51	0.216720040680703
36.84	0.1628311476769703
33.65	0.152281956955102
30.55	0.1594166539962495
31.5	0.1651827604045881
31.28	0.1803091292452994
26.32	0.2442714445783836
35.9	0.1706551466931875
32.61	0.1568665452149308
34.56	0.1658755627515273
27.32	0.2056264395641916
25.86	0.2857862014345583
37.71	0.1625549088362882
30.78	0.1588488111723284
34.46	0.1468221987869968
31.34	0.1790906229777182
34.1	0.1572181049794818
28.46	0.2058476362541403
27.79	0.2139152720730506
33.85	0.1520099316076378
33.13	0.170812820927393
35.2	0.1585346672797323
30.56	0.1955034764167404
31.1	0.188843498508926
31.15	0.1923654040029072
31.54	0.1879770992366412
33.23	0.1558965968463873
31.76	0.1448401410854477
34.84	0.1731540885493414
32.01	0.1756690085254184
32.2	0.1721091334672809
32.74	0.1573743564495112
31.69	0.1539461664941233
30.54	0.1584350477926649
32.27	0.1560450027925908
33.33	0.1546431080324035
32.37	0.159223452617736
34.35	0.1674258607690374
32.39	0.173258714937505
32.23	0.160356373427958
35.63	0.1649616809739706
31.07	0.194673153146847
35.52	0.1648332733905358
30.9	0.1941297370347429
26.35	0.2529083061602782
32.38	0.1568170362903226
25.86	0.2926441494910254
37.6	0.1764887305801316
31.6	0.1558986792573215
28.14	0.1970634073842755
26.17	0.2673677818262117
31.89	0.1587192298318303
34.88	0.1495726141971885
26.06	0.2751498018539876
30.73	0.158712223261121
27.87	0.196488415737617
28.01	0.1945306717474326
33.71	0.150218077977676
36.03	0.1586868545911247
29.14	0.1966076862391524
34.07	0.1466121743866427
35.87	0.1576933155299543
35.23	0.1585946838180886
33.7	0.1744456748249614
31.18	0.1811202538453264
30.72	0.1593551948688707
35.35	0.1547067245623442
39.06	0.1773885350318471
28.77	0.2079018679368117
34.27	0.1530178057546319
31.26	0.1893728385161212
34.6	0.153193965338099
32.72	0.1693918087884189
34.17	0.1454379395805254
32.27	0.1608122771663308
28.22	0.1953214062705873
34.82	0.1708832344057934
33.27	0.1571171445230308
25.55	0.2944020072483969
35.32	0.1438682144174067
31.12	0.1923712269109476
28.85	0.2061194762961332
26.28	0.2516878677943649
31.05	0.1858240636251276
25.61	0.296961824538846
27.59	0.2151450106326614
31.97	0.1846381429221665
38.32	0.1723064756827081
27.46	0.2188776113054164
33.72	0.1727881248093891
30.7	0.15776751794965
27.33	0.2184541691164034
31.93	0.1806060860970326
35.21	0.1521118602971094
33.78	0.1680106130850651
31.48	0.1663252942055206
26.54	0.2277272113574472
29.9	0.1658078619714381
31.22	0.1910521460906414
29.52	0.1933621482320121
25.57	0.2988555218624669
32.96	0.154643253106666
32.38	0.1715352514825389
31.86	0.1587202721856082
35.97	0.1531179199962923
25.92	0.2858687219403004
33.06	0.1701014446414556
31.97	0.1731525935458324
31.78	0.182032258064516
28.06	0.1956824850090244
42.25	0.1817288278662656
27.37	0.2161817755560429
28.84	0.206547343980704
30.94	0.1958734738923504
30.75	0.1950779758427232
37.76	0.1816636003791046
36.54	0.161626179053751
33.36	0.1730734195664055
31.42	0.1826736998976108
35.51	0.1508942695666111
31.04	0.1905197429139194
29.84	0.1954888671271002
37.11	0.1740846519548712
34.77	0.1566303120021229
28.29	0.1973797540296828
31.97	0.1633806088496263
31.84	0.1606464465515643
36.54	0.1570905653733168
31.22	0.1810866081180862
31.41	0.1858378007078113
32.86	0.1728499919263685
26.7	0.2211307281682542
28.58	0.2072137445309998
31.44	0.1960909058777789
35.54	0.1547801502327778
29.44	0.1969690974557828
31.96	0.1612516736406832
25.72	0.2957724807010224
31.31	0.1812881599425356
29.67	0.1940896600854874
33.64	0.1579170652580792
35.67	0.1526241000032876
25.73	0.2976004978518172
28.66	0.20331964344341
28.95	0.2011516000406646
27.19	0.2108182334475772
34.88	0.14880690279585
36.95	0.1584757004104088
35.96	0.1597322365896464
27.83	0.2148641089873374
35.7	0.1544535495144701
26.08	0.2762000789092981
34.2	0.1664965812838044
31.47	0.1968815009745309
35.07	0.1558798724952561
27.76	0.2137658660519274
27.88	0.1970863467140559
27.16	0.2064573068415297
35.95	0.1676853840339205
33.34	0.1735006083802908
25.73	0.2791408710419426
33.87	0.1622776240042623
36.67	0.1570953031394861
35.4	0.1510570429196823
26.66	0.2259156026121219
29.93	0.1944164111005509
27.24	0.2086653149022214
25.99	0.2829338045101825
31.5	0.1863587121713987
26.66	0.2290524565460261
25.59	0.2973280241507101
33.0	0.1569476635631001
34.18	0.1541196773907101
33.85	0.1587802089099835
36.26	0.1541944457767758
36.96	0.1591702880785583
33.85	0.1680420878894161
25.75	0.2953430091661946
31.78	0.1793763086491643
26.28	0.2463739835659793
33.31	0.1573419397058167
26.9	0.2233392406106672
31.63	0.161009190226903
26.32	0.2442358702305652
32.85	0.1572990063421007
31.79	0.1752034819386726
32.82	0.1579838073515113
31.91	0.1862745098039216
34.62	0.1665372554875317
30.47	0.1587318809131152
31.91	0.172988745310546
36.96	0.1739906698151241
29.72	0.1939193077088751
30.1	0.194320900596872
27.45	0.2163222823670127
26.18	0.2713867036865648
34.89	0.1551423721961569
27.9	0.1960685072868426
26.15	0.2715714957494797
25.73	0.2957263864786073
32.34	0.172635009919986
31.5	0.1880447734248059
33.6	0.1579723270715093
28.33	0.1993154268384602
31.29	0.1941730669417306
35.75	0.1646614256713947
27.8	0.1957269624951833
34.66	0.1710771330426435
26.29	0.2502088046642501
31.46	0.1669353178871478
42.5	0.1615004637910144
31.34	0.1953300936351784
26.82	0.2324668651215536
31.95	0.1734298703485435
30.24	0.1619245707981889
32.11	0.160162303567323
35.79	0.1571364428360809
37.16	0.1682190674932598
26.08	0.2813252420394108
34.81	0.1516335749889623
31.8	0.1800798791465761
31.92	0.1586236612089129
25.63	0.2961446978465765
34.32	0.1521764105349184
35.61	0.1601482744003673
36.39	0.1608224612436335
31.63	0.1682194329213531
27.83	0.2144350417163289
26.06	0.2776004731593341
29.02	0.1999659848257731
25.62	0.2966257090466642
34.25	0.155394692909131
26.56	0.227564566739078
34.32	0.1588023237124291
34.14	0.1674758761745265
36.23	0.1597848158883419
26.38	0.2402103940134876
33.32	0.1556238799676727
33.64	0.158375646145271
25.56	0.294997974725649
27.68	0.215171765761849
33.81	0.1643911732020955
31.99	0.1710033218550698
31.73	0.1524635982699166
31.95	0.158685420882164
26.62	0.222466483263416
36.16	0.1554680900229944
32.27	0.1574257820459438
34.21	0.1588346182661865
26.16	0.2679319469444974
30.44	0.1948421261666777
35.09	0.1693865849220963
33.5	0.1739392408015704
31.34	0.1837838995452696
34.36	0.1664796541368271
29.96	0.1914165389365913
36.0	0.1561289700501931
40.11	0.1819395492897576
31.32	0.1935512234336532
36.7	0.1576006632481141
30.3	0.1581979621049368
31.79	0.1869344568391822
39.68	0.1799927911028256
32.78	0.1566167620015923
34.65	0.1536502735529695
31.8	0.1543443492581273
30.32	0.1946426084399808
34.91	0.171395003781515
34.83	0.1479093837367467
26.34	0.239812747153552
31.61	0.1606683617871413
27.03	0.2201164317503108
33.35	0.1698488543137235
25.86	0.2817797864879607
28.91	0.2027998606404205
29.17	0.1941764878892219
29.78	0.1647949650899793
36.59	0.1712724377127412
26.73	0.2229206640010893
34.65	0.1523259349346305
25.5	0.2975477029947244
33.87	0.1673887786836591
31.18	0.1948552806075419
27.67	0.2160833519315974
37.18	0.1646837615796852
34.44	0.1664888159244818
33.49	0.1533703968984844
31.77	0.1618121100187118
38.52	0.1636525109224949
37.64	0.1700617976864269
26.55	0.2280700862995358
31.94	0.1571937228010022
31.89	0.1681643711898848
31.09	0.1851751219143386
29.2	0.1976847755912101
28.08	0.1965905093645169
27.91	0.203212834874789
27.01	0.2199008961150928
37.35	0.1648127618296362
26.77	0.2324009054311033
26.09	0.2786909495408501
32.72	0.1539688921275473
32.44	0.1699759362130064
33.84	0.1594255933200706
34.59	0.1669080569168652
36.26	0.1674558747764071
34.59	0.1550701162488925
29.96	0.1632484675320889
30.75	0.1964566453017292
30.24	0.1567557832097804
32.07	0.1727772295756915
26.04	0.2796716888462148
37.0	0.1614769729806801
37.87	0.1619407496134935
34.51	0.1489422935734912
31.25	0.1940874963904128
31.84	0.1685918529445138
31.58	0.1596166663083439
31.23	0.1931138541549623
39.06	0.1603821212839038
25.93	0.2859192825112107
32.52	0.1585259448802382
32.6	0.172868889203473
29.17	0.1991485953564495
34.9	0.1521166710721619
36.19	0.1684321164889253
34.33	0.1471736430811029
34.77	0.1684853671873142
31.5	0.1867509658224101
30.36	0.1970234951446156
26.86	0.2237971319417529
32.74	0.1708754787237365
30.44	0.1602516448903264
36.25	0.1565075879595829
30.31	0.1600778356964888
27.71	0.2144656781871764
27.98	0.1965386910682315
37.01	0.1668854027769236
29.2	0.1975426381534681
27.1	0.2120810268958416
26.51	0.2374579063148347
28.83	0.2063982196258433
27.31	0.2202981490497684
32.87	0.1580278594664119
32.46	0.1568645984759098
38.27	0.1725305111361073
27.55	0.2162590823094647
36.57	0.1704936045528821
31.1	0.1847128715857088
27.74	0.2144451219512194
