40.9	0.1668392882461363
44.3	0.22022602144306
31.5	0.1830915499489844
41.9	0.1952882791171162
46.5	0.2150546347051828
43.7	0.2285829034878179
31.5	0.1922929168488124
34.8	0.1557678130746646
38.4	0.1569567136270194
36.4	0.1724936563412649
38.4	0.1701161893602334
33.8	0.1590682482379233
30.4	0.1849835735354068
39.5	0.1582820188934862
33.1	0.1548979855928913
40.0	0.165523748323993
45.4	0.2323766906930446
34.3	0.1610354584843929
45.5	0.2304823711739636
37.4	0.1967116608384337
44.3	0.2199450112544961
31.8	0.171669739663387
44.1	0.2173744532417917
35.7	0.1511331232177697
40.9	0.1683108895667485
33.6	0.158999511843604
43.7	0.2188269819309939
31.7	0.1811527229549757
36.5	0.1663270032422417
41.0	0.2972524770290046
31.5	0.182083085578772
36.8	0.195371736014458
40.5	0.1586209478268126
32.0	0.1712732718775014
40.8	0.1602800500569149
40.4	0.1590237772696902
39.9	0.2032793874482194
47.0	0.2050161044788078
40.5	0.1651386931387519
34.7	0.1828905377373544
31.9	0.172593486382102
40.9	0.1589150247923428
34.5	0.1549951834554744
29.4	0.1905410713408945
34.5	0.1529873826037213
34.6	0.1950541114594922
32.9	0.1729858964451313
39.5	0.1639747369243084
33.9	0.1580554058986079
44.5	0.2405918651715214
44.3	0.240166345309736
40.4	0.2074430481576734
39.8	0.1632202336888389
41.2	0.2965230675221509
39.6	0.1571638114061243
41.0	0.19814790040877
43.9	0.2176336326596801
33.0	0.1556848674267737
36.8	0.1663188182610281
35.4	0.1555452859769965
44.8	0.2376386015173219
31.1	0.1706385082991593
35.7	0.1535846458867252
36.3	0.1724551880025062
34.4	0.1677719783574838
38.2	0.1706751843638801
28.8	0.1848272959761742
29.4	0.1815206611570248
39.5	0.1574555885245127
43.9	0.2864145934366334
31.5	0.1737161293452684
36.6	0.1915170928086294
33.7	0.1687893684337919
34.8	0.1610481194690265
31.5	0.1860486421054365
37.0	0.1916898194856194
34.0	0.1594311828172917
31.2	0.1768408782795033
34.1	0.1669761710054064
45.1	0.2373385157648211
32.6	0.1493884682585905
31.5	0.1760549171216971
44.1	0.213279619585753
44.9	0.224812916361558
42.9	0.2938442967700639
33.2	0.1538613735452277
36.4	0.1715811759630829
44.3	0.2141636000115905
40.1	0.1713046776051691
44.3	0.2166481408167616
31.2	0.1793658693999442
32.5	0.1853933975581366
30.4	0.158217442711559
35.3	0.198050736158153
44.0	0.2792822340308109
32.6	0.1543412917928159
40.6	0.164432220606488
40.3	0.207221027032083
35.4	0.1568720280520669
34.1	0.1532307028616166
39.8	0.1662135283363802
29.0	0.1832106853675978
33.2	0.155470744542281
37.4	0.1958697499393056
38.9	0.197560362925172
35.1	0.1555920067857499
35.9	0.1524450546692235
32.2	0.1670242828656544
32.1	0.149756087169546
32.8	0.165303146395116
34.0	0.1459871110070186
39.4	0.1651940672926525
42.1	0.1962113567298872
42.9	0.2755728130601088
31.8	0.1428987647963574
37.1	0.1976411513983768
44.6	0.216838261748203
43.0	0.2080739712837359
34.6	0.1629846943412188
45.0	0.2343545923164709
37.6	0.1951027792507564
35.7	0.1754646480914801
37.1	0.1512779936596151
38.6	0.1572723871030329
40.5	0.1589324932165425
33.1	0.1554513200366355
35.2	0.1584007605993681
37.7	0.1700794702774029
33.7	0.1522704466687466
44.9	0.2349167148336924
36.1	0.1971251675357725
44.3	0.2152988362379704
31.4	0.1692766425873311
31.5	0.1603663812073447
39.2	0.1573037401209072
42.6	0.2987781013741298
33.4	0.1852124333272024
43.7	0.2830567950166301
44.9	0.2462695747047749
34.8	0.1560134437537069
43.9	0.2863490259890634
44.1	0.2955211799199017
44.5	0.2285161731463008
31.3	0.1857953498372136
33.5	0.1502271460041498
40.9	0.1996891463756615
35.2	0.1620768346069397
33.0	0.1711625244157068
33.3	0.1524923865481554
38.3	0.1584898012754196
38.5	0.1720941470428776
36.5	0.1934906070313369
26.4	0.1548419059912777
40.4	0.2089697366309005
44.5	0.2111935754414586
39.2	0.1648888537715971
38.7	0.171075190530432
40.4	0.1566936876586382
44.0	0.2319928115496039
43.0	0.2784072309051668
41.3	0.1617988245566406
43.5	0.2706720346856612
39.7	0.1681669519242175
33.5	0.1669767767962117
38.4	0.1566512594277211
41.1	0.1594587358522398
44.4	0.2149564618545148
38.4	0.1562336647795769
35.5	0.1681353912500709
46.1	0.2160125728680183
44.6	0.2165014899586298
39.5	0.1571710476001719
35.8	0.1516164847770492
43.7	0.2854723106601214
40.5	0.1672792378893318
35.1	0.1547174008865528
46.8	0.2101943126569341
30.3	0.1749004177596425
40.8	0.1977208768039121
37.1	0.171259207601447
40.3	0.2036313998958825
42.5	0.2967570690838178
33.7	0.1429937883639633
33.8	0.1532488177958806
42.7	0.2970025446974453
33.0	0.1572467006334522
32.5	0.1476153172664854
31.6	0.1737250061713157
35.4	0.1534002326214457
35.4	0.1930957121624274
38.6	0.1564031591072952
31.1	0.1769683938937862
34.3	0.1571683293459125
36.5	0.1735206930478003
41.8	0.2979742383736722
37.5	0.1943774482955218
44.0	0.2879970808774462
44.9	0.2211613325012629
30.2	0.1802421739093176
42.6	0.2949801973551721
36.7	0.1953909307469796
35.2	0.1488818260618318
37.1	0.1951583017803916
33.4	0.1818850255479
31.4	0.169378151918176
33.1	0.1873023098839172
44.5	0.2181626050817039
33.0	0.185059386583224
31.5	0.1715245112226146
35.2	0.1576340475234514
34.9	0.1567566209988321
36.4	0.1559366169630048
29.3	0.1809958556069433
33.3	0.1733911343754309
36.5	0.1735936940164815
40.3	0.2070324483037106
41.0	0.1608902508356286
33.3	0.1552032263166218
39.0	0.1585814499356906
34.6	0.1575096327240176
44.0	0.2517528099734887
35.5	0.1973884707576384
34.8	0.1557985162046075
35.1	0.1587887843159158
36.3	0.1710281266415166
45.0	0.2440131128604432
39.3	0.1567599083206716
40.7	0.1576037824392307
42.6	0.2037754087185848
31.7	0.1706878686567564
42.5	0.2047146263422697
40.1	0.2080266599996341
38.3	0.1713323214274277
43.9	0.2837310653747757
44.3	0.2270345951174809
35.1	0.1450613538879932
35.5	0.1711572596113209
47.1	0.2123316181996878
42.4	0.1944341840161181
36.1	0.1570371673832876
43.5	0.2922979572708739
39.0	0.1566868239965911
35.3	0.1605329578176425
29.5	0.1491451770582978
35.1	0.1606682238373786
33.0	0.168690704187931
34.3	0.1520946618545123
33.2	0.1648824184254393
33.1	0.1491020926609496
31.8	0.1719086799013699
40.6	0.1624094781421033
44.0	0.2939538062559099
47.1	0.207447922955672
40.5	0.1720195254044038
31.1	0.1769073584650352
38.3	0.1566851345360462
41.2	0.196096316283435
32.0	0.1438980337424572
43.2	0.2731465443848823
32.2	0.1679280241175731
34.7	0.1575675303655254
44.3	0.2177146553989851
39.9	0.1684053860819828
41.2	0.2977548756015061
43.6	0.2738692205178817
34.8	0.1542747247888942
40.6	0.1621084456417501
35.4	0.1944946057955257
37.1	0.1970966419212103
44.5	0.2115487731794108
44.6	0.2182651760912996
44.3	0.2658948812522489
32.9	0.171090772451554
38.9	0.1709946203939651
31.7	0.1820160136245905
33.9	0.1530127687416297
32.8	0.1674959353578927
40.5	0.2018695902366509
39.5	0.1568919897943112
39.5	0.1574705505248818
33.4	0.1700972615920734
32.4	0.1952007906033497
30.0	0.1537729112116162
32.3	0.1787515564667262
34.5	0.1424592661786775
39.7	0.1665460545002334
40.5	0.1694181107844195
45.1	0.2193650608353134
37.0	0.1940505083633978
39.5	0.1649465789109397
41.5	0.2973763587395479
46.5	0.2163621396519998
43.9	0.2167164161785993
39.5	0.1596596155805233
42.6	0.2045782792665726
33.7	0.1530602292501378
44.2	0.2171089534890445
33.6	0.1526096794657262
32.2	0.1570820199852458
42.8	0.2944136068897677
37.2	0.1549944506104328
30.4	0.1484964608319688
30.4	0.1841249401548544
42.1	0.1962724957131204
41.5	0.1590618019177757
44.5	0.2129538225293408
38.7	0.1615794745610921
33.5	0.153309277537901
33.9	0.1528991350646768
43.2	0.2969830164951223
34.8	0.1588303354295447
35.6	0.1522595491384525
42.3	0.2962738821080733
38.4	0.1716782233107716
34.5	0.1567620167005118
39.1	0.1698396400915446
35.5	0.1561159523770886
29.0	0.1920978044756546
35.3	0.1539253532677426
43.8	0.2941391967364612
29.4	0.1814109455792761
44.0	0.284377923292797
34.9	0.1739629553991917
37.4	0.1945572667076677
33.0	0.1682039589594776
33.3	0.1516913977156151
32.4	0.1586894814900583
36.8	0.1962462584948638
33.0	0.1640385655072986
44.8	0.2158725915325735
35.2	0.1609104596626474
35.7	0.1534268825115861
40.7	0.1593528721131197
34.6	0.165561365934269
32.5	0.179776569430379
44.8	0.2446389016703941
33.5	0.1685132060540112
35.0	0.1563577506015429
35.6	0.1649884474699663
43.3	0.206967335123319
44.0	0.2856755378944341
34.0	0.1598575451889213
39.9	0.1587232430384542
33.4	0.1429462423994145
31.3	0.1809667162400118
39.1	0.1576471044213972
40.2	0.2081468013262234
47.0	0.2137518720462792
33.6	0.1518466807136269
36.8	0.1714871134893487
36.7	0.1560566807598098
35.7	0.1948932060432927
32.8	0.1884485350921642
34.1	0.1932336755254334
30.4	0.1878663014382818
35.5	0.1561946113352487
31.6	0.1459158852838479
36.6	0.1723645986136278
31.3	0.1756805917662038
38.4	0.1721505043202864
35.0	0.1587031489592971
30.3	0.1507338357794526
40.3	0.1597641111015901
38.5	0.1561836184314893
35.0	0.1559176392825128
38.4	0.1606108646996903
35.6	0.1667784242705836
37.8	0.1731120384024095
38.7	0.1617976455858552
32.9	0.1644499212626082
34.8	0.1971013976992678
32.3	0.1633205216340645
35.5	0.1948061951371196
44.1	0.2516964013418725
35.9	0.1571271106255547
43.3	0.2926007343704705
32.8	0.1755283410701197
31.1	0.1550438959748219
40.9	0.1969502032223164
44.1	0.2669568483244952
33.9	0.1586388264834148
33.4	0.1501800768731525
43.4	0.2742195657019509
39.8	0.1600858938123495
42.3	0.1963468639907185
42.1	0.1967609786198306
36.0	0.1504598170336398
34.5	0.1562326017367313
38.5	0.1965720020793956
33.9	0.1428412950352431
35.1	0.1553868017923236
36.5	0.1558648661056016
31.5	0.1748663006591688
34.9	0.1807655407979968
40.0	0.15874560672222
36.7	0.1523046954630909
31.1	0.1792347889805685
39.9	0.2083745559203129
35.2	0.1535087093497095
35.4	0.1887894207357079
34.1	0.1534275559208773
38.3	0.1677265658604374
33.6	0.1422573492262495
38.8	0.1612002884879275
41.2	0.1963615849438476
35.9	0.1696669108611399
39.3	0.1578574961007341
42.0	0.2944649446494465
33.3	0.1419968874849019
34.9	0.190743589539212
40.0	0.2075014985870465
43.9	0.2524343951147054
31.5	0.183709517132472
42.6	0.294965803103312
46.1	0.215118589755341
30.5	0.1840022348449576
31.7	0.1734989942861211
44.7	0.2186129578725308
30.4	0.1745390811056701
40.2	0.1579856014538337
43.8	0.2174282625786164
32.1	0.1765206114335523
33.5	0.1486349338426722
33.5	0.1681635136309644
39.9	0.1681406637972354
45.1	0.228737296715408
39.5	0.1663763410084581
33.3	0.1881321707771918
37.7	0.1945536393608928
42.3	0.2985471757866401
35.0	0.153963253978477
38.1	0.1723512741226654
34.0	0.1576075271129153
33.6	0.153554363088176
44.0	0.2844719053245269
38.3	0.1687271169733383
35.2	0.1757690053263334
30.9	0.1797625341439774
42.0	0.1957419462671427
31.5	0.1844526671762444
44.5	0.217088889400674
39.7	0.2073609974362556
35.2	0.1954250252982568
35.5	0.1938572540142887
32.9	0.1815689874133964
34.8	0.1588396496081143
33.7	0.1739263055148853
31.8	0.1826405388320944
33.7	0.1500244508307967
32.3	0.1913749266575396
37.0	0.1961659251504841
33.7	0.1728557630585934
37.8	0.1529073321586536
40.6	0.1984555387779852
40.0	0.1652397515191706
33.9	0.1610798277575356
32.9	0.1551087356339096
33.8	0.1802222092154506
31.7	0.1849117005292682
38.9	0.1738268189387284
44.5	0.2213152256254734
40.6	0.208043130817575
33.2	0.1948202828741686
34.1	0.1534973526451669
37.2	0.1968266533902734
39.2	0.1623408691560245
42.5	0.2957184821748194
31.5	0.1800192002469981
37.2	0.1938229784425442
39.2	0.1571962547079532
33.9	0.1515311850714294
43.2	0.2969881814715974
40.2	0.2049847421852703
40.2	0.2024642205345999
44.6	0.2131166366656044
30.8	0.14682771608546
32.2	0.1563517388004129
34.8	0.1551543528291405
46.5	0.2150909141449414
33.7	0.1533735235981663
43.6	0.2768819522290247
36.1	0.1668263420900787
32.8	0.1954235598696841
36.8	0.1530503372046692
46.4	0.2136298720618864
41.5	0.197690861033422
44.3	0.2071607165283312
34.1	0.1661729304715138
33.0	0.1728349903457539
43.9	0.2792852800807067
32.3	0.1632302405498281
32.3	0.1566036739288017
28.2	0.1502049539213925
44.2	0.2259258238523192
36.8	0.1946139594801883
43.9	0.2092596700165503
44.1	0.2821035266018677
32.0	0.1853512705530642
44.5	0.2301910371747309
42.8	0.2956361161321996
39.5	0.1559257255380589
35.4	0.1541220452509832
39.5	0.1594171858774662
33.3	0.1529808762992593
32.3	0.1589959516936269
33.2	0.1667674280563677
43.1	0.2939269727476975
31.0	0.1797075488477272
44.6	0.2457491125845556
39.5	0.1573798203909139
44.4	0.2243299484678795
32.9	0.1591778681267337
44.8	0.2436197379903312
39.5	0.1568598391561144
29.7	0.1778607601411836
39.4	0.1580906524444299
29.0	0.1868807652886915
35.9	0.1652104797647789
40.6	0.1582076177159011
34.5	0.1703501143138925
33.7	0.1706262997084005
37.4	0.1940155259429496
36.4	0.1922666518324474
44.6	0.2167696551509177
43.2	0.2710362901737419
37.5	0.1522994344612019
42.0	0.1962784243585769
43.2	0.2743698020298029
43.0	0.2949176665451687
37.7	0.1729767423912504
30.2	0.1880838310253548
39.2	0.1583133868428749
40.6	0.2005616170240912
31.2	0.1948412804179216
33.0	0.1651026894704632
42.3	0.1975358847648908
35.9	0.1706800028108969
44.1	0.2522327816221019
40.6	0.1698068879657267
33.4	0.1591638041757519
33.3	0.1939575045838964
44.0	0.232670007243904
34.9	0.171307435665793
41.4	0.1606389477188015
39.1	0.1608785772102488
35.2	0.1550153421659808
31.8	0.1692037560823974
44.2	0.2798531333472801
33.1	0.151083714649335
29.0	0.1855452785545278
34.5	0.1587613511101779
42.6	0.2960477541733773
35.4	0.1532788292631384
35.8	0.1576067383096137
34.8	0.1585691064829752
40.0	0.1705966730592344
46.8	0.2148414404729911
43.9	0.2761771095000133
39.5	0.1996844160672621
41.6	0.2962053539111928
38.6	0.155421437783684
44.8	0.2290665821697978
35.5	0.1596023940359105
36.9	0.1669996004794246
34.7	0.1586427624473046
44.6	0.2400013802182868
35.3	0.1568591967650949
39.1	0.1587349513000697
42.7	0.2951035269822292
46.5	0.2150611137546785
30.5	0.1566523605150214
37.5	0.172402313355992
30.6	0.1504736206097513
34.5	0.1575074886361256
44.2	0.2222367058811732
33.1	0.1556051826040082
35.9	0.1572182116655639
38.0	0.157443534135435
43.9	0.2668762320848207
36.4	0.1934069455385396
35.2	0.1708297071555319
35.3	0.1745686105272867
31.9	0.1835532840585794
35.6	0.1660577519314887
36.7	0.1900821078768107
33.6	0.153298253120455
31.4	0.185193046870518
33.3	0.1904463205596769
33.0	0.1563750951696134
40.3	0.1581548775070397
29.1	0.1857185494702283
31.2	0.1828103187957347
34.7	0.1568296580649142
33.4	0.1541535968179525
32.1	0.1518650088809946
36.8	0.1937911129535624
35.9	0.1708780869788805
31.4	0.1441259272499776
44.5	0.2396315186019848
32.2	0.1579715663874079
44.4	0.2196609371320932
33.1	0.1679764243614931
44.1	0.2829051575502034
39.8	0.20507785144031
38.0	0.1966056520205385
39.5	0.1649128576933366
33.5	0.1690958617434474
44.2	0.2234613734119736
33.6	0.1537839553340044
41.4	0.2981734997662126
32.9	0.1669544154405133
34.3	0.1928357524090129
46.0	0.2151271373588238
34.7	0.1627718882965192
35.6	0.1675462926908169
35.2	0.1555427158169288
40.2	0.1634616401644616
33.3	0.1622671321122641
31.2	0.17047358613351
44.5	0.2289513726392777
34.5	0.1556940001122523
36.4	0.1725549781943026
35.1	0.1858305890962312
37.9	0.1978614490714346
41.8	0.1961110998232318
47.0	0.2038728763743941
44.8	0.2223051749729256
34.5	0.1615182326758952
43.9	0.2332321438799473
44.1	0.2788742470332207
34.7	0.1552620818318894
38.4	0.1714520098441345
39.3	0.1582520333881262
35.7	0.1682329078678116
33.2	0.166434401751941
35.3	0.1554358919440598
40.6	0.1635225818495329
35.5	0.196066864423128
40.2	0.1574929926103891
36.2	0.1732477530829791
44.1	0.2784937207943925
35.1	0.1591090349777828
33.4	0.1611519597389858
32.6	0.1448428650902392
34.0	0.1930430896200423
33.1	0.1674754436552031
33.7	0.1588101466159628
33.6	0.1902798049952816
33.3	0.1594656242772731
44.1	0.2855815145979553
34.9	0.1586355251147382
38.5	0.1742963007231219
39.5	0.2001833875560963
33.5	0.1518485124366695
34.0	0.1663679932243304
33.7	0.1440876818857279
35.8	0.1690761169995433
32.3	0.186148798026576
36.8	0.1963037387897442
44.0	0.2251816910941069
38.8	0.1712010091341856
40.4	0.1603735031304716
33.0	0.1560609548537076
40.4	0.1596170464806921
46.5	0.2149541604881943
41.4	0.1965569150320879
32.4	0.167867454845203
39.2	0.1977673686376118
44.3	0.2128919446369591
44.7	0.2370489831189605
39.8	0.2051465754117429
43.3	0.2194675205163436
39.7	0.1572171375624345
34.9	0.1585538098474467
31.4	0.173555176529138
45.8	0.2159024998603949
33.0	0.1683899556868537
31.5	0.1834428328620534
46.2	0.2146397853762096
