31.21	0.1536326776061732
26.96	0.2159415846827011
39.73	0.1700932439298416
27.98	0.1906068299074604
27.69	0.2145640404982394
26.84	0.2259185180365342
39.09	0.1878895566264163
34.59	0.1516008184266483
34.11	0.1527497774103281
34.88	0.1692773259027785
32.6	0.1672981791390379
33.97	0.1615655668481901
31.8	0.1739265114291818
33.95	0.1534263600037755
36.55	0.1566006129830923
31.78	0.153169737468729
26.46	0.2250043097094631
31.5	0.1642579840278404
26.6	0.228813156518846
29.61	0.1895423864886563
26.63	0.2177908517388503
37.84	0.1630681401159655
26.98	0.2138531331628889
34.0	0.158672269351727
31.33	0.1549379359262324
31.58	0.1631258309262057
27.33	0.2213241185897436
38.76	0.1754519207006503
34.14	0.163963517205838
25.65	0.2967640117236438
31.57	0.1761472354456192
30.13	0.1922669627664768
30.74	0.1521584332591788
38.17	0.1637191845002687
31.11	0.1517606568727292
30.29	0.1542145531499267
28.92	0.1945886350889155
27.9	0.2044648718625183
29.95	0.1591777718362579
31.19	0.1790528233151184
37.89	0.1632905666728613
30.17	0.1566635706601261
32.95	0.1514796042161412
31.89	0.1813974818644209
34.36	0.1504044236267954
30.86	0.192806484005985
37.41	0.1765791022853778
29.85	0.1603189265227983
31.97	0.1556437973380395
26.18	0.2377774151858672
26.42	0.2369156487735148
28.41	0.1954546619326512
31.92	0.1535630918428896
25.56	0.2967188285824946
33.52	0.1542173447537473
28.3	0.1930190847182132
27.32	0.2205023651554244
35.92	0.1567950042532942
34.07	0.1656736539966948
33.46	0.1498375033071384
26.47	0.2339365228291714
37.58	0.1621071817718347
35.52	0.160371984500834
33.15	0.1688185695754457
36.02	0.1690357452936069
32.59	0.1670715175159333
31.74	0.1741686856236097
31.86	0.1811079133911498
33.42	0.1533808689931405
25.9	0.2855473816876056
38.47	0.1655876798937877
30.08	0.1917109741490526
36.23	0.1715185294051145
33.42	0.1684304888069921
40.72	0.1722949300862633
30.26	0.192104869377667
32.09	0.1594262185859339
38.78	0.166757978925903
36.11	0.1697558327597109
26.46	0.2316686874810548
31.71	0.1576009299847424
38.87	0.1659559718803046
27.03	0.2112059579886827
26.89	0.2174109219722999
25.63	0.2991547143772487
36.29	0.1567191578608539
34.91	0.1696501264087072
27.11	0.2098204866125377
31.52	0.1556063450602672
27.52	0.2164823535731552
39.14	0.169337085455776
30.94	0.1849485950090749
31.72	0.1635754752861101
30.57	0.1917963919891576
25.9	0.2841247062249121
31.89	0.1550845433068776
31.09	0.1543021296051422
28.64	0.1963711529627928
33.16	0.1501908251947702
35.44	0.1545229424617625
31.71	0.1538174956118746
31.85	0.1811075247125276
35.86	0.1552157714995343
29.37	0.1928602337890854
29.15	0.1922872512436061
34.51	0.149430251355035
33.81	0.1498091626045449
37.53	0.1608103974837139
35.56	0.1656690211101799
35.55	0.1673239794546991
33.73	0.148112063944541
31.84	0.15262420362746
27.96	0.1895859557937764
26.07	0.2726745839370591
31.79	0.1622988983325288
29.42	0.1928009465166288
27.57	0.2171369255956752
27.33	0.2002621706880381
31.55	0.1647254345266948
26.48	0.231276989823138
29.55	0.1900078054849671
33.46	0.1700213516301609
35.05	0.158586175140838
34.11	0.1534852763347608
30.51	0.1533142101335911
36.18	0.1569581297320517
32.48	0.1551409270302725
33.09	0.1678293839918044
35.38	0.1528698621705146
26.39	0.2313722799500905
30.52	0.1917783821000108
27.62	0.2157629660995661
37.35	0.1618683226380383
31.59	0.1644107542235493
32.79	0.1525470393599683
25.78	0.2968972402979021
30.99	0.1854199683042789
25.88	0.2799426480419409
26.42	0.2383595993158548
32.66	0.1527893430729149
25.95	0.2797901058917493
25.85	0.2958285267399485
26.6	0.2230953837466472
40.39	0.1716169692374705
34.73	0.1508548470319502
28.31	0.1924029079992382
32.13	0.1578474081771312
33.42	0.1693991443411268
34.94	0.1506603676254329
32.29	0.1507551219088497
32.45	0.1678769241129299
30.11	0.1920470315141422
35.51	0.1626888356565722
28.55	0.1963729085325792
27.21	0.2046719360939488
32.02	0.1542072699697379
32.96	0.1679754999614779
30.72	0.1532298498539874
26.77	0.2276082867931029
26.23	0.2746888864841467
30.05	0.1590415064955777
26.11	0.268117954277231
31.68	0.1545050914531152
36.3	0.1713057289076411
34.32	0.1534683999399262
30.24	0.1567975184386648
27.22	0.209559207309368
34.59	0.1544094106830625
34.45	0.1654313225020914
27.64	0.2150204114584978
27.4	0.2174648941239539
33.36	0.1523027665247936
33.98	0.1494408063483894
25.97	0.2851428488007124
31.32	0.1541379333619822
33.05	0.1507074779341253
27.84	0.2076698076473794
31.86	0.1804406550734425
28.1	0.19163320777626
32.06	0.1694473748275582
28.36	0.195945160421363
25.63	0.2971577713167151
34.26	0.1524806771823558
36.07	0.1545764060610396
25.67	0.2971805209272717
31.71	0.1591542621397112
31.73	0.1584165492883721
38.12	0.1640864297806961
34.13	0.1493637151755803
30.7	0.1920582869989252
34.5	0.153454074223337
38.8	0.1678860495528929
32.84	0.1515237968270897
32.08	0.1678355523355938
25.66	0.298562649723987
29.66	0.1894145575311424
25.79	0.2855359669774886
26.87	0.2209021020375248
31.48	0.1767406432562601
25.65	0.2964631603964898
30.32	0.1930106860321872
33.54	0.1503755317046902
29.48	0.1921786534996919
31.26	0.1768538831312624
37.22	0.1621918368288991
31.07	0.1879650707168712
27.03	0.2163229216507596
31.05	0.1841587157352718
37.58	0.1629951597966066
32.4	0.1554322903766051
32.76	0.1527464126087979
35.45	0.1613881721403203
31.86	0.1743814844373503
37.26	0.1756491816551963
33.51	0.1713830916165546
28.62	0.1970468060533768
30.3	0.1568584758942457
36.02	0.155533477148849
33.85	0.1535297641308053
31.96	0.1552122826584355
26.23	0.2508542868700632
30.81	0.1918848108919094
32.96	0.1517784067657891
32.52	0.1550249907059358
33.44	0.169599280760339
26.38	0.243172832957494
32.74	0.1527678852480264
30.17	0.1552022779191352
27.2	0.2004652822756533
37.63	0.1618328702656534
27.33	0.2011439163246392
28.57	0.1963779234001061
32.22	0.1682253081791188
25.95	0.2808297526419696
26.63	0.2222974099463552
33.87	0.1525022880607773
32.93	0.16832174168585
27.83	0.2135728101685548
27.82	0.1906434151934512
35.46	0.1609429311761359
25.76	0.2961991312566052
32.5	0.1506792441793867
32.27	0.156892435298897
35.21	0.1585931440571099
36.68	0.1640535246200249
36.5	0.1714677232775116
33.89	0.1489862653261945
35.78	0.1691958595540618
34.65	0.1525336091003102
38.01	0.1639701251656983
30.06	0.1579906542056074
25.81	0.2947083065712451
27.79	0.2059053122624124
31.42	0.1564081191337087
38.88	0.1671244596162622
34.63	0.153382218407491
28.21	0.1907628412157677
34.65	0.1547434446726177
26.02	0.2714949462014998
37.16	0.1600986503570115
36.14	0.1626515492757402
27.49	0.2203212120288839
31.61	0.1562539431369807
25.58	0.3001016074527354
25.93	0.2752738671481263
33.51	0.1509223894755235
30.13	0.1586054554464841
30.6	0.1915465763849486
29.22	0.1920477478637984
27.19	0.2050045795136746
27.46	0.2182671831087138
26.14	0.2635806221423474
33.34	0.1702312138728323
32.86	0.167850048835091
31.29	0.1775878963517291
35.7	0.15416731336334
33.8	0.1644099261223716
28.38	0.1941535332994408
33.13	0.1522092691028857
33.12	0.1528223819690978
36.86	0.1717788731515567
31.48	0.1948901443816698
31.73	0.1637623829903323
38.53	0.1774957372584697
33.98	0.1515609274968713
29.75	0.1625018250709551
31.49	0.1559865226125884
27.51	0.2159908046793176
29.94	0.1909243161336628
32.02	0.1525262974536173
25.63	0.2984329349269588
27.76	0.21465130821017
27.05	0.2135805781523576
33.57	0.1532260060306482
27.35	0.1992580293536807
33.78	0.1480750595699184
26.99	0.212998728966603
35.54	0.1521288053980422
36.64	0.1572940615319105
25.64	0.2956083006876811
34.91	0.1610992124805526
35.08	0.1562238834689358
31.62	0.1849311354516864
27.74	0.1908291231080465
30.02	0.1568447527417327
27.23	0.2073314605976224
32.17	0.1524184487639356
35.91	0.1549458156536983
36.04	0.1546917390894457
25.64	0.2957324664053552
32.5	0.1542565001110104
34.07	0.1493718678455638
25.69	0.2973936349135733
32.57	0.1672278663206665
32.85	0.1524046940713607
32.85	0.1693962049699984
32.38	0.1565557162048899
31.77	0.1788963283723299
33.97	0.1487672955821541
25.7	0.2935958084178628
31.94	0.1812764571800716
25.95	0.2802894200009272
33.21	0.1695342465753424
29.57	0.1921380863303446
36.52	0.1710429910569981
34.65	0.1526497319210147
36.75	0.1577306833207101
29.45	0.1910333038677914
35.47	0.1678584171840433
27.51	0.2176311812501616
36.84	0.1634597332584026
33.65	0.1495850820297596
30.55	0.1545651939286257
31.5	0.1642314406766943
31.28	0.1773892433042697
26.32	0.2415629666500746
35.9	0.1721088749858743
32.61	0.1532111719037808
34.56	0.1668232520797389
27.32	0.2015958461774136
25.86	0.2842869647165029
37.71	0.1631792676304626
30.78	0.1523524565079215
34.46	0.1549125549282572
31.34	0.1771792968533214
34.1	0.1544422507403751
28.46	0.1967693005992565
27.79	0.2127790031308948
33.85	0.1484035716449915
33.13	0.1682949200627126
35.2	0.1608762061563925
30.56	0.1933977347539264
31.1	0.1894956788270425
31.15	0.192041561655826
31.54	0.1864712308812818
33.23	0.1501856889963862
31.76	0.1611367356048207
34.84	0.1702779353374929
32.01	0.1745310722020335
32.2	0.1671316606377793
32.74	0.1532686730280384
31.69	0.1624112017684664
30.54	0.1533374161549581
32.27	0.1510790076424369
33.33	0.1499038898343582
32.37	0.1511637507395322
34.35	0.1654895972513838
32.39	0.1679459552516132
32.23	0.1528433584320036
35.63	0.1702032268701442
31.07	0.1932626229899561
35.52	0.1679560749126193
30.9	0.1925364141986087
26.35	0.2487320254520921
32.38	0.1561725484728462
25.86	0.2942396973153637
37.6	0.175379658380553
31.6	0.1638495519769409
28.14	0.1917781447839251
26.17	0.2631680544941547
31.89	0.156989734626516
34.88	0.1501908460445196
26.06	0.2757666843913499
30.73	0.1519138303903248
27.87	0.1902502491270534
28.01	0.1912292574646057
33.71	0.1494887860274299
36.03	0.1611068364874599
29.14	0.1915568356222848
34.07	0.1515604493382271
35.87	0.161246318025979
35.23	0.1600434898433456
33.7	0.1731289375597849
31.18	0.1805750921963174
30.72	0.153748470456719
35.35	0.160442672820728
39.06	0.1671626500594996
28.77	0.1977770565847456
34.27	0.1497951316854814
31.26	0.1875441423526588
34.6	0.150217643380545
32.72	0.166402325360968
34.17	0.1524351599359916
32.27	0.151472381198273
28.22	0.1915017909154238
34.82	0.1696352172934023
33.27	0.152499444287007
25.55	0.2962580631213704
35.32	0.1523660520474111
31.12	0.1909207422968124
28.85	0.195941467672208
26.28	0.2506047835658198
31.05	0.1864966119364086
25.61	0.2985809895277592
27.59	0.2147426372537813
31.97	0.1800893733843656
38.32	0.1646291945822094
27.46	0.2190204814569934
33.72	0.1723395306648829
30.7	0.1535675285948284
27.33	0.2196548351304226
31.93	0.1744286124127378
35.21	0.1521203789486267
33.78	0.165952351516317
31.48	0.1551004486054222
26.54	0.2247155790295977
29.9	0.1615566889330204
31.22	0.1931469781962719
29.52	0.1905678765132956
25.57	0.299046040100654
32.96	0.1508153754938521
32.38	0.1665001153047889
31.86	0.1567294179646328
35.97	0.155823389842165
25.92	0.2837107192103926
33.06	0.168564520531919
31.97	0.1708778043999128
31.78	0.1788076862498031
28.06	0.1891239867679424
42.25	0.1702690636671493
27.37	0.2177019555590958
28.84	0.1957837215365896
30.94	0.1909028974246365
30.75	0.1929795540263349
37.76	0.1761250427380657
36.54	0.163252302478918
33.36	0.1701468611959816
31.42	0.1811578087179593
35.51	0.153029385700853
31.04	0.192475450279762
29.84	0.1908966004673252
37.11	0.1749589510090482
34.77	0.1592892122128269
28.29	0.1924014212281228
31.97	0.1534663503245293
31.84	0.157251646328142
36.54	0.1566933632391371
31.22	0.1777861248042973
31.41	0.1831445807130865
32.86	0.1680220153984107
26.7	0.2198455762141564
28.58	0.1970472799105866
31.44	0.1946246524559777
35.54	0.1529231810397215
29.44	0.1922037245481056
31.96	0.1531578817267206
25.72	0.2971405627388793
31.31	0.1795319408092012
29.67	0.1910502613227298
33.64	0.1525797649972584
35.67	0.1530542299803256
25.73	0.2957533759772565
28.66	0.1952559929926733
28.95	0.1955682556033785
27.19	0.2039003355650299
34.88	0.1558011021610702
36.95	0.1587741030894154
35.96	0.1612135278514588
27.83	0.2141539810708848
35.7	0.1539337342280066
26.08	0.2761062778954587
34.2	0.1645333911848718
31.47	0.1954113461875493
35.07	0.1608192766396233
27.76	0.2135148420810573
27.88	0.1906052175315512
27.16	0.2040309742870248
35.95	0.1709223606903982
33.34	0.1704218389541909
25.73	0.2861077742589155
33.87	0.1657304790668873
36.67	0.1586206542022444
35.4	0.160676982938703
26.66	0.2233375156838143
29.93	0.1908767965317456
27.24	0.2024947355714419
25.99	0.2824364476724991
31.5	0.1836581320617809
26.66	0.2260296331911986
25.59	0.2989479279361508
33.0	0.1520528546748191
34.18	0.1501878233751506
33.85	0.1542636341251174
36.26	0.1569910125182122
36.96	0.1580677973739864
33.85	0.1650074871778817
25.75	0.2969657735820211
31.78	0.1746497175141242
26.28	0.2455560604906393
33.31	0.153166334350685
26.9	0.2211703788612423
31.63	0.164309173998848
26.32	0.2403438717002112
32.85	0.1525225248563538
31.79	0.1798908706623244
32.82	0.1525495455557621
31.91	0.1784778580100965
34.62	0.1675978617995178
30.47	0.1522966135811764
31.91	0.1731137495212562
36.96	0.1767653446890017
29.72	0.1917240707538984
30.1	0.1912902202195849
27.45	0.2175794166001566
26.18	0.2728401531949203
34.89	0.1598795155300472
27.9	0.1915267064942592
26.15	0.2721814058468897
25.73	0.2969272013854932
32.34	0.1689644074414089
31.5	0.1842937575831936
33.6	0.1525514408193716
28.33	0.1924619085805934
31.29	0.1885532905584408
35.75	0.1686069877487522
27.8	0.1925660271707973
34.66	0.1698008604248902
26.29	0.2464948106355655
31.46	0.1553714797622692
42.5	0.1600071501914339
31.34	0.1903372494078397
26.82	0.2316477185040383
31.95	0.1707413348562598
30.24	0.157117432735426
32.11	0.152123822762568
35.79	0.1611576603880212
37.16	0.161393698763352
26.08	0.2777305621359415
34.81	0.1501605551146954
31.8	0.1755228995548602
31.92	0.1551728145050456
25.63	0.2965154503616042
34.32	0.1492841220039285
35.61	0.1618896786676584
36.39	0.1629821189296857
31.63	0.1553948856223362
27.83	0.2128766178134421
26.06	0.2786543222323038
29.02	0.1943692218905031
25.62	0.2972833833847687
34.25	0.1530937239275909
26.56	0.2253860883837756
34.32	0.1627716142585177
34.14	0.1663221779560538
36.23	0.162429820907955
26.38	0.2378236238632925
33.32	0.1513882800919497
33.64	0.1527176183711761
25.56	0.2975541349377957
27.68	0.2134045712788224
33.81	0.1798377403846154
31.99	0.1682268187994737
31.73	0.1643781602263765
31.95	0.1568042856249156
26.62	0.2225737494655836
36.16	0.154976198562749
32.27	0.157403751862559
34.21	0.153966973229854
26.16	0.2666108067689468
30.44	0.1905133261781018
35.09	0.1697414148242825
33.5	0.1701501207692542
31.34	0.1838743283254742
34.36	0.1656680153333297
29.96	0.1917587453792769
36.0	0.1549716816493319
40.11	0.1710541369522699
31.32	0.1964495069601175
36.7	0.1577720232009249
30.3	0.1529083068474471
31.79	0.1826121476776498
39.68	0.1691141988381943
32.78	0.1523493939936712
34.65	0.1509123920558632
31.8	0.1610867773971117
30.32	0.1932475289322746
34.91	0.1694573609162902
34.83	0.1554075310144848
26.34	0.2354240894060954
31.61	0.1636020671734333
27.03	0.2175964923046028
33.35	0.1677509293680297
25.86	0.2833067049956345
28.91	0.1928522688502216
29.17	0.1904787520172135
29.78	0.161049302409044
36.59	0.1716820071668755
26.73	0.2199419134451856
34.65	0.1510854869239386
25.5	0.2974569111186212
33.87	0.1643033127451028
31.18	0.1911926964948821
27.67	0.21554571590456
37.18	0.1649262896912699
34.44	0.1662564796289559
33.49	0.1499660839129215
31.77	0.1540520886732187
38.52	0.1642634912176426
37.64	0.1622197984246458
26.55	0.2252253365833881
31.94	0.1553955890075267
31.89	0.1721848721785496
31.09	0.1822210636079249
29.2	0.1937346437346436
28.08	0.1915711742022874
27.91	0.2037338355613042
27.01	0.218878826694709
37.35	0.1635182519851472
26.77	0.2260933139510074
26.09	0.277923327808373
32.72	0.1514882657128093
32.44	0.1677453433093992
33.84	0.153096697323438
34.59	0.1679273741101728
36.26	0.1711413296141329
34.59	0.1514962593516209
29.96	0.1587315677861616
30.75	0.1921963073855014
30.24	0.1539472354659434
32.07	0.1732318710832587
26.04	0.2775331643047947
37.0	0.1640479676602215
37.87	0.1638554361963485
34.51	0.155101726638524
31.25	0.1937428092532135
31.84	0.1742370551725618
31.58	0.1654873091950516
31.23	0.1918948290755745
39.06	0.1608228775592804
25.93	0.284556321646624
32.52	0.1547968364778499
32.6	0.1671585756126245
29.17	0.192528591562634
34.9	0.151150307391658
36.19	0.1712715710184299
34.33	0.1547659916695675
34.77	0.1675977973416982
31.5	0.1870235921514071
30.36	0.1925048584484479
26.86	0.2259446051149022
32.74	0.1665957459560211
30.44	0.1542639967534997
36.25	0.1557735865107524
30.31	0.1551832391334932
27.71	0.2132193635748138
27.98	0.1904717171039388
37.01	0.1599571764077026
29.2	0.1924422712281868
27.1	0.2093021976813252
26.51	0.2347416521288253
28.83	0.1978498399535392
27.31	0.2215613720550022
32.87	0.1521173369929666
32.46	0.1531188539566661
38.27	0.1653457559440982
27.55	0.2168194010228502
36.57	0.1711333833723343
31.1	0.1820459491066273
27.74	0.2145250105231198
