40.9	0.1313310925744374
44.3	0.1894178890003524
31.5	0.1547083241174625
41.9	0.1680696175607265
46.5	0.2074824624870238
43.7	0.1978315299515789
31.5	0.1612012850789388
34.8	0.1309760164531275
38.4	0.1310070098264158
36.4	0.1470665708155213
38.4	0.1449309504467912
33.8	0.1395896867202661
30.4	0.1460027694888147
39.5	0.1306774903779895
33.1	0.1352356815416395
40.0	0.1296163780472014
45.4	0.2006845419061256
34.3	0.1428945870411881
45.5	0.2013430543956622
37.4	0.1663754493784017
44.3	0.1927690280003413
31.8	0.1516091527042738
44.1	0.1874576188765186
35.7	0.1385989183750471
40.9	0.1307875546590403
33.6	0.1413625236597438
43.7	0.2101132155289545
31.7	0.1531468203758376
36.5	0.1434941698785188
41.0	0.274042846372572
31.5	0.1724275123588142
36.8	0.1638712394949454
40.5	0.1321051627052744
32.0	0.1484619313370991
40.8	0.1304158023468218
40.4	0.1333826302446805
39.9	0.1663719367229948
47.0	0.2075815919782853
40.5	0.1379300022652988
34.7	0.1623800043213878
31.9	0.1473588046751955
40.9	0.1343360446647735
34.5	0.129868783262984
29.4	0.1521320836695425
34.5	0.1303732235292411
34.6	0.1654084955053399
32.9	0.1524410875786407
39.5	0.1381766027744067
33.9	0.1338173627086887
44.5	0.2105447503407386
44.3	0.2082349379352104
40.4	0.1698805840555259
39.8	0.1300970641102456
41.2	0.2743674486644633
39.6	0.1295206609449494
41.0	0.1679355866467245
43.9	0.2098565478133016
33.0	0.1352591308506187
36.8	0.1434483658362164
35.4	0.1296190183722801
44.8	0.2050524769312818
31.1	0.14766765762068
35.7	0.1377376146017326
36.3	0.1460021293585307
34.4	0.1480614437353686
38.2	0.1444251036678825
28.8	0.1466757437188511
29.4	0.1553133514986376
39.5	0.1291853647808525
43.9	0.2555718750279301
31.5	0.1544045692804061
36.6	0.1643035250933485
33.7	0.1486063555844817
34.8	0.1421949795680093
31.5	0.1556783602594092
37.0	0.1633441496468791
34.0	0.1348718980584131
31.2	0.1541635150931719
34.1	0.1474588867182001
45.1	0.2043982617054908
32.6	0.1329415465349117
31.5	0.1505102040816326
44.1	0.1848940788981211
44.9	0.1923983693249725
42.9	0.2759945837589869
33.2	0.1359129869878022
36.4	0.1474409190084382
44.3	0.1841470096892749
40.1	0.1311793492131245
44.3	0.2085705433371365
31.2	0.1532894635612475
32.5	0.1636085445552774
30.4	0.136018064745151
35.3	0.1644027406212889
44.0	0.2537548882762121
32.6	0.1292662959094374
40.6	0.1306026048909691
40.3	0.1697283674040885
35.4	0.1292468961415508
34.1	0.1329672817842182
39.8	0.1301063361955625
29.0	0.1523743842364532
33.2	0.1354514174760977
37.4	0.1665610256184135
38.9	0.1669826220019475
35.1	0.1291755627009646
35.9	0.1281413142457036
32.2	0.1513578864953416
32.1	0.139899768696993
32.8	0.1465527641222064
34.0	0.122293067655363
39.4	0.1296816966403094
42.1	0.1664635915288656
42.9	0.2444972400692482
31.8	0.130494659094253
37.1	0.1662266506125244
44.6	0.2080218826265703
43.0	0.1772852182103285
34.6	0.1435097878368683
45.0	0.2037269006725844
37.6	0.1660790045382681
35.7	0.1469610224381216
37.1	0.1366018072066812
38.6	0.1311337111246036
40.5	0.1324858105197106
33.1	0.1351117118806854
35.2	0.1346670379719544
37.7	0.1454955890551723
33.7	0.132122334452157
44.9	0.2052910714732444
36.1	0.1644565748480342
44.3	0.2085821741201202
31.4	0.1456880487032122
31.5	0.1399551381709912
39.2	0.1287066285044538
42.6	0.2735146946245608
33.4	0.1629019568734348
43.7	0.2521569980861544
44.9	0.2119353847169969
34.8	0.1316776710684273
43.9	0.2507257712101939
44.1	0.272016685904056
44.5	0.1974626634532555
31.3	0.1561737116025887
33.5	0.1305102455854921
40.9	0.1683769377873621
35.2	0.1355801889705428
33.0	0.1455490383098887
33.3	0.1299937552564869
38.3	0.1287154484591186
38.5	0.1449966113275331
36.5	0.1638430795856404
26.4	0.1473748058560255
40.4	0.1696329301221336
44.5	0.1808145409148376
39.2	0.1295367952296547
38.7	0.1458719374099238
40.4	0.1320043456754018
44.0	0.2002112490097702
43.0	0.2447973713033953
41.3	0.1361116953293103
43.5	0.23921581861652
39.7	0.1304175136861004
33.5	0.1495230930438754
38.4	0.1320491912571668
41.1	0.1352877935825339
44.4	0.18252550714839
38.4	0.1320685400483117
35.5	0.1438978145893623
46.1	0.2078722625510888
44.6	0.2083860334264302
39.5	0.1294354696247348
35.8	0.1260783640228391
43.7	0.2552613521008546
40.5	0.1306822613813643
35.1	0.1293432572136528
46.8	0.2093869731800766
30.3	0.1550266339731123
40.8	0.168440886798252
37.1	0.1437876062279015
40.3	0.1695728569749933
42.5	0.2752892746703214
33.7	0.134915046762223
33.8	0.1334425117642417
42.7	0.2757179722400526
33.0	0.1382644139725874
32.5	0.1319608559059193
31.6	0.1524785824119499
35.4	0.1293810978579669
35.4	0.1636683629396204
38.6	0.1319836374529703
31.1	0.1555939407850953
34.3	0.1318014554583116
36.5	0.1447197554229145
41.8	0.2747090169115847
37.5	0.1660432703572885
44.0	0.2564923921748083
44.9	0.1942543480534924
30.2	0.1993918468375686
42.6	0.2746870688955612
36.7	0.1642701083582081
35.2	0.1254265219077161
37.1	0.1663644287984573
33.4	0.1696056117445587
31.4	0.1476810214260694
33.1	0.163323782234957
44.5	0.1897794343536499
33.0	0.1638470118210658
31.5	0.1460815279420435
35.2	0.1328671328671328
34.9	0.1313843870875406
36.4	0.138114659111743
29.3	0.1453830753454758
33.3	0.1517988379036332
36.5	0.1471677820267686
40.3	0.169865261484069
41.0	0.1341229464637487
33.3	0.1348549993065254
39.0	0.1304679392520427
34.6	0.1334802971822606
44.0	0.2234840201193414
35.5	0.1646736149204608
34.8	0.130096643842694
35.1	0.1332704279099673
36.3	0.1444708324186241
45.0	0.2157228180033127
39.3	0.1296183536541374
40.7	0.1340245003429774
42.6	0.1763288762329247
31.7	0.1463920369070303
42.5	0.1762815478229072
40.1	0.1697599549397816
38.3	0.1448731143588084
43.9	0.2531921933726813
44.3	0.1963166924618172
35.1	0.1341641299514282
35.5	0.1449925656893339
47.1	0.2102726826072715
42.4	0.1680148473159421
36.1	0.1378789465386912
43.5	0.2744857027531807
39.0	0.1283666908490874
35.3	0.1344076634896728
29.5	0.1404457472077626
35.1	0.1403201773536326
33.0	0.1504110004988396
34.3	0.1259104903506795
33.2	0.1464439262341089
33.1	0.1302065061393717
31.8	0.1527036080472269
40.6	0.1370801279940093
44.0	0.2727597725419222
47.1	0.2072408432366876
40.5	0.1309886944977069
31.1	0.1539070932731251
38.3	0.1319028210103153
41.2	0.1680402623804409
32.0	0.1381987993293376
43.2	0.2449300662195432
32.2	0.1447846004903836
34.7	0.1394354447994113
44.3	0.2092632391603722
39.9	0.1311286387487049
41.2	0.2753021116278287
43.6	0.2470036211557096
34.8	0.1305595028782003
40.6	0.1366003331287805
35.4	0.1630802283566607
37.1	0.1666030058955409
44.5	0.1795955510084924
44.6	0.2087599177196591
44.3	0.2346456571512269
32.9	0.1440071556350625
38.9	0.1454894855617438
31.7	0.1611916490912828
33.9	0.132984823200968
32.8	0.1396535645839911
40.5	0.1689887542474719
39.5	0.1295742898180657
39.5	0.1296194954567016
33.4	0.1491903846985488
32.4	0.1693158423186816
30.0	0.1354853142681369
32.3	0.1540582904149627
34.5	0.1350856623533622
39.7	0.1400309748654068
40.5	0.1310570164454462
45.1	0.2086163752673549
37.0	0.1666602997916562
39.5	0.1294716961917502
41.5	0.2741983801328544
46.5	0.208451292283827
43.9	0.1870696848168384
39.5	0.1294027844236334
42.6	0.1752862914406698
33.7	0.1260484409143844
44.2	0.1862340247982892
33.6	0.1324557708508845
32.2	0.13778641031341
42.8	0.2743996582771153
37.2	0.1367173852955888
30.4	0.1376220032630973
30.4	0.160880973564761
42.1	0.1684669025596457
41.5	0.1353205028444951
44.5	0.1815429162795745
38.7	0.12945399228947
33.5	0.1331662638096656
33.9	0.1328176598239678
43.2	0.2754831481654374
34.8	0.1326592820088109
35.6	0.128119756997232
42.3	0.2748955075556075
38.4	0.1456300430996751
34.5	0.1305337217313002
39.1	0.1446611457549113
35.5	0.1351063511383363
29.0	0.1504960265932582
35.3	0.1286422272429123
43.8	0.2730394198384818
29.4	0.155683330787527
44.0	0.2525849335302806
34.9	0.14589146166587
37.4	0.1669365527493054
33.0	0.1498487467588591
33.3	0.1317644498468626
32.4	0.1381425647331678
36.8	0.1667586781887625
33.0	0.1464830295242794
44.8	0.2086698883902888
35.2	0.1409484294338077
35.7	0.1281338163029791
40.7	0.1324753541037886
34.6	0.142891573376355
32.5	0.1706847937749994
44.8	0.2140610460421585
33.5	0.1483719891794784
35.0	0.1321575379680667
35.6	0.1431911050411375
43.3	0.1775520266727191
44.0	0.2558594791179239
34.0	0.1421560559881126
39.9	0.131545294508095
33.4	0.1370485927536555
31.3	0.1679410538023077
39.1	0.1308831756160614
40.2	0.1694893274176103
47.0	0.2104562338894022
33.6	0.1280616900699754
36.8	0.1461462578853093
36.7	0.137968746453619
35.7	0.1638012906688274
32.8	0.1635122072900751
34.1	0.1648326886243286
30.4	0.1617177021203732
35.5	0.1304014028747941
31.6	0.1314621409921671
36.6	0.1472972901826375
31.3	0.1467710541865072
38.4	0.1439655118474813
35.0	0.1315125589557968
30.3	0.1349248641159544
40.3	0.1322400677019151
38.5	0.1281735485660503
35.0	0.1299600223587135
38.4	0.1288728342626202
35.6	0.1436579818856481
37.8	0.1452819416367121
38.7	0.1296456249817768
32.9	0.1470269703745108
34.8	0.1658676094152568
32.3	0.1458989365649882
35.5	0.1635876294270514
44.1	0.221222428070686
35.9	0.1349420249474902
43.3	0.2725860186132203
32.8	0.1524496472576945
31.1	0.1366346677687813
40.9	0.1682925399852952
44.1	0.2366377670132568
33.9	0.1351025908044822
33.4	0.129815879584699
43.4	0.2464965112599687
39.8	0.1317311403819316
42.3	0.1679010226034114
42.1	0.1677216272624628
36.0	0.1268637608083354
34.5	0.1395473237633323
38.5	0.1661455104554404
33.9	0.1337530277677014
35.1	0.1389884378597527
36.5	0.1368496956418625
31.5	0.1459035453638456
34.9	0.1758435189929005
40.0	0.1319512384059638
36.7	0.1373730261808736
31.1	0.151748076383088
39.9	0.1690518169724867
35.2	0.1283972455957053
35.4	0.1639884784818705
34.1	0.1304298262384355
38.3	0.1443515287062524
33.6	0.134273749731159
38.8	0.1287485947038283
41.2	0.1681617273339311
35.9	0.1463306493549146
39.3	0.1291650346481932
42.0	0.2746974545183497
33.3	0.1269877909798873
34.9	0.1652417241301179
40.0	0.167138712443162
43.9	0.2229969148257592
31.5	0.164215239632416
42.6	0.2744027716230914
46.1	0.2082261279217249
30.5	0.1554003021148036
31.7	0.1529311686022346
44.7	0.2097272758537675
30.4	0.149673449832312
40.2	0.1319609682568235
43.8	0.209140876961825
32.1	0.1468177129517363
33.5	0.1296973419635975
33.5	0.1442626270063319
39.9	0.1305633240111865
45.1	0.1992544041324529
39.5	0.1393788248942507
33.3	0.1673108101936427
37.7	0.1667167334700872
42.3	0.2748857120207171
35.0	0.1302098894532417
38.1	0.145925646754785
34.0	0.1343392628225468
33.6	0.1336717232065722
44.0	0.2544062405465177
38.3	0.1454176548662938
35.2	0.1438128927363009
30.9	0.1506265146249366
42.0	0.166873388429752
31.5	0.1563676372420152
44.5	0.2085404949381328
39.7	0.1685289480808327
35.2	0.1647971963438214
35.5	0.1650550939281984
32.9	0.153408761577965
34.8	0.1407682872726323
33.7	0.1466845836882208
31.8	0.158257904370283
33.7	0.1316144930181619
32.3	0.1659087463998787
37.0	0.1663855012359563
33.7	0.1516995614035087
37.8	0.1355052336652637
40.6	0.1687211303078167
40.0	0.1301278936522007
33.9	0.1355074058427529
32.9	0.1362047533726456
33.8	0.172964783173334
31.7	0.1591225036449327
38.9	0.1442819069828314
44.5	0.1934825965145543
40.6	0.1697381965890437
33.2	0.1689758939438605
34.1	0.1315912260767257
37.2	0.1673708102989709
39.2	0.1293095480067506
42.5	0.2747505641260653
31.5	0.158984602504368
37.2	0.1667899645251673
39.2	0.1297466300467622
33.9	0.1318874470654262
43.2	0.2750825169564031
40.2	0.1695852482397953
40.2	0.1673749154246684
44.6	0.1791798885555529
30.8	0.1387749424581459
32.2	0.1372766490874991
34.8	0.1391538633248764
46.5	0.2096855513821377
33.7	0.1338389406095185
43.6	0.2474095672865739
36.1	0.1424092299337571
32.8	0.1692157357575899
36.8	0.1364822540525668
46.4	0.2090128279038508
41.5	0.1681072923995114
44.3	0.1786087111614706
34.1	0.1484137746131755
33.0	0.1438214830099856
43.9	0.2537786575277712
32.3	0.1410397957169643
32.3	0.1373442920865686
28.2	0.14440342031062
44.2	0.1967711767765208
36.8	0.1670918480461856
43.9	0.1789925755281694
44.1	0.2530011903692391
32.0	0.1597440335021259
44.5	0.1995891300361308
42.8	0.2753920443175954
39.5	0.1282757097094885
35.4	0.1278158776251736
39.5	0.129829261171793
33.3	0.1353533722805405
32.3	0.1371093221748477
33.2	0.1426913666916391
43.1	0.2758087524518315
31.0	0.1453389874015586
44.6	0.2186664468634249
39.5	0.129400629033941
44.4	0.1941753987963151
32.9	0.1411004950894564
44.8	0.2123511806462431
39.5	0.1293338163158124
29.7	0.1548261456112102
39.4	0.1285512582963045
29.0	0.1488395929423823
35.9	0.1443701038899909
40.6	0.1322144894959799
34.5	0.1472854276303335
33.7	0.1513352782134084
37.4	0.1668301940002115
36.4	0.1646385200716288
44.6	0.2079133815964432
43.2	0.2409694752367401
37.5	0.1358512367409507
42.0	0.1687472982355021
43.2	0.2426079593564775
43.0	0.2745713989011196
37.7	0.1469201038242624
30.2	0.1601197938431536
39.2	0.1298844705431799
40.6	0.1688156280850809
31.2	0.1627219822414206
33.0	0.1453043744264301
42.3	0.1686730715786575
35.9	0.1459142912967023
44.1	0.2194293145220592
40.6	0.1302802760743658
33.4	0.1384074771088979
33.3	0.1675014263065397
44.0	0.2043660423884361
34.9	0.1437144886363636
41.4	0.1353728463113035
39.1	0.1295589176056517
35.2	0.1385717693405005
31.8	0.1508638004042341
44.2	0.2493490207245516
33.1	0.1294929481493664
29.0	0.1489449873951031
34.5	0.1345213925286454
42.6	0.2755726955315758
35.4	0.1281126520687377
35.8	0.138716431900799
34.8	0.1400995927767497
40.0	0.1301267769165594
46.8	0.2096744363193175
43.9	0.2480695974467209
39.5	0.1662747037432235
41.6	0.2748553937320944
38.6	0.1313807973327332
44.8	0.1988600749260214
35.5	0.1373109243697479
36.9	0.1449774405813283
34.7	0.1400749558112756
44.6	0.210148452145716
35.3	0.1302552280427039
39.1	0.1300810585679145
42.7	0.2749401661992953
46.5	0.2088264724253338
30.5	0.1488162344983089
37.5	0.1438686267856772
30.6	0.1369353243205049
34.5	0.1337250912265274
44.2	0.194797909084642
33.1	0.1350096955828928
35.9	0.1338071794202993
38.0	0.131485353525101
43.9	0.2383663417348474
36.4	0.1632491723899402
35.2	0.1471851132652478
35.3	0.1462998325450218
31.9	0.1589663480632264
35.6	0.1432190853869637
36.7	0.1636102995520855
33.6	0.1338774744347499
31.4	0.1552455834457347
33.3	0.1683265173814009
33.0	0.1373341143052312
40.3	0.1329268334352715
29.1	0.1531412810297272
31.2	0.1527078705015457
34.7	0.1311413770848841
33.4	0.1315054962874875
32.1	0.1284676145339652
36.8	0.1633637055850534
35.9	0.14793999418047
31.4	0.1384697344587955
44.5	0.2080079400974923
32.2	0.1410824648084975
44.4	0.1905263186453921
33.1	0.1423295182973989
44.1	0.2549592883428472
39.8	0.1668170248413184
38.0	0.1662294038222992
39.5	0.1387720803207227
33.5	0.1497927931920929
44.2	0.196469999545103
33.6	0.1305280472406131
41.4	0.2760899673148302
32.9	0.1433374826167715
34.3	0.165183577804692
46.0	0.2080597014925373
34.7	0.1415855233151968
35.6	0.1439954594522407
35.2	0.1298315438405508
40.2	0.1302199153681122
33.3	0.1437644355716586
31.2	0.1463973210196139
44.5	0.1979968417145948
34.5	0.1312293298794059
36.4	0.1465276411567971
35.1	0.1616920586159658
37.9	0.1669126799660722
41.8	0.1675953355274847
47.0	0.2070738630502
44.8	0.1908504054340673
34.5	0.1419602419114257
43.9	0.1995219705436478
44.1	0.2485791385063696
34.7	0.1308765408280022
38.4	0.1451886996886369
39.3	0.1309147332643712
35.7	0.1439746041629603
33.2	0.1488941937203413
35.3	0.1294854958994437
40.6	0.1376427599403648
35.5	0.1637791200230505
40.2	0.1336524214835718
36.2	0.1444560010547441
44.1	0.2511301795875361
35.1	0.1407382335126661
33.4	0.1421831901919724
32.6	0.1388701890711854
34.0	0.1663696283219726
33.1	0.1489142510857489
33.7	0.135120688292794
33.6	0.166314259084424
33.3	0.1381950298548062
44.1	0.255660650262542
34.9	0.1329763016130513
38.5	0.1440973850116657
39.5	0.1670656100059302
33.5	0.1306920781181459
34.0	0.1492605829231224
33.7	0.1362454199654563
35.8	0.1443409041360843
32.3	0.1608818470402327
36.8	0.1643000983709563
44.0	0.1974651457541191
38.8	0.1437163797155441
40.4	0.1331355672671259
33.0	0.1357683942868582
40.4	0.1342236970203897
46.5	0.208684732216724
41.4	0.1676477895314931
32.4	0.1498732697971527
39.2	0.1661891661132719
44.3	0.1826615969581749
44.7	0.2073987976953744
39.8	0.1676272966710475
43.3	0.2102934481786847
39.7	0.1288530622973801
34.9	0.1323407522013869
31.4	0.1554628736740597
45.8	0.2083682764137432
33.0	0.1501168966832293
31.5	0.1673006275830399
46.2	0.2086073874964736
