31.21	0.1021971849710022
26.96	0.1519542436865399
39.73	0.1258607451674347
27.98	0.1338597425393402
27.69	0.1663094058237764
26.84	0.1591171422825706
39.09	0.1290050280764854
34.59	0.1037800846643568
34.11	0.1017195452599533
34.88	0.1158581277313332
32.6	0.1143344152307927
33.97	0.1125562448414494
31.8	0.1172736172295643
33.95	0.1014193426698731
36.55	0.1063617993060111
31.78	0.1015773021376505
26.46	0.1619760946838014
31.5	0.1107582287929498
26.6	0.1629677778809546
29.61	0.1298378035781164
26.63	0.1554949864431144
37.84	0.1246775894569883
26.98	0.1514693166139442
34.0	0.1109975171608003
31.33	0.1024618819133845
31.58	0.1100934763255419
27.33	0.1681188047435389
38.76	0.1225362977491807
34.14	0.1126673014212912
25.65	0.2323540784100113
31.57	0.1411510451255614
30.13	0.1281852950023634
30.74	0.1030393598303164
38.17	0.1217575386030116
31.11	0.1014755037987931
30.29	0.1043234790669499
28.92	0.130499681100231
27.9	0.1655170700193808
29.95	0.108543101648925
31.19	0.1321138455262115
37.89	0.1208293346625772
30.17	0.1054016162950906
32.95	0.1015961440780901
31.89	0.1237366262105129
34.36	0.1028314452170827
30.86	0.1312308526051516
37.41	0.1214449070544772
29.85	0.1089202469446894
31.97	0.1034756489679537
26.18	0.1706337441051332
26.42	0.1686768767260858
28.41	0.1338350233092171
31.92	0.1007100568686526
25.56	0.2307144789101314
33.52	0.1006430357809302
28.3	0.1339276459002798
27.32	0.1679801302275625
35.92	0.1070039860339198
34.07	0.113500264193037
33.46	0.1008926445880424
26.47	0.1675028703938657
37.58	0.1209632232870633
35.52	0.1075632202968244
33.15	0.1151536739263179
36.02	0.1174331562481231
32.59	0.1135077920369329
31.74	0.1176991150442477
31.86	0.12532981530343
33.42	0.100499460260686
25.9	0.2139356055857049
38.47	0.1270196830919285
30.08	0.1282882946554326
36.23	0.1177855893608547
33.42	0.1161529943711359
40.72	0.1249916252152546
30.26	0.1277250193353704
32.09	0.1045122684090066
38.78	0.1264307305926121
36.11	0.1174613398356404
26.46	0.1663964584212435
31.71	0.1039580570923445
38.87	0.1231139267125808
27.03	0.1485590431082925
26.89	0.1540827595609789
25.63	0.2325892491952053
36.29	0.1074572902264033
34.91	0.1170390898637657
27.11	0.1476102181017808
31.52	0.1023174132968169
27.52	0.1670570521153877
39.14	0.1251006287562285
30.94	0.1321508701716087
31.72	0.1071938810220326
30.57	0.1290817554822443
25.9	0.2120197933828455
31.89	0.1008007594960272
31.09	0.1022018271376247
28.64	0.1338845581052281
33.16	0.1009294739311608
35.44	0.1057929251444191
31.71	0.1017247907352154
31.85	0.1227585384278955
35.86	0.1070562502971803
29.37	0.1304335800502284
29.15	0.1304326506595184
34.51	0.1018945172639247
33.81	0.1019079869533922
37.53	0.1248675661843087
35.56	0.1131960914524238
35.55	0.1164999871455382
33.73	0.0971630657617811
31.84	0.100892934924645
27.96	0.1331904674327051
26.07	0.2015244777715443
31.79	0.102715001796315
29.42	0.1312623441271816
27.57	0.1674787246300472
27.33	0.142319692163694
31.55	0.1113384198614115
26.48	0.1649404326547842
29.55	0.1299711149953949
33.46	0.1160682462239621
35.05	0.1057476337266937
34.11	0.1016412696874024
30.51	0.1034727137386643
36.18	0.1070637770057802
32.48	0.105037170533904
33.09	0.1148954391005276
35.38	0.1046418498300804
26.39	0.1663670656637304
30.52	0.1287474638277204
27.62	0.1663645154287894
37.35	0.1196995396171553
31.59	0.1079252424438568
32.79	0.0999251052852798
25.78	0.2304057880154509
30.99	0.1318248753964657
25.88	0.209558624037926
26.42	0.1723567918950576
32.66	0.1027072707863835
25.95	0.2091415637883024
25.85	0.2276768292956433
26.6	0.1596249456967707
40.39	0.1263482949081579
34.73	0.1021531000459885
28.31	0.1334866592741659
32.13	0.105722178374112
33.42	0.1146430986921598
34.94	0.1014348805448644
32.29	0.1000535491024038
32.45	0.1143630034919152
30.11	0.1279265276231327
35.51	0.1255837796082859
28.55	0.1342997037547751
27.21	0.1440613777688323
32.02	0.1001920508259916
32.96	0.1149514733363656
30.72	0.102684244675781
26.77	0.1600537883860428
26.23	0.2016766448247144
30.05	0.106936284851829
26.11	0.1972407129889592
31.68	0.1019369745333143
36.3	0.1191679498460184
34.32	0.1021875514046022
30.24	0.1057086580101565
27.22	0.1457941879830892
34.59	0.1027533365427558
34.45	0.1142738554108571
27.64	0.1665210833202008
27.4	0.1669634551722251
33.36	0.1000928512083538
33.98	0.0995920354380659
25.97	0.2118086666987006
31.32	0.1022805582712544
33.05	0.1011826728857331
27.84	0.1673419548286374
31.86	0.1248559846383614
28.1	0.134034996675478
32.06	0.114120142117043
28.36	0.134210039816013
25.63	0.232085411907315
34.26	0.1141956654258699
36.07	0.1057448518953682
25.67	0.2316616921610081
31.71	0.1073420390139736
31.73	0.1023795827806017
38.12	0.1261346700989025
34.13	0.1021846441355454
30.7	0.1291516657370316
34.5	0.1028640483383685
38.8	0.1270540616925064
32.84	0.1020880614220602
32.08	0.1149618075002681
25.66	0.2317900530236929
29.66	0.1303206472183665
25.79	0.2150493754182132
26.87	0.1552275617557516
31.48	0.1625928701891241
25.65	0.2313152136795376
30.32	0.128894509247407
33.54	0.0994230760860576
29.48	0.130981672035692
31.26	0.1386686343026234
37.22	0.121055443881835
31.07	0.131502900991952
27.03	0.1523254578589933
31.05	0.1324200806771282
37.58	0.1195997500871686
32.4	0.1027053814203089
32.76	0.1020641898903752
35.45	0.1071931830499348
31.86	0.1159364930116847
37.26	0.1212467066079088
33.51	0.116334666420819
28.62	0.1336589396477566
30.3	0.1051934993434843
36.02	0.106348425990103
33.85	0.1012091126966199
31.96	0.1034263475186325
26.23	0.181255716221503
30.81	0.129751760314299
32.96	0.1015590893215751
32.52	0.1032042202841474
33.44	0.1155322037900702
26.38	0.1753953552456331
32.74	0.0997006238639052
30.17	0.1052725706409373
27.2	0.1403012183794441
37.63	0.1197679044750208
27.33	0.1413333609220137
28.57	0.1345840403679556
32.22	0.1155820326319639
25.95	0.2112011615852022
26.63	0.1580076576975664
33.87	0.1145058484412426
32.93	0.1151528782300926
27.83	0.168215922922735
27.82	0.1335020795698021
35.46	0.1073043269443738
25.76	0.2310997500568052
32.5	0.0996073480479741
32.27	0.1052415015509274
35.21	0.1192268420024164
36.68	0.1101322948125073
36.5	0.1192190759398162
33.89	0.0994166736222772
35.78	0.1159273125419418
34.65	0.1017993238209844
38.01	0.1257607166901075
30.06	0.1075639972137582
25.81	0.2288031976382293
27.79	0.1652674485971363
31.42	0.1029262681294846
38.88	0.1264913849840525
34.63	0.1023936582449458
28.21	0.1333715497101323
34.65	0.1170298750623928
26.02	0.2000291410027154
37.16	0.1189161821388907
36.14	0.1088615179842069
27.49	0.1682279866162555
31.61	0.1019771487681023
25.58	0.2319475817074059
25.93	0.2034082347799742
33.51	0.1024446788793725
30.13	0.1069645736877698
30.6	0.1285146879546974
29.22	0.1303154284891177
27.19	0.1437881122657289
27.46	0.1672926265278091
26.14	0.192409754194704
33.34	0.1135137276653064
32.86	0.1149388298160026
31.29	0.1313156103044793
35.7	0.1051069841912742
33.8	0.1098241448393559
28.38	0.1338550836267605
33.13	0.1001390452228034
33.12	0.1004537887871415
36.86	0.1191773470547383
31.48	0.1348129456745068
31.73	0.1047564186965108
38.53	0.1228830129651355
33.98	0.1144138264010586
29.75	0.1100566816838865
31.49	0.1029404425591074
27.51	0.1672003457486563
29.94	0.1309513623556139
32.02	0.1003452074662119
25.63	0.2313831975643873
27.76	0.1675782446446096
27.05	0.1503703643781465
33.57	0.1007119812742739
27.35	0.1402301356211948
33.78	0.0999573498891976
26.99	0.150055396237348
35.54	0.1050746465350076
36.64	0.1080687591143475
25.64	0.2296335925054093
34.91	0.1058032168949203
35.08	0.1170581220355478
31.62	0.1296207689576934
27.74	0.134526287166508
30.02	0.1064381069012725
27.23	0.1456214674287653
32.17	0.1003921153893087
35.91	0.1052237119070941
36.04	0.105568168239933
25.64	0.2323899809470701
32.5	0.1029341434206549
34.07	0.1016353815138103
25.69	0.2317798882029122
32.57	0.1150331728892936
32.85	0.1015305449267713
32.85	0.1139422111273708
32.38	0.1055469077861691
31.77	0.1213404369782899
33.97	0.1015856183899518
25.7	0.2286602886988269
31.94	0.1263455208611333
25.95	0.2100473028929158
33.21	0.1153701605393944
29.57	0.1307636396674692
36.52	0.119362130275381
34.65	0.1031605963988516
36.75	0.1093218371232643
29.45	0.1304255481832006
35.47	0.1165536579402974
27.51	0.167558430179247
36.84	0.1106945194513706
33.65	0.1018851275166772
30.55	0.1041079515492326
31.5	0.1114456397367475
31.28	0.1398460299124513
26.32	0.1755867489600543
35.9	0.1174991779194467
32.61	0.1029062369804862
34.56	0.1134995246646244
27.32	0.1426120523268282
25.86	0.2140365150107038
37.71	0.1119995939134482
30.78	0.1031061538782579
34.46	0.1154857535805992
31.34	0.1366173309868026
34.1	0.1014671273908295
28.46	0.1334235618444335
27.79	0.1684920781833686
33.85	0.1015134767633532
33.13	0.1153273070428131
35.2	0.1066711434819291
30.56	0.1283435031554311
31.1	0.1316341447912032
31.15	0.133594436649037
31.54	0.129551749271137
33.23	0.101319497756184
31.76	0.1020488408864645
34.84	0.1168734754480857
32.01	0.1195073235685752
32.2	0.1139912594561439
32.74	0.1024776180753369
31.69	0.1061771421704122
30.54	0.1035330347594657
32.27	0.0995724291679837
33.33	0.1015074767106081
32.37	0.0995881459073316
34.35	0.1129395331075581
32.39	0.1143233364628911
32.23	0.1000701733082219
35.63	0.1164004767580452
31.07	0.1302525876718677
35.52	0.1163311507195043
30.9	0.1292863348842496
26.35	0.1802848934952168
32.38	0.1049950520964052
25.86	0.2298249570792733
37.6	0.1219562973562598
31.6	0.10617833530734
28.14	0.1336367397600331
26.17	0.1952807913702372
31.89	0.1047345907058137
34.88	0.1016206477144828
26.06	0.2027358530901939
30.73	0.1031629118111178
27.87	0.1340185005689241
28.01	0.1334265407126643
33.71	0.100764927712649
36.03	0.1083537453508221
29.14	0.1302256832769923
34.07	0.1138207195543
35.87	0.1080633812998178
35.23	0.1061336396838188
33.7	0.1153936692770044
31.18	0.1438017788104443
30.72	0.10339464997937
35.35	0.1065124349067987
39.06	0.123530166903504
28.77	0.1328432228732328
34.27	0.101417393278231
31.26	0.1324137456571841
34.6	0.1029208926402676
32.72	0.1134426310400552
34.17	0.1133461072639141
32.27	0.0999103282851045
28.22	0.1329119515544811
34.82	0.1155597953151881
33.27	0.0998273280448564
25.55	0.2317215081336859
35.32	0.1007941550190597
31.12	0.1339440993788819
28.85	0.1316960422219796
26.28	0.1827643263205942
31.05	0.132798900901021
25.61	0.2311138342858865
27.59	0.1663645444943562
31.97	0.1258761033347472
38.32	0.1259664841270369
27.46	0.167245764174057
33.72	0.11825665486998
30.7	0.1034760286727671
27.33	0.1679557264343205
31.93	0.1182034817092026
35.21	0.1024754376233937
33.78	0.1131331916400992
31.48	0.1019233187663092
26.54	0.1610799590688901
29.9	0.10941298378929
31.22	0.1321423921104625
29.52	0.1308044473512099
25.57	0.232181881525744
32.96	0.1013628239898444
32.38	0.1152755079173339
31.86	0.1043926052544637
35.97	0.1056355468382393
25.92	0.2135107640379402
33.06	0.1147877757038247
31.97	0.1147119909852184
31.78	0.1224152349095332
28.06	0.1333288846774946
42.25	0.1262984730318131
27.37	0.1666960482588501
28.84	0.1319156633556961
30.94	0.1288655297247786
30.75	0.1286440582674509
37.76	0.1228707511167647
36.54	0.1100561080107468
33.36	0.1155494888475836
31.42	0.1269780826398969
35.51	0.1038568099300853
31.04	0.1340304415745867
29.84	0.130532900234203
37.11	0.120514029709974
34.77	0.1054874386221895
28.29	0.1340242913204568
31.97	0.1007676762613858
31.84	0.104999733730532
36.54	0.1077075698985686
31.22	0.1413599249926928
31.41	0.1296982091532168
32.86	0.1138754398099419
26.7	0.1546088898689067
28.58	0.134306078725162
31.44	0.1337634060837775
35.54	0.104185794209261
29.44	0.1313796159857735
31.96	0.1005100295443943
25.72	0.2313805377090282
31.31	0.1277867950224809
29.67	0.130632419144824
33.64	0.100555027113957
35.67	0.1042809032976804
25.73	0.2305322032735133
28.66	0.1332361914302627
28.95	0.1310243061134856
27.19	0.1436964716644848
34.88	0.1168692087946138
36.95	0.1087312574336576
35.96	0.1084535942613915
27.83	0.1677774201459138
35.7	0.1060550886670227
26.08	0.2035885668839439
34.2	0.11218562179173
31.47	0.1340723023224047
35.07	0.1057363495357031
27.76	0.1678553401823251
27.88	0.1333647652144431
27.16	0.1421130424966067
35.95	0.1172734770207021
33.34	0.1136468757884114
25.73	0.2129800470732948
33.87	0.1109625335854314
36.67	0.1088390696512178
35.4	0.1223479909219348
26.66	0.1592295283820286
29.93	0.130697539385824
27.24	0.1432955062705027
25.99	0.2109210441435908
31.5	0.1285810963230318
26.66	0.1606685590646525
25.59	0.2321244341509633
33.0	0.0996915246638187
34.18	0.1015729920237432
33.85	0.1017397729412984
36.26	0.1070637583892617
36.96	0.1088323388051731
33.85	0.112443095599393
25.75	0.2318243913393341
31.78	0.1169526126943539
26.28	0.1783874870598752
33.31	0.1006087462512868
26.9	0.1560926069653384
31.63	0.1089731546426185
26.32	0.1729852831901722
32.85	0.1002376989493394
31.79	0.1270832407448557
32.82	0.099668952543717
31.91	0.1205334749638547
34.62	0.1131380876174103
30.47	0.1036631823381298
31.91	0.1196779964221824
36.96	0.1204401974288337
29.72	0.1311832130653916
30.1	0.1287075372873746
27.45	0.1676438497760422
26.18	0.1986358476990969
34.89	0.1055040164806132
27.9	0.1338950247797284
26.15	0.2001075650611972
25.73	0.2316266576346453
32.34	0.1153927835158346
31.5	0.1297345216585121
33.6	0.1012133146169643
28.33	0.1336566859820604
31.29	0.1288304314451768
35.75	0.1155229396687044
27.8	0.1346396617473761
34.66	0.1151217310909571
26.29	0.1810833221742668
31.46	0.101973527903171
42.5	0.1089398256990668
31.34	0.1326826964924207
26.82	0.1632102746580674
31.95	0.1142717076786952
30.24	0.1063145061856669
32.11	0.1007582747688059
35.79	0.108136030273601
37.16	0.1240913930439811
26.08	0.2065386994869998
34.81	0.1011010550132863
31.8	0.1205147391501061
31.92	0.104937903033198
25.63	0.2319060682861398
34.32	0.1013251687267763
35.61	0.1078046444816854
36.39	0.1098082517704009
31.63	0.1021106934461552
27.83	0.1687353070148726
26.06	0.2062388625643835
29.02	0.1310550162511786
25.62	0.2305556915012208
34.25	0.101930303417196
26.56	0.1603595046028511
34.32	0.109138062220698
34.14	0.1136503742844561
36.23	0.1092677649677
26.38	0.1707063869341402
33.32	0.1016350609815213
33.64	0.1012020867151908
25.56	0.2323425122208672
27.68	0.1671994332622839
33.81	0.1195523803992178
31.99	0.1144626701614948
31.73	0.1051148848013058
31.95	0.1039976811034082
26.62	0.1570136197384213
36.16	0.1062880889283025
32.27	0.1045186030698485
34.21	0.1020057488102496
26.16	0.1969081663115201
30.44	0.1277157250083441
35.09	0.1167321829825973
33.5	0.1159983584717134
31.34	0.1286393082680189
34.36	0.1133377205086293
29.96	0.1278219442983203
36.0	0.1058726152097761
40.11	0.1260220464100102
31.32	0.1331717185610554
36.7	0.1081410712470779
30.3	0.1037943902732635
31.79	0.1242678257269998
39.68	0.1236146075129957
32.78	0.1018427766739254
34.65	0.1034016778255773
31.8	0.1011057270818183
30.32	0.1281617253422387
34.91	0.1162823503879333
34.83	0.1177313280527502
26.34	0.169597369759755
31.61	0.1083597289528183
27.03	0.1521783307637908
33.35	0.1127387200153688
25.86	0.2128601690617565
28.91	0.1318974906451856
29.17	0.1305825750444514
29.78	0.1091215990960166
36.59	0.1196434324991944
26.73	0.1580945871995908
34.65	0.1029313640682566
25.5	0.2317124489897619
33.87	0.1130121555836345
31.18	0.1306086937184854
27.67	0.16599407442598
37.18	0.1107854694569915
34.44	0.1130611789638057
33.49	0.1012674040338321
31.77	0.101431465333961
38.52	0.1123018436647916
37.64	0.1201591511936339
26.55	0.1605940828917972
31.94	0.1022004208443714
31.89	0.1187266653566516
31.09	0.1311261891770064
29.2	0.131518397494151
28.08	0.1328667775561177
27.91	0.1652963245207808
27.01	0.1535483133156709
37.35	0.1110607723858122
26.77	0.1603061232941384
26.09	0.2062327112102426
32.72	0.1018769199478867
32.44	0.1141236613737075
33.84	0.1011405718660423
34.59	0.1133191289467503
36.26	0.1181076207649236
34.59	0.1022997954626118
29.96	0.1076646262245851
30.75	0.1289485427712315
30.24	0.1043988841407413
32.07	0.1164501784564975
26.04	0.2086145552857784
37.0	0.1102926413364702
37.87	0.1116327868852458
34.51	0.1169444116842051
31.25	0.1311989956057752
31.84	0.1205154371010664
31.58	0.1066991011195312
31.23	0.1306630149492183
39.06	0.109031749161901
25.93	0.2143385286218213
32.52	0.103407762349323
32.6	0.1142280333913585
29.17	0.1306495932428225
34.9	0.1022888097867458
36.19	0.1183762993102132
34.33	0.1145612912750356
34.77	0.1142609836955906
31.5	0.1303917561258954
30.36	0.1280200164926064
26.86	0.1577980994747679
32.74	0.11387331244257
30.44	0.104649368187518
36.25	0.1072124872102474
30.31	0.1052046891655125
27.71	0.1665810755157309
27.98	0.1335516153307896
37.01	0.1238882828699745
29.2	0.1307285019957099
27.1	0.147234458867053
26.51	0.1677315537886317
28.83	0.1324256177508825
27.31	0.1681307823913809
32.87	0.0998401856313399
32.46	0.1030284312619156
38.27	0.1281656693412371
27.55	0.1668348473913648
36.57	0.1191808225680669
31.1	0.136973401290117
27.74	0.1669346031746031
