40.9	0.0554938030529102
44.3	0.0821102157209912
31.5	0.0700485822905409
41.9	0.0710076478107329
46.5	0.0859771289635225
43.7	0.0862640377100758
31.5	0.0718853942860006
34.8	0.056279645743728
38.4	0.0547468088441416
36.4	0.0643013443423525
38.4	0.0628410271955655
33.8	0.0616325679464306
30.4	0.0671600574395228
39.5	0.0545331728663729
33.1	0.0590461161921937
40.0	0.0551211206065668
45.4	0.0883186541170224
34.3	0.0577592803963786
45.5	0.089429181173784
37.4	0.0699117492949952
44.3	0.0833313512922115
31.8	0.0697319407039149
44.1	0.082053868434905
35.7	0.0626857192798461
40.9	0.0559183464965662
33.6	0.0574697311184371
43.7	0.0873477010817052
31.7	0.0704858717074153
36.5	0.0615754263638933
41.0	0.1330073737813268
31.5	0.0702448827481479
36.8	0.0681848767139674
40.5	0.0553684278579625
32.0	0.0701489755080612
40.8	0.0546911839824763
40.4	0.0554015338402936
39.9	0.0706426891266408
47.0	0.0827340499051596
40.5	0.0577414641675496
34.7	0.0716427750219084
31.9	0.0702083458607238
40.9	0.055996333269208
34.5	0.0540077988396305
29.4	0.0713154411924236
34.5	0.0555899176689175
34.6	0.0700143258171098
32.9	0.0688483494811127
39.5	0.0582957730319767
33.9	0.0545996479637979
44.5	0.0937442450533036
44.3	0.0922837464098215
40.4	0.0728270505297817
39.8	0.0545867300032414
41.2	0.1317763144215832
39.6	0.054038967329648
41.0	0.0710504818572201
43.9	0.0874821612165666
33.0	0.0586983634338376
36.8	0.0624752210284264
35.4	0.0539448575150262
44.8	0.0911575367423782
31.1	0.0692946544761989
35.7	0.0585030415234065
36.3	0.0634646628757108
34.4	0.0667677469853798
38.2	0.0628026490695024
28.8	0.0676404696915074
29.4	0.0734228948326791
39.5	0.0536371505753473
43.9	0.1214796506635919
31.5	0.0697489252416673
36.6	0.0684732398853138
33.7	0.0663874490929285
34.8	0.0655013148880687
31.5	0.0698888755661621
37.0	0.0687258648732251
34.0	0.0561861920594562
31.2	0.0700928592021013
34.1	0.0662259223916757
45.1	0.0904156127560382
32.6	0.0550718277980507
31.5	0.0702257839509916
44.1	0.0806299460908381
44.9	0.0842878863264279
42.9	0.1319794115716303
33.2	0.0592263511855088
36.4	0.064592894781574
44.3	0.0798198002605297
40.1	0.0566833751980263
44.3	0.0870283958144632
31.2	0.0702921107192953
32.5	0.0741276214331319
30.4	0.0567397430564967
35.3	0.0692648509734031
44.0	0.1207516199472017
32.6	0.0544676875732708
40.6	0.0557457834794078
40.3	0.0727473790033031
35.4	0.0543193864892297
34.1	0.057658810081106
39.8	0.0557348706469655
29.0	0.0704995212256623
33.2	0.0581249368677758
37.4	0.0696605185779203
38.9	0.0693128778235161
35.1	0.0556611807705449
35.9	0.0557664434226309
32.2	0.0688726716803663
32.1	0.0657315590265289
32.8	0.0650139121895331
34.0	0.054272105683185
39.4	0.0543986167195002
42.1	0.0708763583283775
42.9	0.1139462344845327
31.8	0.0559995751573245
37.1	0.0700948450110958
44.6	0.0869045068334849
43.0	0.0774207204942648
34.6	0.0588635732147818
45.0	0.0896361590861325
37.6	0.0691462060206061
35.7	0.0633827176417478
37.1	0.0570412467569141
38.6	0.0543473019621274
40.5	0.0554173048795937
33.1	0.0589993822139561
35.2	0.0557116421920786
37.7	0.0627205825048152
33.7	0.0575275788720608
44.9	0.0909029231360704
36.1	0.0688154684755304
44.3	0.0860969383263789
31.4	0.0692873602097118
31.5	0.0572949261813203
39.2	0.0527129974728465
42.6	0.1313165424969709
33.4	0.0736941432549308
43.7	0.1186523965941365
44.9	0.0946112267818131
34.8	0.0548693543826295
43.9	0.1176749026932234
44.1	0.1294833622649261
44.5	0.0858396858396858
31.3	0.0698700919897137
33.5	0.0556524775639906
40.9	0.0711729312427293
35.2	0.0565672969106445
33.0	0.0632145930661421
33.3	0.0552545827877633
38.3	0.0531200343568821
38.5	0.0621253694128909
36.5	0.0674232440083955
26.4	0.0802639712475597
40.4	0.0726630593824773
44.5	0.078690762705462
39.2	0.0545194892864209
38.7	0.063082056475041
40.4	0.0551555194520472
44.0	0.087039521644291
43.0	0.1125883348857451
41.3	0.0571699268999877
43.5	0.1093067506268101
39.7	0.0554970972423802
33.5	0.0674259305108525
38.4	0.0544992947813822
41.1	0.0560374426546369
44.4	0.0799291887158792
38.4	0.0550056534962226
35.5	0.0626220703125
46.1	0.0863863944367633
44.6	0.086421006015426
39.5	0.0533943315223829
35.8	0.0558264323568153
43.7	0.1208337201745427
40.5	0.0554938646013157
35.1	0.0541448171826736
46.8	0.0843321789339111
30.3	0.0707130293019863
40.8	0.0715319106960839
37.1	0.0631027655361819
40.3	0.0725343289355297
42.5	0.1312932351370484
33.7	0.0713809861846775
33.8	0.0579419807395077
42.7	0.1327293510461393
33.0	0.0563185541459179
32.5	0.0559887955182072
31.6	0.0700188354762099
35.4	0.0563056427412284
35.4	0.0686974873571456
38.6	0.0549107883817427
31.1	0.069904627402991
34.3	0.0539787706396558
36.5	0.0636797230355597
41.8	0.1325641531287062
37.5	0.0687800618626885
44.0	0.121654862115425
44.9	0.0850067852096419
30.2	0.0703643194103048
42.6	0.1318740250866947
36.7	0.0683305274042906
35.2	0.0557785950520194
37.1	0.0694909424443935
33.4	0.0709763687997527
31.4	0.0689038627714143
33.1	0.0737663855723469
44.5	0.0825499436845003
33.0	0.073559842467125
31.5	0.069372583772237
35.2	0.055457647207106
34.9	0.0541718269365128
36.4	0.0575249573621375
29.3	0.0663752977643998
33.3	0.0684972931947417
36.5	0.0635067753478098
40.3	0.0730263916100034
41.0	0.0560177092636546
33.3	0.0585712910965439
39.0	0.0537569341045946
34.6	0.0549931403977542
44.0	0.0995128502211923
35.5	0.0704732804470551
34.8	0.0542211154939509
35.1	0.0548910227552641
36.3	0.0667049433379767
45.0	0.0952336933355929
39.3	0.052892047125723
40.7	0.0555754591789004
42.6	0.0768683723943929
31.7	0.0689675839993406
42.5	0.0769319933086579
40.1	0.0721696790475947
38.3	0.0639764143387019
43.9	0.120438421220282
44.3	0.0854189819426475
35.1	0.0716339385133322
35.5	0.0625775602985373
47.1	0.0871830608415974
42.4	0.0717530291586438
36.1	0.0581832413479125
43.5	0.1306098740644016
39.0	0.0529654524429025
35.3	0.0560026603153078
29.5	0.0749100639893645
35.1	0.0608342470037262
33.0	0.0681047480788525
34.3	0.0556051905904852
33.2	0.0656771723605029
33.1	0.055988373210955
31.8	0.0701181683112954
40.6	0.0572188362565568
44.0	0.1296991936436738
47.1	0.0839219271960239
40.5	0.0567410343284536
31.1	0.070111829225777
38.3	0.0552397818333492
41.2	0.0713205396578367
32.0	0.0732320889409631
43.2	0.1124502313569353
32.2	0.0690402065271722
34.7	0.0593379080456145
44.3	0.0875579041279209
39.9	0.056093276229722
41.2	0.1323970544164841
43.6	0.1132856523032338
34.8	0.0542765870077632
40.6	0.0572579652665383
35.4	0.0691987255471524
37.1	0.0704069412748265
44.5	0.0783193115045149
44.6	0.0869138971161047
44.3	0.1064345789307312
32.9	0.0627401990817731
38.9	0.0631730893992474
31.7	0.0701520859826561
33.9	0.0579353337775418
32.8	0.0620571616490777
40.5	0.0716532145839131
39.5	0.052785023400936
39.5	0.0530516834655801
33.4	0.0682463495917993
32.4	0.0739770515040325
30.0	0.0515656604449906
32.3	0.0702754880029418
34.5	0.0713309660367009
39.7	0.058761292969883
40.5	0.0563466062579387
45.1	0.0865013286093888
37.0	0.0698766224331654
39.5	0.054097007489764
41.5	0.1325807552320291
46.5	0.0865026962866957
43.9	0.0811641191064279
39.5	0.0533215576334084
42.6	0.0765716679525828
33.7	0.0549163063633251
44.2	0.0817925303949499
33.6	0.0577123141237329
32.2	0.0593590187257276
42.8	0.1301013045486031
37.2	0.0565947490065598
30.4	0.0737533061880625
30.4	0.0726394799607164
42.1	0.0720246030384224
41.5	0.0568894533732913
44.5	0.0791160662033403
38.7	0.0539280521717036
33.5	0.0579752059401757
33.9	0.0579849634361459
43.2	0.1320918186948407
34.8	0.0547889987907351
35.6	0.0558504296855595
42.3	0.1322364861541488
38.4	0.0629142322851932
34.5	0.0540237000838213
39.1	0.0631147717407681
35.5	0.0556825679345741
29.0	0.0697082470245409
35.3	0.0554101205462588
43.8	0.1291889266634288
29.4	0.0743883947767442
44.0	0.1174845919013881
34.9	0.0632504168205265
37.4	0.0699824949727297
33.0	0.067208463043059
33.3	0.055837786107345
32.4	0.0595579703816451
36.8	0.0687755054988126
33.0	0.064687662611195
44.8	0.0870263370555392
35.2	0.0608829109472288
35.7	0.0559371216634317
40.7	0.0553511367139511
34.6	0.0586082484568417
32.5	0.0706655385335469
44.8	0.0965848562888495
33.5	0.0663795334393138
35.0	0.054548567840869
35.6	0.0627545209589155
43.3	0.0778792153522663
44.0	0.1228594959845935
34.0	0.0620734816123992
39.9	0.0552587548273405
33.4	0.0718021771267302
31.3	0.0698956835858306
39.1	0.0544240640367565
40.2	0.0724971524022984
47.0	0.08718501105669
33.6	0.055251397854105
36.8	0.0631025187826839
36.7	0.0573196785013777
35.7	0.0692737545898523
32.8	0.073272481789003
34.1	0.0748767012111374
30.4	0.0724976336961665
35.5	0.0545556110489469
31.6	0.0545379989065062
36.6	0.0649274037541718
31.3	0.0677379523834368
38.4	0.0630895212393009
35.0	0.0546735463385592
30.3	0.0582993692758294
40.3	0.0544736951529964
38.5	0.0534260678578782
35.0	0.0543731696699469
38.4	0.0529828520122156
35.6	0.0623942203248541
37.8	0.0628599160763007
38.7	0.053362188426906
32.9	0.0657891602853434
34.8	0.0705930558670199
32.3	0.0649815036536324
35.5	0.070007557481234
44.1	0.099290036664404
35.9	0.0558825577517234
43.3	0.1303119364723225
32.8	0.0692496902885254
31.1	0.0568475914036919
40.9	0.071346447424837
44.1	0.1088500802366851
33.9	0.0556346105182901
33.4	0.0553930836858595
43.4	0.11445098646834
39.8	0.0548537916712589
42.3	0.0717660549241117
42.1	0.0718204972188269
36.0	0.0556248545496858
34.5	0.0589165322115938
38.5	0.0695796392455434
33.9	0.0706532515792428
35.1	0.0590991240990173
36.5	0.057277340909268
31.5	0.0651863931430011
34.9	0.0720901418567067
40.0	0.0554817563517554
36.7	0.0582809089741943
31.1	0.0701024954239687
39.9	0.0716385059967438
35.2	0.0552118223441877
35.4	0.0740044847046883
34.1	0.0556219327015075
38.3	0.0626725719474454
33.6	0.0714076018921643
38.8	0.0537520050666777
41.2	0.0712505808471264
35.9	0.0636832760880747
39.3	0.0536793337691498
42.0	0.1324286960385773
33.3	0.0563564113245724
34.9	0.0747949373441445
40.0	0.0713911353722353
43.9	0.1011654913443966
31.5	0.0741193820892884
42.6	0.1313195768497447
46.1	0.0862066635585375
30.5	0.0718387318532896
31.7	0.0699237346239872
44.7	0.0873292013484889
30.4	0.0647818448176088
40.2	0.0551923884502323
43.8	0.0874472978895883
32.1	0.0692590180541987
33.5	0.0572710227137872
33.5	0.0618793475089185
39.9	0.0561030833676305
45.1	0.0874037438790665
39.5	0.0585028817934302
33.3	0.0720003429404284
37.7	0.0689929393190755
42.3	0.1323572030237288
35.0	0.0543405635317699
38.1	0.0633294437527566
34.0	0.0549892035209147
33.6	0.0580959753101759
44.0	0.1208583530321006
38.3	0.0628809018863712
35.2	0.0661318659462326
30.9	0.070601327901011
42.0	0.0710544079924395
31.5	0.0687160321190191
44.5	0.0862547075359767
39.7	0.0712513995810632
35.2	0.0695405898532175
35.5	0.0691142581919009
32.9	0.0701652757915316
34.8	0.0608394705759744
33.7	0.0626895443976039
31.8	0.0707837939782879
33.7	0.0577697774213637
32.3	0.0749892209213624
37.0	0.0698039286542416
33.7	0.0694366483142444
37.8	0.0561356007158101
40.6	0.0712960464644048
40.0	0.0554545725814966
33.9	0.0554541058446508
32.9	0.0592671128035372
33.8	0.0707038147324386
31.7	0.0722681908535033
38.9	0.0626197505573296
44.5	0.0837800410438778
40.6	0.072098661326025
33.2	0.0741266082587014
34.1	0.0576419752874814
37.2	0.0695877536489854
39.2	0.0537464219565583
42.5	0.1308842066441171
31.5	0.0703686910869824
37.2	0.0694565784569511
39.2	0.0534185804040954
33.9	0.0575070310371929
43.2	0.1314913740257465
40.2	0.0723139716696787
40.2	0.0709116048955959
44.6	0.0785996950966286
30.8	0.0739369162875029
32.2	0.0597895564952306
34.8	0.0594426846710916
46.5	0.0867233217966392
33.7	0.0582447408352985
43.6	0.1147688733775661
36.1	0.0619835354206461
32.8	0.0743064211003117
36.8	0.0576610633882161
46.4	0.0867334007480439
41.5	0.0713842283908314
44.3	0.0778924296703974
34.1	0.0663646181808603
33.0	0.064367046916007
43.9	0.1203474171557726
32.3	0.0614598193057536
32.3	0.0593318010450426
28.2	0.0759247717857535
44.2	0.0858166219941706
36.8	0.0702157468780676
43.9	0.0782117556959601
44.1	0.1211031553572197
32.0	0.0717674537425641
44.5	0.0867631923418967
42.8	0.1329033197515916
39.5	0.0527470674387594
35.4	0.0556994185762446
39.5	0.0541885411239797
33.3	0.0592606182918998
32.3	0.0595763666372346
33.2	0.0618205677933608
43.1	0.1317384392653362
31.0	0.0677866504370455
44.6	0.0980939412795405
39.5	0.0535529781199351
44.4	0.0854612579176148
32.9	0.0573044297832233
44.8	0.0947989114000604
39.5	0.0527650037746964
29.7	0.071203403654961
39.4	0.0526054721031127
29.0	0.0692028662325692
35.9	0.0628460875090777
40.6	0.0553783374651718
34.5	0.0675648428191733
33.7	0.0685311029796131
37.4	0.0698668713250623
36.4	0.0674537572113391
44.6	0.0866987943043154
43.2	0.1116132400322721
37.5	0.0564137431562562
42.0	0.0717737110539349
43.2	0.111134280216546
43.0	0.1315986352416442
37.7	0.0631432559423683
30.2	0.0727452653130864
39.2	0.0537406898624138
40.6	0.0720197707879927
31.2	0.0718808820413098
33.0	0.0655370801901075
42.3	0.0726141023698848
35.9	0.0636677818020957
44.1	0.0988088665743065
40.6	0.0558491592157509
33.4	0.060573598101126
33.3	0.0729672247368708
44.0	0.0887551349162983
34.9	0.0641215417166118
41.4	0.0563449552006232
39.1	0.0537334229578904
35.2	0.0584497852018538
31.8	0.0690952286675905
44.2	0.1168261406913212
33.1	0.0552506179890396
29.0	0.0689381111994194
34.5	0.0554370305358835
42.6	0.131501845063991
35.4	0.0556541480703257
35.8	0.0586518655736345
34.8	0.0605003417533799
40.0	0.0559307582824086
46.8	0.0863098528897785
43.9	0.1159382606771409
39.5	0.0706941119110072
41.6	0.1321665762603253
38.6	0.0546565258701006
44.8	0.0868316189417106
35.5	0.0620908549890894
36.9	0.0624492340240654
34.7	0.059474966461485
44.6	0.0941283068951875
35.3	0.05437993486868
39.1	0.0541825447102967
42.7	0.1325634668106453
46.5	0.0867440679908952
30.5	0.0671071359538913
37.5	0.0635516052965717
30.6	0.0570621875337193
34.5	0.0550090078654044
44.2	0.0843839541547278
33.1	0.0585354449341495
35.9	0.0559068551562769
38.0	0.0540383919688884
43.9	0.1106092741903847
36.4	0.0682870547633998
35.2	0.0652414262326451
35.3	0.0629052596350945
31.9	0.0717348684803014
35.6	0.0620230070378836
36.7	0.0676231992280501
33.6	0.0584469913944412
31.4	0.0704104298518791
33.3	0.0729157622380051
33.0	0.0591507091426188
40.3	0.055519651623998
29.1	0.0717985733695652
31.2	0.0700454681108789
34.7	0.0542525957302216
33.4	0.0558157326905864
32.1	0.0561390823011662
36.8	0.0675985838725485
35.9	0.0648312900075946
31.4	0.0734152404383578
44.5	0.0922967499155068
32.2	0.0569623496720116
44.4	0.0828382647398238
33.1	0.0634554062336232
44.1	0.1203142116653752
39.8	0.0705552454977335
38.0	0.0699654408804187
39.5	0.0581764070410303
33.5	0.0677847678908553
44.2	0.0853714624203269
33.6	0.0557548789110615
41.4	0.1330651413607153
32.9	0.0618088399584627
34.3	0.0706944677050187
46.0	0.0863875616904992
34.7	0.060763910902939
35.6	0.0626405074165602
35.2	0.0542718608928272
40.2	0.0547945394231464
33.3	0.0626555406254223
31.2	0.0691994649927424
44.5	0.0865426538610494
34.5	0.0552765098705779
36.4	0.0682148040638606
35.1	0.0727389182793385
37.9	0.0703340036624686
41.8	0.0712107901400444
47.0	0.0828916054937248
44.8	0.083523853911854
34.5	0.0615555094385427
43.9	0.0867226777528569
44.1	0.1152004040269499
34.7	0.054742532732828
38.4	0.0627331659911569
39.3	0.0538060462277502
35.7	0.0624905609719262
33.2	0.0672799703317342
35.3	0.0557212053205016
40.6	0.0574036770396079
35.5	0.0695118895321999
40.2	0.0555587012440748
36.2	0.0665532700041802
44.1	0.1177886721012701
35.1	0.0609004826599247
33.4	0.0621130251103558
32.6	0.0727067992374686
34.0	0.071805571567963
33.1	0.0685082979173477
33.7	0.0590225547890042
33.6	0.0715767414957952
33.3	0.0603833508294211
44.1	0.1215791350842647
34.9	0.0551029706401761
38.5	0.0627008934745926
39.5	0.0703819216458743
33.5	0.0554255950839075
34.0	0.0663449269070096
33.7	0.0723206173105625
35.8	0.063430503466303
32.3	0.0729300698289696
36.8	0.0679274362667071
44.0	0.0860323517956563
38.8	0.062190196978795
40.4	0.0559334149145594
33.0	0.0588371127198658
40.4	0.0557103607728917
46.5	0.0866190102587093
41.4	0.0718828512335885
32.4	0.0687410744187418
39.2	0.0694138169371029
44.3	0.0793340981128792
44.7	0.0926700645942672
39.8	0.0716872083187687
43.3	0.0874877736814385
39.7	0.0532547260029671
34.9	0.0548631986753902
31.4	0.0701683207456879
45.8	0.086860070028931
33.0	0.0668812447042633
31.5	0.0733374039990325
46.2	0.0864211865433544
