31.21	0.149507323983126
26.96	0.2122785591766724
39.73	0.1653683097175723
27.98	0.187888486436705
27.69	0.2153029018277746
26.84	0.2223102988215723
39.09	0.1836478102300887
34.59	0.149558974837092
34.11	0.149871139555861
34.88	0.1651467056777719
32.6	0.1641225951709888
33.97	0.1653450891706981
31.8	0.1672
33.95	0.15006309317654
36.55	0.1529584363585022
31.78	0.149397231013838
26.46	0.2235399690767265
31.5	0.1614527455378913
26.6	0.2248812582056081
29.61	0.1873753069088345
26.63	0.2155399515505276
37.84	0.1582567303940694
26.98	0.2107753107474336
34.0	0.162723711498579
31.33	0.150397902766022
31.58	0.1608276037418028
27.33	0.2200924922987101
38.76	0.1726314795803981
34.14	0.1600633151951657
25.65	0.2967607909517581
31.57	0.1756028387636699
30.13	0.188349362456979
30.74	0.1499651753073871
38.17	0.1571921178122976
31.11	0.1489895316951448
30.29	0.1518647065579418
28.92	0.1898781777798218
27.9	0.2061756143570148
29.95	0.1574173074575857
31.19	0.1777938127798966
37.89	0.1577280459774061
30.17	0.1540536978852383
32.95	0.1481150977387907
31.89	0.1790800122938223
34.36	0.1483057289853011
30.86	0.1879441106530272
37.41	0.1708590182648401
29.85	0.1578676421729262
31.97	0.1529679222121721
26.18	0.232312117427887
26.42	0.2317385282045417
28.41	0.1913275464993552
31.92	0.1482444989918471
25.56	0.2964326553241622
33.52	0.1489503082999399
28.3	0.1894822348398569
27.32	0.2201283200168684
35.92	0.1521727976192385
34.07	0.1614164246707509
33.46	0.1468255290784869
26.47	0.2298086097547286
37.58	0.1568462126708366
35.52	0.1565220171362803
33.15	0.1650719258797713
36.02	0.1657888842004365
32.59	0.1638926497578
31.74	0.1703679855326611
31.86	0.1794043774668101
33.42	0.1488963661554427
25.9	0.2809930042985635
38.47	0.1604004472191515
30.08	0.1865350950997209
36.23	0.1656304621988185
33.42	0.1665385908457807
40.72	0.167180128460183
30.26	0.186378276546611
32.09	0.1549920809993234
38.78	0.1620356615802726
36.11	0.1654858355531484
26.46	0.2286350921869204
31.71	0.1550242047392561
38.87	0.1605418853674608
27.03	0.2071814529664641
26.89	0.2146450762672296
25.63	0.2980746485227591
36.29	0.1533845771152474
34.91	0.1662955931271187
27.11	0.2057140082753858
31.52	0.1499566089988675
27.52	0.216930633520449
39.14	0.1636392573497949
30.94	0.1821838338050333
31.72	0.1607142857142857
30.57	0.18718888448894
25.9	0.2792475667837105
31.89	0.1508558402041936
31.09	0.1496365590038556
28.64	0.1914594100682447
33.16	0.1467539661690633
35.44	0.1505046798408944
31.71	0.1487906444984803
31.85	0.1759675258138251
35.86	0.1524982592076204
29.37	0.1878581406220694
29.15	0.1879019281492089
34.51	0.1479393073537519
33.81	0.1469888067388468
37.53	0.1555108787919403
35.56	0.1619047619047618
35.55	0.1635293719447036
33.73	0.1426580303773571
31.84	0.1479361050722753
27.96	0.1873505167848296
26.07	0.2703898346640514
31.79	0.1568925219784782
29.42	0.1868943498887065
27.57	0.2168262040083757
27.33	0.1981698366431102
31.55	0.1613620300494744
26.48	0.2279667894375429
29.55	0.1875679332115353
33.46	0.1662527885405659
35.05	0.154645394567878
34.11	0.1495586055875075
30.51	0.1510310566124226
36.18	0.153255713170396
32.48	0.1527212526729668
33.09	0.1642135174202909
35.38	0.1501901858441325
26.39	0.229056251848145
30.52	0.1875733688902832
27.62	0.2168140516840308
37.35	0.1561558244445381
31.59	0.1600351002809579
32.79	0.1484889369144746
25.78	0.2980531690836375
30.99	0.1818074238788225
25.88	0.2769321316053685
26.42	0.2351466997383257
32.66	0.1505842058791512
25.95	0.2790793201133144
25.85	0.295161891260689
26.6	0.2205840157150109
40.39	0.1664328277789929
34.73	0.1493996748955738
28.31	0.1889036467949318
32.13	0.1534186570490071
33.42	0.1650477999754872
34.94	0.1477493191485485
32.29	0.1466936215505725
32.45	0.1641523087716196
30.11	0.1868881754975657
35.51	0.1606876017949516
28.55	0.1916664542640532
27.21	0.2028500546541784
32.02	0.1486708584657085
32.96	0.1645217995182187
30.72	0.1492566863654383
26.77	0.2237764597693392
26.23	0.2692875330876216
30.05	0.1545835503795207
26.11	0.2656383032002805
31.68	0.1489363057252398
36.3	0.1676741538688562
34.32	0.149463399517857
30.24	0.153863681772458
27.22	0.2043286490922146
34.59	0.1510881715004537
34.45	0.1619998739177943
27.64	0.2159087934870201
27.4	0.217867444640644
33.36	0.1483617862114206
33.98	0.1449743098349551
25.97	0.2795078397212544
31.32	0.1498606159194224
33.05	0.1470703046898356
27.84	0.2097184502838129
31.86	0.1768002126919852
28.1	0.1888502082248828
32.06	0.1629410937719668
28.36	0.1923447947043364
25.63	0.2984777372172142
34.26	0.1487766273637268
36.07	0.1513588588974065
25.67	0.29857407119908
31.71	0.1566442891300349
31.73	0.1554345415568095
38.12	0.1596970389537327
34.13	0.1473113404690897
30.7	0.1873162265086608
34.5	0.150672048896397
38.8	0.1631272317233602
32.84	0.1490964879993999
32.08	0.1624991299505811
25.66	0.2995704662066405
29.66	0.1862974977375033
25.79	0.2822977269549464
26.87	0.2166088543156526
31.48	0.1765817841395049
25.65	0.2983904547954783
30.32	0.1872906076151126
33.54	0.1444338150790033
29.48	0.1886187886399592
31.26	0.1760690272958474
37.22	0.1563767749499543
31.07	0.1841877901272532
27.03	0.2144302778298609
31.05	0.1811554769516813
37.58	0.1564459942219344
32.4	0.1514349799661888
32.76	0.149439390044089
35.45	0.156955647162358
31.86	0.1671930517173312
37.26	0.1686036957494914
33.51	0.1643980478935306
28.62	0.1929291391508417
30.3	0.1536439114391143
36.02	0.1528894019902411
33.85	0.1498734541998796
31.96	0.1527192552670259
26.23	0.2464252749281362
30.81	0.188417916688444
32.96	0.1483531734649881
32.52	0.1508516637988982
33.44	0.1667837078651685
26.38	0.2385392123864019
32.74	0.1478427149020227
30.17	0.152138822279801
27.2	0.1959181439854904
37.63	0.1563475203040159
27.33	0.1977457010953105
28.57	0.1919801966272381
32.22	0.163115190755235
25.95	0.2788387558097962
26.63	0.2198441025441531
33.87	0.147850186689249
32.93	0.1653865847414234
27.83	0.2148857622511791
27.82	0.187577538746423
35.46	0.1552388787553293
25.76	0.2960293388382097
32.5	0.1460880956751134
32.27	0.1535067614027045
35.21	0.1552202498871149
36.68	0.1597440275118596
36.5	0.1683186529602456
33.89	0.1447950323731583
35.78	0.1650368956814832
34.65	0.1486964580403378
38.01	0.1595451287414775
30.06	0.1556173803660905
25.81	0.295433419202211
27.79	0.2077763814839113
31.42	0.1513629518325983
38.88	0.1616924686709565
34.63	0.1503762390607425
28.21	0.1883478350465148
34.65	0.1520305303575265
26.02	0.2696384828662952
37.16	0.1545193659030378
36.14	0.1572918649492749
27.49	0.2198855187152988
31.61	0.1504590323441251
25.58	0.2976476018678726
25.93	0.2733730816606898
33.51	0.1481683496719982
30.13	0.1549776864132344
30.6	0.1871188913587621
29.22	0.188096094004516
27.19	0.2015326837190418
27.46	0.2188484810286146
26.14	0.2602354371327789
33.34	0.1636675408513213
32.86	0.1653948771234826
31.29	0.1765680736657139
35.7	0.1505223660031611
33.8	0.1601474950255564
28.38	0.189708626063656
33.13	0.1479410763262944
33.12	0.1486124051119539
36.86	0.1684057454160876
31.48	0.1893866816370614
31.73	0.1626874899426625
38.53	0.172615550768756
33.98	0.1488695821272234
29.75	0.1590803624951514
31.49	0.150314424606326
27.51	0.2172701241517688
29.94	0.1874784826648864
32.02	0.1483134404598953
25.63	0.2980035762653889
27.76	0.2150872726300736
27.05	0.2096596697483616
33.57	0.1483970574879665
27.35	0.195683914203483
33.78	0.1449134170638159
26.99	0.2094216810542637
35.54	0.1503162197417185
36.64	0.1559073810725262
25.64	0.2974493233859924
34.91	0.1545459770665491
35.08	0.1532070729328674
31.62	0.180631878529149
27.74	0.1885458715716026
30.02	0.1539707338541093
27.23	0.2045020749112667
32.17	0.1482382494256499
35.91	0.1508713619862421
36.04	0.1513849232202623
25.64	0.2984089010942343
32.5	0.1506454895817258
34.07	0.1462849505906963
25.69	0.2972044844059127
32.57	0.1647632384212436
32.85	0.1485136456737955
32.85	0.1647002332281519
32.38	0.1531282431802343
31.77	0.1749187164263499
33.97	0.1470703825846248
25.7	0.294263870655862
31.94	0.1796851859687724
25.95	0.2774331014601742
33.21	0.1651700626247958
29.57	0.1872441970188466
36.52	0.1681102634675071
34.65	0.1493234998685425
36.75	0.1553594559585492
29.45	0.1873831722113278
35.47	0.1639774859287054
27.51	0.2183383956923926
36.84	0.1596490016658426
33.65	0.1459140837954328
30.55	0.1505984526803259
31.5	0.1613391797474389
31.28	0.1757884436350292
26.32	0.2393552618956877
35.9	0.1652307180415307
32.61	0.1503481288076588
34.56	0.1630878606157029
27.32	0.1987359550561796
25.86	0.2824188325368068
37.71	0.1604222743003232
30.78	0.1508213680486954
34.46	0.1508674778971385
31.34	0.1743080240279959
34.1	0.1498158453638734
28.46	0.1909029625091957
27.79	0.2141011165676051
33.85	0.1459321931223875
33.13	0.1645362882050204
35.2	0.155844316564569
30.56	0.185965022795814
31.1	0.1847729952830188
31.15	0.1854877551776518
31.54	0.1816629557771748
33.23	0.1472944260872
31.76	0.1579747862236793
34.84	0.1659659187309128
32.01	0.1696908602150537
32.2	0.1633186623029756
32.74	0.1494206838202749
31.69	0.1600729171798788
30.54	0.1502738260973788
32.27	0.1464295743715662
33.33	0.147530173948362
32.37	0.1477056997615727
34.35	0.1606871645187622
32.39	0.163932703646192
32.23	0.147208144593443
35.63	0.1644397369598586
31.07	0.1884019713840408
35.52	0.1631918596592105
30.9	0.1889521132460345
26.35	0.2452298266751714
32.38	0.1528532939257683
25.86	0.2945089258585792
37.6	0.1706014775538655
31.6	0.1598698481561822
28.14	0.1882581388835024
26.17	0.2636636621008368
31.89	0.1544772482240174
34.88	0.1485065931079295
26.06	0.2721788097811035
30.73	0.1493558737110544
27.87	0.1879701025296243
28.01	0.1873477573680785
33.71	0.14551070734466
36.03	0.1573727557526547
29.14	0.1877118985275048
34.07	0.1477189813496583
35.87	0.1577988815557458
35.23	0.1553510729502793
33.7	0.1676635932539524
31.18	0.1800591108629584
30.72	0.150571757822888
35.35	0.155359049747404
39.06	0.1623363543002465
28.77	0.1913529190326976
34.27	0.1470035238348839
31.26	0.1830654870608606
34.6	0.1484172941795793
32.72	0.1619258179662314
34.17	0.1485827351371249
32.27	0.1475305676005274
28.22	0.1879446273272699
34.82	0.1650397088021178
33.27	0.1482355024869747
25.55	0.2986462913884073
35.32	0.1466454971949564
31.12	0.1853969437197167
28.85	0.1910493686282196
26.28	0.2455986837968688
31.05	0.1840710019479095
25.61	0.2977527659932702
27.59	0.2153963886968868
31.97	0.176409650685462
38.32	0.1597854050818628
27.46	0.2191169267371072
33.72	0.1691283196027988
30.7	0.150587606035366
27.33	0.2194330029604839
31.93	0.1702690294738775
35.21	0.1483235549613173
33.78	0.1611508969907407
31.48	0.1492802390863871
26.54	0.2224232852432395
29.9	0.1587234382207906
31.22	0.188186932565456
29.52	0.1884694465963432
25.57	0.2977416899264146
32.96	0.1475614929819018
32.38	0.1639536762725558
31.86	0.1536356114831062
35.97	0.1517729262657244
25.92	0.2816042834893285
33.06	0.1638763630400918
31.97	0.1664813129781282
31.78	0.1748763357625646
28.06	0.186688199023036
42.25	0.1667241063830921
27.37	0.2177058721118213
28.84	0.1914593183714512
30.94	0.1878145219266714
30.75	0.1863218254139824
37.76	0.1723395987867329
36.54	0.1583260832367323
33.36	0.1657217131497535
31.42	0.1777671750856011
35.51	0.1485645742499353
31.04	0.187277601176638
29.84	0.1876579562252634
37.11	0.1694830077266159
34.77	0.1539920364216597
28.29	0.1890646002787314
31.97	0.1487019081823501
31.84	0.1545278167634034
36.54	0.1528653337228336
31.22	0.1762963061821651
31.41	0.1793788162557701
32.86	0.1635134564452783
26.7	0.2169960693396442
28.58	0.1916232503557397
31.44	0.1893642488082836
35.54	0.1491979263835578
29.44	0.1883533182951442
31.96	0.1486650455799803
25.72	0.2969715768529516
31.31	0.1769443197743114
29.67	0.1866858087890642
33.64	0.1492732716030607
35.67	0.1490869131074807
25.73	0.2975373735544519
28.66	0.1922468194194084
28.95	0.1908692238975664
27.19	0.2000679347826087
34.88	0.152765032600821
36.95	0.1551811500288469
35.96	0.157105824207772
27.83	0.2146392524581624
35.7	0.1511130091525716
26.08	0.2736752645918331
34.2	0.1599281130696125
31.47	0.1908101564664362
35.07	0.1546448637999669
27.76	0.215286681700756
27.88	0.188485278392428
27.16	0.2004450421029039
35.95	0.1651477113352665
33.34	0.1661257606490872
25.73	0.2819031762679977
33.87	0.1602613184478968
36.67	0.1554604960955443
35.4	0.1579500451802188
26.66	0.2194840730767557
29.93	0.1884401786792225
27.24	0.2015701465487776
25.99	0.2792579603556978
31.5	0.1808060961109016
26.66	0.2241841324528663
25.59	0.2991135655697229
33.0	0.1476906036435747
34.18	0.1469699250160997
33.85	0.1502693448170616
36.26	0.1532728790709946
36.96	0.1553820683355693
33.85	0.1606749797671026
25.75	0.2991787771847121
31.78	0.1674499375915775
26.28	0.2427449089937853
33.31	0.1491069327209928
26.9	0.2170835273354838
31.63	0.1600501715739549
26.32	0.2363429907408361
32.85	0.1483049069272503
31.79	0.1785289115646258
32.82	0.1480528535924499
31.91	0.1743945907081338
34.62	0.1629169964944023
30.47	0.1510201125141849
31.91	0.1701954397394136
36.96	0.1688223809735102
29.72	0.1884854154773184
30.1	0.1880986503495632
27.45	0.2172961585317504
26.18	0.2670446924288769
34.89	0.1545696945577554
27.9	0.188508974230422
26.15	0.2680554089709762
25.73	0.2978166043237688
32.34	0.1657513872204107
31.5	0.1800527211451833
33.6	0.1490877222142473
28.33	0.190613474696555
31.29	0.1834275639856526
35.75	0.1647138667998412
27.8	0.1880538612038208
34.66	0.165252066025599
26.29	0.2443815834713844
31.46	0.1494242320032853
42.5	0.1574854609316519
31.34	0.1879014255073901
26.82	0.2283427017021085
31.95	0.1637824974908537
30.24	0.1546176195971768
32.11	0.147651526895055
35.79	0.1569278362444399
37.16	0.1560430488700582
26.08	0.2751100673451145
34.81	0.1475436496284417
31.8	0.1726896326293424
31.92	0.1537841472317208
25.63	0.2980092970091418
34.32	0.1464344375435681
35.61	0.1566391638059676
36.39	0.1589542868658058
31.63	0.150489945018977
27.83	0.2143043672860873
26.06	0.2743946973142062
29.02	0.1897917109805782
25.62	0.2973663230240549
34.25	0.149909490977256
26.56	0.2221956705434855
34.32	0.1582848514924664
34.14	0.1626527239725841
36.23	0.1576961295771848
26.38	0.2336169405296737
33.32	0.1480434407860713
33.64	0.1493722137622691
25.56	0.2983825279757171
27.68	0.2149282255446843
33.81	0.1710329794534372
31.99	0.1637229358184742
31.73	0.1600234332798222
31.95	0.1532477309459622
26.62	0.217822520327745
36.16	0.1521160127406723
32.27	0.152272224645065
34.21	0.1500232313902997
26.16	0.2645680329755403
30.44	0.1860474183980889
35.09	0.1652336992378864
33.5	0.1662511359831635
31.34	0.1774371702143232
34.36	0.1619072980466485
29.96	0.187423859057258
36.0	0.1518324870797457
40.11	0.1657977974075681
31.32	0.1896633559452949
36.7	0.1541475502111588
30.3	0.1513416963786956
31.79	0.1787203319164514
39.68	0.164483719171697
32.78	0.1490185925275598
34.65	0.1495782368205238
31.8	0.1554338933987791
30.32	0.186538554859999
34.91	0.1661745834964548
34.83	0.152787790439847
26.34	0.2317037768904824
31.61	0.1596175394324175
27.03	0.212931440193534
33.35	0.1643787620159913
25.86	0.2814831362912186
28.91	0.1899016589937072
29.17	0.1882469174392837
29.78	0.1579451675241913
36.59	0.168774481149856
26.73	0.2197165479555669
34.65	0.1486434844212416
25.5	0.2972113359236663
33.87	0.1607530251169069
31.18	0.1877942399209968
27.67	0.2155216586068525
37.18	0.1596539051925563
34.44	0.1609782796888002
33.49	0.1473103184225639
31.77	0.1484730754191001
38.52	0.16166126175669
37.64	0.1564003962989706
26.55	0.221451631896061
31.94	0.1514283447582331
31.89	0.1708953701815215
31.09	0.1816446086725874
29.2	0.1892536475869809
28.08	0.1874253805258565
27.91	0.2051272404195716
27.01	0.215827477078522
37.35	0.1610183492104085
26.77	0.2223390723156403
26.09	0.2743714636600789
32.72	0.1486553565879807
32.44	0.1642509183836447
33.84	0.1492419456727732
34.59	0.1616971579923781
36.26	0.1664005838616977
34.59	0.148057031991582
29.96	0.1560170487126054
30.75	0.1874648483322709
30.24	0.1518554195765921
32.07	0.1671368338035004
26.04	0.276389288236657
37.0	0.1613349467425566
37.87	0.1607340357451525
34.51	0.1519128627511354
31.25	0.1885984735428303
31.84	0.172544628973067
31.58	0.1593892911585366
31.23	0.1881630595818123
39.06	0.1570018670552836
25.93	0.2823646528660439
32.52	0.1513028214189906
32.6	0.1633646043357272
29.17	0.1884560540166242
34.9	0.1481632551990546
36.19	0.1673458719879823
34.33	0.1491861038518621
34.77	0.1634762461759942
31.5	0.1822772368898986
30.36	0.1873276539368077
26.86	0.220576905426115
32.74	0.1626370660674579
30.44	0.1520703154667789
36.25	0.154016519016852
30.31	0.1533182305537301
27.71	0.215309655190798
27.98	0.1873707093941961
37.01	0.1547873760013751
29.2	0.1887422417996545
27.1	0.2054543681535977
26.51	0.2316195593441165
28.83	0.1923350631281833
27.31	0.2204109011757155
32.87	0.1480510278602172
32.46	0.1512493423985285
38.27	0.1612705322639788
27.55	0.2165693834503268
36.57	0.1669629363862704
31.1	0.1814603968663369
27.74	0.2154397773519234
