31.21	0.0761812783560181
26.96	0.1138096901324782
39.73	0.0917430688691009
27.98	0.0994088819828532
27.69	0.119287472124355
26.84	0.1193991831981794
39.09	0.097116121535761
34.59	0.0763463734390657
34.11	0.0755168066796259
34.88	0.0874365299733398
32.6	0.0857852086387391
33.97	0.0863382489833913
31.8	0.0895897928657044
33.95	0.0752321897531664
36.55	0.080435215332774
31.78	0.0757339043677939
26.46	0.1203881301527814
31.5	0.0809042697325126
26.6	0.1211929261160665
29.61	0.0959598754554642
26.63	0.1149456211191954
37.84	0.0914428961221221
26.98	0.1129975119260216
34.0	0.0864225608369342
31.33	0.0765703497987331
31.58	0.0807522238984549
27.33	0.1208500026875734
38.76	0.0943159502509273
34.14	0.0838279370588003
25.65	0.1769864216537218
31.57	0.0963177722608982
30.13	0.0946302463686702
30.74	0.0759301458474238
38.17	0.0905033527011807
31.11	0.0757214521702382
30.29	0.0768673427692194
28.92	0.0969327411545321
27.9	0.1134187403796818
29.95	0.080684322470462
31.19	0.0975253039276183
37.89	0.0904994153047545
30.17	0.0774947620195427
32.95	0.0744737197876174
31.89	0.0971939208694175
34.36	0.0760809673269371
30.86	0.0971692186777879
37.41	0.0922809963285069
29.85	0.0803378942529598
31.97	0.0767437005726972
26.18	0.1275610827823705
26.42	0.1268370688123461
28.41	0.1001388592181158
31.92	0.0748585087124437
25.56	0.1772535174219795
33.52	0.0743883540033648
28.3	0.0996121312266246
27.32	0.1206111286420532
35.92	0.0797989866795342
34.07	0.084305593049795
33.46	0.0744209809264305
26.47	0.1247837124417444
37.58	0.0899444706327727
35.52	0.0797508009636037
33.15	0.0864040250923223
36.02	0.08902400488161
32.59	0.0851243278162927
31.74	0.0917097441199276
31.86	0.0983588708080928
33.42	0.0750425590453017
25.9	0.1632404525093007
38.47	0.0917177967126981
30.08	0.0939739673793695
36.23	0.0898420543925547
33.42	0.0901526906384222
40.72	0.0917066491779135
30.26	0.0945584725536992
32.09	0.0775954086289312
38.78	0.09128012699235
36.11	0.0890909195132157
26.46	0.1239993038635572
31.71	0.0766130989949992
38.87	0.0911192136731669
27.03	0.1103224476063339
26.89	0.1157606981389969
25.63	0.1775110748822156
36.29	0.0801612600787549
34.91	0.0880896332941882
27.11	0.1104510784189137
31.52	0.0766070814326535
27.52	0.1193513835786904
39.14	0.0917018765099782
30.94	0.1002470607757216
31.72	0.0798206023446592
30.57	0.0953862295081967
25.9	0.161103925112486
31.89	0.0749466514344836
31.09	0.0762492069987033
28.64	0.0989311245532032
33.16	0.0749228544511242
35.44	0.0790628945254217
31.71	0.0759724652472607
31.85	0.0964553578552621
35.86	0.0796402456765216
29.37	0.0963821131405802
29.15	0.0968907294615223
34.51	0.0756260649356739
33.81	0.0760204511860001
37.53	0.0894313506051386
35.56	0.0883156512791398
35.55	0.0878971689703576
33.73	0.0733553776540201
31.84	0.0751891661438529
27.96	0.098343791513214
26.07	0.1540047475528765
31.79	0.0771050685944303
29.42	0.0958528555858922
27.57	0.1199146672577159
27.33	0.1066110028173904
31.55	0.081206397105969
26.48	0.1229740019580115
29.55	0.0965852701548688
33.46	0.0867498444817427
35.05	0.0784246879580686
34.11	0.0752626227244748
30.51	0.0763812732395401
36.18	0.0801366949043412
32.48	0.076861037107084
33.09	0.0856702319766634
35.38	0.078899888308688
26.39	0.1248951716172445
30.52	0.0946946921003524
27.62	0.1197756975534753
37.35	0.0899177028239005
31.59	0.0794638537282207
32.79	0.0732810579905202
25.78	0.176892975482998
30.99	0.1000161702963206
25.88	0.1600141620862378
26.42	0.1283061885920518
32.66	0.0755043699091705
25.95	0.1589511488573542
25.85	0.1738577220090285
26.6	0.1182332483077811
40.39	0.092274175669397
34.73	0.0760463307477244
28.31	0.0994352011574202
32.13	0.0778347802375501
33.42	0.0866195412892954
34.94	0.0759765441541537
32.29	0.0739238391856099
32.45	0.0854255509165196
30.11	0.0941184580802572
35.51	0.1004988880206768
28.55	0.099872864204147
27.21	0.1082988431135347
32.02	0.0747351827399061
32.96	0.0861746860137663
30.72	0.0760688836104513
26.77	0.1194255458693516
26.23	0.153457417942412
30.05	0.0790146926075121
26.11	0.1488496233511791
31.68	0.0765530929540191
36.3	0.0898463704045836
34.32	0.0760529709160597
30.24	0.0784627500357173
27.22	0.1093613913607963
34.59	0.0767006943997566
34.45	0.0852978702002742
27.64	0.1191594150044405
27.4	0.1199822768785604
33.36	0.0736857541584346
33.98	0.0758164595816358
25.97	0.1624145687962976
31.32	0.0764404404226115
33.05	0.0749669305285627
27.84	0.1156348700284852
31.86	0.0981969693740542
28.1	0.0993284000601841
32.06	0.0859872357717099
28.36	0.1002267142645484
25.63	0.1776114704154406
34.26	0.0906452832398873
36.07	0.0792628425539967
25.67	0.1768775820944977
31.71	0.0782058275376153
31.73	0.0770823464694467
38.12	0.0909856914075175
34.13	0.0760335365636083
30.7	0.0953123874900991
34.5	0.0761391343793793
38.8	0.0915372012285387
32.84	0.0750207677131286
32.08	0.0864673280294945
25.66	0.1774210361722089
29.66	0.0951859667246788
25.79	0.1640724946695096
26.87	0.1160424099123562
31.48	0.0962748857100722
25.65	0.1765187909082528
30.32	0.0950432899324666
33.54	0.075214454710073
29.48	0.0967293209507032
31.26	0.0966811389411566
37.22	0.0897616817641697
31.07	0.0996820349761526
27.03	0.1145287795847188
31.05	0.1002601632191875
37.58	0.0895257444620957
32.4	0.0768397124127722
32.76	0.0753897845107706
35.45	0.0795308187672493
31.86	0.0891178472434575
37.26	0.0925408642749772
33.51	0.0865903678646391
28.62	0.0998146028377587
30.3	0.0778023788503381
36.02	0.0799579657371881
33.85	0.0747483010319657
31.96	0.0763229759031215
26.23	0.1360193705617882
30.81	0.0963335103268934
32.96	0.0749567905186052
32.52	0.0766756768171643
33.44	0.0899569583931133
26.38	0.1309136311204396
32.74	0.0734103802238306
30.17	0.0775737307225784
27.2	0.1059137541434071
37.63	0.0897221157144875
27.33	0.1063362182008916
28.57	0.1002966652782618
32.22	0.0866444236084897
25.95	0.1620234119954175
26.63	0.1173927606673044
33.87	0.0916533120895204
32.93	0.0858687802625815
27.83	0.1190278840896664
27.82	0.099933855582031
35.46	0.0796732180479741
25.76	0.1758853122621434
32.5	0.0730349132280604
32.27	0.0775237610899331
35.21	0.0957996610596787
36.68	0.0829773189343331
36.5	0.0904701896344934
33.89	0.0750525487542314
35.78	0.0888386627736541
34.65	0.0762535102762989
38.01	0.0913393123076414
30.06	0.0791956973475125
25.81	0.1742846475607929
27.79	0.1151577146480507
31.42	0.077048621468445
38.88	0.0916892510238045
34.63	0.0765253357257397
28.21	0.0991175086717219
34.65	0.0929258498921899
26.02	0.1522298961344897
37.16	0.0889708548013226
36.14	0.0822726503211096
27.49	0.1210294583465315
31.61	0.0763442118864212
25.58	0.1775263251420153
25.93	0.1541072161250791
33.51	0.0750496777007706
30.13	0.0787381936640056
30.6	0.0950156210441695
29.22	0.0967951092997406
27.19	0.107781139768076
27.46	0.1198573241265344
26.14	0.1460023536196644
33.34	0.0857859279655301
32.86	0.0858979079135444
31.29	0.0964501349201952
35.7	0.0790681750233872
33.8	0.083080380166507
28.38	0.0997112645830894
33.13	0.0735886188301522
33.12	0.0739187011105032
36.86	0.0910137304245268
31.48	0.1021771185705612
31.73	0.0785637986285793
38.53	0.0942000790345624
33.98	0.0914383160236536
29.75	0.081988304646692
31.49	0.0764928989513502
27.51	0.1198460438887768
29.94	0.0956763820237486
32.02	0.0745326529610912
25.63	0.1771953963721349
27.76	0.1195521470185114
27.05	0.1131103574907169
33.57	0.0742464841348244
27.35	0.1051859396728475
33.78	0.0748429009844428
26.99	0.1123357400819976
35.54	0.0785916455588058
36.64	0.0810519650199988
25.64	0.174508179995919
34.91	0.0785142788648826
35.08	0.094228457159682
31.62	0.0984731755147779
27.74	0.1004911030523455
30.02	0.0782730729763988
27.23	0.1093365368629364
32.17	0.0740082346100307
35.91	0.0791518976047758
36.04	0.078784394880049
25.64	0.1758567940045471
32.5	0.0758308262177625
34.07	0.075469300069471
25.69	0.1776695194919013
32.57	0.0857593999802625
32.85	0.0746526577728623
32.85	0.0858532482098179
32.38	0.0771369376780464
31.77	0.093783973347361
33.97	0.075868934482044
25.7	0.1729439817409198
31.94	0.0985301333809162
25.95	0.1579244891756076
33.21	0.0856979366521929
29.57	0.0968229174130494
36.52	0.0901486220635156
34.65	0.0766797087692719
36.75	0.0810896043281427
29.45	0.0959450451043278
35.47	0.0876459360979599
27.51	0.1194177268856688
36.84	0.0831609539925483
33.65	0.0758434169149024
30.55	0.0765917929006157
31.5	0.0812635576187386
31.28	0.0967935475758501
26.32	0.1314875494867845
35.9	0.0896178891104229
32.61	0.0760066170889729
34.56	0.0851376085355237
27.32	0.1071224556490502
25.86	0.1625870646766169
37.71	0.0844644549763033
30.78	0.0761287271612062
34.46	0.0925070597492966
31.34	0.0959087186087668
34.1	0.0752916696708605
28.46	0.0994986611169705
27.79	0.1195262852026952
33.85	0.0752837383758446
33.13	0.0859674417385377
35.2	0.0791866860538626
30.56	0.0952878383926576
31.1	0.0994195828402605
31.15	0.1018440381309579
31.54	0.0981410747994337
33.23	0.0749117048888704
31.76	0.0759982012260064
34.84	0.0874886672710788
32.01	0.0931210678160519
32.2	0.0858644897959183
32.74	0.0751193664842203
31.69	0.079405199753046
30.54	0.0767534294962737
32.27	0.0733494658022098
33.33	0.0748395940511482
32.37	0.0743115918066551
34.35	0.0842656990222759
32.39	0.0859573334911382
32.23	0.0744317947618772
35.63	0.0884584629053753
31.07	0.0972009292483971
35.52	0.0878401597972465
30.9	0.0962209702542118
26.35	0.135510566367754
32.38	0.0772680739486752
25.86	0.1738860324628059
37.6	0.0934561384737924
31.6	0.0788005124530432
28.14	0.0992576013974562
26.17	0.1470720492406224
31.89	0.0772295869419188
34.88	0.076159291928028
26.06	0.153228701367053
30.73	0.0755112395490944
27.87	0.0993079759559529
28.01	0.0999631122491565
33.71	0.0752914095027692
36.03	0.0813827474772847
29.14	0.0962980791841996
34.07	0.0909464025824256
35.87	0.0810529996503321
35.23	0.0791181599660649
33.7	0.0874544426291315
31.18	0.0988516538041421
30.72	0.0765248647874703
35.35	0.0794042434691259
39.06	0.0910165417464583
28.77	0.0983898537124811
34.27	0.07601122690159
31.26	0.1004736012444185
34.6	0.0764608587234725
32.72	0.0846377528924085
34.17	0.0910151312994081
32.27	0.0741681174189348
28.22	0.0982083807665202
34.82	0.0866747962973227
33.27	0.0735369029471544
25.55	0.1771550977078729
35.32	0.076073046402296
31.12	0.1014879248272454
28.85	0.0975702485977054
26.28	0.1365722138603494
31.05	0.1002434542014498
25.61	0.1767468917357037
27.59	0.1191613924050632
31.97	0.0972124877345455
38.32	0.0913178039202087
27.46	0.1201636026927418
33.72	0.0885604073125459
30.7	0.0766107764483802
27.33	0.1203165182612516
31.93	0.0932418239107602
35.21	0.0773779419202314
33.78	0.0843618703622259
31.48	0.0766043129110965
26.54	0.1202564096273817
29.9	0.0810459940652819
31.22	0.0988142743781648
29.52	0.0955849889624724
25.57	0.1777638376185918
32.96	0.0746497887871373
32.38	0.0865009166283584
31.86	0.0768578944909568
35.97	0.0792540636344295
25.92	0.1615525542667746
33.06	0.0860418094012666
31.97	0.0879639325830311
31.78	0.0951134876841686
28.06	0.0983275158016738
42.25	0.0908351064878633
27.37	0.1197852739221613
28.84	0.0980694360826811
30.94	0.0970874582721598
30.75	0.0963515129145369
37.76	0.0938403287069109
36.54	0.0821454559000658
33.36	0.0865268851600895
31.42	0.0957636473886882
35.51	0.0783549783549783
31.04	0.1009046452751457
29.84	0.0966856187790064
37.11	0.0918793668478099
34.77	0.077536595026709
28.29	0.0994073769626819
31.97	0.0755856206493922
31.84	0.0769750482474441
36.54	0.0805715305090936
31.22	0.0974261622948655
31.41	0.0978254843806303
32.86	0.0856750826588651
26.7	0.1151215506148553
28.58	0.099687587137012
31.44	0.1006511606186463
35.54	0.0788041717950378
29.44	0.096227123919927
31.96	0.0747521459787926
25.72	0.1764218761012051
31.31	0.0973889305162482
29.67	0.095704318711266
33.64	0.074418538700825
35.67	0.0783765714600794
25.73	0.1754151691873436
28.66	0.0986648517145505
28.95	0.0977126702647134
27.19	0.1077281749996669
34.88	0.0932263799784207
36.95	0.0807892170134754
35.96	0.0812558336868901
27.83	0.1196734954165005
35.7	0.0792948725754015
26.08	0.1537980312851046
34.2	0.0837659419503804
31.47	0.1017727259342147
35.07	0.0789966667225004
27.76	0.1194765652056797
27.88	0.0994320548968802
27.16	0.1072000895911603
35.95	0.0899482880283099
33.34	0.0873979693410312
25.73	0.16272563258175
33.87	0.083721277602131
36.67	0.0812338575967553
35.4	0.0976692136453883
26.66	0.1181114825811465
29.93	0.0962587014836652
27.24	0.107241714472864
25.99	0.1624390243902439
31.5	0.0978569489585549
26.66	0.1187770650864454
25.59	0.1774353053118869
33.0	0.0738310141986763
34.18	0.0757215004962949
33.85	0.0749904348935084
36.26	0.08054107962584
36.96	0.0817201748536249
33.85	0.0838020187331594
25.75	0.1766382573076233
31.78	0.0899472832611305
26.28	0.1338473047670504
33.31	0.0741949620151939
26.9	0.1167986133752441
31.63	0.0797099804640103
26.32	0.1295863623944456
32.85	0.0736552162347923
31.79	0.0978626928749092
32.82	0.0737119759326456
31.91	0.0926760771561599
34.62	0.0857505726532556
30.47	0.0758248106835916
31.91	0.0919264293100901
36.96	0.0924346900525256
29.72	0.0963884252529059
30.1	0.0947484781863089
27.45	0.1200164903413714
26.18	0.1502327205332227
34.89	0.0783110881276715
27.9	0.0987926324138538
26.15	0.1514269304134304
25.73	0.1762918654045477
32.34	0.0858504580341668
31.5	0.0977402287079706
33.6	0.0746732434705521
28.33	0.0990366955908054
31.29	0.0980631490247589
35.75	0.0880209294356433
27.8	0.0994840878482274
34.66	0.0862228973898632
26.29	0.1353237658789676
31.46	0.0762961567991192
42.5	0.0826067146282973
31.34	0.1002027954753054
26.82	0.1224264861733244
31.95	0.0870881588656122
30.24	0.0787484171417174
32.11	0.0742515614022988
35.79	0.0801009426259927
37.16	0.089611674246905
26.08	0.1572059182360639
34.81	0.075677397905469
31.8	0.0937375141144793
31.92	0.0773236439492828
25.63	0.1767889031630505
34.32	0.0755256995833472
35.61	0.0802484116774561
36.39	0.0825272930010631
31.63	0.0762728438475111
27.83	0.1193641116632674
26.06	0.1558284197627198
29.02	0.0963894770647695
25.62	0.1781887376529426
34.25	0.0765015630427231
26.56	0.1190852023626254
34.32	0.0838123512938748
34.14	0.0845776500435315
36.23	0.0817749778011742
26.38	0.1282943099498798
33.32	0.074871454311957
33.64	0.0744372918397355
25.56	0.1769070964085043
27.68	0.1193540496231929
33.81	0.0918025586119804
31.99	0.0859719281176672
31.73	0.0787717481603389
31.95	0.0766170050180816
26.62	0.1165702608566947
36.16	0.0798094391904622
32.27	0.0776728942008457
34.21	0.0757220591540279
26.16	0.1484804487622284
30.44	0.0945895263587836
35.09	0.0878213816764793
33.5	0.0866304536192132
31.34	0.0973275700837472
34.36	0.0846856334402408
29.96	0.0943467763832186
36.0	0.0792086760413902
40.11	0.0919992712054372
31.32	0.099986988390753
36.7	0.0810056473307198
30.3	0.0771577282909474
31.79	0.096117414385344
39.68	0.0912882710229819
32.78	0.0749531056109737
34.65	0.0764561083245537
31.8	0.0749820175353331
30.32	0.0949490142071633
34.91	0.0876574033868866
34.83	0.0933501622248263
26.34	0.1274055000202355
31.61	0.0800132896403278
27.03	0.1147892871749686
33.35	0.0855251544571932
25.86	0.1620820268995571
28.91	0.0974435528005505
29.17	0.0961239965679918
29.78	0.080937818792104
36.59	0.0908000909194226
26.73	0.1180887191553486
34.65	0.0758932427915222
25.5	0.1781900071010068
33.87	0.084610219006725
31.18	0.0976377600518915
27.67	0.1188824205182108
37.18	0.0828915615982027
34.44	0.0848361782210429
33.49	0.0745839525687548
31.77	0.0754607761468416
38.52	0.0846169406818317
37.64	0.0896944502414882
26.55	0.1185245331732066
31.94	0.0761771243597762
31.89	0.0934691664084288
31.09	0.0991498256487853
29.2	0.0964426612612763
28.08	0.0986362452805624
27.91	0.113680981595092
27.01	0.1156769229921962
37.35	0.0836266565046973
26.77	0.1196002958281507
26.09	0.1559652064208761
32.72	0.0751909178348353
32.44	0.085295083762181
33.84	0.0745113813247998
34.59	0.0852911964895939
36.26	0.0905968354505732
34.59	0.0759544390308754
29.96	0.0792628054387578
30.75	0.0954718259893467
30.24	0.0771745904250162
32.07	0.0900473933649289
26.04	0.1581342053044912
37.0	0.0830436842748838
37.87	0.0840383795140232
34.51	0.0939002923153343
31.25	0.0982552387804658
31.84	0.0942674286608995
31.58	0.0800268131637786
31.23	0.0984670525270626
39.06	0.081410460453328
25.93	0.1637877661291994
32.52	0.0763631615093682
32.6	0.0852254725947829
29.17	0.0965314386125754
34.9	0.0765915119363395
36.19	0.0898140444406759
34.33	0.0918825561312608
34.77	0.0857350173465454
31.5	0.0980258359869736
30.36	0.0943795908494901
26.86	0.1183031857075169
32.74	0.085250238631141
30.44	0.0768448812569855
36.25	0.0804078303425774
30.31	0.0773634214992486
27.71	0.119375866851595
27.98	0.0991217097454745
37.01	0.0895021272482784
29.2	0.0962989953672375
27.1	0.109827777882969
26.51	0.1255845409656365
28.83	0.098346732191982
27.31	0.1199856042361368
32.87	0.0736623067776456
32.46	0.0759577252300021
38.27	0.0915566288550159
27.55	0.1197101685809685
36.57	0.0904633544249922
31.1	0.0999075767408019
27.74	0.1198150932850717
