40.9	0.1268013619277674
44.3	0.183404750726612
31.5	0.1560134623702422
41.9	0.1628329991025036
46.5	0.208942615877712
43.7	0.1924557224464589
31.5	0.1583611059027042
34.8	0.1274316041803762
38.4	0.1268463888832179
36.4	0.1432287074590019
38.4	0.1408557344009587
33.8	0.1368860878980538
30.4	0.1425491229097153
39.5	0.1263488562670092
33.1	0.1315620778257529
40.0	0.1258863774199483
45.4	0.1946196610567456
34.3	0.1385583787518231
45.5	0.1962748473939584
37.4	0.1610793765669828
44.3	0.1877347484634645
31.8	0.1551792706309149
44.1	0.1828570036303389
35.7	0.1352552128035543
40.9	0.1270507692358846
33.6	0.1377703455191967
43.7	0.2083687012753229
31.7	0.1503545343703019
36.5	0.1393999941089259
41.0	0.2687346231268173
31.5	0.1776804378396868
36.8	0.1590741077069866
40.5	0.1276265774669302
32.0	0.1487697173566345
40.8	0.1262635874375951
40.4	0.1285896486464247
39.9	0.1614488567087468
47.0	0.2117480802830756
40.5	0.1333354554409488
34.7	0.1625645785119358
31.9	0.1470398118835062
40.9	0.130317811946829
34.5	0.1265943602460303
29.4	0.1506602641056422
34.5	0.1267273083367789
34.6	0.1603959185488173
32.9	0.1490374885071096
39.5	0.1343002793296089
33.9	0.1307331076861989
44.5	0.2039365455382948
44.3	0.2025040649589231
40.4	0.1642256651774906
39.8	0.1251328354029635
41.2	0.2693450571820354
39.6	0.1255914345956192
41.0	0.1636106390418031
43.9	0.2078831397848006
33.0	0.1315841219702499
36.8	0.1392830814596387
35.4	0.1258510109238077
44.8	0.2007321675682476
31.1	0.1489040503420406
35.7	0.1343057898820407
36.3	0.1421335976001714
34.4	0.1436487294227879
38.2	0.1400929484314952
28.8	0.1433431952662721
29.4	0.1518074637045698
39.5	0.125721428686886
43.9	0.2492810115751194
31.5	0.1576710420251752
36.6	0.1590195278641717
33.7	0.1444879265854367
34.8	0.138767293241883
31.5	0.15415926923362
37.0	0.158242724002616
34.0	0.1309966727355833
31.2	0.1574412853352549
34.1	0.1439492221729086
45.1	0.199604312988426
32.6	0.1296822235912747
31.5	0.1512046257629296
44.1	0.1800131105432848
44.9	0.1863686137864931
42.9	0.2714337850426899
33.2	0.1317673789926022
36.4	0.1445790160248592
44.3	0.178801838403873
40.1	0.1269891222014852
44.3	0.2066096986533003
31.2	0.1542558841828915
32.5	0.1597317631665031
30.4	0.1329912654041789
35.3	0.1595208776446882
44.0	0.2482076382186681
32.6	0.1264251178893332
40.6	0.1262880330826834
40.3	0.1649407494395217
35.4	0.1257467639453338
34.1	0.1298203531922339
39.8	0.126188846609722
29.0	0.148607330256046
33.2	0.1316919444365104
37.4	0.1612918350179957
38.9	0.1616933233512557
35.1	0.1254744471924969
35.9	0.1250453259844803
32.2	0.1557404278518556
32.1	0.1367025924847072
32.8	0.1423134539859913
34.0	0.1191741553861904
39.4	0.1255090407095205
42.1	0.1626568191284186
42.9	0.2385002024195711
31.8	0.126685384956406
37.1	0.1612998735434669
44.6	0.2070170869592835
43.0	0.1713281294395396
34.6	0.1393539974857725
45.0	0.1983900515203158
37.6	0.1622438610623272
35.7	0.143401236940494
37.1	0.132054137825089
38.6	0.1276027622418306
40.5	0.1287357973007175
33.1	0.1320924766157218
35.2	0.1303898508523109
37.7	0.1409945138961202
33.7	0.128768355138342
44.9	0.2005837834058693
36.1	0.1589736438432575
44.3	0.2068187386057403
31.4	0.1460533417175407
31.5	0.1364065576022097
39.2	0.1247587140243852
42.6	0.2695834510880536
33.4	0.159078408604779
43.7	0.2465226027260629
44.9	0.2056387602639332
34.8	0.1280176830749121
43.9	0.2453686599461656
44.1	0.2675689698156687
44.5	0.1920594827107865
31.3	0.1578166092087154
33.5	0.126934949939475
40.9	0.1635396918785818
35.2	0.1310183186331955
33.0	0.1410078160228468
33.3	0.1262112546234475
38.3	0.1244896034035086
38.5	0.1404137405170651
36.5	0.1588417989657304
26.4	0.1451022968762297
40.4	0.1645555859085359
44.5	0.1760267191192195
39.2	0.1252287145242069
38.7	0.1417979989537012
40.4	0.1278963107932617
44.0	0.193571599237638
43.0	0.2403178588557815
41.3	0.1320055703534952
43.5	0.2342368334866892
39.7	0.1264289128634081
33.5	0.1454451878538342
38.4	0.1274456239447569
41.1	0.1307110632094568
44.4	0.1775738737971557
38.4	0.1277873024563617
35.5	0.1404318222540763
46.1	0.2070402842047048
44.6	0.2068281576491924
39.5	0.125783265757464
35.8	0.1228988989386523
43.7	0.2478526775882223
40.5	0.1268560900416929
35.1	0.1254056139023755
46.8	0.212800292088194
30.3	0.1521258972943125
40.8	0.1636337742044703
37.1	0.1400576660034817
40.3	0.1651752934343046
42.5	0.2702023415627386
33.7	0.1328581288824747
33.8	0.1298415242582324
42.7	0.2702238811757316
33.0	0.1342577773483032
32.5	0.1288620949510173
31.6	0.1560710745634056
35.4	0.1254759002250562
35.4	0.1595846765933129
38.6	0.1275124880860788
31.1	0.1587171622223321
34.3	0.1275269481104164
36.5	0.1409867349856728
41.8	0.2689163249046898
37.5	0.1604225983148097
44.0	0.2490983582044917
44.9	0.1874721563752963
30.2	0.207142671319679
42.6	0.2696590705773549
36.7	0.1584401979460104
35.2	0.122198377863214
37.1	0.1617833608370098
33.4	0.1728228944009595
31.4	0.1495074914141223
33.1	0.1597783114723812
44.5	0.1845252843175425
33.0	0.1599785491330274
31.5	0.1463863944008875
35.2	0.1285785103482463
34.9	0.1275239888494964
36.4	0.1335427778183678
29.3	0.1421708063302151
33.3	0.1477091241551708
36.5	0.1425919271769074
40.3	0.1646074751331823
41.0	0.130469542534177
33.3	0.131011282975744
39.0	0.1258508152840619
34.6	0.1296372587913373
44.0	0.2156746619287336
35.5	0.1605770471637758
34.8	0.1263562333673771
35.1	0.1289039051557393
36.3	0.139961060596937
45.0	0.2086307981714367
39.3	0.125174262929277
40.7	0.1294708984417459
42.6	0.1709038237507603
31.7	0.1470858108220017
42.5	0.1709178420673324
40.1	0.1650514528600798
38.3	0.1411792099694055
43.9	0.2484406018769175
44.3	0.1916236360326873
35.1	0.131961080122255
35.5	0.1418456091741707
47.1	0.2123788345307332
42.4	0.1633761272822498
36.1	0.1337630581475987
43.5	0.2704554037391427
39.0	0.1244053925471041
35.3	0.1307495982607051
29.5	0.1377232813774743
35.1	0.1369168119536004
33.0	0.1453692528657168
34.3	0.1232552867138334
33.2	0.1423959158935148
33.1	0.1263982564881325
31.8	0.1556527751403516
40.6	0.1328262532268646
44.0	0.2681126753019522
47.1	0.2107150776544885
40.5	0.1266091064918922
31.1	0.156469153118271
38.3	0.1274895265646783
41.2	0.1627571729232883
32.0	0.1359050999439566
43.2	0.238437293073765
32.2	0.1458741635144528
34.7	0.1351820221094918
44.3	0.2076556438204323
39.9	0.1268196752790762
41.2	0.2694238511731223
43.6	0.2405275843599357
34.8	0.126915018357265
40.6	0.132024076306358
35.4	0.1586670298257629
37.1	0.1616795005721917
44.5	0.1740692392317045
44.6	0.2064172833500484
44.3	0.2292106222311202
32.9	0.1397146863282604
38.9	0.1417765720271831
31.7	0.1623620966437764
33.9	0.1294896329717124
32.8	0.1361246866936288
40.5	0.1636003156925984
39.5	0.1252307510401348
39.5	0.1254287008637143
33.4	0.1458016310255088
32.4	0.1666815155348859
30.0	0.1294166213198731
32.3	0.1497723680237755
34.5	0.1327131272382991
39.7	0.1356837095343368
40.5	0.1267039888811674
45.1	0.2077234185246175
37.0	0.1620459551741479
39.5	0.1253846260608878
41.5	0.2684198186507309
46.5	0.209473940873555
43.9	0.1822345555944715
39.5	0.1255296125826805
42.6	0.1697244858362437
33.7	0.1231112284288833
44.2	0.1820000590795936
33.6	0.1290802857607567
32.2	0.1343598179472545
42.8	0.2690399024137381
37.2	0.1318947293654471
30.4	0.1368893735014626
30.4	0.1564165346392049
42.1	0.1639640343001392
41.5	0.131532183756746
44.5	0.1762753462589225
38.7	0.1251204356791134
33.5	0.1303152916110483
33.9	0.1295642408361072
43.2	0.2712518025771037
34.8	0.128376414805751
35.6	0.1243521716923538
42.3	0.269049089306543
38.4	0.1413047420202156
34.5	0.1269873417721519
39.1	0.1402271322071479
35.5	0.1310589348670749
29.0	0.1469726139063773
35.3	0.1249206472278624
43.8	0.2685606687165636
29.4	0.1519631604459524
44.0	0.2454195237815472
34.9	0.1421181701887572
37.4	0.1617576787466317
33.0	0.1450259242315317
33.3	0.1278289154042593
32.4	0.1340946720244075
36.8	0.1611851952262342
33.0	0.1422369109559963
44.8	0.2067820504443282
35.2	0.1373974266707791
35.7	0.1244911152656684
40.7	0.1283784076317735
34.6	0.1383526772301542
32.5	0.1751425300471335
44.8	0.2083494118458813
33.5	0.1439371292814549
35.0	0.1279824270650165
35.6	0.1400916793999166
43.3	0.1721197173571436
44.0	0.2493737708311769
34.0	0.1388408110332444
39.9	0.1278398597352016
33.4	0.1348809616188518
31.3	0.1709653039928797
39.1	0.1265563444620782
40.2	0.164580772577237
47.0	0.2125083066967762
33.6	0.1246867794863715
36.8	0.1420442972858642
36.7	0.1332177685936229
35.7	0.1588839709136895
32.8	0.1589063367126007
34.1	0.1610388433123328
30.4	0.1578313599470888
35.5	0.1257747442379602
31.6	0.1256168491647149
36.6	0.1432335063244933
31.3	0.1444011991795087
38.4	0.1400228788364477
35.0	0.1277503656902752
30.3	0.1314865930599369
40.3	0.1280857903701749
38.5	0.1243881259905288
35.0	0.1258050139821439
38.4	0.1249176944621885
35.6	0.1398632379369553
37.8	0.1412156892639134
38.7	0.1247336998189322
32.9	0.1428903359392003
34.8	0.1609314582597842
32.3	0.1416562523365484
35.5	0.1599060097148707
44.1	0.2155999709507408
35.9	0.131015512313871
43.3	0.268782602882769
32.8	0.148988084198813
31.1	0.1327638097018413
40.9	0.1632627962623818
44.1	0.2313892145369285
33.9	0.1312774830951127
33.4	0.1263357082639672
43.4	0.2405256233353657
39.8	0.1269186524992359
42.3	0.1630914068377497
42.1	0.1632157261265838
36.0	0.1233101778456749
34.5	0.1358978940650925
38.5	0.1619489622693171
33.9	0.1324259889469243
35.1	0.1348455995235019
36.5	0.1326147791468503
31.5	0.1426453424182202
34.9	0.1795177153235239
40.0	0.127816021381928
36.7	0.1332091082090795
31.1	0.1509138390190411
39.9	0.16308496635479
35.2	0.1249320684749772
35.4	0.1595296439997277
34.1	0.1268303673337391
38.3	0.1395983772569733
33.6	0.1323732067936665
38.8	0.1246858971287532
41.2	0.1627685269265899
35.9	0.1425391591096455
39.3	0.1252758589850603
42.0	0.2705068380389239
33.3	0.1236321801471849
34.9	0.1609704160012168
40.0	0.1628200889476659
43.9	0.217435389426842
31.5	0.1602258378965411
42.6	0.2697085038300687
46.1	0.2073305735150472
30.5	0.1508177406793538
31.7	0.1565875589167915
44.7	0.2074417001647009
30.4	0.1457856161245991
40.2	0.1277963638686393
43.8	0.2074462323471105
32.1	0.1445129828775224
33.5	0.1266563604240282
33.5	0.1401977907635708
39.9	0.1263140048991576
45.1	0.1943496194283877
39.5	0.1348037672014656
33.3	0.1627814845110484
37.7	0.1614770910151925
42.3	0.2690968306996795
35.0	0.1262875223336631
38.1	0.1417542493836771
34.0	0.1308144111991678
33.6	0.130663671953174
44.0	0.2480551233607468
38.3	0.1419625702696933
35.2	0.1406567665517546
30.9	0.1478613288682548
42.0	0.1622888509029908
31.5	0.1581493388072235
44.5	0.2069816595732416
39.7	0.1628201923946163
35.2	0.1597568749862609
35.5	0.1597178980426131
32.9	0.149261704997285
34.8	0.1366742425947178
33.7	0.1421031649738274
31.8	0.1548559339109409
33.7	0.1281528174467695
32.3	0.1620341124447251
37.0	0.1613896604666971
33.7	0.1468058077277816
37.8	0.1320141224503455
40.6	0.163863533689304
40.0	0.1251586873135388
33.9	0.1311961219877703
32.9	0.1322904407232988
33.8	0.1772146321653244
31.7	0.1557579025685481
38.9	0.1404159142819559
44.5	0.1876020351179033
40.6	0.1646473774341639
33.2	0.1641460318199818
34.1	0.1283703951448494
37.2	0.1621402071870629
39.2	0.12501461315414
42.5	0.2695943084820555
31.5	0.1546988083924263
37.2	0.1617117733154478
39.2	0.1256025349433688
33.9	0.1284797886249727
43.2	0.2704682078939232
40.2	0.1642719546742209
40.2	0.1623217474780519
44.6	0.1739156685015579
30.8	0.1362629353936663
32.2	0.133846191438066
34.8	0.1352802037186625
46.5	0.2113857716431322
33.7	0.1294245351288424
43.6	0.2422265587201238
36.1	0.1388195425895169
32.8	0.1651318157476582
36.8	0.1324551905697535
46.4	0.2106841577844584
41.5	0.1631145495383079
44.3	0.1739270664803165
34.1	0.1443207913796148
33.0	0.1402982892235706
43.9	0.2491599462365591
32.3	0.1370042416173875
32.3	0.1339585583331138
28.2	0.142231694307724
44.2	0.1919851307856204
36.8	0.1618347830465003
43.9	0.1727690901943837
44.1	0.2483364005655677
32.0	0.1560220219216918
44.5	0.1947383180585232
42.8	0.2704861628950515
39.5	0.1248877758052244
35.4	0.124766965923944
39.5	0.1264141651031895
33.3	0.1322028136696328
32.3	0.1341496600755111
33.2	0.1389510014889486
43.1	0.2712331201137171
31.0	0.1423417883679221
44.6	0.2125785355449628
39.5	0.1257075398527739
44.4	0.1884885353299017
32.9	0.1368772439106936
44.8	0.2063837624315708
39.5	0.1248038399158374
29.7	0.1520835623969214
39.4	0.1244650761092518
29.0	0.1459340724141997
35.9	0.1402841840268978
40.6	0.1281465170539142
34.5	0.1449693472773169
33.7	0.1477149229062422
37.4	0.1621752560368317
36.4	0.159592962377027
44.6	0.2067391417357627
43.2	0.2370681020555233
37.5	0.1319442682707007
42.0	0.1635153932967638
43.2	0.2369579636196514
43.0	0.2700208072653409
37.7	0.1426007344954223
30.2	0.1565944507791714
39.2	0.1257144843815697
40.6	0.1639244546034794
31.2	0.1583199584876971
33.0	0.1415871681909802
42.3	0.1642818542797396
35.9	0.1423310142685139
44.1	0.214339568263869
40.6	0.1260882191568248
33.4	0.135046170354961
33.3	0.1630653841749685
44.0	0.1978544129559163
34.9	0.1404619468325343
41.4	0.1307664178177653
39.1	0.1249270126141619
35.2	0.1344763612751615
31.8	0.1546396702813012
44.2	0.2442945561155077
33.1	0.12626913719985
29.0	0.1459713502826818
34.5	0.1305885686257186
42.6	0.2716591035938751
35.4	0.1246244193862297
35.8	0.1345890941527194
34.8	0.1361727560937581
40.0	0.1260623181769206
46.8	0.211920064511664
43.9	0.2431371698097854
39.5	0.1615859657824297
41.6	0.2693248717256278
38.6	0.128011856724338
44.8	0.1943579525736016
35.5	0.1341157460560445
36.9	0.1400532161780857
34.7	0.1359708142662306
44.6	0.204875198559244
35.3	0.1265546234764488
39.1	0.1260113707569806
42.7	0.2705331799002685
46.5	0.2094169431717241
30.5	0.1453183818989384
37.5	0.1398011438749808
30.6	0.1327455523701056
34.5	0.1300198749753367
44.2	0.1899439746601858
33.1	0.1314994079285785
35.9	0.1303371311548682
38.0	0.1271038440523581
43.9	0.2330374504211303
36.4	0.1581477838697526
35.2	0.1440230047464297
35.3	0.1434386463140456
31.9	0.1552192883572271
35.6	0.1398127773644245
36.7	0.1588578715105449
33.6	0.1307339449541284
31.4	0.1563292774993028
33.3	0.1629732784370711
33.0	0.1333896536148525
40.3	0.128576606932588
29.1	0.1497393678636439
31.2	0.1515418116176973
34.7	0.1269676592531
33.4	0.127786555402611
32.1	0.1246525671233263
36.8	0.1582709930441361
35.9	0.1430721345315227
31.4	0.136462433599572
44.5	0.2028776581608861
32.2	0.1367129483775147
44.4	0.184676634185897
33.1	0.1390421964510269
44.1	0.2487929130261309
39.8	0.1621269505436084
38.0	0.1609462780898876
39.5	0.134824257608135
33.5	0.1465501817165222
44.2	0.1906977743097067
33.6	0.126896525919967
41.4	0.2689378130217029
32.9	0.1391695572530984
34.3	0.1610535200051593
46.0	0.2068574682517395
34.7	0.1375365828524319
35.6	0.1392756727808274
35.2	0.1253883010442524
40.2	0.1254085367447283
33.3	0.139687638946192
31.2	0.1471189622230415
44.5	0.1926438614291926
34.5	0.1275780332270515
36.4	0.1438563327032136
35.1	0.1585918511234391
37.9	0.1619786400579028
41.8	0.1623970443323585
47.0	0.2104366019914249
44.8	0.1865455675092377
34.5	0.138367629500278
43.9	0.1939591000913191
44.1	0.2425320347700937
34.7	0.1266429419196021
38.4	0.1404683610787604
39.3	0.1264446482355785
35.7	0.1401739519534636
33.2	0.1445354999473554
35.3	0.1258610941932102
40.6	0.1325727900637651
35.5	0.1593900795490168
40.2	0.1289467583737111
36.2	0.1414792183256582
44.1	0.2437772511587757
35.1	0.1369708111726761
33.4	0.1384507765877564
32.6	0.1371321362491121
34.0	0.1618219342938444
33.1	0.146680092762114
33.7	0.1316467366879943
33.6	0.1610383110108727
33.3	0.1352706203777851
44.1	0.2498204122230204
34.9	0.1290255974947377
38.5	0.1403360040781497
39.5	0.1622183699464798
33.5	0.1264481992964018
34.0	0.1452207132951304
33.7	0.1341296816703188
35.8	0.1409319849741427
32.3	0.1571800555966079
36.8	0.1584964866586233
44.0	0.1905727109712764
38.8	0.1396074205667355
40.4	0.1288406064094304
33.0	0.1322726946978306
40.4	0.1301789979551273
46.5	0.2089152613969946
41.4	0.1622757017550756
32.4	0.1536295029887022
39.2	0.1613354636407606
44.3	0.1774649540188192
44.7	0.2025698658874653
39.8	0.1630567015762191
43.3	0.2081409688569294
39.7	0.1247959966869422
34.9	0.1289483007388436
31.4	0.1593950464156282
45.8	0.2073938830680737
33.0	0.1463797825685144
31.5	0.1689612786710477
46.2	0.20829398541112
