31.21	0.1634677148244611
26.96	0.2192022652085349
39.73	0.1789547994403239
27.98	0.1941625441696112
27.69	0.2141110421286031
26.84	0.2276373405600087
39.09	0.1916753015699232
34.59	0.1549102395840781
34.11	0.1560983978004872
34.88	0.1724213273980504
32.6	0.1701225259189444
33.97	0.1616084726129406
31.8	0.1807419009339982
33.95	0.1578012202188213
36.55	0.1571745349678872
31.78	0.1624874631161242
26.46	0.2299908874964165
31.5	0.162263799587215
26.6	0.2291511115851708
29.61	0.1953014620301617
26.63	0.2231284561869462
37.84	0.1709281009611986
26.98	0.2167057307260212
34.0	0.1538684020245842
31.33	0.1667664580155511
31.58	0.160065680703754
27.33	0.2190140873792744
38.76	0.1810953007294033
34.14	0.1659649493455668
25.65	0.2967726344391823
31.57	0.1815952892256767
30.13	0.1957984593496456
30.74	0.1578103582578031
38.17	0.1708228683325529
31.11	0.1598708858965437
30.29	0.1578685202802974
28.92	0.2014177904732843
27.9	0.2042186594978468
29.95	0.1641870200518386
31.19	0.1822523262178434
37.89	0.1707429230577378
30.17	0.1597024089899737
32.95	0.1551022724557337
31.89	0.1864056705628315
34.36	0.1528468190248752
30.86	0.1932304507605712
37.41	0.1751123411600154
29.85	0.1641995136052861
31.97	0.1580445270281788
26.18	0.2405551556761345
26.42	0.2383445622806948
28.41	0.2037847395870543
31.92	0.1605169903178362
25.56	0.2959629170484557
33.52	0.1572463008222297
28.3	0.1991154057113515
27.32	0.2185959855729038
35.92	0.1558687421119057
34.07	0.1652291981882968
33.46	0.1546100514729054
26.47	0.2361688753863077
37.58	0.1701885261252262
35.52	0.1569013323035334
33.15	0.1728732578998206
36.02	0.1679770120975148
32.59	0.1706202709780832
31.74	0.1817984764971821
31.86	0.1861753115347748
33.42	0.1568239802073849
25.9	0.2838724860388494
38.47	0.1731579543117508
30.08	0.1920913167549938
36.23	0.1697907116257484
33.42	0.1682950397251449
40.72	0.1827066174211157
30.26	0.1941102270522025
32.09	0.1595837802688838
38.78	0.1749021866497189
36.11	0.1659922070693014
26.46	0.2367558647917153
31.71	0.154644058369039
38.87	0.1755432580555733
27.03	0.2134819272293366
26.89	0.2225773860330621
25.63	0.2949935132394534
36.29	0.1553818221658762
34.91	0.1738857063015229
27.11	0.2138354936471124
31.52	0.1664915806104028
27.52	0.2164018059699824
39.14	0.1770506419081617
30.94	0.1855161190797394
31.72	0.1615321327360819
30.57	0.1983500297843288
25.9	0.2806940119557199
31.89	0.1544274057846778
31.09	0.1623498292403755
28.64	0.2041628181327676
33.16	0.1542276163186783
35.44	0.1541887485677671
31.71	0.1644730042519234
31.85	0.1885329179084259
35.86	0.1556401204285299
29.37	0.1952725280092441
29.15	0.1973501857087422
34.51	0.155551972113194
33.81	0.1513308523616468
37.53	0.1659562466132284
35.56	0.1524935669648327
35.55	0.1664709894285574
33.73	0.1495381291748404
31.84	0.162942024097863
27.96	0.1956648297301116
26.07	0.2740757857124742
31.79	0.1462728824076946
29.42	0.1968953291845661
27.57	0.2170358590722781
27.33	0.2054702359693348
31.55	0.1640284455937613
26.48	0.2339147073926561
29.55	0.1956511047448082
33.46	0.1744321546000831
35.05	0.1566682953700217
34.11	0.1567280665442328
30.51	0.158585434776372
36.18	0.1556584856886413
32.48	0.1584775206927953
33.09	0.16910034061797
35.38	0.1522497297547462
26.39	0.233648868933566
30.52	0.193866246866072
27.62	0.2166021935841786
37.35	0.1681433012944259
31.59	0.1635459369734161
32.79	0.155613436412613
25.78	0.2970166343309691
30.99	0.1852399150743099
25.88	0.2811944052512116
26.42	0.2453519716163951
32.66	0.1549652748777714
25.95	0.2830502880460874
25.85	0.2939594596482405
26.6	0.228477883573289
40.39	0.1820142709911411
34.73	0.1522324984545346
28.31	0.1976985896738893
32.13	0.1605718944500785
33.42	0.1707331213145166
34.94	0.1515899367856458
32.29	0.1572272520932109
32.45	0.170782690150455
30.11	0.1936957605985037
35.51	0.1572628490395083
28.55	0.2059564469636412
27.21	0.210591330528863
32.02	0.1618571664030346
32.96	0.1700914679518734
30.72	0.1579012206600067
26.77	0.2323258029959576
26.23	0.275917448702325
30.05	0.1612997925760514
26.11	0.2691438369510152
31.68	0.1647806661541061
36.3	0.1693935783100984
34.32	0.1572087213659522
30.24	0.1608698118924347
27.22	0.2133966211607018
34.59	0.1557906460120927
34.45	0.1680336487907465
27.64	0.2153662855518876
27.4	0.2162494290160494
33.36	0.1555290515826895
33.98	0.1520457476997162
25.97	0.2818939937024165
31.32	0.1635266898805028
33.05	0.1547528160072508
27.84	0.2093602112709993
31.86	0.1782056298478606
28.1	0.1981020716537557
32.06	0.1713749481015768
28.36	0.2025249556113752
25.63	0.2965980169370649
34.26	0.1479319580696293
36.07	0.1563174770532883
25.67	0.2977888430547759
31.71	0.1563525734688096
31.73	0.1493241650469459
38.12	0.1728511290078681
34.13	0.1529725486940854
30.7	0.1956435851459736
34.5	0.156514680255522
38.8	0.1756016921133614
32.84	0.155550600886681
32.08	0.1718932775828169
25.66	0.2973961380924517
29.66	0.1946274086498972
25.79	0.2825091633567897
26.87	0.2212344991751256
31.48	0.1801629785739374
25.65	0.296652033638335
30.32	0.1973283386559616
33.54	0.1499904888719802
29.48	0.1936488490358344
31.26	0.1809413284004049
37.22	0.1687177326397969
31.07	0.1899324292981615
27.03	0.2181427659537761
31.05	0.1854820296081601
37.58	0.1700055998276976
32.4	0.1553273123814299
32.76	0.1556724879911044
35.45	0.1579689386014323
31.86	0.1793184255934337
37.26	0.1752482139802136
33.51	0.1742325446604152
28.62	0.2065761498918577
30.3	0.16128666931483
36.02	0.1556839292003618
33.85	0.1566548881036513
31.96	0.1574637028118421
26.23	0.2511900363281345
30.81	0.1985596326350166
32.96	0.1553157924722162
32.52	0.1597965647210118
33.44	0.1695580010004092
26.38	0.2439863273105862
32.74	0.1559001659590059
30.17	0.1593138109732997
27.2	0.2028060838801366
37.63	0.1696743658458926
27.33	0.2055823316493428
28.57	0.2048710687493638
32.22	0.1694433207828982
25.95	0.2820280849249139
26.63	0.2244606372338905
33.87	0.1497733788238725
32.93	0.172705120395011
27.83	0.211529401544337
27.82	0.1938503446283379
35.46	0.159619321657958
25.76	0.2939630569861634
32.5	0.1555881144109722
32.27	0.1615195977977239
35.21	0.153664113055488
36.68	0.1655855904947198
36.5	0.167442412344334
33.89	0.1537609915007225
35.78	0.1676560156616712
34.65	0.151756196035845
38.01	0.1715302673194818
30.06	0.1616569267789618
25.81	0.2929763954200413
27.79	0.2061691069991955
31.42	0.1672970641455443
38.88	0.175960332339731
34.63	0.1562565690015117
28.21	0.1984034543652112
34.65	0.1488902665840049
26.02	0.2756005672621009
37.16	0.1665326496555134
36.14	0.1609137796921754
27.49	0.2198914872972812
31.61	0.1645133662810288
25.58	0.2973229224762967
25.93	0.2751705202312138
33.51	0.1550184830396025
30.13	0.1614263303650699
30.6	0.196381239925838
29.22	0.1965223974308519
27.19	0.2082989571068594
27.46	0.2173229212926755
26.14	0.2621705910725248
33.34	0.1708776945608896
32.86	0.1709768643383064
31.29	0.1804070161837387
35.7	0.1540984512996315
33.8	0.1665403928459164
28.38	0.1993028345356954
33.13	0.1579940136728384
33.12	0.1571660400634436
36.86	0.1694979082146089
31.48	0.1959773731400927
31.73	0.1559797835010285
38.53	0.1783186005281493
33.98	0.1479714014329862
29.75	0.1678719689905116
31.49	0.1657533607169529
27.51	0.2182038307172368
29.94	0.1940552493270092
32.02	0.1630138413066848
25.63	0.2971960788825735
27.76	0.2155576831019626
27.05	0.2146953854574064
33.57	0.1589346076491546
27.35	0.2023566139904961
33.78	0.1514041840135764
26.99	0.2167072010753484
35.54	0.1531781595839047
36.64	0.1584262833334199
25.64	0.2961106352339453
34.91	0.1584478017734112
35.08	0.1520729778581111
31.62	0.1866931721368007
27.74	0.1960656509915293
30.02	0.1606805744563801
27.23	0.212796741868067
32.17	0.1586370798612792
35.91	0.1535521925623049
36.04	0.1549823405906001
25.64	0.2979824370418753
32.5	0.1578026233525634
34.07	0.1519406021307545
25.69	0.2963756814536194
32.57	0.1696018808272634
32.85	0.1545221706105869
32.85	0.1726241255758402
32.38	0.1574841377167492
31.77	0.1897796854974876
33.97	0.1552081405870976
25.7	0.2923725941593727
31.94	0.1837873397982554
25.95	0.2792490106709422
33.21	0.1722310226649882
29.57	0.1955259096529527
36.52	0.1690803240864946
34.65	0.1526669204116286
36.75	0.1585833521317392
29.45	0.1957215369034981
35.47	0.1648426298098394
27.51	0.2167416759060021
36.84	0.1639259683686669
33.65	0.1529101337046488
30.55	0.1592394795147333
31.5	0.1657744272636302
31.28	0.180568443661311
26.32	0.2458387090792043
35.9	0.1711795596640736
32.61	0.1567471668715689
34.56	0.1662391103733669
27.32	0.2052005918739709
25.86	0.2853467252403777
37.71	0.1636542482417791
30.78	0.1591368964939097
34.46	0.1488778636352093
31.34	0.1791090721671246
34.1	0.1578967766940119
28.46	0.205391585179869
27.79	0.2139781384564425
33.85	0.1523662852697458
33.13	0.1704466552239386
35.2	0.1588851849781755
30.56	0.1953441187177456
31.1	0.1886829252435942
31.15	0.1923670247991834
31.54	0.1877628872309723
33.23	0.1551917486967858
31.76	0.1475557982133275
34.84	0.1736295226598373
32.01	0.1761800648108382
32.2	0.1713689555158116
32.74	0.1572957020165953
31.69	0.1556598660757298
30.54	0.1573402232765704
32.27	0.1557234940815543
33.33	0.1546910435845444
32.37	0.1583680375945782
34.35	0.1685430411847716
32.39	0.1732641881078419
32.23	0.1594295701379481
35.63	0.1664307491289199
31.07	0.1942396594026786
35.52	0.1657025027125145
30.9	0.1943145410600865
26.35	0.2539693240284324
32.38	0.1567014765772529
25.86	0.2932561845826932
37.6	0.1773674219669846
31.6	0.1574870803482304
28.14	0.1962498707446258
26.17	0.2675990318168237
31.89	0.1586644324114722
34.88	0.1503748698197301
26.06	0.2749320949289874
30.73	0.1571612739377301
27.87	0.1958105924322346
28.01	0.1941986013986013
33.71	0.1504216240648232
36.03	0.1600191816896142
29.14	0.1954945738536694
34.07	0.1482341176971192
35.87	0.1584974171655823
35.23	0.1590666760511003
33.7	0.1744251504785
31.18	0.1818709486935165
30.72	0.1591268423806173
35.35	0.1567660572443717
39.06	0.1765267299476698
28.77	0.2068418605166132
34.27	0.15248327858137
31.26	0.1893266287402609
34.6	0.1531415092206705
32.72	0.1697964647061139
34.17	0.1474668486466021
32.27	0.1598853276718614
28.22	0.1949288377591852
34.82	0.1707495599537588
33.27	0.1564084249587395
25.55	0.2949538359164888
35.32	0.1454003240387371
31.12	0.1931171091700993
28.85	0.2042735402715186
26.28	0.2514991429606518
31.05	0.1867820324005891
25.61	0.2971926936941437
27.59	0.214630911957969
31.97	0.1838998050769609
38.32	0.1716673431866478
27.46	0.2188590089261606
33.72	0.1725703455009685
30.7	0.1576550587265608
27.33	0.2187313698580808
31.93	0.1811226089683286
35.21	0.1528376899470528
33.78	0.1676693315827725
31.48	0.1658027637035797
26.54	0.2280104365870529
29.9	0.1665491463932004
31.22	0.1923912385792944
29.52	0.193157599203333
25.57	0.2986413284788207
32.96	0.1541875114742059
32.38	0.1715273990297672
31.86	0.1578014394230135
35.97	0.1535778099208712
25.92	0.2850239868703446
33.06	0.1699698729121697
31.97	0.1713276061658441
31.78	0.182067353659832
28.06	0.1956384843619694
42.25	0.1805188130186996
27.37	0.2153268597712207
28.84	0.2056688442688453
30.94	0.1957838561328849
30.75	0.1950290270705652
37.76	0.1814772888071317
36.54	0.1624119281442331
33.36	0.1723969300158233
31.42	0.1822024637657983
35.51	0.1511866948850194
31.04	0.1916978730087873
29.84	0.1948702348740774
37.11	0.1741657348007768
34.77	0.1575569467521968
28.29	0.196701243664365
31.97	0.1627577909203369
31.84	0.1597196198003611
36.54	0.158149208180446
31.22	0.1808139318371865
31.41	0.1855454918185545
32.86	0.1724700202860591
26.7	0.2206276424700768
28.58	0.2062045840741738
31.44	0.1965556963115891
35.54	0.154549116493904
29.44	0.1965370687205653
31.96	0.1615366773760465
25.72	0.2960868458377277
31.31	0.1818622210343445
29.67	0.1943761616403861
33.64	0.158081924833342
35.67	0.1530816319116471
25.73	0.2963156177122861
28.66	0.2033991768533123
28.95	0.2016655780535597
27.19	0.2095696007944277
34.88	0.1507873031123173
36.95	0.1586054670421577
35.96	0.1611215148568167
27.83	0.2145252331406288
35.7	0.1542353579347732
26.08	0.2771453476081397
34.2	0.1667931181876469
31.47	0.1976784285147278
35.07	0.1566147930912612
27.76	0.2135419536113712
27.88	0.1964715675156282
27.16	0.2064754887689516
35.95	0.1684623483405193
33.34	0.1735200554062144
25.73	0.2789803680365526
33.87	0.1631288926832107
36.67	0.1578153552677321
35.4	0.1528035872546022
26.66	0.224093438482347
29.93	0.1948320563987532
27.24	0.2079322370033647
25.99	0.283100338252733
31.5	0.1862384112120554
26.66	0.2284001428859863
25.59	0.2975212964259339
33.0	0.1565755087483653
34.18	0.1541451624697401
33.85	0.1574718317416031
36.26	0.1545373604285921
36.96	0.1584929236049214
33.85	0.1677171398300503
25.75	0.2966893388858455
31.78	0.1798257989327117
26.28	0.2466905828637418
33.31	0.1572937033097905
26.9	0.2233939461364827
31.63	0.1622574736966747
26.32	0.2441193018974084
32.85	0.1573537646840845
31.79	0.1747311178247734
32.82	0.1577676398160932
31.91	0.186503876103432
34.62	0.1673607387548406
30.47	0.1589427554094768
31.91	0.1727459681783743
36.96	0.174091747533884
29.72	0.1934028963672519
30.1	0.1935141870876649
27.45	0.2160407488147324
26.18	0.2717774017378989
34.89	0.1563817097415507
27.9	0.1955673743991544
26.15	0.2709335630692117
25.73	0.2969310120921799
32.34	0.1729777135782088
31.5	0.1879377348054392
33.6	0.1577217719309523
28.33	0.198913811244662
31.29	0.193679161045174
35.75	0.1650227008560181
27.8	0.1945655320732867
34.66	0.1701903839208425
26.29	0.248657615105802
31.46	0.1657282075291751
42.5	0.161961741494677
31.34	0.1961297913183478
26.82	0.2329511342366416
31.95	0.17397331638014
30.24	0.1616884761502743
32.11	0.160317758325315
35.79	0.1581085244320617
37.16	0.1679929266136162
26.08	0.280445288076352
34.81	0.151872190518698
31.8	0.1785380140747671
31.92	0.1585846540596723
25.63	0.296660471555311
34.32	0.1523265251968688
35.61	0.1602434315823052
36.39	0.1616363803416712
31.63	0.1672041541404755
27.83	0.2141366924758145
26.06	0.2786335631488116
29.02	0.1990183592576163
25.62	0.295864166704499
34.25	0.1550569759557588
26.56	0.2274252998771358
34.32	0.1590711805555555
34.14	0.1675138718206531
36.23	0.1606567059237124
26.38	0.240971355767227
33.32	0.1550709169229054
33.64	0.1577613067544636
25.56	0.2962166350495631
27.68	0.2149574391726858
33.81	0.1687641980917764
31.99	0.1700006025185274
31.73	0.1563192628046524
31.95	0.159335195185292
26.62	0.2219780165322021
36.16	0.1557903997112695
32.27	0.1577032998439114
34.21	0.1577142109052824
26.16	0.2683967089415155
30.44	0.1956660259477924
35.09	0.1696484293738298
33.5	0.1738217676855222
31.34	0.184679503564227
34.36	0.1676094905471657
29.96	0.1916882897811558
36.0	0.156317216953903
40.11	0.1813274336283185
31.32	0.194738680740103
36.7	0.1581778553324752
30.3	0.15770256734164
31.79	0.1875101831808765
39.68	0.1792577290954224
32.78	0.1565852313899266
34.65	0.1541663953745784
31.8	0.1567181666224048
30.32	0.193544577737958
34.91	0.171898523243119
34.83	0.1495590088198236
26.34	0.2403683995516775
31.61	0.1619434696533307
27.03	0.2196626973809647
33.35	0.1704915946229084
25.86	0.2821668965900358
28.91	0.2017273058214161
29.17	0.1944282061729051
29.78	0.1656265250049345
36.59	0.1716211912092579
26.73	0.222119305733601
34.65	0.15237160606294
25.5	0.2960471641566309
33.87	0.1679053269962361
31.18	0.1958211784217618
27.67	0.2163984869426056
37.18	0.1648848204222926
34.44	0.1654832278148938
33.49	0.1536877369369098
31.77	0.1610384106919719
38.52	0.1648052753519871
37.64	0.1702411804928287
26.55	0.2283478120000809
31.94	0.1570579921635317
31.89	0.1668185556469359
31.09	0.1850229365336488
29.2	0.1971286975743674
28.08	0.1965186408174613
27.91	0.2026537534532777
27.01	0.2192007949300103
37.35	0.1664701287008103
26.77	0.2317687022765941
26.09	0.2781777819540041
32.72	0.1530747244792251
32.44	0.1689179565093533
33.84	0.1589093845450102
34.59	0.1671966940399842
36.26	0.1683824334684043
34.59	0.1548227770856111
29.96	0.1627475472218792
30.75	0.1958976993559071
30.24	0.1571976533486427
32.07	0.174331019142626
26.04	0.2800507255415575
37.0	0.162331173898974
37.87	0.1614573097349041
34.51	0.1510160847391133
31.25	0.1950488922636326
31.84	0.1681187625879744
31.58	0.161035743276582
31.23	0.1939506441059196
39.06	0.160228503182377
25.93	0.2862623104580272
32.52	0.1587424463429881
32.6	0.1716381174512573
29.17	0.1975552961841588
34.9	0.1519475890924579
36.19	0.1686752529898804
34.33	0.1489939676802574
34.77	0.168245631694565
31.5	0.186491920302405
30.36	0.195952693003807
26.86	0.2239551276840356
32.74	0.1696838324095005
30.44	0.1598897460177684
36.25	0.1568027236003515
30.31	0.1594179989781058
27.71	0.2142273513449036
27.98	0.1964258792917646
37.01	0.1667868072186238
29.2	0.1961790051147632
27.1	0.211622536727726
26.51	0.2378370510534551
28.83	0.2062069386013048
27.31	0.2202396021514626
32.87	0.158461700176822
32.46	0.1563632921169664
38.27	0.1719309276587118
27.55	0.2167031051442341
36.57	0.170861391694725
31.1	0.1851122370735668
27.74	0.2139885368219819
