40.9	0.0548292636848816
44.3	0.076828467882316
31.5	0.0699745396411865
41.9	0.0666588094056895
46.5	0.0761768408796804
43.7	0.0798859274397796
31.5	0.0640937197394986
34.8	0.0508129988856798
38.4	0.051397092075151
36.4	0.0591296362430488
38.4	0.0572304956902502
33.8	0.047149001874931
30.4	0.0622767494723169
39.5	0.0510405192917472
33.1	0.053894388886097
40.0	0.0539410984419558
45.4	0.0789289101398877
34.3	0.0505470740849407
45.5	0.0797244873723379
37.4	0.0632609536836232
44.3	0.0747090705444604
31.8	0.0704937888076634
44.1	0.0756269503223014
35.7	0.0475554813949607
40.9	0.0562215235986896
33.6	0.0508700575335024
43.7	0.077946695516167
31.7	0.0648574142141747
36.5	0.0561061012309096
41.0	0.1148058653139023
31.5	0.0626350584021901
36.8	0.0624922334178513
40.5	0.0524915201468202
32.0	0.0708843528840882
40.8	0.052837053324264
40.4	0.0522015825882583
39.9	0.0661314711461798
47.0	0.0716628118665033
40.5	0.0548746074803205
34.7	0.0646932055524874
31.9	0.0710221525933641
40.9	0.0532593752094846
34.5	0.0488366548228958
29.4	0.059980972150147
34.5	0.0504121846163162
34.6	0.0647624353179685
32.9	0.0641876149601471
39.5	0.0547539135128651
33.9	0.0489760983959931
44.5	0.0831295338926209
44.3	0.0832603832312031
40.4	0.067508650810829
39.8	0.0526850021696869
41.2	0.1155678434708634
39.6	0.0501601607268167
41.0	0.066735515216649
43.9	0.0779194759846753
33.0	0.0532619298643202
36.8	0.0570673101607023
35.4	0.0491500245227796
44.8	0.0828114482853932
31.1	0.0707224002148402
35.7	0.0537354478991406
36.3	0.0584306177309334
34.4	0.0599856544993476
38.2	0.0573840721179444
28.8	0.061509292817252
29.4	0.0615434448133452
39.5	0.0500800878382742
43.9	0.107318033953441
31.5	0.0700008840679425
36.6	0.061097925120588
33.7	0.0610938030354458
34.8	0.0539854058591816
31.5	0.0701034442868189
37.0	0.0620887215152178
34.0	0.0496778434881284
31.2	0.0698760194056582
34.1	0.0602213267576832
45.1	0.0817025428074695
32.6	0.047248329821042
31.5	0.0709452765072078
44.1	0.0740329905150157
44.9	0.0772769301229667
42.9	0.1134596803068426
33.2	0.0529737071892888
36.4	0.0589553169906098
44.3	0.0746442812172088
40.1	0.0566138033102961
44.3	0.0758870636017654
31.2	0.0704358692770856
32.5	0.0662960589554629
30.4	0.0401560010682481
35.3	0.063019365883234
44.0	0.1077817844852024
32.6	0.0479198819338547
40.6	0.0549579330994025
40.3	0.0673563053017768
35.4	0.0487571144782909
34.1	0.0527773615262672
39.8	0.0549777520008209
29.0	0.0629429598249242
33.2	0.0529051947146277
37.4	0.0646013742670907
38.9	0.0638496055240575
35.1	0.0505552691125044
35.9	0.0514290877567001
32.2	0.0698955016266798
32.1	0.0521399877667752
32.8	0.0584485923459477
34.0	0.049963187418011
39.4	0.0533980876794986
42.1	0.0658518035636679
42.9	0.1012299554459101
31.8	0.04002747435812
37.1	0.0639408900971945
44.6	0.0767317728632621
43.0	0.071734657278236
34.6	0.050842444756374
45.0	0.0814863362921835
37.6	0.0630333341169279
35.7	0.0587630041157201
37.1	0.0536395061136705
38.6	0.0509515030859406
40.5	0.0526024755311863
33.1	0.0533838260444661
35.2	0.0497761006001191
37.7	0.0579218781161856
33.7	0.0521779367902906
44.9	0.0816348801502404
36.1	0.0638791626007593
44.3	0.0757572613723521
31.4	0.0704918911961558
31.5	0.0499445516901466
39.2	0.0510524455644851
42.6	0.1136096463676244
33.4	0.066616925382007
43.7	0.1038745895942675
44.9	0.0839847545413796
34.8	0.0493440449654353
43.9	0.1033267053477072
44.1	0.1103343341901388
44.5	0.0772417745742789
31.3	0.0696292895851731
33.5	0.0496634182671432
40.9	0.065978343694731
35.2	0.050316551778425
33.0	0.0592572234304423
33.3	0.0500790644934858
38.3	0.0506961061693004
38.5	0.0578305073043308
36.5	0.0618607183136377
26.4	0.0729282578016793
40.4	0.0683096867122794
44.5	0.0727864265251282
39.2	0.0535616507718195
38.7	0.0581993805805783
40.4	0.0520817119258464
44.0	0.0802570960634374
43.0	0.101690315156384
41.3	0.0541945591458714
43.5	0.0983556327239301
39.7	0.0551136585265119
33.5	0.0616616656971889
38.4	0.0515812865523884
41.1	0.0530633274344212
44.4	0.0737470540271867
38.4	0.050847439808996
35.5	0.0580667422487307
46.1	0.0754351213396615
44.6	0.0762849038690697
39.5	0.0505644616860527
35.8	0.0511071617272683
43.7	0.1065578886362623
40.5	0.0555527189749622
35.1	0.0484599661893514
46.8	0.0732983372995505
30.3	0.0609585752324414
40.8	0.0666219471293106
37.1	0.0596034800066923
40.3	0.0673860951643405
42.5	0.1129301105773474
33.7	0.0646873861434034
33.8	0.0532706515863004
42.7	0.1142326191517271
33.0	0.0491908811441952
32.5	0.0442316029538739
31.6	0.0705978343814447
35.4	0.0511897365345641
35.4	0.0629882717439975
38.6	0.0514884854529805
31.1	0.0696808164109953
34.3	0.0490138341420411
36.5	0.0592969175995124
41.8	0.1151167612057756
37.5	0.0626683208763276
44.0	0.1085900647179239
44.9	0.0781799914046438
30.2	0.0623519002224148
42.6	0.1134735893904563
36.7	0.062753935838209
35.2	0.0513293770220449
37.1	0.0623533122845806
33.4	0.0640513862679634
31.4	0.0706583970446448
33.1	0.0665130166876549
44.5	0.0764965469811158
33.0	0.0656312103836375
31.5	0.0710492353358714
35.2	0.0493869436815554
34.9	0.0489045851789776
36.4	0.0538342231228082
29.3	0.0617188051691264
33.3	0.0638287437777396
36.5	0.0589120855017846
40.3	0.0691332089519758
41.0	0.0529176477762038
33.3	0.0528150583643746
39.0	0.0502293356856078
34.6	0.0498635313877808
44.0	0.0881117878135134
35.5	0.0641880958193989
34.8	0.049107772538226
35.1	0.04993355040202
36.3	0.0585740443182242
45.0	0.0858936917402829
39.3	0.0495071969478004
40.7	0.0528625266262493
42.6	0.0721791141286776
31.7	0.070669521621057
42.5	0.0720699877865716
40.1	0.068263017429038
38.3	0.0590998694349863
43.9	0.106119776234385
44.3	0.0769851167404168
35.1	0.0664156756290934
35.5	0.0574722225530242
47.1	0.0754325861887744
42.4	0.065859299124845
36.1	0.0541745169089586
43.5	0.1123569920370958
39.0	0.0493612046514849
35.3	0.0507891729268964
29.5	0.066496305760791
35.1	0.0562588208012985
33.0	0.0616715064888394
34.3	0.0505404983047853
33.2	0.0610635324249943
33.1	0.0509182492256671
31.8	0.070638884375104
40.6	0.054380831930377
44.0	0.1098915571746826
47.1	0.0740355563132819
40.5	0.0576282471523395
31.1	0.0698419628045053
38.3	0.0507709265321981
41.2	0.0662039112367615
32.0	0.0650231142943739
43.2	0.0995879158515401
32.2	0.0706600187838408
34.7	0.0549583936324167
44.3	0.0773206960769595
39.9	0.0556838308460533
41.2	0.1157664133634558
43.6	0.101243714679838
34.8	0.0500470724916371
40.6	0.0537105738189046
35.4	0.0628429483433845
37.1	0.0629349263141663
44.5	0.0729872457773181
44.6	0.0766396216349637
44.3	0.0962675820584624
32.9	0.0590548929913412
38.9	0.0578043025676613
31.7	0.0632529259759716
33.9	0.0519198228762406
32.8	0.057660664389941
40.5	0.0679998306495999
39.5	0.0500599974970369
39.5	0.0503598983940557
33.4	0.0633207447160935
32.4	0.0669406247710231
30.0	0.0365135355484933
32.3	0.0650981641461936
34.5	0.0653200010751821
39.7	0.0560540450664719
40.5	0.0560572079980245
45.1	0.0766242816433585
37.0	0.0630256871331122
39.5	0.0524273012712694
41.5	0.1149206845083133
46.5	0.0759592606041742
43.9	0.0752304994626393
39.5	0.0507874647532152
42.6	0.0716874169311308
33.7	0.0505304164202003
44.2	0.07559157821591
33.6	0.0523427256739262
32.2	0.0539778982658002
42.8	0.1111261928365574
37.2	0.0538908843163386
30.4	0.0661602382715172
30.4	0.065449326210031
42.1	0.0670713769956943
41.5	0.0535193241082476
44.5	0.0735382810727664
38.7	0.0515475053264827
33.5	0.0530071191572979
33.9	0.05248879285437
43.2	0.1125084567568013
34.8	0.0493768962057753
35.6	0.0510493952241411
42.3	0.1135422597889359
38.4	0.0583656968230725
34.5	0.0483497757336388
39.1	0.0584435558289757
35.5	0.0501402307118546
29.0	0.0609306996986943
35.3	0.0512493704923041
43.8	0.1097723928606033
29.4	0.0597605086383141
44.0	0.1048295880204829
34.9	0.0582729400004543
37.4	0.0634875813302272
33.0	0.0615700743077179
33.3	0.0505680007910262
32.4	0.053679673226118
36.8	0.0628725651255573
33.0	0.0590921383844057
44.8	0.0768726721992983
35.2	0.0557371329574346
35.7	0.0513167466704536
40.7	0.0524654221833305
34.6	0.0514214516474949
32.5	0.0633033561613442
44.8	0.0853226539600934
33.5	0.0607289581797113
35.0	0.0495319037240896
35.6	0.0578534196537625
43.3	0.0729342808518967
44.0	0.1078686865194005
34.0	0.0554567400885902
39.9	0.052854406198608
33.4	0.0652381037985151
31.3	0.0632909708656689
39.1	0.0505158527058696
40.2	0.0687424802245906
47.0	0.0757610646327623
33.6	0.0504762507945052
36.8	0.0580518159006515
36.7	0.0537246183956834
35.7	0.0634754244764155
32.8	0.0664274100470931
34.1	0.0673818873729808
30.4	0.0652284052842116
35.5	0.0496765120562957
31.6	0.0340853272205651
36.6	0.0594930468652657
31.3	0.0608317266021615
38.4	0.0584349313179235
35.0	0.0483797278665689
30.3	0.0388295134578703
40.3	0.0529104080546801
38.5	0.0503975468185302
35.0	0.0490518486645972
38.4	0.0503023793233784
35.6	0.0567407415155619
37.8	0.0590369191207983
38.7	0.0508578480961437
32.9	0.0603501518837364
34.8	0.0655732065974511
32.3	0.0601744450509461
35.5	0.0639624132287375
44.1	0.0890276839071094
35.9	0.0502639733731206
43.3	0.1112290947703742
32.8	0.0631182723069271
31.1	0.0431403901503038
40.9	0.0664815849130991
44.1	0.0966178282165637
33.9	0.0491685159125351
33.4	0.0500337131369374
43.4	0.1021423201857435
39.8	0.0515186195967954
42.3	0.0662419156041206
42.1	0.0665901796080038
36.0	0.0507824207138821
34.5	0.0539235212109141
38.5	0.0639579139672175
33.9	0.0649268409410583
35.1	0.0542013076630688
36.5	0.0533357579231702
31.5	0.0583072201844519
34.9	0.0650079300664934
40.0	0.0516966442296152
36.7	0.0540200160712981
31.1	0.0704919758936147
39.9	0.0677977617253955
35.2	0.0504053174112661
35.4	0.0666166457467024
34.1	0.0492245991261645
38.3	0.0578242986845958
33.6	0.0648606587724417
38.8	0.05097925212916
41.2	0.064785646176166
35.9	0.0578293736501079
39.3	0.0495953665503014
42.0	0.1144831134262171
33.3	0.0498561029287286
34.9	0.067564036613347
40.0	0.0675536718860512
43.9	0.089234433190723
31.5	0.0669142730982615
42.6	0.112822169945454
46.1	0.0756412162664486
30.5	0.0629164952694364
31.7	0.0705843244441161
44.7	0.0774091342671569
30.4	0.059968518758925
40.2	0.0522634880685619
43.8	0.0776930911138343
32.1	0.0607923497267759
33.5	0.052627398226875
33.5	0.0563101771380583
39.9	0.0552137047578005
45.1	0.0787954442896662
39.5	0.0550041356492969
33.3	0.0657410381932266
37.7	0.0626801795108033
42.3	0.114178796466995
35.0	0.0489647553544064
38.1	0.0580076570914584
34.0	0.0496359060402684
33.6	0.0527194208582813
44.0	0.1076916841517822
38.3	0.0583754026086757
35.2	0.0591827096077725
30.9	0.0621596135711948
42.0	0.0660230262889361
31.5	0.0679153305325335
44.5	0.0759277965325212
39.7	0.0668062252921499
35.2	0.0647251857429005
35.5	0.0634424246478363
32.9	0.0647828721220664
34.8	0.0562206120607311
33.7	0.0577299759286354
31.8	0.0633826309351718
33.7	0.0521531091961286
32.3	0.0674224807876833
37.0	0.0632314282486634
33.7	0.0627068460300855
37.8	0.0525711008712322
40.6	0.0667755694198819
40.0	0.0543211868262472
33.9	0.0497483994824217
32.9	0.0536055486445088
33.8	0.0638441331968803
31.7	0.0649425086499143
38.9	0.0573906093163314
44.5	0.075373292575129
40.6	0.0687066428647157
33.2	0.067012094967896
34.1	0.0523337134987411
37.2	0.063301490432682
39.2	0.0533406821499979
42.5	0.1136810318353976
31.5	0.064043468819709
37.2	0.0626394485330846
39.2	0.0498986139001812
33.9	0.0519698741129448
43.2	0.1119802311751596
40.2	0.0689646095349517
40.2	0.0666413580807288
44.6	0.0734894744638477
30.8	0.0654254040503373
32.2	0.0533575116297829
34.8	0.0535591049402482
46.5	0.076076241985432
33.7	0.0531520810740779
43.6	0.1020307551757657
36.1	0.0563519274279387
32.8	0.0670544669495209
36.8	0.0532053781609693
46.4	0.0755858785038164
41.5	0.0662430440055675
44.3	0.0726456048094436
34.1	0.0606958663690246
33.0	0.0593819195033319
43.9	0.107635394623403
32.3	0.0556007846355034
32.3	0.0531550226731227
28.2	0.0693208827176324
44.2	0.0773250013128183
36.8	0.0638852110724512
43.9	0.0735361761079553
44.1	0.1078500790672425
32.0	0.0646167919559139
44.5	0.0787334820490761
42.8	0.1137566425943589
39.5	0.0499662683521246
35.4	0.0503287591790032
39.5	0.0513408183783747
33.3	0.0530732163326173
32.3	0.0534163407612443
33.2	0.0575202243495035
43.1	0.1131186604488182
31.0	0.061904259805989
44.6	0.0880955895532617
39.5	0.0505709885418863
44.4	0.0776553965471632
32.9	0.049775836808493
44.8	0.0856497392017056
39.5	0.0498160454869341
29.7	0.0600391015731563
39.4	0.0495225926072756
29.0	0.0612673415823022
35.9	0.0573474186642333
40.6	0.0525368883834364
34.5	0.0590990724111754
33.7	0.0638888721196278
37.4	0.0626540015205503
36.4	0.0615048075798946
44.6	0.0765239319695709
43.2	0.0993881433492724
37.5	0.0526674423447281
42.0	0.0664040258338801
43.2	0.0994513626482052
43.0	0.112054805016929
37.7	0.0585689282729695
30.2	0.065679012345679
39.2	0.0508830834230622
40.6	0.067028393001406
31.2	0.0657493220584256
33.0	0.0612658819646884
42.3	0.0666266571217886
35.9	0.0583104157058344
44.1	0.0877268011436083
40.6	0.0558985377418855
33.4	0.0549971889284521
33.3	0.0663621105385088
44.0	0.081579281752446
34.9	0.059100562148657
41.4	0.0533624045952058
39.1	0.0518760600670169
35.2	0.0540081139093414
31.8	0.0696762025984508
44.2	0.103050184885668
33.1	0.0505981424333674
29.0	0.0620380935662248
34.5	0.0494444817884133
42.6	0.1137650751198774
35.4	0.0512484029684399
35.8	0.0543926383417628
34.8	0.0558999703055648
40.0	0.0562354066286716
46.8	0.0761764578697189
43.9	0.1022249082910511
39.5	0.0641129918663442
41.6	0.1146617026585934
38.6	0.0503255936328356
44.8	0.0788127950380769
35.5	0.0554817101889162
36.9	0.0567850546047828
34.7	0.0550154760430852
44.6	0.0837185360580635
35.3	0.0493141709994708
39.1	0.0507455295495845
42.7	0.1146246741501303
46.5	0.0756442859675198
30.5	0.0538032445710581
37.5	0.0583674663545933
30.6	0.0423535430641048
34.5	0.0490480391290354
44.2	0.0764491045621854
33.1	0.0532953109745592
35.9	0.0505634140493886
38.0	0.0505097665555026
43.9	0.0981206842226126
36.4	0.0624857260311515
35.2	0.0588199965056346
35.3	0.0586686147159572
31.9	0.0648278624616419
35.6	0.0570372573644435
36.7	0.0612533334708846
33.6	0.0533238386461693
31.4	0.0700608462533953
33.3	0.0651663961519779
33.0	0.0533266033425977
40.3	0.0520638632470637
29.1	0.0617520447696943
31.2	0.0704885568896799
34.7	0.0487827418142952
33.4	0.0501288888265313
32.1	0.0377704017397276
36.8	0.0623107844567971
35.9	0.0594551932279884
31.4	0.0659861701917737
44.5	0.0826236199074297
32.2	0.0496800334686541
44.4	0.0779380002177038
33.1	0.0573558297202132
44.1	0.10665620777247
39.8	0.0662250187714209
38.0	0.0639099020600766
39.5	0.0557543354582219
33.5	0.0617151734121053
44.2	0.0778525428829371
33.6	0.0498948170946928
41.4	0.1162761430352554
32.9	0.0568382627662045
34.3	0.0650372957595869
46.0	0.0760844547697309
34.7	0.0554251950008504
35.6	0.057304677157559
35.2	0.0491161376164227
40.2	0.0535941986212313
33.3	0.0569909281943519
31.2	0.0708193134330256
44.5	0.0772570099257092
34.5	0.0497457785342428
36.4	0.056222614237751
35.1	0.0662291199902011
37.9	0.0634026376682738
41.8	0.0652661696751786
47.0	0.0721227268968178
44.8	0.0769060976204058
34.5	0.0557521118377892
43.9	0.0799412535877064
44.1	0.1028231359154109
34.7	0.0480427475271893
38.4	0.0584589010195795
39.3	0.050607042451661
35.7	0.0574720325439488
33.2	0.0614509563374783
35.3	0.0511781248206508
40.6	0.0545878459687124
35.5	0.0636992089550171
40.2	0.0523041053947386
36.2	0.0576745413752144
44.1	0.1030722692930769
35.1	0.056644681278906
33.4	0.0553386704308112
32.6	0.0666895465110837
34.0	0.0642661036075338
33.1	0.059339295067021
33.7	0.0463841511522717
33.6	0.064474802519748
33.3	0.0540018522038394
44.1	0.1068406205923836
34.9	0.0490757153709799
38.5	0.0575927205974005
39.5	0.0655964549351938
33.5	0.0500655336684352
34.0	0.0607835106324097
33.7	0.0667384679403233
35.8	0.0586364807570682
32.3	0.0654741000877963
36.8	0.0631390334809679
44.0	0.0789750224660228
38.8	0.057423628203272
40.4	0.0529375569174727
33.0	0.0529000685236335
40.4	0.0530475388251457
46.5	0.0761768743710599
41.4	0.0661792634536486
32.4	0.0704225763488095
39.2	0.0633068017566881
44.3	0.0733261532938431
44.7	0.0831073524229749
39.8	0.0671033132497539
43.3	0.0776010560854376
39.7	0.0500702241354951
34.9	0.0496454124247486
31.4	0.0696228619832929
45.8	0.0766033387769914
33.0	0.0624144538735286
31.5	0.0653684071903601
46.2	0.0764506536457963
