40.9	0.1589530587702733
44.3	0.2185354593497437
31.5	0.1748868290579866
41.9	0.191808752859937
46.5	0.2141385431452076
43.7	0.2287939721721444
31.5	0.1915342219943604
34.8	0.15416599386404
38.4	0.1545883142619702
36.4	0.171848440299536
38.4	0.1701965736319614
33.8	0.1653372008701958
30.4	0.1766320449895464
39.5	0.1564373177448968
33.1	0.1572716960364792
40.0	0.1599080902175806
45.4	0.2241685132982599
34.3	0.164966777717806
45.5	0.2306414149539477
37.4	0.1926560289621393
44.3	0.2217350400267254
31.8	0.1674284023279518
44.1	0.2153228219328106
35.7	0.161214000163172
40.9	0.1615704470461124
33.6	0.1630597014925373
43.7	0.2199879070398588
31.7	0.1796989084968938
36.5	0.1662636243150752
41.0	0.296295653833144
31.5	0.1798374997892891
36.8	0.1959555106167846
40.5	0.1570484728308866
32.0	0.1693089503632394
40.8	0.1572968676482008
40.4	0.1578952980693471
39.9	0.1982082336592525
47.0	0.2037679537110536
40.5	0.1631765876511
34.7	0.1828986207057688
31.9	0.1680323970384001
40.9	0.1599699572193658
34.5	0.15302417344343
29.4	0.1852349895784307
34.5	0.154265208866101
34.6	0.1933850574712644
32.9	0.1764308815674397
39.5	0.1639739747756621
33.9	0.1572494222532292
44.5	0.2385082258144377
44.3	0.2391590555896885
40.4	0.2029160785508044
39.8	0.159530539334548
41.2	0.295946522626167
39.6	0.1568132149080628
41.0	0.1989739768428292
43.9	0.2182934146902165
33.0	0.1569229547469988
36.8	0.1657240204429301
35.4	0.1523615240360426
44.8	0.2343611902189924
31.1	0.1662273594639361
35.7	0.1617848226748137
36.3	0.1711615577296775
34.4	0.1715848384634953
38.2	0.1696766640095655
28.8	0.1780231256993659
29.4	0.1874499003144718
39.5	0.1571694786068623
43.9	0.2812620821695788
31.5	0.170671488098089
36.6	0.1944070767600179
33.7	0.1691601896798451
34.8	0.1684500898126764
31.5	0.1790031285551763
37.0	0.1945808384769704
34.0	0.1595986384216984
31.2	0.1716199918941094
34.1	0.1694124813483924
45.1	0.2345000997600642
32.6	0.1576468710089399
31.5	0.172305392941711
44.1	0.2123634291842616
44.9	0.220298800069528
42.9	0.2951803821361553
33.2	0.1566809045439491
36.4	0.1723400765445598
44.3	0.2101904615941928
40.1	0.1631970603548492
44.3	0.2166140788707
31.2	0.1739807897545357
32.5	0.1878401811088098
30.4	0.1601899408857447
35.3	0.1967907905429769
44.0	0.2834746959851404
32.6	0.1567260123216801
40.6	0.1589960882105104
40.3	0.2038252362742665
35.4	0.1537459915848302
34.1	0.1553846442087907
39.8	0.1614005632006801
29.0	0.1849272438511396
33.2	0.1561840766852567
37.4	0.1944770823468892
38.9	0.1970079874670524
35.1	0.1542589683322575
35.9	0.1525482165235198
32.2	0.1652935968873448
32.1	0.1601327567132656
32.8	0.168879597026604
34.0	0.1498850319837647
39.4	0.1590812298494306
42.1	0.1935556300918367
42.9	0.2734487933526809
31.8	0.1597175116171445
37.1	0.194936686578024
44.6	0.2172486944573364
43.0	0.2037060182040483
34.6	0.1648185864071811
45.0	0.2314031855011737
37.6	0.1956095435232596
35.7	0.1735393592507247
37.1	0.1591071901191001
38.6	0.1560909382468968
40.5	0.1570381883815826
33.1	0.158061953251681
35.2	0.158377744436768
37.7	0.1707129116409697
33.7	0.1534860273154131
44.9	0.2345860815513513
36.1	0.194819888127306
44.3	0.2166603657238498
31.4	0.1671261948014464
31.5	0.163428248858313
39.2	0.1558596943427385
42.6	0.2967691919467836
33.4	0.1886438703255435
43.7	0.2805027535443287
44.9	0.2423789513015974
34.8	0.1547859877947891
43.9	0.282963167495513
44.1	0.2957488784265167
44.5	0.2257665206627309
31.3	0.1774067156267113
33.5	0.1536201745519718
40.9	0.1948701265345958
35.2	0.1593042018976311
33.0	0.1711975237616782
33.3	0.151720977008353
38.3	0.155767709247774
38.5	0.1697450202824775
36.5	0.193363458052983
26.4	0.160098933415852
40.4	0.2016973209533384
44.5	0.2085150836560848
39.2	0.1594713443743453
38.7	0.170572107987131
40.4	0.157067319216225
44.0	0.2282865161202321
43.0	0.2729090339838622
41.3	0.1610386563468745
43.5	0.2719137602071682
39.7	0.1612590935579074
33.5	0.1702277080229836
38.4	0.1563615177335955
41.1	0.1592937388235713
44.4	0.2120143324155952
38.4	0.1564410222495158
35.5	0.1689824798947374
46.1	0.2152231403184191
44.6	0.2184790382713231
39.5	0.1561192172770881
35.8	0.1509559402444422
43.7	0.2823974146110056
40.5	0.1611291000406473
35.1	0.1533812293305964
46.8	0.2087011271210933
30.3	0.1797894736842105
40.8	0.1952730144404332
37.1	0.1704071284890196
40.3	0.2019390180279404
42.5	0.2945769738081779
33.7	0.1516686379554256
33.8	0.1544983806148877
42.7	0.2991757277678215
33.0	0.1590760991626782
32.5	0.154339022461178
31.6	0.1698892143006318
35.4	0.1523673804227927
35.4	0.1962583862568708
38.6	0.1564705882352941
31.1	0.1734262373858721
34.3	0.1533430271988888
36.5	0.1695084861567112
41.8	0.2996712162774345
37.5	0.1923169024462128
44.0	0.2830433913217356
44.9	0.223759768700083
30.2	0.1780898298344508
42.6	0.2971940771967902
36.7	0.1949267754973492
35.2	0.1508249847470665
37.1	0.1936965553855469
33.4	0.1790183667116322
31.4	0.1670876299926655
33.1	0.1905165819707515
44.5	0.2190417791555596
33.0	0.1856175464546547
31.5	0.1676421411895842
35.2	0.156272866206641
34.9	0.1552128935170282
36.4	0.160436589832282
29.3	0.1776542109834087
33.3	0.1769831063307417
36.5	0.1709090424859012
40.3	0.2023507464924751
41.0	0.1586721887401396
33.3	0.1575615756413118
39.0	0.1568378572539983
34.6	0.1574787515737102
44.0	0.2498127821640242
35.5	0.199175995553892
34.8	0.1538006432365116
35.1	0.157750835058415
36.3	0.1714603245165592
45.0	0.2457116524028966
39.3	0.1553813155044153
40.7	0.1590460385743995
42.6	0.2032567236633942
31.7	0.1667880348146882
42.5	0.2034212634237072
40.1	0.2033581102917413
38.3	0.1688216189717507
43.9	0.2827104671718293
44.3	0.2244329496513218
35.1	0.1522989064682152
35.5	0.1719158863772502
47.1	0.2114982503631321
42.4	0.1941941805710552
36.1	0.1628806715788033
43.5	0.2942529917005566
39.0	0.1542802799642151
35.3	0.1592622580902067
29.5	0.1564683961144202
35.1	0.1653260997182216
33.0	0.1690371522007183
34.3	0.1508669854438591
33.2	0.1693584260051326
33.1	0.1541974097031887
31.8	0.1690587362019012
40.6	0.1623049235426623
44.0	0.2928019576035853
47.1	0.2064007914760199
40.5	0.1619068748376298
31.1	0.1738631607082519
38.3	0.1551214150094933
41.2	0.1971609638198766
32.0	0.1531302177941688
43.2	0.2738908778382059
32.2	0.1650495967185312
34.7	0.1630490314465114
44.3	0.2198486460874023
39.9	0.1611636973293836
41.2	0.2987502194238289
43.6	0.2774685567565422
34.8	0.1528445417748638
40.6	0.1609542488000152
35.4	0.1954715790936743
37.1	0.1963438906577528
44.5	0.2068003065824572
44.6	0.2186044229259356
44.3	0.2670518636337816
32.9	0.1689784330157861
38.9	0.1709537588461581
31.7	0.1793137011660973
33.9	0.1535183931019673
32.8	0.1668553548123339
40.5	0.1974361783718637
39.5	0.1556335348272177
39.5	0.1558577427766549
33.4	0.1722691959689245
32.4	0.1977604036280305
30.0	0.1594398604035319
32.3	0.1780567845706323
34.5	0.1508583533377401
39.7	0.1658253312396431
40.5	0.1637261192066429
45.1	0.216666485957056
37.0	0.1940762585042569
39.5	0.159755537409411
41.5	0.2964039906726214
46.5	0.2148324489350876
43.9	0.2155667486539334
39.5	0.1560372361733963
42.6	0.2010139994897433
33.7	0.1515732734418865
44.2	0.2156567652325982
33.6	0.1531503456249101
32.2	0.1593715997268713
42.8	0.2958567096750432
37.2	0.1594765183112945
30.4	0.1531192735440903
30.4	0.1882071903491659
42.1	0.1954803298137703
41.5	0.1590977058144999
44.5	0.2101689259645464
38.7	0.1576944645496402
33.5	0.1549198674297856
33.9	0.1552604354283747
43.2	0.2953682503339057
34.8	0.1562776444149343
35.6	0.1516375868697323
42.3	0.2983370394117566
38.4	0.1717460775511949
34.5	0.1534275416279623
39.1	0.1711647299656812
35.5	0.1586722916917472
29.0	0.1821155943293348
35.3	0.1516801563074842
43.8	0.2939379972718427
29.4	0.1872720557684317
44.0	0.2799052216400777
34.9	0.1719714443265165
37.4	0.1926990363254188
33.0	0.1708965679511448
33.3	0.1516425259155011
32.4	0.1592395939636854
36.8	0.1933287950987066
33.0	0.1666815462905097
44.8	0.2165540769909701
35.2	0.1664608768035516
35.7	0.1531110261800114
40.7	0.1574518562342848
34.6	0.1651034212937699
32.5	0.1808537788231399
44.8	0.2456838436853628
33.5	0.1717242852130759
35.0	0.1555049084860229
35.6	0.1674403621700289
43.3	0.2039559466308028
44.0	0.2839919748768033
34.0	0.165204105097078
39.9	0.1576545049565182
33.4	0.154272594915444
31.3	0.1790317339976172
39.1	0.1567274881516587
40.2	0.2016098707403055
47.0	0.214081133709069
33.6	0.1513333519911476
36.8	0.17047223663726
36.7	0.1600644242139002
35.7	0.1943728863870072
32.8	0.1905578782753008
34.1	0.192437836844684
30.4	0.1874415227658889
35.5	0.1526962978902661
31.6	0.157808174118034
36.6	0.1727492170108872
31.3	0.1749830150222691
38.4	0.1686551967208834
35.0	0.1559652977598958
30.3	0.1597862689054237
40.3	0.1560797503113391
38.5	0.154232182548889
35.0	0.15328143810356
38.4	0.1549013741134751
35.6	0.1662930068121065
37.8	0.1717680116487563
38.7	0.1580146788047992
32.9	0.1684096831710327
34.8	0.1948413472013577
32.3	0.1675546664040675
35.5	0.1946019883899379
44.1	0.2526728572884647
35.9	0.1571572601386802
43.3	0.2960591179930746
32.8	0.1777374584698037
31.1	0.1615943503744708
40.9	0.1955361748547621
44.1	0.2654163183055716
33.9	0.1592827165984245
33.4	0.1510880668226897
43.4	0.2755811430391055
39.8	0.1549692764594277
42.3	0.1933785741268681
42.1	0.1929195964872331
36.0	0.1517065070476926
34.5	0.1623280359500343
38.5	0.1955705640365077
33.9	0.1509881998945577
35.1	0.1613707412016064
36.5	0.1609758490080447
31.5	0.1734423182528618
34.9	0.181841369124026
40.0	0.1570022997984566
36.7	0.1613702474138097
31.1	0.1729755462753286
39.9	0.2035093943156544
35.2	0.152142125838968
35.4	0.1884078580446454
34.1	0.1531355781333061
38.3	0.1703514463893691
33.6	0.1510475414507101
38.8	0.1574268651094072
41.2	0.1936442251578333
35.9	0.1715914311968757
39.3	0.155669748291845
42.0	0.2950657930598405
33.3	0.1502565172054223
34.9	0.1923041385948026
40.0	0.2001612694603528
43.9	0.2519202540767034
31.5	0.1884113964178158
42.6	0.2975666899052229
46.1	0.2144360034720507
30.5	0.1801098281586035
31.7	0.1695900835148005
44.7	0.2184475218658892
30.4	0.1741857422814211
40.2	0.1569301457681537
43.8	0.2195981210855949
32.1	0.1791004061508618
33.5	0.1515244487056567
33.5	0.1692617725491661
39.9	0.1617337012131458
45.1	0.2284669172628431
39.5	0.1641623492931705
33.3	0.1946035930219699
37.7	0.1936551765991018
42.3	0.2962607343295693
35.0	0.1523175069158245
38.1	0.171362879792366
34.0	0.1591388627526083
33.6	0.1555204693529223
44.0	0.2821131183999656
38.3	0.1703429017195961
35.2	0.1711792558655787
30.9	0.1805710348740602
42.0	0.194042912588452
31.5	0.1765022521064363
44.5	0.21561454379111
39.7	0.2009219511262067
35.2	0.1947314240015427
35.5	0.1946860916046536
32.9	0.1809420359627374
34.8	0.1641057458081646
33.7	0.1715306949664677
31.8	0.1820549629762552
33.7	0.1537492199332624
32.3	0.1946305165506719
37.0	0.1946552923699864
33.7	0.1757513111605753
37.8	0.1596937786678726
40.6	0.1965203581124276
40.0	0.1597786262531793
33.9	0.158365811315846
32.9	0.1575852532566987
33.8	0.1803880229228285
31.7	0.187231739908267
38.9	0.1713290911273862
44.5	0.2206473945177285
40.6	0.2037500222791247
33.2	0.1957287175256448
34.1	0.1521952731743713
37.2	0.1947589613882117
39.2	0.1580718277101519
42.5	0.2954778876370047
31.5	0.1816329799009886
37.2	0.1940261456972548
39.2	0.1568370937694059
33.9	0.1532005508382205
43.2	0.2950835933200919
40.2	0.2014252155381188
40.2	0.1998341671350424
44.6	0.2051414688102752
30.8	0.1559969568918114
32.2	0.1584808071557542
34.8	0.1608335271821677
46.5	0.2142015245660111
33.7	0.1543829065319863
43.6	0.277739862769696
36.1	0.1657708109805563
32.8	0.1957463344359248
36.8	0.1581209735933686
46.4	0.2137829403606102
41.5	0.1943876363735917
44.3	0.2055168917615812
34.1	0.1698746283050711
33.0	0.1718498993144331
43.9	0.2828758089746343
32.3	0.1653457843086883
32.3	0.159433776913928
28.2	0.1589566516001042
44.2	0.2250626665643876
36.8	0.1932939790468429
43.9	0.2043839749891748
44.1	0.2836575564840195
32.0	0.1855145739825461
44.5	0.227580465437965
42.8	0.2992754762821521
39.5	0.1560669420994009
35.4	0.1543385014356776
39.5	0.1554316934535476
33.3	0.157155412691751
32.3	0.158645564345455
33.2	0.1658509384398272
43.1	0.2959896048101727
31.0	0.181390999833242
44.6	0.2481549448010474
39.5	0.1563967502901526
44.4	0.2221651525672736
32.9	0.1636132584983585
44.8	0.2405603464035559
39.5	0.1560796695667312
29.7	0.1837807527861498
39.4	0.1562768053784629
29.0	0.18322877736252
35.9	0.169096099064688
40.6	0.1575736465441403
34.5	0.1705586942875078
33.7	0.1730487466835623
37.4	0.19413399562415
36.4	0.1927660012606635
44.6	0.2158009322525693
43.2	0.2723410215706415
37.5	0.1602640324680297
42.0	0.1947942121303643
43.2	0.2721021691991854
43.0	0.2953148536527479
37.7	0.1723959644883547
30.2	0.1881115494223182
39.2	0.15502476751124
40.6	0.1978240077205217
31.2	0.189320419080176
33.0	0.168223485166143
42.3	0.1952207062818705
35.9	0.1705251604187774
44.1	0.2489722507708119
40.6	0.1621048072758769
33.4	0.1614324954695905
33.3	0.1969956022052974
44.0	0.2357190791585213
34.9	0.1723328268129566
41.4	0.1594087662264551
39.1	0.1584959404731916
35.2	0.1623409420741254
31.8	0.1654920366472399
44.2	0.2789552423094704
33.1	0.1517047649255254
29.0	0.1788695067441952
34.5	0.1584253972490444
42.6	0.2983901320312539
35.4	0.152651704414819
35.8	0.1617141508812748
34.8	0.1631224961497537
40.0	0.1625977449386867
46.8	0.2136553196750618
43.9	0.2801807173653793
39.5	0.1968983957219251
41.6	0.2967683926588036
38.6	0.155776702933904
44.8	0.2271213850837138
35.5	0.1643654192966636
36.9	0.1674985104725239
34.7	0.1613681141973256
44.6	0.2416350948201254
35.3	0.1528026781996924
39.1	0.1573129649940042
42.7	0.2990804038180703
46.5	0.2141959704324831
30.5	0.1768430473207294
37.5	0.1678970448886048
30.6	0.1604853707781941
34.5	0.1588856195334908
44.2	0.2220435896301322
33.1	0.155549894434344
35.9	0.1583678026637122
38.0	0.1552776045986215
43.9	0.2686006170686265
36.4	0.1937859000937528
35.2	0.1725144135242831
35.3	0.1724385284247558
31.9	0.1854472630173564
35.6	0.1665878953558941
36.7	0.1924568354801664
33.6	0.1551783428538677
31.4	0.1779266322986039
33.3	0.1938163416062063
33.0	0.1579752807236431
40.3	0.1551102595952431
29.1	0.1811893834430204
31.2	0.1753267914690227
34.7	0.1551966951459956
33.4	0.1534476468442174
32.1	0.1588206292766008
36.8	0.1925130119733264
35.9	0.1719253312874091
31.4	0.1537124581324692
44.5	0.2403574739611657
32.2	0.1639732874173452
44.4	0.217918748420045
33.1	0.1700097613260091
44.1	0.2842292671720652
39.8	0.1980565465547486
38.0	0.1955668564479575
39.5	0.1647810723723835
33.5	0.1737798459919118
44.2	0.2206743422673908
33.6	0.1531818056653724
41.4	0.2969053322283651
32.9	0.1667943231570521
34.3	0.1930674422067854
46.0	0.2153126191315997
34.7	0.1653293674756845
35.6	0.1651205936920222
35.2	0.1527147062304005
40.2	0.1592881335859782
33.3	0.1652644588282117
31.2	0.1671613722998729
44.5	0.2283156463811219
34.5	0.1548729008292438
36.4	0.1705628936319104
35.1	0.183658389023078
37.9	0.1942046353609159
41.8	0.1952743719322946
47.0	0.2023442258212869
44.8	0.2203058742339598
34.5	0.1652033144284302
43.9	0.2305878418892117
44.1	0.2777879766624022
34.7	0.1536454125822925
38.4	0.1698765866385249
39.3	0.1557539558933466
35.7	0.1682421590080233
33.2	0.1708981953039837
35.3	0.1531989649597845
40.6	0.1622673988198342
35.5	0.1945556249490862
40.2	0.1578385557228487
36.2	0.1742610837438423
44.1	0.2803715310159467
35.1	0.1643472755570797
33.4	0.16337616233334
32.6	0.155522782328518
34.0	0.192476125151691
33.1	0.1722919760586832
33.7	0.1619678110287134
33.6	0.1961914093365782
33.3	0.1621642833350726
44.1	0.2855408233621536
34.9	0.1565245790889519
38.5	0.169084792695276
39.5	0.1963483816691488
33.5	0.1524986515622563
34.0	0.170337966305044
33.7	0.1515593243121105
35.8	0.1702528773085382
32.3	0.1867841377117548
36.8	0.194705254148318
44.0	0.2257940316176005
38.8	0.168603447225775
40.4	0.1591430031128959
33.0	0.1579168241141761
40.4	0.1588440140290364
46.5	0.214660588759789
41.4	0.1953794689525402
32.4	0.1649680855879645
39.2	0.1955735208300716
44.3	0.2093435557420462
44.7	0.2375286781953225
39.8	0.2046349910339068
43.3	0.2206819363235964
39.7	0.1566967257134444
34.9	0.1563932316852666
31.4	0.171515992322165
45.8	0.2158861748970898
33.0	0.1729290681502086
31.5	0.1845508504870565
46.2	0.2137561767662212
