31.21	0.1211563487637107
26.96	0.1765716034702716
39.73	0.1528878764954939
27.98	0.1565319135863482
27.69	0.2034429803136143
26.84	0.1854352783071347
39.09	0.1528063168805829
34.59	0.1221841752464981
34.11	0.1212169081166898
34.88	0.1368500047076024
32.6	0.134984099877944
33.97	0.1330128205128204
31.8	0.1373968862837963
33.95	0.1203829625074893
36.55	0.1259221665932035
31.78	0.1208198970411551
26.46	0.1876505465999629
31.5	0.1330085861274297
26.6	0.1885096204253908
29.61	0.1547838172331707
26.63	0.1808121317272732
37.84	0.1524061702155233
26.98	0.1762471771710121
34.0	0.1302298323396014
31.33	0.1210027670171555
31.58	0.13131137229624
27.33	0.1992976414460422
38.76	0.1447315627152139
34.14	0.1338485064433755
25.65	0.262972299207554
31.57	0.1770544610083152
30.13	0.151457990872242
30.74	0.1226522112657154
38.17	0.1452526179648712
31.11	0.1205692913411973
30.29	0.123391574853291
28.92	0.1546434038491956
27.9	0.2089997767752244
29.95	0.1280736853587832
31.19	0.16207225899944
37.89	0.1431974746034665
30.17	0.1247561135657727
32.95	0.1208213918333892
31.89	0.1463853101057227
34.36	0.121569600110612
30.86	0.1540138404460933
37.41	0.1435347856640899
29.85	0.1281704040472301
31.97	0.1241053425603098
26.18	0.197071824461108
26.42	0.1960493034086803
28.41	0.1575020289182967
31.92	0.1202038067711501
25.56	0.260994010693982
33.52	0.1196452019821503
28.3	0.1568176873708256
27.32	0.1990180083977668
35.92	0.1263535553255678
34.07	0.1344096026798176
33.46	0.1199791479060594
26.47	0.1934173416438328
37.58	0.1455193380110276
35.52	0.1280294361432296
33.15	0.1361430828255472
36.02	0.1384139617656371
32.59	0.1341956852564676
31.74	0.1380721274233936
31.86	0.1481906722622535
33.42	0.119397136869549
25.9	0.2424123960480489
38.47	0.1550760769578318
30.08	0.1519425973084833
36.23	0.1389052248013745
33.42	0.1345666437690977
40.72	0.150671105751586
30.26	0.1519186914046003
32.09	0.1251339470931253
38.78	0.1544298585227571
36.11	0.1377665931237359
26.46	0.1924755547892909
31.71	0.1239060717811274
38.87	0.1476547232915172
27.03	0.172318211463824
26.89	0.1791851202999516
25.63	0.2647090539190197
36.29	0.1268846468054662
34.91	0.1385450314518871
27.11	0.1723373234499982
31.52	0.1212571122565098
27.52	0.2003987360348714
39.14	0.1511118402786541
30.94	0.1534342445974488
31.72	0.1268527110242198
30.57	0.1525634982142999
25.9	0.2409757161594737
31.89	0.1202558053444933
31.09	0.120682282242401
28.64	0.1572530977035091
33.16	0.1201694386578586
35.44	0.1241107780412509
31.71	0.1206805463953274
31.85	0.144927536231884
35.86	0.1257230565266456
29.37	0.1542289518426108
29.15	0.1543089342205738
34.51	0.1205288488921797
33.81	0.1189741679656653
37.53	0.1528146475006185
35.56	0.1335017566020605
35.55	0.1362736855057009
33.73	0.113955296448332
31.84	0.1197543215479186
27.96	0.1550296767762988
26.07	0.2314251522205126
31.79	0.122211100515876
29.42	0.1547510357899059
27.57	0.2003117967796604
27.33	0.1654004820198336
31.55	0.1328937368883306
26.48	0.1916433239962652
29.55	0.1548383060881532
33.46	0.1375180871919342
35.05	0.1266271879734826
34.11	0.121320857476023
30.51	0.1230705192331409
36.18	0.1263614324819874
32.48	0.1248591685743195
33.09	0.1352497643732328
35.38	0.1234612661804395
26.39	0.1922919648333674
30.52	0.1515735995318433
27.62	0.2002114082319521
37.35	0.1420802931923153
31.59	0.1304806417218568
32.79	0.1191762951339267
25.78	0.2622195840323558
30.99	0.1536073610040981
25.88	0.2385082097435007
26.42	0.1981801509130822
32.66	0.1218909976952493
25.95	0.2390793108714061
25.85	0.2609073749494404
26.6	0.185899306954338
40.39	0.1539793619391029
34.73	0.1212416151335865
28.31	0.1571933485561953
32.13	0.1255860952255385
33.42	0.1352343820835977
34.94	0.1203491969942537
32.29	0.1191860073999327
32.45	0.134649242167584
30.11	0.1517587107970247
35.51	0.141048555603848
28.55	0.1580941189636841
27.21	0.1682775791117912
32.02	0.1195260436349558
32.96	0.135853283164369
30.72	0.1225301167571801
26.77	0.1865618635932324
26.23	0.2319505713874307
30.05	0.1261524090108863
26.11	0.2253914278531274
31.68	0.1208294990193565
36.3	0.1397249788129801
34.32	0.1220182092868961
30.24	0.1249416180582517
27.22	0.1707167033722048
34.59	0.1220994840587379
34.45	0.1351518431847005
27.64	0.2018500863877576
27.4	0.1984065131948343
33.36	0.119723445662194
33.98	0.1167476466735905
25.97	0.2406533565091966
31.32	0.12077012680282
33.05	0.1199663551401869
27.84	0.2103464257775022
31.86	0.1485374275228561
28.1	0.1567223205686275
32.06	0.1337830372911949
28.36	0.1575593940594931
25.63	0.263821200772927
34.26	0.1276959004156074
36.07	0.1242693862844789
25.67	0.2624298574218448
31.71	0.1283061581874767
31.73	0.1233855421686746
38.12	0.1531883022156081
34.13	0.1202732208987795
30.7	0.15233280906623
34.5	0.1221222833187338
38.8	0.1558131943139214
32.84	0.1218860415686624
32.08	0.1350163784297841
25.66	0.263078405054982
29.66	0.1543713195786107
25.79	0.2423867611954121
26.87	0.18035187800831
31.48	0.20626898977303
25.65	0.2620491638122103
30.32	0.1522786669960602
33.54	0.1170984926056018
29.48	0.1547041406795307
31.26	0.1724049239750691
37.22	0.1460061076506187
31.07	0.1534797309850258
27.03	0.1775015561251532
31.05	0.1545129187928605
37.58	0.1421973502342986
32.4	0.1226383379277886
32.76	0.1214549544127824
35.45	0.127787971981578
31.86	0.1364776669345197
37.26	0.1423559790387502
33.51	0.1367465297585092
28.62	0.1576868120386529
30.3	0.124298493874107
36.02	0.1252811613468772
33.85	0.1204421086850517
31.96	0.123587828913949
26.23	0.2087128661629231
30.81	0.1533197564927955
32.96	0.1208110590396344
32.52	0.123018937036798
33.44	0.1352108700911216
26.38	0.2026568596489441
32.74	0.1192179017210154
30.17	0.1242479032785099
27.2	0.1638066206583521
37.63	0.1438567069890025
27.33	0.1642152701680737
28.57	0.1585839612966513
32.22	0.1352505374370028
25.95	0.2399122042796198
26.63	0.1847320855256222
33.87	0.1270630278690786
32.93	0.1354318007958204
27.83	0.2092539684439152
27.82	0.1568583312174934
35.46	0.1278726490128193
25.76	0.2626682290303864
32.5	0.1185474839148557
32.27	0.124540265796614
35.21	0.1343568605948306
36.68	0.1305615390939735
36.5	0.1401733944447512
33.89	0.1177248222785822
35.78	0.1364580199503306
34.65	0.1211130337421751
38.01	0.1527601259877327
30.06	0.1269050148832456
25.81	0.2612080949580281
27.79	0.2079816600435765
31.42	0.1217208056115844
38.88	0.1540286625516099
34.63	0.1222286932314537
28.21	0.1564421803142737
34.65	0.1318488169720993
26.02	0.2296586851196439
37.16	0.1425122247371928
36.14	0.1292335093953701
27.49	0.1995648543784686
31.61	0.121185288614594
25.58	0.2632321962913034
25.93	0.2324540038220856
33.51	0.121539942467624
30.13	0.1266487777999009
30.6	0.1510149671356545
29.22	0.1551319469105113
27.19	0.1669501133786848
27.46	0.198422433894094
26.14	0.2213658536585365
33.34	0.1336704573332383
32.86	0.136244909878486
31.29	0.1608057802432329
35.7	0.124148939197971
33.8	0.1304545759853126
28.38	0.1569696637226397
33.13	0.119327512633708
33.12	0.1196868051767423
36.86	0.1398305617356109
31.48	0.1584228457091777
31.73	0.1231324108791229
38.53	0.1449760822841269
33.98	0.1275760187390235
29.75	0.129638531831753
31.49	0.1214855174071551
27.51	0.2014521759367
29.94	0.154689037214207
32.02	0.1195777926031613
25.63	0.261263610167328
27.76	0.2045658484687286
27.05	0.1748871933931206
33.57	0.1197344953517087
27.35	0.1629037429283579
33.78	0.1170238124653888
26.99	0.1749828879732649
35.54	0.1229193401764789
36.64	0.1290221574204651
25.64	0.2621278234086242
34.91	0.126211632305956
35.08	0.1310658118447152
31.62	0.1507222697288052
27.74	0.1573334656019046
30.02	0.1252431859993232
27.23	0.1692747632627063
32.17	0.120116046739498
35.91	0.1246132697154338
36.04	0.1240342929841374
25.64	0.2630702082090955
32.5	0.123074058157857
34.07	0.1190615818047712
25.69	0.2623490756502117
32.57	0.136090961637601
32.85	0.1212380723770058
32.85	0.1347870349791731
32.38	0.1257854186925895
31.77	0.1425100007018036
33.97	0.1198904784572506
25.7	0.2599800816156926
31.94	0.1484542117943752
25.95	0.2376273856881061
33.21	0.1365187235282253
29.57	0.1544532130777903
36.52	0.1396798032261252
34.65	0.1222855927130395
36.75	0.1287181582637605
29.45	0.1545308105271769
35.47	0.1368303015200598
27.51	0.1987762098254328
36.84	0.1310260504340889
33.65	0.1190966103258065
30.55	0.1228937350774745
31.5	0.1322934700890539
31.28	0.1741855383392928
26.32	0.2021379633783288
35.9	0.1381208167235892
32.61	0.122348417683126
34.56	0.1345261116467251
27.32	0.1657931156710096
25.86	0.2435709842717929
37.71	0.1330782606860047
30.78	0.1223746683545181
34.46	0.1300087009440272
31.34	0.1705663260433578
34.1	0.1205435358808255
28.46	0.1573984452351699
27.79	0.2090292460006109
33.85	0.1192720867738725
33.13	0.136476485408356
35.2	0.1276605749903184
30.56	0.1518267694567199
31.1	0.1535974735781001
31.15	0.1554429452347518
31.54	0.1513788318952434
33.23	0.1206181956160065
31.76	0.1208304134548002
34.84	0.1383048864784389
32.01	0.1401477005706612
32.2	0.1340665310608836
32.74	0.1214483986446388
31.69	0.1268032680439729
30.54	0.1223779195151254
32.27	0.1188130489782101
33.33	0.120383442650274
32.37	0.1187367933065404
34.35	0.1334484249040066
32.39	0.1350030292157566
32.23	0.1193043066066704
35.63	0.1375074395905249
31.07	0.1543493586007449
35.52	0.136292679237945
30.9	0.1525008230419084
26.35	0.2085620737404718
32.38	0.1250076025630476
25.86	0.2610749114444396
37.6	0.1435446428049329
31.6	0.1269920318725099
28.14	0.1561212348088827
26.17	0.2233973988624838
31.89	0.1256211079398028
34.88	0.1201058481480359
26.06	0.2319643714331431
30.73	0.1220549039593936
27.87	0.1574058785758278
28.01	0.1563582463820473
33.71	0.1183776888716726
36.03	0.1299362870456845
29.14	0.1536881265985529
34.07	0.1274512602403448
35.87	0.1290928164736338
35.23	0.1270505041686673
33.7	0.1365752121164063
31.18	0.1788185289934966
30.72	0.1226963376839995
35.35	0.1274571668474753
39.06	0.1468638214679039
28.77	0.1566970933723387
34.27	0.1194305810039202
31.26	0.1538282999290044
34.6	0.1218573162559884
32.72	0.1337211095416386
34.17	0.1271464769766091
32.27	0.119694211356393
28.22	0.1562982787097394
34.82	0.13674047644034
33.27	0.1197351637004191
25.55	0.2628595439698094
35.32	0.1186143546135296
31.12	0.1558670213583872
28.85	0.1555076456262227
26.28	0.2098934594274575
31.05	0.1539431265306658
25.61	0.2624491723877669
27.59	0.2021740263802721
31.97	0.1477377089328353
38.32	0.153580424963823
27.46	0.1997496295291872
33.72	0.1396844548512766
30.7	0.1225933303450547
27.33	0.1987766433520071
31.93	0.1396027174715699
35.21	0.1209590876659725
33.78	0.1342709207948502
31.48	0.1205492101629879
26.54	0.187325376505291
29.9	0.1293687999297691
31.22	0.1556432859228814
29.52	0.154168800588247
25.57	0.2625051728382774
32.96	0.1212521802338529
32.38	0.1363522730360588
31.86	0.1247636057995377
35.97	0.1250495039702183
25.92	0.2408635348325907
33.06	0.1349904702270118
31.97	0.1349989992661285
31.78	0.1428804671443114
28.06	0.1561609198461599
42.25	0.15520847788635
27.37	0.200013041497101
28.84	0.1561555167568027
30.94	0.1526018688515605
30.75	0.1526971648858341
37.76	0.1438298374487417
36.54	0.1309102748603239
33.36	0.1362700401382798
31.42	0.1489735059033553
35.51	0.1221492050117597
31.04	0.1560809610695774
29.84	0.1547921632088276
37.11	0.1425164613767056
34.77	0.1253992716773501
28.29	0.157407432673967
31.97	0.120052389875389
31.84	0.1253114196875181
36.54	0.1269458845911238
31.22	0.1769510414967961
31.41	0.1499630506479821
32.86	0.1342250673450164
26.7	0.1803465274929042
28.58	0.1579218020737262
31.44	0.1572815703177872
35.54	0.1231779012643955
29.44	0.1551418885333065
31.96	0.1198096189156976
25.72	0.2633178409865526
31.31	0.1503107847602747
29.67	0.1538504002208114
33.64	0.1198957570724564
35.67	0.1232181095136127
25.73	0.2635127560417034
28.66	0.1574360735193546
28.95	0.1550475710482787
27.19	0.1674171337405798
34.88	0.1316534955539182
36.95	0.128608770287141
35.96	0.1293117370618789
27.83	0.2074306577249054
35.7	0.1256451428777427
26.08	0.2326270959447153
34.2	0.1332779614881054
31.47	0.1575918172973825
35.07	0.1265029354787922
27.76	0.2068869908372579
27.88	0.1572680794681011
27.16	0.1659821662732756
35.95	0.138269182337139
33.34	0.1347283290629382
25.73	0.2410688019956932
33.87	0.1313456839375654
36.67	0.1286353908815668
35.4	0.137256543723282
26.66	0.1840632916214311
29.93	0.1542441227945697
27.24	0.1667226987117841
25.99	0.240057247000682
31.5	0.1503330913899289
26.66	0.1875246185517974
25.59	0.262547223543059
33.0	0.1190957851326209
34.18	0.1190647084805653
33.85	0.120694513870484
36.26	0.1263507479643006
36.96	0.1285956006768189
33.85	0.1323257020078536
25.75	0.2633304838913101
31.78	0.1369121973881175
26.28	0.2057870958959699
33.31	0.1203391010874806
26.9	0.1823889689145948
31.63	0.1307981726282368
26.32	0.1993479863315238
32.85	0.1188934960782126
31.79	0.1475109072603199
32.82	0.1190820153286002
31.91	0.1411149566999896
34.62	0.1343492968582063
30.47	0.1223435233107308
31.91	0.1407191931563738
36.96	0.1417683188606558
29.72	0.1550428554655395
30.1	0.1524148831947965
27.45	0.199422630225959
26.18	0.2274396014684929
34.89	0.1264990328820116
27.9	0.1566591861593953
26.15	0.2295383670260673
25.73	0.2628039219834649
32.34	0.1358239970151419
31.5	0.1507906184855248
33.6	0.1199762576953223
28.33	0.1576957459546792
31.29	0.1521328711657186
35.75	0.1350260830420506
27.8	0.1574417934682974
34.66	0.1361201161144306
26.29	0.2086333155851872
31.46	0.1209643294359775
42.5	0.1284227176394856
31.34	0.1560674292319224
26.82	0.1900338119654317
31.95	0.1355824949057564
30.24	0.1256614569022643
32.11	0.1194865223400634
35.79	0.1287890674124333
37.16	0.1516744251068157
26.08	0.2361212419238072
34.81	0.1201455669836948
31.8	0.1424667133847232
31.92	0.1243778591033851
25.63	0.2634835571103929
34.32	0.1188108210997168
35.61	0.1288501516626191
36.39	0.1307527034399264
31.63	0.1209408649245987
27.83	0.2081583753422439
26.06	0.2350519696609547
29.02	0.1543903353041246
25.62	0.2624298078270335
34.25	0.1221672829107138
26.56	0.1867907129839609
34.32	0.1291972930090988
34.14	0.1342967093379408
36.23	0.1297351707875916
26.38	0.1971054897712321
33.32	0.1214771756352753
33.64	0.1198543850044746
25.56	0.2623617938074452
27.68	0.2052968173382861
33.81	0.1408991338250367
31.99	0.1345678753140593
31.73	0.1269492781478736
31.95	0.1243827016561525
26.62	0.182273220051098
36.16	0.125582008031022
32.27	0.1247111403781545
34.21	0.1211244909785119
26.16	0.2248965834620952
30.44	0.1519960340239002
35.09	0.138223023246038
33.5	0.1373119096216832
31.34	0.1495733344016666
34.36	0.1335642170765779
29.96	0.1522260124201871
36.0	0.1251611189279072
40.11	0.1532271050040085
31.32	0.156238670955639
36.7	0.1280781541313273
30.3	0.122827654923189
31.79	0.1463498983462933
39.68	0.1473998969431678
32.78	0.1214326084846685
34.65	0.1224682007485639
31.8	0.1195095518391806
30.32	0.1509029502027975
34.91	0.1376205158322321
34.83	0.1321559161972033
26.34	0.1954546818127275
31.61	0.13067683246024
27.03	0.1769232847839597
33.35	0.1335700100177507
25.86	0.2398220276749845
28.91	0.1553509439666574
29.17	0.1544290279341295
29.78	0.1294270364543029
36.59	0.1415108189908298
26.73	0.1846039203135486
34.65	0.1217612175058983
25.5	0.2629070494879984
33.87	0.1334353421217828
31.18	0.1534190866959224
27.67	0.2021306489929101
37.18	0.1320090698479413
34.44	0.1342807082568189
33.49	0.1205379214871947
31.77	0.1203587002583626
38.52	0.1330631094239752
37.64	0.1431620112291791
26.55	0.1862425631722736
31.94	0.1216203457962944
31.89	0.1390791476407914
31.09	0.1536085126286248
29.2	0.1548645218255063
28.08	0.1557734030587495
27.91	0.2076633306104219
27.01	0.179279829526175
37.35	0.1320800883784203
26.77	0.1866825405156054
26.09	0.2351230552857869
32.72	0.1216357175607519
32.44	0.1349272038579368
33.84	0.1203902880363145
34.59	0.1339437258779177
36.26	0.1391050929381241
34.59	0.1207095119799321
29.96	0.1269882623287455
30.75	0.1524696696664533
30.24	0.1237431294900516
32.07	0.1367664901015003
26.04	0.2365422807567681
37.0	0.1310132303183148
37.87	0.1327342852345133
34.51	0.1321372963173394
31.25	0.1551026950418428
31.84	0.1416402495142652
31.58	0.1260173529357237
31.23	0.1545082583711904
39.06	0.1291309012875536
25.93	0.2419388530744637
32.52	0.1235804815617806
32.6	0.1353755821467566
29.17	0.154863537722719
34.9	0.121178577613926
36.19	0.1383052741437291
34.33	0.1285319989172204
34.77	0.1350637178234872
31.5	0.1512541628285977
30.36	0.1514744823020749
26.86	0.1843523794855998
32.74	0.133852201626321
30.44	0.1231379869906624
36.25	0.1268878938408871
30.31	0.1246165390758385
27.71	0.2047465047180989
27.98	0.1571299845265898
37.01	0.1511696622897418
29.2	0.1537989313935074
27.1	0.1712292188476306
26.51	0.1950082083807692
28.83	0.1560662733045855
27.31	0.1989075163686344
32.87	0.1195788725036662
32.46	0.1224397367460309
38.27	0.1570881412281639
27.55	0.2008808371897349
36.57	0.1401352181929932
31.1	0.1679356151071434
27.74	0.203794227188082
