40.9	0.1573545327311979
44.3	0.2187632803159511
31.5	0.172584696978107
41.9	0.1920754602796476
46.5	0.213953947368421
43.7	0.2267007842084521
31.5	0.1907780705374432
34.8	0.1536095067098062
38.4	0.15354090395634
36.4	0.1716195711300066
38.4	0.1679801639645355
33.8	0.1664945478844576
30.4	0.1766368554709065
39.5	0.1562698812256197
33.1	0.1572121943297294
40.0	0.1575165536133118
45.4	0.2259032667667089
34.3	0.1651271150440708
45.5	0.2299806241869302
37.4	0.191672413325825
44.3	0.2196996174950201
31.8	0.1653184154424346
44.1	0.2141689740579946
35.7	0.1599128774637661
40.9	0.1591354817650778
33.6	0.1642015383273234
43.7	0.2218293998223575
31.7	0.179779764298308
36.5	0.1647902166454269
41.0	0.2953477665333154
31.5	0.1787619009333145
36.8	0.1941432113914666
40.5	0.156759770998042
32.0	0.1660498867295435
40.8	0.1543505490918496
40.4	0.1569455606435906
39.9	0.199668053945404
47.0	0.2044619499584582
40.5	0.1622008671134473
34.7	0.1820832721000564
31.9	0.1654019624182325
40.9	0.158312305712422
34.5	0.1529232154011491
29.4	0.1858422433798174
34.5	0.1523504813330266
34.6	0.1909297401128011
32.9	0.1768724064884942
39.5	0.1617550325753924
33.9	0.1570838267321403
44.5	0.2377021108781834
44.3	0.2370663717952014
40.4	0.2010587852444154
39.8	0.1576563434315925
41.2	0.2951441358507169
39.6	0.154636116667611
41.0	0.1960874090673825
43.9	0.2192825450659728
33.0	0.1561650253999046
36.8	0.1658085869265422
35.4	0.1519320603738205
44.8	0.2338139855392938
31.1	0.1644878202871273
35.7	0.1613569485623376
36.3	0.1705313955883089
34.4	0.1732275722789115
38.2	0.169314242001752
28.8	0.1760818093342823
29.4	0.1852810062092023
39.5	0.1554497770054528
43.9	0.2848468094909007
31.5	0.1674926618112517
36.6	0.1938676399922296
33.7	0.1690758645400037
34.8	0.1658330415645476
31.5	0.1760351408355544
37.0	0.1916749048553237
34.0	0.1589880448638978
31.2	0.1692340508941645
34.1	0.1699540551002204
45.1	0.2334197417911965
32.6	0.156620446378893
31.5	0.1698163883624579
44.1	0.2114576960025692
44.9	0.2209176557652349
42.9	0.2970353925796407
33.2	0.1561319835499348
36.4	0.1706783843456426
44.3	0.2110696493329387
40.1	0.159604749325874
44.3	0.2164763031970897
31.2	0.171285712257185
32.5	0.1872391317347365
30.4	0.1635782458573948
35.3	0.1933097986115588
44.0	0.282915404925638
32.6	0.1541231757426911
40.6	0.156288543351332
40.3	0.2008455472865377
35.4	0.1525393490068588
34.1	0.1545778816367669
39.8	0.1584858024280667
29.0	0.1834471875583978
33.2	0.1570294728267887
37.4	0.1945153984720268
38.9	0.1949834506761905
35.1	0.1523300484382829
35.9	0.1512475000060901
32.2	0.1629466927766532
32.1	0.1613447222942902
32.8	0.1682186916161384
34.0	0.1487781675486057
39.4	0.1576990892134201
42.1	0.1929452009518773
42.9	0.2729722262495178
31.8	0.1584508348794063
37.1	0.1942861473615479
44.6	0.2173418421966321
43.0	0.2025108157596844
34.6	0.165289468281667
45.0	0.231911996758517
37.6	0.1926310724010437
35.7	0.171983157843424
37.1	0.1596933359791609
38.6	0.1550743462386402
40.5	0.1550194142964071
33.1	0.1575774022031325
35.2	0.158039485132395
37.7	0.16911926512326
33.7	0.1532972385566804
44.9	0.2332877916738226
36.1	0.1930336728687531
44.3	0.2169648653844061
31.4	0.1644685809560991
31.5	0.1636193910384683
39.2	0.1549938594617684
42.6	0.298016058016058
33.4	0.1876226627302122
43.7	0.2810845134899656
44.9	0.2396461214453932
34.8	0.1545542180741519
43.9	0.2828102078461561
44.1	0.2945719531787928
44.5	0.224485416495118
31.3	0.1746910528917449
33.5	0.1526201922017722
40.9	0.1952879714793796
35.2	0.1583333333333333
33.0	0.1707522567703109
33.3	0.151663718908416
38.3	0.1546612234276939
38.5	0.1683411714407866
36.5	0.1926573757350342
26.4	0.1620844260214871
40.4	0.1990946526094448
44.5	0.2066812732465918
39.2	0.1568995412691078
38.7	0.1695443154220213
40.4	0.1540360813261637
44.0	0.2289855239367521
43.0	0.2731957779528031
41.3	0.1605532108842731
43.5	0.2698551022727887
39.7	0.1589414948095431
33.5	0.1728732938463431
38.4	0.1547637254811634
41.1	0.1582684076272968
44.4	0.210970499264563
38.4	0.1557217707001113
35.5	0.1675870296297495
46.1	0.2159373002911311
44.6	0.2179647505667232
39.5	0.1544103152693806
35.8	0.1508622353503906
43.7	0.2849396953025814
40.5	0.1585287956864212
35.1	0.1525138899096783
46.8	0.208208124126996
30.3	0.1827999214608286
40.8	0.1934330925448651
37.1	0.1701234081336059
40.3	0.1995841876439405
42.5	0.2950869225254122
33.7	0.151163116919552
33.8	0.155740711168358
42.7	0.2992328998938353
33.0	0.160037310215631
32.5	0.1573254121899185
31.6	0.167291068382921
35.4	0.1520519224060825
35.4	0.1954175682708373
38.6	0.1552762466977593
31.1	0.1709145427286356
34.3	0.1540219156501049
36.5	0.1681541062859456
41.8	0.2997976932057485
37.5	0.1923824270577162
44.0	0.2848635665824791
44.9	0.2235389425810119
30.2	0.1775123444488729
42.6	0.2981012723913901
36.7	0.1951914317759371
35.2	0.1506735724016294
37.1	0.1944752812859797
33.4	0.1778933084439178
31.4	0.1647063044141172
33.1	0.1885836691664112
44.5	0.2183673584703097
33.0	0.1849972332380337
31.5	0.1651709128815466
35.2	0.1567498363780413
34.9	0.1551213676917709
36.4	0.1593329325946745
29.3	0.178413703885444
33.3	0.1764480401438021
36.5	0.1702826655452908
40.3	0.2010963501442332
41.0	0.1570527869072372
33.3	0.15625896222118
39.0	0.1553655933933376
34.6	0.1566228912206856
44.0	0.2508827405183912
35.5	0.1953780981817264
34.8	0.1525031842017694
35.1	0.1568493965551428
36.3	0.168669370496613
45.0	0.2460466130528108
39.3	0.1542709527154423
40.7	0.1571105246396088
42.6	0.2030412818288513
31.7	0.1649300054367947
42.5	0.20169278543315
40.1	0.2004370847839859
38.3	0.1684993453275786
43.9	0.2826095869549938
44.3	0.2219871850057188
35.1	0.1518661037845107
35.5	0.1712673383522479
47.1	0.2121366761362707
42.4	0.1933493342847412
36.1	0.1628221649484535
43.5	0.2956200977764936
39.0	0.1530842913768677
35.3	0.1593674874035369
29.5	0.1589471536421138
35.1	0.1645856800621916
33.0	0.1732255073658185
34.3	0.1510027077942963
33.2	0.1688263606071825
33.1	0.1534501058901057
31.8	0.1664434789825833
40.6	0.1619935371613224
44.0	0.292816155499878
47.1	0.2071969624938989
40.5	0.1598925461577059
31.1	0.169816163334323
38.3	0.1542345804559644
41.2	0.1954598193164665
32.0	0.1541251760064341
43.2	0.2709226467847157
32.2	0.162410876312684
34.7	0.1627330897824281
44.3	0.2208848264241013
39.9	0.1592970385161305
41.2	0.2976776917663618
43.6	0.2787754518945537
34.8	0.1527188428488755
40.6	0.1596349730329612
35.4	0.1926779748067977
37.1	0.1941153106871269
44.5	0.206281645526338
44.6	0.2187317284852914
44.3	0.2684075560866238
32.9	0.1693172690763052
38.9	0.1694388249965359
31.7	0.179048285461121
33.9	0.1542983137067072
32.8	0.1652561264336008
40.5	0.195278049450078
39.5	0.1540036580267558
39.5	0.1541634800537236
33.4	0.1718431851155376
32.4	0.1974630021141649
30.0	0.1629527905892107
32.3	0.1796081783079655
34.5	0.1525595589489931
39.7	0.1639108064214777
40.5	0.1593277524070458
45.1	0.2170390540356314
37.0	0.192892200342972
39.5	0.1571200971094757
41.5	0.298000533191149
46.5	0.2133991332336814
43.9	0.213494416458042
39.5	0.1550139719261762
42.6	0.2000663167514496
33.7	0.1505971953901959
44.2	0.2142984673239263
33.6	0.1544190029532049
32.2	0.1593085666618919
42.8	0.2942322472686234
37.2	0.1601816750856795
30.4	0.1561565484591944
30.4	0.1869687605658166
42.1	0.1945219846712384
41.5	0.1586263881544156
44.5	0.2113845036091322
38.7	0.1551766959635729
33.5	0.1550511209079823
33.9	0.1545577116269232
43.2	0.2959865942502644
34.8	0.1547272397752673
35.6	0.1517133914373951
42.3	0.2974374519589906
38.4	0.1702517987518756
34.5	0.1535059813480531
39.1	0.1716107071943627
35.5	0.1574343266984086
29.0	0.1801330622805396
35.3	0.1516832883013781
43.8	0.2937745710189168
29.4	0.1863462366078506
44.0	0.2812641149301356
34.9	0.1725044040794442
37.4	0.1923539823008849
33.0	0.1720251293422025
33.3	0.152308344561313
32.4	0.159596924771966
36.8	0.1929426288129004
33.0	0.1679761601404343
44.8	0.2173356751429724
35.2	0.1664661871820981
35.7	0.1514489450912116
40.7	0.1560106797196573
34.6	0.1646849864251097
32.5	0.1788026581754628
44.8	0.2429118453265259
33.5	0.1716111596529372
35.0	0.1563985831114492
35.6	0.166672366621067
43.3	0.2042421256359513
44.0	0.2847849689921054
34.0	0.1666229872734131
39.9	0.1558301404624256
33.4	0.1546909149144622
31.3	0.1778502591935427
39.1	0.1533956022135891
40.2	0.1972782036606657
47.0	0.2138008632335013
33.6	0.1503230331655963
36.8	0.1688920599327285
36.7	0.1616005401616405
35.7	0.1942182162232357
32.8	0.1921731804055289
34.1	0.1909710147118859
30.4	0.1863377413070429
35.5	0.1527678513416931
31.6	0.1569383259911894
36.6	0.171192708732234
31.3	0.1759423814423346
38.4	0.1671131624814408
35.0	0.1548685648571055
30.3	0.1591578236271005
40.3	0.1554649981774492
38.5	0.1528754417612449
35.0	0.1517966874141387
38.4	0.1536667480406481
35.6	0.1650331732560129
37.8	0.1707596378679776
38.7	0.1554527849971971
32.9	0.1696652851944886
34.8	0.1944325408388899
32.3	0.1681368029585737
35.5	0.1943987735513686
44.1	0.2510220790407792
35.9	0.1577963101006336
43.3	0.2939740875843429
32.8	0.1786095751774765
31.1	0.1610284007396519
40.9	0.1943173966437
44.1	0.2652469623523885
33.9	0.158062689012734
33.4	0.1515945277266239
43.4	0.2758839050131926
39.8	0.1548033174092951
42.3	0.1924485991408424
42.1	0.1917631426006619
36.0	0.1500261978226698
34.5	0.1634937372890871
38.5	0.1949808445611467
33.9	0.1515439626307304
35.1	0.1616263960523903
36.5	0.1602290030752694
31.5	0.1733060606816499
34.9	0.18050930460333
40.0	0.156464690132367
36.7	0.1600453585588691
31.1	0.1707597724049249
39.9	0.2007519650560595
35.2	0.1501281153767334
35.4	0.1888739825872883
34.1	0.1519073981123954
38.3	0.1696646694268007
33.6	0.1525773294198714
38.8	0.1558025492569528
41.2	0.192846353192256
35.9	0.171141548884211
39.3	0.1543912793525848
42.0	0.2952275249722531
33.3	0.1507430238318014
34.9	0.1909464490154898
40.0	0.1995288730016225
43.9	0.2528467971031889
31.5	0.187475552194435
42.6	0.296930714195736
46.1	0.2141683300066533
30.5	0.1797837771555864
31.7	0.1674832171288454
44.7	0.2182457216184604
30.4	0.1737982837013066
40.2	0.156406238366878
43.8	0.220859542460735
32.1	0.176412192938062
33.5	0.1514183108100011
33.5	0.1671047664644195
39.9	0.1585340568075111
45.1	0.2284122632920841
39.5	0.1633816359259352
33.3	0.1938486912615809
37.7	0.1936738724569123
42.3	0.2977885594810486
35.0	0.1520364176120783
38.1	0.1694763031060335
34.0	0.158359101826234
33.6	0.1557536160861938
44.0	0.2843573535352921
38.3	0.1695314735938315
35.2	0.1724641078230296
30.9	0.1795457720478176
42.0	0.1926943755055772
31.5	0.1734333894150234
44.5	0.2158684018088748
39.7	0.1993166535673739
35.2	0.1921818703030234
35.5	0.1954533577214528
32.9	0.1806577252314619
34.8	0.1642667820434044
33.7	0.1734967633956041
31.8	0.1820525340347672
33.7	0.1538306692369368
32.3	0.1925794910312633
37.0	0.1933327157062565
33.7	0.1767634025647354
37.8	0.1600772582032499
40.6	0.1954231406508894
40.0	0.1571065251120223
33.9	0.1585311229339716
32.9	0.1572942889799639
33.8	0.1785184295913909
31.7	0.1850102062160544
38.9	0.1705955723812866
44.5	0.2204356453084822
40.6	0.2007910512329275
33.2	0.1939509169612449
34.1	0.1537143405008236
37.2	0.1936031228295368
39.2	0.1568047761365183
42.5	0.2965853658536585
31.5	0.1811153644074157
37.2	0.1928931054665355
39.2	0.1553723734571977
33.9	0.1527750735406328
43.2	0.2941868405298211
40.2	0.1986256554279141
40.2	0.1984090645807244
44.6	0.2056327698921553
30.8	0.1561981786567152
32.2	0.1599171846214769
34.8	0.161087526145218
46.5	0.213905140585061
33.7	0.1548776118847444
43.6	0.2775938453748892
36.1	0.1657771795897793
32.8	0.1956094760848317
36.8	0.1601318635383382
46.4	0.2144195805139345
41.5	0.1938037013456964
44.3	0.2047843282929813
34.1	0.1706686991256401
33.0	0.1724178469462016
43.9	0.2853670081998503
32.3	0.1661899532650611
32.3	0.1592714519620358
28.2	0.1585260669917141
44.2	0.2234640167765188
36.8	0.192773713979259
43.9	0.2030027467111038
44.1	0.2834213033592275
32.0	0.1881755279858902
44.5	0.2285093490834532
42.8	0.2998515333026161
39.5	0.1551728376256033
35.4	0.1515458012409338
39.5	0.1555954869578707
33.3	0.1561513405161613
32.3	0.1594661785864597
33.2	0.1655551526426705
43.1	0.2965192607904825
31.0	0.1787646318145781
44.6	0.2460572318165626
39.5	0.1558731490522061
44.4	0.2209314881645875
32.9	0.1626732571800849
44.8	0.2401494318476625
39.5	0.1553358275248007
29.7	0.1833812174537619
39.4	0.1543919111364283
29.0	0.1808483061419568
35.9	0.1684871781492239
40.6	0.1556101739449074
34.5	0.1744386515173545
33.7	0.1747132606361941
37.4	0.1938150407939544
36.4	0.1929606499727157
44.6	0.217262420311135
43.2	0.2711117746050703
37.5	0.16175898729988
42.0	0.1940295672887788
43.2	0.2716046032654855
43.0	0.2948431623993199
37.7	0.170768567642786
30.2	0.1879271862549454
39.2	0.1543847652023371
40.6	0.1956359599180141
31.2	0.1885378214352748
33.0	0.170249784555924
42.3	0.1942999376378514
35.9	0.1700389105058365
44.1	0.2487469215140499
40.6	0.1598199340228428
33.4	0.1607775734128242
33.3	0.1967140225699223
44.0	0.2329543000457834
34.9	0.1700420908791848
41.4	0.1585999470479216
39.1	0.1562433286238915
35.2	0.1617094013249412
31.8	0.164349288474528
44.2	0.2783753909966783
33.1	0.1522107624715669
29.0	0.1779122191823051
34.5	0.1575589190618272
42.6	0.2988293636483464
35.4	0.1510217599513064
35.8	0.1622501442852044
34.8	0.1637721100066237
40.0	0.1597480546812262
46.8	0.2140072520450237
43.9	0.279959863195681
39.5	0.1968420728066757
41.6	0.2966016660877811
38.6	0.1543239822577274
44.8	0.2260900829417672
35.5	0.163667647222068
36.9	0.1678534444047324
34.7	0.1612978325736957
44.6	0.239069649211998
35.3	0.1522560867472321
39.1	0.1562247807578202
42.7	0.298425926168879
46.5	0.2133851611698606
30.5	0.17593734449709
37.5	0.169517190291516
30.6	0.1606926211659304
34.5	0.1574299903274193
44.2	0.2224916365319239
33.1	0.1558213276349348
35.9	0.1591590559569733
38.0	0.1562487834034474
43.9	0.2688270196257417
36.4	0.192536071978652
35.2	0.171339722675367
35.3	0.1717657694474888
31.9	0.1846379654555952
35.6	0.1673900898190725
36.7	0.1918312232105249
33.6	0.1555984974915135
31.4	0.174386603527454
33.3	0.193799884677248
33.0	0.1582240301425188
40.3	0.1557726055612769
29.1	0.1824305540705258
31.2	0.1724514029044447
34.7	0.1535332593764586
33.4	0.1533208587147752
32.1	0.158426647458145
36.8	0.1937744837446
35.9	0.1700932598558711
31.4	0.1547113266546732
44.5	0.2391446088348156
32.2	0.1637596060818198
44.4	0.2155434516144484
33.1	0.1687826315591781
44.1	0.2810498117016733
39.8	0.1971281232288092
38.0	0.1946026813970884
39.5	0.1621609530594999
33.5	0.1739527169451286
44.2	0.2219747186113164
33.6	0.1530218333879832
41.4	0.2961772413424269
32.9	0.1667654247833493
34.3	0.1926858910617611
46.0	0.2148080948565257
34.7	0.1650404100516403
35.6	0.1654554499036553
35.2	0.1523907508806194
40.2	0.157631203141735
33.3	0.165060831347952
31.2	0.1647667601325516
44.5	0.2246768636354584
34.5	0.1547913900942492
36.4	0.1717223760760825
35.1	0.1844766172584166
37.9	0.1949083561841536
41.8	0.193414246031526
47.0	0.2034876307261861
44.8	0.2195760028447093
34.5	0.1649540674608306
43.9	0.2295193812671639
44.1	0.2790551583974076
34.7	0.1542050669031735
38.4	0.1697105121167335
39.3	0.1551297415850739
35.7	0.1680891951316632
33.2	0.1734027960190292
35.3	0.1518674645594072
40.6	0.1608553920230206
35.5	0.1937580777977128
40.2	0.1564168973832276
36.2	0.1731070372186456
44.1	0.2779502306676499
35.1	0.1626995438460583
33.4	0.1640397387284194
32.6	0.1556096611603401
34.0	0.1935072494289081
33.1	0.1717165149544863
33.7	0.1621412677724531
33.6	0.1952075120421334
33.3	0.161430447548513
44.1	0.2845566834243379
34.9	0.155180210963001
38.5	0.1694441601564721
39.5	0.1956874330641375
33.5	0.1513744696409288
34.0	0.1713424909360159
33.7	0.1528273063387706
35.8	0.1687124002632703
32.3	0.1859818479436438
36.8	0.1938268118063779
44.0	0.2253441313992493
38.8	0.1693429326528752
40.4	0.1565675534566937
33.0	0.1577393573642146
40.4	0.1584009140194452
46.5	0.2141761625378036
41.4	0.1930905858076163
32.4	0.1628249737893729
39.2	0.1951448247809408
44.3	0.2106308605670532
44.7	0.2377872327313717
39.8	0.2001494402782306
43.3	0.2223549324752688
39.7	0.1542215393089852
34.9	0.1563138818867025
31.4	0.1689551398838196
45.8	0.215992929576165
33.0	0.173483717341711
31.5	0.1827814324783797
46.2	0.2150234708988795
