40.9	0.0966169023245729
44.3	0.1439144022918656
31.5	0.1172753287456564
41.9	0.1261135193242348
46.5	0.1550168104933896
43.7	0.1496872713214685
31.5	0.1231795930150423
34.8	0.0978498560413415
38.4	0.0954236316982636
36.4	0.1094795343929374
38.4	0.1081962224782108
33.8	0.1075992017209651
30.4	0.1112939563130571
39.5	0.095615760891536
33.1	0.1005875245537922
40.0	0.0959882994440185
45.4	0.1536851342109972
34.3	0.1045036330506377
45.5	0.1536575717767022
37.4	0.1230781237805353
44.3	0.146383279425574
31.8	0.1152340572637058
44.1	0.1427341168824134
35.7	0.1065883591301643
40.9	0.0976815153511837
33.6	0.1037936566789217
43.7	0.1564393683404293
31.7	0.1164774939354916
36.5	0.1070241464294004
41.0	0.220658160298293
31.5	0.1266051013005207
36.8	0.1210368309291938
40.5	0.0975688073394495
32.0	0.1146298938601983
40.8	0.09648757468323
40.4	0.0981488946079191
39.9	0.1237977831672185
47.0	0.1485765217770922
40.5	0.102115341227923
34.7	0.1234254335991897
31.9	0.1140338191122483
40.9	0.099764819969802
34.5	0.0958586130380614
29.4	0.1200131637614386
34.5	0.0968521208529078
34.6	0.1228933224013847
32.9	0.1154960981047937
39.5	0.1029142768563013
33.9	0.0980687558315369
44.5	0.1611898935550387
44.3	0.1598550209579404
40.4	0.1267429691338661
39.8	0.0955936450820067
41.2	0.2200753205727585
39.6	0.0950557416226958
41.0	0.1255674543920901
43.9	0.1569689676079887
33.0	0.1011259599742745
36.8	0.1072254688607966
35.4	0.0955444797893928
44.8	0.1590186760299058
31.1	0.1132174763543324
35.7	0.1018322824671773
36.3	0.109508764777823
34.4	0.1117220708446866
38.2	0.1080578413548942
28.8	0.1127075228226955
29.4	0.119865571321882
39.5	0.0953136714478746
43.9	0.2029480393830744
31.5	0.1165164080395258
36.6	0.120901268115942
33.7	0.111691919337456
34.8	0.1103010079308847
31.5	0.1173460827138685
37.0	0.1209684335854139
34.0	0.0988224990268587
31.2	0.1167462228659085
34.1	0.1113349503402611
45.1	0.1573399660937248
32.6	0.0976791373139092
31.5	0.115660856617325
44.1	0.1409453952292928
44.9	0.145933086232939
42.9	0.2205775782162246
33.2	0.10142217863054
36.4	0.111166023658451
44.3	0.1399359910012453
40.1	0.0969767979805091
44.3	0.1551911311859603
31.2	0.1167837730584071
32.5	0.1256106749629341
30.4	0.101392768373533
35.3	0.1223385344657318
44.0	0.201081817918153
32.6	0.0958875197864614
40.6	0.0964950606323587
40.3	0.1265176748683786
35.4	0.0948590938348305
34.1	0.0998284579946814
39.8	0.0960316063734978
29.0	0.1178645988666865
33.2	0.1006108874996431
37.4	0.1241137408668481
38.9	0.1236627127300734
35.1	0.0966855238414128
35.9	0.0962078970173823
32.2	0.1136932577454811
32.1	0.1099335268233311
32.8	0.1098945495085454
34.0	0.0922265030300685
39.4	0.0955319347126341
42.1	0.1251533415115472
42.9	0.1914647328236205
31.8	0.0980543362201922
37.1	0.1238972608279712
44.6	0.1558407801587897
43.0	0.1341054572367139
34.6	0.104739774268972
45.0	0.1559616117180108
37.6	0.12343847125584
35.7	0.1098849152621504
37.1	0.0999233409842478
38.6	0.0957754319850973
40.5	0.0981517277327715
33.1	0.1015147469353076
35.2	0.0991614157296875
37.7	0.1088046940671592
33.7	0.099258948282043
44.9	0.1577268135583049
36.1	0.1210307599030962
44.3	0.1553567956445654
31.4	0.1130648162888873
31.5	0.1020075203437871
39.2	0.0949023228240699
42.6	0.2194243418968073
33.4	0.1255730357528808
43.7	0.1997095259417445
44.9	0.1631237236885939
34.8	0.0967967388438043
43.9	0.1984705137254792
44.1	0.2172833073561184
44.5	0.1502286703279703
31.3	0.1177290761586373
33.5	0.0968744719448211
40.9	0.1263001404220355
35.2	0.0997979958180126
33.0	0.1081966714564848
33.3	0.0961589798805826
38.3	0.0943205437497557
38.5	0.1080512600786818
36.5	0.1208851222702979
26.4	0.1212617127655784
40.4	0.1262864036810504
44.5	0.1372163152073879
39.2	0.0950873973122032
38.7	0.1090181866032118
40.4	0.0971071130512935
44.0	0.1516784754323009
43.0	0.1912483784053487
41.3	0.1008624672724472
43.5	0.1864799621249565
39.7	0.0960875378865503
33.5	0.1127906594850236
38.4	0.0969170999544348
41.1	0.1000039234058855
44.4	0.1387309973103474
38.4	0.0968862716316619
35.5	0.1075121951219512
46.1	0.1549547211742552
44.6	0.1561780175368191
39.5	0.0948420521951795
35.8	0.094926147330045
43.7	0.2012951648314243
40.5	0.0969165104356402
35.1	0.0952885422712596
46.8	0.1515771093838008
30.3	0.1205743467019935
40.8	0.1261091531186218
37.1	0.1083896617160422
40.3	0.1269027811580414
42.5	0.219899519709123
33.7	0.1094055625869481
33.8	0.1001967704132514
42.7	0.2203205106529084
33.0	0.1012810592382426
32.5	0.0981151179998442
31.6	0.1160724797174519
35.4	0.0968397988242267
35.4	0.1223283577314668
38.6	0.0969261641581922
31.1	0.1172897999896813
34.3	0.0963156262918561
36.5	0.1093602673509578
41.8	0.2209732660249647
37.5	0.1233593581453385
44.0	0.2027490579528689
44.9	0.1468546071521795
30.2	0.1424379653657626
42.6	0.2201749001983352
36.7	0.1216456991978299
35.2	0.0943653031978589
37.1	0.1237970377319039
33.4	0.1246256056379386
31.4	0.1130669359340738
33.1	0.1249071830911968
44.5	0.1446903725534442
33.0	0.1255573390404851
31.5	0.1130478739988967
35.2	0.0973849459172667
34.9	0.096404187011788
36.4	0.1013355903649587
29.3	0.1107578166401695
33.3	0.1147301311988374
36.5	0.1094432470579259
40.3	0.1269208684627935
41.0	0.0996706538918902
33.3	0.1013071948274997
39.0	0.0953837022877227
34.6	0.0977268554408584
44.0	0.1723181820553083
35.5	0.1236222509702457
34.8	0.0956360183987821
35.1	0.0975892486900139
36.3	0.109676664456492
45.0	0.1659651570793689
39.3	0.0946069317044481
40.7	0.0992199194111716
42.6	0.132999408891516
31.7	0.1126097710043711
42.5	0.1338658262696515
40.1	0.1272940978927042
38.3	0.1090514543002985
43.9	0.2005061341878358
44.3	0.1495265137865924
35.1	0.1099530047449315
35.5	0.1090849963045084
47.1	0.1547712906953034
42.4	0.1263872475642742
36.1	0.1014887340143232
43.5	0.2180852028921084
39.0	0.0943465891823023
35.3	0.0989105285906791
29.5	0.1145402006155753
35.1	0.1042177510792836
33.0	0.1132029001549701
34.3	0.09433494464123
33.2	0.1104157353598569
33.1	0.0965050297444277
31.8	0.115706980672593
40.6	0.1014416175013198
44.0	0.2179249941061078
47.1	0.1503392237298832
40.5	0.0972670200410348
31.1	0.1168089297439264
38.3	0.0965602060257392
41.2	0.1264981397730875
32.0	0.1129698777640995
43.2	0.1901422284042705
32.2	0.1120655972853342
34.7	0.1034183245977236
44.3	0.156895259885746
39.9	0.0974975435976485
41.2	0.2209258710887375
43.6	0.1928506130350613
34.8	0.0965402868686156
40.6	0.1014135419726218
35.4	0.121159420289855
37.1	0.1238390869994477
44.5	0.1355622619628101
44.6	0.1560321710979821
44.3	0.1825565216944034
32.9	0.1069149990093124
38.9	0.1096875422697146
31.7	0.1218927203662826
33.9	0.099980422211717
32.8	0.1048169128808915
40.5	0.1260344010666314
39.5	0.0942176445956171
39.5	0.0945673468093874
33.4	0.1131542392376977
32.4	0.127768787221642
30.0	0.0997924375056402
32.3	0.1161963981225409
34.5	0.1105060511022134
39.7	0.1035384488991127
40.5	0.0973613337465248
45.1	0.1552795804191099
37.0	0.1240437061173132
39.5	0.0950827036250304
41.5	0.2206155284433663
46.5	0.1553666399886403
43.9	0.1431868300938509
39.5	0.0952388295532907
42.6	0.1323981497629937
33.7	0.0944112168146777
44.2	0.1420334499943551
33.6	0.0990380854082128
32.2	0.1024470860566015
42.8	0.2191821341418324
37.2	0.0995454484265695
30.4	0.1125099322342164
30.4	0.1228701527614571
42.1	0.1273095233101944
41.5	0.1002776558638054
44.5	0.1380194154128099
38.7	0.0948498874330541
33.5	0.0999112328978599
33.9	0.0996163600811857
43.2	0.219919579338076
34.8	0.0971924424770599
35.6	0.0960760000342739
42.3	0.2204639746001254
38.4	0.1091086961034647
34.5	0.0960387833237511
39.1	0.1078471372229022
35.5	0.0999302767090606
29.0	0.1161897812755164
35.3	0.0963965499691567
43.8	0.2168454983995311
29.4	0.120890327443634
44.0	0.1976484612659623
34.9	0.1093953905177966
37.4	0.123760177646188
33.0	0.1125099470405839
33.3	0.0973694103444532
32.4	0.1031083320287008
36.8	0.1233965939779804
33.0	0.1100513974938741
44.8	0.1562179654396886
35.2	0.1043939859866168
35.7	0.0962336261754151
40.7	0.0981676740721075
34.6	0.1044642725001932
32.5	0.1256562656577906
44.8	0.1659940335905769
33.5	0.1113353799331068
35.0	0.0972674297254455
35.6	0.1073258054098598
43.3	0.1345647748150355
44.0	0.2025888423281685
34.0	0.1056737990087997
39.9	0.096895537966426
33.4	0.1113195666313386
31.3	0.1232847569407509
39.1	0.0955039403945322
40.2	0.1262991546610701
47.0	0.154994633762012
33.6	0.0957944652158286
36.8	0.109242839795662
36.7	0.1007178103192219
35.7	0.1214193787542192
32.8	0.1252258229548034
34.1	0.1279577721150346
30.4	0.1234796171674196
35.5	0.0958573608130123
31.6	0.0975486751271133
36.6	0.1102211890300408
31.3	0.1140873015873015
38.4	0.1091370394935958
35.0	0.0963449059647321
30.3	0.0999805705773776
40.3	0.097935508359069
38.5	0.0937543789410469
35.0	0.0957983979054327
38.4	0.094344633650992
35.6	0.1070597401291814
37.8	0.1087888942642391
38.7	0.0949003180640718
32.9	0.1102217735949885
34.8	0.1238039084950392
32.3	0.1096647176215553
35.5	0.1226316671441622
44.1	0.171373497481406
35.9	0.0995670917552543
43.3	0.2179866279163564
32.8	0.1162622676229121
31.1	0.1007085519038909
40.9	0.1257769829898628
44.1	0.1851295628254552
33.9	0.0989732889367739
33.4	0.0957752619174125
43.4	0.1922728709413018
39.8	0.0969025968348343
42.3	0.1263546181511586
42.1	0.1259887848873158
36.0	0.0952220096487214
34.5	0.1033681268606841
38.5	0.1232155860571836
33.9	0.1101761831910378
35.1	0.1025160672774511
36.5	0.1001059372497601
31.5	0.1093548792361569
34.9	0.1287821427531378
40.0	0.0977038824614947
36.7	0.100548256173901
31.1	0.1161614940786868
39.9	0.1256175895868967
35.2	0.0958271543306855
35.4	0.1258460266041767
34.1	0.0973722914245847
38.3	0.1074765489430814
33.6	0.1097280429422696
38.8	0.0947394697981857
41.2	0.1253530562478227
35.9	0.1095873793099645
39.3	0.0943070713870638
42.0	0.2209586551811013
33.3	0.0957016099038308
34.9	0.1270173992175407
40.0	0.1246179123745712
43.9	0.1734835012843311
31.5	0.125740625439354
42.6	0.2210714312779926
46.1	0.1547614188132663
30.5	0.120782208588957
31.7	0.1159245110412766
44.7	0.1564909016605007
30.4	0.1123991312940013
40.2	0.097862184026006
43.8	0.1559382809149921
32.1	0.1141627940749346
33.5	0.0974944168119558
33.5	0.1073120638551123
39.9	0.0964475871958418
45.1	0.1525897852373217
39.5	0.1033513001035869
33.3	0.1254669696118727
37.7	0.1234891489171934
42.3	0.2211585340003391
35.0	0.0963717318183609
38.1	0.1099951138902766
34.0	0.0991998088904422
33.6	0.1002570310179523
44.0	0.2019913855792358
38.3	0.1095611684457633
35.2	0.1093062251100398
30.9	0.1166264419148248
42.0	0.1253811750355763
31.5	0.1161305823294586
44.5	0.1555694370250383
39.7	0.1250359681561924
35.2	0.1228603637415758
35.5	0.1220283352252039
32.9	0.1161267397098016
34.8	0.1042772977661623
33.7	0.1094267981862833
31.8	0.1211117274819198
33.7	0.0988274117037491
32.3	0.1275021508459994
37.0	0.1238566342497957
33.7	0.1141942306562481
37.8	0.0992624242108448
40.6	0.1259618923120019
40.0	0.0956213217630659
33.9	0.098506124163785
32.9	0.1019025529102094
33.8	0.1270085686853499
31.7	0.1229262132170264
38.9	0.1079759692579696
44.5	0.1464996810101029
40.6	0.1263210729537915
33.2	0.1272771562298818
34.1	0.0987881620936562
37.2	0.124439370692726
39.2	0.0949193960425109
42.5	0.2198662746183639
31.5	0.1216583746371748
37.2	0.1236325547782683
39.2	0.095415131895033
33.9	0.0989864668144093
43.2	0.2191420125123175
40.2	0.1261262289701622
40.2	0.1240883746639262
44.6	0.1359367341453259
30.8	0.1128100642691098
32.2	0.1026935178334783
34.8	0.1022648108803422
46.5	0.1549358018633501
33.7	0.0998836292597042
43.6	0.1931464510817486
36.1	0.1068131743386257
32.8	0.1276310145291239
36.8	0.0999557847030864
46.4	0.1546984780758779
41.5	0.126120329697971
44.3	0.1348096000336991
34.1	0.111542864344301
33.0	0.1086961060653513
43.9	0.2006110614594808
32.3	0.1052100349695957
32.3	0.1029518929455598
28.2	0.1178165702139396
44.2	0.1497738042660873
36.8	0.1237474949899799
43.9	0.1356809157350102
44.1	0.2005394189703178
32.0	0.1232541848484406
44.5	0.150937490684711
42.8	0.2211820580474933
39.5	0.0941983522282725
35.4	0.0960333912888413
39.5	0.095443277615065
33.3	0.1012442366088126
32.3	0.1032647217921695
33.2	0.1062019583452939
43.1	0.2197112337238593
31.0	0.111231357513167
44.6	0.1692151181507951
39.5	0.095001314491228
44.4	0.1476031503338429
32.9	0.1028450394853825
44.8	0.1637735003450409
39.5	0.0945760947050546
29.7	0.1190162204932085
39.4	0.0937761532464002
29.0	0.1151024129159376
35.9	0.1075616223674572
40.6	0.0975743435023744
34.5	0.1142434346083242
33.7	0.1143473012588377
37.4	0.1241866792854608
36.4	0.1215301437929302
44.6	0.1556487393897763
43.2	0.1889756598370372
37.5	0.0991560552291772
42.0	0.1269798366046846
43.2	0.1893573866814429
43.0	0.2199367573647487
37.7	0.1093351637575995
30.2	0.1234819184892675
39.2	0.0949193523936573
40.6	0.1263563360613235
31.2	0.1223558016192844
33.0	0.1095418714337544
42.3	0.127062237784297
35.9	0.1090936012459692
44.1	0.1703439475968095
40.6	0.0969365171811298
33.4	0.103731955699007
33.3	0.1260051936192677
44.0	0.1549311528953814
34.9	0.1085241923251933
41.4	0.1002674351585014
39.1	0.0950140977007762
35.2	0.1022670507526308
31.8	0.1140015174910814
44.2	0.195920384351407
33.1	0.0958077169165716
29.0	0.1153479751965912
34.5	0.0988178012209291
42.6	0.2205208006097843
35.4	0.0959412971678324
35.8	0.1014193095377413
34.8	0.1047896220505324
40.0	0.0965540605943277
46.8	0.1544782608695652
43.9	0.1951455440137161
39.5	0.1240504545897855
41.6	0.2205267495571174
38.6	0.0965584492586268
44.8	0.1514691437371912
35.5	0.1041021053640458
36.9	0.1078475617983278
34.7	0.1030679283949129
44.6	0.1609067496730104
35.3	0.0962064273681482
39.1	0.0957699162311084
42.7	0.2197971639903225
46.5	0.1549076581179115
30.5	0.114235350166746
37.5	0.1083604240282685
30.6	0.0995881412961966
34.5	0.0978205696330016
44.2	0.147809299184966
33.1	0.1007637450878126
35.9	0.0987294556475113
38.0	0.0966320466210073
43.9	0.1867366459018001
36.4	0.1210954600468673
35.2	0.1110967257815637
35.3	0.1098135421059822
31.9	0.1225554642563681
35.6	0.1069934139180575
36.7	0.1211593659686535
33.6	0.1002517048179961
31.4	0.1173553882832928
33.3	0.1260619614926956
33.0	0.102846479638456
40.3	0.0983595802027539
29.1	0.1194396453029703
31.2	0.1163060344092622
34.7	0.0961610148592926
33.4	0.0980335187002239
32.1	0.0967500757754352
36.8	0.1214432094344941
35.9	0.1104975378561412
31.4	0.1130426174330544
44.5	0.1604670943848811
32.2	0.1018862397999226
44.4	0.1442465422856569
33.1	0.1070789002422837
44.1	0.200401226324163
39.8	0.124686423454849
38.0	0.1237872114970694
39.5	0.1035790419014632
33.5	0.1139576820671682
44.2	0.1496743193249962
33.6	0.0971702301963015
41.4	0.2213545816733068
32.9	0.1068037432579265
34.3	0.1240420096508657
46.0	0.1546468333576904
34.7	0.104889833559822
35.6	0.1077034728954993
35.2	0.0957368444882506
40.2	0.0955877236112743
33.3	0.1067131098994202
31.2	0.1130328035563819
44.5	0.150615641404001
34.5	0.0964835644861854
36.4	0.113453344278957
35.1	0.1249766959381617
37.9	0.1243447914558865
41.8	0.1257792524536736
47.0	0.1491102665830603
44.8	0.145706315347859
34.5	0.1050942800450642
43.9	0.1508269945161861
44.1	0.1947448244898406
34.7	0.0958630042779947
38.4	0.1085595350660732
39.3	0.095396906064323
35.7	0.1075035468151562
33.2	0.1116780414464221
35.3	0.0968693473478367
40.6	0.1019972131908964
35.5	0.1224948924025979
40.2	0.0986166411551551
36.2	0.1107794918197872
44.1	0.1969279341794969
35.1	0.1048606141757885
33.4	0.1055758937055258
32.6	0.1129095482677287
34.0	0.1238507512707367
33.1	0.1153601146633754
33.7	0.1013724715266051
33.6	0.1242294040724827
33.3	0.1031872174328157
44.1	0.2032958493996217
34.9	0.0978220067029986
38.5	0.1087020550609627
39.5	0.1236013129730504
33.5	0.0965107133461825
34.0	0.112146473578899
33.7	0.1114372419282622
35.8	0.1076871427684773
32.3	0.1242910235858212
36.8	0.1213298414829772
44.0	0.1489598995423227
38.8	0.1075122386447682
40.4	0.0985033598045204
33.0	0.1014310904398047
40.4	0.0996636645185581
46.5	0.1551050973755417
41.4	0.1265076953563643
32.4	0.1132497264679553
39.2	0.1236719764911583
44.3	0.1387254626545414
44.7	0.1603223242538003
39.8	0.1249526373384701
43.3	0.1565221912566033
39.7	0.0947268524608648
34.9	0.0972516778989511
31.4	0.1168486552188114
45.8	0.1554476037375665
33.0	0.1137233988233358
31.5	0.126093926930156
46.2	0.1553673297530382
