31.21	0.1473465952817287
26.96	0.2091846236429565
39.73	0.1634087946582958
27.98	0.1854601069792768
27.69	0.2138945041375808
26.84	0.2185578768742871
39.09	0.1806694132860193
34.59	0.1474873986203744
34.11	0.1480778056870002
34.88	0.1637966987137275
32.6	0.1621017373781384
33.97	0.1609036796536796
31.8	0.1626216654213044
33.95	0.1474672595051155
36.55	0.1511223527640245
31.78	0.1465682624103396
26.46	0.2216821295926369
31.5	0.1603515122663467
26.6	0.2237374497930002
29.61	0.1859291817166398
26.63	0.2134330573684538
37.84	0.1578385440788607
26.98	0.2081752399059225
34.0	0.1583333333333333
31.33	0.1472830058325694
31.58	0.1588797320812949
27.33	0.2193188711291741
38.76	0.1706201097883831
34.14	0.1590099552470545
25.65	0.297493168920339
31.57	0.1771613085223208
30.13	0.1841546176500562
30.74	0.1482221100106728
38.17	0.1576323016351179
31.11	0.1470630412916975
30.29	0.149453067384705
28.92	0.1855904367023854
27.9	0.2045496571038741
29.95	0.1551643271442207
31.19	0.178405995866252
37.89	0.1567133472508211
30.17	0.1504584352078239
32.95	0.1463454198651196
31.89	0.1730721688694494
34.36	0.1463607751050772
30.86	0.1851344865485052
37.41	0.168189171730568
29.85	0.1551127339242017
31.97	0.150891325906555
26.18	0.2309127853171153
26.42	0.2287734054372143
28.41	0.1879616533081879
31.92	0.1462105299286106
25.56	0.2961840470003389
33.52	0.1463060693098542
28.3	0.1859803905609905
27.32	0.2184430589482502
35.92	0.1509169241007936
34.07	0.1602239548851409
33.46	0.1452343347789286
26.47	0.2278261706530632
37.58	0.1562207415931553
35.52	0.155512145464757
33.15	0.1632335463377977
36.02	0.1641103067098447
32.59	0.1611456835498171
31.74	0.1656093661354376
31.86	0.1743503402559853
33.42	0.1469928106503142
25.9	0.2790494558397
38.47	0.1602946693775506
30.08	0.1838956517220324
36.23	0.1643999638532441
33.42	0.1618816704810677
40.72	0.1654647086688772
30.26	0.1835720030499587
32.09	0.1519941931540342
38.78	0.1612543426892207
36.11	0.1641347237880496
26.46	0.2258818021535795
31.71	0.1514344098601021
38.87	0.1602811412016536
27.03	0.2050637228893485
26.89	0.2124875202021038
25.63	0.2995912548911225
36.29	0.1512240334255281
34.91	0.1642618293884568
27.11	0.2041519041909714
31.52	0.1468381545731656
27.52	0.2159746718425817
39.14	0.1622979776930839
30.94	0.1818098714901597
31.72	0.1566043077322912
30.57	0.1835649041204566
25.9	0.2766987633043493
31.89	0.1485947341380338
31.09	0.1474336776324954
28.64	0.1878375720106786
33.16	0.1444895598226134
35.44	0.1491084503402532
31.71	0.1472071374474862
31.85	0.1715670080387622
35.86	0.1507824690816707
29.37	0.1846631198292633
29.15	0.1862423059930242
34.51	0.1454305666574047
33.81	0.1443414913763704
37.53	0.154922479471141
35.56	0.1608196093450785
35.55	0.1622224646232262
33.73	0.1396969183104788
31.84	0.1462365270594823
27.96	0.1854290062411512
26.07	0.2679497513018209
31.79	0.1515888603801003
29.42	0.1852529592700513
27.57	0.2166283820939572
27.33	0.1957667139344582
31.55	0.1608881317262807
26.48	0.2254851902342297
29.55	0.1858041060981712
33.46	0.1639728131568613
35.05	0.1536288368879597
34.11	0.1474093127184515
30.51	0.1494429802725034
36.18	0.1515492669868825
32.48	0.1504310747915662
33.09	0.161960822627131
35.38	0.1482428376878846
26.39	0.2259660661855431
30.52	0.183268912054882
27.62	0.2163871095555702
37.35	0.1554797807982193
31.59	0.1580421620004128
32.79	0.146723763293874
25.78	0.297945553354665
30.99	0.1815206611570248
25.88	0.2748776090107156
26.42	0.233957615596152
32.66	0.1478196290284906
25.95	0.2753069241644454
25.85	0.2953745954986728
26.6	0.2179063905380311
40.39	0.1654180973812319
34.73	0.1466762902715054
28.31	0.1869224043775381
32.13	0.1521407369928283
33.42	0.1613399399714078
34.94	0.1454934260238778
32.29	0.1450021707832682
32.45	0.1619321154576947
30.11	0.1840889798451521
35.51	0.1594811804335091
28.55	0.1893132337695088
27.21	0.2006625057962595
32.02	0.1465269071186628
32.96	0.1632367530030839
30.72	0.1475370484531431
26.77	0.2211000168284063
26.23	0.268348272933033
30.05	0.1529731069984833
26.11	0.2615373361652546
31.68	0.1473782724856274
36.3	0.165354372826959
34.32	0.1481819607950127
30.24	0.1516991265589745
27.22	0.2024835983721854
34.59	0.1486931281595467
34.45	0.1604861765670809
27.64	0.2151807072903107
27.4	0.2169796528981493
33.36	0.146381270630425
33.98	0.1428474859073305
25.97	0.2759938837920489
31.32	0.1474618677712566
33.05	0.1451337993778894
27.84	0.2095243606064113
31.86	0.1742300837469577
28.1	0.1868408308222126
32.06	0.1608085233495967
28.36	0.1884325221269429
25.63	0.2988958932162199
34.26	0.147514650325728
36.07	0.148771164970295
25.67	0.2987519277631705
31.71	0.1551943816645683
31.73	0.1514387304409249
38.12	0.1599671352082735
34.13	0.1455986510483155
30.7	0.1830848532474597
34.5	0.1484727703914166
38.8	0.1621859999087589
32.84	0.1475593547210132
32.08	0.1616341848070082
25.66	0.2982845296152276
29.66	0.1841761414066751
25.79	0.2792360038886029
26.87	0.2148088667596539
31.48	0.178065292826287
25.65	0.2976275530310928
30.32	0.1837236994588388
33.54	0.142600303603382
29.48	0.1857154598038299
31.26	0.1763182100077347
37.22	0.1554349561053471
31.07	0.1821959405465878
27.03	0.2110512211042958
31.05	0.1812787399840295
37.58	0.1562677733541874
32.4	0.1493349706871423
32.76	0.1478331740125603
35.45	0.1546500936724437
31.86	0.163730084348641
37.26	0.1679575411841368
33.51	0.1626551898481339
28.62	0.1884675251167397
30.3	0.1509945925067593
36.02	0.1503962713131035
33.85	0.1467447062545958
31.96	0.1512189455450534
26.23	0.2447834766705303
30.81	0.1843566040692078
32.96	0.145882901967557
32.52	0.1494116338467414
33.44	0.1614940736119775
26.38	0.2360035827533665
32.74	0.1459852507772439
30.17	0.1505577562785538
27.2	0.1943137051627616
37.63	0.1555994889149803
27.33	0.1957958332683418
28.57	0.1889717403624968
32.22	0.1609786387033501
25.95	0.27674904674481
26.63	0.216950677200084
33.87	0.147585480473181
32.93	0.1625069476472605
27.83	0.2136496607155874
27.82	0.1860990770389904
35.46	0.1544694788807251
25.76	0.2966845200177537
32.5	0.1450197210472162
32.27	0.1513139794476098
35.21	0.1529997603387212
36.68	0.157534830821723
36.5	0.1656069707642775
33.89	0.1429299899417557
35.78	0.161768415741675
34.65	0.1465658573738377
38.01	0.1587345322148146
30.06	0.1543247968017607
25.81	0.2957293597765438
27.79	0.2074978113589706
31.42	0.1484544425024968
38.88	0.1615471038192102
34.63	0.1483180226026039
28.21	0.1856657515350232
34.65	0.1507466258603058
26.02	0.2669642119183404
37.16	0.1538261322228006
36.14	0.1554689270603691
27.49	0.2184836550258078
31.61	0.1481333361696696
25.58	0.2979956572573909
25.93	0.2696900266276092
33.51	0.1460716439551936
30.13	0.1535877155397033
30.6	0.1826829432791528
29.22	0.1855043718747381
27.19	0.1982000820550828
27.46	0.2178333114073554
26.14	0.258139215975451
33.34	0.1609583896650142
32.86	0.1630958411018547
31.29	0.1762788001738878
35.7	0.1485344993273111
33.8	0.1561861733990574
28.38	0.1872576222901039
33.13	0.1467453591819074
33.12	0.1463993876974183
36.86	0.166224533435809
31.48	0.1875232240230805
31.73	0.1557971014492754
38.53	0.1702577076959284
33.98	0.1480226299254548
29.75	0.1571006208731644
31.49	0.1477068439967881
27.51	0.2171289330803951
29.94	0.1845193979962736
32.02	0.1456025560526687
25.63	0.2977898452645596
27.76	0.21447670506274
27.05	0.2078613462575796
33.57	0.1463281255933709
27.35	0.1936139286998108
33.78	0.143044513588096
26.99	0.2075395403870996
35.54	0.1488365086314441
36.64	0.1534695535605475
25.64	0.2972801826803836
34.91	0.1538379555980471
35.08	0.1515745971960661
31.62	0.1788266880861539
27.74	0.1867720433308007
30.02	0.1520264367072223
27.23	0.2009928072130483
32.17	0.1456572577121384
35.91	0.1492316659774075
36.04	0.1487603940785767
25.64	0.2988594389596466
32.5	0.1485591870195356
34.07	0.1441276333285077
25.69	0.2972638368982181
32.57	0.162333495482255
32.85	0.1466446801622099
32.85	0.1616731876045476
32.38	0.151402697411573
31.77	0.169425559168391
33.97	0.1446459306915642
25.7	0.294745875191652
31.94	0.1747798965612539
25.95	0.2727874461849136
33.21	0.1633202797202797
29.57	0.1855591568423816
36.52	0.1660142310270995
34.65	0.1475264791116354
36.75	0.1532800543804079
29.45	0.1853949074535842
35.47	0.1620231202698653
27.51	0.216815337861995
36.84	0.1585761431266231
33.65	0.1441410092295168
30.55	0.1484371617325673
31.5	0.1597211377035099
31.28	0.1759325860484645
26.32	0.2373557350565428
35.9	0.1637517703102871
32.61	0.1481424034411075
34.56	0.1598804508458874
27.32	0.1965501790940748
25.86	0.2772794442091797
37.71	0.1590275425862021
30.78	0.1480960263941678
34.46	0.1499442118567083
31.34	0.1755425376115031
34.1	0.1477972981444333
28.46	0.1884697039406218
27.79	0.2135266873638966
33.85	0.1441855297606971
33.13	0.1636342783263301
35.2	0.154759074482351
30.56	0.1827616175042176
31.1	0.1828280738850965
31.15	0.184362806449238
31.54	0.1796761550282677
33.23	0.1454385537132506
31.76	0.1548774849745723
34.84	0.1638422840888139
32.01	0.1679208120801979
32.2	0.1598972040746818
32.74	0.147886257617024
31.69	0.1546875731092961
30.54	0.1488768458689413
32.27	0.1451240971046589
33.33	0.1453723722724853
32.37	0.144627983768954
34.35	0.1591117834566967
32.39	0.1631783262981888
32.23	0.145797295779394
35.63	0.1631263333909934
31.07	0.1842167022464761
35.52	0.1616425907937204
30.9	0.183269204552726
26.35	0.2432546925583268
32.38	0.1511921491181864
25.86	0.2974012597829361
37.6	0.169088386068328
31.6	0.1564065607268614
28.14	0.1860546826805993
26.17	0.2591868910082448
31.89	0.1520907893641709
34.88	0.1451382946174669
26.06	0.2691717791411043
30.73	0.1477533355386481
27.87	0.1853804390589346
28.01	0.1861605025607601
33.71	0.1434603562331724
36.03	0.1559612876655913
29.14	0.1862801575510676
34.07	0.1471979918126312
35.87	0.1560038848771872
35.23	0.1542719386991257
33.7	0.1633937641634758
31.18	0.1802840468514059
30.72	0.1482805094685148
35.35	0.1542879056612818
39.06	0.1611436182952397
28.77	0.1892854486927514
34.27	0.1444698682625001
31.26	0.1820951535450546
34.6	0.147132110353193
32.72	0.1608810556404317
34.17	0.1470087793483951
32.27	0.1453865471146428
28.22	0.1862435958520929
34.82	0.1626361228293927
33.27	0.1466329932316395
25.55	0.2988907290939978
35.32	0.1441526554436529
31.12	0.1848029879725213
28.85	0.1874393805428288
26.28	0.2431858481141106
31.05	0.1823819749367007
25.61	0.2973465652088407
27.59	0.2144630171192424
31.97	0.1738283761688681
38.32	0.1594257643965385
27.46	0.2184377580605849
33.72	0.1675214142881303
30.7	0.1481814414294774
27.33	0.2182587151924002
31.93	0.1662976200854328
35.21	0.1459472317251702
33.78	0.1608291055101874
31.48	0.1476132322833231
26.54	0.2211820368214144
29.9	0.1565146396396396
31.22	0.1852023765317489
29.52	0.1852927114475147
25.57	0.2983315992669389
32.96	0.146700669774594
32.38	0.1633566831762948
31.86	0.1513672249262254
35.97	0.1492106431945734
25.92	0.2777193549334665
33.06	0.1625708065721496
31.97	0.1609787646868599
31.78	0.1693112375182713
28.06	0.1846881373643715
42.25	0.1644704669161422
27.37	0.2166974940334128
28.84	0.1875620483149545
30.94	0.1831515175291358
30.75	0.1842260786956232
37.76	0.1702329908583447
36.54	0.1577309990877328
33.36	0.1636705770468607
31.42	0.1766627575808343
35.51	0.1473466681291068
31.04	0.1851859086043768
29.84	0.1857030228046501
37.11	0.1668877087275408
34.77	0.153360057687387
28.29	0.1869437985502216
31.97	0.1464557653566428
31.84	0.1518026794822826
36.54	0.151980277991641
31.22	0.1771892916982452
31.41	0.1779239283059387
32.86	0.1613548205303452
26.7	0.2122215994289464
28.58	0.1887858830767509
31.44	0.186449806755565
35.54	0.147633350735997
29.44	0.1856080423494731
31.96	0.1461796248966788
25.72	0.298551646584736
31.31	0.1761569690015713
29.67	0.1859803702877537
33.64	0.1462319382637834
35.67	0.1478256774690697
25.73	0.296993952700903
28.66	0.1877414722541969
28.95	0.1876013316327632
27.19	0.1990279690645196
34.88	0.1516094398232118
36.95	0.1532179321617495
35.96	0.1554151215800918
27.83	0.2134908801669393
35.7	0.1495497055767232
26.08	0.2697919590611707
34.2	0.1582707566959535
31.47	0.1874657615815172
35.07	0.1537946683330715
27.76	0.2143308855515949
27.88	0.1856353183768168
27.16	0.1983231352289809
35.95	0.164051683177422
33.34	0.1610976445439947
25.73	0.2769671135637388
33.87	0.1582374846366921
36.67	0.1533648519244556
35.4	0.1566825014909412
26.66	0.2176815640437736
29.93	0.185481058426906
27.24	0.1980024752280126
25.99	0.2753607708437569
31.5	0.1786983180997679
26.66	0.2202081788470517
25.59	0.2988047703831688
33.0	0.1454549957632656
34.18	0.1446257800507706
33.85	0.1475037190716663
36.26	0.1510117082925675
36.96	0.1541591584240508
33.85	0.1594958155773476
25.75	0.2989992752477024
31.78	0.1627156388863233
26.28	0.2406553687551209
33.31	0.1472583853780553
26.9	0.2158543147165666
31.63	0.1584158502129083
26.32	0.2343345350488977
32.85	0.1466076889881231
31.79	0.1728642220019821
32.82	0.1455771853535857
31.91	0.1677045246800731
34.62	0.1600161270452789
30.47	0.148491895242629
31.91	0.1671141560966577
36.96	0.168236885075724
29.72	0.1858657222942578
30.1	0.1844185142168438
27.45	0.2167407106801368
26.18	0.2645253778821855
34.89	0.1535131909353008
27.9	0.1863726399190829
26.15	0.2660538893849467
25.73	0.2973878542817548
32.34	0.1632506497062759
31.5	0.1784921664570258
33.6	0.1465270989670746
28.33	0.1877911809094687
31.29	0.1800407136294579
35.75	0.1615931131048073
27.8	0.1862647704695179
34.66	0.162714165188422
26.29	0.2426955959255881
31.46	0.1474912882711626
42.5	0.1551052591475859
31.34	0.1857251107484261
26.82	0.2259599957214675
31.95	0.1607641573441469
30.24	0.152068597758038
32.11	0.1459213104647834
35.79	0.1557125618566874
37.16	0.1557605080133051
26.08	0.2724517238338771
34.81	0.145898788362366
31.8	0.1698971249489031
31.92	0.1506912843105996
25.63	0.2982819767655016
34.32	0.1442711067808246
35.61	0.1558295577029858
36.39	0.1570426451457776
31.63	0.1477776119218721
27.83	0.2134667436055204
26.06	0.2716192100307996
29.02	0.1859166395310973
25.62	0.297969481180061
34.25	0.147487201829866
26.56	0.2196072387829686
34.32	0.1553175995158825
34.14	0.1615341986817028
36.23	0.1568006486736939
26.38	0.2310701533960441
33.32	0.1463950711577829
33.64	0.1469121120741759
25.56	0.2984242075431461
27.68	0.2135884469926028
33.81	0.1700107453355475
31.99	0.1605519726076374
31.73	0.1553105113012947
31.95	0.1510843595075654
26.62	0.2154180525702758
36.16	0.1510880998245764
32.27	0.1508732927188758
34.21	0.1473875063484002
26.16	0.2618354706175299
30.44	0.1824362244558698
35.09	0.1639242238783615
33.5	0.1642004337269877
31.34	0.1770776733768901
34.36	0.1599645288333637
29.96	0.1834826347794148
36.0	0.1497874043319493
40.11	0.1646848626324295
31.32	0.1853933243730229
36.7	0.1533808442321246
30.3	0.1493243660570291
31.79	0.1736062503547038
39.68	0.1628972679774456
32.78	0.1471373559803369
34.65	0.1477144000089726
31.8	0.1514604462474645
30.32	0.1841819667694118
34.91	0.1635502723375912
34.83	0.1520100472855095
26.34	0.2294761522548823
31.61	0.1582456855601852
27.03	0.2117508329791173
33.35	0.159474015527733
25.86	0.2766755830815361
28.91	0.1875825447983868
29.17	0.1852819628478344
29.78	0.1567923853262496
36.59	0.1671460433481654
26.73	0.2162130938025748
34.65	0.1462821368287962
25.5	0.2969657737070449
33.87	0.1596274455190695
31.18	0.1841220894542236
27.67	0.2147444825097337
37.18	0.1583077668335217
34.44	0.1600930718721679
33.49	0.1451294693567502
31.77	0.1463543415820337
38.52	0.1603185543260697
37.64	0.1561003215299085
26.55	0.2184163950834279
31.94	0.1492984660212624
31.89	0.1653362755444689
31.09	0.1806216520679587
29.2	0.1866221963832196
28.08	0.1848504852508238
27.91	0.2051803461081624
27.01	0.212257807235874
37.35	0.1588486484672821
26.77	0.2199508695530804
26.09	0.2709804736186123
32.72	0.146461249176133
32.44	0.1633797093818498
33.84	0.1470106103593974
34.59	0.1596372662805355
36.26	0.1640555848032721
34.59	0.146066326719593
29.96	0.1538754433609642
30.75	0.1837762894307345
30.24	0.1500577533930118
32.07	0.1642070708537896
26.04	0.2735545653317096
37.0	0.1579394373904319
37.87	0.1585678083547812
34.51	0.1523087132579824
31.25	0.184123610343257
31.84	0.167531504818384
31.58	0.157026237726217
31.23	0.1836454149113352
39.06	0.1551858254105445
25.93	0.2788500089257756
32.52	0.1492970757195231
32.6	0.1617467573535122
29.17	0.1853534954977999
34.9	0.1468023877712984
36.19	0.1653734665355349
34.33	0.1494978045967338
34.77	0.1606920511395219
31.5	0.1796666736634411
30.36	0.1831730946717788
26.86	0.2187038186336856
32.74	0.1607734129092916
30.44	0.1497623888255742
36.25	0.1515728521364509
30.31	0.1511191962026841
27.71	0.214192392984121
27.98	0.1857916472076024
37.01	0.1547242994416371
29.2	0.1852130353226838
27.1	0.2030197682528483
26.51	0.2290278556222714
28.83	0.1882768650744062
27.31	0.2192828891914673
32.87	0.1462173705399597
32.46	0.1485991467267634
38.27	0.1606096358984069
27.55	0.2154224940029908
36.57	0.1663458879486754
31.1	0.181995901824592
27.74	0.2156812296158458
