40.9	0.1197045496563153
44.3	0.1748076021220015
31.5	0.1524715635144618
41.9	0.1547738397910434
46.5	0.203069235825401
43.7	0.1829988063740724
31.5	0.150910387623361
34.8	0.1206052952610174
38.4	0.1197054719917306
36.4	0.1359246954595791
38.4	0.1338556138302944
33.8	0.1303775487340354
30.4	0.1363106948155543
39.5	0.1192024340670514
33.1	0.1247651970766049
40.0	0.1191995614907948
45.4	0.1854853649499814
34.3	0.1312460518892262
45.5	0.1872327353757185
37.4	0.152787920258063
44.3	0.1788532637767878
31.8	0.152120933217097
44.1	0.1741899039695989
35.7	0.1295212901256549
40.9	0.1199553360266122
33.6	0.1300360338208837
43.7	0.1971555651624488
31.7	0.1426206484386672
36.5	0.132214317474433
41.0	0.2612181135390115
31.5	0.1775070507373854
36.8	0.1502618308766485
40.5	0.1213172119781577
32.0	0.1451244445110947
40.8	0.1190032834473542
40.4	0.121759920362488
39.9	0.1532295049871399
47.0	0.2093116327141825
40.5	0.1266585837021911
34.7	0.1624026141399695
31.9	0.1429258999973074
40.9	0.1232038684051463
34.5	0.1196999371653873
29.4	0.1446813971893649
34.5	0.1203869848493499
34.6	0.1527756953815227
32.9	0.1415321778412349
39.5	0.1271538972619505
33.9	0.1226375950208665
44.5	0.1958372442748862
44.3	0.1943172069174848
40.4	0.1559884348688152
39.8	0.1187361525534177
41.2	0.2609312411867482
39.6	0.1186224695887465
41.0	0.1551752272269876
43.9	0.1976653861594248
33.0	0.1247571788057665
36.8	0.1329117023412517
35.4	0.1186809522180798
44.8	0.1912671748069401
31.1	0.1453220776693585
35.7	0.1268324342249409
36.3	0.1348101027590619
34.4	0.1370751048584411
38.2	0.1329445071583436
28.8	0.1366871165644171
29.4	0.1469276069240378
39.5	0.1180054163801785
43.9	0.2407589894739333
31.5	0.1549776200030868
36.6	0.150462114734742
33.7	0.1376238539534991
34.8	0.1343297746144721
31.5	0.1498229697220781
37.0	0.1498525977257934
34.0	0.123603437068335
31.2	0.1544413956211754
34.1	0.1363385464581416
45.1	0.1902721519455448
32.6	0.1220946263352464
31.5	0.147508339144828
44.1	0.171220605302143
44.9	0.1774839131857345
42.9	0.2630319448067254
33.2	0.1252339378738182
36.4	0.1368432242804369
44.3	0.1708210205148447
40.1	0.1196130370073078
44.3	0.2000127388930833
31.2	0.1505606181497501
32.5	0.1523065431729907
30.4	0.1252914328617719
35.3	0.1509448008699559
44.0	0.2388354857015115
32.6	0.1189850542456966
40.6	0.1191071161546513
40.3	0.1563426981010358
35.4	0.1191952620524049
34.1	0.1232202980049428
39.8	0.119236973632339
29.0	0.1435782670654115
33.2	0.1248012957019885
37.4	0.1533062808555806
38.9	0.1525625744934445
35.1	0.1193062708662232
35.9	0.1180800970814995
32.2	0.1529363823769116
32.1	0.1324551702346156
32.8	0.1352583664572381
34.0	0.1129289505819024
39.4	0.1185575858694431
42.1	0.153905953584382
42.9	0.2296664915966386
31.8	0.1210508332793326
37.1	0.153021691347883
44.6	0.199366629014039
43.0	0.1634498352606757
34.6	0.1320522361478872
45.0	0.1902700818273549
37.6	0.1526323727352146
35.7	0.1357087465817721
37.1	0.1245578938399931
38.6	0.1195138143254402
40.5	0.1215450511419124
33.1	0.1249030887489462
35.2	0.1234069546679682
37.7	0.1335805616718816
33.7	0.1223068838675775
44.9	0.190914819898024
36.1	0.1501399958616752
44.3	0.1995741032403567
31.4	0.1416863860365152
31.5	0.1284843205574913
39.2	0.1179262598180787
42.6	0.2608561253955049
33.4	0.1526264542447999
43.7	0.2374959453230368
44.9	0.1972836549392915
34.8	0.1212149282206122
43.9	0.2374051433389545
44.1	0.2588800100644981
44.5	0.1838754074610648
31.3	0.1536267153039917
33.5	0.1200721521053432
40.9	0.155707479218319
35.2	0.1238132886958992
33.0	0.1337765072450615
33.3	0.1190607103635841
38.3	0.1180262966858243
38.5	0.1336657909969277
36.5	0.1498809216737579
26.4	0.1399404182794675
40.4	0.1562236756305954
44.5	0.1671071270005708
39.2	0.1183409653600929
38.7	0.1346147521213848
40.4	0.1209455194480116
44.0	0.1851648473553425
43.0	0.2303223255826131
41.3	0.124635818635249
43.5	0.2240201338454919
39.7	0.1193448510043968
33.5	0.1380934913056808
38.4	0.1208082826990725
41.1	0.1234222495645201
44.4	0.1686363587946442
38.4	0.120934204861792
35.5	0.1332357325100916
46.1	0.2011864890668025
44.6	0.1973599854844562
39.5	0.1185256243741707
35.8	0.1158090332136994
43.7	0.2391269459155834
40.5	0.1194716685062301
35.1	0.1189522952901159
46.8	0.2111684371153738
30.3	0.1461823943050612
40.8	0.1556332508195264
37.1	0.1330716824644549
40.3	0.1563437415718586
42.5	0.2627582187387976
33.7	0.1265644697695527
33.8	0.1231012167228064
42.7	0.2615919002714489
33.0	0.1266278205484584
32.5	0.1220229520791318
31.6	0.1531475684220314
35.4	0.119190796015807
35.4	0.1509834936621688
38.6	0.1204108926844988
31.1	0.1550445103857566
34.3	0.1202397537608433
36.5	0.1341900864776643
41.8	0.2619919229111573
37.5	0.152230462296116
44.0	0.2406419185968471
44.9	0.1795470874398758
30.2	0.2065572553096688
42.6	0.2617314261852174
36.7	0.1498787304963619
35.2	0.1151719901719901
37.1	0.1531688951917882
33.4	0.1725469888451866
31.4	0.1458041631662466
33.1	0.152464951013187
44.5	0.1762201611677056
33.0	0.1527091320615271
31.5	0.1418091533142324
35.2	0.1217039595882444
34.9	0.1201683186200356
36.4	0.1261130166932101
29.3	0.1348413458718645
33.3	0.1407691004771834
36.5	0.135452098178939
40.3	0.1564669875173448
41.0	0.1228946651634101
33.3	0.1242311564081939
39.0	0.1189580668732388
34.6	0.1221924458816893
44.0	0.207230921991684
35.5	0.1509654608993117
34.8	0.1191170236279244
35.1	0.1216924831242768
36.3	0.1345587345143456
45.0	0.1999653849775893
39.3	0.1181921682876161
40.7	0.1227495447204755
42.6	0.1626009757658161
31.7	0.1433852686537571
42.5	0.1631838181499685
40.1	0.1569228797932022
38.3	0.1336502544672815
43.9	0.239102778331653
44.3	0.1829346550774609
35.1	0.1265885358566172
35.5	0.1340144800455019
47.1	0.2091668907412386
42.4	0.1557478983236332
36.1	0.1263594505562516
43.5	0.2606664562179643
39.0	0.1172184040773598
35.3	0.1232263164626768
29.5	0.1326456451669553
35.1	0.129405896276515
33.0	0.1387294583416274
34.3	0.1164184418204473
33.2	0.1350297001697152
33.1	0.120035855794859
31.8	0.1527711615157373
40.6	0.1256008344923505
44.0	0.2601342168234461
47.1	0.2082056579549311
40.5	0.120474293222566
31.1	0.1538338673929438
38.3	0.1205016545812493
41.2	0.1547332974137931
32.0	0.1307945224386781
43.2	0.2274994910732934
32.2	0.1426731789573528
34.7	0.128015366959809
44.3	0.1981540433541016
39.9	0.119568501357777
41.2	0.2622756542181289
43.6	0.2311188071908981
34.8	0.1202973691318502
40.6	0.1251939348749322
35.4	0.1492493190024706
37.1	0.1538843585168989
44.5	0.1655540055799123
44.6	0.1972963917525773
44.3	0.2202112697744608
32.9	0.1323615413795283
38.9	0.134893653878426
31.7	0.1605974167098861
33.9	0.1230626740550844
32.8	0.1288111627906976
40.5	0.1557098846013263
39.5	0.1176910355140818
39.5	0.1179768259009138
33.4	0.1384242736503468
32.4	0.1573523407125991
30.0	0.1224472414119428
32.3	0.1427527201265397
34.5	0.1272591962577078
39.7	0.1285098169670197
40.5	0.1201482007770852
45.1	0.2006907996295153
37.0	0.1531347953164787
39.5	0.1182244115631771
41.5	0.2611759984163098
46.5	0.2042674203618949
43.9	0.173908017859879
39.5	0.1185856943951156
42.6	0.1614515203375195
33.7	0.1162294546641994
44.2	0.1732160339023964
33.6	0.1217557525656177
32.2	0.1273670037528289
42.8	0.2610927376370788
37.2	0.1247200617669433
30.4	0.1297342657342657
30.4	0.1495285685905958
42.1	0.1560038509806172
41.5	0.1241938478606594
44.5	0.1677972416964174
38.7	0.1185428970793107
33.5	0.1233926246871712
33.9	0.1231536393568069
43.2	0.2622579769902761
34.8	0.1214082996310724
35.6	0.1179230897697485
42.3	0.2612849779086893
38.4	0.1351203501094092
34.5	0.1199813376830516
39.1	0.133480365788058
35.5	0.1245000075030137
29.0	0.141828269392327
35.3	0.1184984485399056
43.8	0.2589877709876445
29.4	0.1461998830040948
44.0	0.2361018542015834
34.9	0.1350102352710243
37.4	0.1530590612942889
33.0	0.138071216780447
33.3	0.1209024296182028
32.4	0.1271823687950061
36.8	0.153381506153325
33.0	0.1350583152057583
44.8	0.1982028693203441
35.2	0.1295744908459242
35.7	0.1179647222509401
40.7	0.1215946718672214
34.6	0.1306724829598226
32.5	0.17462294897504
44.8	0.200904590183974
33.5	0.1368444178573508
35.0	0.1211940806259568
35.6	0.1330151321908538
43.3	0.164323949427553
44.0	0.2413061841724409
34.0	0.1314326953495729
39.9	0.1206720599974354
33.4	0.1293534465413866
31.3	0.1702614365946908
39.1	0.1193159014795603
40.2	0.1561331790290486
47.0	0.2090862023558705
33.6	0.1182392812524919
36.8	0.1351707209385446
36.7	0.1260416606663725
35.7	0.1498359690444145
32.8	0.1519420034458072
34.1	0.1548995925605999
30.4	0.1495911286876281
35.5	0.1191370894889242
31.6	0.1188531711555169
36.6	0.1362405647078849
31.3	0.1381159906134763
38.4	0.1323690249653873
35.0	0.1203927110620892
30.3	0.1245120059147403
40.3	0.1209471821103098
38.5	0.1173512697440572
35.0	0.1192546614319749
38.4	0.1174182438012898
35.6	0.1323810433785591
37.8	0.1337854863588729
38.7	0.1184950672582921
32.9	0.1356361023180125
34.8	0.1524846664856748
32.3	0.1350995632621292
35.5	0.1509934458098253
44.1	0.2062192787826972
35.9	0.1234954015864482
43.3	0.260110975525522
32.8	0.1413432521580461
31.1	0.1257035191831521
40.9	0.1549916495323469
44.1	0.2218798032388103
33.9	0.1234689983279052
33.4	0.1189600923797315
43.4	0.2301319513164457
39.8	0.1205607025670719
42.3	0.1554374888382305
42.1	0.155337018924091
36.0	0.117105515874036
34.5	0.1281682190234264
38.5	0.1523377426540206
33.9	0.1261847143003314
35.1	0.1272696564420434
36.5	0.1252393444505037
31.5	0.1357982113975834
34.9	0.1795088257866461
40.0	0.1213430367411921
36.7	0.1258855652033065
31.1	0.1470565696507119
39.9	0.154769344844023
35.2	0.1180753828346393
35.4	0.1525752261399298
34.1	0.1204371064000515
38.3	0.1319647912952831
33.6	0.126411369105156
38.8	0.1178841274497544
41.2	0.1549417626608135
35.9	0.135117309740765
39.3	0.1181462366416607
42.0	0.2623447927012722
33.3	0.1172582107982474
34.9	0.1543355578791979
40.0	0.153875253417304
43.9	0.2081569765041087
31.5	0.1527731169848069
42.6	0.2620051683457548
46.1	0.2020847338507608
30.5	0.1461061477583323
31.7	0.1534625714717452
44.7	0.1985342056050825
30.4	0.1385173824130879
40.2	0.121092980221576
43.8	0.197124500998004
32.1	0.1386925144519312
33.5	0.1198676826701374
33.5	0.1325053547179848
39.9	0.1193305497533143
45.1	0.1854708354500531
39.5	0.127587236464034
33.3	0.154487782288651
37.7	0.1523805159168896
42.3	0.2622093859041545
35.0	0.1195705573889547
38.1	0.1352530445959782
34.0	0.1233418519668489
33.6	0.1239238725911317
44.0	0.2394808775085858
38.3	0.1338507212769824
35.2	0.1332279678561093
30.9	0.1424597674597674
42.0	0.1545657098592074
31.5	0.154989262221621
44.5	0.1995900794543137
39.7	0.1547774973644698
35.2	0.1509756745142156
35.5	0.1510842632030705
32.9	0.1423832648045749
34.8	0.1290801220391968
33.7	0.1348753518878602
31.8	0.1481072266756072
33.7	0.1211814670662158
32.3	0.1541473259334006
37.0	0.1536266614325012
33.7	0.1407155195713228
37.8	0.1241691518349214
40.6	0.1556951794266865
40.0	0.118724702928508
33.9	0.1240588990123464
32.9	0.125626512489748
33.8	0.1770993410519032
31.7	0.1492401944007119
38.9	0.1326441144147444
44.5	0.1788500296384113
40.6	0.1560946838188842
33.2	0.1560870435769234
34.1	0.1217266288429083
37.2	0.1535353535353535
39.2	0.1182892990849423
42.5	0.261513182315356
31.5	0.1486007149396626
37.2	0.1522679032384514
39.2	0.1187708924569146
33.9	0.1219112672015915
43.2	0.2615868674927457
40.2	0.1560058413405535
40.2	0.153593088914271
44.6	0.1651662522165213
30.8	0.1309814693560322
32.2	0.1272971021797878
34.8	0.127772447975959
46.5	0.2074374221061009
33.7	0.1237933124679291
43.6	0.2320125787851061
36.1	0.1320715625032373
32.8	0.1563070790434246
36.8	0.1245095804479537
46.4	0.2069210089801521
41.5	0.1556522656538481
44.3	0.1647423312722631
34.1	0.1370929981744432
33.0	0.1328972474936484
43.9	0.2391381520849408
32.3	0.1303293153657639
32.3	0.1274457619934746
28.2	0.1363196171001294
44.2	0.1829526337611338
36.8	0.152593744732819
43.9	0.1650633135616841
44.1	0.2381166420056395
32.0	0.1493196372359047
44.5	0.186085145421636
42.8	0.2623032868720625
39.5	0.1177575076083656
35.4	0.1182947286208649
39.5	0.118663134630225
33.3	0.1249599563480189
32.3	0.1274447348107917
33.2	0.1311296401329424
43.1	0.262557072293518
31.0	0.1354947082040871
44.6	0.2040721615121508
39.5	0.1184732397445005
44.4	0.1801643531310398
32.9	0.1291959951562189
44.8	0.1986282294082498
39.5	0.1173226056611089
29.7	0.1468183752547763
39.4	0.117791134253179
29.0	0.138943277560223
35.9	0.132971121344797
40.6	0.1213118184406505
34.5	0.1389244191596189
33.7	0.1405647201584376
37.4	0.1535142723718952
36.4	0.1505864290748011
44.6	0.198482619497858
43.2	0.2259576901086335
37.5	0.124917340766326
42.0	0.1553753507151166
43.2	0.2266815571487329
43.0	0.2618255185518363
37.7	0.1349967279186446
30.2	0.1497260043704824
39.2	0.1182770323152915
40.6	0.1555068031490893
31.2	0.1503155444278067
33.0	0.1342444688945742
42.3	0.1559528646891507
35.9	0.134857715782207
44.1	0.2064761210053989
40.6	0.1196157735085945
33.4	0.1272841858577606
33.3	0.1544309581607882
44.0	0.1888341223790423
34.9	0.134035606186992
41.4	0.1242071353491812
39.1	0.118307498128736
35.2	0.1266963478726609
31.8	0.1515716162140697
44.2	0.2353948324167272
33.1	0.1190536299827681
29.0	0.1406003988663797
34.5	0.1234435160310403
42.6	0.2620616792062356
35.4	0.1178363838152028
35.8	0.1272075551933094
34.8	0.1291926856017368
40.0	0.119115179423822
46.8	0.2084301524751764
43.9	0.2334248068667211
39.5	0.153346163916549
41.6	0.2626059068369606
38.6	0.120775966506632
44.8	0.1846424766832619
35.5	0.1271716582393361
36.9	0.133214163324658
34.7	0.1278123140657056
44.6	0.1958392026779358
35.3	0.1201006916290594
39.1	0.1190939296831181
42.7	0.2611071277834561
46.5	0.20510322816583
30.5	0.1393726826335304
37.5	0.1333585005907314
30.6	0.125403244935718
34.5	0.1232531574290081
44.2	0.1807421981486529
33.1	0.124505266558855
35.9	0.1236904771580204
38.0	0.1200271825306936
43.9	0.2240336657552288
36.4	0.1499548375845005
35.2	0.1364403127824606
35.3	0.1358829791662949
31.9	0.1484761987526154
35.6	0.1323688108336859
36.7	0.1507925217690792
33.6	0.1237721649214316
31.4	0.1526902802777063
33.3	0.1554781689250537
33.0	0.1266810882666539
40.3	0.1215805276432203
29.1	0.1433723135930627
31.2	0.1467263901086362
34.7	0.1200828216478652
33.4	0.1212083110485228
32.1	0.1182140296115071
36.8	0.14986413113272
35.9	0.1360572872788542
31.4	0.130912655226344
44.5	0.1941760433485126
32.2	0.129091237415918
44.4	0.1757500769933164
33.1	0.1320996541250417
44.1	0.2387478635183896
39.8	0.1541228786934936
38.0	0.1533796852945789
39.5	0.1278369302089628
33.5	0.1397840348527741
44.2	0.1830795827123696
33.6	0.1205345572962638
41.4	0.261917393159121
32.9	0.1315305218544601
34.3	0.1521527894119618
46.0	0.2012843710323423
34.7	0.1303125509298661
35.6	0.1327921421511366
35.2	0.119241690705698
40.2	0.1188488027854005
33.3	0.1322557061269442
31.2	0.1427712892051118
44.5	0.184429049869248
34.5	0.1204763192823758
36.4	0.1382121944882991
35.1	0.1520594183629519
37.9	0.1535294215049371
41.8	0.1549287880081995
47.0	0.208254545134033
44.8	0.1776848507888234
34.5	0.1306841765843935
43.9	0.1848213324797104
44.1	0.2330492805325038
34.7	0.1204236101547077
38.4	0.1334304949493207
39.3	0.1190986385651843
35.7	0.1327781172737415
33.2	0.1376885017628062
35.3	0.119620608796758
40.6	0.1257171401025583
35.5	0.1511591202135798
40.2	0.1223506876261679
36.2	0.1353652407839891
44.1	0.2345994386076592
35.1	0.1290152259332023
33.4	0.1312846873513399
32.6	0.131304498720229
34.0	0.1537386011410089
33.1	0.1406371406371406
33.7	0.1251887982041653
33.6	0.1528566364450212
33.3	0.1273237292436074
44.1	0.2388885672937771
34.9	0.1222494447370228
38.5	0.1338110273116743
39.5	0.1529171949726001
33.5	0.1197657334916577
34.0	0.1378287198601967
33.7	0.128062665087895
35.8	0.1336177946347438
32.3	0.1504044865750161
36.8	0.1499424697256605
44.0	0.182272482380235
38.8	0.1326253250908493
40.4	0.122071758251328
33.0	0.1251397094044387
40.4	0.1227206396916264
46.5	0.2047545133467735
41.4	0.1548873720674323
32.4	0.1509688211514334
39.2	0.1527966071763328
44.3	0.1698673482455391
44.7	0.1930147927595822
39.8	0.1540256307717568
43.3	0.1978416374754692
39.7	0.1177460186290199
34.9	0.1214806884755016
31.4	0.1570269569305084
45.8	0.200843186156783
33.0	0.1387631423175578
31.5	0.1675485705259832
46.2	0.203051996985682
