40.9	0.1486143627639092
44.3	0.2107827997780686
31.5	0.16418053749269
41.9	0.1864777547729172
46.5	0.2151304949855708
43.7	0.2205075007091883
31.5	0.1818426170888752
34.8	0.1486908326431802
38.4	0.1493090630129568
36.4	0.1645306185204709
38.4	0.1628247237981487
33.8	0.1630612467306015
30.4	0.1656524172112636
39.5	0.1490948108296506
33.1	0.152021034356955
40.0	0.1474870408704429
45.4	0.2230888502560728
34.3	0.1616402469092176
45.5	0.2246050498260044
37.4	0.1861353395651619
44.3	0.2152894426153979
31.8	0.1579222100275718
44.1	0.2088594155791124
35.7	0.1596303789972364
40.9	0.1487816453234163
33.6	0.1601254616015418
43.7	0.2215137652926641
31.7	0.171067216981132
36.5	0.1605305001445504
41.0	0.2980912774578801
31.5	0.176526174945643
36.8	0.1861974377834988
40.5	0.1489110663983903
32.0	0.1576584220243266
40.8	0.1479558073391146
40.4	0.1505472446535147
39.9	0.1872956977376637
47.0	0.2058163048264994
40.5	0.1557840312998116
34.7	0.1782985843975996
31.9	0.1567466309556885
40.9	0.1517091078836265
34.5	0.1466238623914471
29.4	0.1763866630184106
34.5	0.1477462560797126
34.6	0.186335090276999
32.9	0.1700214035247506
39.5	0.15675430643699
33.9	0.1517588531441909
44.5	0.2335146271746974
44.3	0.2303298977438727
40.4	0.1893256391033602
39.8	0.1474466544865386
41.2	0.296243950974628
39.6	0.1475707672070656
41.0	0.1876566211239676
43.9	0.2198680876794041
33.0	0.1514680737035524
36.8	0.1606955763204429
35.4	0.1462720163732314
44.8	0.2292599159676673
31.1	0.1563085036255767
35.7	0.155801429983406
36.3	0.1639944390469084
34.4	0.1645722470230316
38.2	0.1621398734290682
28.8	0.1679631363138951
29.4	0.175900576368876
39.5	0.1476792648464024
43.9	0.2798273564856075
31.5	0.160049006755114
36.6	0.1849231674589203
33.7	0.1649197683119474
34.8	0.1639966855406711
31.5	0.1658915691210168
37.0	0.1856018428660449
34.0	0.1529798443617381
31.2	0.1615443455066096
34.1	0.1628323740730357
45.1	0.227210582806426
32.6	0.1527376181210707
31.5	0.1601199070493403
44.1	0.2060063281245789
44.9	0.2141573702544204
42.9	0.3002780824444077
33.2	0.1517020818447866
36.4	0.1648226428965263
44.3	0.2052597732819231
40.1	0.1484600566724173
44.3	0.2175023651844844
31.2	0.1633731701748301
32.5	0.1824675781112712
30.4	0.1578984310294
35.3	0.1859855332124652
44.0	0.2803806587035545
32.6	0.1488349810271964
40.6	0.1489396346042654
40.3	0.1901641936886815
35.4	0.1461845973625698
34.1	0.1504924443695161
39.8	0.1485620909082633
29.0	0.1745458298926507
33.2	0.1520823856212313
37.4	0.1866903218999705
38.9	0.1880157381887866
35.1	0.1469128131293293
35.9	0.1454520839726348
32.2	0.1548978446949818
32.1	0.1604493788995494
32.8	0.1621868387745045
34.0	0.1414918216868244
39.4	0.1471207774626095
42.1	0.1874642540773628
42.9	0.2697657403553791
31.8	0.1541590983320059
37.1	0.1880465327597134
44.6	0.217912081410484
43.0	0.1972412535493787
34.6	0.1617343951812464
45.0	0.2280190645078769
37.6	0.1870026029308137
35.7	0.1655007921345696
37.1	0.1540583763904536
38.6	0.1483657490625357
40.5	0.1500280638669727
33.1	0.1525004276765975
35.2	0.1509154320310378
37.7	0.1628859053070855
33.7	0.148862671486037
44.9	0.228530707046332
36.1	0.1857894722985016
44.3	0.2175606327867596
31.4	0.1557347905009637
31.5	0.1585392794093281
39.2	0.1478680395975967
42.6	0.2986830085261876
33.4	0.1818721806157753
43.7	0.2767330083362606
44.9	0.2352813698294852
34.8	0.1490014409308293
43.9	0.2773151391184959
44.1	0.2964195804829635
44.5	0.2193475952796456
31.3	0.1655427522154509
33.5	0.1475675999862915
40.9	0.1886635465418616
35.2	0.1533867846281448
33.0	0.1620678790061216
33.3	0.1476046984324937
38.3	0.1457729359863149
38.5	0.162747627079406
36.5	0.1852596172375734
26.4	0.1605757415396758
40.4	0.1905086993288326
44.5	0.200949358649564
39.2	0.1477123675599514
38.7	0.1638523082235014
40.4	0.1486156520299631
44.0	0.2225948532206497
43.0	0.2686969808735971
41.3	0.1541144693011615
43.5	0.2644608844071666
39.7	0.1482289845860479
33.5	0.1666587691449089
38.4	0.1497495261613602
41.1	0.1524873569153178
44.4	0.2034721196578901
38.4	0.1497659255758022
35.5	0.1607199612352613
46.1	0.2165533626229687
44.6	0.218247173528596
39.5	0.1475491040062795
35.8	0.1439327704024112
43.7	0.2796449925898165
40.5	0.1482727915680829
35.1	0.1459778837814397
46.8	0.2105213235451099
30.3	0.1761424691792196
40.8	0.1879736643304379
37.1	0.1626382471537919
40.3	0.189513129253575
42.5	0.2985231599844336
33.7	0.1472331898223843
33.8	0.1500829737802854
42.7	0.299149587793166
33.0	0.1565150323496346
32.5	0.1539568000383573
31.6	0.1599035226175294
35.4	0.1469626376765025
35.4	0.184828393872424
38.6	0.1493594161348568
31.1	0.1622596272922714
34.3	0.1484049713552264
36.5	0.1628371254241975
41.8	0.2994422764140359
37.5	0.1855413531421502
44.0	0.2808280153589295
44.9	0.2157491586928598
30.2	0.1774766126239748
42.6	0.2977098654879396
36.7	0.1855790978811906
35.2	0.144071357628543
37.1	0.1860740421868273
33.4	0.1764050589050589
31.4	0.1556261541984807
33.1	0.18352084423513
44.5	0.2118304013738744
33.0	0.1821321007088197
31.5	0.15617352728951
35.2	0.1500134376590942
34.9	0.1483479138306885
36.4	0.155725392293542
29.3	0.1651142416949459
33.3	0.1693171878727295
36.5	0.1645613792409647
40.3	0.1905815082533175
41.0	0.1512387865979026
33.3	0.1513920059717031
39.0	0.1479218057934738
34.6	0.151333710627069
44.0	0.2448090239994965
35.5	0.1861000137760022
34.8	0.1468535129663886
35.1	0.1497905642814614
36.3	0.1632850623308374
45.0	0.2380245146743131
39.3	0.1466875448716361
40.7	0.1513556443350363
42.6	0.1957959952470151
31.7	0.1551368326603858
42.5	0.1962170821652042
40.1	0.1899550496124246
38.3	0.1619538474096013
43.9	0.2777171732015984
44.3	0.2189130134278806
35.1	0.1472445131677861
35.5	0.1637697033192056
47.1	0.2152419441681922
42.4	0.1863867435594471
36.1	0.1556849230906714
43.5	0.2984769936176585
39.0	0.1455658157231427
35.3	0.1517305224487742
29.5	0.1541509154924095
35.1	0.1578145854677736
33.0	0.1657381541631703
34.3	0.1436991955425296
33.2	0.1625004921785792
33.1	0.1475330749612927
31.8	0.1592270109539183
40.6	0.1550613438234615
44.0	0.2960550069503366
47.1	0.209357438820103
40.5	0.1493966375234156
31.1	0.1615247605313293
38.3	0.1498069233193142
41.2	0.1867435003298641
32.0	0.1516148450952667
43.2	0.2691149267814211
32.2	0.1539609900613202
34.7	0.1561114887671226
44.3	0.2203661897015371
39.9	0.1495665336914669
41.2	0.2984544956460552
43.6	0.2709678638023201
34.8	0.1472108876780609
40.6	0.1540948952008289
35.4	0.1846581048247136
37.1	0.186917299120251
44.5	0.19993678769963
44.6	0.2191663312721817
44.3	0.2593275561103716
32.9	0.1620871694572978
38.9	0.1640921218929925
31.7	0.176436154644387
33.9	0.1502326994738273
32.8	0.1573298315679805
40.5	0.1883383745397159
39.5	0.1474595543497775
39.5	0.1466583162697073
33.4	0.1658387326819575
32.4	0.1885559988471049
30.0	0.155588176949018
32.3	0.1712570808018549
34.5	0.1470414607913698
39.7	0.1579859885680785
40.5	0.149400954315152
45.1	0.2181160070236202
37.0	0.1863507947247842
39.5	0.1472999441704661
41.5	0.2985560000874489
46.5	0.2159158022135731
43.9	0.2088087594090978
39.5	0.1476879968693313
42.6	0.1949261441980122
33.7	0.1439251081518153
44.2	0.2084198347822326
33.6	0.1486085465060828
32.2	0.1543733591267099
42.8	0.2979820035992801
37.2	0.1544441022482291
30.4	0.1519445716514866
30.4	0.1815173096983842
42.1	0.1873679383664611
41.5	0.1531476617816088
44.5	0.2025238477477644
38.7	0.1459764049954355
33.5	0.1498438289281125
33.9	0.1502676438115486
43.2	0.2997448200346819
34.8	0.148969698846961
35.6	0.145194796060179
42.3	0.2992245099444258
38.4	0.1635050127776685
34.5	0.1477755722588485
39.1	0.1632836798166639
35.5	0.1524252253454184
29.0	0.1707550175215036
35.3	0.1453574087408618
43.8	0.2958504590767202
29.4	0.1757265441593135
44.0	0.2752313205327057
34.9	0.1644318149846664
37.4	0.1873148991504694
33.0	0.1659874508473857
33.3	0.1482150828834345
32.4	0.1548866604072808
36.8	0.1861900156620422
33.0	0.162350950654801
44.8	0.2189714864700364
35.2	0.1593094857659755
35.7	0.1451793420224066
40.7	0.1496953764456468
34.6	0.1611356817605846
32.5	0.1765332234186889
44.8	0.2387690286405934
33.5	0.1647118572121604
35.0	0.1489158729499061
35.6	0.1610845603469708
43.3	0.1980567402383163
44.0	0.2800508546069165
34.0	0.1595495291999303
39.9	0.1499110876537696
33.4	0.1490234991655766
31.3	0.1756639899019836
39.1	0.1486518118790651
40.2	0.1893777136999658
47.0	0.2149015769959103
33.6	0.1451698820388411
36.8	0.1634888089798764
36.7	0.1546968950221784
35.7	0.1846448489063459
32.8	0.184578992091987
34.1	0.1844727728028234
30.4	0.1805075826605356
35.5	0.1461946192875699
31.6	0.1546855254204335
36.6	0.1644709822133763
31.3	0.1683035790407011
38.4	0.1622416762342135
35.0	0.1491596884356287
30.3	0.1553653547344134
40.3	0.149555746402228
38.5	0.1457905583352923
35.0	0.1468254297988317
38.4	0.1457956941476795
35.6	0.1607014503598822
37.8	0.1630185035453979
38.7	0.1463337201076085
32.9	0.1628101218833137
34.8	0.1871784968626332
32.3	0.162819491895502
35.5	0.1859148680956645
44.1	0.2439992898876873
35.9	0.1517382570246959
43.3	0.2967226953463859
32.8	0.1697132912076349
31.1	0.1583315834263547
40.9	0.1864073660953688
44.1	0.2611160392168019
33.9	0.1533503531809179
33.4	0.1468823290794559
43.4	0.2701036750171447
39.8	0.1481497537489607
42.3	0.1864828977840044
42.1	0.1868748526923209
36.0	0.1439183600911729
34.5	0.1569929931006113
38.5	0.1876246841335284
33.9	0.1464593510021126
35.1	0.1565196635756274
36.5	0.154431776388378
31.5	0.1646548131138774
34.9	0.1801898424172817
40.0	0.1492780460577334
36.7	0.1542867712797114
31.1	0.1614202406197256
39.9	0.1905263018382791
35.2	0.1455658211727679
35.4	0.1826065078832606
34.1	0.1479556930106514
38.3	0.1619368187011703
33.6	0.1466759742126226
38.8	0.1453980119899076
41.2	0.1864624368787966
35.9	0.1638164087297244
39.3	0.1469929406093613
42.0	0.2987576880995124
33.3	0.1450166857598246
34.9	0.1854794641934102
40.0	0.1888511344178082
43.9	0.24643301058085
31.5	0.1833395147779156
42.6	0.2977966230029529
46.1	0.2151317096829604
30.5	0.174694758784991
31.7	0.1592292913265403
44.7	0.2196016020312767
30.4	0.1683068999590773
40.2	0.149025382424161
43.8	0.2202714730752113
32.1	0.168278324818357
33.5	0.1467238088989828
33.5	0.1617410031016781
39.9	0.1484079070238403
45.1	0.2224768438093689
39.5	0.1570498102244505
33.3	0.1876995559969284
37.7	0.186764107638999
42.3	0.2986744320877036
35.0	0.1469609852930835
38.1	0.164021420306235
34.0	0.1520984880161635
33.6	0.1511819440896072
44.0	0.2807245681805477
38.3	0.1634128705712219
35.2	0.1636625653678613
30.9	0.172012946147622
42.0	0.1867432383546485
31.5	0.1655934347896772
44.5	0.2178531625872656
39.7	0.1899118338871495
35.2	0.184787951421297
35.5	0.1859471986334532
32.9	0.1696214579773631
34.8	0.1574911805548002
33.7	0.1645478664603139
31.8	0.1781467605977928
33.7	0.1482098272122148
32.3	0.1868089884136168
37.0	0.1871865667436749
33.7	0.1675393114210916
37.8	0.1544216041574981
40.6	0.1886215317653701
40.0	0.1473011095838289
33.9	0.1529786469470661
32.9	0.1531196095393203
33.8	0.1778697403608544
31.7	0.1791352566711037
38.9	0.1622238599392446
44.5	0.2151189595719952
40.6	0.1902964201886182
33.2	0.1885906338372248
34.1	0.1487657247346054
37.2	0.1870868441304733
39.2	0.1467633678441629
42.5	0.2984087033166788
31.5	0.1766405500553084
37.2	0.1871890912939682
39.2	0.1471468065113932
33.9	0.1489059301903712
43.2	0.2983519763787908
40.2	0.1885394980668481
40.2	0.1894082913691392
44.6	0.199675496829201
30.8	0.1510602835709955
32.2	0.1537799533382084
34.8	0.1559176039522628
46.5	0.2151089684449577
33.7	0.150805546284778
43.6	0.2719994153518851
36.1	0.1593674273659501
32.8	0.1886433995239998
36.8	0.153974308748634
46.4	0.2154817121330806
41.5	0.1867940349982519
44.3	0.1996329964279378
34.1	0.1648947091669379
33.0	0.164464107469639
43.9	0.2792805300611177
32.3	0.1584114112468722
32.3	0.1544802206369298
28.2	0.1565416595961309
44.2	0.2192498022495321
36.8	0.1867515786516686
43.9	0.1986127100779594
44.1	0.2778256001710353
32.0	0.1789686043923697
44.5	0.2216765792274463
42.8	0.2995044734667585
39.5	0.1472743116177964
35.4	0.1455283830508725
39.5	0.1486461471875884
33.3	0.1518391289139228
32.3	0.1542511980484079
33.2	0.160386376601551
43.1	0.2994865405670706
31.0	0.1657644400063068
44.6	0.2422141652045685
39.5	0.1484045067255981
44.4	0.2168643323553937
32.9	0.1593776312096547
44.8	0.2348218444638954
39.5	0.1468881857631523
29.7	0.1760579087167217
39.4	0.1465281862745098
29.0	0.1686160981230037
35.9	0.1611026170914609
40.6	0.1492664633266037
34.5	0.1681872681629135
33.7	0.1677939244028754
37.4	0.1872004310536241
36.4	0.1867538130749824
44.6	0.2173309874173598
43.2	0.2665218805409545
37.5	0.1542895836261194
42.0	0.1870974689795017
43.2	0.2667263293537797
43.0	0.2985778727445394
37.7	0.1658389692707632
30.2	0.1802072730637549
39.2	0.1476760830415585
40.6	0.1889661033211344
31.2	0.1812839413902634
33.0	0.1615478571247753
42.3	0.1882831400138614
35.9	0.1636873932261301
44.1	0.2459052534657831
40.6	0.1483231873089991
33.4	0.1563479198964126
33.3	0.1893180567805713
44.0	0.2279264994461593
34.9	0.1622107561024012
41.4	0.1533863960744683
39.1	0.1466938985692812
35.2	0.1557539664406222
31.8	0.1562753235650043
44.2	0.2735000893827092
33.1	0.1465621339100657
29.0	0.1715478248720769
34.5	0.1518492116546914
42.6	0.2999941304220226
35.4	0.1455222048635807
35.8	0.1556459796218518
34.8	0.1569028382985296
40.0	0.1482386648084755
46.8	0.2144655773691582
43.9	0.2735401903025904
39.5	0.1888870448615573
41.6	0.2989807935482821
38.6	0.1489560473579571
44.8	0.2220505931843353
35.5	0.1575237543213198
36.9	0.1613472477269673
34.7	0.1572613772512028
44.6	0.2335534797515502
35.3	0.1470600280114339
39.1	0.148720011829996
42.7	0.29833984375
46.5	0.2152090656313939
30.5	0.1708370304643596
37.5	0.1615695246495858
30.6	0.1572493801576435
34.5	0.152225053752299
44.2	0.2166026384894636
33.1	0.1518062643850695
35.9	0.1507393906186429
38.0	0.1486587518682496
43.9	0.2636731867571184
36.4	0.1842919050276125
35.2	0.1655203357038005
35.3	0.1652061336461777
31.9	0.1787709125728116
35.6	0.1614863985422361
36.7	0.1855353344363034
33.6	0.151081879706415
31.4	0.1651183899813497
33.3	0.1871591908531222
33.0	0.1538782318598832
40.3	0.1501311446894411
29.1	0.1761308483789555
31.2	0.1634081159012588
34.7	0.1481487913309252
33.4	0.1485869995001529
32.1	0.1542635606465537
36.8	0.1844223947354892
35.9	0.1653000513832923
31.4	0.1518067127308526
44.5	0.2315261963607663
32.2	0.1591179102345271
44.4	0.2123189515599702
33.1	0.1610098682474625
44.1	0.279176168220237
39.8	0.1889430947280976
38.0	0.1867630203780328
39.5	0.1574863817048633
33.5	0.1673696757268659
44.2	0.218403959022002
33.6	0.1479016819441239
41.4	0.2979187947236118
32.9	0.160835317384125
34.3	0.1866655335061403
46.0	0.2162120836292342
34.7	0.1590977237107999
35.6	0.1604811606419911
35.2	0.1461631189924817
40.2	0.1471294770122694
33.3	0.161893708346695
31.2	0.1559070925770628
44.5	0.2205238201099821
34.5	0.1499771753189115
36.4	0.1679625686209389
35.1	0.1809946258708927
37.9	0.1879730268421389
41.8	0.1863753316180293
47.0	0.2062301366567945
44.8	0.2120905588985518
34.5	0.1589552551754986
43.9	0.2223586131816616
44.1	0.2727417337692257
34.7	0.1475462820072327
38.4	0.1631549266892238
39.3	0.1478333979077876
35.7	0.161116266663703
33.2	0.1645947374703705
35.3	0.14722569601995
40.6	0.1550711787252759
35.5	0.1857388131773796
40.2	0.150932291612983
36.2	0.1640865963634227
44.1	0.274626733320771
35.1	0.159184985552968
33.4	0.1589595648160876
32.6	0.1511430067628834
34.0	0.1881204203254188
33.1	0.1691816713289468
33.7	0.1571855459022743
33.6	0.1863497608018832
33.3	0.155606268045709
44.1	0.2799268454888051
34.9	0.1500964730530159
38.5	0.1626721357881474
39.5	0.1874269555481093
33.5	0.1475560931657679
34.0	0.1651597103810482
33.7	0.1492087271408737
35.8	0.1607105207674467
32.3	0.1805573134202421
36.8	0.1848593961232154
44.0	0.2190385377657908
38.8	0.1621618453061344
40.4	0.1508922249946727
33.0	0.1527949370260422
40.4	0.1517984043248899
46.5	0.2151042575825942
41.4	0.1861127962680166
32.4	0.1547181653259056
39.2	0.1872727272727272
44.3	0.2036968388025702
44.7	0.2303131681549491
39.8	0.1895833001439093
43.3	0.2206237098874983
39.7	0.1464887773340306
34.9	0.1499898293727714
31.4	0.1607000300746197
45.8	0.2173476762666812
33.0	0.1659267058900154
31.5	0.1817654064265154
46.2	0.2166667786057539
