31.21	0.1374964828013122
26.96	0.1967547461633137
39.73	0.1605255334755817
27.98	0.1756157315466137
27.69	0.2126392675509883
26.84	0.2062475924432509
39.09	0.1700152715471986
34.59	0.1375763797016933
34.11	0.1376489025731947
34.88	0.1528605791520533
32.6	0.1510751006052498
33.97	0.1482822431410411
31.8	0.1527258112362561
33.95	0.1366785363086867
36.55	0.1416658806276684
31.78	0.1375810518834238
26.46	0.2092220735522716
31.5	0.1501930711568619
26.6	0.2107754334491823
29.61	0.1732199634982036
26.63	0.2012441308959172
37.84	0.1555883266066438
26.98	0.1961036419286619
34.0	0.1450768410335967
31.33	0.1376791500963538
31.58	0.1491732014413319
27.33	0.2168404860674943
38.76	0.1600608954316738
34.14	0.1494942957331504
25.65	0.2843291382343193
31.57	0.1761498091101271
30.13	0.1715520794744833
30.74	0.138420205479452
38.17	0.1540826530808824
31.11	0.1369893039430576
30.29	0.1402174766562537
28.92	0.1746578919878826
27.9	0.2045602711752207
29.95	0.1447249955583038
31.19	0.1683772746150651
37.89	0.1530027806997648
30.17	0.1412091924447791
32.95	0.1364760577500399
31.89	0.1604573957949096
34.36	0.1371086020679489
30.86	0.1727287334353779
37.41	0.1588204625794217
29.85	0.14540995273594
31.97	0.141172125328575
26.18	0.2193453785048516
26.42	0.2168762363855476
28.41	0.1776621751763534
31.92	0.136252282749098
25.56	0.2826747720364741
33.52	0.1365035921997947
28.3	0.1764208764208764
27.32	0.2166314190506315
35.92	0.141485524442335
34.07	0.1500196316903364
33.46	0.1357371123758264
26.47	0.2149409229509977
37.58	0.1526306525836598
35.52	0.1448287895621457
33.15	0.1530585205049659
36.02	0.154204255683888
32.59	0.1505119534630755
31.74	0.1529007068158135
31.86	0.1603404439475629
33.42	0.1363764716500854
25.9	0.2654855897673169
38.47	0.1572651951794603
30.08	0.1719057484513814
36.23	0.1545823846140807
33.42	0.1498051406816697
40.72	0.1624544062682938
30.26	0.1716205084356947
32.09	0.1414117724612841
38.78	0.1582040350094938
36.11	0.1540119354017592
26.46	0.214014500336348
31.71	0.1401463255629179
38.87	0.1569638988013704
27.03	0.1933592857968024
26.89	0.2004061230865354
25.63	0.286862700035078
36.29	0.141648856202511
34.91	0.1543314147480814
27.11	0.1920008563820534
31.52	0.1376833641928973
27.52	0.2137133701203002
39.14	0.1594457520389966
30.94	0.1706388974038529
31.72	0.1453900539359857
30.57	0.1717109544468546
25.9	0.2634983281258565
31.89	0.1367453731651397
31.09	0.1374268269654434
28.64	0.1774712720825328
33.16	0.1353412045363476
35.44	0.1390346156790518
31.71	0.1364976488443261
31.85	0.1579836299857087
35.86	0.1413499112467595
29.37	0.1737438514799256
29.15	0.1738201978215688
34.51	0.135616582028367
33.81	0.1343665919009784
37.53	0.1527777997403497
35.56	0.1485339653656485
35.55	0.1520486860082778
33.73	0.1294392887065685
31.84	0.1365537708659609
27.96	0.1750348693421361
26.07	0.2549045438497573
31.79	0.1405349901669016
29.42	0.1736007506580713
27.57	0.2138233409077667
27.33	0.1843806401232876
31.55	0.1506574010146188
26.48	0.2125985225940201
29.55	0.1730984610311716
33.46	0.1539945124961254
35.05	0.1432648915810147
34.11	0.1379087008991475
30.51	0.1394600185308883
36.18	0.1416510212116578
32.48	0.1410723964521467
33.09	0.1514465959586131
35.38	0.1388391462861501
26.39	0.2141760729152796
30.52	0.1715352450024541
27.62	0.213773850693885
37.35	0.151634228897821
31.59	0.1472161593789288
32.79	0.135727160053371
25.78	0.2851389683902563
30.99	0.1703202929528922
25.88	0.2621392170786029
26.42	0.220731669951896
32.66	0.1381527957733563
25.95	0.2606682315726748
25.85	0.2835846532147248
26.6	0.2060557536938641
40.39	0.1622271094468555
34.73	0.1367951747733766
28.31	0.176654329523732
32.13	0.1420893827861316
33.42	0.151521215490087
34.94	0.1358054574514514
32.29	0.1353895496301352
32.45	0.150825935868509
30.11	0.1728802248431103
35.51	0.1528888950674349
28.55	0.1770300737302172
27.21	0.1880371734620432
32.02	0.1359754961816262
32.96	0.1526190284810974
30.72	0.1377533231392585
26.77	0.2078115067637645
26.23	0.2535534542637525
30.05	0.1422469733656174
26.11	0.2479136276839129
31.68	0.1367512951149548
36.3	0.1560670469220835
34.32	0.1379540802765996
30.24	0.1414421419503115
27.22	0.1909422795992981
34.59	0.1386916054444288
34.45	0.1505470698822537
27.64	0.2128826466455859
27.4	0.2148929992625552
33.36	0.1353910950274071
33.98	0.1326810799510893
25.97	0.2642325205327886
31.32	0.1373304789405556
33.05	0.1355797713778223
27.84	0.208330807209208
31.86	0.1608322455599066
28.1	0.1759667528255029
32.06	0.1497165862005744
28.36	0.1776234083495967
25.63	0.2865010438929176
34.26	0.1400271946540769
36.07	0.1400179081279248
25.67	0.284892880672689
31.71	0.1448394323896829
31.73	0.1399493828044791
38.12	0.1567617807422575
34.13	0.1363691302843437
30.7	0.1713653225497125
34.5	0.1382093593858461
38.8	0.1595576685692759
32.84	0.1376639131882123
32.08	0.1515425296219781
25.66	0.2852164382969993
29.66	0.1734082342917382
25.79	0.2641563176483992
26.87	0.202225929956962
31.48	0.2009483294940561
25.65	0.2838971094768791
30.32	0.1711738901375861
33.54	0.1322030175254224
29.48	0.1748194362476463
31.26	0.1724880750884751
37.22	0.152106849536756
31.07	0.1695281310674316
27.03	0.1987951807228915
31.05	0.1713008528306377
37.58	0.1521744162031662
32.4	0.1387325913446214
32.76	0.1378947447690552
35.45	0.1446476559380521
31.86	0.1515602283777668
37.26	0.1587597843003256
33.51	0.1530619856286829
28.62	0.1772661177123229
30.3	0.1408093485664066
36.02	0.1406960329718594
33.85	0.1368425288256
31.96	0.1402878791204894
26.23	0.2312497541402777
30.81	0.1716436769798577
32.96	0.1364893483811608
32.52	0.1387086692918307
33.44	0.1500395806383101
26.38	0.2231771882594781
32.74	0.1362670528003309
30.17	0.1405196727564631
27.2	0.1845351656817277
37.63	0.1517199621178796
27.33	0.1841616223927208
28.57	0.1778525895535556
32.22	0.1511203131533708
25.95	0.2630704831630145
26.63	0.2054039223802865
33.87	0.1395635243252245
32.93	0.1514301705943399
27.83	0.2114334050965376
27.82	0.1754526285174143
35.46	0.1447128732332077
25.76	0.2848950478347169
32.5	0.1351052044794455
32.27	0.1413033688095532
35.21	0.1462339127313746
36.68	0.1472607297397286
36.5	0.1563597193355654
33.89	0.1324786257856267
35.78	0.1526665817006337
34.65	0.1368745342809297
38.01	0.1558475838999023
30.06	0.1434933751904344
25.81	0.2835629994143346
27.79	0.2067622852192328
31.42	0.1380665807794101
38.88	0.1585045871095219
34.63	0.1374555786712862
28.21	0.1750712437135936
34.65	0.1434843202143166
26.02	0.2536679290920086
37.16	0.150003090988395
36.14	0.146329282196951
27.49	0.2160570635297556
31.61	0.1373992649515536
25.58	0.2828941464180745
25.93	0.2553721023063672
33.51	0.1367046046580435
30.13	0.1433799944697912
30.6	0.1712176764429763
29.22	0.1740248452706518
27.19	0.1871933487239625
27.46	0.2148177395575616
26.14	0.2439212926819247
33.34	0.1503749163827569
32.86	0.1524454304501554
31.29	0.1668300047677067
35.7	0.1390625918260701
33.8	0.146284986540855
28.38	0.1764830606381041
33.13	0.135896836774002
33.12	0.1365929518102879
36.86	0.1549958457703787
31.48	0.1770519098045885
31.73	0.1466693506743569
38.53	0.1604191151104796
33.98	0.1399055477123273
29.75	0.1467384088319905
31.49	0.1380159540601294
27.51	0.2142184337141055
29.94	0.1741486772533373
32.02	0.1358092427485781
25.63	0.2843363909811817
27.76	0.2121383190198396
27.05	0.1959519705165547
33.57	0.1365361474268458
27.35	0.1830128196822418
33.78	0.1328722998356421
26.99	0.1939655288150428
35.54	0.1386076216599136
36.64	0.1443734114213369
25.64	0.2849043944984904
34.91	0.1428227541229897
35.08	0.1435626588195985
31.62	0.1668540905257239
27.74	0.1768142450393407
30.02	0.1413192242943658
27.23	0.189147977543882
32.17	0.135315469904963
35.91	0.1393596910812961
36.04	0.1392569441387507
25.64	0.2865021777483089
32.5	0.1383960845965826
34.07	0.1347126944858929
25.69	0.2843832712903346
32.57	0.1520981720120219
32.85	0.1371737908271522
32.85	0.1509395596690506
32.38	0.1422509658491726
31.77	0.1560279009943439
33.97	0.1347097833777526
25.7	0.2821418331914971
31.94	0.1613932410737873
25.95	0.2610995914743449
33.21	0.1531011505830395
29.57	0.173650869792181
36.52	0.1557124059845026
34.65	0.1378161916304003
36.75	0.1440888487787664
29.45	0.1736898630878385
35.47	0.1528974435326795
27.51	0.2143724452993508
36.84	0.1480359252770534
33.65	0.1344073763832293
30.55	0.1392500682034035
31.5	0.1495138710735428
31.28	0.1739462784207064
26.32	0.22305218998899
35.9	0.1545099991701933
32.61	0.1384309213361867
34.56	0.150077670862174
27.32	0.1857694927107008
25.86	0.2660529734003501
37.71	0.1485965458671056
30.78	0.1382736758669236
34.46	0.1420294378221649
31.34	0.1710227577453206
34.1	0.1370490407505951
28.46	0.1772286800413105
27.79	0.2120057336151162
33.85	0.1346412710583106
33.13	0.1523352157961993
35.2	0.144273848012877
30.56	0.1708515927183893
31.1	0.1693442383525631
31.15	0.1721430637660305
31.54	0.1670104822975741
33.23	0.1364198655061388
31.76	0.1410110192375425
34.84	0.1537178364402185
32.01	0.1534934497816593
32.2	0.1495952042519003
32.74	0.1375406338104114
31.69	0.1444380192791328
30.54	0.1389394253814561
32.27	0.1350562015687239
33.33	0.1363728044786913
32.37	0.1353839619713478
34.35	0.1497601096641535
32.39	0.1514383335170285
32.23	0.1354925308608976
35.63	0.1518691182354271
31.07	0.1736028066842508
35.52	0.1521762146252633
30.9	0.1719214209571802
26.35	0.2291471758071176
32.38	0.1411494769270265
25.86	0.2850781943908371
37.6	0.1592270005443658
31.6	0.1442734487707866
28.14	0.1758926980056449
26.17	0.2459075821890161
31.89	0.1412865033602096
34.88	0.1360752213203762
26.06	0.2554169578289866
30.73	0.1381850517152618
27.87	0.1757620388344461
28.01	0.1760233547999177
33.71	0.1333854031068298
36.03	0.1462186536889977
29.14	0.1736739240367925
34.07	0.1395830945011272
35.87	0.1460344842145389
35.23	0.1436329353331072
33.7	0.1527385679717068
31.18	0.1786305101182242
30.72	0.1386767933562618
35.35	0.1436694910253428
39.06	0.1579442155366947
28.77	0.1766614570524161
34.27	0.1352060403541917
31.26	0.1697632082669629
34.6	0.1366725026190031
32.72	0.1493000986806038
34.17	0.1387563374165182
32.27	0.1353658025099844
28.22	0.174937476015932
34.82	0.1521130277141523
33.27	0.1362439024390244
25.55	0.2854357856513554
35.32	0.1338098517868127
31.12	0.1721222284330165
28.85	0.1748896549159996
26.28	0.2307959507741167
31.05	0.1708597822160293
25.61	0.2856185277557153
27.59	0.2129591518863172
31.97	0.1600745573159366
38.32	0.1566999047212274
27.46	0.2153139827462257
33.72	0.1567231209892314
30.7	0.1388206623022889
27.33	0.2159374154601008
31.93	0.1541054405645968
35.21	0.1357077263632057
33.78	0.1508927023747616
31.48	0.1373487839611314
26.54	0.2078684012703448
29.9	0.1459671873464977
31.22	0.1740806199051259
29.52	0.1753029855581901
25.57	0.2852068178197844
32.96	0.1361470618051566
32.38	0.1516264848077354
31.86	0.1409342646163215
35.97	0.1400083263946711
25.92	0.2636681430345082
33.06	0.1519422731949599
31.97	0.1491234653943065
31.78	0.156441717791411
28.06	0.1748440072624827
42.25	0.161173878885123
27.37	0.2143491548745535
28.84	0.1753512624218864
30.94	0.1718357876793408
30.75	0.171151457317023
37.76	0.1598024346783076
36.54	0.1477042571402433
33.36	0.1536562851179964
31.42	0.1655176736024066
35.51	0.1379268237979654
31.04	0.1716251365347289
29.84	0.1738919126236616
37.11	0.1574134084300241
34.77	0.1426344428813839
28.29	0.17689665836548
31.97	0.1365485398848263
31.84	0.1424432788484996
36.54	0.1425829308883738
31.22	0.1763047094753494
31.41	0.1661711925238707
32.86	0.1510476280846167
26.7	0.2016244124072896
28.58	0.1775547927119091
31.44	0.1759125030079292
35.54	0.1379221581548599
29.44	0.1744437529825109
31.96	0.1358051122281826
25.72	0.2851043702622958
31.31	0.1658554925148677
29.67	0.1739307440881227
33.64	0.137030487466046
35.67	0.137970165847603
25.73	0.2847792018353494
28.66	0.1764878343063821
28.95	0.1757281996121275
27.19	0.1872883405902273
34.88	0.1436433740310951
36.95	0.1435008648478653
35.96	0.1456370590735231
27.83	0.2126031085585257
35.7	0.1403491831672711
26.08	0.2570052751294584
34.2	0.148533638277202
31.47	0.1765294053451393
35.07	0.1432154908527904
27.76	0.2127170748525168
27.88	0.1750799290449852
27.16	0.1864819991172946
35.95	0.1544584183095399
33.34	0.1506847922237699
25.73	0.2650051767490016
33.87	0.1468065171629169
36.67	0.1436631901291522
35.4	0.1500226493989198
26.66	0.2057801195721484
29.93	0.1741001253410012
27.24	0.1869931227945536
25.99	0.2621621090073359
31.5	0.1666572312134228
26.66	0.2081294299994776
25.59	0.2856810423018645
33.0	0.1359684336574018
34.18	0.1347844711253952
33.85	0.1375175890137684
36.26	0.1413842355594608
36.96	0.1439799551009289
33.85	0.1482708672822741
25.75	0.2858491810072809
31.78	0.1510856301495577
26.28	0.2274780546775701
33.31	0.1368702467040075
26.9	0.203295516236608
31.63	0.1484950478180671
26.32	0.2214371951390714
32.85	0.1356520409723284
31.79	0.1608498341439589
32.82	0.1355688816756052
31.91	0.1553207246211689
34.62	0.1504816192670017
30.47	0.1387567758982321
31.91	0.1543154297054445
36.96	0.1575746013220061
29.72	0.1737096362607096
30.1	0.1727694581914004
27.45	0.2144476085007646
26.18	0.2510290634027869
34.89	0.142742195873376
27.9	0.1755503586313217
26.15	0.2508976263060528
25.73	0.2849094452901592
32.34	0.1527485067491852
31.5	0.1674655560794174
33.6	0.1362908553800373
28.33	0.1771484857283184
31.29	0.1695094932939466
35.75	0.151153638498416
27.8	0.1759533381117101
34.66	0.1525900627485257
26.29	0.2293640737832985
31.46	0.137484508613211
42.5	0.144941914363325
31.34	0.1742524186455584
26.82	0.2120120069667288
31.95	0.1497575677131725
30.24	0.1418504429892141
32.11	0.1359460341362567
35.79	0.1446553427390349
37.16	0.1532086152899277
26.08	0.259159116337231
34.81	0.135590165169713
31.8	0.1566496163682864
31.92	0.140654131054131
25.63	0.2875410060476281
34.32	0.1347210834775743
35.61	0.1450380134298731
36.39	0.1471739644970414
31.63	0.1370001544443026
27.83	0.212300469483568
26.06	0.2583343958461626
29.02	0.174980184513186
25.62	0.2845515136125468
34.25	0.1383115278483271
26.56	0.2077514996258552
34.32	0.143140132814665
34.14	0.1505139434300295
36.23	0.1459557056119984
26.38	0.2194515937690136
33.32	0.1365048959746356
33.64	0.1365102851309436
25.56	0.2854479872736601
27.68	0.2118898631336346
33.81	0.1567179980750721
31.99	0.1504391210743943
31.73	0.1451266179811254
31.95	0.1410146608093998
26.62	0.2033782639092703
36.16	0.1412482296617459
32.27	0.1404309644473674
34.21	0.1384916570407537
26.16	0.2488774839133967
30.44	0.1717159373472467
35.09	0.1542247532661633
33.5	0.1530770080654071
31.34	0.1648711851491782
34.36	0.149155185859111
29.96	0.1723005601699826
36.0	0.1404680280220599
40.11	0.1615422339257348
31.32	0.1754952332435776
36.7	0.1430568969072005
30.3	0.139236730160821
31.79	0.1604804339403332
39.68	0.1591672263263935
32.78	0.1371409133008343
34.65	0.1383165941245873
31.8	0.1379612326660644
30.32	0.1729472244493703
34.91	0.1537407369810171
34.83	0.1444396868264747
26.34	0.2176344465745132
31.61	0.1474473225971236
27.03	0.1981322152036593
33.35	0.1479463357197493
25.86	0.2642719915154781
28.91	0.1748936857404317
29.17	0.173240222082421
29.78	0.1453020208503951
36.59	0.1568328049880223
26.73	0.2049260304316868
34.65	0.1371137713262324
25.5	0.2850644511917075
33.87	0.1496315360776545
31.18	0.1728023593791287
27.67	0.212272097024774
37.18	0.1487917507343272
34.44	0.149079490281207
33.49	0.1358959427041685
31.77	0.1363271114941485
38.52	0.1499821479911475
37.64	0.1521769235758448
26.55	0.207484549126478
31.94	0.1383798907213519
31.89	0.1531314918827421
31.09	0.1697668964438946
29.2	0.1743959078382627
28.08	0.1753556885023377
27.91	0.2040168415182875
27.01	0.2000213117083246
37.35	0.1487782425803143
26.77	0.2074873925971667
26.09	0.2577996491965073
32.72	0.137011629263888
32.44	0.151237731703035
33.84	0.1372066357566889
34.59	0.1498833571041604
36.26	0.1546292482873434
34.59	0.1359646443667994
29.96	0.1439670419640109
30.75	0.1720444744522368
30.24	0.1402450872635035
32.07	0.1498612329417178
26.04	0.2592120828633525
37.0	0.1476077619266758
37.87	0.1492889158916194
34.51	0.1444361399061948
31.25	0.1729650997394144
31.84	0.1555826664064025
31.58	0.144612970711297
31.23	0.1726154846511684
39.06	0.1451741701005861
25.93	0.2642567605086346
32.52	0.1397018729085472
32.6	0.1510164035629244
29.17	0.1743783298931192
34.9	0.1360985146547038
36.19	0.1558298641030699
34.33	0.1412396026258516
34.77	0.1507836085952761
31.5	0.1678421971565557
30.36	0.1716915716483655
26.86	0.2048483541637294
32.74	0.1498304810173453
30.44	0.1395839124035705
36.25	0.1411130394856094
30.31	0.1407945128613366
27.71	0.2126401710484843
27.98	0.1756615858199692
37.01	0.1519725782014582
29.2	0.1748439330236906
27.1	0.1907423127080315
26.51	0.2165733330652296
28.83	0.1765406607369758
27.31	0.2163342463054933
32.87	0.1361525907409321
32.46	0.1389282822098007
38.27	0.1586290606556765
27.55	0.2135644268561528
36.57	0.1558481865744435
31.1	0.1726952261230424
27.74	0.2131802131802132
