40.9	0.0700711587826264
44.3	0.1045480419413118
31.5	0.0853937682674343
41.9	0.091376913133683
46.5	0.110912906784518
43.7	0.1100087115089958
31.5	0.0908806279216834
34.8	0.0711473196811728
38.4	0.0699118684435394
36.4	0.0810662741278554
38.4	0.0795448973921759
33.8	0.0813379770715425
30.4	0.0837287494901867
39.5	0.0693614009662922
33.1	0.07431696905016
40.0	0.0696361393877137
45.4	0.1112229714134176
34.3	0.0750050921600134
45.5	0.112384576806207
37.4	0.0889270230685801
44.3	0.1064105866750627
31.8	0.0848908707693915
44.1	0.1037415105763356
35.7	0.0801642178046672
40.9	0.071167070927846
33.6	0.074569351181841
43.7	0.1118519606403289
31.7	0.0870171246515332
36.5	0.0781819530651104
41.0	0.1646749473378368
31.5	0.0887458745874587
36.8	0.0881520824437469
40.5	0.0707805957186982
32.0	0.0844146008986721
40.8	0.0697686680140732
40.4	0.0708781086889775
39.9	0.0893742988064503
47.0	0.1051069387325303
40.5	0.0742361881653263
34.7	0.090613425786595
31.9	0.0838676686126419
40.9	0.0717706576728499
34.5	0.0695397307455547
29.4	0.0905922599957237
34.5	0.0706901375925398
34.6	0.0901267978228479
32.9	0.0864245058960797
39.5	0.0744050271860237
33.9	0.0706431404697278
44.5	0.1180088101681686
44.3	0.1181793707394877
40.4	0.0924264476117818
39.8	0.0694491319031646
41.2	0.1655285689939882
39.6	0.0686397835881267
41.0	0.091237631576761
43.9	0.1111410429093707
33.0	0.0742950357530308
36.8	0.0785406350848668
35.4	0.06913500810317
44.8	0.1156013679495207
31.1	0.0838555259884828
35.7	0.0737259122043282
36.3	0.08003099461616
34.4	0.0826544577685088
38.2	0.0793460519786441
28.8	0.0844641445364646
29.4	0.0903547890603417
39.5	0.068697448586318
43.9	0.1524723812767406
31.5	0.0850216300397992
36.6	0.086976707035813
33.7	0.0826405600525049
34.8	0.0819858092929113
31.5	0.0854235683861807
37.0	0.0867727380669674
34.0	0.0713290293222604
31.2	0.0851224937293937
34.1	0.0827713726343267
45.1	0.1152091046618097
32.6	0.0703116021422168
31.5	0.0851665377853255
44.1	0.1024047077123052
44.9	0.1066852636957452
42.9	0.1657982528128353
33.2	0.0742348599956587
36.4	0.0819335434125292
44.3	0.1019042717447246
40.1	0.0709648135534641
44.3	0.1106888257694423
31.2	0.085386099354551
32.5	0.0930920223524132
30.4	0.0736814891416752
35.3	0.0892283973353819
44.0	0.149436638291014
32.6	0.0700221984808972
40.6	0.0702706586506167
40.3	0.092463515573949
35.4	0.0691785261378047
34.1	0.0734826936853336
39.8	0.0701416057176863
29.0	0.0888695100681782
33.2	0.0743402069449203
37.4	0.0889858655164005
38.9	0.0897213914685975
35.1	0.0704315388603257
35.9	0.070650059114366
32.2	0.0836151120890656
32.1	0.0812980930076948
32.8	0.0820046024034773
34.0	0.0680925510229818
39.4	0.0691316099521796
42.1	0.0909132593749409
42.9	0.1424108346840195
31.8	0.0706131652584965
37.1	0.0889363976483164
44.6	0.1113378155824892
43.0	0.0985778153919746
34.6	0.0752253059611292
45.0	0.1139991534716326
37.6	0.0896111962477941
35.7	0.0804305352648161
37.1	0.0723277496228094
38.6	0.0696860113630968
40.5	0.0706551405138212
33.1	0.0741710651517985
35.2	0.071133045849798
37.7	0.0801736985169763
33.7	0.0726340930392624
44.9	0.1153052034229546
36.1	0.0877007640528379
44.3	0.1111408040857533
31.4	0.0835967764739148
31.5	0.0733412081442931
39.2	0.0682512921486586
42.6	0.1651197450919929
33.4	0.0915333256590307
43.7	0.1484758781167297
44.9	0.1193563345605095
34.8	0.0698486194130384
43.9	0.1473550925350186
44.1	0.1624982465031879
44.5	0.1092787162490523
31.3	0.0854753094577331
33.5	0.070698491849597
40.9	0.0910684132781791
35.2	0.0720858993586266
33.0	0.0798789631533847
33.3	0.0704779022829025
38.3	0.0684956916115981
38.5	0.0791369526125025
36.5	0.0873493383184926
26.4	0.0952213277251744
40.4	0.0919600585594712
44.5	0.1002692350021608
39.2	0.0691597835374537
38.7	0.0796001327360212
40.4	0.0698102218123574
44.0	0.1106414551341142
43.0	0.1408702920459084
41.3	0.0724722971909555
43.5	0.1391167408061751
39.7	0.0701706448923131
33.5	0.0842308557508188
38.4	0.0705772634616994
41.1	0.0718619155996455
44.4	0.1009931890960516
38.4	0.070985034438032
35.5	0.0794939107330937
46.1	0.1105365264668075
44.6	0.1111950851554974
39.5	0.068761159601198
35.8	0.0702679175935777
43.7	0.1509993023115595
40.5	0.0704406133033395
35.1	0.0693915666977947
46.8	0.1071215945220337
30.3	0.0902439024390244
40.8	0.0909884492558102
37.1	0.0804493017607771
40.3	0.0922596435550297
42.5	0.165751623590465
33.7	0.0863731106467347
33.8	0.0738841461863867
42.7	0.1648420369358886
33.0	0.0725509698176199
32.5	0.0720147512434979
31.6	0.0850811925784826
35.4	0.070617106046933
35.4	0.0889642612398574
38.6	0.070780443463299
31.1	0.0852691213144644
34.3	0.0694847747094917
36.5	0.0807047949162333
41.8	0.1666942125995096
37.5	0.0887596315871793
44.0	0.1518297367027707
44.9	0.1076337639017448
30.2	0.0890536500131343
42.6	0.1650481198837316
36.7	0.0877107731182273
35.2	0.0700604257733878
37.1	0.0896533229870366
33.4	0.0903681939215866
31.4	0.0836879778225369
33.1	0.092140276076866
44.5	0.1057988819104148
33.0	0.0923922063265509
31.5	0.0838862478034143
35.2	0.0705613215021391
34.9	0.0696616757269363
36.4	0.0730127693535514
29.3	0.0827519571895748
33.3	0.0861312917027151
36.5	0.0802980185619319
40.3	0.0926979104718903
41.0	0.0716828931964258
33.3	0.0740626675984463
39.0	0.0690126851359781
34.6	0.0706912522581998
44.0	0.1258526002831276
35.5	0.0896504272435043
34.8	0.0691381993276472
35.1	0.0710478706236091
36.3	0.0831743791248617
45.0	0.1217636128449408
39.3	0.0680411449199982
40.7	0.0715042211523815
42.6	0.0979750282453141
31.7	0.0833538865901962
42.5	0.098343685300207
40.1	0.092337354863405
38.3	0.0800918826785267
43.9	0.1497820255825574
44.3	0.1087149699820108
35.1	0.0863103757228796
35.5	0.0799733166463983
47.1	0.1106528590018971
42.4	0.0916367109259971
36.1	0.0734242934834723
43.5	0.1636309900200698
39.0	0.0678380638603118
35.3	0.0716488985177717
29.5	0.0899681707125725
35.1	0.0761247892666479
33.0	0.0843737526056681
34.3	0.0698616705278437
33.2	0.0821518519170819
33.1	0.070899846243231
31.8	0.0849582172701949
40.6	0.073451182327535
44.0	0.1622222520155163
47.1	0.1065664176953744
40.5	0.0712194422764027
31.1	0.0853187607390218
38.3	0.0704302023651604
41.2	0.0904707340073247
32.0	0.0880836040696492
43.2	0.140581259225327
32.2	0.0829034574326446
34.7	0.07528457178635
44.3	0.1119260232735768
39.9	0.0711776441724407
41.2	0.1656034276868005
43.6	0.1428269252672513
34.8	0.0695380289883174
40.6	0.0733246552552259
35.4	0.0876354158816941
37.1	0.089525306242721
44.5	0.0996420924892881
44.6	0.11130453167947
44.3	0.1347262509534904
32.9	0.0790447306159391
38.9	0.0796661896398447
31.7	0.0889385964565918
33.9	0.0734165437312583
32.8	0.0778746448071172
40.5	0.0913273291337354
39.5	0.0683042096902303
39.5	0.0686896852722952
33.4	0.0844495128823967
32.4	0.0952640843486579
30.0	0.0726443820993567
32.3	0.0869807562272702
34.5	0.0866009845350406
39.7	0.0755698761300463
40.5	0.0712360430950049
45.1	0.1108530685263588
37.0	0.089660378720435
39.5	0.0687218355282247
41.5	0.1654141689450017
46.5	0.1104191123907212
43.9	0.1035110213880401
39.5	0.0687185683035099
42.6	0.0971793945181124
33.7	0.0695021268168099
44.2	0.1043362314108058
33.6	0.0733030038263384
32.2	0.0751500936584428
42.8	0.1628855535069524
37.2	0.0719700298314178
30.4	0.0888995882792294
30.4	0.0917949557811988
42.1	0.0926551997098402
41.5	0.0723425988585145
44.5	0.1006629270780214
38.7	0.0687580796148531
33.5	0.0735389815363397
33.9	0.0731059630547459
43.2	0.1641485995546701
34.8	0.0702942138776332
35.6	0.0702559715130474
42.3	0.165492243396405
38.4	0.0793402696775999
34.5	0.0692483231515447
39.1	0.0799605772412701
35.5	0.0716585114602111
29.0	0.0882899628252788
35.3	0.0703357063646085
43.8	0.1610812405000113
29.4	0.0903234405544695
44.0	0.1477205540020622
34.9	0.0794617109900672
37.4	0.0898241441711859
33.0	0.0841979096222255
33.3	0.0708840062951196
32.4	0.0754234140891486
36.8	0.0890085952629655
33.0	0.0814517088256284
44.8	0.1112297496318114
35.2	0.0766819705526881
35.7	0.0706318348440927
40.7	0.0706876227897838
34.6	0.0753938128677168
32.5	0.0890274046211714
44.8	0.1222721976650761
33.5	0.0837031060911657
35.0	0.0698078528392388
35.6	0.0799481345156433
43.3	0.0986206202174788
44.0	0.1511455543915686
34.0	0.0774273449774195
39.9	0.0702501843296904
33.4	0.0869522588030781
31.3	0.0888775199598053
39.1	0.0698277055429318
40.2	0.0916549692572309
47.0	0.1105454545454545
33.6	0.069732849728646
36.8	0.0800279051225832
36.7	0.0733447646254286
35.7	0.0883377007498119
32.8	0.0929267252821507
34.1	0.0942288347720307
30.4	0.0914521888932429
35.5	0.0692825006989024
31.6	0.0716412282700057
36.6	0.0821375083645787
31.3	0.0866055428939264
38.4	0.0794718892983615
35.0	0.070096741701998
30.3	0.0715152022081887
40.3	0.0704145838915632
38.5	0.0682037344014271
35.0	0.0688416005536195
38.4	0.0684085190510424
35.6	0.0789187438973181
37.8	0.07960029607698
38.7	0.0685783601795616
32.9	0.0824072480880023
34.8	0.089778008797808
32.3	0.0819168163871287
35.5	0.0892783276602762
44.1	0.1255096966683242
35.9	0.0713442429410028
43.3	0.1617892869976469
32.8	0.0862113844224375
31.1	0.0735228763129084
40.9	0.090792570923192
44.1	0.1375335519262522
33.9	0.0708384843311552
33.4	0.0701064479975977
43.4	0.1434070806029542
39.8	0.0702385770496137
42.3	0.0916170980951823
42.1	0.0915102751072764
36.0	0.0698646164131706
34.5	0.0751976359457479
38.5	0.0896805181775096
33.9	0.0861716104906766
35.1	0.0749036749960568
36.5	0.0726588740649546
31.5	0.0811161430323615
34.9	0.0919350453280289
40.0	0.0704406884487748
36.7	0.0729703857797622
31.1	0.0848699476065684
39.9	0.0910087253736413
35.2	0.0702974655175653
35.4	0.0928950789743022
34.1	0.070779302304726
38.3	0.0785716495004794
33.6	0.0857634939896717
38.8	0.0683079818096283
41.2	0.0905151739331908
35.9	0.0808184171515808
39.3	0.0686885776683003
42.0	0.1652812081778319
33.3	0.069992090834752
34.9	0.0936165879413124
40.0	0.0902233072410715
43.9	0.1267051677785522
31.5	0.0929567538997384
42.6	0.1646771824509866
46.1	0.1104216193773479
30.5	0.0903382417846968
31.7	0.0850217649731005
44.7	0.1116434584362804
30.4	0.0822964168534242
40.2	0.0706567493138405
43.8	0.111572951457199
32.1	0.0866261398176291
33.5	0.0721283278492372
33.5	0.0787637790839608
39.9	0.070653515846768
45.1	0.1101504625657569
39.5	0.0748184882970859
33.3	0.0919469590644946
37.7	0.0893172587572667
42.3	0.1660357314265068
35.0	0.0693620672870643
38.1	0.0804592913473286
34.0	0.0712215113954418
33.6	0.0738442200527925
44.0	0.1504038772213247
38.3	0.0795573025563825
35.2	0.0813875180781417
30.9	0.0892853766002912
42.0	0.0912742528381196
31.5	0.0844188853721713
44.5	0.1108712600939099
39.7	0.0904619361316353
35.2	0.089789073258525
35.5	0.089434003642617
32.9	0.0869501536401353
34.8	0.0760504264328741
33.7	0.0798972662371582
31.8	0.0889585778623467
33.7	0.0723167932281032
32.3	0.094106730451996
37.0	0.0897368405309851
33.7	0.0858614835889579
37.8	0.0720129582438444
40.6	0.0910773962184547
40.0	0.0698605932407316
33.9	0.0714786058928702
32.9	0.0748628461108743
33.8	0.089945697891274
31.7	0.0908556936833594
38.9	0.0793173658466061
44.5	0.1063867333749862
40.6	0.0917355934897503
33.2	0.0938340233180707
34.1	0.0730198588292937
37.2	0.0896948948539764
39.2	0.069578990228013
42.5	0.1637593145122742
31.5	0.0891791949275396
37.2	0.0890755702573743
39.2	0.0691342014929439
33.9	0.0730435007723307
43.2	0.1632456356262637
40.2	0.0919032249645488
40.2	0.0903962133069497
44.6	0.099118027705434
30.8	0.0876793326689056
32.2	0.0749917976191059
34.8	0.074455673684776
46.5	0.1102716495701383
33.7	0.073579398591865
43.6	0.1445078023016379
36.1	0.0783943770021044
32.8	0.0944142508517736
36.8	0.0723352509237173
46.4	0.1105840180104159
41.5	0.0918117799581602
44.3	0.098787355218532
34.1	0.0830298616168973
33.0	0.080361816620951
43.9	0.1513154721713128
32.3	0.0781627191806029
32.3	0.0752642506606266
28.2	0.0922599438640186
44.2	0.1092108384227789
36.8	0.0895071994001003
43.9	0.0997327782324167
44.1	0.1499020220257908
32.0	0.0906136340398182
44.5	0.1095609499605643
42.8	0.1651130041817704
39.5	0.0682340014517157
35.4	0.0703999579544857
39.5	0.0697498753336984
33.3	0.0744254078110646
32.3	0.075356459983611
33.2	0.0779821913996446
43.1	0.1648619222948318
31.0	0.0836108704049779
44.6	0.1239948436192387
39.5	0.0687663500955238
44.4	0.1074358589814089
32.9	0.0737301619252493
44.8	0.120787496921435
39.5	0.0683553395240859
29.7	0.0901978021978022
39.4	0.0675555555555555
29.0	0.086081047067707
35.9	0.0793029630300833
40.6	0.0703021355395047
34.5	0.0859259396271086
33.7	0.0858423828372935
37.4	0.0894417526606735
36.4	0.0874900473045759
44.6	0.1111285091956458
43.2	0.140847148204835
37.5	0.0718572618861636
42.0	0.0915917402109622
43.2	0.1399679615538646
43.0	0.1643335463349858
37.7	0.0800172274173831
30.2	0.0912154064252792
39.2	0.0694250602112023
40.6	0.0920101967914022
31.2	0.0911559059803629
33.0	0.0822546024388316
42.3	0.0917835480169697
35.9	0.0808132520118218
44.1	0.1252896538766648
40.6	0.0709712004511457
33.4	0.0759296651522799
33.3	0.0924071045372913
44.0	0.1131606802625079
34.9	0.0809587623075133
41.4	0.0725402460969797
39.1	0.0687291976902142
35.2	0.0741265372335188
31.8	0.0836294934640522
44.2	0.1462785083929377
33.1	0.0699997077775017
29.0	0.0876780552363041
34.5	0.0711720244424947
42.6	0.1649301499789749
35.4	0.0702708476229572
35.8	0.0741454958289686
34.8	0.0757328508464883
40.0	0.0705780693520567
46.8	0.1104576240567188
43.9	0.1457878078987202
39.5	0.0898793642479498
41.6	0.1663491247576531
38.6	0.070319930800736
44.8	0.1105670845767256
35.5	0.0781433607520564
36.9	0.0783706795651009
34.7	0.0753978365106205
44.6	0.118159384526056
35.3	0.0693200355562501
39.1	0.0688656172277564
42.7	0.1643688418598721
46.5	0.1100251985686174
30.5	0.0838487972508591
37.5	0.0802163910495395
30.6	0.073522620507349
34.5	0.0707140908559477
44.2	0.1075251885412715
33.1	0.0740126630865149
35.9	0.0713449300308675
38.0	0.0699782836128459
43.9	0.1386608102327619
36.4	0.0879546206037428
35.2	0.0811600493322676
35.3	0.0805432306031898
31.9	0.090105286444111
35.6	0.0785412921842746
36.7	0.0870444355445283
33.6	0.0735864772659258
31.4	0.0856519835750344
33.3	0.0929872892992492
33.0	0.0751672327970784
40.3	0.0708582498493196
29.1	0.090751021263224
31.2	0.0852577553286097
34.7	0.0696117610997692
33.4	0.0706390392171398
32.1	0.0691450100447359
36.8	0.0876889903282347
35.9	0.0819125801891921
31.4	0.0885275019434891
44.5	0.1166800532778733
32.2	0.0738061028037913
44.4	0.1056297793794497
33.1	0.0795373917979281
44.1	0.1503835308384696
39.8	0.0893983072221032
38.0	0.0890681955307417
39.5	0.0748347429393369
33.5	0.0848243266328796
44.2	0.1083782868913264
33.6	0.0707414566404563
41.4	0.1660611405892143
32.9	0.0782264744661141
34.3	0.0910164988227125
46.0	0.1107656231997994
34.7	0.0767122053668405
35.6	0.0794548748815006
35.2	0.0690876369491775
40.2	0.0700358303378864
33.3	0.0788959661419747
31.2	0.0836076968784217
44.5	0.1101345951424895
34.5	0.0702676048324387
36.4	0.0864137797561447
35.1	0.0919032888785128
37.9	0.089543587287986
41.8	0.0911171270479401
47.0	0.105386850098898
44.8	0.106037066419851
34.5	0.0775027702592235
43.9	0.111206197513475
44.1	0.1446549754196095
34.7	0.0697045335810065
38.4	0.0793282612729634
39.3	0.0693609538495183
35.7	0.0793173536364197
33.2	0.0830834864016116
35.3	0.0707048230689037
40.6	0.0734322913317236
35.5	0.0884353561796179
40.2	0.0711374303737617
36.2	0.0834047996278907
44.1	0.1469018781324336
35.1	0.0775263021005982
33.4	0.0778768624534139
32.6	0.0876461516184416
34.0	0.0912058883801621
33.1	0.0875371785151921
33.7	0.0737825616700764
33.6	0.0911319241651662
33.3	0.0758886438706178
44.1	0.151206055368973
34.9	0.0705523555283084
38.5	0.0795220058622972
39.5	0.0895739833849427
33.5	0.070356145017678
34.0	0.0836991157912507
33.7	0.0865197000878169
35.8	0.0804205352266521
32.3	0.091776820061898
36.8	0.0882473475706934
44.0	0.1088989281997047
38.8	0.0791746328643388
40.4	0.0709634586049091
33.0	0.0747195956205957
40.4	0.0718043135192004
46.5	0.1105591365415762
41.4	0.0914430339064759
32.4	0.0833115225512156
39.2	0.0889353287246513
44.3	0.1011517235213316
44.7	0.1169951327489278
39.8	0.0909607064888538
43.3	0.1117205940108956
39.7	0.0678697089685622
34.9	0.0701519508666182
31.4	0.0851694936961767
45.8	0.1109655939746662
33.0	0.0841832829694471
31.5	0.0923909193239871
46.2	0.1109741309620048
