40.9	0.1325383446271063
44.3	0.1908437192566704
31.5	0.1553766290264943
41.9	0.1693217625837211
46.5	0.207721832688588
43.7	0.1993934610799593
31.5	0.1626183417806254
34.8	0.131612287542985
38.4	0.1324890032311493
36.4	0.1479210839181911
38.4	0.146038506859237
33.8	0.1416574279379157
30.4	0.1470508012274122
39.5	0.1313420247975538
33.1	0.1358673235462291
40.0	0.1311321001127682
45.4	0.2023369462295775
34.3	0.1442947518660674
45.5	0.2034986008536997
37.4	0.1676863668336659
44.3	0.1947878002037573
31.8	0.1512579452352756
44.1	0.1886309375911501
35.7	0.1403179371635999
40.9	0.1326677052927885
33.6	0.1429268021809069
43.7	0.2101891077433725
31.7	0.1547430714243862
36.5	0.1440640046690336
41.0	0.2757034248555732
31.5	0.1718153640775837
36.8	0.165443414948552
40.5	0.1336701744763994
32.0	0.1488844885165672
40.8	0.131715363230158
40.4	0.1346011407194519
39.9	0.1675169772594253
47.0	0.2058564211332537
40.5	0.1396069234005761
34.7	0.1630485778892153
31.9	0.1481500204826943
40.9	0.135452169714389
34.5	0.1315065928579819
29.4	0.1537671514255196
34.5	0.1317130814555038
34.6	0.167331999877255
32.9	0.1535387572728885
39.5	0.1400198274270895
33.9	0.1355843756703024
44.5	0.2124941167491381
44.3	0.2092766692248656
40.4	0.1713086158559812
39.8	0.1313324741738016
41.2	0.2754568443696864
39.6	0.1309410154233815
41.0	0.1697943215207545
43.9	0.2103803181438991
33.0	0.1364935222372487
36.8	0.1448686809180505
35.4	0.1306962644240172
44.8	0.2065508897514744
31.1	0.1478281001350646
35.7	0.1390789581600253
36.3	0.1475473946888152
34.4	0.1495162920537132
38.2	0.1457533937859172
28.8	0.1472745660300066
29.4	0.1565392740541578
39.5	0.1307322051797189
43.9	0.257125374960825
31.5	0.1540617810094263
36.6	0.1649944711026346
33.7	0.1498126812534558
34.8	0.1440535622637988
31.5	0.1569844532104617
37.0	0.1650752813319142
34.0	0.1363953096604251
31.2	0.154192037470726
34.1	0.1491388426405075
45.1	0.2059832255732005
32.6	0.1334508223806389
31.5	0.151369311037161
44.1	0.1864912801662908
44.9	0.1939056279492974
42.9	0.2783435985557894
33.2	0.1370083670837533
36.4	0.1487887548599342
44.3	0.185908489393271
40.1	0.1325544487853989
44.3	0.2089208475353305
31.2	0.1539316606089433
32.5	0.1650873319798997
30.4	0.1377904054094013
35.3	0.1655392279484163
44.0	0.2561776765112392
32.6	0.1305000753220015
40.6	0.132138044774684
40.3	0.1708849413755048
35.4	0.1304091760839751
34.1	0.134016800259933
39.8	0.1318102100576924
29.0	0.1533965399276708
33.2	0.1365662225114477
37.4	0.1679945945200568
38.9	0.1683948569058482
35.1	0.1300854217053465
35.9	0.1292079675371526
32.2	0.1505951017102896
32.1	0.1417420358315571
32.8	0.1473385365462169
34.0	0.1231440121065762
39.4	0.1308826022219677
42.1	0.1680582790393657
42.9	0.24721329286334
31.8	0.1319164367084129
37.1	0.1678567870072071
44.6	0.2082846877718673
43.0	0.1784965605055979
34.6	0.1448309470741566
45.0	0.2055913829939457
37.6	0.1676787173289833
35.7	0.1483869104352597
37.1	0.1382390667677279
38.6	0.1323453019975758
40.5	0.1339237947034536
33.1	0.1367039377734565
35.2	0.1357682230082957
37.7	0.146408719346049
33.7	0.1330685856181906
44.9	0.2071069067368806
36.1	0.165768488559747
44.3	0.2083053119273073
31.4	0.1464414294429503
31.5	0.1415706693905554
39.2	0.1302255755107078
42.6	0.2758890112175991
33.4	0.1643695014662756
43.7	0.253978461432932
44.9	0.2127782529887374
34.8	0.1329459203036053
43.9	0.2522667707578208
44.1	0.2744774378352572
44.5	0.1988501884520819
31.3	0.156912997784815
33.5	0.1318490675148185
40.9	0.1699815538194444
35.2	0.1366287820991294
33.0	0.1465226147960138
33.3	0.1312186256998668
38.3	0.1299038485340349
38.5	0.145524849124427
36.5	0.1653610179300185
26.4	0.1483525200201408
40.4	0.1709413115583617
44.5	0.1822856357301101
39.2	0.1310923788088362
38.7	0.1469849653295314
40.4	0.1332843399251737
44.0	0.2013435518970574
43.0	0.2470695879464438
41.3	0.1374424685286834
43.5	0.241840279583537
39.7	0.131598564640844
33.5	0.1511261455061739
38.4	0.1331647492796966
41.1	0.1362462250208828
44.4	0.1838477810280428
38.4	0.133578268910757
35.5	0.1450058686676028
46.1	0.2081735367797768
44.6	0.2091388555339324
39.5	0.1309641098572062
35.8	0.1271104543039319
43.7	0.2565927498914102
40.5	0.1319163853371966
35.1	0.130575084956796
46.8	0.207632565055762
30.3	0.1557703598087729
40.8	0.1701016174806675
37.1	0.1440995564622065
40.3	0.1711772573238408
42.5	0.2773490560466169
33.7	0.1354152923165009
33.8	0.1344488685046116
42.7	0.2772036173409471
33.0	0.1394788906740504
32.5	0.1329697397611434
31.6	0.1521496238688336
35.4	0.1304435079269516
35.4	0.1651613146531405
38.6	0.1331800142231194
31.1	0.1551157848708652
34.3	0.1324813709985556
36.5	0.1461920963098665
41.8	0.2757366128619011
37.5	0.1672680278245182
44.0	0.2579035342659659
44.9	0.1958752099567695
30.2	0.1980164240772172
42.6	0.2758404475956205
36.7	0.1652027809061093
35.2	0.1264086897488119
37.1	0.1677991303128068
33.4	0.1686071714989632
31.4	0.1476793701973584
33.1	0.1641673707799126
44.5	0.1922072836444328
33.0	0.1651495092444647
31.5	0.146979529575059
35.2	0.1338686366525331
34.9	0.1323592608508809
36.4	0.1390965424213106
29.3	0.1463559520099719
33.3	0.1524925007442009
36.5	0.1476900018186493
40.3	0.1708079079507329
41.0	0.1352966631406866
33.3	0.1359786814041736
39.0	0.1319621269742092
34.6	0.1348168870803662
44.0	0.2249184094410068
35.5	0.1662065020707406
34.8	0.1315336889082398
35.1	0.1345236079493788
36.3	0.1444508406614129
45.0	0.2172861334255806
39.3	0.1304686535088802
40.7	0.1353865519199326
42.6	0.1774794198353586
31.7	0.1467288194888286
42.5	0.1788617886178861
40.1	0.1712187853733636
38.3	0.1459255692694326
43.9	0.2558926183623053
44.3	0.1982540467604308
35.1	0.1346762899924593
35.5	0.1465202432952891
47.1	0.2095211917981419
42.4	0.1693866854862563
36.1	0.1390385068054997
43.5	0.2756867499532823
39.0	0.1296836550360582
35.3	0.135939680595111
29.5	0.1408726302702443
35.1	0.1420534248619608
33.0	0.1513163239332116
34.3	0.1273179779765678
33.2	0.1474885844748858
33.1	0.1313116809771319
31.8	0.1521246210812625
40.6	0.1380661056361422
44.0	0.2749452709645713
47.1	0.2057977948080517
40.5	0.1324976979434961
31.1	0.1539537326862117
38.3	0.1334379836391775
41.2	0.1692111959287531
32.0	0.1388018235347205
43.2	0.2463040461108561
32.2	0.1449286043298019
34.7	0.1411295273173726
44.3	0.2097247084494064
39.9	0.1323092591210091
41.2	0.2767661664975703
43.6	0.2498082724065647
34.8	0.1317028831177598
40.6	0.1380654654564687
35.4	0.1646957000460539
37.1	0.1688495398492236
44.5	0.180599707652396
44.6	0.2090101900959418
44.3	0.2367838606936015
32.9	0.1449656777377763
38.9	0.1468655085413084
31.7	0.161872764096837
33.9	0.1343050432648946
32.8	0.1405985814979908
40.5	0.1707847729005555
39.5	0.1304043328041834
39.5	0.1306374672244878
33.4	0.1504310185356469
32.4	0.1708334699254058
30.0	0.1369516022387573
32.3	0.1548506805397343
34.5	0.1357075764707905
39.7	0.1408712264879823
40.5	0.1324291286778731
45.1	0.2092022572784404
37.0	0.1679138969518908
39.5	0.1305297691373025
41.5	0.2752842395044734
46.5	0.2082002902757619
43.9	0.1884305135707473
39.5	0.1309868045034092
42.6	0.1769834395697296
33.7	0.1270994082444196
44.2	0.1884270526106553
33.6	0.1334069802276812
32.2	0.1388606722850642
42.8	0.2765989483747609
37.2	0.1380926713247134
30.4	0.1387925596700163
30.4	0.1621040826157644
42.1	0.1701844407967015
41.5	0.1370475443428141
44.5	0.1827072982866641
38.7	0.1311100462146993
33.5	0.1340635863441778
33.9	0.134198396810486
43.2	0.2780884298718482
34.8	0.1338660245183887
35.6	0.1294320969074992
42.3	0.2778644312731132
38.4	0.1462304380439585
34.5	0.1319644911336357
39.1	0.1459543194245011
35.5	0.1363622752000532
29.0	0.1505733097247769
35.3	0.1295328635645729
43.8	0.2744712169935232
29.4	0.1567418535484011
44.0	0.254788452554498
34.9	0.1473616152198284
37.4	0.1682799575821845
33.0	0.1512861345785311
33.3	0.1327684441586189
32.4	0.139126168224299
36.8	0.1674887803999076
33.0	0.1483040495641636
44.8	0.2097604280425569
35.2	0.1425980632577874
35.7	0.1292260929972438
40.7	0.1337039751161044
34.6	0.1438279114930351
32.5	0.1703204957499945
44.8	0.2167240976146242
33.5	0.1496536515760799
35.0	0.133239407612664
35.6	0.1441214974862209
43.3	0.1792649261325387
44.0	0.2575163515175277
34.0	0.1433690335737992
39.9	0.1333714218508944
33.4	0.1373861557429207
31.3	0.1675563731779689
39.1	0.1327280358958589
40.2	0.1709584254242613
47.0	0.2092748735244519
33.6	0.129066310207208
36.8	0.1474685677252106
36.7	0.1392015675529288
35.7	0.165189063715857
32.8	0.1640326042995364
34.1	0.1657941906597568
30.4	0.1620936442941071
35.5	0.1311637723934381
31.6	0.1319879277747905
36.6	0.1482354486926816
31.3	0.1473376971036769
38.4	0.1451392186757979
35.0	0.1329513280302009
30.3	0.1364594280190847
40.3	0.1338054114847763
38.5	0.1297661012928478
35.0	0.1309941243366186
38.4	0.1300708790450965
35.6	0.1447953460413034
37.8	0.1463000441994091
38.7	0.1307706932004931
32.9	0.1478255307519203
34.8	0.1675131717303567
32.3	0.147221707478491
35.5	0.1652682506905814
44.1	0.2227995611760689
35.9	0.1361582536639575
43.3	0.2745077665172706
32.8	0.1536821627577341
31.1	0.1376051721613372
40.9	0.1693180032545789
44.1	0.2383338996488843
33.9	0.1362293029485412
33.4	0.1308458858059503
43.4	0.2486628147146712
39.8	0.1329851277615877
42.3	0.1693948921388162
42.1	0.1694956263774412
36.0	0.127813552402532
34.5	0.1414472490217856
38.5	0.1677472897971886
33.9	0.133983061767152
35.1	0.1404305191174573
36.5	0.1379506394567671
31.5	0.1467422806385411
34.9	0.1753734175156577
40.0	0.1335697402216271
36.7	0.138846980358018
31.1	0.1526952840560259
39.9	0.1703120296980034
35.2	0.12935742295571
35.4	0.1646812250692989
34.1	0.1317813858903724
38.3	0.1446936961784805
33.6	0.1347545016882913
38.8	0.1300187341157123
41.2	0.1694385893097792
35.9	0.1473532563530595
39.3	0.1305840406932215
42.0	0.2763457740416265
33.3	0.1284118665370295
34.9	0.1663850714296489
40.0	0.1688796889988388
43.9	0.2245977725193906
31.5	0.1651113171940155
42.6	0.2767558612887259
46.1	0.2081932975923077
30.5	0.1562765684006564
31.7	0.1528794419165793
44.7	0.2099735995005876
30.4	0.1509841320966467
40.2	0.1334425382577585
43.8	0.209410836590526
32.1	0.1482043226260765
33.5	0.1307685909327432
33.5	0.1454315595908516
39.9	0.1321298475803492
45.1	0.2016814725460415
39.5	0.140463893125756
33.3	0.1689036176272117
37.7	0.1679325159862905
42.3	0.2774832349021384
35.0	0.1317268433271956
38.1	0.1472211326107866
34.0	0.1357588327918139
33.6	0.1348189133307577
44.0	0.2561243677004158
38.3	0.1467701704715273
35.2	0.1447478115881617
30.9	0.1520510381106944
42.0	0.1688799693684891
31.5	0.156766977750341
44.5	0.209078676268263
39.7	0.1698091158027255
35.2	0.1658664110256219
35.5	0.1662452420529424
32.9	0.1543633099774161
34.8	0.142187009727016
33.7	0.1481251509193142
31.8	0.1597277822257806
33.7	0.1326898858619093
32.3	0.1667502128438323
37.0	0.1683161927334807
33.7	0.152532852476394
37.8	0.1371947822857673
40.6	0.1702666742541873
40.0	0.1311546407459667
33.9	0.1366696761921897
32.9	0.1367330539506876
33.8	0.1722525597269624
31.7	0.1600411681461469
38.9	0.1460068214691754
44.5	0.194850505045707
40.6	0.1706950403485761
33.2	0.1701386453438076
34.1	0.1324284431832318
37.2	0.1686905746895884
39.2	0.1308618545303791
42.5	0.2767576814789138
31.5	0.1601373228403667
37.2	0.1674279097912351
39.2	0.1307549324574188
33.9	0.132748987847361
43.2	0.2764027632251689
40.2	0.1707316384180791
40.2	0.1695193378447832
44.6	0.1806504171867814
30.8	0.1391809731002264
32.2	0.1384762194463796
34.8	0.1403312935421591
46.5	0.2090955895767688
33.7	0.1347469189447188
43.6	0.2483686874125121
36.1	0.1434286678391754
32.8	0.1709983219006683
36.8	0.1381399011714763
46.4	0.2085073841960156
41.5	0.1694911264887257
44.3	0.1799375641621441
34.1	0.1496209198736742
33.0	0.1453049750935284
43.9	0.2566746602717825
32.3	0.1420893961300642
32.3	0.1384544458599989
28.2	0.1448564241912385
44.2	0.1987680299226853
36.8	0.1682719043956694
43.9	0.18043364953612
44.1	0.2550496886552437
32.0	0.1609196219679569
44.5	0.2013314369540772
42.8	0.2774352944285167
39.5	0.1297160683672643
35.4	0.128838080101951
39.5	0.1315730310765556
33.3	0.1367166332352006
32.3	0.1385245710283646
33.2	0.1434947981342154
43.1	0.2772362264221785
31.0	0.1464530658204524
44.6	0.2206963159607268
39.5	0.1312534909031718
44.4	0.1961520658606742
32.9	0.1423243465343405
44.8	0.2139682151526961
39.5	0.1307389096115835
29.7	0.1561047328706406
39.4	0.1296290200400125
29.0	0.1492074130194067
35.9	0.1451328276433877
40.6	0.1335774157171945
34.5	0.149080183774177
33.7	0.1529097704217832
37.4	0.1682504192286193
36.4	0.1663078119902632
44.6	0.208649937700431
43.2	0.2436531701601354
37.5	0.1379274927274052
42.0	0.1695723439129786
43.2	0.2441899576811458
43.0	0.2767695121287614
37.7	0.1479003206483075
30.2	0.1616582641948844
39.2	0.1308301378067462
40.6	0.1706803490978736
31.2	0.1637803571321676
33.0	0.1459566906409499
42.3	0.1704420462799626
35.9	0.14703428624054
44.1	0.2211351405814437
40.6	0.1320606374828789
33.4	0.139569019826329
33.3	0.168967644737786
44.0	0.2056428643232919
34.9	0.1447510587789931
41.4	0.1367204592671581
39.1	0.1309627504582133
35.2	0.1398167973283437
31.8	0.1504904216991762
44.2	0.2519442559632549
33.1	0.1307819844608478
29.0	0.1498887796803062
34.5	0.1353514143976514
42.6	0.2775545945260344
35.4	0.1290175251856129
35.8	0.1401620768286265
34.8	0.1418377874786395
40.0	0.1315447037814678
46.8	0.209374060277268
43.9	0.2490023790986553
39.5	0.1681610370051635
41.6	0.2760068418597419
38.6	0.1327434908389585
44.8	0.200560412299857
35.5	0.1381154304096254
36.9	0.1453427393612169
34.7	0.1412474154066263
44.6	0.211506265023011
35.3	0.1311754465356946
39.1	0.1316142070209367
42.7	0.2766054431579381
46.5	0.2083622633462225
30.5	0.1504864929003678
37.5	0.1451513749110677
30.6	0.1377069944176009
34.5	0.1348532837861255
44.2	0.1972022680711639
33.1	0.1360360702879816
35.9	0.1354879599597474
38.0	0.1325376349670704
43.9	0.2410393617899603
36.4	0.1647446156898888
35.2	0.1484105537776902
35.3	0.1478410292562565
31.9	0.1606600546516782
35.6	0.1445035368090123
36.7	0.1655301777002704
33.6	0.1354111979882395
31.4	0.1562324984951976
33.3	0.1696953740484959
33.0	0.1385590919007911
40.3	0.1342198640093893
29.1	0.1545532191808679
31.2	0.1539257685446531
34.7	0.1323475630661861
33.4	0.1331025860415713
32.1	0.1297679033892579
36.8	0.1648966763896306
35.9	0.1486408794657009
31.4	0.1391254767244887
44.5	0.2099394671599904
32.2	0.1421919710130204
44.4	0.191376759361129
33.1	0.1433744855967078
44.1	0.256189200886516
39.8	0.1684465967235671
38.0	0.1682609006551119
39.5	0.1400932485223597
33.5	0.1516485155900343
44.2	0.1978031693236992
33.6	0.1321304968507349
41.4	0.2772339130748902
32.9	0.1441600527817126
34.3	0.1671059508488769
46.0	0.2079578995167202
34.7	0.1433711277847132
35.6	0.145169371224984
35.2	0.1306742748850697
40.2	0.1317008543311836
33.3	0.1447765493751314
31.2	0.1469702434163409
44.5	0.1998951318862181
34.5	0.1324290650193696
36.4	0.1478905156955091
35.1	0.1639886948864186
37.9	0.1691391547181474
41.8	0.1694962869515899
47.0	0.2047277738269827
44.8	0.1920653746966844
34.5	0.1430728437799219
43.9	0.2009516542970104
44.1	0.2505775345222115
34.7	0.1318279298599722
38.4	0.1459410423100767
39.3	0.1317942137190854
35.7	0.144956828340598
33.2	0.1492632150510926
35.3	0.1309044887062007
40.6	0.1386262026787806
35.5	0.165393018946737
40.2	0.1348253818260478
36.2	0.145286274051114
44.1	0.2525774191856597
35.1	0.1425588725842731
33.4	0.1433080092474212
32.6	0.1395212040059379
34.0	0.1674522262524164
33.1	0.1498380509787354
33.7	0.1366149464337239
33.6	0.1679213276264873
33.3	0.1397905166312809
44.1	0.2576670261612699
34.9	0.1343157483347031
38.5	0.1455215460064619
39.5	0.1685535610573091
33.5	0.1314109113199836
34.0	0.1509086100133802
33.7	0.1362872600985196
35.8	0.1456326098464796
32.3	0.1623999776173689
36.8	0.1656798310792475
44.0	0.198437801882366
38.8	0.1448130473057499
40.4	0.1347474514601889
33.0	0.1366482510915683
40.4	0.1351786111634116
46.5	0.2081956812005012
41.4	0.1689115978392265
32.4	0.1491018616131455
39.2	0.1680768040985341
44.3	0.1846721944880437
44.7	0.2089505917922457
39.8	0.1696446480791359
43.3	0.2105998288721352
39.7	0.1303489201431467
34.9	0.1338017593639101
31.4	0.155206937758642
45.8	0.208641464913198
33.0	0.1510604418692084
31.5	0.1681825270933899
46.2	0.2087335355452668
