40.9	0.1184909412578482
44.3	0.1735371690925075
31.5	0.1519533875520903
41.9	0.1534727688444094
46.5	0.2036371028176321
43.7	0.1812553437748288
31.5	0.1492016150674571
34.8	0.1196554114268739
38.4	0.1186252192917755
36.4	0.1343992248062015
38.4	0.1322992251033651
33.8	0.130231262190025
30.4	0.1346516651841135
39.5	0.1180004176743622
33.1	0.1236173498034812
40.0	0.1178911124919488
45.4	0.1839376090963168
34.3	0.1294780743718334
45.5	0.1859477211894368
37.4	0.1511284869341407
44.3	0.1775759800149177
31.8	0.1524975490394665
44.1	0.1726254838779438
35.7	0.1293436293436293
40.9	0.1181884091710289
33.6	0.1287142590170061
43.7	0.1961121145425175
31.7	0.1410254882213071
36.5	0.1309949786493753
41.0	0.2605594595418071
31.5	0.1772935770563626
36.8	0.1494255802811445
40.5	0.1198666516897204
32.0	0.1449970395699725
40.8	0.1179271181562576
40.4	0.1205258761742394
39.9	0.1517451374916163
47.0	0.2099065203796728
40.5	0.1252506190127326
34.7	0.1611350180384401
31.9	0.142417321487861
40.9	0.1220024751762843
34.5	0.1185851530308705
29.4	0.142546570612558
34.5	0.119046663870603
34.6	0.1515435764794689
32.9	0.1402702481177476
39.5	0.1257662690095563
33.9	0.1214792116509582
44.5	0.1943895812996133
44.3	0.1920638418277152
40.4	0.1550304460912084
39.8	0.1175982508269327
41.2	0.2595286945471543
39.6	0.1170625905740537
41.0	0.1543095181011747
43.9	0.1968009003531557
33.0	0.1234707659331774
36.8	0.1313321238379798
35.4	0.1176578228197927
44.8	0.189768145792772
31.1	0.1452312959320555
35.7	0.1253329517245131
36.3	0.1334679047234558
34.4	0.1357142857142857
38.2	0.1316873288940428
28.8	0.1346275354282987
29.4	0.1448797632995095
39.5	0.1167495229378394
43.9	0.2396461266980115
31.5	0.1549393862071319
36.6	0.1487749187893195
33.7	0.1360654883548598
34.8	0.1338821798856438
31.5	0.149409834017986
37.0	0.1485106068068318
34.0	0.1220383354811214
31.2	0.1544064869045941
34.1	0.1348335615413823
45.1	0.1898165638248751
32.6	0.1204055766793409
31.5	0.1472631006784369
44.1	0.1697245742300816
44.9	0.1757236207469738
42.9	0.2621084528971556
33.2	0.1237689594696166
36.4	0.1355411439506697
44.3	0.1692291701646238
40.1	0.1188417331866382
44.3	0.1996008529970794
31.2	0.150446075341639
32.5	0.1511423128990907
30.4	0.1241933897304741
35.3	0.1497692608110011
44.0	0.2371327050119918
32.6	0.1172942050798448
40.6	0.1182308622453725
40.3	0.1550203833419671
35.4	0.1178430060768244
34.1	0.122075894656092
39.8	0.1179974651457541
29.0	0.1412978289552597
33.2	0.1233413903763564
37.4	0.1518383757829503
38.9	0.1515286236795522
35.1	0.1180622572024803
35.9	0.1169578711176608
32.2	0.1534307435837543
32.1	0.1306182261649521
32.8	0.1344201784066441
34.0	0.1118784342988942
39.4	0.1175555489318968
42.1	0.1532751358930628
42.9	0.2273893143370649
31.8	0.1192950984013085
37.1	0.1516136908461333
44.6	0.1991250123389763
43.0	0.1623158559239155
34.6	0.1304254990505093
45.0	0.1882513520347417
37.6	0.1511416539879538
35.7	0.1340558142792114
37.1	0.1229404661656524
38.6	0.1179952787361539
40.5	0.119950706550864
33.1	0.1235727573627117
35.2	0.1221487054260782
37.7	0.1329795173729165
33.7	0.1208969646176963
44.9	0.1901575970129549
36.1	0.1486987287591041
44.3	0.1995904705955104
31.4	0.1415058973286659
31.5	0.1272335986635595
39.2	0.1169928824699023
42.6	0.2604842939492116
33.4	0.1510647712506161
43.7	0.2358739118201273
44.9	0.1958812357303052
34.8	0.1196869861474217
43.9	0.2351465594899869
44.1	0.2596009767779357
44.5	0.1821229967968074
31.3	0.1537657115997849
33.5	0.1193185862073296
40.9	0.154351970634011
35.2	0.1228276103714085
33.0	0.1320251663532202
33.3	0.1183384596302274
38.3	0.1162511987487009
38.5	0.1319459122715288
36.5	0.1484947988469733
26.4	0.1384544981509356
40.4	0.1544616056017299
44.5	0.1655909949655397
39.2	0.1171480498273662
38.7	0.1330917120049091
40.4	0.1195358898541283
44.0	0.1833271855403909
43.0	0.228137518434457
41.3	0.123276923076923
43.5	0.2222858223277811
39.7	0.1179599219920296
33.5	0.1368219664000788
38.4	0.1191315709156502
41.1	0.1222674790608661
44.4	0.1670603209769372
38.4	0.1194014037875778
35.5	0.1310788164579379
46.1	0.2006714159048521
44.6	0.1968061942008374
39.5	0.11690977908051
35.8	0.1149284564006441
43.7	0.2382451851309408
40.5	0.1185393501492666
35.1	0.1176216373973609
46.8	0.2109220902206396
30.3	0.1457832108719682
40.8	0.1541663292574297
37.1	0.1317578390542346
40.3	0.1551359970038525
42.5	0.2618060200668896
33.7	0.1258827986865369
33.8	0.1219931672749838
42.7	0.2613677546708614
33.0	0.1254739164820304
32.5	0.119921582378349
31.6	0.153067164069595
35.4	0.1181824170679114
35.4	0.1494399226367958
38.6	0.1189141009341661
31.1	0.1550535155606784
34.3	0.1189940339164473
36.5	0.1329378617476824
41.8	0.2608150353850192
37.5	0.150528652442091
44.0	0.2393348914062849
44.9	0.1782859308363838
30.2	0.2069079350520477
42.6	0.2613302193593752
36.7	0.1480903746577209
35.2	0.1142820840269537
37.1	0.1518399770301957
33.4	0.1719474513411958
31.4	0.1459846364712683
33.1	0.150853009113123
44.5	0.1749538645245332
33.0	0.1520225088272179
31.5	0.1418366782494128
35.2	0.1203834140433207
34.9	0.1190096688357878
36.4	0.1246377250143443
29.3	0.1329721815519765
33.3	0.1392315558802045
36.5	0.1341255721783613
40.3	0.1551879469193023
41.0	0.1218392100642708
33.3	0.1230230984702265
39.0	0.1177362424999086
34.6	0.1209085051546391
44.0	0.205385760665026
35.5	0.1495450975258541
34.8	0.1181586039543985
35.1	0.1203839014179074
36.3	0.1339672434980559
45.0	0.1984072850547448
39.3	0.1170588797513328
40.7	0.1214510256495474
42.6	0.1612880732618138
31.7	0.1434562969731054
42.5	0.1617511283043198
40.1	0.1550290950884819
38.3	0.1326965484037779
43.9	0.2377477652272452
44.3	0.1809580130100532
35.1	0.1258134822846503
35.5	0.1321772388722454
47.1	0.2096131922310162
42.4	0.1543059221995318
36.1	0.1246414280169294
43.5	0.2601924425770689
39.0	0.1157970797827278
35.3	0.1218921587742856
29.5	0.1315097445155849
35.1	0.1277120010505196
33.0	0.1379380016606698
34.3	0.1152622304979052
33.2	0.1340547207894146
33.1	0.1192301823453116
31.8	0.1529555941663402
40.6	0.1239801366503844
44.0	0.2590955320819356
47.1	0.2084876320083565
40.5	0.1190849502624895
31.1	0.1540783784183855
38.3	0.1189557828833361
41.2	0.1529198742216318
32.0	0.1298409737949682
43.2	0.2262934456948664
32.2	0.1424147665652256
34.7	0.1265312701878087
44.3	0.197045690867943
39.9	0.1183546677920007
41.2	0.2609521032055003
43.6	0.2297454555182515
34.8	0.1186043614901119
40.6	0.1236676631633039
35.4	0.1484657135012988
37.1	0.1521942006443728
44.5	0.1643461493054188
44.6	0.1965137166034346
44.3	0.2187009710928127
32.9	0.1307772363877193
38.9	0.1334057221461026
31.7	0.1602636745910179
33.9	0.1217742713113471
32.8	0.1272960907963247
40.5	0.1543309511566709
39.5	0.1162129386307171
39.5	0.116626904369818
33.4	0.1375356904770889
32.4	0.1565668516261845
30.0	0.1215945719897378
32.3	0.1415743869993528
34.5	0.1266793414893061
39.7	0.126898824524611
40.5	0.1187289808268404
45.1	0.2008334895326005
37.0	0.1518405674042255
39.5	0.1170112351228364
41.5	0.260174131973991
46.5	0.2042234476507024
43.9	0.1725799551761341
39.5	0.1172364692539746
42.6	0.1600785350471701
33.7	0.1154094367102038
44.2	0.1719503079631033
33.6	0.1206106168205652
32.2	0.1257673728773188
42.8	0.2604936047558998
37.2	0.1232551229856771
30.4	0.1296036788214582
30.4	0.1479195996817041
42.1	0.1545074464723593
41.5	0.1228547441837937
44.5	0.1662505025710476
38.7	0.1166093653663277
33.5	0.1221046444210249
33.9	0.1216991963260619
43.2	0.2612031757872862
34.8	0.1199557713938694
35.6	0.1171799475210606
42.3	0.2605108807420309
38.4	0.1334116702969162
34.5	0.1188775897808792
39.1	0.132487378905717
35.5	0.1230112637422154
29.0	0.139427612957333
35.3	0.117503605595739
43.8	0.2587566998857576
29.4	0.1448913483601026
44.0	0.2342926744777262
34.9	0.1334223171382808
37.4	0.1514164794812748
33.0	0.1369174384626813
33.3	0.1194004586221762
32.4	0.1258090664855016
36.8	0.1518778117816294
33.0	0.133596117046723
44.8	0.1976226032274122
35.2	0.1283312544547398
35.7	0.1171822128165533
40.7	0.1200987204677241
34.6	0.12932962220908
32.5	0.1747462604125629
44.8	0.1987926203243942
33.5	0.135699888611892
35.0	0.12031504667878
35.6	0.1316535266475134
43.3	0.1632562671627248
44.0	0.2398214164759793
34.0	0.1291532068803666
39.9	0.1196141066461337
33.4	0.1281950046774566
31.3	0.1701808023841715
39.1	0.1184884854967595
40.2	0.1545520854422568
47.0	0.2094682856724561
33.6	0.1167105681191512
36.8	0.1341477529804181
36.7	0.1240824088966816
35.7	0.1486523764360946
32.8	0.1507283140455501
34.1	0.1533733190709046
30.4	0.1486466853597942
35.5	0.1178351221740123
31.6	0.1176394393927618
36.6	0.135123557958367
31.3	0.1371950143003424
38.4	0.1311380084062825
35.0	0.1190563750136469
30.3	0.1229461598484004
40.3	0.1197925919804986
38.5	0.1161876667204602
35.0	0.1181748915144162
38.4	0.1163480805690815
35.6	0.1308733439961372
37.8	0.132445921499997
38.7	0.1171041676869582
32.9	0.1338337312424836
34.8	0.1509315290153832
32.3	0.1337557198169658
35.5	0.149935436966948
44.1	0.2048146486600766
35.9	0.1226789503390036
43.3	0.2595208993667695
32.8	0.1403500046807713
31.1	0.1234064813022175
40.9	0.1537369724112161
44.1	0.2203544181703444
33.9	0.1221559469244725
33.4	0.1183059571569147
43.4	0.2284000042703563
39.8	0.1192147957811706
42.3	0.153750823787031
42.1	0.154027421306701
36.0	0.11575292856376
34.5	0.1265496070816857
38.5	0.1509260550955596
33.9	0.1253258103825306
35.1	0.1259548273415867
36.5	0.1239079297608484
31.5	0.1342952802336533
34.9	0.1795253617719174
40.0	0.1199063154275714
36.7	0.1241052522076841
31.1	0.1463560588055546
39.9	0.1533641309383562
35.2	0.1173398236023654
35.4	0.1510063896669565
34.1	0.1196586200469319
38.3	0.1307067650600549
33.6	0.1251937795168302
38.8	0.1161797172988933
41.2	0.1534927846071619
35.9	0.1336116046303755
39.3	0.1164063548892369
42.0	0.2619148857987265
33.3	0.1160779762061779
34.9	0.1530277854703221
40.0	0.1525477528614373
43.9	0.2069220029471804
31.5	0.151365467939037
42.6	0.2610689918495485
46.1	0.2023778708942633
30.5	0.1444822735520172
31.7	0.153641561549454
44.7	0.197606399034108
30.4	0.1372206542951242
40.2	0.1191479811899088
43.8	0.196130466723444
32.1	0.1370846337433449
33.5	0.1186093221221932
33.5	0.1316049959145558
39.9	0.1177321527617157
45.1	0.1842247302468745
39.5	0.1262667094228153
33.3	0.152514777794166
37.7	0.1514824983234844
42.3	0.2612425008676682
35.0	0.1183759543003576
38.1	0.133918103142706
34.0	0.1223191555120807
33.6	0.12265609658293
44.0	0.2383106605376761
38.3	0.1326912256313507
35.2	0.1320531083758096
30.9	0.141345616435716
42.0	0.1532617147970216
31.5	0.15489078116714
44.5	0.1991918337912941
39.7	0.1521979482272896
35.2	0.1499237485591626
35.5	0.1498952065079999
32.9	0.1408034113428328
34.8	0.1271424262411622
33.7	0.1333759479327076
31.8	0.1468880637574858
33.7	0.1202002507285241
32.3	0.1532332321013181
37.0	0.1513545174989017
33.7	0.1389128584426638
37.8	0.1223369771082439
40.6	0.1543382188256244
40.0	0.1176126147682757
33.9	0.1224268088816946
32.9	0.1247553840786007
33.8	0.1772661858804972
31.7	0.1478226580715951
38.9	0.1315689730893952
44.5	0.177822073515104
40.6	0.1549868057634887
33.2	0.155324765745119
34.1	0.1203569071398179
37.2	0.1522614752034908
39.2	0.1170563734919497
42.5	0.2608081742265568
31.5	0.1471854396110354
37.2	0.1509269870448688
39.2	0.1173573022802342
33.9	0.120695559594206
43.2	0.2606320735743148
40.2	0.1541083622841482
40.2	0.1527512221545854
44.6	0.1637148869402769
30.8	0.1298568969599582
32.2	0.1263173035665526
34.8	0.1259736212769041
46.5	0.2073268291220813
33.7	0.1223762803751769
43.6	0.2310793569788211
36.1	0.1306317755070283
32.8	0.1551733703190014
36.8	0.1232424358430975
46.4	0.2070201744000864
41.5	0.1539198126023841
44.3	0.1634977301083047
34.1	0.1356164887937427
33.0	0.1315232164870246
43.9	0.2384078629256499
32.3	0.1286930489288053
32.3	0.1258871129297633
28.2	0.1353814116972931
44.2	0.1820354392180643
36.8	0.1514322554696603
43.9	0.1637726235503735
44.1	0.2366442443916424
32.0	0.148364587246092
44.5	0.1837637277408947
42.8	0.2609982419457187
39.5	0.1162846759975533
35.4	0.1174456321415407
39.5	0.1170321919116439
33.3	0.1235402776067413
32.3	0.1260591597294122
33.2	0.1298559337772943
43.1	0.2618777291558355
31.0	0.1338579433091628
44.6	0.2024969697590926
39.5	0.1170878144160207
44.4	0.1782919528666726
32.9	0.1275706996906616
44.8	0.1968044289227293
39.5	0.1162776337816624
29.7	0.1456142313716715
39.4	0.1168573483735204
29.0	0.137250855053662
35.9	0.1318262240419185
40.6	0.1197036052553622
34.5	0.1373350094280326
33.7	0.1392544424045891
37.4	0.1521949701779927
36.4	0.1493011244310017
44.6	0.1976810552837926
43.2	0.224136275270648
37.5	0.1227371076440022
42.0	0.1540608200695688
43.2	0.2247810835390412
43.0	0.2607525116553943
37.7	0.1341358018263794
30.2	0.1487681447135541
39.2	0.1168972008556535
40.6	0.1537533809006801
31.2	0.1490372365595311
33.0	0.1326803323805797
42.3	0.1540151477416022
35.9	0.1334263809064186
44.1	0.2049568794086024
40.6	0.1183063826673009
33.4	0.1264001171016797
33.3	0.1535054131994955
44.0	0.1873503608025249
34.9	0.1318848503577626
41.4	0.1229662773444491
39.1	0.1170915978104772
35.2	0.1249819515262744
31.8	0.1517442505762694
44.2	0.2339002385149849
33.1	0.1181113108559269
29.0	0.1389481787326358
34.5	0.1223058237594719
42.6	0.2615113854165411
35.4	0.1167994714553281
35.8	0.1256575812333983
34.8	0.1275404936007811
40.0	0.1178676770987191
46.8	0.208470534801862
43.9	0.2323571849313958
39.5	0.1518578963296009
41.6	0.2612935574169607
38.6	0.1197264885674476
44.8	0.1825497844385136
35.5	0.1260658653587021
36.9	0.1317420222011077
34.7	0.1262370213096501
44.6	0.1940259060314839
35.3	0.1186280588223896
39.1	0.1176978281975701
42.7	0.2601208543484489
46.5	0.2053909254037426
30.5	0.1387276318151894
37.5	0.1318992229084626
30.6	0.1233464996396658
34.5	0.1216576530243247
44.2	0.1788656260451083
33.1	0.1230859835100117
35.9	0.1224711114721471
38.0	0.1185778453787104
43.9	0.2227183650976362
36.4	0.148140359076216
35.2	0.1349861535146951
35.3	0.134475504528275
31.9	0.1471398042512711
35.6	0.1313593668049396
36.7	0.1494303669470514
33.6	0.1226119736758034
31.4	0.1524792571939074
33.3	0.1537764871625312
33.0	0.1253921744779069
40.3	0.1207700887111995
29.1	0.1417439009184988
31.2	0.1462061794619309
34.7	0.119006526385571
33.4	0.1198013332712218
32.1	0.1168098142345568
36.8	0.1481458682794458
35.9	0.1349655029817612
31.4	0.1303015297635645
44.5	0.193086435814234
32.2	0.127340106783212
44.4	0.1740064852839134
33.1	0.1305747549341673
44.1	0.2371696117542912
39.8	0.1522517911975435
38.0	0.1517246497921843
39.5	0.1265239353953192
33.5	0.1380813953488372
44.2	0.1810343183984747
33.6	0.1192984215110632
41.4	0.2612686971705334
32.9	0.1298237115974577
34.3	0.1506383310413175
46.0	0.2010883042793095
34.7	0.1277813605185974
35.6	0.131168853001003
35.2	0.1175512754858477
40.2	0.1176240177697102
33.3	0.1309622766627128
31.2	0.1429975994050916
44.5	0.1821748256809901
34.5	0.1198148718367654
36.4	0.1372513707127706
35.1	0.150496988092896
37.9	0.1519752220018014
41.8	0.1535798524945306
47.0	0.2090129537333082
44.8	0.1762375699614193
34.5	0.1286151566551636
43.9	0.1833313547553511
44.1	0.2318005163745074
34.7	0.1184566735238561
38.4	0.1319634177906876
39.3	0.1179189090775464
35.7	0.13149268643145
33.2	0.1359608885311299
35.3	0.1187141626347095
40.6	0.1244493035214969
35.5	0.1491879864144137
40.2	0.1211549571524858
36.2	0.1340872851827791
44.1	0.2327366921951876
35.1	0.128101270030827
33.4	0.1300785042580931
32.6	0.1301873741087005
34.0	0.1519347937631255
33.1	0.1389612239085323
33.7	0.1238571389111399
33.6	0.1510146947505016
33.3	0.1256200454406982
44.1	0.2374498558219306
34.9	0.1205961413355565
38.5	0.1322395168171501
39.5	0.1512435763447032
33.5	0.1183868169991326
34.0	0.1372339128914136
33.7	0.1271248608722048
35.8	0.1318641048192499
32.3	0.149258446749448
36.8	0.1482587449554532
44.0	0.1806925313680341
38.8	0.1311152187307455
40.4	0.1209074255175548
33.0	0.1237528252326362
40.4	0.1215738286730922
46.5	0.2048647464184246
41.4	0.1539025775309966
32.4	0.1512459937888696
39.2	0.1508752559685196
44.3	0.1684750549189494
44.7	0.1917923281080704
39.8	0.1530777480462113
43.3	0.1966778311153516
39.7	0.1163394681095509
34.9	0.1197351328087057
31.4	0.1570157580629998
45.8	0.2008796337438597
33.0	0.1372714542230855
31.5	0.1674366735701768
46.2	0.2030810391742547
