31.21	0.1506384374487492
26.96	0.2124304318328488
39.73	0.1655979559587954
27.98	0.1880680745475632
27.69	0.2142641096595662
26.84	0.2227317704902408
39.09	0.1850804351156732
34.59	0.149763714016307
34.11	0.1508557967692593
34.88	0.1664904540749392
32.6	0.1644647399350934
33.97	0.1655225573751418
31.8	0.1701111469911145
33.95	0.150667204192703
36.55	0.1545281587797589
31.78	0.1509424138050202
26.46	0.224918727034938
31.5	0.1631438458382439
26.6	0.2257300435702231
29.61	0.1874556802531719
26.63	0.2166457297034024
37.84	0.1591098306937816
26.98	0.2124149547526256
34.0	0.1596268329768316
31.33	0.1512103614299272
31.58	0.1625148385512234
27.33	0.2200446665916402
38.76	0.1731891103548857
34.14	0.1603792199042325
25.65	0.2972132392712877
31.57	0.1750274195253448
30.13	0.1884137385176221
30.74	0.1505114723804914
38.17	0.1590246515159732
31.11	0.1496253890704768
30.29	0.15181182410064
28.92	0.1897627321098924
27.9	0.2047303073108332
29.95	0.1585859434041481
31.19	0.1781652536240164
37.89	0.1581438203408219
30.17	0.1546094579157586
32.95	0.1492042739705412
31.89	0.1786550131516268
34.36	0.1486429916974813
30.86	0.188267274640477
37.41	0.1724537568274659
29.85	0.158468839441046
31.97	0.1531769696597091
26.18	0.2349038934674351
26.42	0.232719465283014
28.41	0.1928095564983513
31.92	0.1492212635654693
25.56	0.296861166767625
33.52	0.1493716169112332
28.3	0.1911069612227929
27.32	0.2202579493218858
35.92	0.1528356234325477
34.07	0.1627841914472362
33.46	0.1473516889315672
26.47	0.2304015076058819
37.58	0.1579173902073408
35.52	0.1580339047386651
33.15	0.165705161223859
36.02	0.1670308781094003
32.59	0.1642932728647014
31.74	0.1726045338646528
31.86	0.1828902561721229
33.42	0.1498896709129398
25.9	0.2829634940696092
38.47	0.1611107319867895
30.08	0.1879748066666834
36.23	0.1669824674818043
33.42	0.1655703085176105
40.72	0.1681895231793888
30.26	0.1877084192466105
32.09	0.1566741237882177
38.78	0.1622727139206297
36.11	0.1675756239428836
26.46	0.2296380689279692
31.71	0.1556831817586582
38.87	0.1613411494518055
27.03	0.2083249569408146
26.89	0.21533688361496
25.63	0.297849695969614
36.29	0.1541263218402196
34.91	0.1678853434863184
27.11	0.2074750276114157
31.52	0.1515790181875266
27.52	0.2167931503492654
39.14	0.1643645709034429
30.94	0.1825607611223249
31.72	0.1619047150213155
30.57	0.189189624185198
25.9	0.2813134462448689
31.89	0.1542051460956681
31.09	0.1499591239284629
28.64	0.1937708826445523
33.16	0.1474965548920532
35.44	0.1513836481796653
31.71	0.1500921796356382
31.85	0.1784307785519539
35.86	0.1534876256002386
29.37	0.1885397151434439
29.15	0.1891167508174114
34.51	0.1477625751003407
33.81	0.1471169048187839
37.53	0.1560304598612902
35.56	0.1626540247223147
35.55	0.1641234883969006
33.73	0.1443761554520937
31.84	0.1493886453261659
27.96	0.1880538260694918
26.07	0.2722161121434007
31.79	0.1575004534736078
29.42	0.1876948341520732
27.57	0.2165100307247424
27.33	0.1993869473506803
31.55	0.1628259537306572
26.48	0.2283064975562952
29.55	0.1878637803253084
33.46	0.1669618452201736
35.05	0.1567103719143327
34.11	0.1506978691413767
30.51	0.1514592053999399
36.18	0.1538004553510384
32.48	0.1533741546802672
33.09	0.1651023183310669
35.38	0.1505035408048761
26.39	0.2311440230326882
30.52	0.1883684425742966
27.62	0.2160508255420728
37.35	0.1568584716210532
31.59	0.1610775345107353
32.79	0.1495760365172651
25.78	0.2968268316992328
30.99	0.1831971834099752
25.88	0.2798354269451928
26.42	0.2362769481625197
32.66	0.1505312187235353
25.95	0.279133762017659
25.85	0.2960043353917336
26.6	0.2211146988628387
40.39	0.1673530201342281
34.73	0.1493240174973702
28.31	0.1892906196196776
32.13	0.1548916273725086
33.42	0.1667787569573283
34.94	0.148578569339864
32.29	0.1483532724193356
32.45	0.1648434154398883
30.11	0.1890956500536185
35.51	0.1627037767985076
28.55	0.1929019157764632
27.21	0.2033880530794982
32.02	0.1488839006774961
32.96	0.1656837882448105
30.72	0.1508442978400769
26.77	0.2251611425209789
26.23	0.270701258038059
30.05	0.1559169216469845
26.11	0.2655649926144756
31.68	0.1504995969245399
36.3	0.1689547110382895
34.32	0.1511899506131608
30.24	0.1551550913838119
27.22	0.2051891458288731
34.59	0.1511905443072119
34.45	0.1635062715601363
27.64	0.2144914009849214
27.4	0.2168731106144346
33.36	0.1492660522053666
33.98	0.1455791406220199
25.97	0.2808340395113824
31.32	0.1503289158158428
33.05	0.1487067971464592
27.84	0.2080027664643049
31.86	0.1800701872360098
28.1	0.1900476413705888
32.06	0.1640239341810022
28.36	0.1924234234736238
25.63	0.2991715196461422
34.26	0.149600926941142
36.07	0.1523943555352159
25.67	0.2990353186311545
31.71	0.1574206653380346
31.73	0.1574171175499801
38.12	0.1603322096939193
34.13	0.1477776031926242
30.7	0.1885858643541444
34.5	0.1513691359908978
38.8	0.1634569800324228
32.84	0.1504453149703123
32.08	0.1641460272849698
25.66	0.2987550842971669
29.66	0.1876949837779433
25.79	0.2830594200058783
26.87	0.2174656577285479
31.48	0.1762446287929834
25.65	0.2971188568417463
30.32	0.1883047641779892
33.54	0.1461271054189312
29.48	0.1896171663767716
31.26	0.1755005225516916
37.22	0.1569144966939413
31.07	0.1856943098333124
27.03	0.2142870988018397
31.05	0.1813003410492708
37.58	0.1580631399317406
32.4	0.1526063422561884
32.76	0.1500526693522248
35.45	0.1585594315604417
31.86	0.1692180345561039
37.26	0.1714648457605599
33.51	0.1662123073772589
28.62	0.1935465295392969
30.3	0.1536994539751832
36.02	0.1536560709873076
33.85	0.1502138492535886
31.96	0.1531331525025483
26.23	0.2470591975583391
30.81	0.1884695390471132
32.96	0.1487739905688728
32.52	0.1518291237757265
33.44	0.1680398823553951
26.38	0.2398096114025311
32.74	0.1488868717998271
30.17	0.1526295208367357
27.2	0.1974611354192032
37.63	0.1569980474429811
27.33	0.1985549738219895
28.57	0.1928447410848168
32.22	0.1629576814749946
25.95	0.2797646618812664
26.63	0.2203816866575684
33.87	0.1484227113302495
32.93	0.1666464619525027
27.83	0.2133033549070936
27.82	0.1878049485413705
35.46	0.1571308390082996
25.76	0.2973242279376835
32.5	0.1475929578142286
32.27	0.1540820692753685
35.21	0.1562905317769131
36.68	0.1606019997938357
36.5	0.1694733619105939
33.89	0.1471012906771134
35.78	0.1659610258974898
34.65	0.1500191382237765
38.01	0.1599558996161045
30.06	0.156303980396761
25.81	0.2945863487364817
27.79	0.206319014804496
31.42	0.1505780447452571
38.88	0.1630264226258574
34.63	0.1512102119302839
28.21	0.1888059884447858
34.65	0.152897162962633
26.02	0.2692867422343677
37.16	0.1553559772396104
36.14	0.1595235724597998
27.49	0.2187427534595172
31.61	0.1513871995301176
25.58	0.2971729856738753
25.93	0.2731342670554894
33.51	0.1491687769263656
30.13	0.1556669327961231
30.6	0.1871472257702071
29.22	0.189040290056733
27.19	0.2024361653330615
27.46	0.2178270412970968
26.14	0.2604863961326877
33.34	0.16568597088882
32.86	0.1654897395164624
31.29	0.1759788511003143
35.7	0.1505296985780043
33.8	0.1615588261688952
28.38	0.1913232043814898
33.13	0.1486455321187177
33.12	0.1492918192404871
36.86	0.1704384242251531
31.48	0.1909368916836048
31.73	0.1652361451884708
38.53	0.1737184218671873
33.98	0.1494162762007207
29.75	0.1594597205760027
31.49	0.1507471605209551
27.51	0.2163836330228905
29.94	0.1882416672936572
32.02	0.1495814966368697
25.63	0.2986291405550582
27.76	0.2144095781669393
27.05	0.2105479598522836
33.57	0.1502192401190485
27.35	0.1967734713497424
33.78	0.1452481757607232
26.99	0.2106665207997155
35.54	0.1506546521690056
36.64	0.1564849994094255
25.64	0.2969619646397765
34.91	0.1560606368082472
35.08	0.155565897886717
31.62	0.1832502110028388
27.74	0.1890609226896705
30.02	0.1543079096045197
27.23	0.2043850948706163
32.17	0.1488245222525105
35.91	0.1523199653751192
36.04	0.1512664915825379
25.64	0.2973194489188728
32.5	0.1517936429489817
34.07	0.147306318592905
25.69	0.2966809126814746
32.57	0.1647663401316846
32.85	0.1496468641611543
32.85	0.1662451672916485
32.38	0.1539523351530351
31.77	0.1766535985325324
33.97	0.147280803714631
25.7	0.294712646845407
31.94	0.1806091436208048
25.95	0.2775867342417668
33.21	0.1673542930263784
29.57	0.1886088387251074
36.52	0.168301202570461
34.65	0.1490314677283515
36.75	0.1559062136551698
29.45	0.1881555730534689
35.47	0.1656413950644783
27.51	0.2179432046896824
36.84	0.162122791217664
33.65	0.1471204227783866
30.55	0.150823293818292
31.5	0.1625602254955567
31.28	0.1760898063432165
26.32	0.2399171404047493
35.9	0.1675228165639625
32.61	0.1505187323203052
34.56	0.1631724782586923
27.32	0.1997154506073218
25.86	0.2823312089586533
37.71	0.162532469654681
30.78	0.1514177421507808
34.46	0.1512366581138698
31.34	0.1746808305962867
34.1	0.1500430024681625
28.46	0.1921266581086863
27.79	0.2126136268465369
33.85	0.1460795373297955
33.13	0.1647508771190458
35.2	0.1574746351421345
30.56	0.1882957030713478
31.1	0.1849217082685136
31.15	0.1879183550953024
31.54	0.1841007825588732
33.23	0.1480735756639216
31.76	0.1583142132592682
34.84	0.1669611826194658
32.01	0.1716252061079647
32.2	0.1637972367673963
32.74	0.1509800160567602
31.69	0.1601638272165999
30.54	0.1522186406017122
32.27	0.1466191987235242
33.33	0.1478750574739647
32.37	0.1479789703430649
34.35	0.1618788011072197
32.39	0.1644813785240342
32.23	0.1484150002423818
35.63	0.1664903329294721
31.07	0.188515746268026
35.52	0.1642105750961583
30.9	0.188807011652137
26.35	0.245499259321739
32.38	0.153504970916295
25.86	0.2951321429492122
37.6	0.1717350719476117
31.6	0.1612490699404762
28.14	0.1891575853052474
26.17	0.2633940829887889
31.89	0.1551536471088813
34.88	0.1486208807337721
26.06	0.2734983083562566
30.73	0.1498854293967337
27.87	0.1873571572890126
28.01	0.188754322949353
33.71	0.1466183919851468
36.03	0.1595166926874255
29.14	0.1882831756630388
34.07	0.1486322480571641
35.87	0.1588296095037142
35.23	0.1563707815971415
33.7	0.1693160663698907
31.18	0.179169549942778
30.72	0.1505324295933054
35.35	0.1568304922646625
39.06	0.1626992453458168
28.77	0.1924186161489164
34.27	0.1475066608181434
31.26	0.1849591969133062
34.6	0.1492385933725604
32.72	0.163161709119762
34.17	0.1493470780342741
32.27	0.1477275446016674
28.22	0.1874590925619166
34.82	0.1661634181745653
33.27	0.1490410532972262
25.55	0.2976997959715228
35.32	0.1476426566132444
31.12	0.1872898478611601
28.85	0.1918675929709848
26.28	0.2475869449184517
31.05	0.1851194654603125
25.61	0.2977704439924786
27.59	0.2147328265196701
31.97	0.1798798679342853
38.32	0.160565291932565
27.46	0.2179982230219036
33.72	0.1714671762113871
30.7	0.1501704728356872
27.33	0.2182757671981933
31.93	0.1705845099281004
35.21	0.1489692085992412
33.78	0.162448347107438
31.48	0.1504640397425765
26.54	0.2241503869156233
29.9	0.1586722763799235
31.22	0.1895425794892396
29.52	0.1878871019526575
25.57	0.2980982486209135
32.96	0.1483965374504364
32.38	0.1643464915372809
31.86	0.15456118605325
35.97	0.1523079747343228
25.92	0.2822247331776807
33.06	0.1655998200896261
31.97	0.1667232789855072
31.78	0.1739594857513447
28.06	0.1879859738809176
42.25	0.1663859885483327
27.37	0.2165997150539362
28.84	0.1926582869157349
30.94	0.1892086290821703
30.75	0.1873703224546586
37.76	0.1716711281958969
36.54	0.1603808500187239
33.36	0.1673011781814742
31.42	0.1779049761778718
35.51	0.1496641291988024
31.04	0.1903151619081198
29.84	0.1876624996618504
37.11	0.1709872250923781
34.77	0.1558129474139591
28.29	0.1901032425479062
31.97	0.1496703668225615
31.84	0.1542369605433912
36.54	0.1541960106674842
31.22	0.1764878738777028
31.41	0.1815661742432248
32.86	0.1632351784515044
26.7	0.2158736066667311
28.58	0.1915345417382294
31.44	0.1905978308234636
35.54	0.1497889864195133
29.44	0.1903147575700647
31.96	0.14926601314652
25.72	0.2972588632113785
31.31	0.1770711477500539
29.67	0.1884342416020632
33.64	0.1500434779304722
35.67	0.1494652369612796
25.73	0.2969647499848842
28.66	0.1924113567970692
28.95	0.1910623147007459
27.19	0.2010348736413949
34.88	0.1534989348343686
36.95	0.1556184546658285
35.96	0.1588265355787014
27.83	0.213726861992533
35.7	0.1519131924614506
26.08	0.273568055925177
34.2	0.1611714507370054
31.47	0.1914348983814339
35.07	0.1561578315482363
27.76	0.2143569486245314
27.88	0.1882921518382304
27.16	0.2000277820074102
35.95	0.1673779506977118
33.34	0.1686122201006769
25.73	0.2826645701672159
33.87	0.1606288723667905
36.67	0.1553937769384242
35.4	0.1586678697619568
26.66	0.2196502518797083
29.93	0.1894260690052976
27.24	0.2011017235013984
25.99	0.2812446149781153
31.5	0.1816397110435188
26.66	0.2227099212598425
25.59	0.2981324114385102
33.0	0.1492003472334935
34.18	0.1462728265092786
33.85	0.150228816250578
36.26	0.1546264324858437
36.96	0.1554036136830254
33.85	0.1620271308972308
25.75	0.2973108671804915
31.78	0.1691715342040209
26.28	0.2430966029779668
33.31	0.1499562309604677
26.9	0.2183375645185696
31.63	0.1614044228630975
26.32	0.2371669142114878
32.85	0.1487961019583077
31.79	0.1811296114920013
32.82	0.1487502402504095
31.91	0.1739694324500637
34.62	0.1632602165164654
30.47	0.1510915101697137
31.91	0.1721455161411041
36.96	0.1693940807892281
29.72	0.1889819653498987
30.1	0.1888416317247528
27.45	0.2163889656074657
26.18	0.2674297689051234
34.89	0.1567525528753438
27.9	0.1890972617424794
26.15	0.2697028020760051
25.73	0.2966176773408805
32.34	0.1662469039238691
31.5	0.1825119355144105
33.6	0.1497439822036014
28.33	0.1912071530893
31.29	0.1850000611418858
35.75	0.1663131277202558
27.8	0.1878372072294084
34.66	0.165799857017338
26.29	0.2446606009033187
31.46	0.1505687257730854
42.5	0.1587502547802279
31.34	0.189797124981248
26.82	0.2292587388768254
31.95	0.1649103933889147
30.24	0.1548088687227626
32.11	0.149424167361266
35.79	0.1578092809069982
37.16	0.1566385406388822
26.08	0.2766956769707763
34.81	0.1493115578954379
31.8	0.1748530879254906
31.92	0.1544157406708456
25.63	0.2982077523979036
34.32	0.1468035309627217
35.61	0.1577998924755269
36.39	0.1602873844385918
31.63	0.1506558746807238
27.83	0.213385703190732
26.06	0.2751356624596061
29.02	0.1899890930263708
25.62	0.2975814203442134
34.25	0.1520428005460854
26.56	0.2227372505735293
34.32	0.1593214914386301
34.14	0.1625762177972775
36.23	0.1592643278157721
26.38	0.2338735876980833
33.32	0.1480189176021299
33.64	0.1503137213615973
25.56	0.2990423110134233
27.68	0.2133309412988082
33.81	0.1720341598929931
31.99	0.1641078706734525
31.73	0.1621615336315222
31.95	0.1538927022827152
26.62	0.2173752684828279
36.16	0.1532043875310317
32.27	0.1538683705110907
34.21	0.151116255155633
26.16	0.2636709069882702
30.44	0.1875991859262173
35.09	0.1662125056661577
33.5	0.1674571225397437
31.34	0.1799666211296325
34.36	0.1625747387097959
29.96	0.1875694497721924
36.0	0.1527702205293985
40.11	0.1664056186570239
31.32	0.1909009759757533
36.7	0.1547137214634884
30.3	0.1521353948344243
31.79	0.1803809918210994
39.68	0.1641957859892511
32.78	0.149321969970862
34.65	0.149186314034236
31.8	0.1558363888790004
30.32	0.1884985418627735
34.91	0.1659009726579277
34.83	0.1534671774477081
26.34	0.2326788039731379
31.61	0.1610206648282546
27.03	0.2130352176666574
33.35	0.1649835315894057
25.86	0.2819511502414087
28.91	0.191573902923256
29.17	0.1893554764284992
29.78	0.158429455100333
36.59	0.1690776784148693
26.73	0.2200752622167658
34.65	0.1488523388463829
25.5	0.2969753295032105
33.87	0.1617926604528327
31.18	0.1884988303943608
27.67	0.2135642150573237
37.18	0.1609714402935746
34.44	0.1628846262023963
33.49	0.1474787382217486
31.77	0.1495797632585785
38.52	0.1636900261624903
37.64	0.1573485657065242
26.55	0.2215477885047976
31.94	0.1537435751369127
31.89	0.1723611197705592
31.09	0.1812002100025109
29.2	0.189711972492992
28.08	0.1879393735264398
27.91	0.2038677335858011
27.01	0.2152691763248695
37.35	0.1632750763890051
26.77	0.2235432039556532
26.09	0.2741499517920537
32.72	0.1489512881142055
32.44	0.1638569055393252
33.84	0.150425586365283
34.59	0.1633936799047041
36.26	0.1674205039940988
34.59	0.1485939979650374
29.96	0.1574644553919407
30.75	0.1885296321864398
30.24	0.1529809653571111
32.07	0.1715980914611476
26.04	0.2772848743987172
37.0	0.1609722057214319
37.87	0.1619612326518905
34.51	0.1521663644430726
31.25	0.189566518389434
31.84	0.1724471960747151
31.58	0.1607414710530512
31.23	0.1886295296483277
39.06	0.1588461797448628
25.93	0.2827827008426925
32.52	0.1520850296104078
32.6	0.1647192860661978
29.17	0.1887725876165182
34.9	0.1483099828599782
36.19	0.1688451770177782
34.33	0.1504281127791244
34.77	0.1649668795635895
31.5	0.181655213624141
30.36	0.1874880621131479
26.86	0.2214885248106145
32.74	0.1647324173485314
30.44	0.1524906414984673
36.25	0.1541798203968367
30.31	0.1527911935259816
27.71	0.2143953536610661
27.98	0.188411501327381
37.01	0.1556992459787807
29.2	0.1893818133731517
27.1	0.2061845324306877
26.51	0.2314038258468037
28.83	0.1935861542377195
27.31	0.2195020884439435
32.87	0.148606965894932
32.46	0.1511869145474048
38.27	0.1619888651233014
27.55	0.2156731000323932
36.57	0.1691091283459162
31.1	0.181687078452254
27.74	0.2147541961522204
