31.21	0.1569152069762103
26.96	0.2182675209574077
39.73	0.1718050204967532
27.98	0.1920278305982699
27.69	0.2145879109489656
26.84	0.2256903684624414
39.09	0.19021147959829
34.59	0.1529179796484068
34.11	0.1542125986929349
34.88	0.1714233505784538
32.6	0.1674011133249343
33.97	0.1651680358476475
31.8	0.1762361057876581
33.95	0.1556142358919629
36.55	0.1570143144735232
31.78	0.1569283943231451
26.46	0.2262688005299529
31.5	0.1646349654942507
26.6	0.2294015491909474
29.61	0.1913681368136813
26.63	0.2189798125010678
37.84	0.1648386670317944
26.98	0.2141566585184398
34.0	0.1590787502674941
31.33	0.1577476269507843
31.58	0.1647869153407222
27.33	0.2221366679717314
38.76	0.1801865809959224
34.14	0.1647299517002678
25.65	0.2962750159364486
31.57	0.1784420592540116
30.13	0.1937006586093299
30.74	0.1561733832791338
38.17	0.1653884799146964
31.11	0.1536700894896215
30.29	0.1560105394913896
28.92	0.1989603339365209
27.9	0.2049251943465079
29.95	0.1623844869309256
31.19	0.1814778275765061
37.89	0.1649985913386456
30.17	0.1574810450651524
32.95	0.1528988868274582
31.89	0.1846995708154506
34.36	0.1518705864676716
30.86	0.191233150274588
37.41	0.1777189255260324
29.85	0.1618188249853001
31.97	0.1568025891036384
26.18	0.2384623571341427
26.42	0.2365327656423546
28.41	0.2001730344101205
31.92	0.1567249659979598
25.56	0.2951780419717837
33.52	0.1548347255905865
28.3	0.1958635158697532
27.32	0.2197737623035111
35.92	0.1564477373505619
34.07	0.1661305147058823
33.46	0.151122057721343
26.47	0.2340885460123487
37.58	0.1635781915524903
35.52	0.1611485921569239
33.15	0.1703038106761092
36.02	0.1729907570305565
32.59	0.1688270103511764
31.74	0.1758725757772675
31.86	0.1840634381418865
33.42	0.1553388382687927
25.9	0.2860150995364393
38.47	0.1666278065147713
30.08	0.193868626578491
36.23	0.1700454484395289
33.42	0.1671289701876702
40.72	0.1755169710394553
30.26	0.1918355416991426
32.09	0.1589538969221897
38.78	0.1684650380773415
36.11	0.1699713216187851
26.46	0.2336195920686209
31.71	0.1571435200476043
38.87	0.1687992457404538
27.03	0.211738835797364
26.89	0.2208725605361571
25.63	0.2975475045084444
36.29	0.1562258281556998
34.91	0.170662680563965
27.11	0.2109972762592116
31.52	0.1583244717000743
27.52	0.2162046931447107
39.14	0.1709348626913767
30.94	0.1864984200848572
31.72	0.1633115110472192
30.57	0.1928778436738841
25.9	0.2832306594322128
31.89	0.1547070053846205
31.09	0.1554467651312202
28.64	0.1999276944827363
33.16	0.1524142396610845
35.44	0.1548230545241653
31.71	0.1575053233583252
31.85	0.182945223877513
35.86	0.1570310214725903
29.37	0.1937381815032406
29.15	0.1944198581560284
34.51	0.1518758699482657
33.81	0.1513558031142839
37.53	0.162107954784469
35.56	0.1610393744652911
35.55	0.1680534353006589
33.73	0.1487607427232076
31.84	0.1570918239232092
27.96	0.1925930798939754
26.07	0.2728932779783984
31.79	0.1591278040141676
29.42	0.1935982339955849
27.57	0.2173327323537365
27.33	0.2022388680592272
31.55	0.1653351469951133
26.48	0.2319510574687189
29.55	0.1924669009662626
33.46	0.1716117127179138
35.05	0.1598265576144242
34.11	0.1546596990748302
30.51	0.1540735051188434
36.18	0.15694491468039
32.48	0.1577176268476784
33.09	0.1688162797363141
35.38	0.1537703231018547
26.39	0.2328540783492517
30.52	0.1932087621031373
27.62	0.216729123411151
37.35	0.1637765854709108
31.59	0.1640916504792345
32.79	0.1546067150467548
25.78	0.2980448025152289
30.99	0.1868288609411079
25.88	0.2810390636749402
26.42	0.2398143212738761
32.66	0.1541444952409503
25.95	0.2825366694927761
25.85	0.2956194077973577
26.6	0.2243370875370218
40.39	0.1739546229182056
34.73	0.1519507532263891
28.31	0.1952736811689452
32.13	0.1578667238928539
33.42	0.1703580097087378
34.94	0.1518016081546882
32.29	0.1537782954633047
32.45	0.1680901035550336
30.11	0.19303035369807
35.51	0.1619164651923487
28.55	0.1980370640952128
27.21	0.2058443960379762
32.02	0.1561150121468268
32.96	0.1687275297808066
30.72	0.1532508100278866
26.77	0.2285747146266425
26.23	0.2736711720908707
30.05	0.1596512542238405
26.11	0.2689974439998706
31.68	0.1575432549306198
36.3	0.1727004824200156
34.32	0.1552157849406477
30.24	0.1576875118879049
27.22	0.2101276588694334
34.59	0.1551536105548356
34.45	0.1669579620437642
27.64	0.2157691382311732
27.4	0.2171030373796799
33.36	0.153960238174211
33.98	0.1501576590146813
25.97	0.2837662337662338
31.32	0.1578953817388877
33.05	0.1521958471678477
27.84	0.2080574076166798
31.86	0.1817807089859852
28.1	0.1925882850496933
32.06	0.1699603612439213
28.36	0.1985813975499995
25.63	0.2959405445915563
34.26	0.1517272119456206
36.07	0.1552796335980503
25.67	0.2983333820415472
31.71	0.1604256370714342
31.73	0.1587635207874096
38.12	0.1664880986149494
34.13	0.1521239401361199
30.7	0.1945151404975848
34.5	0.1551922614043472
38.8	0.1701267020555529
32.84	0.1535694804309286
32.08	0.1683581503536648
25.66	0.2978628036540227
29.66	0.191694364227465
25.79	0.2864224177917412
26.87	0.223253437779386
31.48	0.1772693843244378
25.65	0.2970133258782965
30.32	0.1949865494718592
33.54	0.1514419292199499
29.48	0.1937524562566356
31.26	0.1773880617552357
37.22	0.1637588411405561
31.07	0.1886637499813352
27.03	0.2180559626614957
31.05	0.1852255498771906
37.58	0.1646029444549094
32.4	0.1560329866086474
32.76	0.1542346688779164
35.45	0.1595367399130165
31.86	0.1773397922648014
37.26	0.1765078626863936
33.51	0.1712088735765194
28.62	0.200161847184361
30.3	0.1567582872684763
36.02	0.155731416804619
33.85	0.1541914518555639
31.96	0.1559922269833217
26.23	0.2521547801321241
30.81	0.1943282194328219
32.96	0.152029735094282
32.52	0.1559428767159381
33.44	0.1691987468348998
26.38	0.2449993301794857
32.74	0.1536115263313512
30.17	0.156726769024666
27.2	0.2019697448054067
37.63	0.16396969225909
27.33	0.2014824653484436
28.57	0.200093972150599
32.22	0.1680233084749856
25.95	0.2829656121527686
26.63	0.2217212137891718
33.87	0.1519555105527956
32.93	0.1709450849986014
27.83	0.2121596317645484
27.82	0.1922923419609196
35.46	0.1618251727680649
25.76	0.2959957088551505
32.5	0.152115262186324
32.27	0.1585719542969297
35.21	0.1592011905635264
36.68	0.1646584236930751
36.5	0.1732134431723891
33.89	0.1506406761823948
35.78	0.1689827080306526
34.65	0.1532881785726201
38.01	0.1659482827533502
30.06	0.160681564838898
25.81	0.2934217454633317
27.79	0.2070807225755895
31.42	0.1594839127618224
38.88	0.1688561858107088
34.63	0.1548147482800882
28.21	0.1938324509603338
34.65	0.1544683364948377
26.02	0.2714664028487957
37.16	0.1620157967203662
36.14	0.1623615929898719
27.49	0.2211112093930152
31.61	0.1590905450551462
25.58	0.2991266251315752
25.93	0.2773699418740866
33.51	0.1524158975134917
30.13	0.1597095419564242
30.6	0.1919716141126062
29.22	0.1937437369504761
27.19	0.2059571376679985
27.46	0.2178135278786293
26.14	0.2681551084875985
33.34	0.1690285878271732
32.86	0.1683200053054209
31.29	0.1788486035325208
35.7	0.1543832364333103
33.8	0.165118718559298
28.38	0.1957694175450624
33.13	0.1539639508616784
33.12	0.1540643935342196
36.86	0.1721372784900862
31.48	0.1966624929290104
31.73	0.1623012401584933
38.53	0.1792398528903887
33.98	0.1530816168303764
29.75	0.1635566214866872
31.49	0.1579470990577318
27.51	0.2164030177658796
29.94	0.191462775605627
32.02	0.1557142754311709
25.63	0.2986809741102956
27.76	0.2136294432705338
27.05	0.2137036975322013
33.57	0.1541459632877525
27.35	0.2001824611260919
33.78	0.1507674779814594
26.99	0.2138848680547823
35.54	0.1544084195201844
36.64	0.1593900925677488
25.64	0.294641210108836
34.91	0.1604078188013158
35.08	0.1569062976093859
31.62	0.1863386609476996
27.74	0.1936114313289188
30.02	0.1583376228702007
27.23	0.2120523983647638
32.17	0.1543043697237145
35.91	0.1548258212643937
36.04	0.1548432943066063
25.64	0.2967218454091809
32.5	0.1543255072976843
34.07	0.1516315625172154
25.69	0.2974346491406007
32.57	0.169358074222668
32.85	0.1536355924933998
32.85	0.1714509628302731
32.38	0.1577752690859264
31.77	0.179676873874205
33.97	0.1515122387640345
25.7	0.2942799915081365
31.94	0.1849957374254049
25.95	0.2808731717965509
33.21	0.1716045692449258
29.57	0.1924352374332937
36.52	0.1711748363301553
34.65	0.1522583968142858
36.75	0.1589279407428528
29.45	0.1923997951650667
35.47	0.1685749311320843
27.51	0.2178512606106676
36.84	0.1653603563540416
33.65	0.150854844116661
30.55	0.1563353446652529
31.5	0.1645807733733824
31.28	0.1784823132247174
26.32	0.2433657415776553
35.9	0.1712173328991288
32.61	0.1558989927682893
34.56	0.1666267908513486
27.32	0.2038541505715625
25.86	0.284582577216076
37.71	0.1661503799887547
30.78	0.1550254655988108
34.46	0.1543580870322633
31.34	0.1768453717153043
34.1	0.1534575749306868
28.46	0.1969989942855825
27.79	0.2137486723684946
33.85	0.14975220246642
33.13	0.1690427644077683
35.2	0.1614725489098371
30.56	0.1937296877864968
31.1	0.1924476869402125
31.15	0.1913156086473916
31.54	0.1858647025929305
33.23	0.1524648502117717
31.76	0.1582381440746896
34.84	0.1709987552410901
32.01	0.1762375314626643
32.2	0.1673378795676788
32.74	0.1541119908927355
31.69	0.1598059295571298
30.54	0.1551299690865916
32.27	0.1530455984730634
33.33	0.151444523994705
32.37	0.1532357439476511
34.35	0.1645781519035775
32.39	0.170458150043391
32.23	0.1542696156330046
35.63	0.170056734487203
31.07	0.1943899226600154
35.52	0.168694718941507
30.9	0.1940545716719464
26.35	0.2521092658368266
32.38	0.1575077212400069
25.86	0.2934186622431356
37.6	0.1770579223381062
31.6	0.1617689403949999
28.14	0.1944133797769479
26.17	0.2646084381505263
31.89	0.1580977836052346
34.88	0.1514664002958253
26.06	0.2764194786825621
30.73	0.1547201052922071
27.87	0.192330203666592
28.01	0.1922492173063328
33.71	0.1500450606479537
36.03	0.1618753947706339
29.14	0.1945868449536908
34.07	0.1510789006956487
35.87	0.1617624705307261
35.23	0.1599634875090533
33.7	0.1733179501651754
31.18	0.1803911280547539
30.72	0.1556435329562873
35.35	0.1605590474432581
39.06	0.1697291321171918
28.77	0.1999498744165489
34.27	0.1503276263236336
31.26	0.188250508673311
34.6	0.1517476713086784
32.72	0.1696374166982021
34.17	0.1526593721063222
32.27	0.1548149512506634
28.22	0.1921156373193167
34.82	0.1710208798305142
33.27	0.1543120825845982
25.55	0.2967256479192475
35.32	0.1517397703371354
31.12	0.1910462570915674
28.85	0.1990096429502215
26.28	0.2519714167853198
31.05	0.1868903133439625
25.61	0.2975833647965932
27.59	0.2144314537820409
31.97	0.1797966833720408
38.32	0.166492383031126
27.46	0.2178301282051281
33.72	0.17388793786249
30.7	0.1557230555968117
27.33	0.2208748891412924
31.93	0.173848554312022
35.21	0.1518736944590197
33.78	0.1667668682937575
31.48	0.1574609833749266
26.54	0.2285833607978202
29.9	0.1634060407293591
31.22	0.1939069453569294
29.52	0.1931332393962552
25.57	0.2969147676431032
32.96	0.1516268846801692
32.38	0.1689895470383275
31.86	0.1581293456988031
35.97	0.1559434706216017
25.92	0.2845273230832631
33.06	0.1689151350201046
31.97	0.1723220226214238
31.78	0.1808909823959123
28.06	0.191724478324056
42.25	0.1726042408635143
27.37	0.2157521025782434
28.84	0.1990217675798289
30.94	0.1918306737837974
30.75	0.1946282332623845
37.76	0.180406115767024
36.54	0.1652219068060652
33.36	0.1723699798056679
31.42	0.1816827257375584
35.51	0.1537552634936838
31.04	0.1923359461401228
29.84	0.1923589092239892
37.11	0.1764072186736802
34.77	0.1596732248847038
28.29	0.1947856541734318
31.97	0.1560211423524147
31.84	0.1580982741708862
36.54	0.1567040921797134
31.22	0.1774035871755481
31.41	0.1853555221540608
32.86	0.1696407387520135
26.7	0.2204891439980034
28.58	0.200648747483686
31.44	0.1940398264681986
35.54	0.1539806054995745
29.44	0.1928019215110595
31.96	0.1565659933810718
25.72	0.2970689703388645
31.31	0.1809549240614254
29.67	0.1927198316681841
33.64	0.1548683661589741
35.67	0.152664153028782
25.73	0.2936788919098685
28.66	0.1982618513511505
28.95	0.1976419826034381
27.19	0.2052076486487223
34.88	0.1561489080813068
36.95	0.1596441369084393
35.96	0.1605848345261091
27.83	0.2139821692917061
35.7	0.1550773173540008
26.08	0.2773089229976071
34.2	0.1658142755626559
31.47	0.1954107885099741
35.07	0.1605432976053185
27.76	0.2141345274595234
27.88	0.1929407868663782
27.16	0.205222761069864
35.95	0.1710435505402886
33.34	0.1713346064078081
25.73	0.2859677035899124
33.87	0.1663906757531367
36.67	0.159519712194345
35.4	0.1582166978779299
26.66	0.2224925861151243
29.93	0.1921609240443735
27.24	0.2027779877133695
25.99	0.2835911868064567
31.5	0.187404293649602
26.66	0.2275799565690021
25.59	0.3000696597966149
33.0	0.1544093666906612
34.18	0.1511315762593207
33.85	0.155304432733655
36.26	0.1561408345421711
36.96	0.1591108477936401
33.85	0.1653432067643506
25.75	0.2961502943415316
31.78	0.177407583322714
26.28	0.2462194373226317
33.31	0.155624313017101
26.9	0.221544305738126
31.63	0.1634186248657808
26.32	0.2407466032820236
32.85	0.1545015319349516
31.79	0.1818947368421052
32.82	0.1537917834521867
31.91	0.1804447024299005
34.62	0.1691299966409136
30.47	0.1546624118633926
31.91	0.1755815630601858
36.96	0.1755346541937601
29.72	0.1930157251875656
30.1	0.1935279075473176
27.45	0.2175340356864636
26.18	0.2714212236058473
34.89	0.1615554089778281
27.9	0.1937997733938339
26.15	0.2714967830149675
25.73	0.2954906715969937
32.34	0.1699184531583474
31.5	0.1870304071132285
33.6	0.1543258054880978
28.33	0.1949110685961157
31.29	0.189005360035525
35.75	0.1702140153986689
27.8	0.1935845386681465
34.66	0.169881603931643
26.29	0.2486840375463413
31.46	0.1585051695454406
42.5	0.1607439141823204
31.34	0.1949345304000385
26.82	0.2319379853857121
31.95	0.1701117365511662
30.24	0.1583143580235599
32.11	0.1552111716621253
35.79	0.161947132814224
37.16	0.1634325232761675
26.08	0.2802131384031154
34.81	0.1520135871466214
31.8	0.1771561771561771
31.92	0.1576169153916634
25.63	0.2982692355377024
34.32	0.1506921606118546
35.61	0.1617773451725896
36.39	0.1634549396275717
31.63	0.1593588926621119
27.83	0.2142793079025927
26.06	0.2803941747846559
29.02	0.1960027158955329
25.62	0.2963095862430649
34.25	0.1535383556501063
26.56	0.2260721449345072
34.32	0.1633421422174062
34.14	0.167908997370527
36.23	0.1616125727923515
26.38	0.2402994190957647
33.32	0.1519875784769986
33.64	0.1554886336902822
25.56	0.2979980299902547
27.68	0.2130657376860388
33.81	0.1762329519746622
31.99	0.1700408376053523
31.73	0.1612358227168636
31.95	0.1577440052687775
26.62	0.2220514686717777
36.16	0.1562205543394749
32.27	0.158963267195994
34.21	0.1556320668927691
26.16	0.2671068909561221
30.44	0.1928928947320072
35.09	0.1707653118441499
33.5	0.1720291216533583
31.34	0.1848725518732588
34.36	0.1674495798544639
29.96	0.1923441052592344
36.0	0.1556152321951655
40.11	0.1735559873961112
31.32	0.1949087270301413
36.7	0.1583874043957035
30.3	0.1557757155558896
31.79	0.1830260418879306
39.68	0.1711698747685281
32.78	0.1533762387790657
34.65	0.1528365179821091
31.8	0.1589750294156098
30.32	0.1944454507346205
34.91	0.16975901401159
34.83	0.1548429107033418
26.34	0.2365230357877416
31.61	0.1642805991818636
27.03	0.2167424261590921
33.35	0.1684274438372799
25.86	0.2811591699623577
28.91	0.1963781900419722
29.17	0.1929828579280652
29.78	0.1620886316290063
36.59	0.174030625802737
26.73	0.2223004896486556
34.65	0.1526553687035131
25.5	0.2970870237593139
33.87	0.1665106263458477
31.18	0.1927487504097611
27.67	0.2152117769506236
37.18	0.1655169768084213
34.44	0.1652901543142795
33.49	0.1517203707831094
31.77	0.1573457394711067
38.52	0.1649137406073565
37.64	0.1640163708737138
26.55	0.2240622788393489
31.94	0.1547892526771674
31.89	0.1713426853707414
31.09	0.1844884776536312
29.2	0.1950824249367456
28.08	0.1935586426152464
27.91	0.2034323258869908
27.01	0.219019093972295
37.35	0.1650344898855504
26.77	0.2291037448219198
26.09	0.2789339806430939
32.72	0.1538841386288894
32.44	0.1696091163291332
33.84	0.1547731726233727
34.59	0.1683155794956108
36.26	0.1724930142287591
34.59	0.1519696839782136
29.96	0.1604001603763877
30.75	0.1933980656648696
30.24	0.1560801335559265
32.07	0.1730571911158818
26.04	0.2777714386777652
37.0	0.1631208500334629
37.87	0.1639868481725776
34.51	0.1550631019793339
31.25	0.1938514938848017
31.84	0.1721332616872649
31.58	0.1634086925522117
31.23	0.194769787781631
39.06	0.1606952919126869
25.93	0.2840730428103359
32.52	0.1552372226922259
32.6	0.1693711449115672
29.17	0.1946935138588448
34.9	0.1509670646304242
36.19	0.1720656181572969
34.33	0.1527820581890213
34.77	0.1687975778546712
31.5	0.1862486578088136
30.36	0.1932442172179386
26.86	0.225121303931842
32.74	0.1690450819175859
30.44	0.1558555414093309
36.25	0.1573217585442643
30.31	0.1574608595034325
27.71	0.2144837833683456
27.98	0.1925080638603529
37.01	0.1623094228724496
29.2	0.1948781078690427
27.1	0.2109032410168222
26.51	0.2369797204678512
28.83	0.1992895387149916
27.31	0.2217423642792651
32.87	0.1533480603247395
32.46	0.1562190215172896
38.27	0.1675948916929681
27.55	0.2164175191068245
36.57	0.1723699204531625
31.1	0.1828184237824348
27.74	0.2152208583616262
