40.9	0.1295732239579765
44.3	0.1874066827987437
31.5	0.1548862969296342
41.9	0.1667220970235229
46.5	0.2080818881656565
43.7	0.1959939385590301
31.5	0.1602467414623007
34.8	0.1298233186098841
38.4	0.1296269031400113
36.4	0.1454893390367519
38.4	0.144058919625945
33.8	0.1385976590669551
30.4	0.1443670546977741
39.5	0.1298259786596654
33.1	0.1342328755269306
40.0	0.128641100415905
45.4	0.1987037444664564
34.3	0.1418211275483634
45.5	0.1997860266071262
37.4	0.1652007867798021
44.3	0.191096224867612
31.8	0.1525458474420938
44.1	0.1860167865577828
35.7	0.137312376813059
40.9	0.1295099244880715
33.6	0.1401249341904735
43.7	0.2099407705821345
31.7	0.1519447473645946
36.5	0.1423616380681957
41.0	0.2724355278294205
31.5	0.1738532530076358
36.8	0.1623042488580655
40.5	0.1306483599432727
32.0	0.1480146865719884
40.8	0.1287881868550805
40.4	0.1314927806958786
39.9	0.1647780420664404
47.0	0.209846383300435
40.5	0.1362719092942216
34.7	0.1622311671139112
31.9	0.1467745157803607
40.9	0.1330740317795516
34.5	0.1289890981169474
29.4	0.1518921288275689
34.5	0.1289848483566071
34.6	0.1637658578779275
32.9	0.1515937113787256
39.5	0.1370818378729059
33.9	0.1326969660630771
44.5	0.2087472983005582
44.3	0.2073166425368128
40.4	0.1682418984154213
39.8	0.1285216964662657
41.2	0.2723073555788641
39.6	0.1284266438732523
41.0	0.1663137741650238
43.9	0.2092368570788144
33.0	0.1342513395889411
36.8	0.1420367867142994
35.4	0.1283065742021157
44.8	0.2035936124732805
31.1	0.1475905555528015
35.7	0.1364813304766154
36.3	0.1445733664643965
34.4	0.14637880998573
38.2	0.14312362621042
28.8	0.1460597476178212
29.4	0.1546781415363144
39.5	0.127984042438951
43.9	0.2540557596251734
31.5	0.1553253936076216
36.6	0.1624560338065234
33.7	0.1475263966266726
34.8	0.1406686533805178
31.5	0.1545753327073147
37.0	0.1622060820605154
34.0	0.1336619657280932
31.2	0.1548452405462905
34.1	0.146251099632328
45.1	0.2032040221336348
32.6	0.1320292084390172
31.5	0.1503982144714429
44.1	0.1832702670178769
44.9	0.1902824180769388
42.9	0.2748641281465852
33.2	0.1347001517789167
36.4	0.1461754031089829
44.3	0.1823070969119492
40.1	0.1299243961277261
44.3	0.2081757064537909
31.2	0.1528509233306412
32.5	0.1622861687856879
30.4	0.1353385680929252
35.3	0.1630128734180238
44.0	0.2512111921930998
32.6	0.1278083016595792
40.6	0.1291547541556106
40.3	0.1687824015692868
35.4	0.1280160633610352
34.1	0.1323525467970607
39.8	0.1286245062513172
29.0	0.1515118577075098
33.2	0.1341708303592672
37.4	0.165300791389331
38.9	0.1647283599663124
35.1	0.128117935738161
35.9	0.1273756879019941
32.2	0.1526819404034258
32.1	0.1390538820534577
32.8	0.1457618333517849
34.0	0.1216231885375979
39.4	0.1283926730359474
42.1	0.1655520867998879
42.9	0.2418375204669755
31.8	0.1289873216836239
37.1	0.1642745072041014
44.6	0.2076209528976381
43.0	0.1754824985896394
34.6	0.1422909387903262
45.0	0.2011256528417818
37.6	0.1647812360581854
35.7	0.145560567719221
37.1	0.1352946508606363
38.6	0.1300168896095122
40.5	0.1313298353125764
33.1	0.1343874731347866
35.2	0.1328070770174504
37.7	0.1440701147790312
33.7	0.1311850139512768
44.9	0.2032428459648166
36.1	0.1628686907947779
44.3	0.2083206554108294
31.4	0.1456579274049577
31.5	0.1388274906375619
39.2	0.1273564036322571
42.6	0.272390223642658
33.4	0.1617995898686471
43.7	0.2498297250237245
44.9	0.2103641136856524
34.8	0.1308790024205044
43.9	0.2492085507097333
44.1	0.2697975748532597
44.5	0.1961026063365953
31.3	0.1563562926996949
33.5	0.1295541679745303
40.9	0.1665621104602374
35.2	0.1342073578595317
33.0	0.143962103966161
33.3	0.1290564763685957
38.3	0.1277932758089441
38.5	0.1434975597906499
36.5	0.1626030078157219
26.4	0.1469943320508046
40.4	0.1679259486435999
44.5	0.1791082290252852
39.2	0.1275850991066925
38.7	0.144103206087013
40.4	0.130701632154238
44.0	0.1977957592384845
43.0	0.2424837097919412
41.3	0.1348468591381563
43.5	0.2366162022452083
39.7	0.1288207335401289
33.5	0.148115890603915
38.4	0.1309462356034008
41.1	0.1335509588549832
44.4	0.1808623565687712
38.4	0.1310669439074708
35.5	0.1431660398428199
46.1	0.207204767063922
44.6	0.2078732692107969
39.5	0.1284170961715919
35.8	0.1249635575757174
43.7	0.2531313439756617
40.5	0.1289243968541642
35.1	0.1282483728887798
46.8	0.2115565960899992
30.3	0.1535369774919614
40.8	0.1669265352079527
37.1	0.1423927632140391
40.3	0.1683071377585485
42.5	0.2730028202973196
33.7	0.1340564099371147
33.8	0.132349314413506
42.7	0.2741820048854107
33.0	0.1371695996952592
32.5	0.1309327527972979
31.6	0.1538190723518707
35.4	0.1285343513063321
35.4	0.1627454934064604
38.6	0.1311923991590363
31.1	0.1561798215624407
34.3	0.1302103870009909
36.5	0.1436325727131891
41.8	0.273666328518751
37.5	0.1649186256781193
44.0	0.254558775398677
44.9	0.1923325548706184
30.2	0.2020122734408448
42.6	0.2727459156470025
36.7	0.1625928924316021
35.2	0.1243362669560733
37.1	0.1651265478334539
33.4	0.1708517495567095
31.4	0.1480809375092168
33.1	0.1620973926380368
44.5	0.1878849376482622
33.0	0.1625285061408409
31.5	0.145550178942192
35.2	0.1313201346672549
34.9	0.130427167571273
36.4	0.1367637607546387
29.3	0.1443341888211899
33.3	0.1502025992563686
36.5	0.1453691595835638
40.3	0.1682924695743942
41.0	0.1330179980779419
33.3	0.1334960261985497
39.0	0.1288504976353497
34.6	0.1321538935390301
44.0	0.2207592161589293
35.5	0.1638514161148446
34.8	0.1290630767166895
35.1	0.1320737796205071
36.3	0.1430029825650059
45.0	0.2131735761233728
39.3	0.1284685778722296
40.7	0.1330054678506824
42.6	0.1744117647058823
31.7	0.1466038177869861
42.5	0.1742342912898301
40.1	0.1681899661407042
38.3	0.1438699234844025
43.9	0.2514873056907081
44.3	0.1948325579054097
35.1	0.1333250154884009
35.5	0.143451033428395
47.1	0.211662055628132
42.4	0.1664240798843915
36.1	0.136012291120011
43.5	0.27340436206409
39.0	0.127589395917293
35.3	0.1332962671790064
29.5	0.1400967857123823
35.1	0.1388480081197665
33.0	0.1490805616102538
34.3	0.1247715258244224
33.2	0.1453062264992671
33.1	0.1288147893510561
31.8	0.1533767033905294
40.6	0.1355104444866163
44.0	0.2713964492020641
47.1	0.2094397660228934
40.5	0.1296599640637767
31.1	0.1549068711848489
38.3	0.1305848376794373
41.2	0.1664869649179272
32.0	0.138051730731289
43.2	0.2435742396758213
32.2	0.1448135304093702
34.7	0.1378983710080958
44.3	0.2088636106898712
39.9	0.1296849398436402
41.2	0.2732847652542846
43.6	0.2445493670275873
34.8	0.1294561901993128
40.6	0.1350824053143725
35.4	0.1616959480472929
37.1	0.1648725777031048
44.5	0.1780783000528734
44.6	0.2085559967579569
44.3	0.2327098481539528
32.9	0.1427397669554825
38.9	0.1446604805835657
31.7	0.160927824352218
33.9	0.1318200512512259
32.8	0.1381116694501872
40.5	0.1673600104751746
39.5	0.1280352096090438
39.5	0.1286401304429201
33.4	0.1481243155283038
32.4	0.1682997924724363
30.0	0.1327619136348814
32.3	0.1530955108596804
34.5	0.1347876063683777
39.7	0.1385017531778544
40.5	0.1293887484851418
45.1	0.2082827562156264
37.0	0.1649968461662583
39.5	0.1280747117800859
41.5	0.2727220382109719
46.5	0.208658009997988
43.9	0.1852762981883365
39.5	0.128252755394011
42.6	0.1734409200999883
33.7	0.1256063776230288
44.2	0.1847955537911869
33.6	0.1309661689461082
32.2	0.1364474757943586
42.8	0.2721291082105825
37.2	0.1352831258407893
30.4	0.1377367645734242
30.4	0.1594617471677864
42.1	0.1664075456053068
41.5	0.1340517291109506
44.5	0.1800995525164663
38.7	0.1280221835509945
33.5	0.1324231808306811
33.9	0.1324965578533123
43.2	0.2738406822244545
34.8	0.131396755862576
35.6	0.1272564948043987
42.3	0.2725307734486129
38.4	0.1442584411893874
34.5	0.1293735560079109
39.1	0.1429936283110407
35.5	0.1339622767128942
29.0	0.1501069026056423
35.3	0.1279188131728773
43.8	0.2711952218275604
29.4	0.1539496129116913
44.0	0.2490661630158521
34.9	0.1448662366501004
37.4	0.1651119034031517
33.0	0.1481532569536854
33.3	0.1307665755025092
32.4	0.1368976486365946
36.8	0.165003636117641
33.0	0.1448309604188071
44.8	0.2079191455785755
35.2	0.1393597343007047
35.7	0.1271500292674141
40.7	0.1308829318799849
34.6	0.1410410193888386
32.5	0.1720586493767948
44.8	0.2121693094602966
33.5	0.147164578303222
35.0	0.1309440415361793
35.6	0.1425732558718015
43.3	0.1757210555247273
44.0	0.2538106802578217
34.0	0.1409940123678958
39.9	0.1304057145233738
33.4	0.1363103194304263
31.3	0.168600441828949
39.1	0.1291165196384371
40.2	0.1676283813085764
47.0	0.2115424253872308
33.6	0.1271246568322998
36.8	0.1445938713046731
36.7	0.1365026467402288
35.7	0.1627067961573227
32.8	0.1620371092835629
34.1	0.1640501235068435
30.4	0.1601203708336609
35.5	0.129029124210338
31.6	0.1287576020851433
36.6	0.146579228160622
31.3	0.1462734920662567
38.4	0.1429985900047
35.0	0.1307110770242138
30.3	0.1339144703681716
40.3	0.1307294046683361
38.5	0.1269612968851141
35.0	0.1289108076044434
38.4	0.127529837581148
35.6	0.1425443967391576
37.8	0.1437212149478225
38.7	0.1275640293171838
32.9	0.1458176425598
34.8	0.1637263034654577
32.3	0.1448718221013954
35.5	0.1628487234673581
44.1	0.2187351686398588
35.9	0.1334484274638901
43.3	0.27132706345139
32.8	0.1513699854152614
31.1	0.135648165498632
40.9	0.1667990743900358
44.1	0.2345654890144639
33.9	0.1339996698259788
33.4	0.1283951876640499
43.4	0.2449878615411823
39.8	0.1303811207847048
42.3	0.16641345504864
42.1	0.1665770169859777
36.0	0.1256914627151196
34.5	0.1382933065858777
38.5	0.1647970574491516
33.9	0.1336494024464875
35.1	0.1373863555185141
36.5	0.1360865517794563
31.5	0.145423048151502
34.9	0.1764696038289469
40.0	0.1305196116115065
36.7	0.1359198780802881
31.1	0.1508898956818348
39.9	0.1675970575892185
35.2	0.1272975517262099
35.4	0.1622737775007283
34.1	0.129159039261782
38.3	0.1429063022318356
33.6	0.1331874632792398
38.8	0.1272764396488558
41.2	0.1667003843819542
35.9	0.1449634948542258
39.3	0.1277759927723185
42.0	0.2736097750235181
33.3	0.1259517196954497
34.9	0.1640134851164829
40.0	0.165839250092304
43.9	0.2205427232828444
31.5	0.162947708670038
42.6	0.2722162895586517
46.1	0.2077154104005202
30.5	0.1543962601949473
31.7	0.1538592010700214
44.7	0.2091260031315628
30.4	0.1484044598231449
40.2	0.1307061986866986
43.8	0.2088705641096937
32.1	0.1456728508914686
33.5	0.1283496687924612
33.5	0.1428202729296383
39.9	0.1290386474727399
45.1	0.1979489602334025
39.5	0.1379548229048036
33.3	0.166266653744634
37.7	0.1652967984276792
42.3	0.2729663495744288
35.0	0.1289092526690391
38.1	0.1442526259089684
34.0	0.1334230265507798
33.6	0.1327156362626848
44.0	0.2520841324825992
38.3	0.1438272983231948
35.2	0.14225872419025
30.9	0.1497247568056707
42.0	0.1655097866748619
31.5	0.1564902797615484
44.5	0.2079229875064714
39.7	0.1666078362160254
35.2	0.1634513897836713
35.5	0.1634054332050739
32.9	0.1522476576613207
34.8	0.1387600117331795
33.7	0.1451568297573229
31.8	0.1571120407896457
33.7	0.1300770930599631
32.3	0.164445686454549
37.0	0.1648258408063548
33.7	0.1497992176411534
37.8	0.1341356939441333
40.6	0.1673999711932255
40.0	0.1285151395129679
33.9	0.133939620594292
32.9	0.1351293311170819
33.8	0.1742642218392419
31.7	0.158543217429727
38.9	0.1429077022823119
44.5	0.19132301670989
40.6	0.167837135383441
33.2	0.1675423489265971
34.1	0.130832945743593
37.2	0.1657101445235739
39.2	0.1274275650768377
42.5	0.2728095609921071
31.5	0.1572734439436953
37.2	0.1652125768569513
39.2	0.1285369477837216
33.9	0.1305245871540917
43.2	0.2737262278910784
40.2	0.1678002670741769
40.2	0.1653667565369966
44.6	0.1766480022030186
30.8	0.138223023246038
32.2	0.1360957012634717
34.8	0.1373646987795937
46.5	0.2106697225896509
33.7	0.1328932296195896
43.6	0.2457064204367923
36.1	0.1411444183669801
32.8	0.1676393675930996
36.8	0.1349195026023616
46.4	0.2103066520277813
41.5	0.1667046774197776
44.3	0.1769353823560264
34.1	0.1473050677733386
33.0	0.1426892312172999
43.9	0.2518908622331783
32.3	0.1401692245931507
32.3	0.1365874783469438
28.2	0.1435997012696041
44.2	0.1954413630596338
36.8	0.1654377730258585
43.9	0.177094302246781
44.1	0.2516559818577832
32.0	0.1580114831853357
44.5	0.197927448310016
42.8	0.2732313570508228
39.5	0.127413432596727
35.4	0.1268939045100068
39.5	0.1287833851035478
33.3	0.1341164589257713
32.3	0.1363322713497552
33.2	0.1417835987060454
43.1	0.2736064828484789
31.0	0.1443522602267937
44.6	0.2157258583001157
39.5	0.1282083904777952
44.4	0.1921747743781642
32.9	0.1394979034117447
44.8	0.2105319259633369
39.5	0.1279768598683349
29.7	0.1540237178365132
39.4	0.1275732310189626
29.0	0.1473722059967418
35.9	0.1426784812966182
40.6	0.1307220605239025
34.5	0.1464133267857817
33.7	0.149951938481256
37.4	0.1655874272027052
36.4	0.1626443943523535
44.6	0.2078000258065368
43.2	0.2403508223049568
37.5	0.1346732800098606
42.0	0.1671530854347324
43.2	0.2408954827211543
43.0	0.2740175778902289
37.7	0.1452633917959424
30.2	0.1594349142280524
39.2	0.1287876080026775
40.6	0.1673514895237059
31.2	0.1611184487002461
33.0	0.1441675963803148
42.3	0.1670586031798884
35.9	0.1448954743605074
44.1	0.2184200955876473
40.6	0.1286716590129403
33.4	0.1374830978127056
33.3	0.1664122356041186
44.0	0.2021389271360004
34.9	0.1424954977725822
41.4	0.133775001954625
39.1	0.1279645171460809
35.2	0.1374515523895312
31.8	0.1521097462452051
44.2	0.2471427242735762
33.1	0.1285236783542007
29.0	0.1479679153629401
34.5	0.1337909847000617
42.6	0.2732655344199601
35.4	0.126757834786414
35.8	0.1369388705789185
34.8	0.1389110492345547
40.0	0.1288674967494842
46.8	0.2107877738562961
43.9	0.2469986612538685
39.5	0.1651773946257094
41.6	0.273565072846387
38.6	0.1303527771685271
44.8	0.1972115569090586
35.5	0.1365325927412116
36.9	0.1434986109710367
34.7	0.1386999419616947
44.6	0.2087430780376838
35.3	0.129475466677418
39.1	0.1288128229752595
42.7	0.2735619290549106
46.5	0.2097098908817568
30.5	0.1476596333722241
37.5	0.1428705271632012
30.6	0.1360985552095319
34.5	0.1330816502326745
44.2	0.1932592173619594
33.1	0.1339924161749147
35.9	0.1324051915704134
38.0	0.1301521533548918
43.9	0.2367345257586523
36.4	0.1616431096783243
35.2	0.1459425445165585
35.3	0.145284194805882
31.9	0.1575418551138617
35.6	0.1420041837045757
36.7	0.1630203449866797
33.6	0.1327842665496551
31.4	0.1554242934166695
33.3	0.1675359954175815
33.0	0.1362333537070993
40.3	0.1314842035455707
29.1	0.1513680675022528
31.2	0.1521050587677826
34.7	0.1297484562935431
33.4	0.1306048773299933
32.1	0.1268534119629317
36.8	0.1618039099526066
35.9	0.1464386141980472
31.4	0.1378796789922025
44.5	0.2065900840369842
32.2	0.1390285717508304
44.4	0.1885049606568593
33.1	0.1409343385976214
44.1	0.2526487556201068
39.8	0.1649067196754999
38.0	0.1646663887487109
39.5	0.1377766289659293
33.5	0.148896037513612
44.2	0.1951763163508159
33.6	0.1295271670624743
41.4	0.2730255713962434
32.9	0.1420636813692321
34.3	0.1635673284739289
46.0	0.2080522708204714
34.7	0.1403845338942242
35.6	0.1426143979887534
35.2	0.1282827740523165
40.2	0.1290299072550571
33.3	0.142694850806376
31.2	0.1462030429513935
44.5	0.1970827326363228
34.5	0.1304234351514694
36.4	0.1448940231830437
35.1	0.1606488942660688
37.9	0.1651828128141084
41.8	0.1656374314322337
47.0	0.209159550998648
44.8	0.1890974190985618
34.5	0.1410783473407824
43.9	0.1974280806976269
44.1	0.2462323739380782
34.7	0.1295293679374146
38.4	0.1434146341463414
39.3	0.1294275512823504
35.7	0.1431642376213362
33.2	0.1481508411084483
35.3	0.1285356616924596
40.6	0.1363144952284349
35.5	0.1621316855094756
40.2	0.1321299021480448
36.2	0.1441637502573302
44.1	0.2492373718150275
35.1	0.1394187769011183
33.4	0.1411855372673834
32.6	0.1383454689007807
34.0	0.1651532748598858
33.1	0.1479301907015308
33.7	0.13403016671077
33.6	0.164584689179743
33.3	0.1373596606139591
44.1	0.2545093279336161
34.9	0.1317791333710217
38.5	0.1428804197735432
39.5	0.1652908370827383
33.5	0.1293397911818911
34.0	0.1475949052114275
33.7	0.1354838709677419
35.8	0.1436704208122197
32.3	0.1594591754527304
36.8	0.1622490579626271
44.0	0.1950293748762294
38.8	0.1429627215698141
40.4	0.1317064974757374
33.0	0.1346296609171569
40.4	0.1326167935789257
46.5	0.2089802796191841
41.4	0.1657690757692327
32.4	0.1509881210272217
39.2	0.1647364612328198
44.3	0.1809596161535386
44.7	0.2054449017100847
39.8	0.1660990009082652
43.3	0.2100002486254564
39.7	0.1272796997235779
34.9	0.1309369924435138
31.4	0.1569343887400412
45.8	0.2080901970772709
33.0	0.1489627821842587
31.5	0.1669056351473037
46.2	0.2086748882013253
