40.9	0.1348610859268235
44.3	0.1943095262120141
31.5	0.1578579278649216
41.9	0.1719089857717323
46.5	0.2089400098546439
43.7	0.2027467849125872
31.5	0.1669540797691114
34.8	0.1349851969287065
38.4	0.1345565102295931
36.4	0.1504232071827587
38.4	0.1488412633305988
33.8	0.1438921697287838
30.4	0.1494253985451168
39.5	0.1346420968018592
33.1	0.1390211832677382
40.0	0.1342152142951398
45.4	0.2060958373787899
34.3	0.1474004589078378
45.5	0.2081396892842916
37.4	0.1706350230758419
44.3	0.1978224224300489
31.8	0.1522638623202762
44.1	0.1925208733700313
35.7	0.1443252904378909
40.9	0.1349437377284461
33.6	0.1466089075402734
43.7	0.2124257175369832
31.7	0.1578837992097175
36.5	0.1470164599074676
41.0	0.2804376123297074
31.5	0.1730036092741893
36.8	0.1693741842625217
40.5	0.1359279357499457
32.0	0.1510177578076712
40.8	0.1344538650721572
40.4	0.1374561113706011
39.9	0.1710649813219812
47.0	0.2040712693562434
40.5	0.1420081271717673
34.7	0.1657483930211203
31.9	0.1501998206125709
40.9	0.1381427145662892
34.5	0.1338435948653173
29.4	0.1569427417247824
34.5	0.1344535468707509
34.6	0.170144155683644
32.9	0.1561757141466041
39.5	0.1421969118864769
33.9	0.1381277041038375
44.5	0.2152566878055124
44.3	0.2140785470963692
40.4	0.1745283794674429
39.8	0.1336828624029456
41.2	0.2793289822264282
39.6	0.1341559076881246
41.0	0.1735851811395337
43.9	0.2127785789197692
33.0	0.1384666314603021
36.8	0.1476142185652629
35.4	0.1333350495559274
44.8	0.2114987597835074
31.1	0.1496445624061016
35.7	0.1419986039494719
36.3	0.1500920468351274
34.4	0.1517659659927701
38.2	0.1480417135746874
28.8	0.1495911007263676
29.4	0.1582266636724305
39.5	0.1336486815816511
43.9	0.2611574499137191
31.5	0.1545855241297081
36.6	0.1691028484587106
33.7	0.1524451548767537
34.8	0.1466608467917939
31.5	0.1597339635507645
37.0	0.1682509849278924
34.0	0.1385597082953509
31.2	0.1551835627522308
34.1	0.1516296592915113
45.1	0.2104128870738548
32.6	0.1371624182939573
31.5	0.1533663855464201
44.1	0.1897632424187085
44.9	0.1968034023871587
42.9	0.283613022705622
33.2	0.1392386173784691
36.4	0.1516092116195582
44.3	0.1889743569176966
40.1	0.1350981180803996
44.3	0.2103231345030827
31.2	0.1567428866683597
32.5	0.1676203298552675
30.4	0.1412104450481793
35.3	0.1692891965416004
44.0	0.2587471766996124
32.6	0.1335074594106469
40.6	0.1344903219821216
40.3	0.1742215822178393
35.4	0.1330874858146975
34.1	0.136542905929789
39.8	0.1345107237543668
29.0	0.1553865555852791
33.2	0.1386984911587728
37.4	0.1706640232386043
38.9	0.1703439386744454
35.1	0.1328405570058676
35.9	0.1319843575174666
32.2	0.150532509755994
32.1	0.1454435437396749
32.8	0.1500883285823262
34.0	0.1257837607285981
39.4	0.1334091213053363
42.1	0.1718844427320157
42.9	0.2492461173396962
31.8	0.1362569832402234
37.1	0.1713751298926221
44.6	0.2108734557210484
43.0	0.182189893674872
34.6	0.147557680003011
45.0	0.209224693215478
37.6	0.1707010973499681
35.7	0.1513626376154704
37.1	0.1404642672378583
38.6	0.1351402829199392
40.5	0.1364569392711082
33.1	0.1391353243549385
35.2	0.1382107023411371
37.7	0.1488790576484638
33.7	0.1360525820713009
44.9	0.2116076633898236
36.1	0.1691213070594091
44.3	0.2098569006442861
31.4	0.1483555642507284
31.5	0.1448660731373104
39.2	0.1334924057521686
42.6	0.2805549752625331
33.4	0.1670360830440646
43.7	0.2583486902158
44.9	0.2173272492889443
34.8	0.1351790693026596
43.9	0.257206814933905
44.1	0.2780312157351129
44.5	0.2031705641117783
31.3	0.159111749063644
33.5	0.1343991210772438
40.9	0.1730727994723456
35.2	0.1392852724048336
33.0	0.1483625070581592
33.3	0.1338636748744749
38.3	0.1326710647709023
38.5	0.1481710229425037
36.5	0.1686448947521829
26.4	0.1497539113617676
40.4	0.1745302713987473
44.5	0.1856216087135332
39.2	0.1334775817449293
38.7	0.1501941852311343
40.4	0.1358534684333593
44.0	0.2042196186896708
43.0	0.2508576464293582
41.3	0.1400132297235471
43.5	0.2455803786985935
39.7	0.1346208281609513
33.5	0.1533410707761084
38.4	0.1356354893134515
41.1	0.1394290768735928
44.4	0.1877506496839808
38.4	0.1363546770581946
35.5	0.1479354740908401
46.1	0.2095243550534785
44.6	0.2113092633629268
39.5	0.1337696570990853
35.8	0.1293988409910905
43.7	0.2598956813436197
40.5	0.1348032641028365
35.1	0.1332847819493692
46.8	0.2064704774094764
30.3	0.1579507760350546
40.8	0.1726166003684224
37.1	0.1464375594635239
40.3	0.1750393537243927
42.5	0.2820481802785746
33.7	0.1370327884523468
33.8	0.1367987746505839
42.7	0.2805656612152771
33.0	0.1426260747260724
32.5	0.1368878268652899
31.6	0.153494324358155
35.4	0.1329905070749158
35.4	0.1692252815474764
38.6	0.1362035865439155
31.1	0.1562037627710774
34.3	0.1351331429413841
36.5	0.1484761084555317
41.8	0.2811002613865677
37.5	0.1698532168295988
44.0	0.2618970228851409
44.9	0.1994934062621844
30.2	0.1974980474445826
42.6	0.2798363756233279
36.7	0.1687576274039472
35.2	0.1292589584989115
37.1	0.1711750156517149
33.4	0.1692065394589928
31.4	0.1491892217130135
33.1	0.1658357578327168
44.5	0.1955452033248501
33.0	0.1678393017255576
31.5	0.1492246862583176
35.2	0.1358450759252988
34.9	0.135254273734007
36.4	0.1416713406336616
29.3	0.1484862837589653
33.3	0.1556911853404946
36.5	0.1494757315446282
40.3	0.174615082040908
41.0	0.1382754425500404
33.3	0.1380085049159448
39.0	0.1345030447240425
34.6	0.1371375694016039
44.0	0.2274607525541989
35.5	0.1697821215415677
34.8	0.1335848645903245
35.1	0.136103834246249
36.3	0.1468591831129595
45.0	0.2208779795569997
39.3	0.1329696641934688
40.7	0.1383624341757621
42.6	0.180830269465258
31.7	0.148406531204148
42.5	0.1806889621766464
40.1	0.1748716090831907
38.3	0.1485413847804786
43.9	0.2601271277741866
44.3	0.2026358865320036
35.1	0.1368543438569549
35.5	0.1491406821841604
47.1	0.2092861797506432
42.4	0.1719876469519632
36.1	0.1416757158169806
43.5	0.2803181778666434
39.0	0.1324944250139152
35.3	0.1383215853843177
29.5	0.1436840917153084
35.1	0.1447959272639052
33.0	0.153949755074998
34.3	0.129725702431167
33.2	0.149761505960902
33.1	0.1341566495111393
31.8	0.1530395136778115
40.6	0.1409532767445483
44.0	0.278919753431707
47.1	0.2044285414543492
40.5	0.13562009502963
31.1	0.1555500628403854
38.3	0.1357762088698638
41.2	0.173065238397319
32.0	0.1406095079700535
43.2	0.2491603304557296
32.2	0.1462305235652763
34.7	0.1434338707775747
44.3	0.2127417764405451
39.9	0.1349360845787331
41.2	0.281042538886158
43.6	0.2533142397235015
34.8	0.1342312797185675
40.6	0.1408719399425005
35.4	0.1684696048144862
37.1	0.1715916518040123
44.5	0.1835618384598991
44.6	0.2110453182594865
44.3	0.2407949079748282
32.9	0.1466643381068809
38.9	0.1496967233282341
31.7	0.1639247455861988
33.9	0.1364215803634991
32.8	0.1437790735766232
40.5	0.1740577190447816
39.5	0.1331709362458319
39.5	0.1331694449927326
33.4	0.1533783491321473
32.4	0.1742796782125038
30.0	0.1417197597784257
32.3	0.1569077408793264
34.5	0.1373919333321783
39.7	0.1435231612036652
40.5	0.1348092864194676
45.1	0.2110919684986482
37.0	0.1710738689915174
39.5	0.133082599810562
41.5	0.2808427056688989
46.5	0.209882795892864
43.9	0.1924456203028346
39.5	0.1339817528830813
42.6	0.1795572872755761
33.7	0.1300553567042144
44.2	0.1923761706849972
33.6	0.1359105203821277
32.2	0.1416755062680809
42.8	0.280768226703039
37.2	0.1403686767647899
30.4	0.141187484457967
30.4	0.1643728717366628
42.1	0.1731906381483051
41.5	0.1392862697658342
44.5	0.1863584550539458
38.7	0.133841625544267
33.5	0.1370668515967922
33.9	0.1366886846639862
43.2	0.2817189104956398
34.8	0.1358640476715956
35.6	0.1317210690087645
42.3	0.2817903258178899
38.4	0.1489632237871674
34.5	0.1353035366824493
39.1	0.1479881727453418
35.5	0.1396641566290189
29.0	0.1538774334558885
35.3	0.1322659079845839
43.8	0.2784217682133786
29.4	0.1593097913322632
44.0	0.2567408616371669
34.9	0.1499408473751713
37.4	0.1718088820168979
33.0	0.1535859745661734
33.3	0.1351637092761252
32.4	0.1413196696771618
36.8	0.1702435998646667
33.0	0.1505058217217026
44.8	0.2109360481628617
35.2	0.1453608365570969
35.7	0.1320121491095683
40.7	0.1365231937818971
34.6	0.1461671888805928
32.5	0.1708451273756571
44.8	0.2196789436643319
33.5	0.1518249084173057
35.0	0.13563514103932
35.6	0.1474174008810572
43.3	0.1821011754444151
44.0	0.2604995220383501
34.0	0.1459136552774241
39.9	0.1357239913996751
33.4	0.1395975949008285
31.3	0.1682254983033448
39.1	0.1347530560649152
40.2	0.1739544537394124
47.0	0.2095783563928561
33.6	0.1317589719634178
36.8	0.1500305297691121
36.7	0.1418383499993097
35.7	0.1677708656370266
32.8	0.1669367909238249
34.1	0.1692133623103981
30.4	0.1641149610529143
35.5	0.1332908994832449
31.6	0.1375310189677231
36.6	0.1509635132869477
31.3	0.1499931502157682
38.4	0.1466887930767083
35.0	0.1349898503871889
30.3	0.1408825477763737
40.3	0.136097912642589
38.5	0.1321193617648695
35.0	0.1339040154015401
38.4	0.1326025338375958
35.6	0.1471861365027343
37.8	0.1483530831814858
38.7	0.1330364122488685
32.9	0.1502061567490129
34.8	0.1704948735398165
32.3	0.1498368656993554
35.5	0.1697330194004984
44.1	0.2260397971739148
35.9	0.138821957358205
43.3	0.2797320943703614
32.8	0.1563723270728618
31.1	0.1415656454201
40.9	0.1727966708263598
44.1	0.2418666289258005
33.9	0.1387779146101408
33.4	0.1335505857099612
43.4	0.2528476430525017
39.8	0.1354152858847136
42.3	0.1726342677733933
42.1	0.1725468737257212
36.0	0.1303565338140713
34.5	0.1440769180044401
38.5	0.1708439242039119
33.9	0.1359505539733752
35.1	0.1434322545732149
36.5	0.1409063618242512
31.5	0.1499528180492408
34.9	0.1752978404564692
40.0	0.1364867872929055
36.7	0.1416416951807535
31.1	0.1547863260254212
39.9	0.1733393802602991
35.2	0.1325481787221937
35.4	0.1668142245831488
34.1	0.1346761049312949
38.3	0.147572928393128
33.6	0.1362728836466396
38.8	0.1326034463450824
41.2	0.1718868555237787
35.9	0.1501822818748058
39.3	0.1337259691519595
42.0	0.2807111173091466
33.3	0.1305555190322792
34.9	0.1688046843955945
40.0	0.171523606347452
43.9	0.2282782934853215
31.5	0.1671204703173607
42.6	0.2811276329895757
46.1	0.2099647399489156
30.5	0.1580342341647711
31.7	0.1536266533932811
44.7	0.211656121897062
30.4	0.1533269021222996
40.2	0.1359392975935929
43.8	0.2123064293375255
32.1	0.1508233734119375
33.5	0.1333157788757918
33.5	0.1479852472911369
39.9	0.1345624543331606
45.1	0.2050269527947336
39.5	0.1434871025311085
33.3	0.1717035417326006
37.7	0.1708874709810758
42.3	0.2806776848956671
35.0	0.1335193318261654
38.1	0.1494829911583995
34.0	0.1380127748149112
33.6	0.1375989248917425
44.0	0.2594692954561514
38.3	0.1492095502762789
35.2	0.1468123544391963
30.9	0.154244572604048
42.0	0.1722645475193376
31.5	0.1586219177508222
44.5	0.2101809838798952
39.7	0.1729954222782458
35.2	0.1693289847261655
35.5	0.168247550925206
32.9	0.1573405761507122
34.8	0.1454550588235294
33.7	0.1504987287306864
31.8	0.1625877361935874
33.7	0.1351466679064021
32.3	0.1690511780197879
37.0	0.1720512880782249
33.7	0.1553437775485863
37.8	0.1403343814245978
40.6	0.1741512094587265
40.0	0.1339269068049812
33.9	0.1390495947324849
32.9	0.1396809708431193
33.8	0.1732144689856775
31.7	0.1629398814563929
38.9	0.147883815950993
44.5	0.1983643640160083
40.6	0.1747007242764892
33.2	0.1732815590885779
34.1	0.1352817717527523
37.2	0.1713556197827043
39.2	0.1333212560386473
42.5	0.2811297628029507
31.5	0.1629844802662084
37.2	0.1704142114786804
39.2	0.1336455994825159
33.9	0.1350789196414262
43.2	0.2817742761327939
40.2	0.1739885470317159
40.2	0.1730432849294299
44.6	0.1831518232218812
30.8	0.1410153891777963
32.2	0.141261396932445
34.8	0.1426281670541517
46.5	0.2091597340120064
33.7	0.1377091726236497
43.6	0.2523529522270857
36.1	0.1458308936963173
32.8	0.1733563350584627
36.8	0.1413734355172949
46.4	0.2090763631304172
41.5	0.1728612456239649
44.3	0.1834840658574386
34.1	0.151769998044201
33.0	0.1474723271792666
43.9	0.2608141813646891
32.3	0.1439728322003227
32.3	0.1411960352787384
28.2	0.1465770442139486
44.2	0.2018941179003471
36.8	0.1715364228246946
43.9	0.1833667308491154
44.1	0.2593218480329993
32.0	0.1626944579914194
44.5	0.2049996021404842
42.8	0.2816205533596838
39.5	0.1333497906440188
35.4	0.1317111326119433
39.5	0.1353132869204562
33.3	0.1390990411131835
32.3	0.1414667856385169
33.2	0.1466267131290994
43.1	0.2809974281455848
31.0	0.1488238044892648
44.6	0.2243480114153232
39.5	0.1339846810688072
44.4	0.2002773633321246
32.9	0.1463259702829784
44.8	0.2177799368472188
39.5	0.1334595142226263
29.7	0.1589073332061311
39.4	0.1330459013807998
29.0	0.1523469667856162
35.9	0.1482264243532764
40.6	0.1359663884617785
34.5	0.1515247954770953
33.7	0.1556288778310632
37.4	0.1711344627921938
36.4	0.1699731494089052
44.6	0.2100536519089168
43.2	0.2473403771190517
37.5	0.1403190474646282
42.0	0.1727033338301783
43.2	0.248144027141893
43.0	0.2811727757639635
37.7	0.1500785252696892
30.2	0.164169357591032
39.2	0.1341920990523927
40.6	0.1736729817839435
31.2	0.1666020679538705
33.0	0.1494432042278729
42.3	0.1738709183050592
35.9	0.1501292143336
44.1	0.2251837997191841
40.6	0.1349965291655272
33.4	0.1428847459045038
33.3	0.1721996373589568
44.0	0.2085169649020336
34.9	0.1473815480905732
41.4	0.1398426619230822
39.1	0.1329539314166955
35.2	0.1425333913567435
31.8	0.1506260841283608
44.2	0.2551652892561983
33.1	0.1331298219004466
29.0	0.1535432396801753
34.5	0.1384843862399985
42.6	0.2822848653086758
35.4	0.1317972704927548
35.8	0.1419515249568408
34.8	0.14467322116965
40.0	0.134818791674995
46.8	0.2094517981940269
43.9	0.2537257459644546
39.5	0.1717698669116993
41.6	0.281229489964328
38.6	0.1352483455665309
44.8	0.2046019157583189
35.5	0.1408616958489081
36.9	0.1474486760906188
34.7	0.1434607849801931
44.6	0.2145409960750197
35.3	0.1338194124526028
39.1	0.1341482721875475
42.7	0.2808673495703484
46.5	0.2087796713813893
30.5	0.1534691316878075
37.5	0.1474308218753657
30.6	0.1408090781415035
34.5	0.1377709624921882
44.2	0.2001828610613084
33.1	0.1387634535204244
35.9	0.1381209320183724
38.0	0.135763143966026
43.9	0.2437655988944122
36.4	0.1677356713358117
35.2	0.1508644715111478
35.3	0.150033583506118
31.9	0.1624418497384061
35.6	0.1467981323525576
36.7	0.1686878990517208
33.6	0.1377309255839056
31.4	0.1584765738195028
33.3	0.1731509527841548
33.0	0.1404086615551696
40.3	0.1370505548649205
29.1	0.1568664643399089
31.2	0.1558332486395092
34.7	0.1350553969399785
33.4	0.1355067817509248
32.1	0.1341317785894914
36.8	0.1681839302448128
35.9	0.1515132040509203
31.4	0.1413298460055221
44.5	0.2128898432445631
32.2	0.1445733596170093
44.4	0.195831946891552
33.1	0.1462396986921442
44.1	0.2604866784356723
39.8	0.1716374961004313
38.0	0.1711457093745868
39.5	0.1425823522832135
33.5	0.1547214128230979
44.2	0.2018425219519216
33.6	0.13459975785015
41.4	0.2806719775410968
32.9	0.1468700615210636
34.3	0.1700488845736994
46.0	0.2091531446873842
34.7	0.1457182111378905
35.6	0.1473537264981885
35.2	0.1327349921045362
40.2	0.1338781645947171
33.3	0.1470514656198719
31.2	0.1489703911506759
44.5	0.2024239423767643
34.5	0.1355823217590414
36.4	0.1511067580803134
35.1	0.1669129290027986
37.9	0.1716681108946302
41.8	0.1720230846614073
47.0	0.2028968859400133
44.8	0.1957390182781009
34.5	0.1454823134645004
43.9	0.2044085832894813
44.1	0.2550982359747103
34.7	0.1344835896719847
38.4	0.1480260734022955
39.3	0.1344163733217033
35.7	0.1472782620727826
33.2	0.1521407081694052
35.3	0.1336640172988136
40.6	0.1414814737384929
35.5	0.1692348069362785
40.2	0.1370938958907601
36.2	0.1474562450857625
44.1	0.2551077834730169
35.1	0.1448694608664057
33.4	0.1464533144750261
32.6	0.1419057542828665
34.0	0.1702378829184608
33.1	0.1521898606181969
33.7	0.1415613293163555
33.6	0.1702214245149221
33.3	0.1423543561683732
44.1	0.2607084803842605
34.9	0.1366788573005796
38.5	0.1482337113839741
39.5	0.1717562816919662
33.5	0.1340934600570095
34.0	0.1532369253096978
33.7	0.1384122441988171
35.8	0.1484135420782849
32.3	0.1642456934052548
36.8	0.1692470311888294
44.0	0.2016568250082205
38.8	0.1476530246435303
40.4	0.1374271991830352
33.0	0.1383902870301833
40.4	0.1380001572113889
46.5	0.2095945824276178
41.4	0.1726757749160485
32.4	0.1493245194519991
39.2	0.1709693594069737
44.3	0.1876479085760843
44.7	0.212547197795844
39.8	0.1731439696538443
43.3	0.2131196080199597
39.7	0.133569887092234
34.9	0.1359201032915276
31.4	0.1560073653521558
45.8	0.209951670988909
33.0	0.1538891142588816
31.5	0.1693990104552813
46.2	0.2102237502942792
