31.21	0.133701772402925
26.96	0.1926544304038729
39.73	0.1563227146091801
27.98	0.1707734945830183
27.69	0.2082193035747003
26.84	0.2018691950143752
39.09	0.1647109835232199
34.59	0.1331412996209109
34.11	0.1335422377866164
34.88	0.1490259313607394
32.6	0.1474379397676892
33.97	0.1436019088075469
31.8	0.1482154306475742
33.95	0.1328312402200571
36.55	0.1370505490066143
31.78	0.1327055020301268
26.46	0.2038823245719796
31.5	0.1459671198534374
26.6	0.2054996956069205
29.61	0.168890100743377
26.63	0.1967351969183989
37.84	0.1513196907391399
26.98	0.1903358262484199
34.0	0.1423683093138846
31.33	0.1337737198636765
31.58	0.1445034215387817
27.33	0.2108238634271363
38.76	0.1565628476084538
34.14	0.1458740293691749
25.65	0.2774491083302076
31.57	0.1718378178878363
30.13	0.1673674258437934
30.74	0.1348843375394141
38.17	0.1498487785963551
31.11	0.1330107314140066
30.29	0.1362515926939329
28.92	0.1690936456548298
27.9	0.2048536173199597
29.95	0.1407839934006744
31.19	0.1643733765734749
37.89	0.1489916727835942
30.17	0.1365611207676842
32.95	0.1329484809375981
31.89	0.1560682435052345
34.36	0.1330547052583724
30.86	0.1686393678402139
37.41	0.154721358690683
29.85	0.1411634677530711
31.97	0.1369483896475168
26.18	0.2133519931886429
26.42	0.2118245027840052
28.41	0.1727135536633262
31.92	0.1324535833579105
25.56	0.2771493439954994
33.52	0.1326494548939738
28.3	0.1717901421554839
27.32	0.2114496669961829
35.92	0.1373029984707625
34.07	0.1463333574163716
33.46	0.1319591627295552
26.47	0.2088419146013524
37.58	0.148493420698563
35.52	0.14087529069151
33.15	0.1491067630795406
36.02	0.1508025193010971
32.59	0.1467676869398321
31.74	0.1484848871806004
31.86	0.1577287665507873
33.42	0.1324314573152464
25.9	0.2594626098392014
38.47	0.1542485601195721
30.08	0.1668531778705094
36.23	0.1506602742504309
33.42	0.1447828604516502
40.72	0.1583515630513019
30.26	0.1668744996613091
32.09	0.1376716482065688
38.78	0.1544465640037228
36.11	0.1504119913383391
26.46	0.2084052836330436
31.71	0.1348678392075735
38.87	0.152216396818559
27.03	0.1879599038894728
26.89	0.1950525214113108
25.63	0.2808327889477632
36.29	0.1382793395313712
34.91	0.150758099668888
27.11	0.1877169152446296
31.52	0.1338753215514649
27.52	0.2088698892502889
39.14	0.1553294171028819
30.94	0.1661369034255397
31.72	0.1393492215745591
30.57	0.1672978987460949
25.9	0.2579580812695916
31.89	0.1318367833695283
31.09	0.1332235817525939
28.64	0.172467410215248
33.16	0.1318178175902442
35.44	0.1353888958471255
31.71	0.1331256670133436
31.85	0.1542171942195188
35.86	0.1377620800246533
29.37	0.1692610603462321
29.15	0.1692073129228549
34.51	0.1313827703851822
33.81	0.1306510236331244
37.53	0.1502145922746781
35.56	0.1435309456246644
35.55	0.1485103867082201
33.73	0.1244899356428864
31.84	0.1319302541102708
27.96	0.1700222592623849
26.07	0.2479507115804576
31.79	0.13370030292672
29.42	0.1697001755853305
27.57	0.2093405947115836
27.33	0.1805582175991876
31.55	0.1460412864293131
26.48	0.2076513001078064
29.55	0.1693453804285941
33.46	0.1499328224378824
35.05	0.1391234725498775
34.11	0.1338452914041024
30.51	0.1352364342360722
36.18	0.1380857897180935
32.48	0.1367215043241765
33.09	0.1477674443900582
35.38	0.1343489046613752
26.39	0.2099808649446791
30.52	0.167503699801177
27.62	0.208491428264215
37.35	0.1470477619907589
31.59	0.143365551748351
32.79	0.1318338459448808
25.78	0.2790382024756627
30.99	0.1655672713801511
25.88	0.2563624277224772
26.42	0.2148651891334425
32.66	0.1342815304396006
25.95	0.2541516830090907
25.85	0.2762161881990251
26.6	0.2010606376429413
40.39	0.1578977838907524
34.73	0.1332786553431219
28.31	0.1713285859613428
32.13	0.1382218855962373
33.42	0.14739718469476
34.94	0.1325928061231312
32.29	0.1314140974925143
32.45	0.146747543503321
30.11	0.1667828516062463
35.51	0.1495175958694578
28.55	0.1725068734206422
27.21	0.1836835802547636
32.02	0.1322628025254296
32.96	0.1486784556725827
30.72	0.1345153453998015
26.77	0.2025701442155044
26.23	0.248527895881256
30.05	0.1391585962071435
26.11	0.2438860214047727
31.68	0.1329375330241296
36.3	0.1524430247690338
34.32	0.134821892875715
30.24	0.1378270777249063
27.22	0.1852832384134592
34.59	0.1347653801690878
34.45	0.1466259692256142
27.64	0.2091524369985625
27.4	0.2102826371076523
33.36	0.1325554404100656
33.98	0.1280601104238448
25.97	0.2574644005512173
31.32	0.1332099440541791
33.05	0.1320235028011623
27.84	0.2069060418911617
31.86	0.1568033840666859
28.1	0.1715408258719764
32.06	0.1448284349545031
28.36	0.1734385902505096
25.63	0.2797216758603351
34.26	0.1360287776258458
36.07	0.1352729232530846
25.67	0.2797093278205851
31.71	0.1407862954151169
31.73	0.1347976055188309
38.12	0.1525512009119855
34.13	0.1316091812245156
30.7	0.1675198358450164
34.5	0.1346445874611324
38.8	0.1551751638656509
32.84	0.1336409753857804
32.08	0.1476832409104619
25.66	0.2785134269111479
29.66	0.1683876871736099
25.79	0.2597459667710089
26.87	0.1970036419821212
31.48	0.1970779857126444
25.65	0.2775273303889529
30.32	0.1667755166017921
33.54	0.1280163086903379
29.48	0.1692584991422948
31.26	0.168273412972582
37.22	0.1481027226859494
31.07	0.1644762400404612
27.03	0.1937808497706453
31.05	0.1661643147463122
37.58	0.1481152226682275
32.4	0.13507079640246
32.76	0.1338921843868864
35.45	0.1402816842574284
31.86	0.146965709457819
37.26	0.1541836980043279
33.51	0.1485794087691125
28.62	0.1727321298014734
30.3	0.1371835970382587
36.02	0.1368395467670979
33.85	0.1333102493074792
31.96	0.1363098252346942
26.23	0.2261158997064041
30.81	0.1677994831927205
32.96	0.1324313384531888
32.52	0.1355445498998197
33.44	0.1451870865830782
26.38	0.2187254554694839
32.74	0.1317935034659312
30.17	0.1370216974435459
27.2	0.1794854583241896
37.63	0.1472598559746124
27.33	0.1799269329634432
28.57	0.1731007927269919
32.22	0.1470798346391221
25.95	0.2573402320085685
26.63	0.1996979157146361
33.87	0.135593146897992
32.93	0.1477703455964325
27.83	0.2094128708733807
27.82	0.1708462039219958
35.46	0.1404161778885481
25.76	0.2775995854269349
32.5	0.1311162492185081
32.27	0.1371571124818424
35.21	0.1422593023411282
36.68	0.1434509480190824
36.5	0.1522813884025131
33.89	0.1285767975007634
35.78	0.1485241505268207
34.65	0.132914847161572
38.01	0.1521947053800171
30.06	0.1394564357554525
25.81	0.2768134306843401
27.79	0.204892492248259
31.42	0.133935790751769
38.88	0.1545156701800205
34.63	0.134691612789153
28.21	0.1708445898099826
34.65	0.1400379302064598
26.02	0.2479398721327399
37.16	0.1452332082949961
36.14	0.1422888852731367
27.49	0.2113816909062308
31.61	0.1331633232969095
25.58	0.2786545341859875
25.93	0.2513883766693497
33.51	0.1330317550791703
30.13	0.1396549876781313
30.6	0.1666932605724072
29.22	0.1703652943967107
27.19	0.181825126305863
27.46	0.2098094397037856
26.14	0.2390429222992103
33.34	0.1458597191897372
32.86	0.1484200096406191
31.29	0.1628276244888095
35.7	0.1355814576932045
33.8	0.1418076125376099
28.38	0.1722196650497468
33.13	0.1318601164856114
33.12	0.1319324166919882
36.86	0.1519699812382739
31.48	0.172476418540708
31.73	0.1387952744241167
38.53	0.1558653266449313
33.98	0.136306950090188
29.75	0.1421224444855705
31.49	0.1335973142425185
27.51	0.2099000365922624
29.94	0.1692428608855121
32.02	0.1318817583586801
25.63	0.2779017980483384
27.76	0.209231103388358
27.05	0.1900799689189626
33.57	0.1327264087074263
27.35	0.1782688546362924
33.78	0.1284588234608344
26.99	0.1904416037187681
35.54	0.134693265570995
36.64	0.1401312559957135
25.64	0.2782953637377203
34.91	0.1395084432720655
35.08	0.1397824085404939
31.62	0.1631146064717536
27.74	0.1719430338507999
30.02	0.1382348164708077
27.23	0.1839081372961836
32.17	0.1325630637428462
35.91	0.1354569262710326
36.04	0.1351818967496252
25.64	0.2803728047100966
32.5	0.1350173546380895
34.07	0.1306704896714397
25.69	0.2803217937516866
32.57	0.1475373609883446
32.85	0.1337587229619865
32.85	0.1466445645747107
32.38	0.1381074424510663
31.77	0.1518531815228912
33.97	0.130893401435402
25.7	0.2760194634629462
31.94	0.1582347764493764
25.95	0.2552791323640377
33.21	0.1486890639019041
29.57	0.1702662972804885
36.52	0.1520648481673696
34.65	0.1340429951742284
36.75	0.140136637350139
29.45	0.1689659836342733
35.47	0.1492786146271823
27.51	0.2103231286018488
36.84	0.1440753150820546
33.65	0.1307107763350229
30.55	0.1350940712484644
31.5	0.1449466737702935
31.28	0.1701749258667883
26.32	0.2181933842239185
35.9	0.1507670691684337
32.61	0.1344095386326985
34.56	0.1455670057667204
27.32	0.18065193214392
25.86	0.2588303209565015
37.71	0.1441486094926144
30.78	0.1347668200128275
34.46	0.1380296723768576
31.34	0.1679062808710467
34.1	0.1338510058936583
28.46	0.172033982293089
27.79	0.2092666245629168
33.85	0.1301525527270241
33.13	0.1490994980808975
35.2	0.1407045076958987
30.56	0.1669732784520295
31.1	0.1655792711343088
31.15	0.1678106030553206
31.54	0.1633676366217175
33.23	0.1321884230496101
31.76	0.1338363129407905
34.84	0.1498907517122568
32.01	0.1484988293623467
32.2	0.1462621682724945
32.74	0.1340987826542684
31.69	0.1386092013918071
30.54	0.1351068667576171
32.27	0.1310967637935551
33.33	0.1323442126794716
32.37	0.1313909003722883
34.35	0.1456931192842155
32.39	0.1472615867115808
32.23	0.1320166203823527
35.63	0.1490326147042565
31.07	0.1687860462511898
35.52	0.1490144783248779
30.9	0.1674994182146719
26.35	0.2235078201891674
32.38	0.1372189561830087
25.86	0.2772724326926638
37.6	0.1551260513837844
31.6	0.1390853583114999
28.14	0.1710941473116934
26.17	0.2399429577537299
31.89	0.1373660364558515
34.88	0.132536889594577
26.06	0.2507253683154829
30.73	0.1340203476581913
27.87	0.1708958927100735
28.01	0.1711788234118479
33.71	0.129068313913702
36.03	0.1430978284647581
29.14	0.1693366776629679
34.07	0.1345813984094455
35.87	0.1419475178599739
35.23	0.1394745006324129
33.7	0.1482066232619213
31.18	0.1750218303104914
30.72	0.1346889786287531
35.35	0.1403685872963567
39.06	0.1533151258689926
28.77	0.1719041889624165
34.27	0.131075600183591
31.26	0.1652201723673579
34.6	0.1333874474940234
32.72	0.1458988798433004
34.17	0.1350668560986334
32.27	0.1316756385855136
28.22	0.1704271027392534
34.82	0.1489472046468208
33.27	0.1321773010363066
25.55	0.2780819866742244
35.32	0.1296501541385746
31.12	0.1672681071165441
28.85	0.1704649672893345
26.28	0.2264163272987709
31.05	0.1661780694261085
25.61	0.2790045743431972
27.59	0.2082050806601149
31.97	0.1570877852138859
38.32	0.1527897923875432
27.46	0.2108713517326514
33.72	0.1521006380161309
30.7	0.1345658488962318
27.33	0.2107475786705029
31.93	0.1491698779126301
35.21	0.132105135776175
33.78	0.1466380346704108
31.48	0.1334058430768301
26.54	0.2035106939709773
29.9	0.1420122947994236
31.22	0.1704509930450993
29.52	0.1694187223674351
25.57	0.2793509478836527
32.96	0.1327184146655879
32.38	0.1483985097429574
31.86	0.1369548869794773
35.97	0.1363428260523382
25.92	0.2576055056943786
33.06	0.1483940251879332
31.97	0.145512631152832
31.78	0.1527631115804294
28.06	0.170410569277618
42.25	0.1571129398065676
27.37	0.2096044374073986
28.84	0.1711979902486695
30.94	0.1678121990902148
30.75	0.1674045206123508
37.76	0.1555069343150193
36.54	0.1441778582440487
33.36	0.149530559646539
31.42	0.1615229117255596
35.51	0.1337970417835621
31.04	0.1679150319026671
29.84	0.1702340861940276
37.11	0.1536912597229254
34.77	0.1386769104190524
28.29	0.1719443037014357
31.97	0.1324064849816449
31.84	0.1380843214502441
36.54	0.1382023329798515
31.22	0.1720985097570349
31.41	0.1616659779287732
32.86	0.1469368844961332
26.7	0.1965155667199512
28.58	0.1724621237402389
31.44	0.1716087442306679
35.54	0.1337325298892318
29.44	0.1700990462828414
31.96	0.1325147713252548
25.72	0.2785926538691272
31.31	0.161764171676626
29.67	0.1689881963500152
33.64	0.1319764560099132
35.67	0.1341953288700362
25.73	0.2789953728830709
28.66	0.1724921780578993
28.95	0.1711097300946115
27.19	0.1820543118126482
34.88	0.1401206541055618
36.95	0.1397120584724657
35.96	0.1414379247582343
27.83	0.2089038705979114
35.7	0.1363546092461755
26.08	0.2501424011521059
34.2	0.1443683533710273
31.47	0.1718645886771981
35.07	0.1398705982421321
27.76	0.2082046389601097
27.88	0.1711590684714835
27.16	0.1815573102153112
35.95	0.150540450332486
33.34	0.1464891165699707
25.73	0.2593519982674068
33.87	0.1429451387314059
36.67	0.1396964163244395
35.4	0.1456261785402198
26.66	0.200660395854952
29.93	0.1698614509817829
27.24	0.181865153820259
25.99	0.2575088835912199
31.5	0.1619658877344774
26.66	0.2030406001655526
25.59	0.2792407538411401
33.0	0.1316938469234617
34.18	0.1304104167051991
33.85	0.1332258240735269
36.26	0.1379059234007138
36.96	0.1398762657296256
33.85	0.1447751797625365
25.75	0.2782248501257464
31.78	0.1472334737937578
26.28	0.2219606602768351
33.31	0.1330009914876894
26.9	0.1979685761535466
31.63	0.1437916752188031
26.32	0.2159575771185921
32.85	0.1320606535513567
31.79	0.157969364298451
32.82	0.1315852713257565
31.91	0.1500985678668754
34.62	0.1462559745087626
30.47	0.1344410108119702
31.91	0.1501241628414478
36.96	0.1544789299615272
29.72	0.1692202257171682
30.1	0.1679964460688423
27.45	0.2089697107422365
26.18	0.2456807025397833
34.89	0.1397586987468203
27.9	0.1708683985692599
26.15	0.2462198743738902
25.73	0.2791938576924626
32.34	0.1491265126966054
31.5	0.1629372656769916
33.6	0.1320607765094379
28.33	0.1722990166861261
31.29	0.165060104332048
35.75	0.1475176338518042
27.8	0.1719827373676821
34.66	0.1486294218524309
26.29	0.2228850030666192
31.46	0.1333468252967679
42.5	0.141138007077286
31.34	0.1702241517706867
26.82	0.2071628762158642
31.95	0.1460412769770037
30.24	0.1384720700670989
32.11	0.1320734116668399
35.79	0.1408047699586803
37.16	0.1503410558829558
26.08	0.2538183898939213
34.81	0.1321388371599641
31.8	0.1517462175327469
31.92	0.1368077729717554
25.63	0.279604186712122
34.32	0.1305817659582509
35.61	0.1416437825658358
36.39	0.1433959596711187
31.63	0.1333100859815099
27.83	0.2089910762841746
26.06	0.2506560895433182
29.02	0.169912834142519
25.62	0.2785498241340139
34.25	0.1341675768200007
26.56	0.2027722917123838
34.32	0.1393309617424951
34.14	0.1459039207571368
36.23	0.142397481384009
26.38	0.2129787536417252
33.32	0.1325592077165443
33.64	0.1328430930155433
25.56	0.2789507605052849
27.68	0.2086812669145357
33.81	0.1512899856120779
31.99	0.146475626505442
31.73	0.1387492271619052
31.95	0.1365120935692046
26.62	0.1992613340250394
36.16	0.1374137221897714
32.27	0.1371577745412651
34.21	0.1342492387213906
26.16	0.2417653296319133
30.44	0.1666010540018476
35.09	0.1498377740635139
33.5	0.1491065096733734
31.34	0.1621211820902622
34.36	0.1454956297958479
29.96	0.1673809863366034
36.0	0.1362316550457265
40.11	0.1571420539005696
31.32	0.1711041503523884
36.7	0.1396305762081784
30.3	0.135691734064178
31.79	0.1556591399802248
39.68	0.1548324575523036
32.78	0.1338844156462909
34.65	0.1342366274613063
31.8	0.1325777599221872
30.32	0.1667922833499388
34.91	0.1498504630820684
34.83	0.1400854755616304
26.34	0.2116909041935914
31.61	0.1428753959992333
27.03	0.1936056403872601
33.35	0.1448939536733617
25.86	0.2582319281577178
28.91	0.1699708258829539
29.17	0.1701940763748912
29.78	0.1414563821901907
36.59	0.1532080287736396
26.73	0.1996697260880491
34.65	0.133405347015933
25.5	0.2791663297147016
33.87	0.1455043615486644
31.18	0.1691020262304123
27.67	0.2086956022769004
37.18	0.1440767584018983
34.44	0.1465575209927588
33.49	0.131353739393792
31.77	0.1326048620088617
38.52	0.1459129676813732
37.64	0.1478564863106364
26.55	0.20143558434058
31.94	0.1337418181057738
31.89	0.1492557883131201
31.09	0.1654593432098992
29.2	0.1707623491730402
28.08	0.1708017793782767
27.91	0.2035994895849333
27.01	0.1937238664687214
37.35	0.1443371593319915
26.77	0.2029797125950972
26.09	0.2528088810754119
32.72	0.133141901715615
32.44	0.1466877687394348
33.84	0.1329519575425824
34.59	0.1458556275748116
36.26	0.1503280798241007
34.59	0.1321923885694837
29.96	0.1400778535364382
30.75	0.1676649608175154
30.24	0.1362200774045582
32.07	0.1465192094029589
26.04	0.2535334176530042
37.0	0.1440665020761144
37.87	0.1446879829525974
34.51	0.1405788642450044
31.25	0.1689527345358934
31.84	0.1503602578687902
31.58	0.1390470426666046
31.23	0.169108081779843
39.06	0.1408910847020073
25.93	0.2597445548147671
32.52	0.1358186094747718
32.6	0.1468697542585101
29.17	0.170072328089074
34.9	0.1325168115334376
36.19	0.1520740191989887
34.33	0.1371294914303459
34.77	0.1470416293170164
31.5	0.163248484171114
30.36	0.1675156159945169
26.86	0.1998138620314446
32.74	0.1461639981940055
30.44	0.136317079261833
36.25	0.1376318297767294
30.31	0.1366073931903506
27.71	0.2085328926188829
27.98	0.1705390929199495
37.01	0.1488996210385251
29.2	0.1699590587584141
27.1	0.1866775567040677
26.51	0.2111296493759016
28.83	0.1710752972258916
27.31	0.2120144971757298
32.87	0.1317854818658901
32.46	0.1348818804162874
38.27	0.1554476153339209
27.55	0.2093795475592009
36.57	0.1524407824698367
31.1	0.1689010481004599
27.74	0.2093447785420156
