40.9	0.1438145678115836
44.3	0.2049070948481234
31.5	0.1594765071646687
41.9	0.18260597146483
46.5	0.2115933123086912
43.7	0.2158508754617751
31.5	0.1757639179573042
34.8	0.1438514769745011
38.4	0.1441668225215135
36.4	0.1602211908002995
38.4	0.1581613072361771
33.8	0.1564533694583897
30.4	0.1598883147352806
39.5	0.1440103861687283
33.1	0.1472079683400773
40.0	0.1436590941595515
45.4	0.2178375028088708
34.3	0.1567941994691906
45.5	0.2192462517060096
37.4	0.1809602123546553
44.3	0.2098512757538545
31.8	0.1533371645546925
44.1	0.2039031449860038
35.7	0.1553642511150544
40.9	0.1444156274873971
33.6	0.1558013086192008
43.7	0.2159314160210424
31.7	0.1669480298713935
36.5	0.1562321127085748
41.0	0.2940831868775629
31.5	0.173539906040133
36.8	0.1818341454848764
40.5	0.1452378358355304
32.0	0.1529592370002612
40.8	0.1431186467598475
40.4	0.145687586888584
39.9	0.1830889919774139
47.0	0.2018966524055249
40.5	0.1515212107591109
34.7	0.1750267923812913
31.9	0.1515580637369023
40.9	0.1480158260875555
34.5	0.1434448431058984
29.4	0.1700518213397619
34.5	0.1431984563453631
34.6	0.1800626363493241
32.9	0.1652517506025263
39.5	0.1525686557438093
33.9	0.1472562820828943
44.5	0.2278643872229299
44.3	0.2253448188753599
40.4	0.1844644978223572
39.8	0.1431567480164983
41.2	0.2927048832271762
39.6	0.1428562123397889
41.0	0.1841133138338208
43.9	0.2150312840294568
33.0	0.1477809351670941
36.8	0.1565489968677367
35.4	0.1415887631762782
44.8	0.222652120917859
31.1	0.1514110203535082
35.7	0.1509160377281659
36.3	0.1601909490572156
34.4	0.1606705882974731
38.2	0.1578549848942598
28.8	0.1621830097025486
29.4	0.1715356728027876
39.5	0.1430498158657523
43.9	0.2739065853433469
31.5	0.1556603317063099
36.6	0.1802863065529934
33.7	0.1605949974522506
34.8	0.1603213176724719
31.5	0.1616412303578658
37.0	0.1801064222933771
34.0	0.1486889894388702
31.2	0.1566515286234388
34.1	0.1594222687904763
45.1	0.2223144326813804
32.6	0.1474214459510867
31.5	0.155583924616665
44.1	0.2016710791576595
44.9	0.2094010029205929
42.9	0.2968966002299174
33.2	0.1480075715863515
36.4	0.1612774848273803
44.3	0.2004926889155739
40.1	0.1443830082883139
44.3	0.2126934888052596
31.2	0.1583277697740609
32.5	0.1776700965611103
30.4	0.1534888240111412
35.3	0.1805557049868201
44.0	0.2722461226581892
32.6	0.145610942344923
40.6	0.1440382373410775
40.3	0.1857174976111517
35.4	0.1414586328092661
34.1	0.1457622781799846
39.8	0.1433311688678339
29.0	0.1688857999853683
33.2	0.1474767687993652
37.4	0.1819185377286532
38.9	0.1828735550281457
35.1	0.1419274644587398
35.9	0.140553491984179
32.2	0.150210622864869
32.1	0.1576406697842812
32.8	0.1591740412979351
34.0	0.1363200087131534
39.4	0.1433128900427464
42.1	0.1818222616445444
42.9	0.2635695656203249
31.8	0.1484081895165612
37.1	0.1823525153415228
44.6	0.2132640313935019
43.0	0.1927266668055236
34.6	0.1575610594026733
45.0	0.2229862060919576
37.6	0.1821075835218
35.7	0.1602590962053943
37.1	0.1489459912974921
38.6	0.1442101765838897
40.5	0.145636705614135
33.1	0.1478829002728575
35.2	0.1474370949431663
37.7	0.1579032799125645
33.7	0.1446686908376495
44.9	0.2227205008958949
36.1	0.1793219411513134
44.3	0.2129913600930452
31.4	0.151024377593361
31.5	0.1552704089388872
39.2	0.1427219493727662
42.6	0.2954405735102097
33.4	0.1776394712803072
43.7	0.270892787257078
44.9	0.228821465175064
34.8	0.1448192560800009
43.9	0.2713186951241642
44.1	0.2924922383439387
44.5	0.2147013013603468
31.3	0.1613110014154533
33.5	0.1430214576916686
40.9	0.1842355279097306
35.2	0.1480355057800818
33.0	0.1590403369125311
33.3	0.1428793085007825
38.3	0.1422721548540461
38.5	0.1587561959400793
36.5	0.1804325964653641
26.4	0.1567998141280876
40.4	0.1844968054006392
44.5	0.1971425604596612
39.2	0.1425834233326547
38.7	0.1594721773088885
40.4	0.1452854537064496
44.0	0.2178652170742243
43.0	0.2646976734388658
41.3	0.149475547533928
43.5	0.2575841650189262
39.7	0.1444987327497466
33.5	0.1619622156343969
38.4	0.1448193676306521
41.1	0.1487281084353156
44.4	0.1985509265709906
38.4	0.1444518386610137
35.5	0.1569199513660123
46.1	0.2122655695747072
44.6	0.2139487319334606
39.5	0.1429385684434758
35.8	0.138767417759361
43.7	0.2728459530026109
40.5	0.1436213327555214
35.1	0.1421475969097854
46.8	0.2059146103807817
30.3	0.1710625036070872
40.8	0.1835403785073952
37.1	0.1576217201221986
40.3	0.1848710507583638
42.5	0.2954509563947176
33.7	0.1441529523050637
33.8	0.145615574611973
42.7	0.2944653454027707
33.0	0.1515390058778159
32.5	0.1481482942220469
31.6	0.1552200832389664
35.4	0.1412845670328887
35.4	0.1788979981141458
38.6	0.1448817704818696
31.1	0.1580841444710646
34.3	0.1438863120497384
36.5	0.1577560219344836
41.8	0.2949594098716481
37.5	0.1814081472206854
44.0	0.2738029282550558
44.9	0.2112012779907146
30.2	0.1773180142824234
42.6	0.29426671857229
36.7	0.1799817336214542
35.2	0.13877555758649
37.1	0.182438238453276
33.4	0.1741196267294137
31.4	0.150568486494424
33.1	0.1781779062438875
44.5	0.2071801866947146
33.0	0.1786758883330053
31.5	0.1513416150369847
35.2	0.1457139501858299
34.9	0.1439892556773977
36.4	0.1506707741230249
29.3	0.1593987752829838
33.3	0.1642688645729714
36.5	0.1603697274022636
40.3	0.1858742244782854
41.0	0.1478716014911476
33.3	0.1474816328262437
39.0	0.1439275568181818
34.6	0.1469644324031981
44.0	0.2399833372195688
35.5	0.1794616261945099
34.8	0.1428509993521869
35.1	0.1458171923325112
36.3	0.1597195320368792
45.0	0.2314482318980652
39.3	0.1425132469142178
40.7	0.1474789641902028
42.6	0.1918589725304504
31.7	0.1506008899062686
42.5	0.1915303748897117
40.1	0.1861364815847827
38.3	0.1584142601584461
43.9	0.2720384063506919
44.3	0.2141881120473696
35.1	0.1440839031905691
35.5	0.1587583292128746
47.1	0.2110299378173348
42.4	0.1828919401739493
36.1	0.1508245378424965
43.5	0.2940624050528021
39.0	0.1415690257287435
35.3	0.1475644130374369
29.5	0.150472682106023
35.1	0.1538677799450659
33.0	0.1612445520062538
34.3	0.1396360009817658
33.2	0.1584241027591256
33.1	0.1431316521918408
31.8	0.1544377379335296
40.6	0.1502423639431947
44.0	0.2919444275592838
47.1	0.2045416534896733
40.5	0.1445603989040803
31.1	0.1571538438338812
38.3	0.1449375378146
41.2	0.1832695740882428
32.0	0.1472878779186506
43.2	0.2623046791842296
32.2	0.1486625013023765
34.7	0.1516554054460152
44.3	0.2154227712800758
39.9	0.1446999157521215
41.2	0.2936857112624679
43.6	0.2655585985456606
34.8	0.1432397793640493
40.6	0.1503691171947093
35.4	0.1790253019360807
37.1	0.1817207861776106
44.5	0.194958654512557
44.6	0.2140392609363511
44.3	0.254345742605973
32.9	0.1576069879972349
38.9	0.1595915698998483
31.7	0.1731599173459195
33.9	0.1449020120365175
32.8	0.1539494334298014
40.5	0.1838202136643518
39.5	0.1431865869986611
39.5	0.1426028198092389
33.4	0.1628421020225964
32.4	0.184316942032875
30.0	0.1517390993396428
32.3	0.1669260449027772
34.5	0.1440805464755678
39.7	0.1536322689975026
40.5	0.144716081673979
45.1	0.2131726526529269
37.0	0.1818386154191953
39.5	0.1430705956333169
41.5	0.2934640075557441
46.5	0.2116763809580164
43.9	0.2039676159386749
39.5	0.1424376812063687
42.6	0.190444733420026
33.7	0.1392981352347996
44.2	0.2036548666839244
33.6	0.1448033872137359
32.2	0.1500562908229783
42.8	0.2942261398613124
37.2	0.149398921285806
30.4	0.1478900514480605
30.4	0.176138596972641
42.1	0.1834817385075742
41.5	0.1491244239631336
44.5	0.1982611337812877
38.7	0.1424701862054536
33.5	0.1455883352043507
33.9	0.1454538963324136
43.2	0.2952795156360326
34.8	0.1459610885951654
35.6	0.1414827246524864
42.3	0.2948049532312925
38.4	0.1586132294600094
34.5	0.1439472761921451
39.1	0.1589225565449499
35.5	0.1485521968506035
29.0	0.1673801299109135
35.3	0.140913507075785
43.8	0.2915531210876659
29.4	0.1705744084067475
44.0	0.270287263724604
34.9	0.1605040044263861
37.4	0.1824088126460105
33.0	0.1617675425436152
33.3	0.1439523593777518
32.4	0.1508104819502501
36.8	0.1825385542716768
33.0	0.158773486954483
44.8	0.2129000798733437
35.2	0.1544024675995845
35.7	0.1406888273430319
40.7	0.1458365971129538
34.6	0.1553806128285796
32.5	0.1734461309298043
44.8	0.2324521492556551
33.5	0.1603567444774386
35.0	0.144763303070454
35.6	0.1563338760065121
43.3	0.1934680872249328
44.0	0.2731355680806882
34.0	0.1550946712055038
39.9	0.1450036711780723
33.4	0.1459370303136772
31.3	0.1729260070083162
39.1	0.1434377963892044
40.2	0.1849778973032224
47.0	0.2105824622642105
33.6	0.1408250926013054
36.8	0.159020062964935
36.7	0.1506488286308829
35.7	0.1797433686666328
32.8	0.1782760121898128
34.1	0.1806020066889632
30.4	0.1753733436163499
35.5	0.1424905930463242
31.6	0.1495761927377224
36.6	0.1605059180894521
31.3	0.1629112662013958
38.4	0.1573199765018705
35.0	0.1443185680736666
30.3	0.1511638748174161
40.3	0.1458344013768606
38.5	0.1411164884236029
35.0	0.1424063984434072
38.4	0.1419280432003072
35.6	0.1561693542463432
37.8	0.1585152179714786
38.7	0.1431570443874974
32.9	0.1593744639487677
34.8	0.181055068294574
32.3	0.1582109375405319
35.5	0.1796977815054641
44.1	0.2377349821568888
35.9	0.147623941732735
43.3	0.2936397421806598
32.8	0.1662286053114701
31.1	0.1525336599984687
40.9	0.1829068451618412
44.1	0.2553860913250016
33.9	0.1481916324025176
33.4	0.1421259611252469
43.4	0.2647564408345688
39.8	0.1443655203535737
42.3	0.1828376211028673
42.1	0.1826615027927072
36.0	0.139253675470155
34.5	0.1525742268337548
38.5	0.1814791420646472
33.9	0.1439880882518773
35.1	0.1525160174632874
36.5	0.1499454860294589
31.5	0.1599690462371832
34.9	0.1773190228099488
40.0	0.1455938114970481
36.7	0.1506010761476638
31.1	0.1563732027165006
39.9	0.1848656245624509
35.2	0.1406842188111738
35.4	0.177599839185205
34.1	0.1431123274129478
38.3	0.1564013058150339
33.6	0.1430798549271393
38.8	0.1419063909189862
41.2	0.1823431049104235
35.9	0.1598893966993531
39.3	0.1425335851537291
42.0	0.295514336407479
33.3	0.140255905511811
34.9	0.1800001475078547
40.0	0.1841248630301734
43.9	0.2412022080732679
31.5	0.1781253793129883
42.6	0.2962381851119145
46.1	0.2116666108001206
30.5	0.1707958780969085
31.7	0.1543771632712611
44.7	0.2146080403464468
30.4	0.1633123295401109
40.2	0.1457066448224353
43.8	0.2148298790408148
32.1	0.163591230232437
33.5	0.1424432748020699
33.5	0.1567056214817853
39.9	0.1438080127910856
45.1	0.2174476959696972
39.5	0.1529518903117356
33.3	0.1822142327821777
37.7	0.1812948979034958
42.3	0.2952548330404217
35.0	0.1430438325967465
38.1	0.1593172119487909
34.0	0.1483634677497741
33.6	0.1461714779758822
44.0	0.2723415726123085
38.3	0.1585161840415313
35.2	0.1570551751566682
30.9	0.1670698331420499
42.0	0.1823464848327385
31.5	0.1608840153263193
44.5	0.2134698595222571
39.7	0.1840673671659588
35.2	0.1803505086460096
35.5	0.1796534370634818
32.9	0.1657348449552207
34.8	0.152654773904686
33.7	0.1596335241341978
31.8	0.172713308338302
33.7	0.1437380183259807
32.3	0.1811279150401658
37.0	0.1819906218336907
33.7	0.1642677900801975
37.8	0.1494093880028308
40.6	0.1832180438064004
40.0	0.1425542826278534
33.9	0.1486263153837258
32.9	0.1489157121226378
33.8	0.1740531911280187
31.7	0.1733361917012052
38.9	0.1580693166944578
44.5	0.209638340550865
40.6	0.1851723675984638
33.2	0.183551280346351
34.1	0.1435665560890881
37.2	0.1826984698065052
39.2	0.1424652603689921
42.5	0.2944151154485838
31.5	0.173122518747243
37.2	0.1818909273569421
39.2	0.1431561788814644
33.9	0.1442547844873818
43.2	0.2942756801372412
40.2	0.1850078113904275
40.2	0.1835181116844632
44.6	0.1951054171183788
30.8	0.1484228902368902
32.2	0.1498584206254618
34.8	0.1523677866559842
46.5	0.2115226747173689
33.7	0.146491072685734
43.6	0.266155791017178
36.1	0.1546248891397242
32.8	0.1845916785902328
36.8	0.1496553234862844
46.4	0.2108280244499093
41.5	0.1825870646766168
44.3	0.193951172688772
34.1	0.1608837131384304
33.0	0.1578666531151539
43.9	0.2724329066005716
32.3	0.1536703651548994
32.3	0.1496128958188089
28.2	0.1550668291191516
44.2	0.2133210293085714
36.8	0.18257099553049
43.9	0.194869492855774
44.1	0.2736926771923706
32.0	0.174902442859389
44.5	0.217612055332012
42.8	0.2958481844876121
39.5	0.1423844690048014
35.4	0.1410171734592218
39.5	0.1439443318751584
33.3	0.148092688819161
32.3	0.1500372663775508
33.2	0.1550718626954015
43.1	0.2954693365527909
31.0	0.1602025249060583
44.6	0.2361084188189927
39.5	0.1427355812342489
44.4	0.2119172608103648
32.9	0.1551297941797741
44.8	0.2297688897080658
39.5	0.1420388751677936
29.7	0.1717277174561508
39.4	0.1419474479985033
29.0	0.1648859740222788
35.9	0.15714572729708
40.6	0.14529455197149
34.5	0.1647601476014759
33.7	0.1643600448133057
37.4	0.1829371240340737
36.4	0.181425122987136
44.6	0.2136143338655313
43.2	0.2606996684517924
37.5	0.15
42.0	0.1833227377018729
43.2	0.2617703733651165
43.0	0.2953709424457012
37.7	0.1600848479849892
30.2	0.175698065076036
39.2	0.1431970106188636
40.6	0.1839866268891155
31.2	0.1772207616435403
33.0	0.1576287850252494
42.3	0.1837471559996043
35.9	0.1591023021900721
44.1	0.2377613303714161
40.6	0.1441770717357669
33.4	0.1518204722786482
33.3	0.1818889880234474
44.0	0.2209983463662098
34.9	0.1578276189504578
41.4	0.1483890764038048
39.1	0.1420538213231748
35.2	0.1516416871460062
31.8	0.1509511741531715
44.2	0.2686390727296165
33.1	0.1416853094705444
29.0	0.1659961282720309
34.5	0.1476330612468833
42.6	0.2960593416782568
35.4	0.140558526381014
35.8	0.1511632473439705
34.8	0.15358535519313
40.0	0.143371829814237
46.8	0.2112221579496046
43.9	0.267981034820244
39.5	0.1823034839728594
41.6	0.2950834816394734
38.6	0.1446880015017868
44.8	0.2155330578411176
35.5	0.1516396374301276
36.9	0.1574557322220873
34.7	0.1514348860725768
44.6	0.227835973591473
35.3	0.1432900214333643
39.1	0.1431097407500629
42.7	0.2952939844710749
46.5	0.2117154532212812
30.5	0.1665413098819717
37.5	0.1575530766957394
30.6	0.1530501228987248
34.5	0.1478157340415789
44.2	0.211760272114722
33.1	0.1473979955549964
35.9	0.1471848131853379
38.0	0.1443413882189669
43.9	0.2571634906583422
36.4	0.1787110819893893
35.2	0.1600179476732491
35.3	0.1605411446660854
31.9	0.173605212867608
35.6	0.156308572555983
36.7	0.1789362301064674
33.6	0.1462147932660917
31.4	0.1600768306300005
33.3	0.1825847550706597
33.0	0.1494547616855175
40.3	0.1455741807212395
29.1	0.1713279450088756
31.2	0.1578251973976403
34.7	0.1444157697270624
33.4	0.1438733039310825
32.1	0.147014915425936
36.8	0.1788380556277619
35.9	0.1602061369675152
31.4	0.148951880679601
44.5	0.2249074387428842
32.2	0.1548519183307157
44.4	0.206418652606657
33.1	0.1558268167079916
44.1	0.2734185435032802
39.8	0.1832475313916137
38.0	0.1816316342544453
39.5	0.1537487870695483
33.5	0.1638227880079302
44.2	0.213218156708018
33.6	0.1432846714398714
41.4	0.2941264153964213
32.9	0.1557764539821526
34.3	0.1815710365402352
46.0	0.211878795662004
34.7	0.1543468037305784
35.6	0.155644952271712
35.2	0.1419316740146773
40.2	0.1433248575027
33.3	0.1557914553155885
31.2	0.1513650735793486
44.5	0.2151849917255317
34.5	0.1449115021024942
36.4	0.164060847323987
35.1	0.1777092466337533
37.9	0.1830676622516005
41.8	0.1825634252555309
47.0	0.202312183682504
44.8	0.208218464112798
34.5	0.1550697658861155
43.9	0.2163942987463575
44.1	0.2684239368697939
34.7	0.1432729924303803
38.4	0.15876821628002
39.3	0.1440213186338806
35.7	0.1558750420256066
33.2	0.1613970143754425
35.3	0.1420279740900557
40.6	0.1511382983304026
35.5	0.1798881078754841
40.2	0.1463403330090976
36.2	0.1599358928081549
44.1	0.2684590279907922
35.1	0.1534347846958859
33.4	0.1555051365463593
32.6	0.1483145973207117
34.0	0.1814086965947893
33.1	0.1659727626459143
33.7	0.1522012122421038
33.6	0.180131761442441
33.3	0.1517432975108524
44.1	0.2740786982611004
34.9	0.1458631532354953
38.5	0.1579910891525872
39.5	0.1829514147380547
33.5	0.142879707716397
34.0	0.1618970123130776
33.7	0.1458581151511435
35.8	0.1573788039288546
32.3	0.1756575051381196
36.8	0.1793226484044542
44.0	0.2151438507745811
38.8	0.1571953961549411
40.4	0.146924783844869
33.0	0.1479975432942629
40.4	0.1468787378840998
46.5	0.2113774593978161
41.4	0.1828879665876746
32.4	0.1498081737364656
39.2	0.182163296607926
44.3	0.1994246538513241
44.7	0.2253138085830481
39.8	0.1853072650923375
43.3	0.2164790624596771
39.7	0.1420530784302084
34.9	0.1452197651981314
31.4	0.1564814667070894
45.8	0.2131092972096792
33.0	0.1625144891310916
31.5	0.178326974759909
46.2	0.2116776864466713
