159134.0	0.06
93625.0	0.03
77602.0	0.17
72961.0	0.02
107414.0	0.22
67259.0	0.21
141643.0	0.01
59745.0	0.18
128150.0	0.19
18773.0	0.17
60863.0	0.11
44150.0	0.11
56239.0	0.2
90640.0	0.13
79247.0	0.23
72086.0	0.21
21184.0	0.13
57535.0	0.1
29568.0	0.07
60756.0	0.08
69577.0	0.11
94897.0	0.09
251909.0	0.06
51188.0	0.12
64524.0	0.12
53810.0	0.19
103193.0	0.24
72995.0	0.08
91184.0	0.13
68229.0	0.12
83573.0	0.24
361589.0	0.06
88581.0	0.23
74168.0	0.2
72909.0	0.21
46739.0	0.21
88669.0	0.12
74382.0	0.07
89986.0	0.05
127918.0	0.09
112280.0	0.14
18370.0	0.16
75448.0	0.11
132921.0	0.02
51125.0	0.02
74625.0	0.2
44626.0	0.09
87419.0	0.09
97002.0	0.12
95643.0	0.12
40878.0	0.07
41897.0	0.18
127154.0	0.21
311952.0	0.06
79875.0	0.31
65589.0	0.09
53867.0	0.24
103549.0	0.12
106608.0	0.13
100901.0	0.05
49280.0	0.23
76630.0	0.08
73015.0	0.14
117363.0	0.21
40405.0	0.05
103033.0	0.19
118678.0	0.02
180779.0	0.06
114948.0	0.18
79095.0	0.15
193120.0	0.05
78662.0	0.05
97265.0	0.05
63257.0	0.06
73169.0	0.07
72827.0	0.1
126702.0	0.04
99367.0	0.1
36840.0	0.33
117602.0	0.17
90652.0	0.1
67624.0	0.07
19931.0	0.4
109062.0	0.09
33014.0	0.26
67265.0	0.3
23890.0	0.36
90946.0	0.13
51572.0	0.12
36503.0	0.38
51247.0	0.05
101641.0	0.05
142546.0	0.05
39645.0	0.04
36529.0	0.41
114652.0	0.17
29677.0	0.26
59818.0	0.08
67574.0	0.17
29614.0	0.36
152381.0	0.1
61013.0	0.18
42111.0	0.07
65809.0	0.11
40207.0	0.08
90980.0	0.22
62439.0	0.14
89799.0	0.01
160582.0	0.02
65839.0	0.03
103021.0	0.17
40558.0	0.19
91852.0	0.38
61523.0	0.08
31128.0	0.11
102883.0	0.17
142435.0	0.06
53514.0	0.09
80668.0	0.09
32770.0	0.14
147442.0	0.04
73062.0	0.21
75701.0	0.11
91054.0	0.09
77620.0	0.13
91345.0	0.18
117390.0	0.06
37073.0	0.32
37264.0	0.1
87400.0	0.09
113522.0	0.18
59727.0	0.14
58619.0	0.08
101273.0	0.15
105315.0	0.19
47675.0	0.06
109212.0	0.09
62374.0	0.19
37925.0	0.03
69894.0	0.24
192721.0	0.1
59009.0	0.34
51750.0	0.12
133291.0	0.11
92136.0	0.15
22765.0	0.44
112484.0	0.1
89059.0	0.06
61266.0	0.07
90006.0	0.18
159399.0	0.06
73074.0	0.14
142765.0	0.05
90998.0	0.11
70776.0	0.07
108806.0	0.09
72522.0	0.19
145108.0	0.05
102672.0	0.1
36985.0	0.29
87017.0	0.02
145046.0	0.15
27505.0	0.16
47759.0	0.47
50304.0	0.12
20945.0	0.16
43427.0	0.11
150933.0	0.06
57065.0	0.21
22669.0	0.16
42044.0	0.03
64512.0	0.1
87206.0	0.1
36967.0	0.33
43965.0	0.13
66961.0	0.06
60798.0	0.05
88171.0	0.21
120283.0	0.1
37031.0	0.16
77107.0	0.16
66505.0	0.3
69568.0	0.02
103864.0	0.05
60766.0	0.08
85148.0	0.03
90923.0	0.14
105349.0	0.24
87594.0	0.14
87423.0	0.22
78939.0	0.06
65768.0	0.03
67952.0	0.22
59810.0	0.04
61010.0	0.16
135326.0	0.12
25164.0	0.14
73148.0	0.15
63723.0	0.22
409028.0	0.06
61063.0	0.21
97163.0	0.16
90936.0	0.07
91192.0	0.16
60977.0	0.1
82831.0	0.02
50003.0	0.07
90820.0	0.11
70564.0	0.09
103040.0	0.15
65711.0	0.09
78839.0	0.32
36887.0	0.41
144929.0	0.1
72999.0	0.25
64668.0	0.08
144405.0	0.06
42105.0	0.14
111357.0	0.15
30056.0	0.17
37480.0	0.06
48273.0	0.03
32186.0	0.08
84682.0	0.06
115142.0	0.16
13021.0	0.08
53492.0	0.13
96963.0	0.17
72650.0	0.28
12686.0	0.2
56322.0	0.07
64665.0	0.09
65811.0	0.12
66037.0	0.12
44019.0	0.23
49023.0	0.15
22608.0	0.13
108775.0	0.09
91154.0	0.16
18137.0	0.17
67317.0	0.08
93874.0	0.03
50309.0	0.5
120894.0	0.17
82645.0	0.17
90999.0	0.07
60197.0	0.04
103186.0	0.05
112942.0	0.02
144872.0	0.07
126771.0	0.11
157123.0	0.04
143149.0	0.17
61399.0	0.08
79105.0	0.06
113627.0	0.06
215103.0	0.09
93704.0	0.11
21277.0	0.13
108903.0	0.11
35833.0	0.56
118547.0	0.12
105303.0	0.14
42646.0	0.53
39909.0	0.08
36844.0	0.14
24121.0	0.25
85258.0	0.03
181065.0	0.08
89964.0	0.01
65651.0	0.23
37282.0	0.05
26505.0	0.19
96756.0	0.19
97254.0	0.21
92330.0	0.07
95596.0	0.06
96844.0	0.07
66893.0	0.13
99670.0	0.18
63498.0	0.1
58809.0	0.05
41837.0	0.21
22961.0	0.28
139670.0	0.05
64763.0	0.19
60890.0	0.27
481018.0	0.06
78890.0	0.06
97037.0	0.1
94635.0	0.26
61290.0	0.24
99779.0	0.27
135523.0	0.05
90879.0	0.13
42795.0	0.12
50262.0	0.2
26255.0	0.11
22534.0	0.31
66430.0	0.11
173213.0	0.12
94644.0	0.13
80607.0	0.1
108987.0	0.14
62659.0	0.07
86001.0	0.09
53842.0	0.34
121016.0	0.12
72990.0	0.09
66832.0	0.3
366927.0	0.03
71520.0	0.09
77694.0	0.19
72050.0	0.07
73115.0	0.05
115841.0	0.03
151059.0	0.07
55013.0	0.07
145354.0	0.08
84765.0	0.29
73027.0	0.08
116091.0	0.22
113116.0	0.12
100459.0	0.22
79397.0	0.02
104273.0	0.24
61011.0	0.25
44152.0	0.34
69057.0	0.06
65693.0	0.05
58261.0	0.03
123390.0	0.12
76544.0	0.1
44442.0	0.06
73175.0	0.2
47700.0	0.34
87833.0	0.03
181044.0	0.07
49567.0	0.16
42388.0	0.22
228482.0	0.02
61190.0	0.25
111490.0	0.22
36843.0	0.15
53829.0	0.09
41719.0	0.26
111488.0	0.06
188028.0	0.03
252823.0	0.1
18203.0	0.16
87564.0	0.07
156761.0	0.06
59381.0	0.12
118183.0	0.08
116598.0	0.01
81515.0	0.12
62517.0	0.03
89003.0	0.23
446050.0	0.01
123174.0	0.08
92163.0	0.17
85064.0	0.07
180752.0	0.08
83796.0	0.07
26475.0	0.11
66414.0	0.05
180806.0	0.06
42671.0	0.07
132957.0	0.02
103144.0	0.1
41724.0	0.34
29475.0	0.1
150692.0	0.14
41088.0	0.24
156948.0	0.04
60801.0	0.08
123790.0	0.16
166557.0	0.01
26855.0	0.22
100305.0	0.12
97020.0	0.1
96893.0	0.11
37042.0	0.17
22369.0	0.24
73899.0	0.27
79169.0	0.13
96952.0	0.25
29784.0	0.05
45165.0	0.44
66938.0	0.35
145243.0	0.1
211010.0	0.07
79248.0	0.15
90911.0	0.26
58621.0	0.08
89797.0	0.01
120524.0	0.11
72756.0	0.1
109124.0	0.13
132854.0	0.18
51231.0	0.23
72851.0	0.21
41917.0	0.18
106440.0	0.23
97024.0	0.18
63178.0	0.08
65823.0	0.09
54879.0	0.05
79138.0	0.02
169154.0	0.04
32612.0	0.31
127332.0	0.14
29987.0	0.17
331396.0	0.03
47714.0	0.12
87624.0	0.02
80184.0	0.15
37097.0	0.06
84982.0	0.21
194828.0	0.13
75524.0	0.2
127119.0	0.04
60699.0	0.13
68221.0	0.15
94602.0	0.21
52335.0	0.15
87472.0	0.29
58572.0	0.29
141274.0	0.07
70176.0	0.09
83868.0	0.19
92415.0	0.15
51430.0	0.23
103102.0	0.05
157140.0	0.16
130994.0	0.14
139073.0	0.06
66405.0	0.38
85039.0	0.11
83747.0	0.18
130715.0	0.15
57856.0	0.43
111182.0	0.11
62596.0	0.06
324650.0	0.11
74170.0	0.02
275769.0	0.13
87624.0	0.23
152217.0	0.05
102021.0	0.1
112874.0	0.14
48773.0	0.16
109093.0	0.16
91294.0	0.22
65601.0	0.06
55313.0	0.12
61096.0	0.14
38131.0	0.08
36450.0	0.27
25038.0	0.14
63267.0	0.09
54803.0	0.26
65561.0	0.12
129274.0	0.19
81385.0	0.04
63872.0	0.12
94637.0	0.05
73041.0	0.27
85040.0	0.24
80099.0	0.03
58555.0	0.3
191446.0	0.14
70355.0	0.13
34732.0	0.03
109312.0	0.18
282277.0	0.03
202887.0	0.07
168679.0	0.08
81806.0	0.08
154022.0	0.06
66111.0	0.21
36040.0	0.17
87658.0	0.22
90980.0	0.03
47756.0	0.09
61127.0	0.16
95021.0	0.08
74480.0	0.08
79231.0	0.23
130858.0	0.09
63172.0	0.16
62355.0	0.16
72997.0	0.08
22823.0	0.04
49012.0	0.3
76803.0	0.08
66068.0	0.03
69295.0	0.12
62133.0	0.11
163035.0	0.15
65905.0	0.41
39074.0	0.15
102856.0	0.08
92685.0	0.19
102690.0	0.1
36757.0	0.22
40001.0	0.09
90963.0	0.13
100547.0	0.03
52724.0	0.23
62498.0	0.13
58670.0	0.34
178028.0	0.03
83727.0	0.08
109214.0	0.18
36589.0	0.14
24049.0	0.25
99377.0	0.12
122260.0	0.04
145214.0	0.04
102977.0	0.08
39779.0	0.44
54021.0	0.28
79255.0	0.15
58837.0	0.06
67517.0	0.07
47653.0	0.34
58599.0	0.06
84071.0	0.1
152002.0	0.08
46168.0	0.11
92547.0	0.22
48977.0	0.31
72910.0	0.29
181002.0	0.07
59038.0	0.41
110379.0	0.2
67975.0	0.18
241352.0	0.05
155104.0	0.1
115940.0	0.15
39643.0	0.16
89597.0	0.11
94545.0	0.05
65659.0	0.09
106476.0	0.04
145114.0	0.17
69267.0	0.17
73355.0	0.08
96960.0	0.12
145000.0	0.04
34253.0	0.12
77774.0	0.06
45214.0	0.15
102685.0	0.15
60634.0	0.14
35793.0	0.31
66926.0	0.12
61014.0	0.33
138763.0	0.05
23840.0	0.39
29721.0	0.26
42656.0	0.16
160273.0	0.07
70514.0	0.2
26352.0	0.11
145232.0	0.04
65922.0	0.24
115154.0	0.21
41537.0	0.09
109311.0	0.18
117692.0	0.21
94545.0	0.11
19452.0	0.28
168539.0	0.09
87311.0	0.09
101497.0	0.13
77012.0	0.03
37241.0	0.24
47896.0	0.09
92217.0	0.03
98472.0	0.24
108834.0	0.22
49099.0	0.05
73071.0	0.03
126937.0	0.02
81739.0	0.24
103002.0	0.05
55554.0	0.09
68161.0	0.07
95059.0	0.13
179081.0	0.03
84974.0	0.2
159141.0	0.14
72919.0	0.07
96776.0	0.15
65847.0	0.12
80383.0	0.25
15403.0	0.13
187082.0	0.12
139035.0	0.17
36991.0	0.15
107042.0	0.14
166743.0	0.12
58732.0	0.13
84997.0	0.21
113769.0	0.09
337073.0	0.06
53883.0	0.09
169171.0	0.07
74888.0	0.08
120962.0	0.07
163051.0	0.06
110475.0	0.03
79144.0	0.25
180643.0	0.07
104809.0	0.11
65969.0	0.05
84676.0	0.12
114878.0	0.03
89871.0	0.11
29720.0	0.34
75678.0	0.17
87434.0	0.06
69336.0	0.12
101386.0	0.06
145000.0	0.14
63436.0	0.23
29920.0	0.12
76793.0	0.26
204876.0	0.12
108988.0	0.18
47663.0	0.12
87285.0	0.11
85117.0	0.18
76686.0	0.05
97215.0	0.13
84948.0	0.13
45606.0	0.1
133003.0	0.09
71678.0	0.08
12723.0	0.36
73949.0	0.2
47336.0	0.15
159550.0	0.06
103741.0	0.12
240894.0	0.05
111287.0	0.2
95103.0	0.15
73132.0	0.05
22586.0	0.29
51452.0	0.16
118146.0	0.08
63514.0	0.23
99497.0	0.18
34524.0	0.18
99374.0	0.1
93041.0	0.08
91095.0	0.13
136498.0	0.14
73017.0	0.1
114453.0	0.12
60871.0	0.03
36999.0	0.06
64623.0	0.07
59997.0	0.15
133240.0	0.11
78575.0	0.06
70830.0	0.13
164138.0	0.07
169108.0	0.07
79039.0	0.13
57229.0	0.1
44127.0	0.25
98825.0	0.2
60388.0	0.14
38245.0	0.17
101912.0	0.18
180844.0	0.04
45617.0	0.22
72850.0	0.14
81803.0	0.15
168839.0	0.06
173012.0	0.06
50174.0	0.14
92004.0	0.06
72377.0	0.14
109234.0	0.05
97166.0	0.36
129272.0	0.19
35681.0	0.36
70818.0	0.08
113766.0	0.09
85132.0	0.19
66984.0	0.12
44310.0	0.28
113863.0	0.22
90950.0	0.22
78837.0	0.06
78745.0	0.14
34703.0	0.06
149750.0	0.13
73396.0	0.23
44108.0	0.07
32190.0	0.2
108971.0	0.09
53705.0	0.24
240961.0	0.15
25229.0	0.28
61018.0	0.1
44650.0	0.06
28492.0	0.13
157084.0	0.1
69691.0	0.23
30664.0	0.26
83974.0	0.19
47944.0	0.04
106647.0	0.04
192804.0	0.05
154516.0	0.06
76714.0	0.26
104602.0	0.09
66934.0	0.19
92012.0	0.24
37049.0	0.07
76591.0	0.08
62059.0	0.14
96898.0	0.1
84610.0	0.18
120758.0	0.21
120890.0	0.12
22508.0	0.22
77133.0	0.16
83796.0	0.14
175032.0	0.04
32258.0	0.19
87419.0	0.05
130856.0	0.09
96184.0	0.16
67843.0	0.13
139038.0	0.02
53702.0	0.13
68412.0	0.15
67533.0	0.06
91055.0	0.07
39354.0	0.36
39500.0	0.22
40862.0	0.06
262666.0	0.1
130520.0	0.06
72979.0	0.1
75401.0	0.12
112094.0	0.11
94676.0	0.05
152375.0	0.09
67306.0	0.44
88265.0	0.03
56501.0	0.05
84889.0	0.11
87429.0	0.21
126959.0	0.12
48535.0	0.2
77783.0	0.19
84795.0	0.08
22347.0	0.34
112553.0	0.09
105522.0	0.14
60921.0	0.13
90853.0	0.13
111645.0	0.16
28595.0	0.15
26296.0	0.06
79018.0	0.25
36653.0	0.22
91231.0	0.13
91041.0	0.04
97947.0	0.2
37740.0	0.13
96742.0	0.06
111447.0	0.11
104078.0	0.06
106591.0	0.08
42004.0	0.27
145301.0	0.1
18282.0	0.22
128291.0	0.03
126957.0	0.12
127135.0	0.06
96600.0	0.05
66637.0	0.11
83325.0	0.01
99647.0	0.05
156659.0	0.06
41833.0	0.08
145334.0	0.04
91120.0	0.11
58358.0	0.3
63022.0	0.02
80296.0	0.09
74831.0	0.12
117347.0	0.21
78935.0	0.09
112491.0	0.09
27861.0	0.17
78755.0	0.3
24085.0	0.28
319107.0	0.08
39511.0	0.21
38275.0	0.1
86320.0	0.23
67086.0	0.1
24947.0	0.2
95598.0	0.04
44081.0	0.17
46497.0	0.17
81198.0	0.18
79035.0	0.06
32844.0	0.23
38268.0	0.15
83821.0	0.17
107837.0	0.14
40544.0	0.08
66375.0	0.12
144997.0	0.04
117758.0	0.05
76619.0	0.07
78588.0	0.09
120847.0	0.06
111885.0	0.16
13865.0	0.27
72998.0	0.34
133014.0	0.12
19158.0	0.09
85127.0	0.14
72949.0	0.14
66041.0	0.03
72828.0	0.07
78782.0	0.06
121430.0	0.08
96684.0	0.11
61951.0	0.14
51556.0	0.16
178535.0	0.03
58412.0	0.21
103933.0	0.04
97373.0	0.12
81341.0	0.16
48868.0	0.11
78799.0	0.06
97291.0	0.15
123439.0	0.12
63062.0	0.04
43977.0	0.05
68576.0	0.23
94948.0	0.05
72848.0	0.05
122238.0	0.1
44120.0	0.15
44532.0	0.27
138866.0	0.18
69479.0	0.02
164525.0	0.13
94882.0	0.26
97110.0	0.1
58602.0	0.12
114810.0	0.07
110077.0	0.17
96831.0	0.21
55109.0	0.17
73478.0	0.04
38717.0	0.36
38495.0	0.14
75765.0	0.05
92036.0	0.22
47878.0	0.34
60226.0	0.33
40223.0	0.17
37286.0	0.06
96932.0	0.07
96993.0	0.12
73154.0	0.21
51351.0	0.12
95797.0	0.14
90848.0	0.19
78978.0	0.05
66979.0	0.1
65673.0	0.15
37091.0	0.22
83116.0	0.23
73011.0	0.1
94439.0	0.21
66882.0	0.22
58287.0	0.13
121113.0	0.1
129026.0	0.12
69194.0	0.22
29613.0	0.07
115072.0	0.18
39650.0	0.13
43980.0	0.34
90961.0	0.13
181167.0	0.1
90900.0	0.17
94457.0	0.06
100365.0	0.2
37000.0	0.05
180946.0	0.07
73246.0	0.03
94354.0	0.03
78112.0	0.05
89526.0	0.11
81370.0	0.15
270601.0	0.13
19243.0	0.16
87424.0	0.06
68134.0	0.44
39731.0	0.06
39210.0	0.2
42644.0	0.19
60875.0	0.21
103179.0	0.08
79211.0	0.23
18002.0	0.51
106302.0	0.04
146068.0	0.03
145342.0	0.14
39361.0	0.15
15371.0	0.26
102229.0	0.08
63441.0	0.1
274744.0	0.09
72615.0	0.1
74589.0	0.2
80376.0	0.06
135530.0	0.04
87888.0	0.1
97361.0	0.15
54934.0	0.07
36278.0	0.17
44496.0	0.13
40499.0	0.06
24069.0	0.19
37247.0	0.13
87481.0	0.01
116156.0	0.11
126839.0	0.04
49067.0	0.29
151028.0	0.04
54012.0	0.08
60698.0	0.26
90372.0	0.13
105034.0	0.02
108702.0	0.18
63889.0	0.11
77167.0	0.07
162735.0	0.04
94441.0	0.21
66872.0	0.1
65505.0	0.11
115182.0	0.08
96637.0	0.1
91004.0	0.03
54047.0	0.07
65420.0	0.03
114957.0	0.08
144724.0	0.08
78870.0	0.25
133030.0	0.04
304752.0	0.08
29760.0	0.36
97284.0	0.11
100112.0	0.18
73167.0	0.1
91028.0	0.13
33576.0	0.18
97300.0	0.04
73006.0	0.04
93565.0	0.1
85246.0	0.21
80272.0	0.15
53835.0	0.07
240958.0	0.1
106741.0	0.19
36991.0	0.41
97147.0	0.1
65800.0	0.14
22956.0	0.3
84999.0	0.24
33182.0	0.17
84680.0	0.07
130341.0	0.16
75601.0	0.04
97526.0	0.06
97087.0	0.15
61826.0	0.16
84657.0	0.18
37002.0	0.24
61485.0	0.16
90764.0	0.24
105115.0	0.14
104324.0	0.15
92211.0	0.27
127158.0	0.12
71377.0	0.07
48787.0	0.3
115840.0	0.09
116213.0	0.24
32380.0	0.19
70678.0	0.25
52669.0	0.04
44517.0	0.09
102250.0	0.16
65636.0	0.1
22773.0	0.13
130482.0	0.1
24942.0	0.12
115148.0	0.22
59760.0	0.42
37188.0	0.17
103098.0	0.07
53030.0	0.19
50121.0	0.2
170283.0	0.05
40769.0	0.05
192757.0	0.1
65859.0	0.18
65163.0	0.13
216800.0	0.03
78921.0	0.09
71868.0	0.28
96837.0	0.03
84922.0	0.15
85061.0	0.24
127159.0	0.24
74626.0	0.05
138844.0	0.17
51478.0	0.19
77552.0	0.13
181197.0	0.09
63563.0	0.11
109086.0	0.05
54739.0	0.07
181217.0	0.08
79206.0	0.25
53682.0	0.16
98855.0	0.06
120795.0	0.04
24665.0	0.39
58608.0	0.13
79015.0	0.14
62450.0	0.07
47611.0	0.17
30027.0	0.2
60078.0	0.08
40976.0	0.2
38674.0	0.21
133500.0	0.15
29831.0	0.31
45479.0	0.26
94406.0	0.26
79388.0	0.23
44249.0	0.09
58395.0	0.09
102920.0	0.17
145150.0	0.02
127255.0	0.11
62230.0	0.23
92193.0	0.07
103112.0	0.12
132850.0	0.15
62994.0	0.06
107789.0	0.14
31028.0	0.17
48984.0	0.28
37076.0	0.21
72663.0	0.23
87996.0	0.08
44234.0	0.14
61596.0	0.08
40794.0	0.04
52229.0	0.05
64174.0	0.11
61193.0	0.08
108864.0	0.14
92294.0	0.16
272201.0	0.07
85033.0	0.12
87515.0	0.06
124485.0	0.08
168862.0	0.08
60836.0	0.07
59957.0	0.04
84993.0	0.15
48069.0	0.15
70669.0	0.18
227919.0	0.07
406668.0	0.06
49258.0	0.16
38663.0	0.06
65799.0	0.19
47586.0	0.34
71870.0	0.07
192888.0	0.05
68344.0	0.17
58656.0	0.03
76074.0	0.12
98739.0	0.06
56248.0	0.16
77756.0	0.14
112070.0	0.22
277107.0	0.05
84847.0	0.21
157201.0	0.1
116011.0	0.3
44092.0	0.14
103153.0	0.12
240800.0	0.1
105005.0	0.1
41647.0	0.09
95502.0	0.11
84718.0	0.17
102960.0	0.09
66096.0	0.06
258024.0	0.04
33472.0	0.03
132848.0	0.15
65746.0	0.24
217081.0	0.07
62883.0	0.39
133192.0	0.11
97341.0	0.04
66821.0	0.1
96650.0	0.1
44179.0	0.14
100713.0	0.03
46175.0	0.14
79400.0	0.09
41778.0	0.18
109100.0	0.05
23966.0	0.26
69577.0	0.19
99685.0	0.18
68809.0	0.2
88799.0	0.14
188571.0	0.19
96875.0	0.17
72956.0	0.1
26880.0	0.2
154624.0	0.13
111673.0	0.22
85135.0	0.19
24211.0	0.33
51367.0	0.16
150785.0	0.05
29127.0	0.07
109179.0	0.02
72702.0	0.02
85179.0	0.07
21779.0	0.14
78522.0	0.15
72976.0	0.19
50941.0	0.2
73096.0	0.02
29932.0	0.2
157265.0	0.04
86275.0	0.12
40489.0	0.1
129916.0	0.15
110802.0	0.21
188580.0	0.01
53883.0	0.23
79125.0	0.09
36955.0	0.22
81493.0	0.25
83360.0	0.18
114851.0	0.03
16604.0	0.42
49852.0	0.12
67182.0	0.33
22427.0	0.07
78038.0	0.32
121126.0	0.1
109188.0	0.14
83407.0	0.04
67180.0	0.13
73149.0	0.11
84776.0	0.07
48819.0	0.11
114678.0	0.09
130733.0	0.14
76563.0	0.05
96889.0	0.06
126834.0	0.02
35995.0	0.28
36948.0	0.08
19811.0	0.16
117305.0	0.06
32438.0	0.19
24524.0	0.2
90573.0	0.17
116242.0	0.04
112283.0	0.03
97223.0	0.05
74281.0	0.24
60967.0	0.25
105383.0	0.11
93236.0	0.11
104719.0	0.12
180875.0	0.07
75831.0	0.07
24111.0	0.31
133157.0	0.11
18533.0	0.26
58594.0	0.14
119913.0	0.07
69507.0	0.12
72949.0	0.08
76798.0	0.07
85045.0	0.09
89482.0	0.11
39532.0	0.17
94856.0	0.12
193004.0	0.04
78801.0	0.13
76778.0	0.13
72731.0	0.22
133855.0	0.04
82417.0	0.22
77797.0	0.13
35355.0	0.18
63400.0	0.11
28553.0	0.08
104499.0	0.1
51517.0	0.02
41984.0	0.06
96570.0	0.17
127393.0	0.12
66809.0	0.1
87174.0	0.11
63580.0	0.31
63319.0	0.04
102820.0	0.12
91204.0	0.08
76626.0	0.08
96913.0	0.06
78956.0	0.05
74374.0	0.08
109086.0	0.09
60778.0	0.1
45292.0	0.33
63972.0	0.11
75437.0	0.17
80159.0	0.23
181267.0	0.07
83683.0	0.3
40388.0	0.05
89651.0	0.09
152579.0	0.08
37319.0	0.4
70299.0	0.05
104873.0	0.04
73407.0	0.09
155087.0	0.1
91165.0	0.13
73058.0	0.08
50080.0	0.36
42032.0	0.1
148799.0	0.17
103126.0	0.05
78740.0	0.25
151133.0	0.17
120810.0	0.21
60860.0	0.16
90903.0	0.05
77447.0	0.1
15457.0	0.21
265048.0	0.12
97189.0	0.1
53633.0	0.45
41204.0	0.04
26588.0	0.08
446449.0	0.01
30937.0	0.16
204918.0	0.12
75372.0	0.03
93511.0	0.1
88424.0	0.16
51214.0	0.2
75482.0	0.04
169018.0	0.03
141249.0	0.14
210903.0	0.04
77774.0	0.1
140940.0	0.15
157347.0	0.1
51447.0	0.14
35990.0	0.25
84058.0	0.11
105046.0	0.14
123605.0	0.12
60885.0	0.05
94630.0	0.21
67160.0	0.24
226751.0	0.11
125829.0	0.11
36803.0	0.27
190840.0	0.11
166680.0	0.06
60170.0	0.04
122002.0	0.12
122348.0	0.04
65889.0	0.23
66957.0	0.15
226664.0	0.11
60987.0	0.13
115162.0	0.12
91008.0	0.22
68819.0	0.17
136858.0	0.11
109286.0	0.05
33151.0	0.12
21205.0	0.22
88324.0	0.34
97031.0	0.09
123043.0	0.08
73016.0	0.08
145120.0	0.07
80016.0	0.16
24028.0	0.17
29477.0	0.17
144292.0	0.02
144399.0	0.05
112635.0	0.07
181105.0	0.08
68326.0	0.18
69380.0	0.04
69773.0	0.24
61003.0	0.11
109978.0	0.07
115106.0	0.19
63340.0	0.04
121067.0	0.12
103044.0	0.12
65919.0	0.23
37070.0	0.15
150631.0	0.11
54390.0	0.31
65768.0	0.21
68471.0	0.09
68778.0	0.04
85280.0	0.04
78980.0	0.23
124222.0	0.02
93901.0	0.03
91054.0	0.07
115980.0	0.18
32854.0	0.19
24420.0	0.29
147236.0	0.1
63385.0	0.11
108843.0	0.02
129241.0	0.19
25094.0	0.25
100614.0	0.15
84788.0	0.11
118242.0	0.04
65988.0	0.11
103526.0	0.11
61458.0	0.14
104080.0	0.09
186994.0	0.02
17602.0	0.2
44662.0	0.07
76300.0	0.1
145015.0	0.02
87345.0	0.09
51334.0	0.19
75830.0	0.09
73237.0	0.2
70486.0	0.25
127658.0	0.16
46900.0	0.09
72789.0	0.07
90783.0	0.06
83579.0	0.1
17100.0	0.46
98355.0	0.1
70971.0	0.08
67031.0	0.06
66818.0	0.18
38450.0	0.14
29792.0	0.2
88556.0	0.23
276859.0	0.09
55016.0	0.16
51527.0	0.14
50468.0	0.2
77657.0	0.08
114890.0	0.13
106169.0	0.24
157245.0	0.1
95282.0	0.05
92128.0	0.2
65674.0	0.37
92187.0	0.24
37639.0	0.19
63903.0	0.1
96834.0	0.05
73270.0	0.08
73085.0	0.05
85098.0	0.08
98721.0	0.06
39621.0	0.04
90829.0	0.03
437527.0	0.01
72768.0	0.22
119453.0	0.08
65675.0	0.03
102785.0	0.09
51418.0	0.14
41953.0	0.06
113199.0	0.11
139047.0	0.02
133220.0	0.04
97167.0	0.12
62299.0	0.32
111379.0	0.11
58629.0	0.17
181110.0	0.06
60770.0	0.12
54004.0	0.09
109234.0	0.16
241144.0	0.06
83584.0	0.18
37621.0	0.27
141977.0	0.06
114327.0	0.13
88452.0	0.21
169315.0	0.11
51353.0	0.05
140372.0	0.04
36995.0	0.27
21016.0	0.13
75239.0	0.11
79193.0	0.07
75269.0	0.07
82775.0	0.05
152491.0	0.1
143486.0	0.1
63403.0	0.05
76927.0	0.31
51460.0	0.08
87317.0	0.02
44222.0	0.12
91232.0	0.08
72955.0	0.06
83841.0	0.05
37050.0	0.13
72974.0	0.05
109073.0	0.16
178601.0	0.16
134540.0	0.04
64568.0	0.19
37149.0	0.48
41102.0	0.41
11893.0	0.25
87513.0	0.19
18371.0	0.17
73297.0	0.14
126836.0	0.06
116007.0	0.21
133155.0	0.08
121154.0	0.06
721408.0	0.03
127418.0	0.03
67409.0	0.27
57187.0	0.1
132918.0	0.08
23888.0	0.06
89922.0	0.22
72954.0	0.04
158395.0	0.03
50336.0	0.32
65672.0	0.12
99072.0	0.05
54811.0	0.26
73080.0	0.16
77793.0	0.06
122712.0	0.12
65280.0	0.17
30508.0	0.16
91118.0	0.22
39598.0	0.2
89948.0	0.2
41964.0	0.24
64211.0	0.26
36953.0	0.27
130748.0	0.08
61231.0	0.33
48435.0	0.12
118857.0	0.01
66241.0	0.2
13357.0	0.27
65413.0	0.13
41857.0	0.12
132315.0	0.09
141314.0	0.13
41421.0	0.24
145411.0	0.05
92280.0	0.13
76546.0	0.05
133001.0	0.03
193087.0	0.13
63835.0	0.08
178352.0	0.08
39322.0	0.13
55350.0	0.22
65859.0	0.42
67182.0	0.05
144739.0	0.07
67962.0	0.06
31047.0	0.19
144731.0	0.17
130406.0	0.04
75276.0	0.03
145180.0	0.07
90806.0	0.13
94194.0	0.14
98339.0	0.06
76640.0	0.07
42303.0	0.03
120880.0	0.2
65219.0	0.11
39882.0	0.08
84788.0	0.17
72849.0	0.08
51495.0	0.23
103074.0	0.17
361244.0	0.05
85092.0	0.14
44136.0	0.11
151085.0	0.19
65975.0	0.06
108958.0	0.11
87317.0	0.11
150821.0	0.08
61411.0	0.21
52644.0	0.23
81173.0	0.25
75177.0	0.23
80385.0	0.13
34772.0	0.17
216923.0	0.03
120997.0	0.21
90802.0	0.07
36909.0	0.27
127207.0	0.04
54840.0	0.14
73300.0	0.19
67978.0	0.15
97102.0	0.07
39705.0	0.06
106751.0	0.13
88421.0	0.13
87380.0	0.23
106533.0	0.23
89449.0	0.08
79415.0	0.04
55079.0	0.15
123579.0	0.12
133516.0	0.07
145063.0	0.14
104206.0	0.06
96802.0	0.03
42869.0	0.22
22808.0	0.07
63443.0	0.09
124515.0	0.05
61463.0	0.21
60733.0	0.13
157004.0	0.1
76425.0	0.33
174833.0	0.06
87294.0	0.08
102994.0	0.07
42973.0	0.16
101283.0	0.03
446937.0	0.05
37147.0	0.27
90766.0	0.08
88301.0	0.18
132856.0	0.18
116301.0	0.09
130211.0	0.15
72794.0	0.07
228928.0	0.09
29760.0	0.04
60848.0	0.36
42433.0	0.18
70713.0	0.08
68735.0	0.36
34295.0	0.17
70209.0	0.09
144798.0	0.02
52889.0	0.05
97233.0	0.1
93710.0	0.11
87190.0	0.09
36687.0	0.12
64594.0	0.11
88307.0	0.27
40497.0	0.15
90992.0	0.11
231498.0	0.02
90560.0	0.03
144835.0	0.07
55257.0	0.11
73214.0	0.3
146171.0	0.14
94687.0	0.21
85079.0	0.07
64272.0	0.19
51275.0	0.12
73169.0	0.21
51653.0	0.06
42920.0	0.33
99641.0	0.15
53477.0	0.32
113156.0	0.14
58473.0	0.22
108731.0	0.17
15419.0	0.4
200246.0	0.15
44297.0	0.05
61342.0	0.31
33201.0	0.13
78803.0	0.03
132836.0	0.08
101573.0	0.25
105127.0	0.08
57304.0	0.1
114759.0	0.02
94293.0	0.19
78800.0	0.15
132585.0	0.19
130517.0	0.15
79683.0	0.24
43038.0	0.12
89657.0	0.01
94580.0	0.26
58539.0	0.3
44080.0	0.06
175222.0	0.05
22405.0	0.26
130730.0	0.09
42957.0	0.23
50372.0	0.18
42977.0	0.17
97286.0	0.02
72691.0	0.07
35815.0	0.42
92187.0	0.09
50007.0	0.2
245994.0	0.1
168750.0	0.07
96959.0	0.08
18883.0	0.2
129649.0	0.06
129178.0	0.19
65316.0	0.07
89816.0	0.21
58458.0	0.12
52745.0	0.26
73237.0	0.16
98020.0	0.06
139248.0	0.05
72000.0	0.07
32535.0	0.08
217144.0	0.07
60109.0	0.04
23907.0	0.1
120976.0	0.04
42977.0	0.12
60403.0	0.07
22867.0	0.15
73040.0	0.27
63567.0	0.27
64267.0	0.12
28361.0	0.28
65554.0	0.13
70519.0	0.09
39365.0	0.23
41103.0	0.08
67098.0	0.13
71577.0	0.01
145978.0	0.13
120866.0	0.17
119014.0	0.07
87551.0	0.11
75350.0	0.12
90745.0	0.12
109326.0	0.09
80465.0	0.15
59735.0	0.17
70952.0	0.03
47707.0	0.25
71530.0	0.24
72854.0	0.12
79373.0	0.15
99187.0	0.1
159184.0	0.06
103140.0	0.05
39226.0	0.06
99213.0	0.1
144813.0	0.04
39471.0	0.1
360479.0	0.04
48874.0	0.29
131204.0	0.27
33026.0	0.07
67203.0	0.09
87458.0	0.23
78973.0	0.19
72968.0	0.2
240917.0	0.1
102642.0	0.23
24052.0	0.29
96914.0	0.03
29269.0	0.07
120697.0	0.05
72832.0	0.07
81523.0	0.02
41991.0	0.14
81507.0	0.18
73201.0	0.03
61147.0	0.18
116206.0	0.1
18512.0	0.22
63305.0	0.1
40197.0	0.12
145078.0	0.11
90969.0	0.02
87233.0	0.23
37192.0	0.13
29845.0	0.12
168983.0	0.11
24200.0	0.26
19772.0	0.2
29894.0	0.2
85250.0	0.12
46930.0	0.11
64201.0	0.08
92689.0	0.08
70702.0	0.21
89820.0	0.11
87466.0	0.03
96783.0	0.03
70177.0	0.17
121083.0	0.02
54463.0	0.28
37022.0	0.16
144992.0	0.07
64995.0	0.15
36996.0	0.28
64560.0	0.15
86092.0	0.13
106677.0	0.03
60577.0	0.2
47899.0	0.41
65435.0	0.13
148029.0	0.07
145364.0	0.02
97048.0	0.05
73027.0	0.02
68343.0	0.17
60924.0	0.13
73049.0	0.14
75448.0	0.07
11827.0	0.25
138865.0	0.11
79484.0	0.06
74007.0	0.2
26800.0	0.15
39556.0	0.03
76488.0	0.08
91041.0	0.11
110256.0	0.14
24751.0	0.15
96092.0	0.03
80301.0	0.1
78129.0	0.03
121061.0	0.17
130612.0	0.04
157007.0	0.16
86886.0	0.03
120820.0	0.1
59960.0	0.08
114976.0	0.17
91069.0	0.23
82460.0	0.16
80497.0	0.03
87386.0	0.15
68442.0	0.22
160161.0	0.09
104111.0	0.08
58507.0	0.34
84617.0	0.11
211017.0	0.05
118600.0	0.17
126883.0	0.1
78978.0	0.06
51629.0	0.23
52658.0	0.08
83950.0	0.17
100537.0	0.03
103403.0	0.1
150945.0	0.13
138220.0	0.13
68241.0	0.32
103102.0	0.06
77815.0	0.06
21157.0	0.14
83662.0	0.18
66962.0	0.15
89371.0	0.01
35760.0	0.1
143552.0	0.02
145186.0	0.04
169240.0	0.06
81583.0	0.18
63505.0	0.17
105209.0	0.14
27097.0	0.04
64099.0	0.13
94758.0	0.21
61581.0	0.1
169439.0	0.11
91075.0	0.03
60759.0	0.1
43889.0	0.15
123610.0	0.01
65982.0	0.2
133500.0	0.03
223984.0	0.02
73402.0	0.03
79076.0	0.05
98276.0	0.11
80056.0	0.1
95350.0	0.05
61361.0	0.1
80021.0	0.2
59059.0	0.22
60540.0	0.04
86447.0	0.11
183343.0	0.11
102952.0	0.19
102641.0	0.08
116462.0	0.24
44112.0	0.06
145214.0	0.04
40016.0	0.21
66881.0	0.18
132827.0	0.09
38543.0	0.39
54922.0	0.18
85162.0	0.12
43959.0	0.14
103176.0	0.09
52637.0	0.23
74552.0	0.05
168591.0	0.15
102875.0	0.09
60999.0	0.13
87330.0	0.12
91087.0	0.2
64409.0	0.23
87453.0	0.09
58476.0	0.07
52861.0	0.21
89783.0	0.22
25004.0	0.16
121025.0	0.03
108761.0	0.2
67274.0	0.24
67135.0	0.3
141759.0	0.07
35313.0	0.18
24351.0	0.36
23655.0	0.14
87791.0	0.28
13113.0	0.34
273933.0	0.09
72923.0	0.1
36916.0	0.27
55121.0	0.04
150723.0	0.07
48896.0	0.31
42223.0	0.06
12979.0	0.41
111500.0	0.03
71465.0	0.17
128048.0	0.04
63467.0	0.13
74571.0	0.08
29625.0	0.12
84678.0	0.06
63385.0	0.15
115106.0	0.1
102738.0	0.09
81024.0	0.15
29781.0	0.06
138861.0	0.05
35631.0	0.09
94970.0	0.05
69451.0	0.1
49037.0	0.31
100266.0	0.03
60877.0	0.16
241099.0	0.1
136856.0	0.07
58662.0	0.09
54955.0	0.15
84772.0	0.25
60676.0	0.14
87364.0	0.03
117149.0	0.14
240814.0	0.06
65703.0	0.12
126764.0	0.12
94865.0	0.1
43203.0	0.14
91181.0	0.11
116115.0	0.01
115074.0	0.22
90816.0	0.08
105524.0	0.03
69769.0	0.09
168736.0	0.06
36886.0	0.41
72972.0	0.14
79604.0	0.14
41464.0	0.37
127073.0	0.1
40374.0	0.27
126719.0	0.12
192674.0	0.13
61716.0	0.07
60835.0	0.13
58506.0	0.14
11953.0	0.17
24523.0	0.19
87449.0	0.15
480837.0	0.06
34167.0	0.1
46605.0	0.32
271193.0	0.08
43204.0	0.23
102989.0	0.12
60952.0	0.18
47813.0	0.15
144841.0	0.14
63374.0	0.17
77957.0	0.3
9799.0	0.12
28719.0	0.27
85032.0	0.06
94665.0	0.05
133039.0	0.1
36620.0	0.42
139571.0	0.05
29875.0	0.1
39245.0	0.22
49255.0	0.3
45534.0	0.26
61009.0	0.26
61257.0	0.2
37315.0	0.21
57332.0	0.21
18038.0	0.17
109110.0	0.11
41663.0	0.24
81638.0	0.12
130482.0	0.1
42730.0	0.09
35939.0	0.18
76633.0	0.33
101267.0	0.13
57594.0	0.09
150916.0	0.05
132911.0	0.11
67860.0	0.12
62621.0	0.16
51183.0	0.14
132806.0	0.09
44388.0	0.07
139195.0	0.02
43218.0	0.15
59212.0	0.28
91919.0	0.05
65135.0	0.46
35770.0	0.28
130513.0	0.05
66985.0	0.1
79418.0	0.04
88683.0	0.07
116474.0	0.05
59476.0	0.04
42787.0	0.12
84862.0	0.12
115372.0	0.05
286846.0	0.04
96024.0	0.1
73097.0	0.21
110275.0	0.18
45458.0	0.05
87097.0	0.03
70619.0	0.07
39663.0	0.15
132828.0	0.08
80096.0	0.22
936880.0	0.0
43324.0	0.17
72959.0	0.07
48930.0	0.18
32995.0	0.27
38854.0	0.36
94445.0	0.25
35476.0	0.42
36763.0	0.33
124344.0	0.28
87488.0	0.03
59856.0	0.3
121912.0	0.05
108931.0	0.11
77802.0	0.06
72976.0	0.07
76635.0	0.16
159534.0	0.07
96804.0	0.15
90710.0	0.13
103011.0	0.11
88435.0	0.23
70328.0	0.07
66057.0	0.15
137550.0	0.04
71644.0	0.08
139046.0	0.04
74450.0	0.2
313100.0	0.09
52002.0	0.14
627222.0	0.0
160544.0	0.11
85184.0	0.12
45425.0	0.04
63648.0	0.13
91229.0	0.13
62040.0	0.16
20545.0	0.12
37087.0	0.15
74345.0	0.23
21059.0	0.17
45404.0	0.22
45645.0	0.21
70142.0	0.11
41440.0	0.15
36959.0	0.07
80365.0	0.22
73263.0	0.04
84937.0	0.14
109109.0	0.03
77752.0	0.06
65877.0	0.11
62254.0	0.27
38469.0	0.19
61329.0	0.2
60845.0	0.1
61304.0	0.18
145060.0	0.12
46796.0	0.34
111904.0	0.02
182738.0	0.1
44195.0	0.14
51675.0	0.1
170898.0	0.04
58636.0	0.14
95792.0	0.06
337011.0	0.06
118493.0	0.13
70446.0	0.06
24136.0	0.25
87894.0	0.4
51037.0	0.14
47923.0	0.12
35756.0	0.2
48939.0	0.05
241103.0	0.05
63981.0	0.38
61228.0	0.13
111448.0	0.11
130612.0	0.07
44244.0	0.16
75831.0	0.03
55424.0	0.27
52739.0	0.12
29165.0	0.34
102473.0	0.04
43461.0	0.21
40637.0	0.12
23704.0	0.18
61188.0	0.13
132817.0	0.03
45012.0	0.07
105527.0	0.14
217215.0	0.07
78931.0	0.19
168913.0	0.11
78833.0	0.02
122521.0	0.04
65899.0	0.03
124859.0	0.1
67177.0	0.21
81947.0	0.17
65376.0	0.18
63757.0	0.12
120770.0	0.21
109022.0	0.22
69642.0	0.14
62081.0	0.16
160147.0	0.07
37102.0	0.2
91216.0	0.11
22364.0	0.38
65889.0	0.23
65885.0	0.09
41935.0	0.06
15399.0	0.06
58680.0	0.09
82321.0	0.04
62563.0	0.19
168935.0	0.03
55866.0	0.18
150943.0	0.01
241032.0	0.1
125986.0	0.11
61131.0	0.21
60851.0	0.1
44190.0	0.16
180898.0	0.11
36536.0	0.16
24038.0	0.26
76162.0	0.11
156909.0	0.02
66452.0	0.12
93670.0	0.23
78760.0	0.09
123495.0	0.12
48977.0	0.2
55915.0	0.13
133277.0	0.08
90335.0	0.08
126734.0	0.11
30799.0	0.17
56231.0	0.09
78924.0	0.06
116592.0	0.08
96921.0	0.2
111454.0	0.14
78066.0	0.2
58644.0	0.09
67712.0	0.17
81396.0	0.25
35578.0	0.17
50107.0	0.04
70809.0	0.27
293584.0	0.03
38219.0	0.19
63150.0	0.1
65494.0	0.05
66042.0	0.12
139289.0	0.04
41946.0	0.18
76432.0	0.05
60998.0	0.09
188075.0	0.03
78688.0	0.12
58700.0	0.13
178487.0	0.08
112552.0	0.09
83485.0	0.05
99750.0	0.09
97887.0	0.1
23006.0	0.14
36857.0	0.27
141216.0	0.04
239199.0	0.05
88196.0	0.23
48933.0	0.03
61095.0	0.14
83898.0	0.3
80202.0	0.04
73063.0	0.21
47915.0	0.1
63904.0	0.04
81369.0	0.22
58369.0	0.03
193296.0	0.13
72767.0	0.14
74758.0	0.08
36921.0	0.22
192954.0	0.09
64078.0	0.05
151146.0	0.07
75774.0	0.26
78966.0	0.13
109385.0	0.16
78780.0	0.13
144890.0	0.17
30792.0	0.19
43941.0	0.07
116093.0	0.1
79099.0	0.06
97640.0	0.1
63190.0	0.04
95767.0	0.22
117583.0	0.05
54289.0	0.12
51668.0	0.19
35824.0	0.11
99490.0	0.2
99662.0	0.06
180888.0	0.05
79118.0	0.05
72823.0	0.16
64798.0	0.03
90548.0	0.11
78731.0	0.09
39144.0	0.25
58410.0	0.03
149596.0	0.08
90717.0	0.04
75317.0	0.07
40060.0	0.02
63169.0	0.11
65852.0	0.14
151182.0	0.13
77059.0	0.31
10161.0	0.05
98297.0	0.08
74571.0	0.1
105578.0	0.14
90914.0	0.16
40759.0	0.09
85931.0	0.04
115114.0	0.04
94719.0	0.05
70717.0	0.2
66981.0	0.24
84214.0	0.13
70605.0	0.28
37973.0	0.29
119569.0	0.06
146301.0	0.17
61947.0	0.19
130406.0	0.05
70571.0	0.19
83976.0	0.12
33396.0	0.18
45509.0	0.15
53119.0	0.28
52942.0	0.3
71929.0	0.12
17441.0	0.46
94641.0	0.26
66867.0	0.06
54438.0	0.07
145199.0	0.05
121085.0	0.1
126989.0	0.16
66987.0	0.15
46561.0	0.05
97123.0	0.19
18008.0	0.17
60390.0	0.07
29781.0	0.08
87402.0	0.11
19094.0	0.26
39562.0	0.06
82210.0	0.24
53863.0	0.16
97169.0	0.06
94566.0	0.21
91322.0	0.13
83709.0	0.3
34397.0	0.09
53873.0	0.09
38534.0	0.16
79026.0	0.07
22575.0	0.29
24110.0	0.12
104984.0	0.14
60708.0	0.25
49733.0	0.16
21535.0	0.23
63206.0	0.23
75436.0	0.13
64710.0	0.11
89634.0	0.35
67958.0	0.07
36794.0	0.22
8037.0	0.4
73450.0	0.09
29450.0	0.07
66016.0	0.24
216774.0	0.03
48834.0	0.31
78740.0	0.1
75689.0	0.2
158393.0	0.08
39521.0	0.18
74106.0	0.1
48948.0	0.31
41804.0	0.18
94803.0	0.21
87467.0	0.05
71912.0	0.07
25418.0	0.08
62554.0	0.13
96857.0	0.05
75477.0	0.12
72840.0	0.04
69530.0	0.08
62671.0	0.09
111389.0	0.11
66766.0	0.1
73131.0	0.06
87630.0	0.05
211614.0	0.03
108324.0	0.23
69794.0	0.15
49801.0	0.13
88007.0	0.07
133290.0	0.09
166647.0	0.05
190662.0	0.02
90991.0	0.25
85015.0	0.21
62841.0	0.06
31287.0	0.1
72913.0	0.1
96917.0	0.06
91385.0	0.22
75626.0	0.04
55997.0	0.18
97205.0	0.13
37031.0	0.14
49080.0	0.51
90696.0	0.13
53594.0	0.2
63112.0	0.05
53859.0	0.05
60886.0	0.13
72837.0	0.09
142384.0	0.04
182324.0	0.14
26896.0	0.22
55934.0	0.26
97264.0	0.15
42777.0	0.12
83868.0	0.01
76575.0	0.05
168820.0	0.07
22601.0	0.13
213733.0	0.11
109202.0	0.16
61330.0	0.16
136440.0	0.07
63237.0	0.13
102975.0	0.19
77942.0	0.12
92809.0	0.06
104019.0	0.19
21199.0	0.16
67058.0	0.12
61171.0	0.15
91001.0	0.22
19834.0	0.25
63231.0	0.23
92035.0	0.1
168825.0	0.08
91296.0	0.15
92011.0	0.09
114997.0	0.11
144794.0	0.07
62977.0	0.05
79003.0	0.2
71800.0	0.1
44024.0	0.1
50086.0	0.07
39906.0	0.11
66860.0	0.19
126727.0	0.15
157061.0	0.16
47908.0	0.06
65893.0	0.05
138928.0	0.02
44747.0	0.44
39244.0	0.06
47735.0	0.12
132881.0	0.18
93606.0	0.11
60941.0	0.04
108851.0	0.2
99642.0	0.08
65856.0	0.05
31388.0	0.32
54021.0	0.39
72789.0	0.1
108841.0	0.07
54583.0	0.05
54230.0	0.07
46492.0	0.11
67086.0	0.21
35407.0	0.04
157078.0	0.03
33610.0	0.18
89844.0	0.28
105338.0	0.14
74419.0	0.06
64389.0	0.15
81548.0	0.08
99522.0	0.06
68360.0	0.19
18420.0	0.43
76378.0	0.15
91174.0	0.19
37512.0	0.21
118868.0	0.01
144966.0	0.03
60880.0	0.05
180638.0	0.11
58801.0	0.43
58839.0	0.07
71685.0	0.14
61559.0	0.14
48041.0	0.17
91497.0	0.21
75551.0	0.19
64962.0	0.15
36434.0	0.47
84873.0	0.08
87246.0	0.11
68038.0	0.03
11582.0	0.17
113365.0	0.14
60062.0	0.33
169340.0	0.15
178937.0	0.11
81124.0	0.04
71791.0	0.28
87463.0	0.05
77932.0	0.18
61329.0	0.16
36986.0	0.27
119718.0	0.05
83873.0	0.18
102482.0	0.09
60996.0	0.07
65766.0	0.15
72846.0	0.14
53767.0	0.33
47044.0	0.05
98818.0	0.1
66263.0	0.13
55273.0	0.16
36958.0	0.07
88244.0	0.14
63144.0	0.24
48941.0	0.2
55123.0	0.27
89723.0	0.35
96813.0	0.12
168919.0	0.09
22487.0	0.27
51333.0	0.12
50154.0	0.06
48858.0	0.1
31867.0	0.06
118325.0	0.04
180796.0	0.05
58297.0	0.13
121016.0	0.17
49170.0	0.21
121059.0	0.04
79130.0	0.04
73220.0	0.07
36918.0	0.04
78779.0	0.02
96497.0	0.12
63259.0	0.08
112374.0	0.11
40750.0	0.05
129412.0	0.08
78986.0	0.06
106638.0	0.03
43920.0	0.06
72752.0	0.21
36582.0	0.04
36141.0	0.18
35975.0	0.09
35575.0	0.17
26927.0	0.11
90582.0	0.11
87329.0	0.1
36711.0	0.08
44695.0	0.19
192586.0	0.13
29542.0	0.24
78229.0	0.08
205052.0	0.06
100709.0	0.23
51221.0	0.04
222351.0	0.11
94535.0	0.21
153482.0	0.08
28321.0	0.25
199407.0	0.13
61212.0	0.18
24079.0	0.25
147351.0	0.07
63225.0	0.05
160230.0	0.07
90766.0	0.15
128198.0	0.02
168861.0	0.04
73123.0	0.21
87511.0	0.03
112094.0	0.06
35671.0	0.18
44020.0	0.3
138627.0	0.02
76719.0	0.23
49056.0	0.22
94616.0	0.14
40027.0	0.14
18001.0	0.22
211002.0	0.05
63983.0	0.31
122786.0	0.06
39484.0	0.06
66973.0	0.07
92547.0	0.24
121677.0	0.2
92153.0	0.06
150659.0	0.07
105333.0	0.14
75041.0	0.04
91603.0	0.24
91138.0	0.27
127050.0	0.12
444306.0	0.01
72783.0	0.12
33103.0	0.12
98759.0	0.08
34432.0	0.29
77180.0	0.07
75800.0	0.08
138891.0	0.05
39854.0	0.16
47753.0	0.27
51615.0	0.15
85081.0	0.14
111144.0	0.11
87439.0	0.09
64657.0	0.04
81719.0	0.08
63263.0	0.21
91065.0	0.12
63525.0	0.12
75568.0	0.15
53870.0	0.24
168868.0	0.07
61066.0	0.13
95734.0	0.13
84780.0	0.09
95863.0	0.26
29511.0	0.2
91627.0	0.11
115235.0	0.17
86478.0	0.22
121567.0	0.29
204882.0	0.12
110331.0	0.09
36809.0	0.18
84999.0	0.25
85255.0	0.16
70554.0	0.13
41660.0	0.18
138890.0	0.02
71001.0	0.2
63397.0	0.13
103238.0	0.1
45941.0	0.13
211222.0	0.11
61181.0	0.15
67814.0	0.15
143406.0	0.1
87220.0	0.14
97077.0	0.07
76893.0	0.2
81639.0	0.24
51100.0	0.1
242667.0	0.06
68007.0	0.04
19837.0	0.4
116449.0	0.07
90801.0	0.13
116332.0	0.09
72910.0	0.14
60998.0	0.14
105879.0	0.14
127092.0	0.04
119616.0	0.1
78854.0	0.06
147248.0	0.1
91045.0	0.33
198785.0	0.1
198810.0	0.08
94810.0	0.21
33534.0	0.12
139168.0	0.04
51331.0	0.02
99549.0	0.06
39212.0	0.13
36804.0	0.18
103283.0	0.05
73005.0	0.21
64114.0	0.03
15212.0	0.3
84913.0	0.07
40851.0	0.02
493048.0	0.07
63103.0	0.24
42121.0	0.15
115165.0	0.17
60849.0	0.08
152529.0	0.16
210793.0	0.05
146222.0	0.11
69152.0	0.12
25018.0	0.2
81630.0	0.04
103464.0	0.15
22882.0	0.21
77877.0	0.13
151171.0	0.06
79112.0	0.18
98481.0	0.2
60736.0	0.12
114049.0	0.09
19119.0	0.14
73251.0	0.23
122826.0	0.15
88693.0	0.23
58253.0	0.14
150996.0	0.07
67974.0	0.15
116206.0	0.15
147478.0	0.1
62424.0	0.32
114978.0	0.17
94334.0	0.37
217336.0	0.11
45358.0	0.16
108899.0	0.18
115914.0	0.05
259923.0	0.1
721223.0	0.02
44367.0	0.3
39787.0	0.08
78923.0	0.14
118417.0	0.21
90760.0	0.11
72777.0	0.12
72869.0	0.21
82638.0	0.04
73010.0	0.08
82924.0	0.04
142531.0	0.18
47665.0	0.21
73066.0	0.21
118761.0	0.29
23669.0	0.3
73200.0	0.02
16904.0	0.17
125883.0	0.14
32015.0	0.07
84740.0	0.24
67054.0	0.19
102806.0	0.1
73021.0	0.21
48848.0	0.12
85058.0	0.1
44654.0	0.11
24512.0	0.28
46535.0	0.17
72654.0	0.11
55134.0	0.15
31673.0	0.18
67830.0	0.12
53638.0	0.07
60817.0	0.25
45480.0	0.16
63324.0	0.03
85142.0	0.12
61062.0	0.27
121396.0	0.16
70583.0	0.09
142553.0	0.09
74331.0	0.17
121317.0	0.08
490811.0	0.07
81751.0	0.12
139345.0	0.04
34627.0	0.28
61555.0	0.16
99241.0	0.07
144867.0	0.14
47210.0	0.21
67297.0	0.15
223194.0	0.11
143194.0	0.02
64527.0	0.17
103058.0	0.17
97056.0	0.08
65812.0	0.1
114696.0	0.09
93784.0	0.14
47649.0	0.1
95940.0	0.08
78809.0	0.09
55937.0	0.18
39437.0	0.18
102771.0	0.1
63766.0	0.16
58445.0	0.14
66850.0	0.22
96947.0	0.26
79697.0	0.14
96895.0	0.12
37302.0	0.03
181161.0	0.14
71756.0	0.28
112415.0	0.16
77084.0	0.03
78838.0	0.15
109374.0	0.05
102998.0	0.19
48590.0	0.05
75371.0	0.11
38572.0	0.32
174801.0	0.04
73692.0	0.04
79279.0	0.13
91068.0	0.13
81423.0	0.12
66643.0	0.38
163132.0	0.12
84918.0	0.19
76674.0	0.07
82412.0	0.04
114866.0	0.19
116810.0	0.05
75164.0	0.17
66249.0	0.37
80023.0	0.17
79222.0	0.25
76835.0	0.08
55168.0	0.36
90835.0	0.13
87249.0	0.15
88307.0	0.07
157114.0	0.05
34061.0	0.06
58510.0	0.08
22425.0	0.07
57474.0	0.2
36694.0	0.06
46447.0	0.22
63488.0	0.19
47902.0	0.08
36178.0	0.03
97071.0	0.11
144599.0	0.07
168517.0	0.03
145079.0	0.17
108678.0	0.04
82829.0	0.02
117654.0	0.1
95807.0	0.21
66983.0	0.15
133054.0	0.08
97955.0	0.16
120671.0	0.02
166489.0	0.12
90932.0	0.27
31156.0	0.06
108725.0	0.14
225202.0	0.06
45268.0	0.11
81101.0	0.11
137940.0	0.19
180847.0	0.07
164378.0	0.09
43939.0	0.14
31315.0	0.34
89438.0	0.17
83247.0	0.04
151243.0	0.09
50148.0	0.03
102952.0	0.1
99293.0	0.1
63579.0	0.04
39174.0	0.38
38776.0	0.22
111321.0	0.06
96971.0	0.15
125968.0	0.08
75876.0	0.08
126666.0	0.05
65835.0	0.05
72829.0	0.07
93666.0	0.04
121015.0	0.08
60914.0	0.36
91124.0	0.03
67914.0	0.17
109305.0	0.18
90328.0	0.22
72868.0	0.03
97315.0	0.05
68135.0	0.07
43160.0	0.13
65457.0	0.11
60999.0	0.25
83953.0	0.17
66440.0	0.15
166588.0	0.15
58666.0	0.03
126695.0	0.13
118400.0	0.04
62221.0	0.14
85317.0	0.35
21045.0	0.14
235247.0	0.04
96054.0	0.12
75097.0	0.05
20865.0	0.14
94681.0	0.19
73933.0	0.2
73158.0	0.12
58660.0	0.03
91379.0	0.07
65784.0	0.08
144766.0	0.07
113339.0	0.05
64768.0	0.09
59034.0	0.22
94533.0	0.02
36738.0	0.06
106798.0	0.06
123412.0	0.12
139555.0	0.07
79146.0	0.03
44102.0	0.12
98925.0	0.2
64793.0	0.08
38225.0	0.07
43295.0	0.06
62977.0	0.15
78973.0	0.21
42132.0	0.26
71876.0	0.13
47646.0	0.17
72093.0	0.17
69795.0	0.09
117538.0	0.21
142438.0	0.18
64959.0	0.15
18916.0	0.33
67282.0	0.36
76553.0	0.05
994533.0	0.0
116081.0	0.05
35747.0	0.08
55399.0	0.27
63396.0	0.19
101580.0	0.2
58920.0	0.08
79198.0	0.15
147899.0	0.07
94979.0	0.26
83773.0	0.18
168454.0	0.04
73029.0	0.13
18130.0	0.24
59865.0	0.14
85085.0	0.08
111836.0	0.22
86264.0	0.12
114916.0	0.15
152376.0	0.05
138972.0	0.05
67118.0	0.1
144620.0	0.04
60801.0	0.02
60628.0	0.09
35728.0	0.38
91130.0	0.08
118500.0	0.02
36996.0	0.27
120812.0	0.13
269412.0	0.09
36963.0	0.08
82732.0	0.04
81340.0	0.12
30809.0	0.1
79024.0	0.25
366794.0	0.1
36758.0	0.22
43021.0	0.35
145067.0	0.17
61296.0	0.39
19555.0	0.12
71342.0	0.15
87104.0	0.21
102821.0	0.07
84835.0	0.08
92165.0	0.05
211043.0	0.07
90795.0	0.13
65759.0	0.07
114367.0	0.05
166558.0	0.13
108192.0	0.05
35365.0	0.03
41371.0	0.15
180962.0	0.06
59807.0	0.41
83053.0	0.08
40402.0	0.22
106791.0	0.06
53987.0	0.09
67085.0	0.07
43090.0	0.12
34508.0	0.03
72483.0	0.08
19804.0	0.14
34931.0	0.03
186970.0	0.04
43759.0	0.25
39825.0	0.15
87597.0	0.09
19117.0	0.22
58919.0	0.22
79064.0	0.14
78939.0	0.02
67049.0	0.09
81822.0	0.13
53740.0	0.09
66380.0	0.18
28155.0	0.28
204871.0	0.06
118468.0	0.21
105704.0	0.24
60734.0	0.07
78103.0	0.13
130661.0	0.14
59140.0	0.17
16572.0	0.22
79057.0	0.19
75010.0	0.09
56777.0	0.28
241022.0	0.06
51262.0	0.08
26985.0	0.13
73145.0	0.21
16616.0	0.15
190794.0	0.13
78745.0	0.11
103132.0	0.05
89202.0	0.11
102644.0	0.05
71798.0	0.25
123368.0	0.1
74384.0	0.2
49807.0	0.16
37179.0	0.13
69882.0	0.11
59819.0	0.04
59478.0	0.05
44389.0	0.16
83195.0	0.1
144929.0	0.05
29791.0	0.17
51589.0	0.1
85328.0	0.08
23926.0	0.25
47921.0	0.22
74253.0	0.2
118979.0	0.21
156853.0	0.02
44142.0	0.24
84061.0	0.3
88481.0	0.21
74404.0	0.22
38139.0	0.2
59825.0	0.17
120691.0	0.17
185611.0	0.13
73065.0	0.14
180805.0	0.11
66885.0	0.11
110382.0	0.16
55485.0	0.27
79410.0	0.04
248616.0	0.1
84406.0	0.09
82443.0	0.4
97510.0	0.15
94734.0	0.21
70693.0	0.12
98179.0	0.08
79070.0	0.09
121125.0	0.12
49267.0	0.1
94272.0	0.13
71667.0	0.13
24160.0	0.29
159412.0	0.09
211281.0	0.05
219700.0	0.06
130755.0	0.15
198932.0	0.18
78586.0	0.13
37889.0	0.21
59488.0	0.13
87678.0	0.05
141310.0	0.14
59620.0	0.1
152322.0	0.07
116621.0	0.1
65759.0	0.09
186823.0	0.11
103182.0	0.24
34286.0	0.15
17440.0	0.44
63651.0	0.11
50534.0	0.2
162954.0	0.06
58641.0	0.2
40697.0	0.08
75484.0	0.26
66909.0	0.14
101786.0	0.02
73108.0	0.07
61177.0	0.15
185099.0	0.05
60421.0	0.08
210784.0	0.07
72959.0	0.16
162940.0	0.05
25040.0	0.17
91029.0	0.13
37051.0	0.04
77008.0	0.05
53482.0	0.11
60066.0	0.05
18009.0	0.26
41200.0	0.05
150858.0	0.07
72882.0	0.13
132980.0	0.04
58165.0	0.12
22284.0	0.29
84794.0	0.12
48690.0	0.08
241012.0	0.04
18474.0	0.43
72924.0	0.07
76614.0	0.05
36007.0	0.11
89974.0	0.1
18265.0	0.27
84755.0	0.12
36732.0	0.2
96605.0	0.1
22811.0	0.31
57585.0	0.1
112674.0	0.07
58560.0	0.04
106820.0	0.09
100743.0	0.1
116139.0	0.05
89867.0	0.18
71823.0	0.08
130578.0	0.11
113947.0	0.1
13888.0	0.36
65687.0	0.15
46301.0	0.12
62107.0	0.05
114911.0	0.04
168751.0	0.15
204842.0	0.04
107595.0	0.33
37057.0	0.27
109187.0	0.05
101972.0	0.15
96778.0	0.21
71827.0	0.05
106796.0	0.09
65742.0	0.38
66929.0	0.3
138765.0	0.05
96875.0	0.12
229092.0	0.03
120946.0	0.12
82329.0	0.3
21204.0	0.1
234318.0	0.04
70035.0	0.36
103117.0	0.04
83581.0	0.05
136545.0	0.18
79729.0	0.19
98174.0	0.2
90295.0	0.13
84997.0	0.12
50008.0	0.14
70474.0	0.05
28107.0	0.09
123329.0	0.12
94418.0	0.25
42850.0	0.27
38031.0	0.16
115199.0	0.06
193036.0	0.12
45745.0	0.21
75527.0	0.26
91019.0	0.27
108847.0	0.09
97302.0	0.09
67203.0	0.15
87435.0	0.1
173710.0	0.14
205616.0	0.12
69325.0	0.28
133175.0	0.09
66453.0	0.15
67478.0	0.09
81236.0	0.12
75553.0	0.11
55033.0	0.26
68824.0	0.36
128284.0	0.06
65713.0	0.15
90739.0	0.18
77044.0	0.18
104172.0	0.24
127985.0	0.04
90897.0	0.06
40615.0	0.34
51688.0	0.04
62704.0	0.08
49260.0	0.3
498907.0	0.03
120811.0	0.1
94488.0	0.03
90929.0	0.16
78872.0	0.09
127132.0	0.08
84813.0	0.03
56087.0	0.11
84731.0	0.08
78633.0	0.13
74484.0	0.23
65696.0	0.03
65679.0	0.09
86532.0	0.23
97058.0	0.05
168956.0	0.08
84774.0	0.12
65559.0	0.13
87311.0	0.05
104950.0	0.14
45441.0	0.15
72866.0	0.05
121224.0	0.2
51784.0	0.08
87585.0	0.07
87019.0	0.05
107204.0	0.14
31043.0	0.06
280570.0	0.09
276922.0	0.13
126532.0	0.22
65776.0	0.08
37232.0	0.18
69459.0	0.37
88433.0	0.07
13294.0	0.53
80028.0	0.03
65722.0	0.06
109137.0	0.14
87151.0	0.14
121011.0	0.17
16840.0	0.29
104148.0	0.15
95695.0	0.12
102905.0	0.09
73063.0	0.05
60131.0	0.2
85231.0	0.12
77890.0	0.19
83843.0	0.3
282562.0	0.08
129192.0	0.19
138837.0	0.17
116001.0	0.09
84705.0	0.03
108755.0	0.06
132929.0	0.19
147120.0	0.08
123751.0	0.02
156956.0	0.08
94698.0	0.25
86787.0	0.17
66637.0	0.3
85170.0	0.09
66856.0	0.05
37078.0	0.39
142519.0	0.11
168573.0	0.05
220363.0	0.06
120729.0	0.21
63464.0	0.22
50505.0	0.2
54005.0	0.07
23976.0	0.33
168997.0	0.15
91233.0	0.03
68134.0	0.18
86466.0	0.16
72951.0	0.14
82942.0	0.1
193112.0	0.13
60940.0	0.06
107787.0	0.07
147713.0	0.1
68940.0	0.15
24035.0	0.21
46543.0	0.13
84899.0	0.03
190735.0	0.13
52990.0	0.17
83651.0	0.06
139778.0	0.02
103580.0	0.14
123489.0	0.2
84885.0	0.06
133231.0	0.19
70059.0	0.14
145110.0	0.1
73738.0	0.14
20079.0	0.1
90937.0	0.04
231450.0	0.04
202715.0	0.01
114936.0	0.13
84809.0	0.09
62124.0	0.02
25074.0	0.12
135215.0	0.11
87369.0	0.15
30796.0	0.26
72854.0	0.05
116155.0	0.1
169201.0	0.15
178777.0	0.11
144945.0	0.14
205215.0	0.1
94209.0	0.1
67044.0	0.09
120750.0	0.1
79134.0	0.25
59737.0	0.08
81144.0	0.11
82706.0	0.03
72842.0	0.05
41747.0	0.03
79054.0	0.41
68457.0	0.13
64582.0	0.05
31084.0	0.21
78644.0	0.22
124284.0	0.01
91403.0	0.16
84494.0	0.12
166273.0	0.13
43030.0	0.12
38975.0	0.13
97175.0	0.12
40419.0	0.08
15432.0	0.21
124041.0	0.06
40663.0	0.05
74185.0	0.23
78955.0	0.29
81802.0	0.04
51584.0	0.08
75341.0	0.13
31087.0	0.1
138811.0	0.07
65677.0	0.03
60920.0	0.09
75486.0	0.2
41993.0	0.18
202824.0	0.09
228856.0	0.1
36934.0	0.18
73044.0	0.11
66481.0	0.12
78995.0	0.25
70072.0	0.3
73083.0	0.08
108998.0	0.14
30726.0	0.09
87516.0	0.09
41785.0	0.06
35752.0	0.08
63402.0	0.11
157227.0	0.22
107633.0	0.07
67140.0	0.11
83531.0	0.11
130377.0	0.15
64731.0	0.25
67260.0	0.1
48003.0	0.17
67174.0	0.12
41724.0	0.23
62972.0	0.16
130566.0	0.08
79012.0	0.06
109145.0	0.18
65941.0	0.15
34546.0	0.09
67641.0	0.12
51138.0	0.2
36965.0	0.36
13690.0	0.36
32273.0	0.22
60867.0	0.33
61103.0	0.2
78130.0	0.16
113752.0	0.26
73007.0	0.08
108750.0	0.05
91033.0	0.03
16949.0	0.24
96735.0	0.1
47673.0	0.1
121238.0	0.02
88657.0	0.17
133082.0	0.09
126905.0	0.02
22337.0	0.14
67220.0	0.15
27236.0	0.29
63075.0	0.05
65822.0	0.16
83753.0	0.1
61137.0	0.1
54942.0	0.18
211336.0	0.07
75518.0	0.04
127877.0	0.04
39524.0	0.13
79800.0	0.19
144763.0	0.19
133318.0	0.08
44451.0	0.12
72096.0	0.08
41689.0	0.14
91170.0	0.11
58443.0	0.05
48911.0	0.25
70847.0	0.14
37588.0	0.2
219900.0	0.07
106501.0	0.04
211129.0	0.05
70096.0	0.23
271324.0	0.11
48741.0	0.31
132896.0	0.05
84776.0	0.24
82938.0	0.03
49551.0	0.07
92093.0	0.22
18923.0	0.13
49037.0	0.24
136403.0	0.11
106848.0	0.14
120832.0	0.1
101698.0	0.2
115928.0	0.17
65850.0	0.23
145173.0	0.03
105422.0	0.07
73082.0	0.21
77745.0	0.17
102922.0	0.01
130851.0	0.08
85290.0	0.15
24397.0	0.31
116316.0	0.05
76592.0	0.05
50298.0	0.2
72873.0	0.05
85025.0	0.14
88167.0	0.05
123733.0	0.09
90964.0	0.22
111340.0	0.13
159202.0	0.06
69945.0	0.13
103040.0	0.08
16648.0	0.15
48948.0	0.2
96893.0	0.17
61275.0	0.26
62487.0	0.24
46815.0	0.12
36926.0	0.13
121042.0	0.17
24070.0	0.33
432619.0	0.06
45671.0	0.11
87440.0	0.05
68603.0	0.28
94802.0	0.03
62193.0	0.14
78896.0	0.25
130762.0	0.18
228801.0	0.15
27006.0	0.22
47817.0	0.33
88778.0	0.14
97259.0	0.11
120962.0	0.08
69256.0	0.02
75888.0	0.11
88589.0	0.08
128248.0	0.1
41648.0	0.07
130367.0	0.12
36974.0	0.41
34414.0	0.1
46825.0	0.19
38469.0	0.06
162752.0	0.15
281792.0	0.08
120722.0	0.17
40215.0	0.15
22080.0	0.07
125553.0	0.1
79048.0	0.19
134233.0	0.08
80166.0	0.14
78921.0	0.28
44308.0	0.07
180963.0	0.08
13197.0	0.08
91126.0	0.08
116612.0	0.02
51764.0	0.35
62537.0	0.13
39708.0	0.15
28676.0	0.3
29553.0	0.1
73072.0	0.07
139272.0	0.04
168777.0	0.15
103023.0	0.2
111676.0	0.02
75758.0	0.05
94441.0	0.1
114907.0	0.19
130695.0	0.04
65549.0	0.42
81479.0	0.15
32673.0	0.05
19526.0	0.26
67164.0	0.07
97454.0	0.11
64337.0	0.22
65579.0	0.09
66983.0	0.15
42487.0	0.25
41698.0	0.04
71882.0	0.07
44083.0	0.16
65786.0	0.15
78296.0	0.13
85035.0	0.14
118634.0	0.08
37824.0	0.21
121182.0	0.17
114929.0	0.04
130690.0	0.15
193076.0	0.1
157030.0	0.16
64745.0	0.07
137558.0	0.02
140192.0	0.18
40534.0	0.05
67017.0	0.13
37385.0	0.24
19069.0	0.37
132875.0	0.08
34720.0	0.03
216833.0	0.05
72949.0	0.16
109020.0	0.05
37192.0	0.22
66824.0	0.13
159265.0	0.16
203610.0	0.06
72522.0	0.06
37096.0	0.4
72963.0	0.07
25024.0	0.15
118074.0	0.06
66964.0	0.08
24237.0	0.4
180868.0	0.1
78797.0	0.06
35634.0	0.39
274789.0	0.02
68121.0	0.13
146288.0	0.08
61226.0	0.16
88324.0	0.17
45919.0	0.2
108948.0	0.06
65987.0	0.02
150899.0	0.05
85247.0	0.07
60828.0	0.16
137771.0	0.04
54759.0	0.18
101511.0	0.2
116181.0	0.06
57369.0	0.34
103543.0	0.09
66965.0	0.16
37054.0	0.4
120131.0	0.1
145315.0	0.04
67035.0	0.07
19677.0	0.17
96160.0	0.17
63361.0	0.03
69124.0	0.09
43227.0	0.17
168741.0	0.04
41762.0	0.24
90943.0	0.13
114175.0	0.09
62338.0	0.27
54740.0	0.2
51657.0	0.15
115012.0	0.17
65756.0	0.09
99490.0	0.25
65937.0	0.03
145083.0	0.14
42763.0	0.37
104482.0	0.19
102980.0	0.1
130735.0	0.14
36501.0	0.08
132823.0	0.09
62333.0	0.09
102848.0	0.05
61107.0	0.1
33560.0	0.14
132853.0	0.03
29862.0	0.26
37005.0	0.27
64521.0	0.26
41241.0	0.18
46867.0	0.05
130787.0	0.09
28352.0	0.25
145009.0	0.14
121286.0	0.13
51501.0	0.12
90707.0	0.11
108995.0	0.18
144921.0	0.03
48807.0	0.16
35734.0	0.11
82360.0	0.08
82588.0	0.07
105616.0	0.14
47850.0	0.31
48669.0	0.21
29897.0	0.26
77596.0	0.1
241228.0	0.07
92263.0	0.22
34748.0	0.22
76321.0	0.07
134026.0	0.05
47537.0	0.06
60840.0	0.15
24202.0	0.33
34009.0	0.1
156795.0	0.06
117395.0	0.21
156920.0	0.05
94540.0	0.13
31516.0	0.17
94812.0	0.21
29821.0	0.17
16494.0	0.09
50625.0	0.2
83456.0	0.19
114957.0	0.03
29728.0	0.19
109827.0	0.2
112517.0	0.07
56965.0	0.14
38924.0	0.26
60986.0	0.08
84753.0	0.07
87089.0	0.09
114775.0	0.07
72803.0	0.19
76209.0	0.08
97051.0	0.16
99134.0	0.15
38214.0	0.04
68162.0	0.25
53918.0	0.09
98638.0	0.05
64284.0	0.15
54825.0	0.18
149973.0	0.07
88145.0	0.27
103398.0	0.08
178357.0	0.03
32009.0	0.15
129133.0	0.19
204866.0	0.06
61221.0	0.4
87021.0	0.05
63409.0	0.16
67330.0	0.23
88430.0	0.23
15209.0	0.13
90918.0	0.04
44390.0	0.06
94377.0	0.05
58518.0	0.09
119966.0	0.05
120909.0	0.03
148556.0	0.17
69717.0	0.15
76965.0	0.13
51176.0	0.14
22543.0	0.16
118804.0	0.29
61119.0	0.23
422979.0	0.02
91197.0	0.11
51910.0	0.12
37774.0	0.19
114922.0	0.03
73031.0	0.29
144998.0	0.07
47666.0	0.21
66669.0	0.12
28252.0	0.18
22789.0	0.13
87593.0	0.21
42029.0	0.19
44931.0	0.13
180825.0	0.06
133144.0	0.11
62252.0	0.03
70291.0	0.1
83488.0	0.09
93065.0	0.16
90869.0	0.13
100890.0	0.07
64205.0	0.09
34524.0	0.18
115984.0	0.09
252989.0	0.03
110405.0	0.03
72977.0	0.09
36902.0	0.27
181009.0	0.08
145271.0	0.17
60601.0	0.05
73196.0	0.05
19478.0	0.13
37004.0	0.14
109100.0	0.14
116706.0	0.08
120597.0	0.1
22734.0	0.27
97048.0	0.1
70120.0	0.15
87544.0	0.02
111676.0	0.11
74611.0	0.2
75426.0	0.13
68880.0	0.17
60203.0	0.2
75173.0	0.12
46255.0	0.11
181196.0	0.07
217135.0	0.03
38305.0	0.06
101465.0	0.08
97240.0	0.15
46702.0	0.17
37108.0	0.16
32165.0	0.31
66768.0	0.04
104234.0	0.1
88185.0	0.11
37156.0	0.24
87728.0	0.17
30991.0	0.32
75910.0	0.05
71863.0	0.22
121369.0	0.16
64653.0	0.15
91163.0	0.03
41468.0	0.48
64320.0	0.05
73140.0	0.14
24072.0	0.26
39761.0	0.12
72983.0	0.21
34552.0	0.1
118311.0	0.08
57469.0	0.16
223064.0	0.1
88287.0	0.18
120816.0	0.1
66109.0	0.05
37128.0	0.22
83859.0	0.11
83924.0	0.12
86143.0	0.07
118091.0	0.06
101907.0	0.12
64466.0	0.07
34143.0	0.18
47870.0	0.12
90938.0	0.16
41835.0	0.14
119332.0	0.08
72409.0	0.14
23145.0	0.26
69542.0	0.04
87589.0	0.11
35919.0	0.12
67040.0	0.09
72671.0	0.06
82921.0	0.36
156881.0	0.19
33006.0	0.07
61037.0	0.2
74877.0	0.2
41714.0	0.18
68289.0	0.22
96874.0	0.14
53807.0	0.2
35677.0	0.12
88236.0	0.1
61489.0	0.2
49022.0	0.18
106411.0	0.23
150717.0	0.03
108970.0	0.22
67131.0	0.21
90652.0	0.04
29760.0	0.32
100294.0	0.03
129415.0	0.1
73230.0	0.09
157050.0	0.13
59983.0	0.06
181073.0	0.05
146312.0	0.1
90917.0	0.13
84884.0	0.14
85032.0	0.11
219227.0	0.11
26115.0	0.3
22635.0	0.28
83755.0	0.12
72363.0	0.12
114806.0	0.04
99626.0	0.06
172604.0	0.06
60893.0	0.33
90064.0	0.19
95782.0	0.05
108616.0	0.15
82551.0	0.03
168844.0	0.12
101981.0	0.1
43186.0	0.09
61765.0	0.19
192911.0	0.05
123107.0	0.12
75915.0	0.11
186923.0	0.11
72961.0	0.1
69440.0	0.06
68351.0	0.15
60928.0	0.08
28561.0	0.29
158663.0	0.06
70931.0	0.04
116087.0	0.1
91173.0	0.22
48976.0	0.05
80735.0	0.2
47296.0	0.21
111212.0	0.2
56312.0	0.08
67882.0	0.12
39946.0	0.2
90954.0	0.13
84131.0	0.12
85277.0	0.09
70748.0	0.11
281775.0	0.07
97389.0	0.02
64359.0	0.02
23979.0	0.25
47684.0	0.31
72982.0	0.19
31116.0	0.32
61130.0	0.26
141447.0	0.03
115156.0	0.13
28518.0	0.25
87524.0	0.15
51523.0	0.33
64416.0	0.11
92289.0	0.16
37042.0	0.27
117341.0	0.06
109232.0	0.14
72611.0	0.29
118645.0	0.04
72958.0	0.05
78997.0	0.25
79945.0	0.1
132846.0	0.04
74324.0	0.23
142568.0	0.07
75553.0	0.37
83680.0	0.1
47395.0	0.04
84962.0	0.11
139968.0	0.04
90615.0	0.24
181313.0	0.08
39666.0	0.11
29477.0	0.2
56853.0	0.22
35675.0	0.07
114871.0	0.03
111655.0	0.1
72875.0	0.08
139080.0	0.07
78965.0	0.15
61173.0	0.16
141280.0	0.08
312553.0	0.06
67897.0	0.1
104219.0	0.12
87315.0	0.15
92223.0	0.05
72619.0	0.21
211056.0	0.05
84867.0	0.12
130639.0	0.06
55119.0	0.18
60919.0	0.08
66800.0	0.21
121063.0	0.12
213479.0	0.11
103106.0	0.08
65551.0	0.23
94604.0	0.26
136514.0	0.09
118671.0	0.1
91159.0	0.13
94634.0	0.25
61048.0	0.26
40822.0	0.04
95109.0	0.05
259694.0	0.08
36894.0	0.2
76362.0	0.1
102761.0	0.08
58140.0	0.26
31427.0	0.09
169089.0	0.03
129755.0	0.02
70598.0	0.13
120827.0	0.11
91064.0	0.14
74504.0	0.1
32737.0	0.18
95997.0	0.21
80078.0	0.06
90699.0	0.08
24804.0	0.15
128256.0	0.04
151907.0	0.06
205028.0	0.03
112583.0	0.05
150748.0	0.08
48936.0	0.09
86745.0	0.11
90873.0	0.13
67026.0	0.12
97163.0	0.06
157477.0	0.02
41730.0	0.24
68083.0	0.24
141368.0	0.03
139036.0	0.09
26112.0	0.17
115223.0	0.07
95808.0	0.16
73004.0	0.08
97058.0	0.19
76221.0	0.1
150898.0	0.05
151101.0	0.04
87581.0	0.05
78849.0	0.13
72346.0	0.14
49506.0	0.19
70724.0	0.07
272305.0	0.11
174997.0	0.11
104441.0	0.04
39294.0	0.06
86436.0	0.23
92329.0	0.05
150848.0	0.1
46505.0	0.09
54712.0	0.19
110006.0	0.18
139003.0	0.02
188225.0	0.02
49240.0	0.3
51252.0	0.04
46474.0	0.19
77904.0	0.1
64690.0	0.15
41922.0	0.24
25491.0	0.04
75435.0	0.04
90129.0	0.1
97379.0	0.12
60759.0	0.25
41682.0	0.14
133051.0	0.08
53697.0	0.09
360839.0	0.1
61165.0	0.09
39432.0	0.17
138979.0	0.04
84810.0	0.15
137613.0	0.04
163088.0	0.05
59911.0	0.18
26912.0	0.3
97140.0	0.05
162845.0	0.11
76531.0	0.08
132713.0	0.12
73149.0	0.04
88562.0	0.01
72998.0	0.12
82053.0	0.04
95945.0	0.12
61089.0	0.1
38230.0	0.18
36101.0	0.28
90884.0	0.07
83075.0	0.1
58657.0	0.09
175049.0	0.05
76489.0	0.05
65915.0	0.24
65845.0	0.24
52639.0	0.19
18857.0	0.21
128662.0	0.19
76088.0	0.14
36878.0	0.18
67209.0	0.05
51320.0	0.14
40469.0	0.15
70643.0	0.06
73027.0	0.25
178435.0	0.03
39408.0	0.06
70014.0	0.05
91849.0	0.21
169198.0	0.12
94568.0	0.26
157021.0	0.03
85190.0	0.08
77574.0	0.17
87416.0	0.11
72839.0	0.14
60933.0	0.21
78152.0	0.13
102777.0	0.06
130888.0	0.11
78025.0	0.19
36688.0	0.22
72644.0	0.17
71508.0	0.04
51327.0	0.19
32921.0	0.18
100733.0	0.15
113397.0	0.18
184518.0	0.13
115195.0	0.16
63549.0	0.19
49211.0	0.16
114645.0	0.27
77982.0	0.26
62824.0	0.19
30859.0	0.28
92194.0	0.04
360680.0	0.03
37013.0	0.31
84916.0	0.06
92322.0	0.22
20429.0	0.15
89949.0	0.12
44142.0	0.09
54295.0	0.06
239600.0	0.04
73106.0	0.16
111926.0	0.05
148643.0	0.15
66877.0	0.13
116814.0	0.17
72738.0	0.06
130757.0	0.04
168999.0	0.15
91088.0	0.16
101678.0	0.11
84980.0	0.14
115351.0	0.07
102867.0	0.16
25909.0	0.24
43867.0	0.05
78904.0	0.05
121315.0	0.08
85186.0	0.08
29519.0	0.2
113760.0	0.04
79155.0	0.06
57138.0	0.1
93091.0	0.15
37200.0	0.27
102932.0	0.05
169115.0	0.04
67160.0	0.18
120789.0	0.12
39204.0	0.06
91700.0	0.11
124964.0	0.23
57268.0	0.17
72891.0	0.1
100732.0	0.12
66886.0	0.06
23480.0	0.13
59603.0	0.34
68532.0	0.29
60848.0	0.1
120023.0	0.07
31452.0	0.1
61701.0	0.24
56039.0	0.03
73065.0	0.09
141406.0	0.04
223200.0	0.03
62641.0	0.3
92034.0	0.06
73065.0	0.07
133255.0	0.03
124160.0	0.16
37578.0	0.27
62811.0	0.29
81572.0	0.05
94366.0	0.06
60737.0	0.11
216540.0	0.12
37284.0	0.15
53119.0	0.41
63458.0	0.23
37322.0	0.27
131650.0	0.11
138847.0	0.01
75326.0	0.08
82773.0	0.17
154543.0	0.08
75370.0	0.04
77739.0	0.1
76535.0	0.1
54278.0	0.22
48195.0	0.25
111592.0	0.03
79149.0	0.25
84945.0	0.07
57293.0	0.21
73064.0	0.25
82056.0	0.39
47813.0	0.06
65626.0	0.16
58104.0	0.1
133058.0	0.11
69841.0	0.07
101926.0	0.05
15535.0	0.21
36854.0	0.3
241135.0	0.1
81494.0	0.04
36681.0	0.07
35866.0	0.22
31222.0	0.31
126951.0	0.04
96855.0	0.15
127266.0	0.12
103122.0	0.1
106541.0	0.07
65835.0	0.11
48999.0	0.16
47126.0	0.14
149774.0	0.01
126631.0	0.11
31532.0	0.04
116285.0	0.06
65954.0	0.02
151123.0	0.12
91029.0	0.12
156820.0	0.1
58413.0	0.07
93699.0	0.06
177261.0	0.02
156991.0	0.16
66985.0	0.18
39724.0	0.16
96814.0	0.15
130825.0	0.16
60941.0	0.14
61156.0	0.16
61085.0	0.25
70477.0	0.06
152196.0	0.06
41647.0	0.07
40845.0	0.05
46972.0	0.15
56477.0	0.08
90951.0	0.13
51299.0	0.16
68285.0	0.14
60776.0	0.11
66933.0	0.18
211285.0	0.03
29816.0	0.1
67634.0	0.1
60920.0	0.06
69588.0	0.16
23586.0	0.33
71860.0	0.08
91035.0	0.03
121185.0	0.04
91072.0	0.27
66070.0	0.08
31131.0	0.06
37309.0	0.4
58827.0	0.15
116510.0	0.09
157081.0	0.03
73279.0	0.08
67413.0	0.23
27732.0	0.09
192659.0	0.09
84973.0	0.12
109130.0	0.18
25919.0	0.11
70494.0	0.17
94734.0	0.26
46457.0	0.11
94489.0	0.14
65955.0	0.24
163807.0	0.08
83853.0	0.33
61793.0	0.08
61054.0	0.07
73858.0	0.04
102789.0	0.04
192820.0	0.08
285606.0	0.07
85087.0	0.05
121029.0	0.1
90093.0	0.13
67064.0	0.18
64571.0	0.04
60652.0	0.03
28507.0	0.21
126842.0	0.09
58205.0	0.34
240810.0	0.1
60772.0	0.2
36054.0	0.18
73167.0	0.19
48535.0	0.1
134243.0	0.09
133181.0	0.14
173889.0	0.08
36878.0	0.23
38392.0	0.16
64579.0	0.15
46747.0	0.08
300906.0	0.03
80158.0	0.07
111368.0	0.11
63081.0	0.16
130715.0	0.19
166768.0	0.06
114949.0	0.13
22599.0	0.28
60930.0	0.25
205019.0	0.1
159455.0	0.06
49055.0	0.3
33829.0	0.09
64549.0	0.37
74016.0	0.22
84803.0	0.14
101960.0	0.08
144981.0	0.04
13279.0	0.41
121211.0	0.1
55792.0	0.2
173710.0	0.03
36915.0	0.16
66709.0	0.07
217083.0	0.07
23921.0	0.42
46105.0	0.15
53838.0	0.13
96952.0	0.15
67208.0	0.06
64328.0	0.04
91062.0	0.16
81614.0	0.15
97320.0	0.18
68788.0	0.29
91328.0	0.27
73299.0	0.12
192635.0	0.13
35874.0	0.3
50178.0	0.3
205043.0	0.12
39675.0	0.11
19967.0	0.13
73021.0	0.21
56370.0	0.2
34438.0	0.22
92798.0	0.05
145093.0	0.07
41771.0	0.21
222968.0	0.03
55041.0	0.18
47222.0	0.21
29920.0	0.15
321293.0	0.08
121083.0	0.15
116436.0	0.09
122723.0	0.15
116473.0	0.14
313323.0	0.06
63584.0	0.33
82132.0	0.09
99108.0	0.04
87279.0	0.11
73068.0	0.1
110607.0	0.01
62121.0	0.08
87419.0	0.11
72567.0	0.1
90001.0	0.28
109102.0	0.18
64536.0	0.2
44183.0	0.19
121168.0	0.06
212457.0	0.12
206452.0	0.12
89843.0	0.18
79054.0	0.06
132884.0	0.11
53824.0	0.14
72797.0	0.14
95844.0	0.03
70633.0	0.25
73028.0	0.07
87481.0	0.27
182258.0	0.19
102706.0	0.21
61054.0	0.2
133021.0	0.12
180876.0	0.09
88371.0	0.11
67877.0	0.13
94173.0	0.16
70408.0	0.09
73109.0	0.05
74279.0	0.2
63192.0	0.11
19148.0	0.21
56422.0	0.2
105608.0	0.24
136165.0	0.08
10649.0	0.45
95783.0	0.06
121157.0	0.21
65729.0	0.2
144597.0	0.07
75579.0	0.2
140836.0	0.05
43871.0	0.08
105360.0	0.23
84903.0	0.14
76232.0	0.03
56039.0	0.12
90692.0	0.11
180772.0	0.03
97068.0	0.19
169240.0	0.06
65879.0	0.08
88555.0	0.23
36963.0	0.22
63499.0	0.04
101911.0	0.15
26833.0	0.17
60933.0	0.11
34577.0	0.23
99418.0	0.03
483174.0	0.03
79992.0	0.03
91202.0	0.04
91255.0	0.16
121098.0	0.1
97289.0	0.26
122267.0	0.12
150122.0	0.2
126079.0	0.14
181332.0	0.07
210878.0	0.03
89021.0	0.1
147230.0	0.1
102282.0	0.1
25140.0	0.08
79031.0	0.22
75369.0	0.11
29883.0	0.33
14506.0	0.26
151415.0	0.07
85049.0	0.13
168956.0	0.15
91384.0	0.11
144617.0	0.03
104518.0	0.19
94872.0	0.11
81278.0	0.12
44952.0	0.33
89804.0	0.11
61206.0	0.36
18211.0	0.16
118758.0	0.17
92647.0	0.03
74665.0	0.08
429091.0	0.03
70435.0	0.12
66781.0	0.04
63257.0	0.23
47674.0	0.12
66806.0	0.13
38067.0	0.24
37221.0	0.08
139172.0	0.07
34795.0	0.05
76236.0	0.04
21959.0	0.05
76062.0	0.2
68080.0	0.09
112528.0	0.02
70737.0	0.08
73067.0	0.21
116423.0	0.09
53554.0	0.04
137449.0	0.11
55939.0	0.15
72861.0	0.16
30847.0	0.08
90692.0	0.11
76227.0	0.12
108661.0	0.05
151231.0	0.16
101710.0	0.18
71586.0	0.08
130727.0	0.15
169036.0	0.15
100474.0	0.08
86667.0	0.2
22735.0	0.44
118614.0	0.21
88382.0	0.08
78875.0	0.04
51826.0	0.15
90856.0	0.33
29730.0	0.32
90785.0	0.33
182062.0	0.12
68772.0	0.41
115037.0	0.03
94460.0	0.1
64024.0	0.11
37228.0	0.21
109035.0	0.22
55062.0	0.07
64255.0	0.09
120531.0	0.17
60170.0	0.04
102906.0	0.05
78857.0	0.06
56426.0	0.13
133097.0	0.05
39320.0	0.33
67404.0	0.15
106583.0	0.05
85071.0	0.14
83927.0	0.07
27047.0	0.05
72676.0	0.13
205007.0	0.08
22489.0	0.25
90070.0	0.11
57773.0	0.07
23993.0	0.25
144083.0	0.04
211045.0	0.05
29778.0	0.17
65854.0	0.12
46835.0	0.35
37026.0	0.41
98154.0	0.07
32374.0	0.12
86163.0	0.14
65468.0	0.03
88152.0	0.17
92736.0	0.16
81133.0	0.12
123320.0	0.12
118630.0	0.08
61115.0	0.1
45698.0	0.18
89618.0	0.07
117398.0	0.14
92297.0	0.05
936964.0	0.01
130553.0	0.1
63238.0	0.08
66034.0	0.15
77129.0	0.1
18328.0	0.11
132741.0	0.09
67003.0	0.13
21512.0	0.23
61765.0	0.02
84771.0	0.12
44309.0	0.25
102035.0	0.08
19066.0	0.21
97019.0	0.15
86146.0	0.14
89798.0	0.18
97433.0	0.11
97290.0	0.15
72645.0	0.08
127132.0	0.04
60829.0	0.41
103064.0	0.34
75654.0	0.13
163129.0	0.04
87340.0	0.08
39334.0	0.06
78859.0	0.05
93302.0	0.06
60966.0	0.33
106632.0	0.09
126291.0	0.12
90901.0	0.12
111611.0	0.07
87336.0	0.11
89178.0	0.16
47692.0	0.34
29767.0	0.36
94257.0	0.15
112166.0	0.11
84923.0	0.12
144839.0	0.14
26730.0	0.17
77492.0	0.02
46775.0	0.08
54301.0	0.18
97103.0	0.15
76644.0	0.05
162761.0	0.11
109820.0	0.18
169246.0	0.15
447379.0	0.01
71769.0	0.06
208059.0	0.1
101553.0	0.09
83706.0	0.19
43196.0	0.19
87069.0	0.1
49973.0	0.2
22526.0	0.26
76675.0	0.23
87486.0	0.05
172810.0	0.09
35616.0	0.15
59989.0	0.33
95755.0	0.05
73588.0	0.04
75337.0	0.02
29592.0	0.26
61156.0	0.26
115985.0	0.21
65570.0	0.18
13425.0	0.38
64333.0	0.15
72556.0	0.08
93411.0	0.24
23963.0	0.29
62421.0	0.06
90885.0	0.03
66922.0	0.06
75063.0	0.23
44219.0	0.16
53753.0	0.07
84920.0	0.16
54927.0	0.15
144803.0	0.03
54819.0	0.08
48897.0	0.08
39556.0	0.06
109010.0	0.14
43026.0	0.12
32334.0	0.37
49481.0	0.1
187440.0	0.06
145242.0	0.07
64773.0	0.04
75805.0	0.05
97022.0	0.26
94761.0	0.03
67104.0	0.13
45608.0	0.06
58822.0	0.09
109238.0	0.05
44257.0	0.14
66951.0	0.13
36905.0	0.16
89888.0	0.18
79180.0	0.15
60777.0	0.21
72893.0	0.07
41907.0	0.24
37046.0	0.29
65705.0	0.14
35413.0	0.07
159398.0	0.05
64719.0	0.04
132925.0	0.03
36842.0	0.27
128160.0	0.03
79393.0	0.1
76145.0	0.07
37996.0	0.19
66944.0	0.12
50109.0	0.14
126994.0	0.19
138969.0	0.05
118331.0	0.17
132788.0	0.1
64314.0	0.1
144896.0	0.05
91008.0	0.04
76633.0	0.05
65727.0	0.14
19657.0	0.16
73045.0	0.07
111420.0	0.03
57833.0	0.23
57332.0	0.12
104233.0	0.15
141075.0	0.06
75750.0	0.1
32281.0	0.25
115078.0	0.1
180713.0	0.07
145269.0	0.17
72969.0	0.11
64193.0	0.23
61273.0	0.14
126865.0	0.11
138994.0	0.12
121751.0	0.17
68525.0	0.32
75554.0	0.07
39306.0	0.05
423202.0	0.02
60663.0	0.34
122680.0	0.12
108608.0	0.11
240894.0	0.09
66787.0	0.12
36070.0	0.37
97155.0	0.06
34574.0	0.1
50350.0	0.14
37462.0	0.04
64430.0	0.19
281967.0	0.07
48104.0	0.12
136577.0	0.11
67088.0	0.13
133066.0	0.19
66006.0	0.04
65534.0	0.2
78943.0	0.14
83761.0	0.17
94603.0	0.05
104178.0	0.1
69368.0	0.07
104110.0	0.19
120973.0	0.21
35282.0	0.37
123240.0	0.12
78126.0	0.1
138900.0	0.04
91394.0	0.05
37539.0	0.19
87311.0	0.08
26976.0	0.09
78784.0	0.05
88643.0	0.09
65893.0	0.08
37020.0	0.27
39651.0	0.04
49511.0	0.13
113782.0	0.08
119794.0	0.07
60208.0	0.08
102791.0	0.06
63897.0	0.31
91139.0	0.03
82742.0	0.07
54942.0	0.24
49311.0	0.2
66644.0	0.1
99464.0	0.15
79210.0	0.25
46164.0	0.11
90665.0	0.09
44743.0	0.34
138813.0	0.02
130396.0	0.11
61526.0	0.13
90976.0	0.08
56084.0	0.2
49050.0	0.05
33944.0	0.34
53840.0	0.07
26266.0	0.28
109066.0	0.06
39209.0	0.31
101952.0	0.1
65822.0	0.23
87171.0	0.15
78865.0	0.3
64782.0	0.08
72894.0	0.33
116439.0	0.21
60796.0	0.18
66345.0	0.12
101796.0	0.12
66959.0	0.15
181182.0	0.12
108990.0	0.14
144975.0	0.07
60918.0	0.05
61044.0	0.05
79350.0	0.08
83027.0	0.3
60890.0	0.08
90267.0	0.12
172583.0	0.1
63389.0	0.16
169170.0	0.07
60682.0	0.07
76433.0	0.17
83836.0	0.18
61001.0	0.03
133298.0	0.08
29137.0	0.21
57467.0	0.21
124084.0	0.09
156789.0	0.01
63397.0	0.17
89540.0	0.27
126941.0	0.1
70523.0	0.09
101851.0	0.2
100598.0	0.13
54872.0	0.18
91077.0	0.16
61521.0	0.33
75866.0	0.13
92275.0	0.22
114856.0	0.21
65871.0	0.15
84909.0	0.24
72998.0	0.07
35647.0	0.06
71937.0	0.23
172618.0	0.05
67232.0	0.27
110573.0	0.08
116619.0	0.09
23865.0	0.37
36966.0	0.41
143018.0	0.17
58643.0	0.15
