0.0	326.0
603.0	2731.0
400.0	4125.0
5039.0	19201.0
5.0	348.0
109.0	1063.0
9.0	250.0
1782.0	16852.0
48.0	1767.0
81.0	1774.0
56.0	523.0
127.0	1650.0
25.0	348.0
166.0	3736.0
158.0	1098.0
3.0	102.0
155.0	1318.0
538.0	9713.0
92.0	875.0
108.0	586.0
43.0	167.0
716.0	4708.0
0.0	36.0
994.0	8127.0
0.0	243.0
102.0	607.0
7978.0	24708.0
12.0	164.0
10.0	1091.0
238.0	3219.0
80.0	1063.0
1.0	222.0
322.0	2625.0
148.0	915.0
743.0	6245.0
87.0	8123.0
15.0	1036.0
19.0	936.0
542.0	1986.0
407.0	3066.0
40.0	818.0
778.0	6428.0
278.0	1050.0
249.0	1005.0
225.0	1501.0
802.0	2339.0
202.0	1435.0
4.0	148.0
849.0	4461.0
1763.0	6905.0
486.0	1911.0
30.0	930.0
31.0	312.0
0.0	298.0
183.0	842.0
816.0	4804.0
102.0	1737.0
27.0	700.0
962.0	7606.0
8760.0	29282.0
785.0	6986.0
221.0	3128.0
2078.0	13770.0
92.0	618.0
74.0	1146.0
492.0	2557.0
43.0	265.0
5.0	70.0
186.0	7835.0
28.0	1720.0
350.0	2083.0
1175.0	6056.0
41.0	1093.0
110.0	1043.0
295.0	853.0
107.0	2041.0
909.0	5286.0
3.0	983.0
13.0	862.0
89.0	1115.0
602.0	6038.0
322.0	634.0
213.0	553.0
37.0	702.0
594.0	5843.0
2164.0	4659.0
0.0	24.0
1031.0	3318.0
0.0	211.0
1391.0	9190.0
178.0	882.0
156.0	948.0
0.0	71.0
205.0	696.0
311.0	1907.0
309.0	1445.0
32.0	719.0
0.0	22.0
655.0	3739.0
0.0	525.0
0.0	603.0
0.0	739.0
22.0	87.0
300.0	2492.0
213.0	449.0
59.0	226.0
22.0	339.0
373.0	1902.0
88.0	1136.0
137.0	667.0
56.0	406.0
0.0	263.0
110.0	450.0
753.0	4246.0
187.0	1129.0
281.0	1590.0
82.0	1241.0
223.0	2146.0
83.0	810.0
92.0	1020.0
524.0	3988.0
85.0	873.0
15.0	228.0
192.0	1182.0
30.0	414.0
83.0	931.0
445.0	1470.0
274.0	2222.0
185.0	1486.0
162.0	1249.0
258.0	1490.0
1638.0	5237.0
181.0	1660.0
0.0	96.0
0.0	0.0
1.0	271.0
155.0	1065.0
0.0	47.0
114.0	1162.0
1306.0	6875.0
115.0	2441.0
229.0	1392.0
67.0	711.0
145.0	786.0
1098.0	3456.0
24.0	484.0
14.0	127.0
46.0	489.0
61.0	697.0
19170.0	80666.0
15.0	145.0
226.0	922.0
688.0	3627.0
0.0	0.0
42.0	426.0
109.0	1677.0
64.0	4735.0
1748.0	10599.0
1089.0	6962.0
324.0	2768.0
298.0	5283.0
442.0	2197.0
573.0	3421.0
550.0	1617.0
3.0	2832.0
43.0	287.0
0.0	729.0
510.0	1501.0
24.0	512.0
31.0	960.0
74.0	440.0
277.0	1723.0
0.0	39.0
427.0	2909.0
280.0	2350.0
192.0	1033.0
236.0	5290.0
179.0	1586.0
0.0	36.0
99.0	938.0
478.0	3430.0
3233.0	11925.0
524.0	2080.0
303.0	2947.0
64.0	1050.0
0.0	93.0
592.0	2474.0
278.0	1042.0
31.0	380.0
103.0	893.0
231.0	3025.0
62.0	274.0
528.0	1446.0
416.0	2056.0
473.0	1738.0
6.0	357.0
33.0	769.0
481.0	3619.0
0.0	217.0
17.0	327.0
109.0	2493.0
69.0	180.0
19.0	679.0
18.0	330.0
7.0	226.0
484.0	2019.0
100.0	1095.0
15.0	537.0
59.0	520.0
0.0	111.0
96.0	872.0
0.0	292.0
41.0	611.0
3007.0	10515.0
8.0	227.0
276.0	2436.0
147.0	1184.0
87.0	1244.0
149.0	606.0
1126.0	7759.0
148.0	536.0
0.0	16.0
275.0	2050.0
181.0	532.0
228.0	2335.0
18.0	744.0
97.0	690.0
117.0	508.0
8.0	291.0
649.0	11751.0
68.0	1172.0
0.0	203.0
374.0	5939.0
300.0	1694.0
101.0	1512.0
0.0	232.0
0.0	280.0
27.0	179.0
243.0	3609.0
123.0	1027.0
299.0	2037.0
86.0	2886.0
566.0	1148.0
116.0	1501.0
27.0	352.0
235.0	1196.0
4.0	316.0
16.0	588.0
165.0	949.0
369.0	1925.0
266.0	1158.0
0.0	325.0
649.0	6011.0
643.0	5080.0
122.0	1156.0
595.0	5078.0
474.0	2110.0
233.0	1827.0
905.0	3851.0
192.0	1000.0
733.0	2570.0
91.0	1381.0
317.0	3223.0
177.0	2158.0
0.0	15.0
100.0	1519.0
194.0	1833.0
118.0	1946.0
28.0	460.0
114.0	609.0
81.0	395.0
274.0	2335.0
134.0	762.0
29.0	522.0
0.0	131.0
5.0	1283.0
0.0	647.0
161.0	893.0
10.0	1045.0
1215.0	8174.0
70.0	1506.0
10.0	895.0
399.0	2850.0
347.0	6112.0
534.0	4496.0
299.0	1824.0
67.0	1146.0
3.0	193.0
215.0	3977.0
37.0	421.0
285.0	1641.0
63.0	428.0
30.0	213.0
190.0	683.0
70.0	2717.0
109.0	2153.0
408.0	3918.0
0.0	560.0
101.0	1483.0
178.0	2240.0
214.0	3522.0
119.0	236.0
0.0	16.0
93.0	191.0
1880.0	9061.0
773.0	6258.0
46.0	894.0
7815.0	31829.0
149.0	429.0
339.0	5252.0
0.0	201.0
1514.0	6552.0
23.0	265.0
0.0	123.0
50.0	888.0
91.0	794.0
804.0	2714.0
53.0	560.0
191.0	879.0
38433.0	123010.0
1295.0	5566.0
97.0	308.0
4059.0	16799.0
13.0	145.0
105.0	1290.0
78.0	478.0
58.0	161.0
111.0	902.0
147.0	1779.0
347.0	1196.0
32.0	349.0
639.0	5273.0
892.0	3939.0
22.0	476.0
616.0	2060.0
22.0	335.0
362.0	1534.0
750.0	4002.0
50.0	542.0
53.0	862.0
136.0	2321.0
203.0	2900.0
3.0	301.0
42.0	1167.0
283.0	2450.0
144.0	1471.0
0.0	976.0
130.0	2427.0
0.0	285.0
0.0	36.0
15098.0	42615.0
107.0	1162.0
1627.0	16967.0
39.0	799.0
156.0	2770.0
144.0	1290.0
113.0	523.0
50.0	947.0
211.0	709.0
98.0	718.0
464.0	2715.0
656.0	11019.0
198.0	1260.0
1290.0	6557.0
49.0	643.0
97.0	339.0
140.0	610.0
85.0	239.0
140.0	1961.0
54.0	495.0
34.0	814.0
28.0	494.0
446.0	1079.0
39.0	139.0
23.0	429.0
23.0	1316.0
202.0	3311.0
0.0	194.0
1327.0	6430.0
107.0	572.0
137.0	1302.0
65.0	515.0
230.0	895.0
470.0	573.0
268.0	1756.0
0.0	355.0
2322.0	10856.0
1295.0	9036.0
705.0	3725.0
0.0	165.0
9.0	1184.0
421.0	1827.0
1366.0	16765.0
26.0	212.0
345.0	1542.0
1089.0	4505.0
0.0	0.0
141.0	1741.0
126.0	537.0
82.0	2257.0
120.0	948.0
137.0	604.0
22.0	436.0
65.0	613.0
185.0	903.0
1979.0	10969.0
0.0	0.0
128.0	863.0
237.0	5040.0
547.0	1841.0
192.0	1366.0
0.0	47.0
37.0	187.0
254.0	900.0
553.0	2408.0
370.0	2252.0
66.0	2113.0
276.0	4465.0
474.0	3697.0
414.0	1866.0
355.0	1616.0
168.0	809.0
46.0	860.0
60.0	2266.0
100.0	541.0
24.0	903.0
266.0	2173.0
101.0	5420.0
818.0	2459.0
0.0	102.0
316.0	2385.0
253.0	931.0
584.0	4355.0
1.0	772.0
89.0	530.0
164.0	1099.0
0.0	38.0
144.0	875.0
239.0	1490.0
434.0	4142.0
642.0	4009.0
335.0	2053.0
97.0	854.0
0.0	305.0
135.0	372.0
128.0	354.0
0.0	42.0
0.0	316.0
57.0	1960.0
162.0	551.0
303.0	1422.0
73.0	835.0
58.0	824.0
53.0	696.0
18.0	293.0
107.0	486.0
516.0	6882.0
13.0	1048.0
962.0	3595.0
413.0	3972.0
252.0	2950.0
494.0	2286.0
1260.0	5739.0
40.0	581.0
275.0	3279.0
388.0	3025.0
282.0	880.0
43.0	1088.0
57.0	878.0
234.0	3402.0
0.0	17.0
283.0	543.0
663.0	3419.0
42.0	303.0
601.0	7871.0
16.0	573.0
893.0	5197.0
156.0	471.0
562.0	3463.0
18.0	289.0
137.0	1805.0
253.0	2489.0
280.0	617.0
72.0	947.0
6.0	297.0
86.0	1164.0
647.0	4442.0
881.0	10530.0
236.0	3043.0
710.0	3441.0
692.0	4144.0
663.0	4011.0
151.0	2581.0
5527.0	18984.0
297.0	1229.0
233.0	1537.0
82.0	887.0
166.0	1128.0
0.0	286.0
443.0	2136.0
323.0	5038.0
238.0	970.0
275.0	1413.0
981.0	7178.0
287.0	1110.0
171.0	366.0
1160.0	7150.0
1956.0	6897.0
79.0	969.0
71.0	901.0
29.0	156.0
235.0	692.0
0.0	184.0
112.0	2542.0
526.0	4639.0
206.0	1361.0
11.0	264.0
83.0	1182.0
192.0	998.0
28.0	248.0
0.0	252.0
240.0	1262.0
250.0	1322.0
533.0	2258.0
310.0	4139.0
0.0	66.0
95.0	891.0
125.0	1795.0
526.0	3331.0
70.0	1016.0
500.0	3996.0
483.0	3385.0
90.0	998.0
76.0	1743.0
111.0	1062.0
59.0	341.0
96.0	1589.0
249.0	1472.0
401.0	2851.0
668.0	8036.0
621.0	4146.0
678.0	14179.0
850.0	4625.0
643.0	3231.0
57.0	480.0
102.0	260.0
71.0	1354.0
427.0	2250.0
266.0	1578.0
129.0	1682.0
124.0	484.0
191.0	1325.0
212.0	1670.0
49.0	1473.0
123.0	1787.0
367.0	4295.0
12.0	162.0
265.0	2874.0
753.0	4246.0
91.0	423.0
1439.0	5772.0
0.0	147.0
2395.0	10437.0
32.0	482.0
328.0	6665.0
1050.0	5884.0
30.0	988.0
357.0	5359.0
39.0	421.0
61.0	704.0
87.0	543.0
26.0	601.0
1.0	552.0
296.0	1471.0
446.0	3066.0
61.0	450.0
1041.0	8261.0
236.0	1933.0
125.0	1994.0
460.0	2554.0
1134.0	5210.0
66.0	417.0
291.0	2982.0
105.0	542.0
111.0	229.0
21716.0	81325.0
400.0	5404.0
377.0	3178.0
0.0	234.0
233.0	1319.0
92.0	795.0
712.0	4193.0
7.0	154.0
40.0	426.0
80.0	774.0
339.0	3295.0
0.0	595.0
134.0	612.0
30.0	320.0
489.0	2506.0
0.0	283.0
935.0	2046.0
147.0	1661.0
254.0	4409.0
253.0	2178.0
145.0	694.0
0.0	153.0
557.0	2621.0
114.0	546.0
586.0	11653.0
753.0	10895.0
231.0	1879.0
774.0	7344.0
492.0	1391.0
119.0	791.0
221.0	2159.0
504.0	848.0
57.0	1356.0
39.0	705.0
512.0	2310.0
129.0	2559.0
565.0	1292.0
50.0	592.0
7.0	66.0
959.0	3811.0
182.0	1207.0
195.0	676.0
421.0	6988.0
45.0	642.0
837.0	6357.0
0.0	164.0
48.0	627.0
451.0	634.0
1053.0	9995.0
159.0	380.0
130.0	838.0
612.0	10269.0
30.0	576.0
269.0	2316.0
18.0	1473.0
0.0	115.0
388.0	2419.0
97.0	1959.0
1889.0	14117.0
24381.0	101058.0
20.0	141.0
165.0	1350.0
29.0	1129.0
566.0	3757.0
42.0	431.0
469.0	3406.0
61.0	471.0
281.0	2821.0
129.0	972.0
107.0	765.0
485.0	1831.0
476.0	3462.0
434.0	2417.0
122.0	1101.0
113.0	2389.0
1.0	850.0
1985.0	11849.0
430.0	2822.0
313.0	2607.0
87.0	3772.0
115.0	1513.0
622.0	1868.0
146.0	819.0
3080.0	9921.0
437.0	2368.0
1965.0	10937.0
51.0	184.0
149.0	1268.0
336.0	2941.0
1047.0	2623.0
244.0	1245.0
251.0	1231.0
1018.0	4311.0
129.0	1213.0
129.0	1135.0
169.0	599.0
766.0	5450.0
1287.0	8397.0
136.0	1458.0
24.0	1108.0
32.0	906.0
149.0	1207.0
272.0	1095.0
716.0	3841.0
152.0	1369.0
42.0	110.0
578.0	4039.0
223.0	1858.0
88.0	888.0
376.0	1600.0
31.0	246.0
441.0	1779.0
55.0	611.0
350.0	1500.0
91.0	730.0
1344.0	14690.0
391.0	1916.0
204.0	2666.0
208.0	926.0
0.0	381.0
179.0	1080.0
631.0	3076.0
143.0	607.0
201.0	1381.0
26.0	433.0
384.0	648.0
369.0	3877.0
37.0	688.0
196.0	1225.0
404.0	1783.0
0.0	50.0
66.0	843.0
8.0	318.0
177.0	1140.0
49.0	665.0
377.0	4192.0
338.0	748.0
277.0	2969.0
169.0	892.0
430.0	1582.0
157.0	2506.0
406.0	3768.0
2.0	681.0
630.0	2480.0
132.0	1693.0
1009.0	4073.0
440.0	1374.0
37.0	314.0
0.0	82.0
0.0	119.0
591.0	3244.0
204.0	2068.0
718.0	3566.0
98.0	549.0
566.0	3919.0
727.0	4476.0
355.0	3570.0
38.0	561.0
84.0	449.0
536.0	5809.0
1775.0	12200.0
1340.0	5105.0
0.0	32.0
572.0	3426.0
165.0	2093.0
641.0	1344.0
2931.0	20690.0
376.0	4187.0
0.0	777.0
282.0	4371.0
41.0	151.0
134.0	522.0
564.0	1084.0
779.0	2770.0
0.0	97.0
18322.0	68934.0
123.0	774.0
395.0	4729.0
196.0	1635.0
0.0	388.0
860.0	5713.0
139.0	2556.0
0.0	378.0
906.0	4983.0
144.0	400.0
16.0	1196.0
16.0	16.0
38.0	500.0
550.0	1168.0
0.0	284.0
0.0	45.0
1368.0	8529.0
333.0	1738.0
329.0	1350.0
268.0	1397.0
35468.0	104359.0
275.0	1230.0
126.0	895.0
18.0	1016.0
59.0	952.0
35.0	1271.0
337.0	1397.0
111.0	1243.0
0.0	678.0
336.0	1994.0
442.0	856.0
0.0	0.0
239.0	630.0
70.0	650.0
65.0	605.0
110.0	971.0
20247.0	66156.0
916.0	4013.0
1199.0	7885.0
422.0	2796.0
1357.0	9527.0
88.0	264.0
20.0	457.0
1504.0	9472.0
11.0	3190.0
824.0	4280.0
48.0	1493.0
421.0	5118.0
773.0	5380.0
97.0	1408.0
84.0	940.0
205.0	1152.0
539.0	3001.0
120.0	512.0
1717.0	6711.0
319.0	1662.0
876.0	2596.0
0.0	192.0
436.0	2772.0
70.0	682.0
31.0	377.0
88.0	123.0
75.0	383.0
236.0	3936.0
145.0	1679.0
136.0	485.0
472.0	3554.0
14.0	403.0
207.0	1197.0
267.0	1685.0
0.0	95.0
339.0	2526.0
434.0	3284.0
315.0	849.0
177.0	658.0
146.0	1551.0
748.0	6442.0
0.0	485.0
10841.0	37844.0
262.0	2082.0
207.0	759.0
4506.0	14416.0
201.0	1568.0
0.0	75.0
0.0	113.0
15.0	487.0
359.0	1044.0
22.0	567.0
306.0	1406.0
0.0	528.0
57.0	1686.0
408.0	1438.0
93.0	787.0
375.0	3892.0
230.0	644.0
0.0	368.0
80.0	424.0
992.0	5136.0
630.0	3072.0
906.0	10927.0
16.0	1196.0
14.0	199.0
178.0	1871.0
248.0	2283.0
168.0	1408.0
539.0	4533.0
83.0	271.0
297.0	1700.0
283.0	1073.0
25.0	1020.0
181.0	906.0
193.0	2100.0
1505.0	8587.0
1261.0	7653.0
320.0	1730.0
169.0	992.0
101.0	375.0
166.0	1233.0
1117.0	6098.0
155.0	1287.0
272.0	1943.0
214.0	3155.0
131.0	1316.0
936.0	6695.0
119.0	543.0
753.0	3500.0
4.0	1388.0
736.0	5625.0
125.0	2064.0
8710.0	31626.0
0.0	350.0
8.0	163.0
108.0	1375.0
0.0	280.0
82.0	520.0
50.0	951.0
132.0	815.0
155.0	756.0
382.0	1063.0
78.0	542.0
372.0	2594.0
141.0	571.0
0.0	836.0
1642.0	8022.0
343.0	657.0
0.0	0.0
14.0	856.0
63.0	1789.0
905.0	4617.0
919.0	4691.0
207.0	2689.0
2.0	569.0
141.0	2429.0
0.0	0.0
321.0	695.0
239.0	3025.0
752.0	3210.0
2.0	193.0
5.0	148.0
490.0	4486.0
6432.0	23299.0
67.0	151.0
271.0	1800.0
21.0	345.0
0.0	15.0
365.0	2708.0
0.0	128.0
177.0	2789.0
938.0	9494.0
1435.0	8393.0
1349.0	6989.0
492.0	2601.0
186.0	7722.0
839.0	6399.0
612.0	3531.0
324.0	4444.0
136.0	1436.0
285.0	795.0
631.0	6069.0
289.0	1355.0
628.0	1754.0
142.0	592.0
553.0	3454.0
249.0	1181.0
59.0	425.0
171.0	838.0
333.0	2916.0
148.0	1241.0
66.0	944.0
690.0	2872.0
320.0	1351.0
0.0	120.0
978.0	15746.0
308.0	4357.0
136.0	2387.0
217.0	1925.0
78.0	1154.0
2060.0	7113.0
67.0	1181.0
3066.0	17301.0
316.0	2212.0
126.0	1865.0
142.0	619.0
0.0	193.0
7.0	707.0
29.0	521.0
64.0	571.0
29.0	922.0
129.0	344.0
0.0	0.0
75.0	597.0
217.0	776.0
49.0	1583.0
24.0	990.0
757.0	11239.0
56.0	560.0
19.0	295.0
802.0	6960.0
609.0	1281.0
179.0	870.0
574.0	2282.0
203.0	1929.0
824.0	6934.0
36.0	815.0
160.0	666.0
99.0	608.0
183.0	1305.0
91.0	3467.0
124.0	725.0
22.0	493.0
17.0	110.0
242.0	417.0
54.0	608.0
22.0	516.0
385.0	2284.0
59.0	1247.0
312.0	5721.0
405.0	2519.0
636.0	1381.0
216.0	2489.0
239.0	2851.0
272.0	2494.0
76.0	710.0
644.0	5803.0
918.0	5809.0
1209.0	6070.0
94.0	3715.0
0.0	608.0
230.0	2240.0
117.0	937.0
498.0	1309.0
86.0	567.0
979.0	7514.0
155.0	553.0
303.0	931.0
0.0	118.0
64.0	530.0
156.0	418.0
0.0	62.0
467.0	1598.0
91.0	1608.0
11.0	1084.0
65.0	496.0
666.0	5909.0
275.0	1124.0
892.0	2652.0
45.0	512.0
0.0	0.0
90.0	375.0
162.0	3455.0
207.0	794.0
637.0	7882.0
146.0	1031.0
2388.0	8393.0
180.0	1796.0
1003.0	6263.0
485.0	3840.0
50.0	663.0
164.0	1086.0
84.0	1230.0
1064.0	8492.0
50.0	299.0
187.0	2579.0
9022.0	60369.0
20.0	398.0
615.0	4719.0
68.0	185.0
150.0	3764.0
672.0	12368.0
73.0	1082.0
354.0	4785.0
123.0	554.0
376.0	5282.0
135.0	467.0
33.0	97.0
80.0	613.0
14.0	487.0
53.0	175.0
951.0	3568.0
123.0	1396.0
512.0	2746.0
515.0	1692.0
113.0	1061.0
45.0	467.0
183.0	2880.0
379.0	2414.0
0.0	0.0
119.0	989.0
43.0	673.0
589.0	851.0
432.0	3279.0
145.0	1233.0
1365.0	2117.0
662.0	3834.0
7.0	196.0
320.0	2604.0
110.0	1431.0
0.0	118.0
129.0	731.0
0.0	213.0
58.0	1540.0
851.0	5591.0
0.0	331.0
108.0	591.0
90.0	1717.0
16.0	168.0
701.0	5280.0
0.0	0.0
359.0	2090.0
158.0	1813.0
844.0	6657.0
407.0	1628.0
412.0	4264.0
376.0	1741.0
692.0	3702.0
365.0	3682.0
0.0	0.0
7.0	863.0
185.0	793.0
88.0	799.0
207.0	1021.0
0.0	77.0
64.0	864.0
0.0	171.0
230.0	614.0
67.0	749.0
404.0	1340.0
138.0	696.0
184.0	1217.0
257.0	2015.0
149.0	1067.0
0.0	20.0
330.0	962.0
11741.0	46902.0
2913.0	19740.0
0.0	441.0
0.0	185.0
155.0	971.0
255.0	1612.0
1019.0	13125.0
0.0	226.0
277.0	1706.0
69.0	343.0
560.0	4168.0
107.0	2098.0
69.0	1040.0
567.0	3055.0
41.0	136.0
11.0	266.0
342.0	5626.0
650.0	5013.0
200.0	2757.0
93.0	1294.0
248.0	2912.0
32.0	795.0
165.0	187.0
0.0	0.0
361.0	1615.0
3.0	280.0
1378.0	5564.0
97.0	1310.0
438.0	3623.0
3794.0	17190.0
1869.0	12503.0
64.0	163.0
280.0	864.0
115.0	458.0
226.0	1645.0
56.0	775.0
206.0	1074.0
4635.0	24703.0
207.0	1266.0
171.0	2422.0
37.0	895.0
289.0	4038.0
0.0	0.0
141.0	2032.0
1.0	87.0
320.0	5656.0
120.0	849.0
439.0	1566.0
81.0	1072.0
97.0	908.0
716.0	3615.0
0.0	211.0
527.0	6601.0
367.0	2043.0
303.0	744.0
205.0	2591.0
112.0	891.0
36.0	1034.0
138.0	694.0
6.0	472.0
15.0	544.0
1024.0	8915.0
234.0	2023.0
25.0	519.0
0.0	0.0
2016.0	6740.0
1.0	1225.0
436.0	3073.0
0.0	0.0
396.0	2609.0
423.0	1383.0
16.0	370.0
45.0	735.0
467.0	3554.0
14.0	586.0
1482.0	8315.0
108.0	1309.0
278.0	1551.0
0.0	0.0
0.0	0.0
232.0	406.0
0.0	247.0
74.0	1088.0
151.0	898.0
17.0	929.0
1067.0	8680.0
61.0	715.0
1491.0	5878.0
38.0	734.0
394.0	3207.0
387.0	3827.0
15.0	952.0
0.0	181.0
0.0	292.0
204.0	935.0
92.0	854.0
17.0	361.0
253.0	3239.0
0.0	508.0
12697.0	48848.0
111.0	1180.0
0.0	261.0
0.0	184.0
0.0	0.0
320.0	826.0
21.0	438.0
320.0	2329.0
118.0	788.0
140.0	1517.0
681.0	2455.0
181.0	1976.0
41.0	60.0
276.0	961.0
272.0	1796.0
133.0	557.0
53.0	1839.0
0.0	0.0
0.0	79.0
276.0	5729.0
1526.0	7715.0
283.0	1069.0
39.0	223.0
520.0	1179.0
264.0	1782.0
0.0	506.0
0.0	241.0
864.0	2571.0
62.0	339.0
475.0	2702.0
0.0	24.0
100.0	218.0
80.0	730.0
122.0	2779.0
112.0	1011.0
227.0	3772.0
188.0	2428.0
77.0	687.0
603.0	3344.0
59.0	850.0
35.0	340.0
1543.0	9300.0
56.0	694.0
6996.0	26702.0
46.0	483.0
0.0	211.0
624.0	2856.0
342.0	3099.0
0.0	210.0
41.0	885.0
134.0	496.0
89.0	474.0
107.0	1933.0
32.0	110.0
669.0	4388.0
537.0	1751.0
186.0	3850.0
138.0	1109.0
357.0	1085.0
434.0	1792.0
12.0	282.0
527.0	4140.0
192.0	229.0
93.0	431.0
0.0	198.0
962.0	6267.0
0.0	32.0
612.0	4894.0
44.0	1875.0
400.0	10217.0
0.0	420.0
364.0	936.0
57.0	1520.0
1332.0	8204.0
3.0	686.0
0.0	484.0
1060.0	4473.0
1103.0	4482.0
35.0	1159.0
33.0	412.0
650.0	3306.0
569.0	3118.0
0.0	0.0
0.0	342.0
25.0	258.0
120.0	1842.0
244.0	827.0
1272.0	8600.0
360.0	2102.0
537.0	4252.0
68.0	1815.0
0.0	54.0
451.0	5022.0
534.0	4661.0
0.0	123.0
125.0	698.0
652.0	2034.0
78.0	1038.0
475.0	3275.0
242.0	1331.0
49.0	189.0
0.0	654.0
0.0	146.0
232.0	2412.0
177.0	1456.0
64.0	401.0
14.0	420.0
102.0	434.0
17.0	336.0
80.0	662.0
725.0	6891.0
594.0	5249.0
3.0	365.0
27.0	225.0
466.0	2272.0
1796.0	9498.0
119.0	1045.0
178.0	2690.0
134.0	1168.0
87.0	786.0
50.0	465.0
78.0	3310.0
43.0	500.0
63.0	910.0
20.0	448.0
143.0	195.0
5.0	494.0
315.0	1222.0
171.0	907.0
186.0	1498.0
519.0	2163.0
1377.0	6024.0
118.0	270.0
45.0	2282.0
19.0	704.0
2396.0	17505.0
92.0	2208.0
176.0	891.0
73.0	579.0
29.0	66.0
15.0	453.0
213.0	832.0
1368.0	8577.0
142.0	3536.0
3691.0	13510.0
783.0	3631.0
1942.0	10790.0
168.0	928.0
724.0	5277.0
317.0	2292.0
653.0	10382.0
69.0	317.0
338.0	2223.0
566.0	2467.0
0.0	22.0
2420.0	9139.0
197.0	2873.0
422.0	2264.0
13.0	808.0
333.0	5484.0
81.0	954.0
0.0	254.0
3812.0	14629.0
30.0	332.0
195.0	1538.0
75.0	1600.0
275.0	1885.0
517.0	5288.0
2850.0	15581.0
0.0	80.0
123.0	456.0
0.0	0.0
23.0	892.0
2085.0	9446.0
32.0	461.0
411.0	6940.0
1082.0	9749.0
0.0	0.0
28.0	196.0
10.0	543.0
1772.0	8611.0
0.0	51.0
141.0	715.0
64.0	1042.0
170.0	323.0
406.0	3429.0
233.0	1744.0
0.0	255.0
50.0	419.0
58.0	474.0
202.0	468.0
90.0	710.0
207.0	899.0
3115.0	11645.0
19.0	858.0
1359.0	6177.0
1163.0	6134.0
65.0	1473.0
746.0	2456.0
63.0	2007.0
59.0	735.0
18.0	713.0
760.0	4201.0
165.0	2438.0
83.0	196.0
148.0	1751.0
306.0	1573.0
382.0	1799.0
114.0	1629.0
530.0	2063.0
9.0	578.0
735.0	2090.0
110.0	1203.0
0.0	0.0
5225.0	25198.0
400.0	635.0
521.0	3440.0
175.0	1179.0
262.0	3014.0
27.0	595.0
451.0	1931.0
196.0	1210.0
0.0	268.0
1427.0	7128.0
602.0	4045.0
210.0	2627.0
451.0	1503.0
11.0	568.0
305.0	4896.0
892.0	10278.0
341.0	6019.0
134.0	906.0
230.0	2024.0
110.0	660.0
756.0	5253.0
66.0	423.0
142.0	2287.0
1996.0	5222.0
118.0	1728.0
18.0	268.0
72.0	588.0
56.0	971.0
59.0	59.0
508.0	3629.0
0.0	797.0
28981.0	91133.0
57.0	1187.0
202.0	826.0
0.0	0.0
37.0	1013.0
52.0	1048.0
213.0	876.0
1186.0	6786.0
80.0	330.0
0.0	191.0
61.0	369.0
225.0	856.0
206.0	3590.0
1037.0	6887.0
275.0	2912.0
876.0	6024.0
432.0	2029.0
328.0	2383.0
69.0	504.0
358.0	1671.0
243.0	2599.0
44.0	765.0
72.0	2319.0
309.0	940.0
114.0	738.0
44.0	237.0
883.0	9201.0
1432.0	6491.0
221.0	1282.0
134.0	494.0
175.0	2053.0
543.0	5985.0
113.0	1100.0
445.0	3355.0
284.0	4495.0
283.0	2224.0
111.0	827.0
185.0	1131.0
898.0	7504.0
35.0	253.0
46.0	800.0
0.0	319.0
10.0	371.0
59.0	715.0
182.0	1725.0
15.0	515.0
94.0	1133.0
19.0	223.0
234.0	2277.0
0.0	197.0
171.0	2267.0
518.0	4158.0
24834.0	73071.0
0.0	60.0
965.0	3489.0
482.0	3275.0
364.0	1754.0
30.0	494.0
0.0	380.0
5.0	374.0
14.0	144.0
60.0	574.0
282.0	3191.0
406.0	3368.0
281.0	833.0
88.0	402.0
823.0	3560.0
283.0	2484.0
13.0	266.0
176.0	1124.0
71.0	145.0
270.0	1093.0
496.0	3085.0
232.0	666.0
87.0	990.0
100.0	695.0
1034.0	6317.0
131.0	1159.0
231.0	1511.0
0.0	164.0
817.0	6649.0
38.0	465.0
314.0	862.0
270.0	2280.0
0.0	0.0
105.0	1042.0
655.0	11226.0
24.0	2167.0
505.0	1945.0
0.0	42.0
186.0	722.0
190.0	407.0
299.0	3266.0
820.0	11289.0
0.0	21.0
1160.0	4268.0
16.0	463.0
148.0	917.0
236.0	2296.0
531.0	2653.0
138.0	1950.0
13.0	777.0
1106.0	7934.0
113.0	241.0
65.0	432.0
197.0	497.0
421.0	3945.0
99.0	690.0
57.0	947.0
6.0	389.0
112.0	563.0
205.0	1331.0
165.0	1179.0
143.0	1298.0
192.0	899.0
1148.0	4283.0
95.0	305.0
382.0	2015.0
342.0	2186.0
551.0	4368.0
87.0	756.0
21.0	272.0
90.0	1553.0
560.0	1496.0
0.0	48.0
40.0	552.0
80.0	583.0
199.0	1571.0
311.0	3341.0
317.0	6366.0
238.0	2601.0
857.0	6151.0
0.0	89.0
85.0	774.0
20990.0	88660.0
547.0	5663.0
577.0	6436.0
478.0	2705.0
335.0	4435.0
669.0	5663.0
67.0	1898.0
16.0	425.0
0.0	39.0
1107.0	7765.0
887.0	5102.0
39.0	412.0
436.0	3450.0
129.0	3615.0
383.0	3441.0
308.0	1506.0
317.0	3180.0
278.0	1153.0
431.0	2533.0
139.0	430.0
268.0	3409.0
264.0	780.0
236.0	1126.0
166.0	2641.0
10.0	640.0
396.0	3995.0
2275.0	8558.0
100.0	2198.0
141.0	1490.0
120.0	2855.0
397.0	1440.0
335.0	1588.0
85.0	371.0
691.0	4165.0
2.0	382.0
66.0	1026.0
150.0	396.0
931.0	6184.0
4.0	847.0
977.0	6371.0
11.0	445.0
216.0	2483.0
518.0	1283.0
4.0	166.0
92.0	285.0
140.0	2605.0
79.0	1179.0
0.0	140.0
472.0	6338.0
316.0	3022.0
817.0	3543.0
39.0	264.0
17.0	322.0
47.0	256.0
281.0	2436.0
29.0	155.0
165.0	1362.0
0.0	106.0
460.0	3575.0
2.0	446.0
169.0	911.0
461.0	3397.0
811.0	6177.0
7.0	359.0
3.0	650.0
61.0	1440.0
14.0	257.0
142.0	1162.0
488.0	4868.0
117.0	5523.0
112.0	1240.0
105.0	402.0
0.0	380.0
857.0	5643.0
0.0	62.0
251.0	1141.0
90.0	515.0
549.0	3525.0
145.0	1094.0
210.0	1264.0
516.0	3721.0
8.0	257.0
50.0	181.0
0.0	17.0
0.0	1692.0
1216.0	3474.0
57.0	517.0
37.0	288.0
418.0	4154.0
232.0	2582.0
204.0	1644.0
790.0	4640.0
388.0	4576.0
277.0	7017.0
485.0	7606.0
414.0	3066.0
88.0	167.0
164.0	1927.0
63.0	1096.0
307.0	1487.0
625.0	4026.0
157.0	862.0
38.0	891.0
174.0	1598.0
314.0	4766.0
296.0	411.0
0.0	292.0
53260.0	140911.0
302.0	1503.0
613.0	2364.0
117.0	545.0
0.0	97.0
53.0	414.0
960.0	4633.0
0.0	72.0
387.0	2340.0
82.0	891.0
198.0	1896.0
74.0	786.0
58.0	312.0
9.0	258.0
146.0	404.0
236.0	4832.0
243.0	1705.0
89.0	618.0
133.0	685.0
126.0	434.0
182.0	1435.0
100.0	716.0
486.0	1789.0
218.0	1761.0
0.0	761.0
26.0	600.0
303.0	3273.0
68.0	470.0
0.0	374.0
178.0	1429.0
52.0	605.0
746.0	2389.0
72.0	840.0
348.0	1993.0
322.0	4726.0
33.0	333.0
0.0	44.0
138.0	406.0
0.0	243.0
360.0	1183.0
76.0	409.0
37722.0	124672.0
1081.0	10097.0
22.0	417.0
349.0	4204.0
172.0	721.0
144.0	1516.0
627.0	2094.0
18.0	289.0
615.0	3857.0
133.0	612.0
346.0	1803.0
116.0	787.0
1366.0	7337.0
332.0	2297.0
68.0	323.0
61.0	2153.0
244.0	680.0
120.0	1326.0
0.0	117.0
0.0	174.0
115.0	535.0
194.0	1102.0
161.0	1608.0
476.0	7371.0
355.0	1343.0
79.0	231.0
11.0	527.0
542.0	2099.0
666.0	7676.0
100.0	831.0
91.0	991.0
164.0	1131.0
507.0	4065.0
165.0	864.0
74.0	4035.0
169.0	173.0
9218.0	37346.0
15.0	465.0
35.0	631.0
531.0	2263.0
212.0	1409.0
75.0	634.0
479.0	1830.0
160.0	624.0
298.0	1496.0
0.0	131.0
59.0	849.0
184.0	2353.0
102.0	465.0
0.0	1164.0
212.0	1170.0
1325.0	9528.0
15.0	1030.0
563.0	7272.0
0.0	0.0
296.0	1941.0
43.0	371.0
2.0	200.0
411.0	3329.0
90.0	963.0
708.0	6145.0
321.0	326.0
0.0	115.0
18.0	204.0
318.0	2650.0
35.0	410.0
115.0	576.0
111.0	1325.0
72.0	1075.0
520.0	2409.0
312.0	1339.0
134.0	1909.0
770.0	8351.0
84.0	1570.0
252.0	1630.0
0.0	0.0
0.0	434.0
0.0	255.0
933.0	4637.0
0.0	272.0
153.0	3678.0
0.0	0.0
43.0	796.0
94.0	1999.0
8.0	96.0
26.0	145.0
336.0	796.0
14.0	267.0
212.0	1413.0
202.0	416.0
100.0	1709.0
86.0	1468.0
836.0	2575.0
135.0	184.0
90.0	1496.0
304.0	601.0
36.0	1193.0
0.0	443.0
76.0	1306.0
1306.0	6905.0
1048.0	6713.0
109.0	1266.0
96.0	603.0
49.0	664.0
543.0	5747.0
244.0	2626.0
109.0	808.0
34306.0	110731.0
3982.0	22303.0
168.0	2473.0
24167.0	66025.0
104.0	532.0
23.0	1279.0
321.0	701.0
174.0	1196.0
102.0	1705.0
253.0	1159.0
1092.0	5085.0
1263.0	9820.0
177.0	1618.0
478.0	2646.0
1518.0	6938.0
51.0	546.0
0.0	1125.0
0.0	219.0
496.0	2066.0
1521.0	4512.0
9.0	1178.0
77.0	1952.0
240.0	1156.0
9.0	498.0
627.0	3415.0
635.0	3548.0
427.0	1144.0
108.0	504.0
78.0	992.0
380.0	1851.0
117.0	1026.0
82.0	927.0
258.0	1174.0
690.0	4136.0
207.0	2082.0
137.0	1261.0
26.0	558.0
413.0	2201.0
95.0	1308.0
209.0	866.0
47.0	596.0
50.0	693.0
0.0	190.0
407.0	2095.0
1253.0	12520.0
117.0	680.0
14.0	872.0
486.0	2068.0
315.0	2718.0
49.0	1252.0
29.0	851.0
1298.0	5938.0
0.0	0.0
57.0	774.0
219.0	2338.0
137.0	610.0
101.0	2225.0
38.0	215.0
48.0	100.0
410.0	3113.0
153.0	1531.0
114.0	2865.0
21.0	796.0
9.0	574.0
72.0	260.0
453.0	1851.0
125.0	1337.0
10.0	504.0
87.0	388.0
1591.0	7247.0
5.0	610.0
977.0	4660.0
1168.0	8170.0
497.0	3009.0
1099.0	4487.0
340.0	3550.0
690.0	7984.0
1822.0	7173.0
291.0	1376.0
165.0	2144.0
147.0	1729.0
11.0	366.0
49.0	1172.0
12.0	2391.0
171.0	1144.0
112.0	3261.0
38.0	224.0
1232.0	3277.0
0.0	0.0
125.0	1728.0
493.0	5657.0
21.0	862.0
111.0	2239.0
154.0	348.0
640.0	4439.0
108.0	1297.0
98.0	1715.0
184.0	643.0
748.0	6583.0
154.0	2321.0
320.0	5378.0
66.0	1549.0
16247.0	56555.0
263.0	945.0
32.0	643.0
973.0	4581.0
586.0	4556.0
326.0	1425.0
409.0	829.0
9.0	180.0
311.0	2401.0
91.0	1473.0
56.0	712.0
0.0	508.0
375.0	3216.0
288.0	1802.0
9.0	249.0
61.0	707.0
185.0	879.0
75.0	502.0
146.0	797.0
497.0	2621.0
1181.0	9966.0
830.0	3099.0
311.0	1812.0
188.0	2903.0
151.0	513.0
6.0	245.0
17.0	363.0
730.0	9247.0
176.0	1744.0
80.0	1236.0
214.0	757.0
0.0	162.0
219.0	868.0
215.0	1266.0
93.0	694.0
511.0	4249.0
200.0	987.0
47.0	402.0
743.0	1161.0
63.0	957.0
159.0	410.0
339.0	2425.0
110.0	1866.0
62.0	1429.0
96.0	1426.0
96.0	2002.0
30.0	400.0
1164.0	5959.0
134.0	1002.0
786.0	7217.0
92.0	1413.0
398.0	1180.0
225.0	3082.0
192.0	1535.0
14.0	442.0
44.0	116.0
271.0	1452.0
346.0	1688.0
629.0	2165.0
0.0	69.0
11.0	291.0
349.0	5186.0
21.0	809.0
507.0	1415.0
300.0	1947.0
88.0	1667.0
13.0	480.0
0.0	0.0
475.0	550.0
556.0	1649.0
72.0	303.0
288.0	1747.0
236.0	1092.0
100.0	656.0
406.0	613.0
0.0	142.0
0.0	154.0
211.0	921.0
224.0	2353.0
98.0	859.0
392.0	4522.0
20.0	520.0
320.0	1983.0
22.0	467.0
42172.0	109394.0
42.0	180.0
809.0	6555.0
297.0	1531.0
693.0	1667.0
0.0	0.0
38909.0	135370.0
386.0	3462.0
383.0	1864.0
0.0	714.0
15.0	1163.0
451.0	2584.0
261.0	1676.0
124.0	1080.0
20.0	615.0
192.0	990.0
496.0	4014.0
62.0	2541.0
295.0	1138.0
35.0	310.0
136.0	1371.0
193.0	1965.0
923.0	4137.0
123.0	1002.0
73.0	294.0
1681.0	4098.0
340.0	3931.0
108.0	633.0
448.0	3244.0
723.0	3380.0
81.0	331.0
870.0	5477.0
0.0	186.0
670.0	3545.0
316.0	596.0
17639.0	52287.0
485.0	3322.0
180.0	1159.0
15.0	508.0
181.0	416.0
4.0	174.0
434.0	1453.0
514.0	2823.0
173.0	619.0
90.0	1113.0
153.0	1147.0
298.0	811.0
1677.0	5028.0
102.0	904.0
229.0	2007.0
52.0	1393.0
66.0	497.0
13.0	77.0
95.0	837.0
186.0	2064.0
295.0	1000.0
145.0	772.0
317.0	3525.0
601.0	1439.0
28.0	694.0
461.0	5513.0
622.0	2448.0
415.0	643.0
246.0	6005.0
17.0	373.0
64.0	1450.0
446.0	3288.0
67.0	269.0
1042.0	2492.0
34.0	213.0
308.0	1407.0
107.0	594.0
379.0	1348.0
114.0	414.0
84.0	890.0
64.0	517.0
13319.0	43940.0
23.0	193.0
301.0	4294.0
11.0	125.0
166.0	406.0
0.0	42.0
1088.0	9272.0
148.0	1264.0
275.0	2031.0
660.0	12802.0
0.0	65.0
28.0	421.0
675.0	3073.0
383.0	969.0
103.0	564.0
2901.0	10722.0
171.0	1211.0
215.0	1470.0
366.0	5733.0
16.0	240.0
8.0	315.0
19034.0	58990.0
950.0	3665.0
380.0	2496.0
8.0	54.0
25.0	261.0
607.0	2835.0
494.0	4265.0
339.0	1609.0
340.0	945.0
54.0	1775.0
0.0	136.0
916.0	5327.0
182.0	1113.0
106.0	385.0
0.0	17.0
90.0	1298.0
750.0	4264.0
289.0	2136.0
47.0	263.0
852.0	8979.0
43.0	519.0
401.0	2514.0
27271.0	147859.0
310.0	2857.0
636.0	5645.0
305.0	1456.0
15.0	1860.0
100.0	925.0
157.0	1966.0
1065.0	6724.0
63.0	671.0
0.0	409.0
1685.0	6280.0
583.0	5932.0
578.0	2110.0
746.0	3733.0
8.0	465.0
75.0	815.0
198.0	1389.0
131.0	3274.0
108.0	421.0
269.0	1203.0
995.0	8988.0
108.0	1039.0
47.0	1696.0
348.0	3405.0
121.0	495.0
266.0	2689.0
183.0	1690.0
57.0	501.0
22604.0	102535.0
26.0	505.0
81.0	674.0
454.0	3195.0
0.0	271.0
29.0	383.0
89.0	1985.0
643.0	5165.0
10.0	304.0
863.0	1953.0
477.0	5166.0
186.0	461.0
380.0	3350.0
161.0	1546.0
26735.0	100126.0
0.0	223.0
1330.0	5558.0
92.0	2221.0
17.0	802.0
134.0	1000.0
332.0	1907.0
140.0	1541.0
169.0	1615.0
66.0	229.0
0.0	99.0
118.0	626.0
0.0	109.0
39.0	532.0
0.0	160.0
19.0	395.0
0.0	46.0
198.0	1991.0
50.0	522.0
40.0	432.0
1.0	777.0
49.0	573.0
50.0	507.0
875.0	4939.0
176.0	2391.0
955.0	5132.0
254.0	2243.0
451.0	1263.0
181.0	1416.0
708.0	3153.0
537.0	4111.0
117.0	2855.0
163.0	201.0
157.0	2508.0
133.0	1799.0
9.0	387.0
115.0	779.0
156.0	855.0
18.0	272.0
35934.0	95749.0
269.0	4194.0
73.0	511.0
0.0	28.0
297.0	2682.0
541.0	3764.0
463.0	3438.0
111.0	1366.0
468.0	1734.0
95.0	3578.0
30.0	276.0
143.0	511.0
658.0	2313.0
297.0	1778.0
324.0	1168.0
456.0	2831.0
75.0	823.0
652.0	3619.0
0.0	108.0
0.0	61.0
88.0	773.0
148.0	1522.0
221.0	1907.0
0.0	84.0
49.0	819.0
70.0	842.0
280.0	1853.0
0.0	166.0
0.0	0.0
808.0	3545.0
227.0	729.0
175.0	723.0
54.0	450.0
599.0	5927.0
0.0	294.0
69.0	530.0
1566.0	10310.0
267.0	4062.0
325.0	769.0
6862.0	35013.0
0.0	290.0
214.0	2323.0
404.0	1661.0
0.0	0.0
76.0	728.0
326.0	2826.0
213.0	1331.0
194.0	1089.0
77.0	1074.0
750.0	5581.0
86.0	1078.0
89.0	545.0
54.0	689.0
222.0	1077.0
183.0	1062.0
110.0	288.0
95.0	896.0
153.0	1082.0
65.0	559.0
0.0	231.0
529.0	3513.0
1651.0	9896.0
69.0	1294.0
55.0	185.0
0.0	0.0
597.0	5407.0
102.0	672.0
588.0	1853.0
26.0	178.0
43.0	104.0
38.0	778.0
90.0	1023.0
95.0	1193.0
0.0	454.0
23.0	713.0
393.0	8517.0
35.0	130.0
1236.0	6590.0
1233.0	13514.0
86.0	1240.0
684.0	1272.0
89.0	846.0
476.0	968.0
344.0	1434.0
605.0	8225.0
211.0	1458.0
4661.0	20422.0
372.0	2853.0
64.0	483.0
249.0	1286.0
187.0	1718.0
3.0	126.0
0.0	123.0
56.0	822.0
250.0	1817.0
65.0	895.0
180.0	647.0
466.0	2694.0
102.0	785.0
14.0	297.0
141.0	3954.0
147.0	3506.0
152.0	1015.0
1473.0	5629.0
1165.0	6237.0
180.0	2156.0
94.0	352.0
519.0	5900.0
599.0	4501.0
521.0	2436.0
14.0	492.0
303.0	3971.0
42.0	1236.0
23.0	70.0
53.0	1176.0
75.0	1062.0
10.0	232.0
11.0	203.0
0.0	110.0
281.0	5789.0
52.0	667.0
23.0	208.0
221.0	1596.0
795.0	7109.0
9.0	262.0
871.0	5818.0
767.0	4009.0
140.0	2033.0
107.0	139.0
1619.0	7767.0
0.0	151.0
12.0	549.0
609.0	4935.0
4.0	337.0
903.0	4487.0
895.0	4299.0
365.0	2640.0
2324.0	12294.0
12344.0	49257.0
389.0	5200.0
346.0	6310.0
16.0	247.0
549.0	2430.0
97.0	1855.0
143.0	555.0
660.0	1914.0
8419.0	26169.0
660.0	3269.0
45.0	254.0
242.0	2179.0
241.0	2107.0
22.0	78.0
771.0	2665.0
479.0	4956.0
88.0	228.0
58.0	1127.0
309.0	3173.0
688.0	2497.0
904.0	8414.0
34.0	109.0
0.0	17.0
76.0	895.0
12915.0	47017.0
724.0	8398.0
161.0	925.0
318.0	1164.0
342.0	1805.0
366.0	1456.0
354.0	2837.0
1095.0	12842.0
187.0	660.0
141.0	1944.0
211.0	2448.0
9.0	128.0
331.0	2264.0
386.0	3815.0
34.0	726.0
148.0	905.0
137.0	574.0
637.0	1758.0
837.0	3157.0
535.0	3001.0
0.0	256.0
55.0	274.0
273.0	478.0
2460.0	14064.0
0.0	1867.0
687.0	7909.0
265.0	1925.0
122.0	1729.0
8.0	203.0
0.0	319.0
8.0	123.0
177.0	1090.0
0.0	248.0
46.0	966.0
220.0	1520.0
1214.0	5586.0
242.0	2057.0
351.0	481.0
339.0	1184.0
258.0	1438.0
88.0	324.0
27.0	682.0
371.0	3907.0
457.0	4974.0
481.0	2907.0
146.0	636.0
1788.0	12216.0
126.0	1565.0
124.0	3054.0
59.0	348.0
166.0	762.0
1724.0	8424.0
59.0	393.0
267.0	3385.0
162.0	3318.0
0.0	858.0
8.0	143.0
0.0	0.0
529.0	5294.0
196.0	1166.0
50.0	434.0
447.0	3351.0
249.0	2397.0
487.0	5851.0
153.0	2009.0
2756.0	8785.0
1876.0	16981.0
545.0	3714.0
4911.0	22017.0
227.0	902.0
1364.0	5750.0
74.0	989.0
313.0	2659.0
282.0	7836.0
247.0	1489.0
278.0	3130.0
240.0	632.0
43.0	333.0
248.0	2469.0
146.0	847.0
9.0	240.0
87.0	408.0
57.0	675.0
0.0	29.0
193.0	1288.0
108.0	500.0
669.0	10192.0
102.0	3999.0
613.0	2370.0
30.0	362.0
68.0	1492.0
166.0	765.0
465.0	3452.0
50.0	595.0
94.0	627.0
1272.0	4462.0
805.0	3271.0
306.0	3387.0
219.0	1569.0
429.0	2120.0
4.0	371.0
104.0	1153.0
321.0	1145.0
58.0	803.0
69.0	949.0
2658.0	13307.0
145.0	2004.0
222.0	1588.0
56.0	670.0
18.0	179.0
333.0	3288.0
154.0	1363.0
262.0	1721.0
49.0	914.0
263.0	1375.0
42.0	1159.0
303.0	2022.0
403.0	1641.0
99.0	499.0
474.0	2190.0
0.0	41.0
168.0	1341.0
76.0	1114.0
65.0	1838.0
645.0	1686.0
87.0	1922.0
510.0	6973.0
21.0	303.0
344.0	2359.0
1052.0	7448.0
464.0	3130.0
8.0	155.0
0.0	622.0
788.0	6708.0
83.0	433.0
117.0	996.0
46.0	550.0
6315.0	20498.0
86.0	3097.0
124.0	400.0
215.0	1689.0
268.0	3184.0
25.0	533.0
0.0	0.0
2.0	232.0
772.0	6069.0
163.0	1843.0
100.0	387.0
540.0	5775.0
842.0	6540.0
129.0	602.0
0.0	105.0
744.0	5787.0
234.0	469.0
632.0	3049.0
407.0	2741.0
518.0	2051.0
62.0	1535.0
0.0	0.0
310.0	4791.0
530.0	9643.0
218.0	2836.0
181.0	1022.0
3198.0	13356.0
240.0	653.0
48.0	953.0
0.0	191.0
215.0	3834.0
89.0	548.0
925.0	11641.0
9.0	659.0
123.0	718.0
55.0	189.0
234.0	1924.0
12.0	527.0
333.0	1382.0
0.0	0.0
88.0	2054.0
410.0	4339.0
299.0	2806.0
362.0	1958.0
400.0	1828.0
234.0	1447.0
418.0	3427.0
41.0	353.0
107.0	904.0
1322.0	7039.0
980.0	7128.0
20.0	1449.0
41.0	1173.0
118.0	616.0
180.0	679.0
594.0	1559.0
64.0	368.0
995.0	11206.0
0.0	428.0
993.0	4483.0
0.0	19.0
303.0	1420.0
168.0	4002.0
89.0	107.0
22.0	108.0
0.0	75.0
0.0	528.0
35.0	251.0
79.0	403.0
152.0	1448.0
282.0	2607.0
755.0	3009.0
59.0	544.0
38.0	325.0
461.0	1985.0
61.0	130.0
26.0	934.0
12.0	232.0
180.0	739.0
555.0	4900.0
29.0	351.0
871.0	4662.0
478.0	2377.0
1398.0	6123.0
159.0	2208.0
297.0	5730.0
25.0	218.0
245.0	1736.0
23.0	697.0
8.0	279.0
216.0	898.0
527.0	2393.0
7.0	226.0
218.0	4697.0
49.0	372.0
55.0	388.0
104.0	438.0
303.0	1134.0
123.0	1004.0
42.0	637.0
739.0	3284.0
253.0	2166.0
191.0	5735.0
64.0	631.0
1556.0	5716.0
14.0	207.0
15.0	171.0
65.0	1003.0
139.0	839.0
9.0	453.0
4.0	570.0
29.0	444.0
5.0	1171.0
227.0	532.0
732.0	11910.0
228.0	2103.0
147.0	1434.0
89.0	110.0
397.0	1733.0
7.0	769.0
778.0	4329.0
931.0	3006.0
112.0	478.0
709.0	3551.0
183.0	1161.0
36.0	686.0
549.0	2879.0
197.0	1367.0
556.0	2337.0
1188.0	10272.0
148.0	2429.0
47.0	1247.0
0.0	59.0
1.0	1320.0
31.0	510.0
237.0	3082.0
153.0	799.0
394.0	1890.0
382.0	2365.0
1298.0	4016.0
122.0	2851.0
58.0	424.0
116.0	1415.0
3224.0	10879.0
6733.0	25950.0
11.0	231.0
114.0	314.0
706.0	5462.0
355.0	1418.0
80.0	1027.0
417.0	2941.0
36.0	536.0
654.0	3413.0
56.0	84.0
184.0	752.0
200.0	916.0
87.0	596.0
1104.0	6472.0
715.0	4243.0
264.0	1178.0
156.0	1698.0
41.0	411.0
752.0	9069.0
255.0	5728.0
1219.0	5401.0
1183.0	5292.0
278.0	1421.0
449.0	971.0
457.0	1482.0
7.0	480.0
200.0	1257.0
443.0	3927.0
86.0	1567.0
0.0	0.0
605.0	3887.0
42.0	169.0
92.0	687.0
16.0	267.0
0.0	219.0
11982.0	49779.0
401.0	2206.0
165.0	1251.0
779.0	4153.0
592.0	4087.0
483.0	1898.0
110.0	865.0
212.0	2571.0
269.0	5087.0
169.0	1302.0
135.0	785.0
0.0	0.0
77.0	1004.0
184.0	520.0
0.0	528.0
0.0	0.0
136.0	495.0
1852.0	5820.0
51.0	685.0
68.0	468.0
86.0	1441.0
332.0	4652.0
0.0	39.0
389.0	1825.0
60.0	600.0
642.0	2761.0
609.0	11946.0
2.0	71.0
837.0	6088.0
83.0	1611.0
11148.0	46574.0
32.0	1121.0
93.0	504.0
17.0	134.0
90.0	2606.0
35.0	221.0
0.0	283.0
32.0	947.0
0.0	395.0
645.0	1928.0
104.0	1514.0
407.0	4058.0
0.0	207.0
37335.0	162990.0
0.0	0.0
0.0	34.0
46.0	622.0
1105.0	7351.0
168.0	2340.0
562.0	3669.0
15.0	528.0
78.0	980.0
37.0	574.0
26.0	1143.0
35.0	1146.0
156.0	2602.0
340.0	2581.0
414.0	4483.0
0.0	142.0
0.0	465.0
30.0	638.0
34.0	134.0
65.0	442.0
0.0	274.0
21.0	486.0
526.0	1916.0
226.0	6270.0
632.0	1531.0
49.0	1984.0
56.0	507.0
219.0	1494.0
0.0	144.0
959.0	3924.0
0.0	61.0
0.0	219.0
0.0	143.0
119.0	2699.0
0.0	374.0
40.0	265.0
487.0	2094.0
622.0	2691.0
249.0	2185.0
13482.0	54855.0
51.0	182.0
0.0	26.0
105.0	1351.0
0.0	197.0
0.0	446.0
257.0	2380.0
849.0	4562.0
98.0	1487.0
51.0	428.0
14.0	931.0
578.0	7712.0
121.0	738.0
8.0	904.0
353.0	2189.0
0.0	418.0
219.0	2486.0
313.0	3595.0
400.0	764.0
368.0	3552.0
657.0	6144.0
1178.0	6849.0
198.0	2037.0
147.0	2114.0
142.0	1419.0
152.0	1703.0
175.0	1324.0
10.0	376.0
23.0	869.0
2.0	200.0
109.0	766.0
85.0	437.0
0.0	29.0
248.0	1741.0
31.0	213.0
350.0	3026.0
29.0	3090.0
179.0	1921.0
138.0	785.0
0.0	0.0
0.0	25.0
210.0	1784.0
436.0	2808.0
332.0	1574.0
87.0	669.0
482.0	2008.0
314.0	3779.0
757.0	4380.0
270.0	3071.0
1221.0	11373.0
26.0	664.0
689.0	4826.0
58.0	113.0
111.0	1716.0
2768.0	12375.0
0.0	651.0
312.0	2545.0
165.0	1213.0
33.0	55.0
10.0	1087.0
24.0	598.0
24.0	653.0
92.0	1682.0
0.0	725.0
216.0	1007.0
1061.0	5623.0
93.0	773.0
311.0	2455.0
573.0	4540.0
41.0	77.0
454.0	2886.0
67.0	498.0
288.0	2089.0
56.0	832.0
945.0	7022.0
0.0	22.0
1389.0	14201.0
0.0	189.0
204.0	3126.0
115.0	2039.0
251.0	1943.0
81.0	1019.0
231.0	922.0
584.0	8400.0
246.0	6237.0
99.0	860.0
188.0	2190.0
61.0	301.0
88.0	326.0
195.0	1383.0
305.0	2426.0
0.0	447.0
0.0	294.0
72.0	855.0
509.0	1149.0
91.0	1942.0
129.0	672.0
41.0	939.0
15.0	180.0
57.0	890.0
0.0	961.0
0.0	18.0
291.0	1212.0
194.0	668.0
2211.0	14320.0
36.0	567.0
78.0	1026.0
0.0	186.0
146.0	1379.0
381.0	1494.0
550.0	2523.0
0.0	0.0
147.0	741.0
91.0	739.0
1226.0	8068.0
130.0	426.0
0.0	385.0
235.0	1151.0
0.0	375.0
1031.0	5824.0
456.0	3528.0
101.0	616.0
453.0	2089.0
14.0	108.0
91.0	549.0
221.0	1172.0
0.0	492.0
37.0	456.0
56.0	974.0
23.0	464.0
7.0	318.0
569.0	3841.0
117.0	530.0
128.0	880.0
88.0	810.0
285.0	3102.0
21.0	313.0
620.0	2141.0
3289.0	7495.0
31.0	186.0
349.0	1074.0
284.0	1635.0
868.0	3831.0
125.0	858.0
724.0	9986.0
2101.0	11059.0
237.0	880.0
27.0	583.0
649.0	4545.0
110.0	1494.0
186.0	1051.0
243.0	2530.0
446.0	1809.0
443.0	3043.0
52.0	473.0
0.0	126.0
9488.0	37292.0
0.0	110.0
264.0	1053.0
3260.0	15303.0
866.0	10616.0
50.0	637.0
3.0	800.0
30.0	1441.0
1105.0	3062.0
62.0	548.0
135.0	151.0
80.0	698.0
75.0	744.0
655.0	3922.0
114.0	1131.0
1555.0	14477.0
105.0	709.0
233.0	1792.0
245.0	1511.0
67.0	1368.0
815.0	4498.0
352.0	3325.0
28.0	613.0
86.0	294.0
147.0	452.0
14.0	366.0
210.0	3349.0
4826.0	22220.0
298.0	2447.0
11.0	147.0
408.0	2432.0
44.0	1295.0
356.0	1449.0
280.0	2799.0
83.0	332.0
57.0	497.0
991.0	6930.0
0.0	59.0
411.0	1691.0
88.0	433.0
60.0	549.0
82.0	1598.0
403.0	2550.0
1.0	522.0
663.0	2807.0
349.0	1556.0
561.0	5065.0
0.0	90.0
0.0	38.0
14.0	419.0
98.0	1452.0
49.0	236.0
495.0	4318.0
373.0	2478.0
37.0	303.0
3.0	332.0
34.0	186.0
593.0	1700.0
346.0	2097.0
27.0	525.0
109.0	887.0
652.0	7737.0
0.0	719.0
41.0	585.0
517.0	2719.0
42.0	547.0
1337.0	3261.0
700.0	9542.0
351.0	542.0
291.0	2469.0
323.0	2146.0
355.0	1351.0
22.0	355.0
523.0	3099.0
1225.0	7381.0
20.0	1116.0
555.0	3880.0
1118.0	6965.0
0.0	601.0
0.0	121.0
63.0	374.0
330.0	2254.0
246.0	642.0
315.0	1650.0
49.0	684.0
145.0	355.0
368.0	3418.0
79.0	598.0
151.0	1056.0
390.0	3924.0
51.0	695.0
80.0	369.0
39.0	184.0
600.0	2034.0
52.0	1913.0
515.0	5044.0
9.0	696.0
858.0	5509.0
84.0	512.0
292.0	650.0
28.0	325.0
446.0	7861.0
122.0	1134.0
84.0	1234.0
134.0	444.0
229.0	2271.0
311.0	1844.0
15.0	563.0
105.0	1453.0
308.0	1758.0
392.0	1341.0
416.0	5232.0
368.0	3336.0
84.0	3138.0
811.0	3524.0
626.0	2552.0
90.0	506.0
315.0	5123.0
266.0	3613.0
854.0	5669.0
54.0	2341.0
1.0	275.0
74.0	889.0
6.0	291.0
34.0	786.0
498.0	2253.0
48.0	224.0
508.0	2368.0
177.0	743.0
376.0	2561.0
360.0	1999.0
450.0	3415.0
115.0	310.0
835.0	3036.0
63.0	1358.0
246.0	1133.0
384.0	1025.0
0.0	403.0
318.0	1333.0
52.0	1077.0
873.0	5144.0
93.0	4507.0
152.0	329.0
243.0	1223.0
301.0	1009.0
690.0	2999.0
30.0	204.0
544.0	8724.0
539.0	1675.0
0.0	299.0
129.0	731.0
244.0	1786.0
497.0	2836.0
77.0	1062.0
215.0	1684.0
661.0	4599.0
605.0	4594.0
343.0	6874.0
87.0	2140.0
131.0	605.0
547.0	9581.0
0.0	240.0
49.0	70.0
0.0	103.0
98.0	407.0
272.0	1870.0
109.0	652.0
30.0	988.0
136.0	1611.0
472.0	3195.0
56.0	387.0
14.0	269.0
143.0	281.0
29277.0	106230.0
29.0	229.0
240.0	1360.0
61.0	114.0
0.0	601.0
163.0	1112.0
32.0	1028.0
164.0	1422.0
145.0	185.0
234.0	1360.0
242.0	1185.0
462.0	1647.0
145.0	2167.0
256.0	1286.0
15.0	632.0
22199.0	76337.0
441.0	2047.0
261.0	1482.0
75.0	545.0
134.0	2226.0
282.0	3120.0
158.0	842.0
61.0	176.0
0.0	134.0
0.0	43.0
34.0	444.0
244.0	1061.0
29.0	319.0
179.0	2592.0
12.0	459.0
56.0	170.0
160.0	1347.0
345.0	3304.0
218.0	1284.0
233.0	1424.0
253.0	588.0
122.0	690.0
303.0	482.0
81.0	701.0
53.0	934.0
116.0	471.0
315.0	316.0
139.0	2070.0
1250.0	5307.0
1241.0	14539.0
68.0	980.0
937.0	6719.0
0.0	655.0
68.0	532.0
91.0	457.0
213.0	1100.0
0.0	560.0
33.0	281.0
25.0	970.0
5.0	1432.0
237.0	602.0
121.0	315.0
72.0	72.0
506.0	1125.0
85.0	427.0
269.0	2812.0
14.0	292.0
479.0	2678.0
444.0	1225.0
7.0	519.0
72.0	582.0
30.0	365.0
99.0	882.0
269.0	2878.0
523.0	4912.0
20.0	2126.0
314.0	2361.0
6832.0	26227.0
87.0	1451.0
555.0	2258.0
376.0	3148.0
467.0	3076.0
5630.0	26975.0
3.0	279.0
58.0	1184.0
36.0	625.0
55.0	292.0
682.0	4260.0
370.0	2298.0
258.0	2183.0
18.0	164.0
233.0	1758.0
94.0	1239.0
37.0	269.0
1075.0	8008.0
1292.0	6768.0
105.0	1024.0
37.0	766.0
989.0	5875.0
312.0	4352.0
229.0	744.0
6.0	293.0
467.0	1052.0
250.0	2587.0
223.0	1951.0
0.0	111.0
320.0	5801.0
36.0	614.0
70.0	591.0
1619.0	9151.0
284.0	721.0
193.0	1574.0
233.0	964.0
576.0	3408.0
1072.0	6564.0
249.0	1904.0
615.0	7055.0
52.0	751.0
158.0	709.0
1217.0	5839.0
622.0	3045.0
0.0	247.0
142.0	2189.0
144.0	1203.0
348.0	2650.0
0.0	395.0
329.0	2255.0
22.0	89.0
14.0	79.0
0.0	23.0
44.0	605.0
949.0	4670.0
36.0	612.0
0.0	543.0
273.0	1291.0
828.0	5821.0
294.0	2747.0
34.0	581.0
326.0	1365.0
70.0	667.0
0.0	261.0
77.0	787.0
35.0	532.0
21.0	893.0
117.0	148.0
20.0	858.0
357.0	2849.0
1124.0	15051.0
18.0	563.0
462.0	3770.0
1498.0	11193.0
14484.0	52209.0
56.0	845.0
126.0	1448.0
15.0	847.0
460.0	2981.0
62.0	1047.0
258.0	3211.0
253.0	2238.0
214.0	1213.0
266.0	499.0
81.0	243.0
1244.0	5361.0
51.0	678.0
63.0	428.0
348.0	1104.0
26191.0	91084.0
641.0	797.0
0.0	305.0
192.0	2238.0
148.0	733.0
809.0	11044.0
188.0	1086.0
85.0	132.0
0.0	99.0
16.0	603.0
0.0	507.0
354.0	2057.0
292.0	3708.0
916.0	3354.0
791.0	3991.0
161.0	1539.0
0.0	299.0
209.0	2177.0
425.0	2378.0
564.0	5006.0
929.0	4992.0
63.0	785.0
305.0	4051.0
918.0	5072.0
1571.0	7609.0
930.0	3654.0
0.0	326.0
0.0	743.0
225.0	1069.0
0.0	218.0
283.0	682.0
323.0	2824.0
4.0	521.0
299.0	945.0
325.0	1579.0
84.0	1938.0
43864.0	135218.0
329.0	1326.0
47.0	91.0
3816.0	24856.0
112.0	1170.0
42.0	860.0
335.0	3566.0
0.0	375.0
473.0	4364.0
281.0	1848.0
8685.0	33151.0
122.0	669.0
149.0	343.0
140.0	233.0
198.0	1541.0
261.0	2345.0
744.0	5333.0
5.0	180.0
741.0	5328.0
644.0	3290.0
439.0	1197.0
0.0	115.0
226.0	1804.0
0.0	0.0
12.0	555.0
440.0	5283.0
185.0	892.0
67.0	536.0
273.0	3233.0
647.0	2207.0
43.0	1138.0
326.0	2354.0
131.0	896.0
16827.0	62836.0
137.0	1432.0
23.0	546.0
259.0	2939.0
130.0	269.0
330.0	1868.0
46.0	631.0
411.0	2055.0
239.0	1502.0
113.0	1891.0
480.0	5826.0
256.0	1758.0
103.0	1106.0
4.0	754.0
180.0	3146.0
556.0	4669.0
1.0	495.0
0.0	23.0
105.0	452.0
1131.0	8447.0
198.0	252.0
1344.0	7970.0
1000.0	6608.0
358.0	5077.0
59.0	738.0
15.0	450.0
347.0	2241.0
136.0	1050.0
381.0	3275.0
0.0	249.0
25.0	1293.0
1329.0	8548.0
196.0	1582.0
409.0	2134.0
541.0	2905.0
234.0	2654.0
422.0	4958.0
111.0	1532.0
192.0	1645.0
358.0	2902.0
146.0	2104.0
561.0	2758.0
210.0	493.0
38.0	1649.0
21.0	674.0
206.0	2419.0
18.0	1045.0
240.0	1429.0
1.0	1522.0
0.0	20.0
0.0	163.0
117.0	1121.0
17689.0	57200.0
271.0	1073.0
86.0	231.0
275.0	6054.0
512.0	1099.0
120.0	1447.0
163.0	401.0
148.0	3766.0
469.0	2234.0
248.0	2602.0
147.0	960.0
263.0	1547.0
0.0	102.0
25.0	1146.0
252.0	3723.0
3.0	226.0
325.0	1752.0
54.0	800.0
0.0	22.0
42.0	1113.0
157.0	382.0
435.0	5237.0
317.0	1933.0
10.0	922.0
81.0	237.0
36.0	407.0
975.0	6621.0
289.0	1557.0
100.0	555.0
238.0	1217.0
33.0	684.0
705.0	7942.0
6.0	224.0
0.0	607.0
125.0	2191.0
22779.0	67940.0
1117.0	5981.0
57.0	1374.0
846.0	4371.0
63.0	183.0
93.0	197.0
691.0	5949.0
42.0	376.0
167.0	1822.0
553.0	15049.0
168.0	1360.0
0.0	21.0
85.0	852.0
524.0	3684.0
446.0	2494.0
15.0	250.0
0.0	237.0
174.0	913.0
138.0	875.0
1203.0	3299.0
547.0	2128.0
1467.0	4928.0
778.0	4123.0
447.0	3738.0
391.0	2024.0
986.0	2225.0
46.0	1234.0
146.0	3001.0
68.0	813.0
154.0	475.0
37.0	2594.0
41.0	703.0
2.0	365.0
206.0	1969.0
151.0	1458.0
487.0	2373.0
23.0	397.0
28.0	989.0
347.0	3593.0
210.0	2112.0
17456.0	63437.0
135.0	4550.0
45.0	1054.0
312.0	3508.0
164.0	986.0
863.0	5514.0
56.0	469.0
1.0	187.0
106.0	2712.0
519.0	2935.0
385.0	458.0
90.0	822.0
0.0	65.0
656.0	2092.0
50.0	971.0
372.0	2576.0
179.0	930.0
415.0	1558.0
527.0	2515.0
883.0	5623.0
41465.0	117522.0
25.0	98.0
103.0	516.0
1757.0	9102.0
0.0	163.0
175.0	1040.0
182.0	386.0
588.0	5209.0
273.0	1510.0
298.0	1942.0
101.0	919.0
138.0	684.0
95.0	1385.0
91.0	1707.0
120.0	930.0
14.0	269.0
0.0	24.0
0.0	323.0
46.0	614.0
0.0	27.0
46.0	636.0
410.0	1119.0
0.0	278.0
343.0	8567.0
629.0	1943.0
187.0	1976.0
132.0	1489.0
97.0	460.0
153.0	743.0
0.0	198.0
1009.0	3618.0
0.0	157.0
30.0	448.0
4.0	123.0
51.0	135.0
521.0	4115.0
2633.0	12280.0
285.0	1646.0
5.0	338.0
739.0	3476.0
305.0	1660.0
28.0	314.0
18.0	139.0
52.0	320.0
354.0	4283.0
190.0	3010.0
46.0	687.0
88.0	1245.0
1078.0	7011.0
79.0	326.0
451.0	918.0
331.0	2462.0
54.0	1809.0
337.0	1631.0
199.0	2242.0
37.0	1434.0
45.0	691.0
1516.0	6346.0
546.0	3669.0
623.0	6393.0
124.0	1065.0
181.0	2171.0
14.0	193.0
296.0	1416.0
2.0	524.0
657.0	4258.0
818.0	2756.0
231.0	1439.0
70.0	650.0
83.0	457.0
0.0	215.0
419.0	874.0
276.0	3083.0
31.0	644.0
571.0	4109.0
79.0	667.0
367.0	1509.0
416.0	3175.0
4546.0	18909.0
27.0	898.0
37.0	588.0
253.0	1745.0
44083.0	109517.0
90.0	1134.0
472.0	2705.0
1161.0	6250.0
563.0	2690.0
48.0	447.0
369.0	2381.0
380.0	3400.0
120.0	1053.0
293.0	2446.0
65.0	982.0
19.0	110.0
241.0	1325.0
86.0	525.0
25211.0	99710.0
297.0	1796.0
17.0	369.0
0.0	106.0
330.0	801.0
39.0	172.0
833.0	9656.0
339.0	1977.0
210.0	1993.0
16236.0	66598.0
877.0	4003.0
253.0	2140.0
431.0	2004.0
598.0	4867.0
566.0	5167.0
247.0	750.0
201.0	1352.0
67.0	518.0
54.0	1502.0
0.0	215.0
3526.0	6304.0
491.0	1387.0
2872.0	7237.0
112.0	1090.0
39.0	1245.0
0.0	76.0
73.0	334.0
368.0	1495.0
16.0	79.0
471.0	2858.0
169.0	3039.0
359.0	3445.0
98.0	1156.0
307.0	5192.0
78.0	684.0
1088.0	4920.0
142.0	822.0
32045.0	120496.0
193.0	2842.0
89.0	1352.0
46.0	913.0
0.0	176.0
395.0	2005.0
403.0	1573.0
144.0	2492.0
33.0	233.0
1039.0	5431.0
0.0	201.0
385.0	4928.0
32.0	997.0
325.0	1175.0
0.0	272.0
759.0	4173.0
356.0	2509.0
64.0	383.0
92.0	1164.0
252.0	2997.0
1456.0	7736.0
177.0	759.0
573.0	2787.0
28.0	248.0
98.0	895.0
690.0	3365.0
210.0	3414.0
78.0	938.0
392.0	1781.0
485.0	2515.0
28.0	448.0
14.0	723.0
504.0	1842.0
72.0	585.0
114.0	1479.0
671.0	3405.0
38.0	610.0
1581.0	8779.0
280.0	4657.0
708.0	2870.0
0.0	118.0
4.0	1085.0
217.0	1139.0
36.0	239.0
68.0	133.0
310.0	1966.0
0.0	944.0
1390.0	5883.0
301.0	2691.0
294.0	1480.0
11281.0	48108.0
33.0	453.0
10.0	398.0
233.0	1136.0
38.0	334.0
156.0	820.0
186.0	1910.0
126.0	1138.0
69.0	2541.0
704.0	6791.0
428.0	2723.0
0.0	292.0
151.0	1339.0
377.0	953.0
404.0	740.0
24.0	348.0
0.0	0.0
308.0	4079.0
821.0	2263.0
275.0	720.0
40.0	2012.0
92.0	2148.0
298.0	770.0
348.0	850.0
207.0	1942.0
329.0	1137.0
485.0	1920.0
0.0	24.0
112.0	1324.0
42.0	770.0
635.0	3734.0
62.0	809.0
237.0	2628.0
140.0	796.0
621.0	5373.0
0.0	302.0
253.0	1422.0
36.0	121.0
44.0	122.0
31.0	678.0
0.0	272.0
7.0	146.0
106.0	833.0
897.0	6026.0
0.0	243.0
196.0	3078.0
167.0	1919.0
12.0	412.0
0.0	196.0
479.0	3313.0
103.0	1027.0
11.0	226.0
607.0	701.0
114.0	470.0
367.0	7936.0
462.0	3449.0
140.0	1947.0
792.0	5619.0
163.0	1225.0
449.0	2461.0
70.0	787.0
98.0	309.0
87.0	471.0
1329.0	6162.0
72.0	951.0
384.0	670.0
276.0	3339.0
256.0	1461.0
152.0	624.0
1119.0	10638.0
396.0	5544.0
0.0	0.0
81.0	241.0
365.0	3376.0
164.0	2161.0
77.0	1061.0
481.0	2274.0
11.0	74.0
185.0	799.0
3090.0	21165.0
73.0	423.0
85.0	1145.0
45.0	672.0
0.0	0.0
0.0	21.0
0.0	0.0
37.0	342.0
1113.0	9669.0
100.0	191.0
22449.0	82221.0
258.0	2279.0
0.0	157.0
57.0	291.0
121.0	1421.0
772.0	4896.0
23.0	298.0
39.0	400.0
34.0	505.0
72.0	2399.0
19.0	295.0
216.0	1835.0
68.0	1895.0
175.0	3122.0
211.0	932.0
14.0	535.0
620.0	2868.0
389.0	1191.0
15.0	334.0
275.0	1795.0
18.0	449.0
225.0	770.0
141.0	1153.0
636.0	4953.0
421.0	784.0
10.0	412.0
1403.0	7421.0
179.0	323.0
0.0	32.0
122.0	1983.0
0.0	0.0
614.0	3791.0
371.0	2889.0
620.0	5441.0
335.0	3615.0
612.0	4670.0
228.0	1867.0
49.0	237.0
406.0	2294.0
526.0	8423.0
34.0	403.0
1576.0	7041.0
261.0	13168.0
160.0	928.0
16.0	57.0
0.0	273.0
0.0	743.0
112.0	151.0
785.0	3303.0
450.0	2789.0
318.0	1828.0
1350.0	7055.0
85.0	1030.0
88.0	1034.0
480.0	1439.0
53.0	410.0
261.0	935.0
416.0	1649.0
3462.0	13998.0
0.0	108.0
619.0	5226.0
672.0	4878.0
519.0	4355.0
558.0	4517.0
326.0	930.0
776.0	4100.0
362.0	2088.0
558.0	4189.0
33.0	280.0
680.0	5816.0
364.0	3438.0
0.0	509.0
1437.0	8167.0
372.0	2740.0
70.0	631.0
580.0	2048.0
9.0	1087.0
15.0	469.0
208.0	305.0
620.0	1565.0
32032.0	118248.0
10.0	495.0
574.0	4712.0
18.0	18.0
311.0	1591.0
470.0	3309.0
593.0	4204.0
163.0	1046.0
19.0	657.0
0.0	495.0
0.0	54.0
727.0	2999.0
191.0	1844.0
748.0	3141.0
6550.0	27471.0
149.0	2659.0
261.0	483.0
54.0	999.0
40.0	703.0
155.0	199.0
111.0	865.0
8.0	484.0
192.0	615.0
197.0	986.0
445.0	3843.0
581.0	6579.0
1484.0	15287.0
495.0	2812.0
110.0	308.0
359.0	2706.0
22.0	373.0
190.0	1574.0
44.0	1171.0
849.0	3271.0
70.0	784.0
574.0	4091.0
34.0	668.0
486.0	6688.0
31.0	1475.0
222.0	4770.0
1057.0	7474.0
488.0	1661.0
260.0	317.0
357.0	2246.0
101.0	1383.0
302.0	2490.0
71.0	571.0
379.0	1741.0
574.0	8055.0
98.0	105.0
339.0	5831.0
7.0	2011.0
17.0	388.0
53.0	60.0
88.0	549.0
227.0	441.0
604.0	3108.0
0.0	0.0
14.0	723.0
2103.0	9914.0
808.0	5690.0
0.0	123.0
21.0	162.0
0.0	375.0
0.0	41.0
210.0	218.0
191.0	755.0
115.0	549.0
108.0	1219.0
164.0	2021.0
31.0	534.0
199.0	648.0
202.0	2014.0
437.0	2895.0
146.0	2122.0
7085.0	40939.0
527.0	3067.0
350.0	1679.0
39.0	218.0
180.0	964.0
408.0	3612.0
53.0	1830.0
0.0	178.0
499.0	1317.0
8089.0	24883.0
46.0	385.0
40.0	920.0
58.0	803.0
216.0	1316.0
0.0	1347.0
35699.0	114231.0
343.0	2220.0
28.0	450.0
1132.0	5949.0
683.0	3217.0
163.0	2015.0
59.0	1620.0
522.0	3979.0
379.0	1509.0
51.0	309.0
394.0	1908.0
139.0	3359.0
59.0	1402.0
440.0	2754.0
107.0	1030.0
292.0	747.0
53.0	477.0
0.0	67.0
257.0	1411.0
218.0	2868.0
13.0	524.0
673.0	4039.0
269.0	734.0
18.0	331.0
87.0	685.0
439.0	4087.0
81.0	266.0
31.0	483.0
195.0	1485.0
115.0	777.0
470.0	2808.0
1643.0	8131.0
1109.0	6897.0
85.0	538.0
251.0	952.0
191.0	3626.0
4075.0	18600.0
251.0	2311.0
126.0	4796.0
864.0	4263.0
91.0	2759.0
0.0	0.0
14.0	159.0
11.0	345.0
1117.0	5177.0
1307.0	5099.0
118.0	2208.0
932.0	5351.0
244.0	1510.0
431.0	2974.0
31.0	441.0
191.0	1666.0
173.0	666.0
181.0	1801.0
185.0	2091.0
437.0	6917.0
312.0	3787.0
292.0	1116.0
0.0	1000.0
127.0	431.0
33.0	144.0
87.0	226.0
157.0	530.0
734.0	3683.0
17.0	17.0
227.0	999.0
104.0	1752.0
447.0	2602.0
148.0	687.0
3.0	1145.0
67.0	131.0
182.0	486.0
262.0	1707.0
40.0	298.0
19.0	132.0
0.0	372.0
0.0	233.0
115.0	2017.0
89.0	853.0
193.0	765.0
3.0	514.0
1626.0	5822.0
280.0	3904.0
0.0	109.0
16.0	304.0
5545.0	24933.0
0.0	155.0
0.0	150.0
35.0	590.0
185.0	399.0
669.0	6703.0
1191.0	4352.0
1508.0	6957.0
97.0	373.0
98.0	393.0
456.0	2177.0
68.0	907.0
119.0	560.0
0.0	71.0
19.0	569.0
250.0	1025.0
39.0	541.0
379.0	4185.0
666.0	3266.0
0.0	0.0
138.0	823.0
7.0	350.0
247.0	2055.0
0.0	106.0
212.0	6255.0
190.0	1120.0
623.0	6375.0
40.0	349.0
311.0	2860.0
648.0	6851.0
72.0	404.0
83.0	396.0
0.0	406.0
7.0	349.0
5.0	1240.0
96.0	958.0
695.0	12333.0
47.0	2316.0
454.0	1800.0
665.0	3343.0
80.0	616.0
750.0	4938.0
290.0	2757.0
66.0	499.0
1624.0	2929.0
121.0	891.0
59.0	581.0
0.0	646.0
0.0	80.0
19.0	49.0
63.0	2260.0
1258.0	7798.0
76.0	1020.0
50557.0	140023.0
178.0	478.0
102.0	1139.0
1914.0	10527.0
983.0	4482.0
117.0	1024.0
249.0	1274.0
45.0	316.0
4914.0	23638.0
314.0	3894.0
0.0	18.0
307.0	3301.0
483.0	3533.0
165.0	954.0
0.0	596.0
295.0	1240.0
16.0	231.0
328.0	2483.0
324.0	4155.0
163.0	2042.0
69.0	441.0
0.0	563.0
46.0	437.0
16.0	503.0
123.0	1091.0
0.0	358.0
38.0	1177.0
19.0	481.0
35.0	284.0
59.0	373.0
312.0	1801.0
10.0	805.0
437.0	1582.0
896.0	3978.0
244.0	2024.0
346.0	2742.0
24.0	197.0
105.0	464.0
20226.0	67650.0
10.0	428.0
134.0	766.0
406.0	3926.0
96.0	476.0
1188.0	1426.0
36.0	1100.0
5.0	160.0
116.0	1036.0
202.0	1435.0
18.0	151.0
21.0	1698.0
119.0	1247.0
89.0	695.0
532.0	934.0
0.0	298.0
370.0	2090.0
164.0	2323.0
55.0	598.0
2559.0	8460.0
196.0	1837.0
122.0	762.0
92.0	188.0
215.0	2006.0
330.0	951.0
180.0	2772.0
85.0	1481.0
12.0	479.0
1021.0	6936.0
430.0	701.0
350.0	587.0
651.0	5080.0
52.0	879.0
90.0	1830.0
250.0	2550.0
447.0	2556.0
684.0	4302.0
0.0	0.0
81.0	576.0
143.0	319.0
385.0	1440.0
150.0	562.0
690.0	3758.0
192.0	408.0
60.0	722.0
379.0	2451.0
1433.0	7500.0
478.0	1755.0
1055.0	5414.0
345.0	381.0
421.0	2706.0
106.0	651.0
543.0	5464.0
42.0	643.0
220.0	2965.0
187.0	813.0
1058.0	3390.0
16.0	193.0
405.0	3007.0
193.0	867.0
128.0	517.0
9.0	395.0
318.0	1252.0
150.0	3817.0
381.0	2492.0
316.0	934.0
67.0	1550.0
2953.0	20107.0
186.0	2227.0
208.0	1813.0
113.0	843.0
310.0	1733.0
0.0	964.0
26.0	737.0
119.0	1032.0
21116.0	79901.0
49.0	398.0
106.0	760.0
640.0	2367.0
186.0	1918.0
738.0	5886.0
87.0	749.0
624.0	4379.0
6927.0	47542.0
1780.0	6538.0
32.0	812.0
21.0	260.0
0.0	58.0
449.0	5413.0
1058.0	8120.0
0.0	0.0
146.0	2154.0
235.0	4329.0
2699.0	7587.0
441.0	2117.0
432.0	1556.0
0.0	64.0
44.0	202.0
1625.0	8911.0
222.0	5990.0
355.0	2595.0
0.0	112.0
1550.0	5164.0
330.0	977.0
4.0	618.0
396.0	2715.0
206.0	783.0
0.0	0.0
301.0	2224.0
252.0	2479.0
94.0	555.0
109.0	674.0
0.0	135.0
40.0	376.0
289.0	1837.0
168.0	2385.0
1226.0	10401.0
14.0	181.0
449.0	3463.0
66.0	930.0
411.0	2278.0
2008.0	9801.0
716.0	3404.0
157.0	886.0
79.0	455.0
110.0	1457.0
0.0	0.0
215.0	249.0
19.0	616.0
87.0	507.0
139.0	471.0
291.0	2115.0
990.0	6982.0
0.0	0.0
33.0	1193.0
63.0	769.0
0.0	1358.0
204.0	691.0
0.0	154.0
34.0	1153.0
130.0	874.0
6.0	220.0
1140.0	5784.0
861.0	12713.0
20731.0	86206.0
248.0	1591.0
574.0	7119.0
741.0	4635.0
42.0	1600.0
315.0	2666.0
891.0	5761.0
801.0	2158.0
307.0	1598.0
92.0	1563.0
0.0	86.0
329.0	1327.0
12080.0	44856.0
160.0	1045.0
19.0	551.0
1520.0	7803.0
44.0	468.0
536.0	2671.0
108.0	856.0
84.0	549.0
98.0	554.0
27039.0	90068.0
1705.0	12934.0
162.0	3379.0
220.0	1833.0
40.0	1717.0
11.0	447.0
290.0	3577.0
57.0	662.0
9.0	114.0
1.0	469.0
1090.0	2899.0
82.0	1015.0
214.0	1229.0
615.0	1555.0
640.0	10322.0
95.0	1324.0
43.0	540.0
23.0	479.0
96.0	584.0
320.0	6764.0
94.0	530.0
107.0	1424.0
1120.0	7491.0
351.0	1014.0
132.0	1320.0
356.0	2107.0
302.0	3331.0
192.0	842.0
68.0	180.0
112.0	2047.0
116.0	994.0
2466.0	4022.0
62.0	228.0
342.0	3389.0
443.0	2655.0
621.0	5354.0
66.0	399.0
880.0	4433.0
0.0	142.0
6.0	493.0
48.0	144.0
33.0	540.0
177.0	4014.0
41535.0	117502.0
757.0	9890.0
1334.0	8257.0
16.0	861.0
17.0	105.0
130.0	776.0
677.0	8496.0
45.0	751.0
423.0	3068.0
375.0	1181.0
545.0	4291.0
1565.0	4831.0
204.0	615.0
48.0	503.0
0.0	0.0
34.0	1030.0
259.0	604.0
17.0	398.0
775.0	5991.0
534.0	4236.0
252.0	4439.0
456.0	1526.0
29.0	490.0
406.0	1534.0
0.0	0.0
65.0	382.0
8337.0	45842.0
115.0	3557.0
57.0	551.0
31.0	1614.0
379.0	5333.0
717.0	4330.0
607.0	5051.0
16.0	359.0
728.0	6455.0
95.0	897.0
7519.0	37472.0
58.0	907.0
146.0	476.0
289.0	2568.0
50.0	391.0
501.0	2468.0
187.0	521.0
307.0	1731.0
708.0	2300.0
272.0	2044.0
848.0	3992.0
142.0	596.0
334.0	4732.0
204.0	1400.0
263.0	3728.0
46.0	710.0
0.0	341.0
163.0	5414.0
256.0	599.0
832.0	13869.0
693.0	3872.0
110.0	986.0
473.0	6982.0
371.0	1816.0
140.0	619.0
24.0	482.0
321.0	7100.0
146.0	2094.0
125.0	785.0
129.0	738.0
407.0	693.0
258.0	1121.0
328.0	1435.0
351.0	1357.0
2325.0	7598.0
0.0	536.0
31.0	344.0
869.0	4508.0
779.0	6666.0
78.0	1129.0
30.0	403.0
206.0	2520.0
195.0	2148.0
1015.0	2057.0
260.0	1198.0
71.0	1546.0
0.0	385.0
1671.0	15311.0
152.0	1640.0
0.0	258.0
18.0	623.0
375.0	1513.0
1307.0	3519.0
105.0	915.0
132.0	555.0
0.0	15.0
392.0	3552.0
618.0	8134.0
539.0	4509.0
39.0	264.0
83.0	607.0
37.0	187.0
647.0	3135.0
237.0	2325.0
94.0	899.0
236.0	2210.0
119.0	1162.0
12.0	126.0
15.0	327.0
220.0	781.0
0.0	123.0
158.0	867.0
570.0	4362.0
1617.0	7606.0
396.0	2885.0
71.0	2328.0
3.0	633.0
623.0	3173.0
147.0	1781.0
399.0	3933.0
0.0	306.0
103.0	1116.0
3581.0	19539.0
1360.0	6963.0
1741.0	11787.0
481.0	1093.0
58.0	268.0
202.0	1192.0
182.0	1431.0
98.0	459.0
4.0	187.0
239.0	1360.0
182.0	1715.0
664.0	2964.0
804.0	6357.0
118.0	843.0
177.0	1561.0
165.0	1625.0
179.0	289.0
73.0	283.0
0.0	222.0
209.0	3468.0
216.0	1152.0
209.0	2155.0
333.0	1514.0
382.0	2092.0
365.0	3608.0
272.0	1943.0
60.0	769.0
81.0	1631.0
1066.0	1867.0
324.0	1023.0
6.0	107.0
256.0	2205.0
266.0	1229.0
0.0	484.0
18.0	768.0
167.0	1911.0
192.0	1158.0
745.0	6491.0
46.0	303.0
71.0	1022.0
129.0	1040.0
27.0	192.0
62.0	758.0
77.0	134.0
652.0	3636.0
131.0	379.0
2.0	619.0
968.0	6620.0
19.0	653.0
338.0	4333.0
69.0	492.0
391.0	1634.0
21.0	422.0
459.0	1606.0
70.0	593.0
181.0	1939.0
207.0	2085.0
30152.0	88529.0
125.0	1649.0
13510.0	62418.0
0.0	90.0
14361.0	70893.0
1204.0	6996.0
425.0	2646.0
293.0	2245.0
19.0	78.0
48.0	754.0
253.0	1761.0
335.0	3166.0
6.0	407.0
0.0	52.0
206.0	699.0
101.0	796.0
1109.0	6619.0
96.0	1280.0
599.0	2987.0
199.0	3044.0
169.0	724.0
48.0	637.0
138.0	1398.0
0.0	241.0
165.0	1633.0
360.0	2493.0
179.0	1182.0
77.0	352.0
117.0	525.0
241.0	1616.0
319.0	1304.0
167.0	546.0
572.0	3060.0
784.0	8178.0
497.0	2036.0
3.0	390.0
495.0	3342.0
287.0	3170.0
649.0	3482.0
42.0	635.0
16.0	770.0
872.0	4534.0
46.0	979.0
177.0	269.0
80.0	291.0
15.0	333.0
0.0	0.0
2032.0	7279.0
199.0	1998.0
95.0	381.0
291.0	1423.0
409.0	3884.0
113.0	1927.0
83.0	589.0
188.0	1413.0
549.0	2300.0
117.0	843.0
756.0	2750.0
961.0	3498.0
150.0	1186.0
21.0	452.0
326.0	1619.0
77.0	903.0
58.0	128.0
60.0	392.0
0.0	56.0
43.0	320.0
235.0	1207.0
249.0	1054.0
4.0	1920.0
0.0	94.0
1789.0	12021.0
165.0	495.0
111.0	907.0
88.0	1598.0
28.0	812.0
263.0	1153.0
22156.0	70935.0
104.0	959.0
0.0	346.0
0.0	118.0
229.0	1953.0
71.0	233.0
60.0	709.0
322.0	1567.0
97.0	861.0
202.0	2563.0
114.0	3219.0
68.0	1253.0
0.0	0.0
4.0	360.0
2499.0	10921.0
753.0	4619.0
131.0	729.0
168.0	2128.0
336.0	1500.0
47.0	694.0
0.0	46.0
172.0	1119.0
32.0	336.0
641.0	6627.0
17268.0	51672.0
63.0	611.0
95.0	945.0
999.0	4019.0
108.0	690.0
0.0	167.0
497.0	3727.0
487.0	3246.0
184.0	2281.0
68.0	938.0
633.0	4103.0
1019.0	3634.0
52.0	1538.0
0.0	265.0
84.0	173.0
5601.0	24765.0
116.0	964.0
214.0	1373.0
186.0	1708.0
52.0	561.0
627.0	2818.0
429.0	2626.0
101.0	410.0
274.0	6933.0
535.0	2052.0
16.0	767.0
1355.0	3650.0
350.0	375.0
7.0	292.0
195.0	2840.0
0.0	153.0
542.0	3702.0
16.0	558.0
600.0	4570.0
3.0	184.0
110.0	592.0
116.0	849.0
111.0	1194.0
117.0	1183.0
67.0	507.0
5643.0	20102.0
24.0	268.0
4.0	244.0
74.0	1281.0
26.0	372.0
208.0	746.0
910.0	4752.0
139.0	1304.0
0.0	0.0
47.0	1404.0
1246.0	5309.0
1026.0	5724.0
165.0	1368.0
127.0	645.0
256.0	666.0
12923.0	43716.0
109.0	156.0
440.0	5197.0
492.0	2036.0
155.0	708.0
367.0	2149.0
786.0	10785.0
517.0	4073.0
795.0	3838.0
793.0	6059.0
579.0	4410.0
79.0	1651.0
260.0	854.0
379.0	1171.0
652.0	2078.0
0.0	144.0
263.0	1387.0
1674.0	7341.0
71.0	361.0
2262.0	5680.0
11.0	1001.0
248.0	1868.0
43.0	226.0
19.0	331.0
206.0	725.0
175.0	992.0
100.0	1185.0
152.0	527.0
408.0	3320.0
71.0	863.0
92.0	1315.0
20.0	419.0
106.0	793.0
14249.0	67673.0
252.0	648.0
203.0	498.0
98.0	876.0
154.0	1024.0
99.0	922.0
43.0	904.0
139.0	1678.0
1.0	694.0
0.0	144.0
0.0	346.0
2.0	494.0
1.0	1702.0
252.0	374.0
328.0	1113.0
8.0	361.0
201.0	435.0
227.0	1057.0
831.0	4180.0
76.0	539.0
322.0	3094.0
0.0	244.0
68.0	2377.0
0.0	573.0
180.0	2591.0
28.0	416.0
724.0	4213.0
42.0	731.0
1079.0	8103.0
290.0	3304.0
1544.0	6887.0
33.0	688.0
144.0	1752.0
21.0	253.0
0.0	504.0
625.0	5801.0
51.0	498.0
653.0	2678.0
30.0	679.0
0.0	223.0
39.0	1508.0
204.0	1186.0
166.0	726.0
52.0	626.0
678.0	3235.0
714.0	5427.0
618.0	1206.0
321.0	1718.0
0.0	54.0
250.0	2712.0
187.0	4660.0
115.0	1459.0
0.0	228.0
0.0	183.0
0.0	691.0
1161.0	7347.0
510.0	1909.0
1560.0	8294.0
33.0	1212.0
1839.0	4708.0
2494.0	13093.0
160.0	1919.0
1147.0	12228.0
227.0	1687.0
61.0	972.0
0.0	400.0
267.0	1664.0
0.0	124.0
74.0	163.0
375.0	2795.0
58.0	938.0
48.0	868.0
161.0	4647.0
259.0	3671.0
304.0	8594.0
1749.0	5712.0
205.0	525.0
91.0	279.0
192.0	2086.0
0.0	159.0
1368.0	6426.0
686.0	4231.0
72.0	1053.0
23.0	739.0
0.0	487.0
3227.0	14324.0
152.0	2386.0
2138.0	8325.0
19.0	268.0
885.0	4748.0
421.0	5676.0
0.0	29.0
94.0	1645.0
0.0	154.0
0.0	0.0
22.0	692.0
91.0	519.0
487.0	6584.0
21.0	598.0
0.0	628.0
108.0	1051.0
0.0	133.0
14.0	248.0
41.0	1085.0
234.0	4549.0
59.0	329.0
65.0	718.0
331.0	1475.0
133.0	579.0
246.0	1651.0
1.0	513.0
0.0	254.0
73.0	692.0
26.0	492.0
155.0	682.0
51.0	646.0
52.0	1021.0
159.0	849.0
23081.0	89611.0
0.0	1408.0
503.0	1554.0
49.0	1035.0
382.0	892.0
201.0	674.0
518.0	3511.0
43.0	1419.0
299.0	3171.0
72.0	289.0
244.0	1995.0
49.0	1192.0
87.0	2602.0
791.0	2469.0
254.0	3550.0
642.0	3894.0
86.0	832.0
884.0	5447.0
26.0	45.0
771.0	5008.0
85.0	1080.0
90.0	4375.0
340.0	4407.0
1214.0	4660.0
206.0	515.0
270.0	1833.0
319.0	1024.0
625.0	5105.0
45.0	1913.0
0.0	287.0
239.0	2347.0
272.0	2205.0
192.0	840.0
0.0	25.0
1342.0	8245.0
607.0	9601.0
23.0	1150.0
0.0	0.0
158.0	702.0
674.0	5139.0
200.0	790.0
1182.0	17588.0
142.0	1583.0
613.0	3037.0
204.0	1044.0
222.0	1137.0
156.0	1090.0
179.0	870.0
240.0	2206.0
923.0	7431.0
673.0	3283.0
40.0	81.0
549.0	3428.0
0.0	171.0
194.0	1885.0
167.0	1128.0
50.0	427.0
78.0	1355.0
266.0	1246.0
0.0	37.0
7094.0	24440.0
334.0	2232.0
165.0	1782.0
83.0	2473.0
350.0	850.0
111.0	859.0
193.0	1026.0
243.0	572.0
0.0	312.0
224.0	807.0
1101.0	4547.0
43.0	329.0
32.0	245.0
255.0	1985.0
94.0	2003.0
271.0	5577.0
35.0	101.0
691.0	4939.0
221.0	4647.0
253.0	1509.0
386.0	1630.0
72.0	912.0
217.0	2263.0
0.0	222.0
158.0	1201.0
266.0	1040.0
782.0	2466.0
133.0	273.0
0.0	0.0
163.0	821.0
14.0	375.0
283.0	7246.0
76.0	653.0
154.0	545.0
322.0	2472.0
663.0	4786.0
141.0	1073.0
307.0	3799.0
10303.0	40054.0
215.0	3737.0
512.0	1344.0
931.0	7584.0
168.0	526.0
1.0	212.0
1243.0	11298.0
127.0	754.0
8.0	273.0
215.0	1565.0
272.0	1293.0
1049.0	4344.0
55.0	1096.0
132.0	2191.0
57.0	499.0
29.0	50.0
53.0	500.0
270.0	4541.0
241.0	3092.0
141.0	504.0
64.0	858.0
218.0	1533.0
4.0	174.0
511.0	3997.0
454.0	1741.0
0.0	42.0
242.0	2826.0
236.0	2934.0
24.0	937.0
92.0	3397.0
298.0	903.0
0.0	71.0
375.0	3089.0
39.0	313.0
0.0	337.0
188.0	932.0
0.0	94.0
403.0	7067.0
589.0	5088.0
330.0	3496.0
25.0	2055.0
195.0	1427.0
86.0	443.0
1306.0	4325.0
21.0	186.0
460.0	973.0
204.0	1567.0
123.0	781.0
333.0	2330.0
21.0	361.0
37.0	1276.0
915.0	3909.0
77.0	292.0
820.0	7655.0
1251.0	12054.0
125.0	1816.0
197.0	2341.0
424.0	1583.0
228.0	1615.0
358.0	1916.0
175.0	2019.0
0.0	224.0
276.0	1361.0
0.0	497.0
0.0	184.0
0.0	365.0
424.0	3683.0
208.0	818.0
774.0	5511.0
36.0	2479.0
142.0	854.0
10.0	112.0
373.0	1915.0
4.0	600.0
1358.0	4158.0
69.0	412.0
15.0	139.0
129.0	867.0
241.0	2161.0
600.0	4131.0
337.0	1407.0
28.0	470.0
1630.0	4116.0
106.0	106.0
394.0	4732.0
37.0	1665.0
288.0	1761.0
62.0	484.0
93.0	683.0
645.0	5064.0
150.0	483.0
29.0	1384.0
134.0	657.0
155.0	1067.0
628.0	9253.0
337.0	2977.0
0.0	102.0
31.0	1252.0
11.0	173.0
73.0	321.0
275.0	2213.0
767.0	8212.0
593.0	2620.0
642.0	3110.0
1.0	56.0
744.0	3589.0
62.0	123.0
171.0	631.0
18.0	594.0
160.0	1345.0
94.0	552.0
47.0	1457.0
101.0	649.0
231.0	1018.0
250.0	3029.0
1727.0	4461.0
62.0	933.0
0.0	421.0
501.0	4368.0
7.0	357.0
7.0	474.0
23.0	248.0
37.0	657.0
1071.0	6448.0
1115.0	4335.0
295.0	1344.0
700.0	3043.0
68.0	786.0
51.0	708.0
51.0	836.0
77.0	1981.0
111.0	1302.0
477.0	3654.0
366.0	1838.0
147.0	634.0
169.0	2037.0
30.0	393.0
21.0	561.0
109.0	1559.0
39.0	754.0
649.0	4286.0
240.0	3929.0
235.0	815.0
55.0	632.0
4939.0	22734.0
839.0	5977.0
9.0	321.0
9162.0	27256.0
574.0	5530.0
27282.0	88442.0
878.0	7145.0
534.0	7900.0
212.0	1722.0
156.0	1648.0
0.0	77.0
76.0	447.0
135.0	729.0
343.0	2139.0
927.0	4173.0
27.0	380.0
48.0	471.0
35.0	770.0
0.0	23.0
333.0	3789.0
486.0	1807.0
326.0	1869.0
0.0	328.0
23.0	498.0
85.0	452.0
265.0	2198.0
127.0	2537.0
521.0	5506.0
24704.0	108266.0
145.0	568.0
175.0	1361.0
85.0	794.0
31.0	509.0
0.0	454.0
486.0	1662.0
569.0	2433.0
771.0	6943.0
0.0	0.0
588.0	1855.0
0.0	42.0
5.0	258.0
0.0	110.0
442.0	2769.0
0.0	213.0
488.0	1084.0
270.0	3858.0
102.0	1484.0
21.0	49.0
112.0	647.0
129.0	1292.0
406.0	1818.0
879.0	3891.0
0.0	0.0
20988.0	88500.0
0.0	681.0
333.0	1080.0
77.0	495.0
1316.0	7778.0
1124.0	6810.0
1616.0	3715.0
55.0	275.0
256.0	390.0
1166.0	8069.0
269.0	1030.0
26.0	267.0
252.0	793.0
542.0	4260.0
104.0	839.0
29.0	485.0
13.0	225.0
794.0	2764.0
17.0	161.0
3845.0	15284.0
84.0	2625.0
19.0	553.0
767.0	10390.0
35.0	1360.0
131.0	292.0
370.0	2548.0
22.0	594.0
5.0	196.0
1054.0	4207.0
313.0	1206.0
5033.0	23383.0
421.0	1357.0
103.0	103.0
56.0	820.0
13.0	136.0
217.0	1078.0
0.0	357.0
200.0	6235.0
2.0	264.0
6675.0	24861.0
190.0	275.0
653.0	5423.0
265.0	1770.0
270.0	1580.0
249.0	924.0
2.0	341.0
34.0	508.0
260.0	647.0
12.0	535.0
38.0	783.0
384.0	2604.0
351.0	3344.0
2043.0	12752.0
466.0	2605.0
256.0	2470.0
211.0	1011.0
66.0	714.0
41.0	518.0
28.0	170.0
0.0	575.0
80.0	575.0
604.0	4377.0
2721.0	14206.0
518.0	7286.0
0.0	199.0
506.0	3771.0
0.0	123.0
1807.0	6009.0
762.0	5735.0
213.0	649.0
1.0	555.0
109.0	3205.0
199.0	271.0
348.0	1892.0
26.0	655.0
167.0	1158.0
64.0	1126.0
326.0	3154.0
176.0	2348.0
562.0	3102.0
461.0	2550.0
17804.0	71231.0
540.0	5091.0
24.0	194.0
176.0	3291.0
13.0	838.0
32.0	33.0
0.0	579.0
303.0	2295.0
0.0	98.0
55.0	659.0
435.0	1923.0
409.0	10293.0
49.0	460.0
277.0	1171.0
535.0	2226.0
360.0	1244.0
25610.0	87508.0
500.0	925.0
148.0	612.0
390.0	3007.0
417.0	7768.0
20902.0	65761.0
0.0	151.0
52.0	838.0
288.0	4295.0
482.0	5672.0
54.0	425.0
0.0	46.0
0.0	223.0
660.0	5098.0
83.0	1526.0
99.0	894.0
52.0	540.0
277.0	2047.0
0.0	65.0
852.0	12837.0
130.0	2253.0
295.0	1800.0
376.0	6830.0
312.0	1358.0
483.0	2578.0
130.0	896.0
5005.0	20347.0
12.0	315.0
20.0	227.0
140.0	788.0
56.0	1099.0
621.0	827.0
240.0	898.0
1105.0	7531.0
55.0	220.0
180.0	910.0
449.0	1323.0
810.0	5252.0
68.0	976.0
325.0	3033.0
200.0	749.0
319.0	2070.0
2.0	518.0
162.0	797.0
0.0	117.0
8.0	441.0
51.0	98.0
38.0	1607.0
22480.0	77231.0
12441.0	61133.0
21.0	366.0
90.0	866.0
0.0	183.0
281.0	1755.0
9.0	436.0
240.0	928.0
696.0	1334.0
132.0	726.0
394.0	4380.0
621.0	4462.0
151.0	952.0
88.0	2073.0
1325.0	7325.0
126.0	939.0
2454.0	8833.0
1152.0	6456.0
452.0	769.0
192.0	610.0
150.0	1631.0
215.0	2140.0
420.0	2775.0
475.0	568.0
801.0	4519.0
851.0	5829.0
57.0	466.0
122.0	122.0
64.0	205.0
429.0	1722.0
535.0	1760.0
0.0	184.0
11.0	99.0
272.0	1680.0
345.0	2199.0
0.0	0.0
639.0	2776.0
324.0	795.0
21739.0	61000.0
165.0	2342.0
623.0	3906.0
165.0	1230.0
77.0	937.0
900.0	2916.0
105.0	2557.0
2233.0	8538.0
337.0	741.0
55.0	326.0
164.0	1004.0
62.0	1143.0
89.0	637.0
861.0	3189.0
0.0	335.0
0.0	208.0
32.0	399.0
163.0	2180.0
27.0	357.0
40.0	614.0
23.0	294.0
423.0	5855.0
289.0	515.0
285.0	1586.0
209.0	1512.0
0.0	99.0
432.0	3315.0
303.0	2810.0
12.0	1022.0
29.0	182.0
882.0	10913.0
191.0	421.0
121.0	1152.0
227.0	749.0
162.0	228.0
0.0	329.0
239.0	621.0
863.0	10977.0
22.0	395.0
264.0	289.0
86.0	144.0
52.0	350.0
1137.0	7414.0
51.0	359.0
322.0	2878.0
701.0	1905.0
136.0	2233.0
149.0	598.0
100.0	717.0
34.0	908.0
21.0	338.0
344.0	1090.0
359.0	6464.0
11.0	232.0
104.0	204.0
25.0	312.0
309.0	3093.0
177.0	3440.0
60.0	375.0
92.0	1266.0
79.0	759.0
417.0	2844.0
106.0	450.0
16887.0	67106.0
1577.0	10365.0
56.0	378.0
657.0	6668.0
172.0	729.0
879.0	12201.0
78.0	1072.0
38.0	267.0
79.0	755.0
194.0	594.0
93.0	674.0
0.0	67.0
0.0	218.0
751.0	3248.0
59.0	464.0
265.0	1859.0
73.0	904.0
194.0	2446.0
51.0	350.0
4789.0	20645.0
266.0	589.0
210.0	1068.0
180.0	1566.0
29513.0	108704.0
90.0	1058.0
24.0	156.0
181.0	760.0
4.0	417.0
144.0	568.0
39.0	577.0
236.0	813.0
1305.0	16703.0
315.0	2637.0
84.0	643.0
675.0	8373.0
333.0	1091.0
540.0	4331.0
39.0	583.0
444.0	1462.0
67.0	1103.0
186.0	1096.0
301.0	2881.0
712.0	4726.0
0.0	64.0
52.0	204.0
510.0	2842.0
300.0	2124.0
390.0	5516.0
218.0	7829.0
570.0	3374.0
282.0	1866.0
10623.0	50667.0
233.0	851.0
175.0	1259.0
82.0	1876.0
230.0	1548.0
202.0	699.0
186.0	2516.0
527.0	6137.0
334.0	821.0
33500.0	104040.0
347.0	1089.0
85.0	781.0
46.0	611.0
172.0	812.0
1418.0	6392.0
371.0	2269.0
30.0	463.0
212.0	932.0
145.0	769.0
38.0	467.0
1102.0	5785.0
236.0	1010.0
444.0	1926.0
189.0	666.0
110.0	260.0
970.0	6751.0
874.0	4007.0
220.0	992.0
96.0	2166.0
433.0	1513.0
22.0	784.0
49.0	354.0
0.0	40.0
484.0	2241.0
28.0	591.0
242.0	1503.0
332.0	926.0
7.0	822.0
2.0	390.0
20.0	366.0
78.0	591.0
1005.0	3822.0
724.0	6056.0
67.0	370.0
25.0	2366.0
45.0	1065.0
141.0	1268.0
482.0	4023.0
88.0	781.0
43.0	805.0
1707.0	8526.0
8.0	600.0
417.0	1364.0
160.0	1788.0
82.0	1443.0
0.0	385.0
292.0	1333.0
126.0	1594.0
162.0	2192.0
19870.0	80812.0
19.0	397.0
71.0	1172.0
104.0	1241.0
368.0	2660.0
434.0	1636.0
0.0	15.0
0.0	313.0
0.0	160.0
203.0	624.0
395.0	2446.0
473.0	2175.0
116.0	1040.0
1685.0	3775.0
31.0	941.0
546.0	1940.0
26.0	1235.0
414.0	1753.0
15.0	491.0
256.0	2382.0
33.0	1222.0
0.0	477.0
222.0	3131.0
38.0	298.0
166.0	1063.0
101.0	1039.0
951.0	5566.0
376.0	3775.0
254.0	1108.0
23.0	434.0
0.0	214.0
56.0	279.0
1403.0	12383.0
156.0	318.0
90.0	1175.0
377.0	2357.0
539.0	5071.0
7.0	226.0
799.0	4439.0
186.0	1748.0
550.0	4082.0
0.0	169.0
26.0	904.0
357.0	1493.0
115.0	449.0
309.0	1163.0
359.0	5152.0
105.0	966.0
88.0	869.0
159.0	970.0
66.0	591.0
6.0	539.0
83.0	1654.0
0.0	1549.0
0.0	147.0
0.0	164.0
19.0	678.0
261.0	1199.0
524.0	2011.0
0.0	0.0
571.0	1868.0
0.0	0.0
93.0	1330.0
440.0	2648.0
2466.0	11616.0
19.0	377.0
1332.0	10008.0
835.0	3825.0
22227.0	92465.0
53.0	1186.0
148.0	1149.0
164.0	374.0
84.0	1240.0
828.0	6074.0
375.0	1968.0
1297.0	7487.0
33107.0	105691.0
342.0	3644.0
260.0	297.0
306.0	5136.0
186.0	2023.0
567.0	4139.0
205.0	1740.0
37.0	242.0
74.0	686.0
110.0	363.0
1011.0	4502.0
30.0	569.0
0.0	0.0
5.0	1006.0
27.0	526.0
0.0	28.0
261.0	1436.0
446.0	9581.0
134.0	4076.0
407.0	2660.0
560.0	1863.0
705.0	3055.0
214.0	1258.0
63.0	2677.0
464.0	4115.0
104.0	2296.0
597.0	2142.0
445.0	1754.0
419.0	4422.0
1568.0	4911.0
589.0	4878.0
908.0	2264.0
100.0	985.0
14417.0	49834.0
190.0	594.0
36.0	532.0
86.0	1112.0
7776.0	27271.0
317.0	1469.0
368.0	936.0
187.0	825.0
749.0	4499.0
17.0	177.0
270.0	1722.0
0.0	51.0
142.0	487.0
210.0	1380.0
26.0	282.0
0.0	180.0
841.0	9598.0
1363.0	4872.0
330.0	3212.0
192.0	1494.0
34138.0	82991.0
208.0	2177.0
37187.0	117898.0
34.0	384.0
288.0	2126.0
0.0	169.0
28.0	658.0
291.0	699.0
76.0	1273.0
22.0	246.0
105.0	634.0
0.0	251.0
419.0	6323.0
362.0	2119.0
121.0	2235.0
47.0	1208.0
142.0	449.0
1251.0	4387.0
648.0	4296.0
62.0	1479.0
269.0	753.0
69.0	297.0
77.0	824.0
541.0	3344.0
404.0	4003.0
78.0	534.0
122.0	2517.0
67.0	709.0
528.0	1739.0
17.0	146.0
106.0	423.0
863.0	7865.0
335.0	2352.0
0.0	128.0
10162.0	43533.0
9.0	302.0
613.0	7973.0
44.0	1187.0
0.0	0.0
176.0	582.0
0.0	345.0
177.0	331.0
53.0	1037.0
246.0	1498.0
137.0	2256.0
47.0	434.0
640.0	3313.0
35.0	454.0
198.0	3024.0
89.0	2161.0
0.0	293.0
15.0	435.0
10.0	243.0
258.0	2622.0
136.0	2262.0
1428.0	7383.0
241.0	954.0
222.0	1063.0
78.0	267.0
271.0	2362.0
178.0	2760.0
0.0	245.0
522.0	5046.0
77.0	448.0
369.0	1651.0
233.0	1815.0
51.0	630.0
2.0	271.0
0.0	0.0
447.0	4183.0
173.0	866.0
277.0	2286.0
321.0	1232.0
47.0	280.0
424.0	1200.0
76.0	339.0
214.0	2068.0
0.0	198.0
0.0	44.0
638.0	3695.0
570.0	4344.0
3.0	381.0
256.0	1757.0
242.0	243.0
13.0	391.0
541.0	3397.0
351.0	2944.0
122.0	660.0
71.0	1982.0
65.0	957.0
6.0	25.0
128.0	2281.0
97.0	2086.0
0.0	78.0
0.0	457.0
34.0	834.0
35371.0	117206.0
230.0	1356.0
39.0	1060.0
38.0	152.0
211.0	652.0
21.0	484.0
36.0	367.0
114.0	1163.0
0.0	42.0
235.0	925.0
116.0	887.0
40.0	777.0
19.0	684.0
0.0	124.0
0.0	0.0
123.0	465.0
319.0	2332.0
59.0	384.0
0.0	207.0
600.0	6707.0
15990.0	63164.0
0.0	257.0
20.0	503.0
59.0	571.0
171.0	1363.0
464.0	5715.0
296.0	3053.0
53.0	1152.0
165.0	1523.0
32.0	100.0
86.0	623.0
43.0	792.0
150.0	3838.0
0.0	76.0
149.0	1216.0
438.0	2739.0
67.0	573.0
0.0	154.0
18.0	283.0
118.0	1334.0
180.0	2634.0
731.0	7984.0
250.0	798.0
0.0	44.0
11.0	345.0
117.0	1479.0
147.0	422.0
0.0	227.0
69.0	526.0
1139.0	9105.0
16713.0	73845.0
210.0	317.0
182.0	2158.0
55.0	1256.0
935.0	5624.0
10414.0	45959.0
83.0	399.0
97.0	592.0
0.0	259.0
1824.0	11255.0
517.0	6068.0
289.0	4411.0
828.0	4638.0
207.0	3007.0
867.0	4181.0
197.0	1636.0
223.0	741.0
4.0	344.0
29884.0	96837.0
33.0	502.0
50.0	557.0
169.0	1965.0
166.0	3124.0
109.0	785.0
116.0	414.0
262.0	1548.0
56.0	1163.0
457.0	1637.0
980.0	3058.0
6.0	140.0
402.0	2565.0
25.0	282.0
50.0	571.0
16.0	38.0
76.0	868.0
71.0	625.0
10.0	444.0
970.0	4984.0
9.0	289.0
305.0	2145.0
283.0	3901.0
158.0	661.0
909.0	3669.0
249.0	1819.0
84.0	1026.0
95.0	959.0
56.0	572.0
0.0	83.0
1177.0	4203.0
176.0	1376.0
69.0	872.0
0.0	357.0
112.0	405.0
526.0	5928.0
44.0	419.0
19642.0	64863.0
546.0	5998.0
182.0	662.0
598.0	3668.0
119.0	1613.0
0.0	164.0
519.0	1318.0
122.0	1473.0
537.0	3084.0
86.0	1264.0
537.0	5635.0
63.0	1580.0
34.0	1159.0
136.0	694.0
108.0	1548.0
35.0	508.0
288.0	2198.0
179.0	3321.0
854.0	5417.0
0.0	30.0
250.0	2330.0
131.0	916.0
335.0	4409.0
109.0	874.0
33.0	1372.0
14.0	407.0
1.0	408.0
0.0	405.0
282.0	798.0
615.0	2263.0
8.0	178.0
0.0	0.0
862.0	5434.0
272.0	2091.0
514.0	1799.0
548.0	5976.0
551.0	4419.0
130.0	801.0
0.0	123.0
32.0	76.0
546.0	3424.0
48.0	893.0
310.0	4474.0
0.0	0.0
318.0	648.0
793.0	3654.0
7.0	207.0
646.0	4177.0
114.0	1568.0
2.0	422.0
122.0	513.0
344.0	2207.0
617.0	4150.0
1036.0	3921.0
16.0	1585.0
50.0	410.0
139.0	1728.0
515.0	4403.0
25.0	281.0
187.0	895.0
879.0	7222.0
161.0	2388.0
201.0	2067.0
1302.0	3533.0
158.0	1260.0
0.0	0.0
124.0	1142.0
0.0	239.0
282.0	1687.0
56.0	1333.0
127.0	736.0
11.0	350.0
22.0	339.0
381.0	3066.0
166.0	1835.0
42.0	642.0
27.0	576.0
39.0	560.0
474.0	2374.0
469.0	1571.0
1891.0	9167.0
236.0	1665.0
737.0	6292.0
0.0	96.0
2174.0	5776.0
6.0	564.0
551.0	5618.0
70.0	621.0
97.0	1339.0
311.0	1419.0
413.0	1240.0
20.0	467.0
0.0	168.0
68.0	1619.0
0.0	149.0
87.0	621.0
124.0	1000.0
82.0	1517.0
139.0	2003.0
194.0	767.0
129.0	1702.0
0.0	220.0
0.0	317.0
1369.0	7007.0
3.0	1058.0
672.0	2207.0
621.0	4890.0
181.0	638.0
246.0	3136.0
114.0	786.0
538.0	8064.0
794.0	6690.0
187.0	899.0
62.0	467.0
231.0	2618.0
3.0	352.0
152.0	1019.0
0.0	0.0
179.0	1166.0
225.0	876.0
46.0	583.0
83.0	887.0
303.0	1399.0
186.0	2336.0
44.0	2682.0
495.0	2163.0
610.0	2835.0
56.0	1565.0
23.0	672.0
63.0	476.0
185.0	882.0
261.0	3476.0
114.0	1054.0
0.0	188.0
568.0	3308.0
263.0	1757.0
373.0	2474.0
361.0	1675.0
104.0	816.0
98.0	283.0
41.0	614.0
723.0	5956.0
16.0	951.0
219.0	3846.0
129.0	703.0
264.0	4792.0
62.0	1214.0
41.0	153.0
89.0	573.0
360.0	2332.0
340.0	2651.0
112.0	733.0
357.0	1460.0
27.0	860.0
347.0	4723.0
159.0	1139.0
774.0	4985.0
0.0	17.0
72.0	946.0
154.0	957.0
31.0	172.0
39.0	3151.0
113.0	3281.0
237.0	2317.0
125.0	372.0
7349.0	26703.0
15.0	373.0
320.0	759.0
157.0	1285.0
126.0	1036.0
224.0	2734.0
73.0	1346.0
862.0	4296.0
29.0	463.0
600.0	3338.0
0.0	45.0
0.0	311.0
3313.0	10568.0
100.0	296.0
404.0	705.0
181.0	2549.0
169.0	915.0
352.0	802.0
372.0	3155.0
372.0	4923.0
18.0	704.0
1059.0	3803.0
14.0	629.0
121.0	321.0
568.0	4561.0
10.0	790.0
130.0	336.0
124.0	1209.0
194.0	2822.0
178.0	304.0
2092.0	7692.0
61.0	338.0
128.0	653.0
58.0	145.0
79.0	387.0
237.0	2966.0
316.0	1902.0
8.0	347.0
152.0	1632.0
466.0	2092.0
103.0	558.0
31.0	238.0
388.0	2241.0
0.0	0.0
47.0	427.0
17408.0	72587.0
0.0	618.0
118.0	434.0
190.0	2719.0
754.0	3097.0
532.0	3840.0
0.0	0.0
0.0	0.0
702.0	2161.0
212.0	2817.0
564.0	3600.0
205.0	738.0
503.0	3076.0
201.0	2425.0
78.0	681.0
13247.0	58325.0
103.0	1412.0
15.0	194.0
674.0	4290.0
19389.0	96345.0
380.0	2262.0
288.0	2707.0
74.0	991.0
597.0	3832.0
34.0	129.0
229.0	887.0
0.0	665.0
0.0	454.0
0.0	54.0
109.0	564.0
952.0	4407.0
439.0	4543.0
675.0	2714.0
30.0	844.0
11.0	341.0
136.0	592.0
57.0	479.0
0.0	69.0
6.0	971.0
207.0	579.0
0.0	137.0
0.0	0.0
144.0	2485.0
458.0	1982.0
4.0	570.0
177.0	1866.0
145.0	759.0
355.0	875.0
563.0	3187.0
1935.0	11515.0
17.0	275.0
320.0	3375.0
2269.0	8872.0
273.0	980.0
86.0	112.0
423.0	2823.0
166.0	1179.0
690.0	7551.0
77.0	678.0
24.0	508.0
385.0	3806.0
62.0	399.0
214.0	1119.0
727.0	2608.0
545.0	5224.0
134.0	708.0
270.0	3035.0
902.0	3000.0
111.0	802.0
489.0	2208.0
242.0	2342.0
139.0	208.0
162.0	468.0
595.0	3902.0
345.0	2074.0
48460.0	143087.0
120.0	523.0
20.0	611.0
104.0	919.0
90.0	357.0
382.0	2219.0
241.0	1221.0
2124.0	15241.0
95.0	2656.0
7.0	2227.0
746.0	2900.0
86.0	471.0
596.0	5396.0
530.0	2511.0
19171.0	63557.0
284.0	2663.0
31934.0	108529.0
1001.0	5311.0
82.0	706.0
354.0	1425.0
93.0	603.0
134.0	1193.0
82.0	1782.0
336.0	1873.0
1262.0	9428.0
170.0	236.0
21.0	380.0
4.0	361.0
120.0	1179.0
0.0	99.0
1179.0	5542.0
187.0	1834.0
214.0	2025.0
87.0	2733.0
413.0	3127.0
283.0	1511.0
352.0	981.0
2392.0	9152.0
65.0	1016.0
134.0	1455.0
90.0	910.0
93.0	456.0
196.0	2268.0
101.0	989.0
0.0	93.0
736.0	5091.0
1597.0	9242.0
1003.0	10778.0
217.0	500.0
0.0	0.0
839.0	2407.0
142.0	1261.0
695.0	3630.0
373.0	2565.0
843.0	3871.0
120.0	1120.0
213.0	857.0
1923.0	13673.0
1387.0	3291.0
1452.0	5054.0
1831.0	9007.0
0.0	228.0
30.0	169.0
334.0	2092.0
174.0	1992.0
118.0	1529.0
14.0	80.0
0.0	252.0
521.0	3305.0
191.0	1728.0
696.0	5004.0
10.0	521.0
240.0	423.0
0.0	298.0
244.0	859.0
0.0	57.0
74.0	1131.0
697.0	5069.0
65.0	916.0
22612.0	64306.0
197.0	3206.0
24.0	690.0
218.0	1622.0
1408.0	4013.0
83.0	662.0
241.0	2350.0
51.0	270.0
362.0	1258.0
397.0	1319.0
952.0	8621.0
209.0	1760.0
17.0	264.0
652.0	6981.0
655.0	5295.0
39.0	1428.0
24675.0	88694.0
1293.0	6017.0
31.0	788.0
742.0	1977.0
22.0	280.0
0.0	148.0
116.0	3017.0
89.0	519.0
1011.0	6204.0
252.0	3392.0
183.0	1821.0
35.0	280.0
156.0	894.0
207.0	1802.0
136.0	975.0
290.0	4644.0
1489.0	3803.0
76.0	118.0
51.0	429.0
441.0	1962.0
453.0	2318.0
1.0	757.0
591.0	1879.0
368.0	1800.0
152.0	1206.0
0.0	156.0
662.0	7104.0
427.0	10220.0
929.0	5406.0
78.0	419.0
647.0	4375.0
2981.0	10843.0
198.0	2756.0
116.0	608.0
351.0	2607.0
701.0	8140.0
84.0	1357.0
992.0	6132.0
27.0	1072.0
0.0	69.0
318.0	2126.0
674.0	4356.0
117.0	414.0
505.0	1564.0
14.0	125.0
566.0	1776.0
0.0	162.0
8.0	125.0
198.0	2820.0
22783.0	76647.0
681.0	2140.0
52.0	925.0
17568.0	61597.0
0.0	795.0
134.0	833.0
1352.0	5478.0
889.0	3541.0
177.0	930.0
928.0	8969.0
134.0	842.0
0.0	161.0
136.0	243.0
0.0	99.0
133.0	991.0
0.0	424.0
107.0	365.0
81.0	387.0
389.0	3293.0
52.0	488.0
28.0	415.0
311.0	4013.0
533.0	4958.0
4151.0	20423.0
280.0	352.0
57.0	924.0
829.0	5088.0
224.0	2266.0
517.0	3765.0
8.0	482.0
91.0	618.0
39.0	444.0
64.0	526.0
193.0	1565.0
108.0	738.0
10.0	373.0
12.0	270.0
38.0	748.0
624.0	2705.0
101.0	1561.0
36.0	172.0
0.0	236.0
24427.0	88814.0
271.0	2960.0
228.0	3391.0
1009.0	4339.0
79.0	1107.0
383.0	1659.0
515.0	11008.0
100.0	1107.0
881.0	6025.0
1339.0	4599.0
449.0	5388.0
0.0	424.0
72.0	1198.0
360.0	1239.0
91.0	510.0
35.0	974.0
149.0	3553.0
395.0	1040.0
0.0	0.0
0.0	0.0
242.0	1829.0
163.0	1181.0
835.0	4234.0
6.0	278.0
106.0	2174.0
744.0	6236.0
254.0	3980.0
127.0	992.0
613.0	3778.0
157.0	1783.0
556.0	5142.0
516.0	2254.0
0.0	300.0
8.0	1087.0
92.0	1220.0
1075.0	4642.0
1558.0	5788.0
8.0	356.0
0.0	137.0
163.0	1810.0
262.0	298.0
20426.0	54546.0
741.0	3574.0
45.0	1934.0
217.0	1575.0
592.0	3619.0
335.0	2630.0
14.0	144.0
819.0	6967.0
1836.0	14042.0
156.0	1392.0
5182.0	23942.0
6.0	442.0
382.0	2312.0
170.0	2526.0
395.0	2615.0
138.0	420.0
25.0	315.0
911.0	3581.0
63.0	280.0
11.0	288.0
51.0	381.0
95.0	1798.0
0.0	89.0
1017.0	4453.0
173.0	609.0
22994.0	87712.0
29.0	357.0
268.0	1788.0
107.0	686.0
1439.0	7568.0
0.0	84.0
622.0	3426.0
56.0	1532.0
407.0	7682.0
0.0	122.0
1453.0	6198.0
215.0	1129.0
256.0	4189.0
266.0	1825.0
1005.0	10723.0
1414.0	10097.0
28566.0	100926.0
136.0	148.0
259.0	3003.0
19.0	308.0
0.0	0.0
28.0	1419.0
63.0	157.0
563.0	3619.0
72.0	669.0
1992.0	10764.0
227.0	643.0
244.0	846.0
0.0	0.0
1471.0	5577.0
74.0	721.0
244.0	5697.0
188.0	2292.0
0.0	113.0
9.0	255.0
439.0	1914.0
224.0	563.0
9.0	264.0
56.0	255.0
0.0	0.0
1103.0	4185.0
579.0	4866.0
82.0	588.0
649.0	7655.0
152.0	2183.0
916.0	5292.0
8.0	80.0
4316.0	19866.0
63.0	741.0
337.0	1632.0
204.0	1427.0
227.0	1145.0
130.0	2493.0
26.0	1199.0
0.0	0.0
1041.0	11607.0
45.0	107.0
371.0	1885.0
315.0	2529.0
40.0	562.0
285.0	3536.0
70.0	655.0
620.0	6509.0
256.0	2072.0
125.0	1314.0
31.0	123.0
112.0	1106.0
151.0	1167.0
207.0	1728.0
322.0	2013.0
908.0	3803.0
158.0	595.0
26060.0	71472.0
83.0	1198.0
464.0	2920.0
0.0	194.0
1.0	238.0
292.0	2349.0
416.0	2014.0
199.0	951.0
190.0	1847.0
164.0	914.0
121.0	540.0
36.0	57.0
535.0	4938.0
24.0	1309.0
719.0	3664.0
168.0	724.0
21.0	264.0
1268.0	10107.0
82.0	1392.0
86.0	893.0
0.0	0.0
60.0	1694.0
376.0	2681.0
493.0	1692.0
118.0	762.0
268.0	1104.0
84.0	201.0
81.0	1125.0
0.0	177.0
86.0	371.0
538.0	3804.0
102.0	565.0
236.0	1178.0
98.0	1135.0
32.0	307.0
129.0	1460.0
713.0	8021.0
1135.0	6960.0
355.0	3169.0
1468.0	7709.0
240.0	599.0
0.0	0.0
56.0	2113.0
0.0	61.0
844.0	4512.0
383.0	3349.0
643.0	3045.0
337.0	1476.0
275.0	3302.0
106.0	690.0
5.0	302.0
90.0	1256.0
23.0	486.0
198.0	306.0
185.0	1544.0
478.0	6688.0
8.0	986.0
0.0	322.0
138.0	748.0
22.0	217.0
0.0	22.0
138.0	474.0
2001.0	8937.0
463.0	2364.0
318.0	2813.0
145.0	920.0
0.0	142.0
59.0	614.0
274.0	1924.0
188.0	1643.0
0.0	39.0
182.0	871.0
596.0	2512.0
20.0	896.0
1124.0	5113.0
241.0	3886.0
295.0	768.0
619.0	1808.0
419.0	1584.0
644.0	4794.0
0.0	130.0
139.0	532.0
772.0	6338.0
43.0	257.0
0.0	113.0
899.0	4495.0
502.0	2883.0
76.0	1413.0
39.0	358.0
115.0	1118.0
546.0	2358.0
174.0	1228.0
440.0	2332.0
519.0	1948.0
51.0	591.0
121.0	4344.0
563.0	3085.0
276.0	3537.0
48.0	218.0
183.0	1022.0
42.0	643.0
96.0	974.0
72.0	992.0
1112.0	2568.0
20.0	366.0
809.0	4246.0
1161.0	6826.0
572.0	3617.0
193.0	3561.0
32.0	415.0
1476.0	4174.0
78.0	172.0
685.0	4258.0
209.0	4121.0
143.0	1173.0
352.0	2132.0
450.0	4306.0
306.0	2820.0
0.0	21.0
91.0	1148.0
53.0	306.0
0.0	997.0
2.0	50.0
460.0	2665.0
112.0	318.0
0.0	18.0
287.0	1386.0
0.0	33.0
2.0	964.0
196.0	1274.0
316.0	3029.0
447.0	3707.0
82.0	984.0
201.0	3737.0
19.0	98.0
20094.0	77945.0
36.0	527.0
0.0	413.0
90.0	877.0
54.0	1371.0
325.0	2495.0
314.0	1530.0
297.0	1562.0
6.0	177.0
584.0	2451.0
19.0	1206.0
3408.0	10794.0
455.0	7043.0
314.0	2764.0
121.0	224.0
590.0	1872.0
501.0	4067.0
32.0	553.0
0.0	79.0
32.0	642.0
0.0	417.0
490.0	3237.0
19.0	345.0
0.0	86.0
212.0	1492.0
225.0	3413.0
9.0	54.0
150.0	2130.0
13.0	301.0
358.0	2266.0
669.0	5048.0
103.0	868.0
261.0	760.0
285.0	1487.0
0.0	331.0
147.0	2460.0
89.0	1243.0
189.0	861.0
138.0	2396.0
705.0	5635.0
179.0	2507.0
129.0	1494.0
457.0	4105.0
386.0	3011.0
67.0	649.0
1186.0	13110.0
0.0	0.0
36.0	158.0
708.0	4056.0
0.0	134.0
32.0	979.0
40.0	358.0
267.0	1311.0
262.0	2515.0
432.0	2605.0
9.0	158.0
1047.0	6477.0
63.0	421.0
119.0	1120.0
35.0	1298.0
15685.0	59368.0
3.0	680.0
270.0	912.0
92.0	920.0
175.0	1528.0
45.0	372.0
85.0	1561.0
40.0	362.0
190.0	1139.0
0.0	0.0
285.0	2077.0
685.0	7028.0
723.0	6444.0
1094.0	4482.0
182.0	4157.0
98.0	713.0
454.0	1948.0
304.0	498.0
47.0	305.0
1270.0	11915.0
67.0	369.0
265.0	1143.0
24.0	883.0
0.0	31.0
1959.0	4990.0
32.0	143.0
672.0	5209.0
111.0	1284.0
59.0	607.0
287.0	1763.0
31.0	348.0
537.0	3266.0
32885.0	86533.0
25.0	64.0
132.0	861.0
1857.0	9664.0
845.0	6210.0
894.0	6059.0
100.0	1113.0
171.0	739.0
175.0	1342.0
622.0	1762.0
0.0	0.0
819.0	2888.0
63.0	70.0
0.0	77.0
132.0	1366.0
703.0	3900.0
1143.0	13186.0
96.0	820.0
217.0	1318.0
795.0	5055.0
2221.0	8038.0
528.0	4868.0
705.0	6243.0
189.0	1410.0
77.0	579.0
119.0	660.0
164.0	1887.0
50.0	1012.0
101.0	932.0
2303.0	4891.0
252.0	1820.0
282.0	1799.0
163.0	917.0
4.0	122.0
46.0	964.0
70.0	1095.0
72.0	2353.0
3.0	447.0
78.0	408.0
109.0	1329.0
4156.0	18022.0
133.0	2431.0
732.0	2164.0
1633.0	12163.0
125.0	676.0
199.0	2374.0
281.0	1697.0
0.0	66.0
94.0	661.0
956.0	4742.0
45.0	658.0
129.0	708.0
227.0	916.0
127.0	1093.0
2732.0	18240.0
27845.0	91330.0
329.0	7881.0
104.0	104.0
1599.0	3776.0
48.0	1673.0
35.0	505.0
345.0	3358.0
140.0	1087.0
68.0	1212.0
643.0	8857.0
168.0	1590.0
104.0	350.0
172.0	1415.0
43.0	771.0
1003.0	7820.0
46.0	215.0
138.0	865.0
776.0	3158.0
914.0	7242.0
269.0	1100.0
0.0	88.0
36063.0	108622.0
1285.0	4641.0
0.0	67.0
117.0	1896.0
33.0	706.0
147.0	938.0
1389.0	14856.0
50.0	994.0
146.0	355.0
27.0	1804.0
0.0	251.0
633.0	5024.0
3.0	644.0
239.0	2790.0
1228.0	6108.0
110.0	510.0
479.0	5944.0
451.0	5601.0
92.0	525.0
568.0	3474.0
1421.0	9916.0
5069.0	21267.0
34.0	97.0
114.0	485.0
0.0	317.0
280.0	2274.0
30.0	764.0
0.0	103.0
23.0	245.0
1016.0	4495.0
198.0	795.0
18418.0	60758.0
156.0	1487.0
59.0	486.0
10.0	141.0
787.0	8305.0
120.0	1257.0
656.0	5796.0
360.0	2677.0
78.0	618.0
96.0	818.0
17.0	372.0
349.0	1901.0
838.0	5330.0
0.0	2375.0
755.0	7006.0
125.0	544.0
55.0	1108.0
1091.0	10631.0
126.0	268.0
382.0	3298.0
41.0	620.0
226.0	1326.0
62.0	322.0
0.0	54.0
32.0	733.0
401.0	2558.0
18013.0	55652.0
787.0	5221.0
2.0	291.0
69.0	1155.0
107.0	405.0
409.0	1739.0
197.0	1281.0
51.0	733.0
0.0	21.0
193.0	2089.0
108.0	433.0
652.0	3289.0
71.0	597.0
30.0	288.0
4498.0	13578.0
5.0	1236.0
120.0	1268.0
135.0	666.0
225.0	1781.0
237.0	1351.0
243.0	1354.0
1.0	859.0
867.0	4245.0
132.0	2832.0
77.0	1263.0
109.0	647.0
365.0	1768.0
24012.0	72158.0
340.0	1076.0
55.0	583.0
176.0	530.0
18.0	210.0
16.0	551.0
659.0	2229.0
280.0	6899.0
0.0	39.0
16094.0	72957.0
330.0	2159.0
3767.0	15797.0
320.0	813.0
0.0	158.0
131.0	3645.0
66.0	1436.0
273.0	3868.0
595.0	4174.0
36.0	552.0
569.0	3696.0
64.0	1167.0
463.0	4864.0
37.0	940.0
81.0	551.0
421.0	3195.0
87.0	453.0
86.0	982.0
594.0	5726.0
20.0	202.0
102.0	558.0
164.0	1480.0
0.0	385.0
52.0	239.0
0.0	126.0
64.0	1205.0
176.0	928.0
46.0	1755.0
22.0	544.0
43.0	462.0
112.0	3383.0
13.0	240.0
38.0	553.0
39.0	540.0
99.0	1904.0
1200.0	3374.0
145.0	684.0
118.0	873.0
171.0	1297.0
24.0	478.0
648.0	5157.0
223.0	1485.0
233.0	921.0
198.0	955.0
1735.0	7305.0
4753.0	16922.0
241.0	1022.0
15.0	1047.0
203.0	351.0
180.0	446.0
152.0	1897.0
0.0	51.0
2.0	242.0
336.0	1107.0
176.0	1593.0
517.0	1407.0
16.0	772.0
967.0	3297.0
24.0	272.0
1176.0	7443.0
4.0	2163.0
32.0	330.0
719.0	5037.0
688.0	7170.0
88.0	1697.0
388.0	1192.0
1206.0	5543.0
9.0	963.0
312.0	885.0
108.0	1299.0
176.0	633.0
176.0	615.0
18190.0	84904.0
272.0	2139.0
342.0	1513.0
83.0	885.0
31.0	349.0
764.0	3639.0
169.0	1413.0
14.0	763.0
0.0	360.0
141.0	936.0
19.0	583.0
24.0	179.0
361.0	4100.0
57.0	2534.0
76.0	1027.0
427.0	3785.0
274.0	3880.0
601.0	2643.0
122.0	716.0
18942.0	74323.0
0.0	113.0
257.0	2656.0
781.0	4471.0
858.0	8445.0
149.0	1528.0
437.0	3890.0
113.0	657.0
91.0	812.0
81.0	355.0
0.0	373.0
231.0	593.0
0.0	204.0
0.0	0.0
581.0	2392.0
0.0	98.0
404.0	2501.0
28.0	946.0
301.0	1154.0
485.0	3131.0
29.0	281.0
72.0	272.0
323.0	2908.0
383.0	5616.0
122.0	1197.0
459.0	4798.0
18.0	200.0
19.0	211.0
410.0	3413.0
41.0	494.0
155.0	1967.0
187.0	1470.0
126.0	1054.0
363.0	4394.0
290.0	4433.0
512.0	3334.0
121.0	695.0
0.0	0.0
664.0	4318.0
168.0	676.0
86.0	1046.0
342.0	3785.0
0.0	21.0
548.0	2744.0
627.0	5039.0
4.0	194.0
24.0	654.0
728.0	3465.0
270.0	1940.0
0.0	442.0
34.0	118.0
280.0	2067.0
464.0	3447.0
2283.0	15755.0
189.0	808.0
1388.0	8373.0
6.0	1331.0
82.0	1305.0
69.0	300.0
548.0	5067.0
154.0	1015.0
86.0	502.0
0.0	18.0
122.0	1044.0
17.0	240.0
0.0	124.0
90.0	788.0
0.0	38.0
278.0	3158.0
1004.0	10005.0
1385.0	6312.0
0.0	66.0
182.0	2185.0
20.0	582.0
481.0	1236.0
1.0	1826.0
5.0	576.0
568.0	4401.0
220.0	2299.0
16.0	956.0
198.0	1725.0
628.0	4842.0
262.0	1230.0
125.0	790.0
40.0	257.0
60.0	348.0
259.0	7262.0
783.0	7389.0
928.0	5566.0
86.0	1750.0
278.0	5017.0
0.0	128.0
161.0	1866.0
1194.0	10301.0
32.0	440.0
118.0	5270.0
24.0	628.0
0.0	45.0
65.0	417.0
102.0	803.0
36.0	688.0
848.0	6731.0
14.0	917.0
320.0	2423.0
216.0	655.0
54.0	390.0
513.0	2907.0
55.0	318.0
945.0	3993.0
68.0	1576.0
50.0	363.0
75.0	944.0
131.0	3746.0
14.0	455.0
132.0	1997.0
346.0	2413.0
0.0	57.0
123.0	2159.0
278.0	3653.0
170.0	809.0
568.0	6804.0
151.0	603.0
209.0	1951.0
21.0	226.0
787.0	4910.0
9.0	659.0
356.0	2256.0
186.0	1767.0
442.0	3424.0
650.0	1966.0
11561.0	53173.0
1071.0	6595.0
27.0	262.0
0.0	160.0
53.0	1458.0
3.0	536.0
951.0	6521.0
468.0	3080.0
18.0	1008.0
304.0	3398.0
1384.0	5451.0
323.0	7681.0
587.0	1457.0
40.0	290.0
275.0	2359.0
55.0	531.0
495.0	3481.0
317.0	1683.0
65.0	370.0
0.0	385.0
105.0	1077.0
37.0	1316.0
256.0	355.0
0.0	0.0
187.0	2631.0
0.0	104.0
2469.0	11772.0
485.0	6709.0
866.0	4954.0
574.0	3099.0
468.0	1854.0
306.0	2924.0
85.0	2019.0
595.0	5670.0
1823.0	6845.0
73.0	360.0
695.0	5429.0
96.0	1068.0
489.0	3047.0
515.0	6062.0
491.0	2015.0
0.0	35.0
386.0	1593.0
10.0	162.0
0.0	994.0
114.0	542.0
1313.0	9945.0
39.0	885.0
108.0	910.0
16.0	357.0
34.0	277.0
114.0	402.0
0.0	1352.0
58.0	718.0
511.0	3307.0
6.0	581.0
354.0	2141.0
7821.0	31654.0
216.0	254.0
181.0	1147.0
207.0	2006.0
0.0	465.0
137.0	1594.0
37.0	373.0
63.0	291.0
247.0	2018.0
300.0	996.0
674.0	3288.0
351.0	1440.0
337.0	608.0
278.0	4827.0
1123.0	10327.0
76.0	419.0
247.0	1972.0
140.0	3096.0
1.0	267.0
0.0	908.0
570.0	3210.0
92.0	1091.0
504.0	3508.0
183.0	452.0
0.0	287.0
703.0	1887.0
0.0	189.0
29.0	594.0
350.0	1891.0
16078.0	61349.0
201.0	1112.0
127.0	2356.0
8.0	430.0
76.0	575.0
230.0	2475.0
396.0	1358.0
0.0	73.0
0.0	75.0
180.0	834.0
4.0	1328.0
135.0	1984.0
0.0	18.0
399.0	1716.0
146.0	1637.0
2393.0	5596.0
549.0	4695.0
46.0	668.0
464.0	4018.0
222.0	1009.0
667.0	7552.0
0.0	68.0
41.0	428.0
72.0	595.0
103.0	831.0
80.0	671.0
1030.0	7118.0
99.0	508.0
79.0	142.0
0.0	247.0
553.0	2953.0
211.0	1986.0
430.0	4838.0
21.0	129.0
170.0	1784.0
0.0	29.0
334.0	2361.0
1140.0	6235.0
806.0	2925.0
0.0	222.0
250.0	2810.0
182.0	872.0
165.0	2549.0
52.0	267.0
629.0	7972.0
434.0	2138.0
327.0	9058.0
0.0	0.0
127.0	1748.0
106.0	719.0
0.0	168.0
483.0	1686.0
5.0	169.0
92.0	547.0
710.0	5212.0
124.0	1550.0
44.0	969.0
235.0	1876.0
66.0	1212.0
103.0	362.0
416.0	832.0
245.0	728.0
334.0	2204.0
155.0	942.0
232.0	547.0
72.0	715.0
1318.0	10545.0
0.0	465.0
88.0	378.0
374.0	1791.0
21.0	1315.0
368.0	3620.0
78.0	2369.0
43.0	791.0
20.0	698.0
489.0	3144.0
633.0	8385.0
993.0	3732.0
20.0	891.0
12.0	426.0
54.0	1046.0
341.0	2769.0
0.0	201.0
0.0	182.0
4095.0	24704.0
85.0	1041.0
5.0	465.0
879.0	3794.0
126.0	434.0
531.0	3971.0
359.0	3205.0
269.0	1360.0
201.0	1276.0
468.0	5582.0
116.0	585.0
970.0	10989.0
69.0	1084.0
99.0	610.0
2356.0	7743.0
0.0	103.0
256.0	1069.0
0.0	25.0
20.0	346.0
7.0	316.0
159.0	3030.0
6811.0	24093.0
78.0	1589.0
0.0	0.0
36.0	252.0
582.0	4313.0
752.0	5816.0
0.0	222.0
69.0	721.0
14.0	390.0
205.0	467.0
402.0	7869.0
14.0	937.0
690.0	9001.0
200.0	1607.0
0.0	54.0
61.0	1129.0
164.0	529.0
297.0	1278.0
172.0	3188.0
1011.0	6100.0
236.0	1023.0
104.0	745.0
342.0	1288.0
98.0	577.0
15900.0	70697.0
100.0	933.0
560.0	1920.0
119.0	893.0
624.0	5478.0
42.0	634.0
0.0	2471.0
301.0	3376.0
304.0	1685.0
887.0	4355.0
198.0	985.0
195.0	6952.0
336.0	1042.0
1313.0	8945.0
1185.0	7482.0
22.0	282.0
337.0	1476.0
32.0	324.0
188.0	1327.0
393.0	2249.0
338.0	1282.0
530.0	3520.0
1054.0	4272.0
107.0	2427.0
132.0	751.0
59.0	1421.0
0.0	184.0
65.0	850.0
15.0	387.0
266.0	869.0
255.0	1437.0
177.0	1855.0
116.0	1109.0
2.0	297.0
0.0	132.0
286.0	1027.0
0.0	126.0
119.0	1059.0
608.0	4356.0
265.0	1614.0
2416.0	14252.0
106.0	1360.0
69.0	1022.0
32.0	195.0
455.0	6044.0
6.0	365.0
149.0	782.0
305.0	1230.0
81.0	1155.0
0.0	739.0
26.0	316.0
47.0	575.0
553.0	4135.0
0.0	151.0
0.0	62.0
270.0	2797.0
664.0	4730.0
359.0	1689.0
133.0	377.0
481.0	3198.0
5493.0	25103.0
36.0	337.0
82.0	518.0
42.0	272.0
465.0	1485.0
361.0	9051.0
229.0	3197.0
0.0	763.0
1428.0	6431.0
238.0	2106.0
680.0	5049.0
23.0	327.0
26.0	437.0
1114.0	5998.0
24838.0	79497.0
75.0	707.0
33.0	34.0
329.0	3212.0
462.0	1891.0
120.0	973.0
1.0	306.0
125.0	901.0
1857.0	5058.0
575.0	8799.0
15.0	305.0
172.0	1067.0
67.0	843.0
0.0	710.0
0.0	683.0
48.0	890.0
19.0	624.0
0.0	65.0
0.0	70.0
1118.0	8742.0
72.0	562.0
369.0	3879.0
41.0	770.0
187.0	279.0
81.0	737.0
332.0	2376.0
374.0	623.0
225.0	1304.0
473.0	3596.0
0.0	92.0
193.0	1192.0
0.0	465.0
18.0	116.0
568.0	3456.0
276.0	1519.0
941.0	6661.0
293.0	977.0
578.0	2395.0
0.0	53.0
81.0	340.0
238.0	5006.0
233.0	449.0
663.0	2825.0
68.0	579.0
1044.0	6477.0
0.0	98.0
222.0	1234.0
66.0	598.0
207.0	2444.0
33.0	231.0
87.0	375.0
1502.0	12742.0
95.0	576.0
0.0	61.0
375.0	1039.0
276.0	3096.0
183.0	823.0
17689.0	52966.0
39.0	434.0
88.0	342.0
117.0	512.0
0.0	79.0
82.0	652.0
110.0	843.0
388.0	3744.0
416.0	1913.0
442.0	854.0
114.0	2111.0
626.0	4995.0
56.0	566.0
479.0	1831.0
4.0	551.0
177.0	2498.0
75.0	371.0
95.0	1386.0
505.0	2253.0
334.0	1946.0
267.0	433.0
909.0	3125.0
277.0	1985.0
3.0	356.0
14.0	477.0
101.0	976.0
242.0	2929.0
1229.0	5675.0
352.0	3801.0
5929.0	24586.0
680.0	2791.0
0.0	0.0
374.0	3022.0
457.0	3701.0
654.0	9650.0
261.0	2412.0
19.0	261.0
106.0	1541.0
0.0	127.0
65.0	118.0
304.0	2999.0
51.0	842.0
476.0	5416.0
1477.0	3610.0
278.0	1397.0
0.0	52.0
585.0	4505.0
45.0	315.0
0.0	617.0
209.0	2139.0
246.0	770.0
952.0	4427.0
7.0	899.0
150.0	2238.0
199.0	2636.0
233.0	1693.0
178.0	2166.0
41.0	860.0
500.0	791.0
0.0	43.0
53.0	1000.0
1358.0	8167.0
81.0	182.0
662.0	5302.0
0.0	278.0
210.0	339.0
0.0	129.0
653.0	4199.0
330.0	3312.0
59.0	107.0
297.0	4811.0
87.0	549.0
932.0	5879.0
565.0	5980.0
0.0	0.0
143.0	1884.0
278.0	3776.0
1213.0	6407.0
280.0	1785.0
970.0	7986.0
628.0	1917.0
81.0	302.0
14.0	324.0
0.0	0.0
1752.0	9321.0
0.0	54.0
705.0	5286.0
144.0	411.0
615.0	5278.0
365.0	1774.0
142.0	759.0
197.0	521.0
239.0	2904.0
17341.0	63518.0
63.0	483.0
102.0	480.0
81.0	1249.0
271.0	1608.0
356.0	2804.0
287.0	2940.0
1286.0	3178.0
0.0	134.0
181.0	2584.0
56.0	355.0
47.0	284.0
121.0	144.0
115.0	804.0
2408.0	8514.0
299.0	1390.0
528.0	2071.0
128.0	1488.0
436.0	2222.0
221.0	1153.0
749.0	4123.0
0.0	0.0
0.0	540.0
489.0	1330.0
57.0	1141.0
21.0	514.0
274.0	2419.0
94.0	1217.0
123.0	644.0
740.0	3359.0
45.0	85.0
41.0	350.0
35.0	638.0
0.0	59.0
141.0	367.0
181.0	1985.0
16.0	381.0
59.0	451.0
89.0	557.0
36.0	1094.0
146.0	845.0
19.0	304.0
101.0	636.0
38.0	966.0
291.0	1210.0
0.0	21.0
175.0	829.0
6168.0	20275.0
248.0	2062.0
32.0	807.0
811.0	3340.0
134.0	762.0
45.0	1045.0
1593.0	8291.0
72.0	631.0
715.0	972.0
123.0	2137.0
240.0	3492.0
2111.0	8494.0
403.0	1689.0
30.0	1524.0
1.0	410.0
78.0	810.0
443.0	2984.0
0.0	200.0
279.0	1171.0
24.0	423.0
194.0	871.0
4778.0	26903.0
81.0	916.0
41.0	833.0
0.0	464.0
266.0	3365.0
61.0	223.0
247.0	1140.0
35.0	1130.0
0.0	0.0
47.0	1253.0
325.0	3690.0
821.0	4443.0
27009.0	97032.0
681.0	8654.0
231.0	1902.0
468.0	5396.0
9.0	1205.0
1049.0	6031.0
1251.0	5513.0
986.0	4625.0
931.0	11101.0
110.0	1138.0
500.0	1703.0
78.0	1477.0
52.0	166.0
0.0	383.0
49.0	568.0
5.0	197.0
21727.0	71604.0
678.0	4889.0
22.0	899.0
315.0	962.0
272.0	1112.0
801.0	4931.0
0.0	191.0
1052.0	5726.0
11828.0	41140.0
972.0	8827.0
0.0	454.0
136.0	1415.0
234.0	1582.0
158.0	2918.0
105.0	623.0
0.0	220.0
356.0	2877.0
13380.0	40019.0
65.0	538.0
283.0	894.0
0.0	27.0
1509.0	3697.0
132.0	772.0
359.0	1299.0
56.0	1361.0
230.0	3340.0
188.0	1174.0
410.0	3730.0
285.0	790.0
11451.0	38024.0
26.0	98.0
2131.0	13464.0
152.0	1032.0
446.0	5052.0
52.0	891.0
2278.0	18435.0
118.0	513.0
58.0	257.0
742.0	3908.0
335.0	2095.0
54.0	262.0
129.0	2882.0
61.0	237.0
145.0	909.0
122.0	1200.0
416.0	1326.0
53.0	681.0
1875.0	9764.0
12756.0	37423.0
45.0	1540.0
157.0	823.0
2.0	293.0
267.0	1835.0
25.0	637.0
533.0	5961.0
0.0	122.0
409.0	1194.0
697.0	7065.0
598.0	3970.0
298.0	1540.0
45.0	994.0
173.0	2592.0
146.0	382.0
16.0	343.0
53.0	225.0
0.0	245.0
149.0	1445.0
47043.0	138971.0
59.0	3070.0
1603.0	11944.0
266.0	4398.0
559.0	3181.0
28.0	323.0
96.0	382.0
0.0	233.0
715.0	2417.0
0.0	156.0
202.0	814.0
11.0	219.0
249.0	4947.0
225.0	1242.0
78.0	1984.0
446.0	3075.0
59.0	1331.0
729.0	3121.0
342.0	3150.0
475.0	3076.0
32.0	604.0
0.0	146.0
162.0	481.0
284.0	2559.0
17.0	711.0
193.0	1583.0
0.0	83.0
104.0	1373.0
33.0	1410.0
146.0	1332.0
825.0	7271.0
596.0	4242.0
536.0	3196.0
23.0	350.0
1834.0	7072.0
38.0	252.0
68.0	555.0
922.0	4703.0
43.0	1792.0
27.0	457.0
296.0	1583.0
29.0	203.0
100.0	997.0
115.0	596.0
169.0	1423.0
3.0	358.0
388.0	3237.0
319.0	1571.0
31.0	572.0
367.0	3018.0
812.0	3714.0
2154.0	8498.0
341.0	2222.0
607.0	9625.0
38.0	783.0
302.0	1490.0
191.0	2129.0
308.0	1811.0
112.0	447.0
24.0	885.0
1747.0	8583.0
1255.0	3603.0
12.0	74.0
259.0	1070.0
58.0	518.0
60.0	82.0
139.0	1120.0
191.0	1614.0
0.0	423.0
1230.0	10114.0
28.0	98.0
955.0	8414.0
270.0	6233.0
159.0	1452.0
44.0	681.0
7.0	813.0
199.0	2356.0
153.0	2952.0
60.0	1170.0
128.0	1952.0
82.0	942.0
761.0	3764.0
0.0	314.0
261.0	1424.0
17439.0	84858.0
1859.0	6365.0
31.0	866.0
953.0	4857.0
182.0	1057.0
56.0	673.0
0.0	335.0
25.0	1486.0
2680.0	14548.0
190.0	2434.0
172.0	462.0
50.0	474.0
201.0	2401.0
0.0	121.0
207.0	930.0
187.0	1017.0
98.0	487.0
0.0	0.0
101.0	705.0
55.0	425.0
210.0	2416.0
745.0	3783.0
0.0	0.0
135.0	1336.0
143.0	1250.0
132.0	754.0
42.0	384.0
6.0	590.0
1127.0	5558.0
52.0	347.0
62.0	1423.0
122.0	835.0
51.0	312.0
649.0	2331.0
312.0	1226.0
58.0	487.0
12.0	161.0
60.0	1373.0
54.0	309.0
324.0	2372.0
376.0	2918.0
412.0	3314.0
387.0	1693.0
0.0	300.0
183.0	2602.0
298.0	1599.0
169.0	1104.0
1211.0	9680.0
66.0	2493.0
196.0	676.0
141.0	528.0
791.0	3690.0
0.0	152.0
16.0	351.0
0.0	0.0
55.0	1446.0
0.0	0.0
334.0	814.0
437.0	1107.0
110.0	1592.0
434.0	1068.0
97.0	216.0
0.0	178.0
532.0	4021.0
120.0	464.0
14.0	109.0
0.0	476.0
141.0	409.0
366.0	732.0
0.0	53.0
0.0	245.0
135.0	3941.0
24.0	1061.0
0.0	0.0
297.0	3882.0
526.0	1915.0
0.0	0.0
133.0	808.0
406.0	2861.0
56.0	216.0
265.0	3266.0
42.0	1102.0
16327.0	63947.0
682.0	4477.0
225.0	2736.0
22920.0	95617.0
165.0	228.0
87.0	881.0
218.0	4081.0
1301.0	8113.0
96.0	322.0
74.0	371.0
88.0	654.0
14.0	264.0
26.0	242.0
329.0	5400.0
0.0	0.0
834.0	3610.0
171.0	1414.0
136.0	1064.0
483.0	2573.0
345.0	1920.0
521.0	8494.0
41.0	689.0
416.0	3640.0
135.0	966.0
279.0	1862.0
692.0	10572.0
15.0	299.0
85.0	1077.0
823.0	9545.0
378.0	3595.0
170.0	1245.0
0.0	410.0
264.0	1627.0
44.0	239.0
112.0	954.0
63.0	235.0
102.0	1159.0
24.0	563.0
300.0	4322.0
315.0	1275.0
153.0	252.0
0.0	473.0
106.0	1258.0
177.0	1929.0
412.0	2252.0
514.0	5044.0
0.0	0.0
270.0	2631.0
29.0	371.0
260.0	2232.0
255.0	5099.0
22.0	317.0
414.0	2355.0
29.0	952.0
294.0	4769.0
199.0	2493.0
243.0	521.0
411.0	2692.0
244.0	1708.0
81.0	1117.0
7.0	707.0
70.0	161.0
173.0	1213.0
127.0	718.0
80.0	518.0
525.0	3231.0
1978.0	14259.0
278.0	1337.0
89.0	1650.0
1620.0	7913.0
628.0	5014.0
1956.0	7479.0
1680.0	8035.0
209.0	609.0
773.0	5612.0
303.0	2666.0
432.0	4078.0
33.0	890.0
75.0	1466.0
113.0	337.0
116.0	323.0
337.0	2787.0
102.0	872.0
0.0	1307.0
41.0	347.0
60.0	394.0
1022.0	9228.0
94.0	1209.0
645.0	7613.0
75.0	730.0
490.0	5575.0
954.0	5304.0
231.0	2055.0
96.0	271.0
106.0	1767.0
1047.0	4088.0
233.0	2366.0
34.0	1076.0
451.0	2481.0
411.0	1858.0
572.0	2460.0
157.0	776.0
0.0	632.0
128.0	1310.0
34.0	381.0
242.0	357.0
0.0	20.0
87.0	2046.0
448.0	1333.0
383.0	3091.0
83.0	525.0
25.0	1115.0
0.0	266.0
1610.0	9352.0
604.0	1867.0
520.0	3067.0
233.0	572.0
11.0	530.0
40.0	42.0
488.0	4632.0
25.0	1732.0
475.0	1575.0
698.0	6579.0
678.0	5656.0
76.0	941.0
105.0	1095.0
570.0	4539.0
18093.0	63143.0
152.0	486.0
369.0	3357.0
0.0	287.0
619.0	2891.0
71.0	951.0
52.0	408.0
150.0	1274.0
135.0	1174.0
262.0	2886.0
0.0	0.0
83.0	856.0
566.0	3350.0
156.0	1944.0
41.0	276.0
437.0	3862.0
77.0	703.0
22.0	41.0
75.0	1431.0
1517.0	8825.0
1220.0	10860.0
30.0	574.0
0.0	92.0
0.0	0.0
468.0	827.0
262.0	4484.0
61.0	1666.0
70.0	1095.0
1155.0	5006.0
127.0	1697.0
246.0	1201.0
98.0	376.0
49.0	1683.0
220.0	2746.0
37.0	778.0
551.0	1347.0
6.0	574.0
41.0	56.0
62.0	580.0
633.0	5785.0
167.0	1538.0
233.0	1278.0
51.0	816.0
49.0	577.0
578.0	3093.0
1659.0	11837.0
269.0	1688.0
717.0	2971.0
37.0	822.0
0.0	149.0
593.0	5220.0
192.0	2364.0
6.0	608.0
263.0	1564.0
180.0	2045.0
434.0	2098.0
86.0	1051.0
2095.0	11851.0
28.0	702.0
536.0	3951.0
319.0	3160.0
958.0	12177.0
5.0	251.0
1308.0	12509.0
3244.0	11156.0
185.0	1319.0
407.0	1405.0
1056.0	5802.0
6883.0	32406.0
792.0	6413.0
620.0	4465.0
62.0	1103.0
172.0	572.0
71.0	354.0
1330.0	7689.0
327.0	2283.0
194.0	1457.0
454.0	1620.0
0.0	439.0
965.0	5293.0
59.0	426.0
71.0	2180.0
86.0	377.0
0.0	31.0
141.0	1041.0
627.0	3520.0
59.0	1092.0
82.0	3730.0
84.0	1346.0
268.0	2469.0
0.0	115.0
67.0	799.0
16.0	489.0
95.0	761.0
0.0	120.0
180.0	4563.0
93.0	817.0
2.0	299.0
194.0	1231.0
165.0	785.0
113.0	805.0
99.0	1149.0
1612.0	8210.0
41.0	432.0
0.0	248.0
0.0	251.0
125.0	1218.0
601.0	2855.0
143.0	376.0
598.0	2665.0
96.0	1363.0
149.0	491.0
1141.0	3074.0
508.0	1765.0
269.0	2050.0
134.0	915.0
6.0	531.0
401.0	1173.0
1155.0	7075.0
31.0	370.0
822.0	3985.0
35.0	725.0
47.0	576.0
4.0	122.0
54.0	1505.0
144.0	717.0
51.0	953.0
318.0	1452.0
0.0	192.0
20.0	117.0
629.0	3252.0
0.0	314.0
415.0	1402.0
28.0	887.0
255.0	4713.0
0.0	81.0
491.0	5652.0
0.0	0.0
192.0	974.0
198.0	538.0
0.0	0.0
21.0	171.0
63.0	546.0
993.0	5931.0
30018.0	98489.0
0.0	717.0
37.0	876.0
69.0	127.0
35746.0	120674.0
653.0	1269.0
0.0	56.0
113.0	1467.0
487.0	1417.0
685.0	3864.0
148.0	584.0
364.0	3304.0
36.0	1274.0
77.0	928.0
109.0	509.0
21031.0	85664.0
