0.0	19.0
8750.0	27512.0
0.0	349.0
54.0	71.0
209.0	500.0
160.0	1168.0
54.0	365.0
9.0	47.0
43.0	43.0
12409.0	30537.0
20.0	276.0
15.0	58.0
1606.0	11197.0
79.0	2354.0
0.0	0.0
106.0	2245.0
37.0	161.0
93.0	93.0
46.0	296.0
28.0	738.0
15.0	39.0
21.0	271.0
70.0	663.0
11.0	59.0
37.0	764.0
108.0	782.0
54.0	325.0
30.0	97.0
127.0	950.0
18.0	116.0
224.0	240.0
33.0	272.0
25.0	390.0
12.0	155.0
5228.0	31599.0
0.0	0.0
763.0	5324.0
16.0	84.0
0.0	74.0
8.0	148.0
33.0	296.0
0.0	78.0
23.0	165.0
117.0	671.0
443.0	4849.0
1961.0	11677.0
0.0	0.0
0.0	0.0
8.0	273.0
81.0	509.0
31.0	387.0
13.0	54.0
0.0	0.0
0.0	148.0
6.0	24.0
22.0	55.0
98.0	675.0
173.0	608.0
78.0	236.0
77.0	523.0
321.0	684.0
161.0	238.0
0.0	97.0
93.0	250.0
0.0	0.0
164.0	305.0
680.0	6972.0
8.0	230.0
322.0	1103.0
2192.0	16732.0
109.0	805.0
6.0	309.0
412.0	3446.0
7.0	64.0
52.0	377.0
0.0	205.0
16.0	282.0
248.0	2874.0
42.0	580.0
149.0	1439.0
0.0	0.0
442.0	1885.0
34.0	555.0
48.0	330.0
608.0	3571.0
42.0	267.0
57.0	709.0
0.0	0.0
458.0	3613.0
18.0	18.0
217.0	623.0
51.0	215.0
5.0	441.0
104.0	1322.0
5.0	70.0
1184.0	7064.0
0.0	41.0
78.0	378.0
39.0	1975.0
59.0	1726.0
123.0	140.0
75.0	451.0
55.0	218.0
933.0	1539.0
0.0	0.0
0.0	19.0
1600.0	23195.0
31.0	410.0
137.0	937.0
0.0	0.0
22.0	81.0
7.0	365.0
567.0	2199.0
92.0	2024.0
36.0	36.0
181.0	398.0
95.0	431.0
125.0	612.0
3414.0	17511.0
38.0	401.0
88.0	208.0
76.0	143.0
0.0	0.0
0.0	0.0
86.0	622.0
173.0	1403.0
0.0	0.0
0.0	26.0
0.0	510.0
76.0	409.0
125.0	381.0
68.0	530.0
25.0	214.0
618.0	2914.0
9.0	169.0
78.0	287.0
43.0	517.0
32.0	821.0
337.0	694.0
61.0	280.0
15.0	166.0
826.0	4353.0
17.0	61.0
103.0	655.0
1015.0	17080.0
63.0	150.0
279.0	1862.0
130.0	357.0
10.0	313.0
5.0	101.0
112.0	713.0
0.0	357.0
0.0	192.0
22.0	22.0
127.0	314.0
236.0	676.0
5.0	52.0
44.0	275.0
39.0	204.0
98.0	187.0
103.0	198.0
1271.0	2329.0
19.0	62.0
0.0	0.0
89.0	475.0
509.0	4623.0
234.0	1787.0
95.0	674.0
0.0	217.0
551.0	693.0
0.0	0.0
37.0	200.0
100.0	774.0
49.0	93.0
25.0	156.0
0.0	16.0
21.0	84.0
786.0	4428.0
32.0	563.0
96.0	500.0
35.0	139.0
0.0	146.0
80.0	89.0
94.0	213.0
148.0	528.0
5.0	120.0
0.0	0.0
46.0	815.0
1281.0	10422.0
0.0	0.0
160.0	1290.0
230.0	709.0
27.0	382.0
101.0	397.0
946.0	10876.0
12.0	198.0
20.0	950.0
1431.0	5191.0
1881.0	3255.0
106.0	676.0
46.0	689.0
6.0	283.0
99.0	613.0
126.0	906.0
12.0	104.0
102.0	829.0
47.0	408.0
167.0	882.0
0.0	0.0
26.0	26.0
44.0	210.0
125.0	849.0
32.0	325.0
1.0	455.0
58.0	283.0
50.0	341.0
43.0	2282.0
23.0	169.0
122.0	692.0
328.0	7931.0
7.0	171.0
4.0	52.0
0.0	15.0
0.0	62.0
7.0	216.0
139.0	409.0
123.0	375.0
459.0	1030.0
2149.0	8348.0
4.0	31.0
1.0	39.0
16.0	149.0
248.0	2046.0
2.0	743.0
37.0	298.0
7.0	93.0
12.0	377.0
0.0	65.0
117.0	2369.0
68.0	215.0
212.0	444.0
301.0	421.0
32.0	165.0
1434.0	9033.0
5.0	139.0
59.0	246.0
2242.0	17256.0
258.0	1228.0
29.0	553.0
87.0	241.0
73.0	672.0
9.0	38.0
59.0	1477.0
294.0	3257.0
51.0	123.0
104.0	524.0
43.0	509.0
115.0	1695.0
49.0	299.0
7.0	634.0
0.0	25.0
5.0	94.0
87.0	94.0
40.0	244.0
94.0	729.0
158.0	787.0
589.0	4006.0
154.0	413.0
40.0	414.0
158.0	747.0
75.0	522.0
24.0	42.0
0.0	48.0
80.0	237.0
28.0	55.0
20.0	135.0
102.0	118.0
56.0	174.0
37.0	326.0
66.0	246.0
8.0	111.0
33.0	553.0
30.0	381.0
28.0	549.0
3964.0	12836.0
7.0	246.0
258.0	889.0
99.0	275.0
2.0	472.0
32.0	177.0
50.0	452.0
17.0	390.0
94.0	140.0
0.0	0.0
37.0	154.0
16.0	169.0
16.0	72.0
51.0	222.0
0.0	37.0
129.0	461.0
326.0	914.0
52.0	95.0
124.0	1062.0
0.0	29.0
6.0	69.0
291.0	1480.0
107.0	471.0
133.0	782.0
0.0	151.0
23.0	237.0
366.0	1869.0
0.0	177.0
31.0	247.0
944.0	2854.0
23.0	268.0
212.0	584.0
3444.0	28835.0
89.0	413.0
0.0	48.0
51.0	323.0
279.0	1802.0
137.0	212.0
0.0	0.0
1514.0	1682.0
92.0	243.0
168.0	486.0
173.0	566.0
0.0	0.0
0.0	67.0
659.0	1900.0
35.0	136.0
100.0	492.0
314.0	2072.0
108.0	2116.0
18.0	52.0
201.0	799.0
1.0	262.0
25.0	30.0
34.0	177.0
302.0	1706.0
233.0	1755.0
4139.0	15290.0
124.0	480.0
25.0	41.0
0.0	67.0
176.0	504.0
755.0	5247.0
246.0	1290.0
0.0	22.0
432.0	3229.0
20.0	186.0
1.0	106.0
0.0	0.0
0.0	70.0
134.0	998.0
233.0	256.0
688.0	4117.0
45.0	45.0
21.0	509.0
60.0	200.0
3134.0	14324.0
6.0	178.0
452.0	6858.0
3.0	17.0
12.0	98.0
3.0	50.0
2.0	121.0
9.0	98.0
167.0	1879.0
0.0	34.0
787.0	6239.0
213.0	1498.0
0.0	42.0
75.0	857.0
879.0	3808.0
50.0	599.0
22.0	417.0
6.0	653.0
15.0	114.0
2.0	36.0
0.0	105.0
17.0	228.0
0.0	0.0
0.0	0.0
43.0	119.0
3594.0	21005.0
41.0	221.0
48.0	208.0
1598.0	8601.0
233.0	555.0
13.0	832.0
128.0	280.0
229.0	2594.0
6.0	150.0
61.0	231.0
15.0	146.0
16.0	132.0
4.0	308.0
1008.0	2588.0
9.0	128.0
277.0	1548.0
0.0	33.0
5.0	135.0
45.0	45.0
200.0	381.0
145.0	494.0
9.0	121.0
55.0	359.0
28.0	28.0
0.0	0.0
448.0	1493.0
67.0	471.0
0.0	56.0
9.0	23.0
0.0	590.0
17.0	17.0
110.0	1032.0
0.0	0.0
189.0	782.0
17.0	39.0
216.0	1104.0
60.0	607.0
0.0	55.0
184.0	1549.0
37.0	295.0
118.0	235.0
108.0	273.0
0.0	35.0
104.0	681.0
0.0	0.0
500.0	1563.0
32.0	128.0
475.0	1507.0
179.0	179.0
24.0	44.0
44.0	291.0
158.0	163.0
250.0	1006.0
141.0	167.0
76.0	329.0
0.0	0.0
42.0	502.0
83.0	291.0
106.0	1274.0
4.0	156.0
216.0	1569.0
790.0	859.0
14.0	461.0
15.0	161.0
73.0	256.0
113.0	213.0
0.0	33.0
89.0	488.0
0.0	33.0
2450.0	12704.0
7.0	56.0
6.0	581.0
7.0	419.0
8.0	1113.0
402.0	797.0
679.0	2333.0
45.0	293.0
242.0	2552.0
0.0	513.0
17.0	117.0
16.0	196.0
124.0	435.0
0.0	136.0
118.0	828.0
25.0	98.0
17.0	225.0
1263.0	6015.0
12.0	223.0
520.0	7079.0
479.0	1532.0
0.0	86.0
11.0	81.0
40.0	261.0
49.0	611.0
306.0	2719.0
2653.0	7035.0
114.0	857.0
8.0	836.0
0.0	0.0
8.0	20.0
89.0	1069.0
134.0	199.0
56.0	2354.0
0.0	208.0
0.0	83.0
130.0	1274.0
55.0	213.0
186.0	2318.0
135.0	282.0
17.0	17.0
22.0	236.0
0.0	159.0
1.0	37.0
246.0	705.0
2899.0	10528.0
130.0	328.0
358.0	1794.0
25.0	60.0
42.0	565.0
721.0	864.0
1378.0	4051.0
132.0	874.0
312.0	2977.0
230.0	2368.0
237.0	1044.0
17.0	20.0
122.0	335.0
1.0	119.0
2035.0	8537.0
148.0	3432.0
44.0	89.0
0.0	15.0
369.0	849.0
8.0	37.0
26.0	694.0
115.0	817.0
59.0	453.0
25.0	62.0
0.0	51.0
13.0	210.0
41.0	633.0
541.0	5061.0
1093.0	7659.0
0.0	0.0
1.0	207.0
9.0	56.0
37.0	142.0
226.0	345.0
10.0	219.0
39.0	430.0
0.0	33.0
9.0	76.0
15.0	226.0
148.0	909.0
24.0	509.0
1516.0	8319.0
38.0	285.0
1610.0	10164.0
3.0	16.0
1.0	92.0
0.0	38.0
51.0	67.0
12.0	973.0
1016.0	7411.0
208.0	1786.0
11.0	221.0
55.0	343.0
17.0	170.0
36.0	416.0
204.0	2145.0
151.0	5982.0
39.0	526.0
0.0	496.0
455.0	3098.0
34.0	161.0
1734.0	13275.0
62.0	151.0
109.0	2195.0
0.0	0.0
131.0	132.0
549.0	620.0
632.0	2161.0
14.0	516.0
0.0	180.0
0.0	56.0
2.0	53.0
10.0	192.0
5.0	157.0
18.0	147.0
21.0	58.0
279.0	1639.0
41.0	283.0
390.0	2481.0
984.0	10187.0
3.0	37.0
28.0	435.0
1427.0	1693.0
0.0	18.0
207.0	407.0
0.0	0.0
406.0	2206.0
70.0	459.0
16.0	351.0
0.0	29.0
339.0	2935.0
0.0	36.0
357.0	1322.0
97.0	878.0
37.0	142.0
2.0	79.0
0.0	0.0
0.0	0.0
166.0	187.0
1.0	157.0
0.0	0.0
9.0	74.0
27.0	196.0
201.0	1620.0
36.0	537.0
0.0	0.0
0.0	155.0
242.0	2163.0
33.0	339.0
54.0	84.0
56.0	56.0
98.0	425.0
44.0	778.0
24.0	504.0
3355.0	8207.0
72.0	506.0
210.0	1759.0
105.0	437.0
67.0	509.0
0.0	65.0
153.0	501.0
27.0	68.0
0.0	15.0
71.0	219.0
68.0	160.0
0.0	0.0
20.0	102.0
2.0	487.0
13.0	37.0
24.0	202.0
0.0	0.0
11.0	62.0
3162.0	15430.0
84.0	178.0
25.0	587.0
39.0	625.0
3.0	725.0
211.0	263.0
78.0	383.0
909.0	4431.0
41.0	97.0
81.0	982.0
10.0	264.0
46.0	354.0
34.0	524.0
0.0	31.0
49.0	1664.0
25.0	68.0
0.0	203.0
120.0	1356.0
18.0	40.0
93.0	613.0
12.0	587.0
399.0	475.0
98.0	133.0
219.0	332.0
177.0	779.0
38.0	212.0
0.0	28.0
36.0	378.0
32.0	744.0
45.0	412.0
53.0	92.0
72.0	143.0
1303.0	9948.0
15.0	800.0
56.0	229.0
7.0	204.0
8.0	344.0
20.0	78.0
41.0	79.0
191.0	250.0
11.0	94.0
193.0	578.0
0.0	0.0
31.0	186.0
0.0	29.0
0.0	47.0
24.0	80.0
0.0	26.0
117.0	796.0
17.0	52.0
18.0	552.0
229.0	1205.0
0.0	0.0
17.0	540.0
115.0	355.0
47.0	490.0
0.0	221.0
82.0	933.0
20.0	20.0
17.0	249.0
33.0	359.0
51.0	430.0
99.0	186.0
8867.0	32881.0
276.0	940.0
4.0	85.0
19.0	32.0
0.0	67.0
976.0	7487.0
0.0	110.0
2.0	27.0
120.0	1340.0
50.0	259.0
23.0	354.0
0.0	0.0
291.0	545.0
184.0	667.0
41.0	643.0
85.0	2171.0
8.0	217.0
10.0	183.0
2.0	346.0
589.0	1241.0
13.0	145.0
159.0	1028.0
1154.0	1361.0
117.0	321.0
54.0	379.0
1183.0	11298.0
142.0	375.0
51.0	299.0
53.0	472.0
47.0	720.0
104.0	750.0
13.0	146.0
1.0	307.0
5.0	207.0
37.0	339.0
262.0	1211.0
49.0	223.0
12.0	82.0
373.0	5364.0
15.0	706.0
89.0	767.0
29.0	205.0
743.0	1128.0
27.0	175.0
232.0	1409.0
45.0	347.0
52.0	233.0
46.0	403.0
4.0	139.0
1.0	448.0
59.0	310.0
23.0	156.0
556.0	3568.0
306.0	1112.0
0.0	68.0
12.0	20.0
11.0	20.0
74.0	255.0
12.0	352.0
8.0	22.0
0.0	0.0
78.0	755.0
0.0	421.0
84.0	188.0
81.0	269.0
0.0	136.0
0.0	0.0
177.0	1032.0
183.0	440.0
67.0	227.0
0.0	0.0
0.0	0.0
83.0	1416.0
58.0	690.0
51.0	407.0
331.0	3431.0
170.0	1411.0
43.0	122.0
46.0	323.0
243.0	1893.0
356.0	3356.0
0.0	26.0
34.0	320.0
0.0	20.0
0.0	0.0
46.0	67.0
10.0	370.0
33.0	284.0
0.0	131.0
49.0	330.0
0.0	0.0
0.0	48.0
40.0	1024.0
6.0	263.0
23.0	281.0
220.0	729.0
9.0	159.0
1270.0	4310.0
45.0	242.0
66.0	66.0
35.0	290.0
32.0	285.0
3.0	49.0
436.0	2079.0
213.0	1057.0
0.0	0.0
9.0	209.0
54.0	377.0
163.0	653.0
0.0	0.0
206.0	1979.0
142.0	739.0
2.0	206.0
158.0	962.0
36.0	447.0
932.0	5376.0
42.0	205.0
233.0	951.0
38.0	284.0
124.0	465.0
27.0	1516.0
149.0	1016.0
0.0	0.0
160.0	617.0
110.0	821.0
509.0	3551.0
15.0	571.0
220.0	4114.0
740.0	8940.0
0.0	0.0
91.0	456.0
169.0	949.0
2392.0	5748.0
38.0	109.0
17.0	364.0
334.0	3522.0
27.0	1192.0
49.0	235.0
19.0	249.0
81.0	313.0
144.0	1882.0
323.0	358.0
20.0	223.0
50.0	1346.0
115.0	1059.0
32.0	68.0
4.0	132.0
218.0	971.0
18.0	42.0
24.0	24.0
735.0	1824.0
75.0	381.0
2.0	115.0
108.0	905.0
104.0	257.0
89.0	1613.0
41.0	83.0
50.0	1596.0
286.0	727.0
58.0	194.0
13.0	287.0
6.0	243.0
19.0	608.0
349.0	2312.0
75.0	76.0
0.0	22.0
82.0	319.0
257.0	762.0
35.0	737.0
27.0	90.0
33.0	349.0
0.0	141.0
0.0	22.0
0.0	30.0
80.0	335.0
0.0	0.0
232.0	871.0
1679.0	10391.0
11.0	176.0
177.0	1265.0
0.0	219.0
144.0	1106.0
111.0	271.0
584.0	7311.0
40.0	238.0
22.0	61.0
710.0	794.0
0.0	0.0
0.0	60.0
120.0	347.0
35.0	263.0
57.0	251.0
519.0	2134.0
36.0	1775.0
63.0	508.0
6.0	44.0
6.0	26.0
114.0	211.0
57.0	552.0
57.0	520.0
24.0	335.0
247.0	492.0
110.0	1125.0
142.0	385.0
709.0	1389.0
7.0	171.0
15.0	134.0
20.0	169.0
417.0	1803.0
720.0	2923.0
27.0	390.0
309.0	1553.0
35.0	350.0
71.0	601.0
148.0	386.0
68.0	737.0
11.0	101.0
62.0	499.0
7.0	1510.0
51.0	89.0
20.0	215.0
0.0	60.0
0.0	0.0
58.0	182.0
1281.0	2831.0
30.0	555.0
0.0	51.0
231.0	2144.0
26.0	118.0
0.0	34.0
22.0	22.0
4.0	254.0
330.0	378.0
10.0	95.0
53.0	55.0
36.0	697.0
61.0	154.0
0.0	336.0
142.0	598.0
94.0	527.0
3.0	125.0
1043.0	9125.0
18.0	110.0
1.0	345.0
40.0	1984.0
115.0	2034.0
117.0	462.0
92.0	316.0
105.0	219.0
17.0	98.0
250.0	1089.0
116.0	257.0
266.0	280.0
106.0	281.0
0.0	28.0
641.0	6742.0
2.0	113.0
9.0	461.0
3663.0	15771.0
114.0	376.0
163.0	697.0
62.0	518.0
499.0	3342.0
152.0	785.0
124.0	357.0
465.0	1970.0
298.0	2768.0
2152.0	9542.0
37.0	543.0
384.0	5543.0
352.0	907.0
0.0	0.0
144.0	737.0
305.0	2287.0
100.0	514.0
0.0	0.0
315.0	1099.0
393.0	905.0
84.0	738.0
88.0	380.0
0.0	33.0
33.0	59.0
50.0	699.0
179.0	1135.0
39.0	465.0
4412.0	17425.0
155.0	806.0
86.0	432.0
25.0	825.0
291.0	791.0
126.0	247.0
27.0	357.0
4307.0	10959.0
29.0	90.0
19.0	162.0
0.0	52.0
7.0	73.0
81.0	295.0
0.0	102.0
0.0	0.0
63.0	1279.0
35.0	598.0
6.0	103.0
63.0	538.0
607.0	2884.0
25.0	120.0
172.0	902.0
24.0	329.0
28.0	223.0
0.0	537.0
0.0	0.0
21.0	127.0
138.0	2617.0
0.0	0.0
453.0	1912.0
0.0	0.0
30.0	509.0
177.0	798.0
122.0	1348.0
59.0	129.0
2.0	529.0
60.0	595.0
0.0	0.0
43.0	240.0
34.0	368.0
2440.0	19215.0
0.0	0.0
4.0	392.0
23.0	23.0
146.0	491.0
614.0	1586.0
224.0	1129.0
51.0	202.0
330.0	2580.0
0.0	0.0
3.0	60.0
27.0	113.0
19.0	257.0
31.0	327.0
10.0	212.0
189.0	773.0
586.0	899.0
38.0	876.0
192.0	662.0
57.0	57.0
22.0	152.0
0.0	37.0
7.0	80.0
114.0	460.0
28.0	106.0
12.0	111.0
213.0	1258.0
123.0	457.0
136.0	948.0
0.0	198.0
40.0	1307.0
37.0	943.0
11.0	127.0
1226.0	14293.0
0.0	197.0
236.0	255.0
187.0	711.0
0.0	0.0
81.0	167.0
254.0	1316.0
38.0	280.0
359.0	1150.0
28.0	151.0
0.0	51.0
74.0	874.0
17.0	72.0
34.0	475.0
10.0	24.0
105.0	878.0
0.0	57.0
12.0	220.0
753.0	3292.0
132.0	521.0
7515.0	19420.0
194.0	545.0
33.0	58.0
24.0	231.0
15.0	15.0
201.0	2861.0
30.0	782.0
256.0	1185.0
2142.0	15607.0
9.0	476.0
334.0	1114.0
45.0	456.0
0.0	0.0
56.0	644.0
0.0	0.0
0.0	0.0
0.0	0.0
140.0	382.0
94.0	225.0
11.0	44.0
1.0	296.0
0.0	338.0
633.0	4317.0
3.0	94.0
0.0	0.0
57.0	294.0
5.0	100.0
139.0	991.0
235.0	2746.0
0.0	1457.0
614.0	4758.0
0.0	114.0
85.0	1395.0
131.0	491.0
13.0	185.0
26.0	244.0
8.0	40.0
9.0	332.0
18.0	65.0
0.0	20.0
1058.0	6150.0
219.0	1071.0
0.0	39.0
57.0	543.0
356.0	1141.0
5.0	824.0
0.0	0.0
0.0	31.0
13.0	173.0
101.0	1056.0
0.0	0.0
0.0	125.0
120.0	1078.0
10.0	414.0
9.0	147.0
0.0	38.0
369.0	3797.0
23.0	167.0
184.0	896.0
0.0	443.0
18.0	662.0
38.0	373.0
508.0	2347.0
405.0	3814.0
178.0	1300.0
0.0	34.0
35.0	458.0
110.0	394.0
21.0	81.0
0.0	0.0
0.0	0.0
539.0	1753.0
46.0	610.0
246.0	1790.0
5.0	176.0
90.0	738.0
2404.0	14483.0
39.0	77.0
220.0	247.0
135.0	1353.0
35.0	444.0
0.0	0.0
19.0	271.0
1535.0	1851.0
102.0	175.0
36.0	331.0
22.0	992.0
0.0	89.0
7027.0	24770.0
25.0	84.0
75.0	340.0
15.0	74.0
15.0	204.0
33.0	343.0
169.0	314.0
5.0	265.0
19.0	19.0
67.0	1067.0
26.0	171.0
0.0	0.0
0.0	632.0
79.0	119.0
13.0	552.0
0.0	0.0
0.0	79.0
312.0	2928.0
132.0	231.0
304.0	547.0
34.0	140.0
213.0	1649.0
54.0	94.0
0.0	0.0
6.0	252.0
11.0	35.0
599.0	3280.0
32.0	340.0
264.0	887.0
24.0	556.0
166.0	1013.0
120.0	692.0
0.0	0.0
4.0	569.0
62.0	206.0
630.0	891.0
36.0	724.0
823.0	4221.0
82.0	350.0
17.0	253.0
153.0	854.0
85.0	200.0
12.0	1162.0
24.0	464.0
5.0	46.0
0.0	83.0
138.0	499.0
26.0	307.0
63.0	348.0
2.0	417.0
9.0	101.0
25.0	131.0
2659.0	14126.0
7.0	217.0
0.0	150.0
0.0	0.0
22.0	436.0
104.0	427.0
86.0	455.0
12.0	712.0
31.0	381.0
209.0	1102.0
374.0	685.0
51.0	1681.0
309.0	660.0
313.0	955.0
14.0	37.0
0.0	190.0
244.0	422.0
70.0	174.0
2415.0	8739.0
90.0	822.0
104.0	932.0
104.0	231.0
0.0	72.0
18.0	141.0
6.0	232.0
316.0	1260.0
215.0	6511.0
136.0	535.0
5.0	169.0
122.0	432.0
136.0	1066.0
20.0	148.0
29.0	141.0
27.0	387.0
121.0	217.0
46.0	675.0
59.0	372.0
128.0	578.0
9.0	60.0
1.0	126.0
60.0	159.0
0.0	0.0
131.0	283.0
34.0	788.0
51.0	497.0
191.0	1653.0
37.0	117.0
0.0	122.0
122.0	296.0
0.0	107.0
0.0	16.0
18.0	181.0
0.0	84.0
266.0	1426.0
22.0	103.0
38.0	142.0
43.0	273.0
498.0	4622.0
165.0	1115.0
38.0	75.0
107.0	696.0
8.0	77.0
1299.0	5465.0
586.0	954.0
0.0	0.0
288.0	1343.0
0.0	188.0
36.0	368.0
6.0	112.0
0.0	0.0
524.0	5105.0
0.0	0.0
802.0	2056.0
0.0	0.0
1089.0	1791.0
0.0	407.0
0.0	0.0
240.0	820.0
603.0	7362.0
25.0	769.0
54.0	217.0
629.0	3039.0
769.0	4164.0
809.0	2484.0
13.0	236.0
38.0	225.0
167.0	285.0
308.0	1858.0
10.0	294.0
35.0	351.0
199.0	696.0
65.0	678.0
947.0	7406.0
8.0	26.0
401.0	1559.0
163.0	1041.0
16.0	59.0
18.0	89.0
306.0	1517.0
35.0	831.0
1083.0	8160.0
15.0	485.0
0.0	0.0
59.0	215.0
101.0	381.0
246.0	896.0
614.0	1897.0
0.0	35.0
0.0	0.0
23.0	224.0
128.0	658.0
70.0	300.0
39.0	623.0
116.0	678.0
58.0	242.0
50.0	1009.0
293.0	1583.0
58.0	285.0
47.0	546.0
48.0	224.0
121.0	412.0
59.0	482.0
52.0	883.0
10.0	251.0
0.0	47.0
150.0	488.0
74.0	776.0
82.0	1247.0
256.0	586.0
51.0	155.0
46.0	263.0
160.0	869.0
45.0	326.0
0.0	88.0
143.0	268.0
38.0	159.0
136.0	444.0
202.0	1552.0
0.0	0.0
0.0	0.0
8.0	68.0
10.0	72.0
20.0	559.0
29.0	150.0
0.0	40.0
8.0	118.0
89.0	440.0
133.0	810.0
58.0	555.0
434.0	1912.0
323.0	1386.0
15.0	184.0
31.0	954.0
39.0	118.0
2452.0	9666.0
17.0	97.0
63.0	1242.0
384.0	1118.0
0.0	0.0
565.0	2844.0
15.0	656.0
162.0	1810.0
4.0	101.0
119.0	378.0
59.0	59.0
1.0	44.0
17.0	323.0
0.0	0.0
84.0	2321.0
61.0	862.0
342.0	3201.0
17.0	276.0
31.0	701.0
32.0	196.0
150.0	638.0
307.0	447.0
6.0	35.0
0.0	33.0
79.0	3055.0
88.0	752.0
225.0	1543.0
57.0	494.0
29.0	1893.0
0.0	0.0
61.0	553.0
48.0	138.0
42.0	250.0
129.0	547.0
28.0	393.0
18.0	18.0
0.0	150.0
18.0	169.0
170.0	954.0
608.0	2923.0
57.0	461.0
22.0	316.0
66.0	258.0
97.0	309.0
113.0	545.0
879.0	4139.0
0.0	0.0
89.0	284.0
41.0	232.0
1935.0	10783.0
0.0	26.0
0.0	31.0
19.0	112.0
96.0	368.0
0.0	103.0
0.0	0.0
45.0	1101.0
4.0	34.0
3.0	183.0
0.0	0.0
102.0	2433.0
299.0	984.0
311.0	806.0
63.0	153.0
26.0	69.0
251.0	3824.0
327.0	3896.0
197.0	1428.0
0.0	0.0
25.0	1047.0
0.0	0.0
0.0	50.0
95.0	494.0
9.0	774.0
0.0	0.0
251.0	487.0
216.0	495.0
0.0	107.0
45.0	854.0
16.0	1535.0
0.0	0.0
146.0	453.0
0.0	0.0
32.0	261.0
32.0	111.0
5.0	220.0
95.0	433.0
120.0	757.0
143.0	532.0
0.0	0.0
0.0	0.0
431.0	1633.0
1476.0	2286.0
67.0	465.0
427.0	597.0
12.0	163.0
55.0	77.0
113.0	821.0
81.0	260.0
5.0	15.0
201.0	2226.0
72.0	536.0
250.0	4095.0
361.0	2968.0
0.0	0.0
125.0	980.0
2931.0	15724.0
80.0	589.0
10.0	275.0
54.0	361.0
60.0	239.0
46.0	46.0
0.0	0.0
0.0	109.0
73.0	773.0
0.0	221.0
243.0	569.0
566.0	1412.0
4.0	15.0
156.0	888.0
0.0	0.0
1.0	16.0
0.0	0.0
74.0	2419.0
0.0	46.0
4.0	17.0
26.0	166.0
747.0	4656.0
52.0	60.0
400.0	1203.0
48.0	109.0
30.0	109.0
5.0	482.0
462.0	1974.0
84.0	2009.0
72.0	288.0
78.0	422.0
0.0	0.0
433.0	1538.0
176.0	710.0
788.0	7981.0
49.0	681.0
38.0	735.0
3.0	142.0
39.0	2527.0
19.0	46.0
2.0	1292.0
21.0	107.0
61.0	116.0
312.0	954.0
39.0	39.0
2.0	40.0
18.0	68.0
12.0	23.0
229.0	624.0
127.0	368.0
48.0	276.0
58.0	600.0
164.0	164.0
129.0	708.0
71.0	494.0
0.0	0.0
24.0	216.0
604.0	6500.0
143.0	872.0
26.0	466.0
16.0	28.0
0.0	38.0
125.0	419.0
81.0	462.0
19.0	288.0
13.0	57.0
60.0	1160.0
29.0	147.0
60.0	1951.0
48.0	149.0
29.0	182.0
15.0	62.0
36.0	173.0
1.0	204.0
24.0	48.0
26.0	161.0
376.0	4157.0
16.0	33.0
10.0	27.0
38.0	214.0
210.0	829.0
47.0	130.0
360.0	3000.0
425.0	526.0
29.0	73.0
0.0	0.0
0.0	26.0
42.0	299.0
120.0	1481.0
23.0	23.0
0.0	24.0
14.0	202.0
0.0	17.0
0.0	0.0
0.0	36.0
0.0	19.0
63.0	63.0
288.0	899.0
0.0	0.0
16.0	85.0
8.0	60.0
97.0	213.0
0.0	0.0
1.0	62.0
22.0	170.0
559.0	5087.0
27.0	77.0
243.0	386.0
21.0	21.0
38.0	728.0
0.0	0.0
2.0	236.0
94.0	1039.0
69.0	506.0
78.0	143.0
1360.0	8940.0
60.0	591.0
4.0	704.0
257.0	276.0
31.0	849.0
0.0	176.0
201.0	374.0
1218.0	14508.0
52.0	1000.0
784.0	3910.0
110.0	317.0
87.0	647.0
6.0	15.0
7.0	35.0
20.0	1092.0
88.0	167.0
160.0	1455.0
78.0	1520.0
17.0	296.0
56.0	245.0
98.0	864.0
7.0	401.0
109.0	125.0
95.0	220.0
116.0	554.0
70.0	360.0
0.0	51.0
772.0	4169.0
7.0	530.0
103.0	289.0
28.0	70.0
32.0	296.0
122.0	337.0
61.0	61.0
0.0	0.0
162.0	694.0
38.0	551.0
0.0	134.0
244.0	1702.0
7.0	84.0
0.0	161.0
0.0	16.0
48.0	215.0
136.0	802.0
20.0	361.0
231.0	1720.0
24.0	591.0
30.0	467.0
64.0	802.0
6.0	232.0
31.0	1696.0
12.0	94.0
92.0	411.0
49.0	95.0
546.0	4353.0
9.0	181.0
0.0	24.0
25.0	669.0
272.0	651.0
192.0	685.0
0.0	184.0
199.0	529.0
0.0	0.0
69.0	164.0
48.0	115.0
384.0	3576.0
0.0	103.0
179.0	1050.0
49.0	136.0
0.0	0.0
151.0	771.0
40.0	71.0
30.0	45.0
28.0	112.0
2.0	120.0
31.0	870.0
51.0	53.0
136.0	720.0
1539.0	14855.0
67.0	510.0
5.0	84.0
20.0	20.0
95.0	333.0
72.0	1038.0
81.0	280.0
0.0	24.0
42.0	68.0
256.0	256.0
4457.0	18553.0
1042.0	6803.0
22.0	51.0
54.0	280.0
406.0	1461.0
0.0	0.0
303.0	2016.0
15.0	426.0
168.0	3333.0
53.0	269.0
307.0	1540.0
561.0	623.0
114.0	377.0
0.0	18.0
15.0	389.0
72.0	1268.0
0.0	265.0
3516.0	24351.0
0.0	154.0
313.0	508.0
501.0	1203.0
3.0	40.0
116.0	976.0
12.0	61.0
51.0	340.0
16.0	16.0
17.0	131.0
5.0	85.0
275.0	1390.0
93.0	2136.0
132.0	964.0
0.0	51.0
71.0	84.0
0.0	0.0
21.0	223.0
0.0	359.0
37.0	825.0
1581.0	8484.0
51.0	279.0
133.0	701.0
81.0	1194.0
71.0	481.0
0.0	34.0
106.0	435.0
6.0	132.0
0.0	49.0
0.0	175.0
26.0	696.0
23.0	23.0
422.0	672.0
392.0	1086.0
0.0	174.0
41.0	220.0
302.0	625.0
74.0	100.0
0.0	0.0
245.0	1130.0
730.0	12872.0
13.0	127.0
37.0	179.0
539.0	5370.0
0.0	0.0
442.0	2296.0
12.0	343.0
566.0	6609.0
543.0	1481.0
0.0	0.0
48.0	121.0
223.0	3113.0
13.0	248.0
44.0	996.0
3.0	90.0
39.0	114.0
50.0	181.0
11.0	153.0
42.0	196.0
70.0	415.0
14.0	66.0
29.0	288.0
1278.0	8400.0
0.0	0.0
243.0	5810.0
58.0	902.0
0.0	0.0
56.0	89.0
34.0	486.0
18.0	116.0
1473.0	6346.0
53.0	698.0
159.0	436.0
12.0	97.0
31.0	364.0
0.0	31.0
65.0	910.0
0.0	21.0
158.0	995.0
15.0	480.0
34.0	527.0
378.0	675.0
1390.0	5312.0
165.0	2343.0
65.0	463.0
540.0	14994.0
472.0	510.0
103.0	597.0
240.0	1080.0
217.0	1019.0
232.0	3099.0
0.0	250.0
16.0	249.0
83.0	887.0
50.0	151.0
41.0	157.0
0.0	54.0
33.0	46.0
10.0	160.0
723.0	5731.0
42.0	474.0
85.0	309.0
3.0	58.0
109.0	327.0
86.0	1992.0
183.0	348.0
27.0	189.0
0.0	0.0
662.0	2390.0
5.0	64.0
0.0	0.0
177.0	246.0
0.0	0.0
20.0	94.0
15.0	80.0
0.0	65.0
75.0	206.0
323.0	1733.0
236.0	474.0
0.0	183.0
182.0	2408.0
2.0	103.0
121.0	338.0
0.0	0.0
944.0	1006.0
52.0	959.0
35.0	330.0
23.0	251.0
37.0	89.0
29.0	444.0
278.0	2303.0
75.0	487.0
202.0	661.0
24.0	113.0
524.0	5696.0
15.0	35.0
46.0	340.0
326.0	905.0
111.0	655.0
208.0	790.0
91.0	484.0
35.0	154.0
196.0	668.0
1391.0	8207.0
594.0	2412.0
105.0	687.0
61.0	530.0
85.0	264.0
36.0	189.0
683.0	6963.0
59.0	591.0
11.0	81.0
48.0	872.0
13.0	87.0
597.0	3886.0
18.0	196.0
16.0	60.0
1130.0	5579.0
46.0	267.0
24.0	935.0
0.0	0.0
0.0	0.0
249.0	999.0
198.0	1886.0
0.0	56.0
114.0	258.0
1143.0	6103.0
0.0	0.0
3.0	40.0
24.0	2357.0
472.0	6562.0
19.0	243.0
50.0	181.0
2005.0	12605.0
0.0	53.0
15.0	111.0
1723.0	10102.0
1797.0	5835.0
0.0	0.0
1046.0	3276.0
51.0	130.0
195.0	1519.0
230.0	1190.0
410.0	1336.0
29.0	74.0
317.0	711.0
45.0	818.0
24.0	265.0
38.0	209.0
705.0	4980.0
0.0	16.0
0.0	0.0
0.0	299.0
2.0	617.0
98.0	185.0
8.0	33.0
2246.0	5336.0
0.0	15.0
84.0	223.0
0.0	89.0
99.0	144.0
257.0	2189.0
24.0	298.0
54.0	114.0
53.0	165.0
92.0	461.0
231.0	810.0
110.0	257.0
654.0	4537.0
35.0	123.0
149.0	1005.0
49.0	285.0
2861.0	16984.0
573.0	4204.0
11.0	407.0
258.0	410.0
53.0	174.0
0.0	0.0
0.0	160.0
14.0	56.0
36.0	438.0
120.0	1765.0
309.0	1047.0
0.0	152.0
38.0	893.0
55.0	197.0
0.0	0.0
833.0	887.0
143.0	889.0
53.0	371.0
0.0	175.0
0.0	65.0
0.0	0.0
0.0	1551.0
6.0	20.0
0.0	0.0
15.0	236.0
0.0	261.0
217.0	1127.0
14.0	762.0
13.0	615.0
35.0	257.0
25.0	449.0
40.0	273.0
52.0	1767.0
43.0	191.0
148.0	775.0
0.0	0.0
63.0	140.0
119.0	261.0
21.0	396.0
95.0	566.0
26.0	217.0
32.0	252.0
0.0	183.0
0.0	0.0
35.0	1437.0
350.0	1837.0
1948.0	10258.0
122.0	549.0
7.0	355.0
34.0	148.0
90.0	547.0
20.0	217.0
65.0	545.0
34.0	45.0
28.0	207.0
68.0	200.0
152.0	228.0
9.0	256.0
729.0	4903.0
29.0	164.0
0.0	118.0
67.0	248.0
1022.0	2482.0
252.0	2932.0
144.0	864.0
3.0	20.0
739.0	3575.0
335.0	1165.0
177.0	577.0
1377.0	8519.0
94.0	233.0
9.0	256.0
11.0	332.0
23.0	23.0
18.0	316.0
20.0	249.0
12.0	174.0
153.0	770.0
9.0	33.0
24.0	703.0
37.0	99.0
117.0	660.0
128.0	574.0
577.0	2068.0
0.0	0.0
168.0	824.0
72.0	774.0
0.0	0.0
209.0	1085.0
3.0	34.0
346.0	2105.0
2.0	108.0
15.0	186.0
27.0	27.0
34.0	41.0
126.0	1631.0
1538.0	1805.0
10.0	196.0
31.0	494.0
404.0	2358.0
7.0	142.0
20.0	842.0
387.0	1293.0
76.0	399.0
120.0	571.0
18.0	1022.0
0.0	0.0
48.0	703.0
5.0	144.0
0.0	0.0
52.0	146.0
1.0	166.0
66.0	805.0
123.0	822.0
26.0	225.0
0.0	61.0
0.0	73.0
84.0	330.0
134.0	780.0
6.0	116.0
220.0	1599.0
156.0	792.0
550.0	4840.0
27.0	329.0
0.0	0.0
127.0	1030.0
37.0	115.0
0.0	0.0
485.0	1626.0
143.0	1009.0
18.0	162.0
1307.0	8330.0
559.0	7246.0
95.0	461.0
495.0	1423.0
0.0	0.0
83.0	308.0
57.0	688.0
82.0	292.0
336.0	3942.0
116.0	3445.0
16.0	64.0
51.0	147.0
28.0	174.0
36.0	446.0
111.0	1220.0
62.0	349.0
162.0	619.0
40.0	76.0
5.0	162.0
82.0	427.0
211.0	894.0
549.0	3899.0
16.0	113.0
0.0	0.0
56.0	560.0
0.0	0.0
1435.0	6924.0
0.0	54.0
73.0	705.0
18.0	18.0
2711.0	19256.0
39.0	336.0
188.0	1448.0
41.0	528.0
0.0	177.0
5.0	431.0
20.0	38.0
6.0	38.0
22.0	370.0
0.0	42.0
63.0	387.0
153.0	2448.0
27.0	53.0
40.0	715.0
18.0	206.0
0.0	0.0
34.0	949.0
0.0	0.0
331.0	1118.0
54.0	105.0
55.0	418.0
0.0	230.0
7.0	441.0
0.0	0.0
104.0	871.0
54.0	99.0
101.0	299.0
26.0	646.0
225.0	722.0
121.0	1849.0
390.0	4181.0
87.0	405.0
157.0	828.0
0.0	0.0
39.0	350.0
5.0	274.0
0.0	401.0
175.0	815.0
28.0	563.0
5.0	39.0
0.0	142.0
309.0	749.0
66.0	185.0
1.0	33.0
17.0	233.0
0.0	0.0
503.0	1672.0
359.0	2915.0
115.0	703.0
59.0	379.0
51.0	336.0
79.0	498.0
237.0	1084.0
3.0	174.0
0.0	35.0
49.0	734.0
0.0	53.0
860.0	3722.0
172.0	285.0
0.0	0.0
437.0	532.0
77.0	778.0
529.0	1535.0
0.0	0.0
18.0	178.0
121.0	895.0
163.0	3269.0
79.0	986.0
81.0	1106.0
252.0	1005.0
0.0	62.0
80.0	944.0
453.0	905.0
0.0	56.0
22.0	652.0
48.0	669.0
5.0	284.0
0.0	0.0
128.0	179.0
3.0	83.0
52.0	297.0
37.0	125.0
3163.0	16380.0
468.0	856.0
133.0	218.0
0.0	0.0
31.0	129.0
0.0	25.0
1263.0	6484.0
218.0	264.0
797.0	6655.0
0.0	123.0
678.0	3578.0
65.0	1890.0
313.0	595.0
21.0	169.0
15.0	484.0
112.0	2476.0
36.0	310.0
2014.0	7878.0
561.0	3044.0
0.0	0.0
49.0	313.0
0.0	30.0
245.0	1136.0
10.0	165.0
17.0	405.0
1.0	168.0
0.0	0.0
190.0	344.0
234.0	257.0
357.0	2753.0
828.0	1415.0
45.0	509.0
97.0	842.0
0.0	80.0
63.0	809.0
0.0	256.0
0.0	204.0
195.0	1167.0
84.0	299.0
1473.0	7363.0
0.0	0.0
243.0	2121.0
86.0	556.0
47.0	120.0
37.0	178.0
358.0	2529.0
62.0	168.0
163.0	882.0
80.0	509.0
114.0	1103.0
32.0	70.0
1442.0	7933.0
123.0	564.0
382.0	527.0
21.0	162.0
23.0	23.0
263.0	881.0
1105.0	4109.0
121.0	1894.0
248.0	1471.0
104.0	608.0
9.0	248.0
0.0	0.0
0.0	271.0
15.0	328.0
6.0	162.0
1169.0	7821.0
1341.0	5990.0
150.0	592.0
33.0	69.0
72.0	334.0
124.0	984.0
61.0	264.0
116.0	172.0
1276.0	12312.0
0.0	23.0
34.0	245.0
30.0	337.0
0.0	143.0
308.0	765.0
292.0	4498.0
2352.0	13819.0
339.0	1895.0
417.0	1960.0
2717.0	14598.0
0.0	0.0
12.0	95.0
0.0	362.0
18.0	141.0
0.0	0.0
153.0	218.0
573.0	5811.0
47.0	313.0
152.0	1541.0
54.0	54.0
32.0	90.0
15.0	36.0
135.0	452.0
334.0	5522.0
0.0	0.0
0.0	16.0
623.0	977.0
685.0	7993.0
148.0	205.0
27.0	112.0
188.0	934.0
72.0	1047.0
1009.0	3385.0
604.0	4399.0
0.0	0.0
0.0	0.0
0.0	0.0
0.0	22.0
75.0	263.0
12.0	37.0
0.0	19.0
0.0	549.0
445.0	1153.0
38.0	421.0
167.0	994.0
0.0	15.0
25.0	218.0
119.0	2028.0
75.0	558.0
43.0	803.0
7.0	395.0
244.0	528.0
0.0	0.0
678.0	4195.0
42.0	119.0
18.0	110.0
6.0	180.0
73.0	362.0
0.0	81.0
0.0	0.0
795.0	2096.0
1163.0	4549.0
2.0	191.0
10.0	87.0
102.0	966.0
203.0	876.0
33.0	320.0
252.0	1868.0
587.0	4036.0
7.0	156.0
49.0	316.0
234.0	931.0
702.0	3113.0
5.0	69.0
13.0	20.0
0.0	0.0
80.0	498.0
4.0	377.0
0.0	56.0
31.0	593.0
5.0	404.0
183.0	980.0
605.0	904.0
148.0	800.0
28.0	307.0
0.0	66.0
45.0	509.0
63.0	304.0
115.0	2218.0
1532.0	7598.0
2.0	59.0
49.0	354.0
0.0	0.0
49.0	84.0
398.0	5251.0
1695.0	6770.0
5.0	279.0
81.0	232.0
392.0	2350.0
54.0	2250.0
140.0	521.0
69.0	482.0
595.0	2223.0
20.0	23.0
25.0	130.0
20.0	156.0
849.0	6015.0
8.0	189.0
0.0	18.0
5.0	43.0
208.0	841.0
0.0	0.0
17.0	87.0
51.0	207.0
35.0	487.0
6.0	82.0
15.0	285.0
14.0	26.0
0.0	27.0
239.0	836.0
20.0	367.0
67.0	116.0
215.0	3546.0
9.0	291.0
0.0	23.0
281.0	6698.0
374.0	1675.0
156.0	622.0
67.0	351.0
0.0	17.0
12.0	1676.0
56.0	428.0
206.0	2916.0
71.0	1744.0
38.0	452.0
46.0	1614.0
252.0	1771.0
0.0	25.0
0.0	17.0
149.0	811.0
13.0	45.0
247.0	695.0
268.0	1375.0
0.0	0.0
441.0	2059.0
6.0	90.0
862.0	1901.0
49.0	413.0
0.0	139.0
541.0	696.0
0.0	0.0
2.0	325.0
0.0	199.0
0.0	0.0
183.0	860.0
70.0	173.0
6.0	17.0
147.0	1081.0
159.0	1549.0
1.0	37.0
252.0	602.0
131.0	1118.0
0.0	0.0
0.0	0.0
2207.0	12416.0
5.0	162.0
0.0	223.0
56.0	218.0
24.0	32.0
463.0	3682.0
0.0	34.0
72.0	526.0
34.0	93.0
19.0	33.0
0.0	0.0
77.0	1857.0
16.0	73.0
13.0	474.0
57.0	260.0
613.0	2310.0
2.0	27.0
49.0	364.0
768.0	3465.0
63.0	797.0
7.0	190.0
21.0	252.0
292.0	752.0
89.0	116.0
9.0	40.0
12.0	31.0
129.0	381.0
56.0	297.0
10.0	126.0
6.0	93.0
49.0	68.0
11.0	72.0
15.0	57.0
160.0	894.0
104.0	438.0
245.0	1107.0
4.0	263.0
2.0	164.0
12.0	60.0
17.0	70.0
505.0	1541.0
486.0	2278.0
5549.0	20910.0
5.0	79.0
14.0	23.0
59.0	104.0
0.0	0.0
122.0	382.0
40.0	476.0
5.0	707.0
26.0	650.0
76.0	2577.0
15.0	35.0
21.0	21.0
3.0	293.0
0.0	0.0
15.0	126.0
1.0	244.0
40.0	76.0
18.0	629.0
1227.0	5080.0
430.0	1366.0
110.0	110.0
74.0	347.0
4.0	72.0
22.0	377.0
3109.0	23377.0
85.0	178.0
2122.0	9417.0
73.0	617.0
18.0	38.0
22.0	190.0
120.0	415.0
97.0	736.0
249.0	1731.0
8.0	127.0
32.0	154.0
15.0	110.0
43.0	302.0
101.0	151.0
38.0	141.0
0.0	19.0
23.0	397.0
22.0	119.0
218.0	284.0
352.0	1291.0
106.0	1847.0
69.0	647.0
0.0	0.0
4.0	96.0
0.0	0.0
33.0	721.0
43.0	1012.0
164.0	1504.0
27.0	340.0
3.0	45.0
142.0	308.0
611.0	2233.0
0.0	0.0
55.0	590.0
444.0	1603.0
8.0	180.0
16.0	47.0
20.0	178.0
115.0	505.0
58.0	258.0
2.0	128.0
34.0	95.0
0.0	159.0
0.0	128.0
4.0	57.0
316.0	1188.0
1.0	121.0
122.0	431.0
304.0	420.0
0.0	40.0
2383.0	12637.0
71.0	441.0
43.0	250.0
264.0	960.0
40.0	94.0
17.0	62.0
515.0	7056.0
0.0	27.0
93.0	1481.0
0.0	65.0
0.0	0.0
38.0	96.0
17.0	107.0
2.0	123.0
315.0	7189.0
1672.0	4503.0
2.0	64.0
0.0	36.0
32.0	275.0
0.0	268.0
73.0	361.0
264.0	1842.0
1.0	354.0
87.0	827.0
0.0	0.0
0.0	46.0
149.0	743.0
222.0	260.0
965.0	5496.0
172.0	585.0
105.0	749.0
0.0	0.0
3.0	37.0
788.0	4179.0
73.0	1318.0
62.0	316.0
0.0	0.0
0.0	39.0
0.0	0.0
186.0	2368.0
24.0	181.0
215.0	1527.0
53.0	416.0
421.0	1524.0
15.0	62.0
6.0	180.0
2222.0	10534.0
49.0	241.0
56.0	253.0
36.0	467.0
0.0	323.0
49.0	401.0
45.0	678.0
42.0	1283.0
0.0	0.0
18.0	158.0
123.0	1293.0
462.0	1111.0
0.0	30.0
16.0	400.0
25.0	135.0
50.0	70.0
49.0	354.0
99.0	2079.0
0.0	0.0
8.0	276.0
2.0	251.0
0.0	58.0
18.0	605.0
40.0	114.0
908.0	5133.0
797.0	1317.0
0.0	0.0
7.0	56.0
97.0	855.0
8.0	106.0
393.0	1488.0
12.0	629.0
55.0	613.0
0.0	0.0
512.0	1429.0
434.0	5203.0
0.0	566.0
0.0	83.0
0.0	0.0
29.0	273.0
179.0	2078.0
218.0	665.0
22.0	114.0
0.0	0.0
0.0	0.0
540.0	8123.0
4.0	179.0
506.0	7767.0
127.0	1107.0
51.0	430.0
628.0	5104.0
0.0	119.0
92.0	395.0
29.0	164.0
51.0	148.0
176.0	534.0
11.0	138.0
452.0	2982.0
4.0	287.0
0.0	125.0
13.0	71.0
15.0	72.0
135.0	951.0
122.0	1418.0
51.0	90.0
45.0	340.0
40.0	358.0
112.0	513.0
3.0	181.0
0.0	344.0
4.0	117.0
137.0	835.0
21.0	266.0
0.0	18.0
0.0	146.0
0.0	0.0
15.0	177.0
57.0	748.0
8.0	64.0
9.0	326.0
27.0	260.0
0.0	0.0
17.0	17.0
35.0	161.0
233.0	856.0
27.0	683.0
48.0	758.0
0.0	0.0
45.0	240.0
158.0	439.0
19.0	101.0
0.0	88.0
144.0	576.0
474.0	646.0
11.0	106.0
44.0	526.0
455.0	5024.0
66.0	2248.0
894.0	5784.0
13.0	86.0
17.0	412.0
604.0	1747.0
509.0	4862.0
0.0	51.0
128.0	322.0
134.0	400.0
0.0	0.0
81.0	1473.0
159.0	308.0
17.0	385.0
1222.0	5372.0
1715.0	17958.0
0.0	0.0
6.0	231.0
0.0	0.0
347.0	5007.0
22.0	247.0
31.0	61.0
10.0	45.0
101.0	476.0
0.0	222.0
0.0	30.0
249.0	1550.0
0.0	0.0
53.0	186.0
70.0	211.0
28.0	50.0
2598.0	21461.0
0.0	375.0
0.0	0.0
399.0	1464.0
23.0	789.0
0.0	0.0
0.0	148.0
23.0	191.0
143.0	908.0
131.0	131.0
189.0	1228.0
19.0	116.0
52.0	254.0
106.0	324.0
5.0	139.0
66.0	137.0
5.0	126.0
65.0	485.0
149.0	971.0
39.0	84.0
212.0	529.0
6.0	56.0
2701.0	9111.0
11.0	333.0
39.0	362.0
1.0	74.0
0.0	18.0
11.0	96.0
25.0	95.0
162.0	1005.0
102.0	295.0
793.0	1713.0
366.0	1896.0
39.0	296.0
509.0	4436.0
32.0	32.0
809.0	3057.0
8.0	216.0
5.0	134.0
371.0	1698.0
0.0	0.0
0.0	172.0
0.0	0.0
53.0	345.0
0.0	0.0
0.0	224.0
15.0	46.0
0.0	0.0
37.0	37.0
90.0	2189.0
0.0	75.0
44.0	454.0
36.0	80.0
17.0	17.0
0.0	0.0
5.0	205.0
27.0	325.0
0.0	0.0
9.0	564.0
534.0	2563.0
98.0	201.0
200.0	3609.0
51.0	3245.0
0.0	75.0
18.0	50.0
14.0	186.0
88.0	532.0
0.0	195.0
13.0	455.0
37.0	167.0
31.0	83.0
108.0	1126.0
15.0	15.0
0.0	0.0
38.0	503.0
1262.0	7548.0
13.0	30.0
119.0	410.0
334.0	1172.0
222.0	2044.0
104.0	819.0
76.0	327.0
0.0	0.0
529.0	5001.0
141.0	1634.0
34.0	70.0
43.0	814.0
44.0	533.0
62.0	241.0
113.0	884.0
6.0	207.0
23.0	45.0
156.0	1248.0
80.0	285.0
279.0	511.0
11.0	207.0
4332.0	12471.0
16.0	168.0
120.0	335.0
0.0	0.0
0.0	0.0
40.0	114.0
292.0	4008.0
634.0	2708.0
203.0	358.0
34.0	1006.0
14.0	238.0
31.0	424.0
79.0	319.0
24.0	142.0
111.0	442.0
63.0	328.0
0.0	0.0
15.0	235.0
61.0	283.0
201.0	1197.0
35.0	198.0
121.0	1659.0
422.0	1678.0
0.0	0.0
8.0	38.0
17.0	17.0
18.0	191.0
24.0	31.0
28.0	101.0
37.0	178.0
84.0	183.0
74.0	358.0
797.0	4292.0
38.0	130.0
13.0	362.0
0.0	104.0
0.0	22.0
18.0	83.0
0.0	181.0
68.0	294.0
1.0	38.0
0.0	0.0
24.0	181.0
19.0	97.0
93.0	437.0
9.0	261.0
0.0	41.0
1.0	41.0
0.0	0.0
0.0	24.0
0.0	51.0
0.0	57.0
35.0	143.0
16.0	16.0
79.0	207.0
153.0	979.0
446.0	1709.0
188.0	1703.0
0.0	87.0
3.0	140.0
260.0	439.0
16.0	375.0
3431.0	9026.0
0.0	0.0
277.0	783.0
603.0	4074.0
430.0	3211.0
15.0	50.0
9.0	55.0
198.0	230.0
17.0	369.0
4.0	57.0
9.0	598.0
699.0	6283.0
72.0	897.0
0.0	32.0
35.0	249.0
527.0	3970.0
50.0	288.0
47.0	416.0
23.0	23.0
1297.0	1585.0
1129.0	9182.0
63.0	425.0
74.0	304.0
6.0	323.0
509.0	979.0
2617.0	14506.0
129.0	2764.0
0.0	0.0
0.0	0.0
44.0	489.0
2793.0	14978.0
34.0	374.0
407.0	3561.0
0.0	40.0
1.0	35.0
82.0	193.0
35.0	511.0
108.0	792.0
11.0	76.0
375.0	1600.0
28.0	168.0
7.0	253.0
25.0	171.0
30.0	240.0
70.0	534.0
1236.0	4646.0
7.0	95.0
51.0	441.0
0.0	106.0
271.0	1316.0
90.0	1236.0
30.0	127.0
29.0	319.0
6.0	24.0
123.0	671.0
52.0	335.0
26.0	288.0
126.0	306.0
20.0	20.0
72.0	442.0
44.0	346.0
40.0	61.0
18.0	148.0
40.0	1364.0
45.0	1013.0
0.0	34.0
0.0	56.0
3.0	170.0
14.0	303.0
0.0	125.0
1770.0	9655.0
0.0	139.0
191.0	387.0
10.0	108.0
5.0	21.0
46.0	941.0
27.0	278.0
35.0	350.0
0.0	237.0
154.0	330.0
98.0	1303.0
27.0	27.0
64.0	911.0
5.0	56.0
105.0	602.0
157.0	809.0
116.0	1547.0
0.0	19.0
3044.0	14579.0
144.0	294.0
142.0	265.0
33.0	420.0
26.0	356.0
39.0	354.0
77.0	674.0
41.0	144.0
0.0	184.0
5618.0	34383.0
3.0	294.0
156.0	1499.0
48.0	252.0
6.0	861.0
855.0	5803.0
38.0	87.0
14.0	350.0
57.0	64.0
149.0	354.0
86.0	1503.0
321.0	2079.0
7.0	145.0
213.0	1058.0
70.0	198.0
1185.0	6604.0
119.0	418.0
90.0	236.0
0.0	128.0
45.0	175.0
0.0	0.0
270.0	635.0
0.0	0.0
11.0	341.0
22.0	158.0
78.0	2866.0
0.0	356.0
0.0	37.0
0.0	51.0
17.0	198.0
0.0	185.0
115.0	300.0
94.0	342.0
22.0	482.0
46.0	181.0
258.0	339.0
223.0	1123.0
90.0	539.0
7.0	294.0
149.0	1000.0
477.0	1909.0
19.0	1244.0
391.0	1452.0
44.0	70.0
91.0	196.0
195.0	669.0
12.0	582.0
50.0	896.0
7.0	33.0
6.0	176.0
8.0	103.0
4.0	315.0
92.0	312.0
541.0	2082.0
78.0	533.0
0.0	0.0
0.0	0.0
48.0	639.0
1477.0	10273.0
322.0	694.0
66.0	609.0
405.0	2449.0
94.0	395.0
11.0	1232.0
50.0	251.0
271.0	823.0
10.0	412.0
25.0	190.0
37.0	1620.0
0.0	23.0
0.0	0.0
58.0	827.0
45.0	45.0
148.0	886.0
20.0	122.0
10.0	314.0
2348.0	7831.0
126.0	347.0
29.0	150.0
181.0	347.0
0.0	367.0
127.0	785.0
10.0	122.0
5.0	190.0
2816.0	17834.0
14.0	213.0
226.0	1864.0
78.0	611.0
0.0	458.0
27.0	130.0
0.0	529.0
0.0	254.0
58.0	474.0
27.0	754.0
13.0	705.0
2453.0	14109.0
0.0	64.0
161.0	902.0
172.0	2680.0
17.0	126.0
178.0	807.0
35.0	213.0
0.0	0.0
0.0	0.0
0.0	32.0
51.0	566.0
180.0	3221.0
3477.0	29864.0
194.0	474.0
55.0	197.0
58.0	58.0
0.0	0.0
140.0	570.0
17.0	17.0
2241.0	10420.0
0.0	74.0
177.0	232.0
97.0	316.0
17.0	805.0
0.0	57.0
23.0	183.0
42.0	120.0
13.0	634.0
895.0	5707.0
18.0	88.0
22.0	672.0
190.0	1141.0
102.0	117.0
107.0	862.0
287.0	622.0
292.0	889.0
0.0	0.0
71.0	339.0
0.0	0.0
3364.0	16494.0
77.0	2944.0
91.0	352.0
10.0	310.0
85.0	521.0
110.0	679.0
147.0	967.0
0.0	108.0
331.0	2019.0
152.0	1257.0
26.0	182.0
35.0	435.0
429.0	1324.0
189.0	667.0
1399.0	7430.0
43.0	1387.0
24.0	118.0
342.0	3820.0
9.0	425.0
3.0	102.0
5.0	105.0
49.0	136.0
723.0	9013.0
28.0	333.0
96.0	1299.0
127.0	806.0
143.0	547.0
135.0	469.0
0.0	53.0
8.0	85.0
0.0	193.0
73.0	360.0
0.0	209.0
0.0	0.0
2047.0	14636.0
260.0	593.0
0.0	0.0
123.0	695.0
17.0	174.0
89.0	1448.0
149.0	217.0
33.0	208.0
128.0	179.0
7.0	178.0
1214.0	5540.0
930.0	3566.0
17.0	290.0
8.0	283.0
431.0	4059.0
10.0	203.0
67.0	458.0
325.0	1644.0
7.0	110.0
0.0	100.0
13.0	56.0
25.0	424.0
0.0	69.0
25.0	139.0
387.0	1184.0
368.0	2647.0
84.0	605.0
1308.0	8408.0
327.0	1274.0
16.0	70.0
192.0	515.0
0.0	40.0
28.0	1377.0
0.0	0.0
18.0	194.0
18.0	18.0
49.0	315.0
87.0	367.0
57.0	179.0
229.0	1415.0
16.0	286.0
32.0	84.0
31.0	52.0
745.0	8985.0
50.0	120.0
15.0	164.0
41.0	41.0
137.0	1512.0
23.0	83.0
4.0	237.0
1806.0	11162.0
1370.0	5451.0
147.0	488.0
6.0	35.0
0.0	180.0
12.0	48.0
593.0	2347.0
3.0	433.0
0.0	44.0
1747.0	10314.0
7.0	17.0
28.0	113.0
292.0	2951.0
1510.0	1806.0
228.0	823.0
2680.0	12523.0
131.0	524.0
3.0	86.0
932.0	7729.0
1724.0	11805.0
42.0	377.0
0.0	0.0
39.0	445.0
39.0	115.0
146.0	1293.0
80.0	361.0
590.0	2252.0
43.0	163.0
7.0	84.0
41.0	496.0
137.0	889.0
34.0	341.0
14.0	406.0
0.0	171.0
65.0	349.0
141.0	548.0
8.0	193.0
150.0	1060.0
14.0	103.0
0.0	0.0
0.0	0.0
74.0	1549.0
54.0	534.0
11.0	267.0
246.0	1679.0
559.0	5898.0
228.0	893.0
94.0	224.0
156.0	757.0
0.0	35.0
0.0	239.0
83.0	1175.0
887.0	6188.0
21.0	78.0
31.0	345.0
7.0	191.0
59.0	2266.0
3.0	127.0
740.0	7360.0
0.0	105.0
251.0	2054.0
87.0	739.0
53.0	307.0
345.0	514.0
0.0	0.0
465.0	4210.0
0.0	267.0
0.0	88.0
46.0	1334.0
30.0	388.0
28.0	890.0
0.0	0.0
72.0	851.0
241.0	989.0
118.0	390.0
117.0	1506.0
285.0	470.0
158.0	1249.0
81.0	615.0
38.0	901.0
257.0	778.0
3231.0	14337.0
15.0	15.0
17.0	17.0
190.0	833.0
3.0	256.0
8.0	201.0
92.0	207.0
12.0	346.0
153.0	1235.0
156.0	1706.0
470.0	1968.0
15.0	15.0
41.0	398.0
7.0	16.0
118.0	427.0
0.0	285.0
17.0	97.0
0.0	0.0
265.0	942.0
56.0	501.0
9.0	57.0
10.0	343.0
54.0	54.0
738.0	4051.0
0.0	0.0
38.0	119.0
0.0	56.0
75.0	133.0
80.0	1631.0
0.0	43.0
54.0	525.0
27.0	133.0
155.0	3624.0
426.0	3567.0
0.0	0.0
69.0	390.0
5.0	131.0
104.0	613.0
43.0	308.0
2.0	31.0
131.0	268.0
12.0	34.0
0.0	37.0
27.0	109.0
1083.0	3903.0
111.0	272.0
63.0	225.0
77.0	180.0
80.0	554.0
0.0	0.0
183.0	461.0
103.0	512.0
27.0	1029.0
54.0	279.0
55.0	368.0
552.0	1259.0
43.0	246.0
18.0	18.0
0.0	0.0
0.0	0.0
26.0	83.0
46.0	491.0
2034.0	10010.0
166.0	938.0
21.0	553.0
39.0	223.0
0.0	80.0
0.0	378.0
59.0	317.0
0.0	955.0
37.0	247.0
102.0	1240.0
891.0	4441.0
0.0	0.0
6.0	30.0
377.0	1692.0
239.0	965.0
85.0	592.0
850.0	4893.0
215.0	1894.0
3.0	75.0
18.0	667.0
598.0	7445.0
23.0	983.0
0.0	0.0
18.0	18.0
163.0	365.0
21.0	184.0
54.0	160.0
40.0	224.0
28.0	28.0
374.0	1475.0
31.0	90.0
1.0	509.0
23.0	79.0
181.0	589.0
202.0	1601.0
112.0	1936.0
844.0	3957.0
738.0	3368.0
722.0	3898.0
28.0	212.0
0.0	0.0
18.0	146.0
31.0	203.0
0.0	21.0
815.0	1322.0
0.0	72.0
45.0	241.0
42.0	98.0
126.0	779.0
156.0	273.0
535.0	1209.0
689.0	4237.0
99.0	386.0
0.0	156.0
1059.0	9697.0
1.0	410.0
10.0	201.0
27.0	163.0
44.0	491.0
66.0	140.0
34.0	92.0
5.0	320.0
148.0	1026.0
0.0	0.0
42.0	338.0
66.0	673.0
19.0	81.0
258.0	1240.0
280.0	726.0
0.0	49.0
14.0	300.0
0.0	113.0
1158.0	8907.0
42.0	42.0
0.0	317.0
0.0	16.0
113.0	615.0
90.0	541.0
8.0	341.0
0.0	47.0
440.0	1098.0
2735.0	11626.0
96.0	1433.0
0.0	0.0
179.0	994.0
56.0	261.0
0.0	19.0
79.0	395.0
85.0	538.0
453.0	2949.0
132.0	384.0
116.0	378.0
19.0	245.0
0.0	503.0
27.0	1054.0
2249.0	10218.0
621.0	832.0
142.0	242.0
0.0	142.0
56.0	1743.0
8.0	218.0
25.0	482.0
0.0	0.0
78.0	320.0
5.0	970.0
0.0	34.0
25.0	226.0
24.0	190.0
233.0	558.0
27.0	59.0
41.0	88.0
142.0	498.0
0.0	127.0
135.0	1949.0
53.0	641.0
286.0	902.0
6.0	263.0
535.0	3839.0
125.0	258.0
12.0	1110.0
36.0	833.0
41.0	747.0
0.0	25.0
209.0	895.0
339.0	621.0
0.0	0.0
36.0	36.0
200.0	1450.0
77.0	939.0
153.0	699.0
7.0	153.0
0.0	58.0
24.0	389.0
11.0	209.0
30.0	227.0
0.0	15.0
0.0	0.0
117.0	1174.0
23.0	496.0
587.0	4142.0
72.0	546.0
2303.0	11502.0
9.0	279.0
90.0	233.0
284.0	3307.0
161.0	583.0
1229.0	10944.0
1.0	38.0
536.0	5119.0
23.0	26.0
48.0	83.0
0.0	41.0
7.0	141.0
0.0	135.0
2283.0	7913.0
133.0	363.0
60.0	461.0
14.0	409.0
115.0	903.0
159.0	297.0
128.0	485.0
39.0	74.0
1631.0	7784.0
94.0	233.0
1.0	40.0
566.0	4203.0
500.0	6635.0
1765.0	5313.0
18.0	521.0
0.0	173.0
18.0	688.0
16.0	79.0
159.0	993.0
46.0	421.0
93.0	190.0
0.0	88.0
117.0	258.0
228.0	1470.0
92.0	1235.0
10.0	82.0
5.0	221.0
83.0	863.0
76.0	1122.0
615.0	3026.0
0.0	36.0
48.0	473.0
34.0	235.0
21.0	21.0
643.0	5897.0
0.0	0.0
160.0	434.0
929.0	8761.0
295.0	649.0
5.0	69.0
41.0	450.0
12.0	259.0
109.0	482.0
0.0	18.0
184.0	493.0
31.0	115.0
513.0	644.0
463.0	463.0
201.0	1529.0
41.0	1531.0
71.0	668.0
46.0	376.0
118.0	373.0
57.0	243.0
33.0	225.0
0.0	0.0
154.0	1262.0
17.0	17.0
19.0	623.0
18.0	402.0
0.0	0.0
51.0	495.0
35.0	109.0
10.0	295.0
0.0	0.0
578.0	3008.0
140.0	191.0
73.0	73.0
76.0	572.0
249.0	7301.0
18.0	366.0
16.0	373.0
24.0	312.0
19.0	212.0
49.0	366.0
2071.0	13896.0
474.0	1477.0
0.0	167.0
27.0	232.0
64.0	179.0
129.0	414.0
0.0	0.0
3118.0	5248.0
4.0	79.0
0.0	0.0
161.0	771.0
386.0	7159.0
0.0	96.0
955.0	5131.0
27.0	133.0
8.0	62.0
0.0	88.0
5.0	243.0
137.0	945.0
179.0	430.0
216.0	2687.0
0.0	0.0
4.0	25.0
56.0	60.0
25.0	49.0
0.0	222.0
13.0	314.0
10.0	150.0
215.0	1220.0
54.0	514.0
0.0	0.0
17.0	36.0
0.0	0.0
808.0	3800.0
159.0	549.0
26.0	292.0
47.0	381.0
190.0	829.0
197.0	1435.0
395.0	2966.0
0.0	0.0
44.0	104.0
216.0	636.0
87.0	753.0
5.0	224.0
0.0	0.0
141.0	521.0
16.0	79.0
361.0	2039.0
2.0	138.0
27.0	185.0
8.0	611.0
25.0	273.0
4.0	27.0
1424.0	3917.0
50.0	309.0
121.0	549.0
60.0	677.0
377.0	814.0
0.0	77.0
0.0	73.0
17.0	408.0
19.0	363.0
0.0	0.0
184.0	1160.0
19.0	139.0
0.0	214.0
5.0	505.0
22.0	444.0
0.0	63.0
85.0	822.0
63.0	352.0
163.0	577.0
41.0	116.0
25.0	56.0
52.0	637.0
15.0	444.0
36.0	528.0
40.0	242.0
2.0	193.0
11.0	278.0
107.0	636.0
12.0	179.0
60.0	800.0
69.0	343.0
130.0	1946.0
17.0	514.0
5.0	166.0
36.0	84.0
127.0	656.0
51.0	342.0
104.0	929.0
109.0	609.0
117.0	1015.0
46.0	169.0
0.0	174.0
29.0	75.0
6.0	202.0
2.0	26.0
130.0	790.0
175.0	580.0
207.0	1478.0
33.0	144.0
67.0	149.0
0.0	74.0
1694.0	5195.0
53.0	439.0
11.0	83.0
2744.0	6084.0
89.0	777.0
0.0	317.0
0.0	193.0
95.0	1122.0
45.0	431.0
623.0	1962.0
0.0	0.0
242.0	6430.0
68.0	950.0
3.0	195.0
120.0	1626.0
304.0	1924.0
18.0	127.0
76.0	1512.0
25.0	92.0
285.0	3611.0
4.0	23.0
150.0	921.0
0.0	0.0
0.0	0.0
27.0	228.0
79.0	343.0
0.0	244.0
192.0	1743.0
10.0	560.0
0.0	94.0
60.0	203.0
204.0	984.0
548.0	5255.0
283.0	503.0
48.0	129.0
10.0	187.0
0.0	309.0
231.0	633.0
48.0	201.0
96.0	316.0
17.0	17.0
2.0	195.0
17.0	139.0
0.0	0.0
0.0	20.0
21.0	136.0
26.0	41.0
0.0	51.0
244.0	3635.0
0.0	0.0
43.0	162.0
0.0	0.0
31.0	133.0
4.0	84.0
105.0	768.0
101.0	1118.0
45.0	312.0
122.0	2596.0
10.0	70.0
0.0	287.0
26.0	42.0
207.0	671.0
49.0	370.0
0.0	0.0
6.0	21.0
91.0	116.0
43.0	259.0
2244.0	9269.0
229.0	1623.0
152.0	862.0
27.0	27.0
1.0	227.0
10.0	89.0
18.0	218.0
404.0	997.0
8.0	78.0
24.0	249.0
1361.0	7552.0
787.0	2596.0
14.0	93.0
1811.0	11912.0
1.0	272.0
1.0	49.0
4.0	56.0
74.0	503.0
39.0	265.0
0.0	19.0
52.0	148.0
2522.0	12572.0
0.0	0.0
8.0	17.0
7.0	340.0
367.0	3586.0
30.0	181.0
64.0	246.0
51.0	593.0
0.0	218.0
17.0	53.0
103.0	145.0
117.0	786.0
64.0	771.0
59.0	517.0
0.0	19.0
160.0	840.0
1989.0	2915.0
0.0	0.0
0.0	51.0
17.0	97.0
38.0	38.0
409.0	733.0
81.0	1799.0
39.0	418.0
990.0	5639.0
74.0	1097.0
2.0	1907.0
125.0	505.0
25.0	25.0
192.0	2520.0
57.0	663.0
0.0	0.0
38.0	444.0
7.0	71.0
2099.0	20315.0
4.0	76.0
0.0	0.0
35.0	280.0
2350.0	22776.0
17.0	17.0
129.0	935.0
0.0	215.0
0.0	265.0
42.0	68.0
141.0	420.0
9.0	187.0
29.0	100.0
42.0	95.0
170.0	374.0
227.0	2380.0
0.0	0.0
13.0	548.0
0.0	0.0
24.0	126.0
42.0	97.0
188.0	320.0
191.0	252.0
428.0	1398.0
262.0	1715.0
1.0	288.0
157.0	183.0
40.0	260.0
1087.0	10957.0
8.0	43.0
63.0	379.0
0.0	199.0
140.0	1194.0
72.0	274.0
116.0	499.0
18.0	443.0
76.0	209.0
159.0	1325.0
92.0	355.0
0.0	0.0
0.0	189.0
252.0	2427.0
32.0	87.0
69.0	513.0
53.0	436.0
9.0	136.0
52.0	420.0
20.0	20.0
0.0	312.0
149.0	855.0
11.0	154.0
26.0	139.0
60.0	361.0
110.0	561.0
101.0	936.0
31.0	424.0
7.0	56.0
248.0	936.0
0.0	0.0
0.0	0.0
11.0	37.0
54.0	137.0
18.0	52.0
0.0	0.0
5159.0	20664.0
23.0	125.0
0.0	85.0
99.0	197.0
537.0	6118.0
109.0	411.0
41.0	515.0
717.0	6847.0
29.0	594.0
0.0	0.0
10.0	75.0
31.0	331.0
121.0	433.0
0.0	139.0
1.0	147.0
10.0	369.0
3359.0	14063.0
36.0	510.0
25.0	97.0
0.0	226.0
15.0	223.0
0.0	46.0
62.0	317.0
11.0	125.0
158.0	381.0
28.0	66.0
411.0	2213.0
0.0	431.0
0.0	84.0
0.0	0.0
0.0	0.0
10.0	17.0
0.0	17.0
93.0	973.0
82.0	386.0
33.0	62.0
24.0	24.0
69.0	332.0
62.0	444.0
110.0	1569.0
869.0	5003.0
14.0	82.0
0.0	0.0
18.0	18.0
7.0	476.0
151.0	1473.0
256.0	1441.0
0.0	15.0
89.0	624.0
61.0	263.0
204.0	499.0
48.0	205.0
892.0	7056.0
26.0	191.0
134.0	2563.0
559.0	2393.0
0.0	60.0
14.0	941.0
472.0	2260.0
18.0	18.0
46.0	245.0
12.0	339.0
32.0	128.0
0.0	81.0
371.0	2610.0
195.0	878.0
142.0	580.0
0.0	0.0
0.0	70.0
205.0	922.0
0.0	58.0
0.0	0.0
182.0	1084.0
234.0	1871.0
607.0	1025.0
92.0	2202.0
0.0	0.0
21.0	154.0
11.0	35.0
202.0	587.0
58.0	201.0
59.0	415.0
14.0	282.0
0.0	227.0
762.0	12476.0
13.0	251.0
127.0	474.0
365.0	760.0
244.0	878.0
37.0	401.0
142.0	666.0
69.0	1070.0
220.0	1191.0
397.0	2175.0
92.0	332.0
0.0	0.0
1.0	60.0
0.0	0.0
11.0	276.0
18.0	372.0
48.0	168.0
169.0	594.0
18.0	226.0
0.0	0.0
3015.0	14001.0
13.0	92.0
32.0	367.0
39.0	151.0
25.0	58.0
3.0	72.0
103.0	817.0
6.0	259.0
60.0	299.0
1007.0	2163.0
107.0	109.0
9.0	336.0
99.0	253.0
0.0	35.0
108.0	519.0
2.0	88.0
12.0	160.0
0.0	0.0
43.0	85.0
3359.0	17459.0
98.0	1194.0
2637.0	15195.0
68.0	68.0
72.0	258.0
494.0	1865.0
0.0	92.0
240.0	735.0
260.0	828.0
0.0	0.0
53.0	955.0
115.0	743.0
633.0	7764.0
159.0	647.0
145.0	807.0
5.0	97.0
20.0	350.0
34.0	942.0
20.0	64.0
0.0	15.0
0.0	42.0
3.0	357.0
37.0	1525.0
258.0	413.0
239.0	717.0
5.0	168.0
0.0	113.0
66.0	434.0
25.0	258.0
208.0	1079.0
38.0	38.0
187.0	999.0
93.0	313.0
77.0	822.0
379.0	2419.0
252.0	789.0
36.0	564.0
104.0	1080.0
64.0	389.0
4.0	337.0
360.0	2078.0
0.0	205.0
36.0	248.0
13.0	45.0
233.0	1293.0
0.0	112.0
0.0	0.0
224.0	1133.0
0.0	53.0
225.0	1358.0
7.0	294.0
6.0	41.0
46.0	530.0
103.0	136.0
0.0	130.0
0.0	0.0
39.0	189.0
307.0	491.0
198.0	999.0
0.0	198.0
9.0	103.0
11.0	175.0
20.0	77.0
114.0	288.0
225.0	355.0
3.0	1779.0
406.0	860.0
235.0	1645.0
441.0	3254.0
73.0	352.0
7.0	51.0
195.0	665.0
1415.0	6905.0
249.0	731.0
11.0	295.0
146.0	421.0
161.0	452.0
42.0	253.0
126.0	704.0
11.0	373.0
317.0	1990.0
0.0	253.0
5051.0	22640.0
45.0	295.0
0.0	243.0
0.0	290.0
105.0	617.0
115.0	337.0
40.0	318.0
1296.0	6476.0
3610.0	11056.0
80.0	127.0
0.0	23.0
48.0	511.0
590.0	12149.0
244.0	586.0
57.0	592.0
8.0	85.0
88.0	285.0
0.0	56.0
2.0	190.0
0.0	109.0
107.0	660.0
0.0	0.0
12.0	451.0
432.0	1330.0
63.0	122.0
0.0	0.0
0.0	0.0
441.0	3146.0
0.0	0.0
3.0	359.0
96.0	98.0
0.0	0.0
12.0	937.0
30.0	306.0
31.0	185.0
0.0	46.0
43.0	393.0
230.0	551.0
0.0	96.0
95.0	216.0
672.0	4330.0
0.0	379.0
16.0	154.0
1318.0	10547.0
26.0	77.0
6.0	493.0
1493.0	10250.0
374.0	3255.0
82.0	319.0
54.0	506.0
52.0	242.0
84.0	645.0
59.0	171.0
0.0	0.0
351.0	1789.0
115.0	811.0
28.0	220.0
80.0	825.0
2047.0	10016.0
0.0	0.0
0.0	640.0
108.0	400.0
33.0	327.0
129.0	537.0
4.0	19.0
27.0	413.0
71.0	216.0
47.0	604.0
15.0	108.0
16.0	1229.0
54.0	315.0
562.0	7468.0
53.0	877.0
73.0	175.0
77.0	804.0
0.0	0.0
1187.0	7090.0
0.0	62.0
1.0	141.0
56.0	277.0
384.0	1145.0
23.0	144.0
114.0	812.0
1140.0	6930.0
38.0	509.0
0.0	0.0
24.0	1269.0
0.0	144.0
0.0	141.0
77.0	349.0
107.0	228.0
0.0	0.0
0.0	99.0
292.0	2392.0
51.0	1892.0
0.0	0.0
812.0	4454.0
25.0	183.0
0.0	434.0
144.0	219.0
113.0	1054.0
116.0	615.0
19.0	126.0
1123.0	6828.0
2025.0	22081.0
10.0	468.0
0.0	99.0
138.0	1183.0
59.0	445.0
9.0	82.0
0.0	164.0
50.0	341.0
49.0	462.0
8.0	28.0
358.0	579.0
33.0	186.0
10.0	36.0
18.0	546.0
0.0	0.0
4513.0	10195.0
116.0	2148.0
0.0	0.0
485.0	1177.0
171.0	844.0
64.0	218.0
0.0	91.0
125.0	534.0
0.0	0.0
53.0	180.0
4.0	60.0
226.0	1685.0
268.0	985.0
0.0	0.0
40.0	951.0
73.0	831.0
82.0	1447.0
21.0	389.0
200.0	917.0
5499.0	38934.0
27.0	234.0
97.0	398.0
27.0	147.0
194.0	761.0
197.0	1098.0
123.0	569.0
149.0	684.0
1396.0	12667.0
23.0	23.0
50.0	449.0
8.0	21.0
20.0	226.0
10.0	253.0
100.0	517.0
1.0	102.0
94.0	322.0
1880.0	15016.0
25.0	298.0
85.0	497.0
0.0	641.0
8.0	123.0
135.0	1660.0
168.0	465.0
24.0	106.0
42.0	255.0
15.0	42.0
79.0	1526.0
151.0	977.0
337.0	695.0
0.0	0.0
595.0	3719.0
1039.0	6317.0
0.0	0.0
2.0	490.0
518.0	1748.0
0.0	0.0
0.0	84.0
44.0	182.0
0.0	42.0
2.0	181.0
0.0	0.0
7.0	18.0
0.0	0.0
1020.0	10584.0
44.0	470.0
6.0	74.0
3.0	91.0
5.0	184.0
341.0	904.0
10.0	600.0
0.0	145.0
4.0	141.0
74.0	154.0
188.0	954.0
6.0	431.0
33.0	44.0
60.0	76.0
32.0	187.0
7.0	552.0
1743.0	8595.0
0.0	132.0
0.0	44.0
37.0	885.0
45.0	1005.0
31.0	302.0
50.0	107.0
0.0	37.0
892.0	11249.0
16.0	281.0
0.0	17.0
43.0	355.0
44.0	283.0
324.0	1818.0
41.0	85.0
96.0	465.0
21.0	29.0
0.0	27.0
10.0	86.0
6.0	294.0
0.0	126.0
363.0	2979.0
75.0	846.0
49.0	361.0
0.0	0.0
11.0	15.0
113.0	1238.0
96.0	375.0
11.0	265.0
0.0	88.0
1279.0	4079.0
2.0	172.0
0.0	47.0
0.0	38.0
49.0	355.0
9.0	18.0
14.0	54.0
5.0	17.0
9.0	86.0
0.0	97.0
530.0	1946.0
16.0	39.0
117.0	1205.0
48.0	107.0
95.0	726.0
208.0	1385.0
0.0	0.0
31.0	318.0
0.0	0.0
52.0	500.0
45.0	317.0
59.0	898.0
14.0	61.0
154.0	1724.0
23.0	303.0
44.0	474.0
121.0	962.0
137.0	1754.0
37.0	284.0
28.0	180.0
0.0	256.0
13.0	297.0
62.0	199.0
33.0	390.0
0.0	0.0
273.0	1428.0
255.0	348.0
88.0	829.0
2404.0	13071.0
12.0	135.0
8.0	74.0
0.0	0.0
30.0	221.0
344.0	391.0
12.0	245.0
45.0	701.0
120.0	203.0
3.0	318.0
22.0	443.0
54.0	394.0
233.0	1252.0
95.0	767.0
98.0	564.0
44.0	396.0
3.0	78.0
214.0	2050.0
705.0	2908.0
4.0	225.0
225.0	611.0
65.0	282.0
0.0	18.0
74.0	394.0
28.0	234.0
393.0	1597.0
406.0	2815.0
120.0	459.0
63.0	866.0
19.0	265.0
452.0	2361.0
29.0	83.0
51.0	199.0
1476.0	7788.0
38.0	254.0
6.0	101.0
0.0	0.0
54.0	252.0
36.0	150.0
22.0	716.0
283.0	4537.0
0.0	0.0
53.0	500.0
19.0	646.0
0.0	60.0
139.0	639.0
54.0	426.0
42.0	1729.0
0.0	27.0
969.0	2045.0
94.0	815.0
0.0	0.0
0.0	29.0
41.0	414.0
74.0	751.0
76.0	781.0
15.0	15.0
205.0	1020.0
6.0	508.0
1579.0	9697.0
110.0	361.0
55.0	179.0
93.0	220.0
15.0	452.0
223.0	2796.0
137.0	957.0
10.0	153.0
229.0	388.0
204.0	565.0
0.0	16.0
42.0	348.0
1840.0	21600.0
332.0	1342.0
273.0	400.0
101.0	441.0
7.0	204.0
0.0	19.0
386.0	1606.0
51.0	487.0
37.0	498.0
137.0	186.0
15.0	176.0
26.0	225.0
418.0	590.0
93.0	157.0
0.0	67.0
506.0	6411.0
11.0	382.0
51.0	54.0
16.0	592.0
98.0	280.0
0.0	49.0
5.0	47.0
194.0	985.0
172.0	484.0
0.0	28.0
141.0	4046.0
128.0	769.0
14.0	374.0
21.0	260.0
16.0	16.0
28.0	309.0
1.0	262.0
53.0	893.0
16.0	76.0
38.0	315.0
79.0	115.0
27.0	421.0
291.0	1539.0
131.0	813.0
59.0	253.0
310.0	711.0
87.0	1247.0
0.0	330.0
22.0	332.0
0.0	18.0
0.0	479.0
79.0	266.0
50.0	1493.0
201.0	450.0
43.0	889.0
9.0	15.0
554.0	901.0
19.0	332.0
10.0	303.0
789.0	1863.0
70.0	328.0
0.0	129.0
41.0	3706.0
100.0	357.0
49.0	327.0
80.0	748.0
83.0	485.0
107.0	285.0
220.0	1241.0
107.0	267.0
152.0	296.0
192.0	846.0
178.0	722.0
0.0	0.0
61.0	509.0
1.0	121.0
3.0	419.0
162.0	1567.0
111.0	398.0
57.0	298.0
0.0	84.0
37.0	84.0
75.0	189.0
0.0	0.0
7.0	35.0
32.0	1295.0
16.0	119.0
28.0	216.0
185.0	746.0
31.0	233.0
151.0	1029.0
170.0	1209.0
7.0	479.0
26.0	36.0
722.0	4875.0
3.0	113.0
325.0	905.0
68.0	482.0
232.0	1403.0
27.0	98.0
23.0	164.0
1268.0	10415.0
1.0	274.0
1115.0	4640.0
67.0	265.0
0.0	0.0
16.0	1003.0
11.0	1401.0
81.0	1350.0
174.0	810.0
9.0	225.0
205.0	3135.0
33.0	680.0
110.0	568.0
19.0	576.0
265.0	1544.0
59.0	969.0
4.0	53.0
94.0	673.0
45.0	90.0
55.0	157.0
39.0	237.0
30.0	172.0
13.0	219.0
67.0	359.0
48.0	498.0
180.0	833.0
906.0	2626.0
0.0	48.0
57.0	270.0
52.0	202.0
74.0	709.0
79.0	392.0
225.0	1896.0
17.0	17.0
39.0	335.0
0.0	22.0
313.0	1051.0
5.0	126.0
39.0	240.0
1319.0	6500.0
20.0	226.0
442.0	6250.0
142.0	1482.0
220.0	1131.0
14.0	148.0
138.0	1422.0
67.0	358.0
72.0	138.0
37.0	212.0
279.0	915.0
135.0	627.0
3.0	209.0
0.0	59.0
0.0	0.0
218.0	1143.0
274.0	2980.0
152.0	431.0
60.0	78.0
438.0	570.0
7.0	359.0
7.0	49.0
0.0	0.0
612.0	3064.0
1160.0	1505.0
382.0	1738.0
29.0	600.0
41.0	155.0
0.0	0.0
278.0	1452.0
36.0	174.0
52.0	711.0
0.0	201.0
153.0	509.0
0.0	19.0
1130.0	8838.0
28.0	833.0
4.0	190.0
4.0	258.0
15.0	171.0
101.0	356.0
29.0	67.0
32.0	315.0
117.0	1029.0
197.0	1291.0
44.0	352.0
0.0	0.0
19.0	177.0
48.0	298.0
3.0	190.0
62.0	71.0
31.0	955.0
1078.0	4734.0
146.0	890.0
300.0	1839.0
65.0	736.0
188.0	1580.0
27.0	172.0
2.0	105.0
41.0	230.0
193.0	569.0
10.0	479.0
32.0	42.0
584.0	5554.0
389.0	1908.0
1427.0	3841.0
38.0	600.0
111.0	1034.0
9.0	56.0
226.0	2290.0
11.0	1556.0
14.0	336.0
19.0	278.0
192.0	1016.0
0.0	1493.0
35.0	286.0
4.0	189.0
0.0	332.0
722.0	4517.0
17.0	165.0
3.0	73.0
19.0	34.0
69.0	515.0
16.0	212.0
82.0	700.0
9.0	227.0
72.0	849.0
102.0	247.0
6.0	116.0
0.0	0.0
3.0	187.0
47.0	67.0
298.0	4319.0
5.0	320.0
0.0	114.0
10.0	62.0
230.0	1120.0
74.0	565.0
310.0	948.0
493.0	4881.0
37.0	182.0
0.0	91.0
0.0	0.0
147.0	472.0
20.0	352.0
242.0	1048.0
32.0	42.0
15.0	153.0
0.0	38.0
21.0	39.0
13.0	247.0
59.0	429.0
0.0	0.0
42.0	86.0
375.0	496.0
0.0	97.0
405.0	5724.0
42.0	259.0
140.0	237.0
53.0	176.0
39.0	414.0
16.0	155.0
160.0	1566.0
504.0	5247.0
47.0	47.0
14.0	77.0
0.0	252.0
26.0	114.0
1199.0	5908.0
115.0	588.0
171.0	960.0
0.0	20.0
256.0	1068.0
54.0	56.0
8.0	202.0
0.0	137.0
170.0	264.0
173.0	729.0
0.0	171.0
129.0	401.0
30.0	402.0
0.0	184.0
52.0	311.0
0.0	32.0
7.0	37.0
15.0	251.0
175.0	615.0
1463.0	8971.0
38.0	197.0
277.0	1313.0
72.0	942.0
0.0	0.0
294.0	1048.0
8.0	97.0
2575.0	27380.0
0.0	17.0
39.0	283.0
40.0	96.0
291.0	1872.0
66.0	167.0
3.0	292.0
42.0	171.0
104.0	806.0
148.0	205.0
0.0	113.0
25.0	213.0
816.0	3178.0
108.0	402.0
113.0	1854.0
179.0	2732.0
0.0	88.0
183.0	940.0
165.0	1947.0
180.0	619.0
42.0	42.0
190.0	514.0
22.0	22.0
19.0	429.0
0.0	23.0
115.0	427.0
15.0	65.0
2356.0	8339.0
20.0	35.0
233.0	1863.0
49.0	401.0
336.0	3153.0
5.0	36.0
0.0	68.0
37.0	602.0
0.0	43.0
775.0	6093.0
108.0	471.0
52.0	155.0
65.0	482.0
0.0	0.0
23.0	35.0
999.0	2887.0
47.0	106.0
44.0	586.0
53.0	437.0
56.0	438.0
26.0	441.0
158.0	1244.0
55.0	142.0
24.0	219.0
0.0	48.0
21.0	205.0
0.0	131.0
75.0	284.0
80.0	384.0
0.0	0.0
0.0	27.0
238.0	1022.0
213.0	4776.0
295.0	1729.0
4.0	168.0
1672.0	13649.0
40.0	52.0
46.0	132.0
63.0	744.0
0.0	62.0
222.0	4569.0
0.0	79.0
0.0	0.0
155.0	842.0
0.0	231.0
99.0	574.0
286.0	4849.0
0.0	95.0
37.0	58.0
17.0	157.0
40.0	544.0
10.0	286.0
57.0	853.0
53.0	432.0
25.0	267.0
84.0	139.0
21.0	445.0
41.0	58.0
3.0	91.0
0.0	0.0
0.0	0.0
1425.0	4827.0
0.0	0.0
25.0	87.0
0.0	0.0
139.0	839.0
10.0	99.0
1689.0	8851.0
37.0	340.0
0.0	248.0
0.0	414.0
18.0	330.0
81.0	536.0
107.0	723.0
248.0	835.0
81.0	200.0
139.0	217.0
19.0	207.0
21.0	39.0
94.0	539.0
59.0	707.0
74.0	74.0
75.0	150.0
100.0	750.0
4.0	288.0
39.0	400.0
0.0	61.0
74.0	524.0
4.0	18.0
4.0	225.0
19.0	280.0
2133.0	15716.0
0.0	123.0
87.0	547.0
20.0	145.0
424.0	1680.0
246.0	1455.0
169.0	1824.0
12.0	119.0
448.0	1150.0
6.0	118.0
26.0	172.0
36.0	108.0
38.0	108.0
0.0	111.0
21.0	253.0
0.0	67.0
234.0	874.0
85.0	510.0
205.0	463.0
73.0	1146.0
31.0	512.0
3.0	46.0
5.0	248.0
170.0	879.0
37.0	230.0
9.0	355.0
0.0	0.0
26.0	118.0
137.0	426.0
247.0	4447.0
109.0	607.0
3.0	16.0
0.0	183.0
0.0	0.0
0.0	16.0
0.0	19.0
85.0	232.0
0.0	0.0
193.0	457.0
1.0	50.0
181.0	1602.0
17.0	396.0
327.0	3604.0
77.0	117.0
0.0	0.0
357.0	2641.0
158.0	997.0
6.0	120.0
144.0	1733.0
16.0	242.0
25.0	284.0
74.0	441.0
107.0	1131.0
2.0	22.0
51.0	217.0
0.0	240.0
148.0	488.0
20.0	185.0
26.0	288.0
53.0	482.0
717.0	1701.0
203.0	680.0
136.0	1303.0
15.0	418.0
71.0	692.0
198.0	255.0
48.0	191.0
192.0	553.0
8.0	607.0
366.0	934.0
5.0	694.0
25.0	25.0
359.0	3013.0
0.0	0.0
584.0	1591.0
373.0	630.0
25.0	250.0
521.0	2995.0
728.0	2410.0
26.0	47.0
87.0	319.0
0.0	35.0
84.0	806.0
70.0	405.0
6.0	81.0
0.0	54.0
10.0	95.0
90.0	290.0
804.0	1222.0
23.0	353.0
127.0	250.0
9.0	143.0
1.0	18.0
364.0	763.0
136.0	281.0
12.0	452.0
26.0	26.0
52.0	148.0
0.0	62.0
26.0	234.0
11.0	157.0
30.0	432.0
119.0	595.0
0.0	75.0
0.0	0.0
115.0	517.0
94.0	315.0
0.0	0.0
36.0	205.0
39.0	117.0
171.0	988.0
25.0	44.0
2517.0	16180.0
125.0	324.0
130.0	659.0
1477.0	4764.0
58.0	158.0
0.0	154.0
14.0	54.0
67.0	306.0
416.0	1822.0
450.0	1734.0
176.0	1164.0
15.0	94.0
57.0	325.0
21.0	294.0
30.0	45.0
0.0	399.0
83.0	469.0
48.0	66.0
15.0	19.0
72.0	216.0
0.0	72.0
145.0	1001.0
60.0	1069.0
244.0	484.0
17.0	425.0
418.0	2389.0
0.0	364.0
103.0	285.0
45.0	451.0
27.0	132.0
274.0	701.0
36.0	144.0
108.0	981.0
36.0	77.0
5.0	249.0
24.0	69.0
602.0	4242.0
0.0	0.0
42.0	334.0
67.0	212.0
1665.0	7773.0
5.0	230.0
8.0	24.0
2028.0	25647.0
105.0	3511.0
0.0	0.0
1.0	21.0
57.0	442.0
222.0	1641.0
0.0	0.0
63.0	277.0
122.0	446.0
0.0	0.0
0.0	0.0
57.0	678.0
628.0	1640.0
0.0	0.0
600.0	3703.0
0.0	0.0
110.0	505.0
348.0	555.0
151.0	367.0
0.0	45.0
10547.0	20241.0
1347.0	5719.0
34.0	367.0
16.0	16.0
198.0	1675.0
66.0	246.0
18.0	59.0
243.0	813.0
429.0	9561.0
0.0	24.0
0.0	0.0
8.0	542.0
637.0	3483.0
112.0	700.0
15.0	140.0
109.0	3632.0
4.0	323.0
1.0	215.0
6.0	90.0
0.0	29.0
782.0	2645.0
56.0	208.0
15.0	15.0
57.0	687.0
67.0	851.0
1005.0	12624.0
273.0	795.0
563.0	4892.0
62.0	467.0
299.0	3332.0
21.0	58.0
0.0	0.0
0.0	55.0
51.0	356.0
0.0	343.0
0.0	92.0
447.0	7148.0
0.0	0.0
27.0	39.0
505.0	953.0
100.0	147.0
573.0	2077.0
0.0	92.0
16.0	326.0
52.0	146.0
117.0	301.0
773.0	945.0
63.0	336.0
221.0	221.0
134.0	196.0
115.0	312.0
12.0	53.0
28.0	167.0
151.0	1653.0
91.0	193.0
258.0	962.0
182.0	3103.0
102.0	351.0
1399.0	18313.0
114.0	166.0
200.0	357.0
396.0	844.0
218.0	1624.0
190.0	999.0
0.0	35.0
19.0	49.0
31.0	178.0
32.0	268.0
6.0	293.0
44.0	155.0
0.0	0.0
48.0	285.0
219.0	2161.0
399.0	4523.0
11.0	155.0
128.0	769.0
0.0	0.0
12.0	508.0
16.0	174.0
1204.0	6420.0
570.0	1356.0
8.0	424.0
596.0	4316.0
34.0	81.0
38.0	105.0
0.0	211.0
61.0	163.0
186.0	1563.0
97.0	191.0
2.0	71.0
15.0	204.0
0.0	83.0
4.0	461.0
428.0	1622.0
573.0	2722.0
15.0	149.0
33.0	55.0
7.0	369.0
37.0	64.0
0.0	40.0
5.0	196.0
268.0	625.0
551.0	2748.0
27.0	326.0
134.0	965.0
12.0	275.0
50.0	215.0
11.0	772.0
128.0	565.0
36.0	36.0
4.0	250.0
0.0	0.0
0.0	0.0
1284.0	8274.0
35.0	770.0
136.0	814.0
114.0	173.0
37.0	95.0
0.0	57.0
53.0	254.0
275.0	671.0
140.0	244.0
45.0	358.0
72.0	521.0
203.0	262.0
74.0	256.0
0.0	32.0
0.0	0.0
80.0	205.0
0.0	0.0
485.0	665.0
0.0	106.0
86.0	1487.0
72.0	607.0
20.0	274.0
3.0	238.0
2.0	117.0
0.0	51.0
173.0	992.0
5.0	302.0
28.0	28.0
39.0	1120.0
2408.0	6887.0
0.0	20.0
29.0	227.0
0.0	155.0
0.0	109.0
9.0	32.0
51.0	923.0
143.0	1135.0
1565.0	18973.0
84.0	552.0
0.0	24.0
282.0	1046.0
0.0	0.0
0.0	0.0
157.0	1593.0
29.0	299.0
30.0	133.0
64.0	593.0
165.0	971.0
61.0	313.0
116.0	1543.0
57.0	937.0
122.0	1073.0
543.0	2820.0
0.0	0.0
37.0	68.0
580.0	3978.0
0.0	0.0
54.0	888.0
151.0	1207.0
4.0	609.0
37.0	319.0
0.0	44.0
22.0	158.0
244.0	430.0
110.0	467.0
53.0	307.0
0.0	0.0
14.0	447.0
0.0	0.0
515.0	2322.0
519.0	5283.0
87.0	865.0
263.0	1640.0
1.0	371.0
64.0	355.0
609.0	2254.0
0.0	44.0
104.0	564.0
83.0	311.0
0.0	138.0
156.0	565.0
148.0	538.0
273.0	1033.0
94.0	366.0
16.0	83.0
19.0	53.0
402.0	1017.0
275.0	910.0
19.0	127.0
266.0	2263.0
17.0	2066.0
7.0	453.0
255.0	1571.0
229.0	369.0
9.0	69.0
980.0	1060.0
43.0	329.0
0.0	0.0
0.0	0.0
538.0	1152.0
0.0	209.0
53.0	143.0
50.0	878.0
0.0	40.0
0.0	0.0
9.0	93.0
0.0	23.0
68.0	1474.0
70.0	1067.0
55.0	146.0
29.0	356.0
15.0	349.0
69.0	165.0
62.0	494.0
817.0	1739.0
385.0	3390.0
60.0	647.0
0.0	243.0
15.0	73.0
3.0	24.0
35.0	227.0
21.0	63.0
173.0	936.0
446.0	3619.0
0.0	94.0
149.0	555.0
126.0	1123.0
228.0	273.0
28.0	412.0
39.0	338.0
0.0	42.0
10.0	134.0
33.0	884.0
39.0	234.0
9.0	144.0
1344.0	7806.0
0.0	0.0
288.0	2999.0
175.0	1705.0
0.0	0.0
81.0	153.0
17.0	30.0
8.0	481.0
35.0	35.0
18.0	61.0
82.0	121.0
10.0	488.0
18.0	281.0
816.0	5253.0
0.0	69.0
111.0	480.0
17.0	37.0
69.0	724.0
38.0	38.0
29.0	504.0
7.0	174.0
156.0	1355.0
845.0	10629.0
0.0	175.0
3.0	148.0
0.0	42.0
0.0	15.0
38.0	142.0
1.0	19.0
40.0	217.0
4.0	299.0
0.0	0.0
63.0	2671.0
16.0	176.0
307.0	2144.0
100.0	324.0
136.0	786.0
56.0	261.0
621.0	3486.0
338.0	725.0
9.0	31.0
57.0	899.0
0.0	0.0
2.0	24.0
9.0	568.0
28.0	316.0
30.0	150.0
4.0	846.0
710.0	4899.0
132.0	453.0
22.0	260.0
83.0	120.0
21.0	759.0
0.0	0.0
112.0	644.0
79.0	473.0
15.0	15.0
0.0	27.0
29.0	92.0
166.0	1443.0
6.0	310.0
0.0	0.0
117.0	432.0
0.0	0.0
2.0	15.0
57.0	242.0
482.0	757.0
363.0	600.0
6.0	70.0
19.0	369.0
1480.0	6621.0
2494.0	14147.0
9.0	56.0
252.0	3309.0
45.0	271.0
14.0	324.0
243.0	8210.0
0.0	0.0
153.0	1712.0
839.0	8871.0
0.0	74.0
8.0	18.0
37.0	358.0
271.0	796.0
68.0	93.0
320.0	1448.0
25.0	552.0
8.0	61.0
0.0	137.0
22.0	40.0
0.0	42.0
28.0	272.0
0.0	0.0
76.0	640.0
0.0	0.0
234.0	2185.0
0.0	0.0
205.0	562.0
0.0	0.0
0.0	0.0
8.0	352.0
26.0	261.0
3149.0	18349.0
83.0	1644.0
46.0	101.0
8.0	41.0
867.0	2258.0
31.0	224.0
92.0	234.0
0.0	0.0
251.0	1829.0
1044.0	6902.0
19.0	93.0
21.0	253.0
200.0	422.0
35.0	526.0
0.0	122.0
0.0	318.0
0.0	93.0
0.0	20.0
342.0	816.0
0.0	0.0
22.0	116.0
45.0	533.0
40.0	732.0
127.0	1721.0
25.0	168.0
108.0	142.0
1010.0	7162.0
2329.0	11447.0
4.0	121.0
0.0	217.0
212.0	979.0
18.0	127.0
43.0	345.0
108.0	445.0
40.0	1103.0
50.0	207.0
300.0	2846.0
39.0	86.0
15.0	139.0
191.0	984.0
51.0	493.0
0.0	30.0
5.0	37.0
19.0	103.0
98.0	523.0
0.0	17.0
0.0	182.0
0.0	143.0
76.0	378.0
347.0	1353.0
126.0	675.0
192.0	484.0
0.0	119.0
0.0	60.0
486.0	9963.0
443.0	7117.0
19.0	73.0
237.0	631.0
4.0	30.0
266.0	632.0
14.0	216.0
23.0	478.0
18.0	18.0
0.0	0.0
54.0	243.0
33.0	286.0
412.0	2225.0
697.0	2879.0
101.0	514.0
0.0	0.0
17.0	22.0
0.0	0.0
21.0	21.0
6.0	605.0
579.0	2588.0
206.0	981.0
550.0	1408.0
28.0	869.0
87.0	311.0
0.0	66.0
263.0	487.0
39.0	391.0
380.0	1597.0
0.0	0.0
208.0	1185.0
16.0	392.0
58.0	707.0
43.0	77.0
3.0	90.0
27.0	554.0
9.0	231.0
41.0	297.0
215.0	540.0
37.0	463.0
0.0	79.0
0.0	321.0
161.0	273.0
85.0	822.0
3.0	204.0
14.0	163.0
0.0	43.0
70.0	553.0
0.0	32.0
61.0	61.0
0.0	15.0
42.0	194.0
306.0	2753.0
15.0	331.0
208.0	415.0
22.0	113.0
970.0	12030.0
45.0	198.0
3.0	85.0
5659.0	21394.0
7.0	135.0
23.0	321.0
381.0	4263.0
873.0	6217.0
1993.0	4974.0
0.0	24.0
25.0	272.0
15.0	142.0
0.0	15.0
107.0	850.0
0.0	0.0
0.0	435.0
19.0	670.0
358.0	1701.0
102.0	328.0
1.0	47.0
82.0	719.0
122.0	2202.0
332.0	906.0
1652.0	12447.0
3725.0	16338.0
0.0	28.0
469.0	910.0
46.0	290.0
0.0	254.0
0.0	0.0
0.0	0.0
3.0	289.0
1451.0	17759.0
271.0	1811.0
1614.0	8836.0
0.0	0.0
244.0	814.0
90.0	1551.0
36.0	548.0
61.0	145.0
6.0	272.0
4.0	77.0
0.0	431.0
25.0	538.0
3662.0	24028.0
8.0	330.0
103.0	360.0
72.0	803.0
82.0	186.0
9.0	258.0
25.0	345.0
0.0	50.0
0.0	26.0
367.0	3524.0
21.0	325.0
70.0	1687.0
56.0	279.0
10.0	194.0
15.0	23.0
0.0	207.0
39.0	289.0
145.0	715.0
2.0	109.0
54.0	123.0
0.0	255.0
156.0	208.0
177.0	286.0
17.0	17.0
1.0	257.0
117.0	744.0
11.0	494.0
38.0	178.0
51.0	478.0
0.0	0.0
343.0	1425.0
316.0	1416.0
2153.0	2307.0
0.0	53.0
49.0	169.0
0.0	15.0
425.0	814.0
28.0	771.0
0.0	64.0
8.0	171.0
18.0	67.0
55.0	393.0
751.0	1055.0
0.0	0.0
7.0	322.0
3.0	17.0
0.0	0.0
68.0	201.0
7.0	228.0
0.0	0.0
6.0	250.0
1299.0	10602.0
172.0	2686.0
6.0	102.0
7.0	92.0
50.0	211.0
0.0	0.0
19.0	735.0
12.0	78.0
192.0	3818.0
83.0	563.0
27.0	121.0
216.0	2936.0
0.0	23.0
0.0	0.0
70.0	388.0
66.0	1123.0
118.0	693.0
101.0	627.0
166.0	996.0
0.0	17.0
190.0	403.0
104.0	508.0
18.0	664.0
0.0	65.0
377.0	2831.0
32.0	124.0
396.0	2722.0
17.0	82.0
4.0	18.0
31.0	340.0
27.0	168.0
15.0	15.0
41.0	90.0
14.0	659.0
2236.0	10519.0
2.0	179.0
750.0	2500.0
987.0	5821.0
76.0	342.0
606.0	2727.0
0.0	0.0
35.0	231.0
473.0	4329.0
115.0	394.0
23.0	492.0
3700.0	28064.0
10.0	72.0
15.0	15.0
14.0	377.0
3364.0	17849.0
93.0	308.0
1.0	82.0
635.0	2499.0
3.0	15.0
0.0	0.0
230.0	702.0
0.0	0.0
270.0	1046.0
32.0	92.0
27.0	55.0
0.0	0.0
0.0	0.0
263.0	908.0
96.0	501.0
4432.0	6791.0
244.0	1430.0
45.0	245.0
81.0	425.0
3486.0	12415.0
186.0	942.0
24.0	442.0
128.0	1774.0
8.0	148.0
58.0	64.0
19.0	158.0
29.0	181.0
84.0	131.0
86.0	196.0
577.0	2870.0
32.0	53.0
32.0	457.0
170.0	1648.0
0.0	1127.0
370.0	1420.0
42.0	170.0
30.0	357.0
33.0	187.0
0.0	0.0
36.0	419.0
635.0	8555.0
75.0	75.0
1370.0	7199.0
248.0	2571.0
608.0	6700.0
168.0	462.0
0.0	289.0
26.0	26.0
6.0	71.0
195.0	775.0
24.0	248.0
144.0	667.0
234.0	995.0
0.0	29.0
16.0	171.0
0.0	183.0
572.0	999.0
9.0	473.0
4.0	313.0
32.0	107.0
55.0	190.0
7.0	55.0
0.0	0.0
122.0	310.0
90.0	520.0
0.0	0.0
3.0	144.0
384.0	4772.0
107.0	839.0
7.0	92.0
22.0	125.0
506.0	2639.0
0.0	0.0
32.0	352.0
33.0	109.0
113.0	2351.0
179.0	766.0
18.0	811.0
43.0	562.0
228.0	1775.0
87.0	351.0
43.0	392.0
1236.0	8883.0
38.0	417.0
88.0	1656.0
0.0	636.0
4.0	209.0
14.0	848.0
9.0	468.0
168.0	1334.0
4.0	313.0
20.0	525.0
24.0	24.0
0.0	133.0
624.0	5362.0
0.0	0.0
414.0	5153.0
43.0	1106.0
106.0	239.0
19.0	109.0
19.0	37.0
1201.0	2358.0
389.0	415.0
12.0	199.0
59.0	299.0
116.0	2836.0
284.0	2262.0
271.0	581.0
66.0	578.0
34.0	1723.0
47.0	282.0
6.0	311.0
68.0	207.0
638.0	3881.0
3.0	59.0
87.0	326.0
70.0	368.0
0.0	0.0
17.0	491.0
210.0	736.0
4286.0	32697.0
155.0	620.0
12.0	177.0
193.0	1533.0
1065.0	11602.0
0.0	0.0
0.0	0.0
36.0	869.0
17.0	196.0
68.0	282.0
35.0	133.0
67.0	839.0
0.0	432.0
59.0	168.0
0.0	201.0
77.0	493.0
55.0	487.0
77.0	195.0
41.0	558.0
199.0	574.0
9.0	1437.0
430.0	835.0
1220.0	3819.0
0.0	0.0
100.0	492.0
0.0	132.0
156.0	1743.0
159.0	649.0
0.0	90.0
77.0	313.0
121.0	297.0
46.0	514.0
17.0	495.0
16.0	512.0
189.0	1185.0
20.0	71.0
201.0	501.0
19.0	132.0
64.0	238.0
0.0	0.0
92.0	297.0
277.0	1548.0
0.0	0.0
79.0	879.0
2.0	67.0
128.0	212.0
29.0	111.0
0.0	0.0
18.0	33.0
28.0	517.0
387.0	1945.0
9.0	21.0
82.0	260.0
83.0	344.0
157.0	1114.0
518.0	2148.0
21.0	218.0
1165.0	8065.0
248.0	680.0
46.0	303.0
10.0	297.0
8.0	33.0
0.0	43.0
125.0	748.0
59.0	176.0
61.0	642.0
0.0	36.0
1688.0	7367.0
451.0	4838.0
11.0	155.0
1020.0	4903.0
86.0	1702.0
53.0	128.0
27.0	171.0
10.0	258.0
0.0	211.0
0.0	0.0
356.0	1928.0
32.0	309.0
54.0	787.0
180.0	366.0
7.0	40.0
346.0	1805.0
0.0	138.0
1587.0	5264.0
85.0	175.0
167.0	351.0
0.0	16.0
1310.0	1986.0
45.0	60.0
87.0	462.0
0.0	41.0
51.0	103.0
79.0	854.0
0.0	0.0
63.0	208.0
20.0	147.0
70.0	380.0
80.0	1485.0
96.0	725.0
3.0	71.0
42.0	649.0
40.0	56.0
27.0	366.0
979.0	4332.0
52.0	913.0
461.0	2317.0
9.0	774.0
0.0	275.0
11.0	19.0
30.0	167.0
45.0	329.0
6.0	72.0
7.0	21.0
3.0	129.0
165.0	544.0
64.0	369.0
0.0	36.0
0.0	0.0
0.0	272.0
55.0	542.0
65.0	109.0
17.0	137.0
1709.0	13963.0
110.0	468.0
35.0	298.0
20.0	198.0
0.0	32.0
52.0	1057.0
18.0	257.0
0.0	202.0
102.0	390.0
0.0	0.0
2335.0	11073.0
0.0	0.0
68.0	145.0
2.0	224.0
4170.0	16631.0
27.0	215.0
281.0	281.0
740.0	6578.0
24.0	347.0
12.0	258.0
0.0	0.0
0.0	0.0
16.0	288.0
14.0	154.0
70.0	632.0
0.0	0.0
12.0	72.0
152.0	908.0
327.0	1883.0
0.0	302.0
14.0	387.0
23.0	325.0
129.0	389.0
0.0	114.0
509.0	4083.0
176.0	1364.0
98.0	536.0
185.0	951.0
0.0	0.0
78.0	452.0
58.0	181.0
13.0	75.0
0.0	0.0
0.0	0.0
13.0	1447.0
19.0	563.0
0.0	627.0
1334.0	2882.0
157.0	558.0
48.0	390.0
21.0	251.0
101.0	1065.0
128.0	514.0
53.0	842.0
7.0	117.0
28.0	433.0
262.0	1405.0
120.0	435.0
312.0	2992.0
271.0	1089.0
43.0	210.0
0.0	0.0
47.0	174.0
1262.0	8686.0
68.0	1313.0
24.0	317.0
54.0	233.0
0.0	0.0
6.0	175.0
1047.0	6512.0
0.0	40.0
0.0	80.0
73.0	1137.0
0.0	334.0
21.0	132.0
1221.0	13253.0
321.0	1818.0
0.0	0.0
0.0	0.0
0.0	0.0
257.0	1270.0
618.0	1534.0
0.0	0.0
137.0	295.0
172.0	984.0
0.0	0.0
0.0	0.0
9.0	20.0
35.0	197.0
0.0	40.0
69.0	151.0
35.0	282.0
61.0	221.0
22.0	352.0
32.0	353.0
88.0	628.0
0.0	0.0
21.0	137.0
59.0	667.0
120.0	1081.0
22.0	180.0
27.0	299.0
76.0	799.0
129.0	518.0
107.0	488.0
6.0	75.0
10.0	110.0
28.0	459.0
29.0	278.0
88.0	524.0
0.0	0.0
260.0	1270.0
317.0	1618.0
2280.0	14088.0
225.0	315.0
14.0	59.0
0.0	58.0
532.0	1872.0
0.0	29.0
700.0	1654.0
15.0	429.0
109.0	605.0
28.0	95.0
90.0	589.0
1082.0	7411.0
154.0	940.0
0.0	0.0
247.0	415.0
118.0	832.0
42.0	136.0
0.0	0.0
114.0	483.0
124.0	1105.0
147.0	1032.0
0.0	285.0
0.0	0.0
97.0	883.0
88.0	245.0
193.0	1721.0
79.0	1156.0
257.0	2313.0
0.0	0.0
146.0	362.0
4.0	198.0
0.0	54.0
185.0	2627.0
9.0	195.0
461.0	7398.0
148.0	425.0
4434.0	21023.0
0.0	0.0
545.0	1331.0
75.0	599.0
1198.0	8013.0
54.0	132.0
142.0	1006.0
114.0	2997.0
0.0	31.0
19.0	232.0
338.0	412.0
0.0	245.0
0.0	0.0
187.0	1686.0
126.0	1245.0
54.0	60.0
33.0	415.0
30.0	987.0
46.0	350.0
83.0	723.0
206.0	1957.0
29.0	894.0
407.0	7537.0
0.0	0.0
254.0	458.0
17.0	93.0
8.0	97.0
16.0	249.0
0.0	0.0
327.0	1186.0
0.0	18.0
2.0	303.0
96.0	588.0
2.0	40.0
340.0	1094.0
389.0	3133.0
48.0	1010.0
229.0	1248.0
144.0	2413.0
1435.0	8545.0
0.0	0.0
41.0	269.0
80.0	426.0
96.0	839.0
95.0	537.0
2.0	33.0
1.0	94.0
170.0	1725.0
66.0	82.0
117.0	215.0
108.0	1706.0
410.0	1863.0
0.0	0.0
516.0	1402.0
17.0	96.0
119.0	460.0
7.0	353.0
30.0	218.0
112.0	227.0
96.0	262.0
241.0	2572.0
21.0	22.0
489.0	1801.0
287.0	3222.0
0.0	123.0
135.0	820.0
121.0	606.0
125.0	404.0
41.0	55.0
5.0	66.0
0.0	0.0
0.0	110.0
18.0	127.0
0.0	0.0
195.0	2322.0
13.0	187.0
3.0	16.0
32.0	635.0
630.0	1732.0
0.0	49.0
15.0	15.0
47.0	105.0
17.0	17.0
483.0	3235.0
18.0	270.0
0.0	212.0
131.0	985.0
387.0	1973.0
2.0	85.0
0.0	158.0
0.0	55.0
0.0	406.0
56.0	320.0
8.0	239.0
15.0	15.0
23.0	171.0
31.0	376.0
1248.0	4439.0
1821.0	10414.0
29.0	602.0
128.0	381.0
220.0	345.0
2.0	297.0
28.0	787.0
226.0	1633.0
113.0	556.0
1185.0	9504.0
0.0	224.0
0.0	0.0
4918.0	19251.0
33.0	309.0
5.0	462.0
86.0	523.0
0.0	16.0
299.0	1262.0
110.0	651.0
195.0	305.0
0.0	79.0
17.0	367.0
22.0	283.0
73.0	259.0
102.0	1644.0
0.0	92.0
6.0	60.0
22.0	317.0
125.0	872.0
25.0	114.0
45.0	475.0
1166.0	4382.0
16.0	39.0
0.0	123.0
60.0	608.0
57.0	664.0
50.0	169.0
0.0	0.0
29.0	241.0
79.0	467.0
0.0	51.0
15.0	79.0
50.0	459.0
54.0	191.0
3.0	76.0
0.0	19.0
68.0	666.0
49.0	160.0
114.0	666.0
284.0	342.0
1.0	56.0
115.0	1267.0
0.0	0.0
0.0	0.0
31.0	161.0
0.0	0.0
0.0	37.0
0.0	0.0
0.0	36.0
555.0	1783.0
48.0	73.0
106.0	355.0
17.0	208.0
0.0	0.0
1012.0	2290.0
73.0	840.0
112.0	439.0
314.0	1095.0
28.0	465.0
1178.0	14015.0
124.0	859.0
143.0	1072.0
0.0	0.0
0.0	0.0
0.0	82.0
36.0	465.0
74.0	341.0
73.0	104.0
11.0	129.0
129.0	1369.0
13.0	95.0
119.0	1016.0
0.0	0.0
91.0	287.0
127.0	1301.0
2798.0	9135.0
0.0	0.0
1021.0	8880.0
0.0	155.0
198.0	853.0
87.0	1810.0
6.0	26.0
17.0	97.0
90.0	2379.0
47.0	194.0
101.0	719.0
52.0	111.0
26.0	69.0
59.0	639.0
428.0	1549.0
0.0	0.0
9.0	1013.0
20.0	186.0
278.0	2407.0
22.0	75.0
31.0	99.0
14.0	45.0
50.0	208.0
68.0	691.0
316.0	607.0
92.0	471.0
1.0	200.0
62.0	249.0
74.0	212.0
10.0	143.0
0.0	243.0
17.0	70.0
129.0	848.0
29.0	158.0
0.0	292.0
49.0	160.0
11.0	336.0
120.0	231.0
144.0	315.0
87.0	87.0
141.0	1131.0
0.0	95.0
0.0	0.0
238.0	2803.0
246.0	722.0
46.0	58.0
18.0	427.0
26.0	356.0
61.0	516.0
60.0	364.0
52.0	553.0
19.0	36.0
5.0	68.0
43.0	541.0
97.0	194.0
85.0	834.0
86.0	222.0
32.0	128.0
17.0	154.0
32.0	236.0
22.0	537.0
89.0	286.0
0.0	15.0
6.0	92.0
0.0	0.0
12.0	811.0
93.0	954.0
48.0	153.0
133.0	898.0
1495.0	13189.0
7.0	42.0
8.0	881.0
71.0	445.0
366.0	1983.0
171.0	405.0
134.0	2340.0
298.0	589.0
137.0	992.0
298.0	994.0
42.0	293.0
142.0	1008.0
12.0	146.0
0.0	98.0
1030.0	5690.0
0.0	16.0
42.0	143.0
75.0	122.0
22.0	213.0
1.0	260.0
17.0	23.0
0.0	90.0
45.0	1051.0
82.0	1146.0
24.0	290.0
9.0	69.0
50.0	75.0
780.0	6404.0
56.0	202.0
44.0	176.0
73.0	463.0
33.0	176.0
21.0	21.0
51.0	347.0
116.0	1140.0
176.0	1670.0
0.0	19.0
5.0	102.0
69.0	512.0
8.0	444.0
56.0	81.0
101.0	600.0
0.0	233.0
207.0	3797.0
54.0	375.0
154.0	977.0
225.0	683.0
48.0	265.0
139.0	736.0
59.0	298.0
3.0	71.0
7.0	85.0
19.0	215.0
12.0	229.0
0.0	54.0
12.0	362.0
0.0	203.0
0.0	77.0
146.0	729.0
0.0	446.0
17.0	487.0
26.0	169.0
0.0	96.0
1.0	17.0
128.0	553.0
16.0	47.0
177.0	265.0
425.0	2308.0
84.0	2349.0
3.0	93.0
100.0	1071.0
332.0	1185.0
24.0	242.0
18.0	259.0
107.0	695.0
1.0	214.0
8.0	290.0
16.0	318.0
29.0	1397.0
0.0	35.0
19.0	19.0
0.0	345.0
468.0	543.0
0.0	0.0
25.0	261.0
104.0	1156.0
216.0	423.0
96.0	301.0
0.0	55.0
73.0	214.0
23.0	597.0
70.0	837.0
16.0	107.0
36.0	191.0
12.0	145.0
39.0	382.0
137.0	1030.0
299.0	1523.0
71.0	271.0
0.0	0.0
507.0	4410.0
114.0	154.0
140.0	254.0
4.0	17.0
72.0	870.0
88.0	290.0
87.0	815.0
35.0	420.0
144.0	744.0
0.0	0.0
0.0	0.0
0.0	102.0
80.0	155.0
1476.0	7360.0
19.0	176.0
24.0	130.0
1197.0	7665.0
17.0	63.0
0.0	0.0
43.0	318.0
50.0	69.0
327.0	1778.0
148.0	2864.0
21.0	62.0
752.0	9536.0
70.0	445.0
48.0	616.0
1.0	100.0
746.0	7394.0
0.0	0.0
199.0	1502.0
1037.0	4584.0
34.0	434.0
239.0	1158.0
179.0	346.0
0.0	15.0
0.0	145.0
3.0	116.0
0.0	190.0
89.0	234.0
92.0	2485.0
0.0	66.0
38.0	337.0
154.0	1291.0
7.0	141.0
49.0	65.0
322.0	765.0
0.0	35.0
0.0	306.0
452.0	2199.0
173.0	1180.0
97.0	1092.0
342.0	2053.0
0.0	0.0
17.0	170.0
109.0	702.0
53.0	100.0
19.0	333.0
65.0	774.0
13.0	193.0
78.0	105.0
80.0	823.0
39.0	325.0
154.0	615.0
101.0	446.0
20.0	379.0
477.0	2196.0
0.0	77.0
32.0	601.0
0.0	236.0
613.0	3540.0
701.0	2542.0
30.0	123.0
51.0	264.0
0.0	78.0
25.0	589.0
402.0	2440.0
21.0	173.0
3.0	429.0
0.0	0.0
0.0	0.0
18.0	493.0
427.0	1444.0
0.0	0.0
20.0	193.0
23.0	345.0
2189.0	13546.0
