72	71
28	61
52	68
47	52
61	67
45	59
45	76
64	68
24	60
22	70
54	62
77	72
14	54
66	67
71	73
66	66
22	67
62	64
42	70
67	74
62	63
35	68
69	70
65	67
45	49
39	68
50	52
34	68
67	65
46	65
34	59
68	74
74	73
52	51
70	70
68	68
65	67
74	74
45	76
30	60
71	73
80	81
24	63
39	67
36	65
57	61
44	67
70	70
22	65
25	61
56	57
37	77
40	48
48	63
18	61
60	69
66	66
48	64
46	75
18	68
83	80
62	62
50	51
68	70
64	70
22	75
64	65
79	79
40	61
50	73
25	66
69	68
33	47
40	80
60	60
61	63
30	70
52	53
68	71
62	69
62	63
57	66
12	63
62	68
47	52
75	78
41	76
67	71
23	73
50	53
58	73
17	61
58	61
65	69
64	71
20	61
57	67
60	61
62	63
49	64
62	64
73	74
68	82
30	72
30	65
50	62
65	70
75	73
28	70
48	59
58	80
23	48
56	59
68	67
27	73
33	77
53	63
70	71
55	51
58	62
60	62
27	70
71	73
71	75
61	65
63	75
28	64
67	71
50	59
51	58
75	75
49	83
66	67
72	78
50	54
61	68
47	63
75	71
34	66
66	71
18	52
69	70
34	79
64	71
29	57
35	69
58	63
72	68
78	78
63	62
43	53
67	67
55	53
60	64
29	51
25	61
62	70
74	75
67	68
70	72
43	56
62	66
54	59
20	65
17	69
38	64
20	72
45	74
53	74
62	61
57	59
26	62
38	52
56	58
61	70
48	53
41	62
66	72
68	70
66	69
48	70
66	68
56	63
48	62
47	75
74	81
61	61
54	62
20	61
72	71
17	61
61	64
63	64
71	67
30	65
50	55
31	61
32	67
60	65
71	73
48	67
78	76
48	56
58	65
65	66
62	63
40	57
78	77
25	67
69	73
18	57
57	64
62	60
61	67
70	72
68	71
24	67
27	73
60	62
72	72
65	70
69	70
54	58
58	62
57	62
23	62
75	75
64	66
65	68
30	68
22	72
30	58
22	57
30	68
68	70
65	66
11	57
62	67
38	70
68	74
26	63
54	60
63	69
72	76
21	61
62	65
64	65
65	68
45	59
48	66
20	55
16	70
40	62
68	68
29	63
72	73
65	65
60	73
70	71
64	67
21	63
21	63
48	59
64	63
44	69
42	64
65	66
53	61
19	73
19	63
47	69
63	70
43	56
57	62
44	59
21	62
56	61
44	67
25	60
16	62
67	67
67	70
54	65
77	73
33	60
60	61
74	72
29	59
56	70
20	58
56	70
21	73
56	58
58	66
25	61
18	59
61	74
67	73
44	63
71	70
21	56
28	58
58	65
63	64
59	62
50	61
67	69
50	49
54	61
33	65
64	66
60	61
24	71
72	73
56	62
63	64
72	73
84	84
60	65
75	75
22	55
57	65
60	69
45	82
40	63
64	65
31	47
32	74
52	62
57	57
66	68
59	59
59	58
35	47
56	70
60	66
39	62
39	80
82	82
68	74
16	70
23	60
42	65
49	62
22	61
65	65
68	67
73	75
37	73
36	82
23	65
56	61
60	65
57	60
45	79
26	65
36	64
16	63
66	68
61	68
73	73
67	68
83	81
46	57
68	64
70	74
56	60
68	69
15	52
87	83
61	65
68	70
52	58
34	64
26	62
50	58
41	82
47	63
23	76
61	68
72	71
38	71
10	64
63	64
23	61
34	66
71	70
54	66
65	66
23	47
63	65
56	66
48	56
49	66
84	82
70	69
56	67
66	69
63	59
65	66
44	54
34	63
43	63
71	71
80	78
68	68
36	73
21	63
16	61
68	75
33	70
75	74
62	67
59	64
16	61
56	62
51	62
70	66
43	79
19	64
64	68
39	69
51	66
12	61
66	68
32	65
58	61
56	65
61	62
28	77
55	74
31	55
30	58
59	72
15	61
15	57
48	63
30	64
40	65
69	69
49	62
73	73
41	63
17	63
62	61
74	74
41	52
57	58
57	62
65	67
55	70
34	66
19	64
69	78
39	76
24	57
49	77
49	57
50	56
51	57
51	74
46	58
28	57
43	63
59	65
73	72
65	68
67	69
65	67
58	59
64	62
17	65
65	67
65	67
57	63
68	70
69	68
76	74
59	59
58	64
21	61
61	68
17	71
56	68
49	58
59	66
12	51
74	72
54	55
50	66
61	62
66	70
67	75
64	64
58	65
44	62
76	77
70	68
88	86
75	75
67	70
61	64
53	61
55	69
44	55
66	69
16	73
51	60
63	68
29	64
23	65
29	78
30	61
26	72
59	67
59	63
78	77
64	67
52	75
59	67
66	72
32	76
44	72
47	62
61	62
22	59
63	69
72	78
23	61
53	60
70	72
44	78
62	67
42	75
38	68
68	71
68	69
76	78
57	72
65	69
39	73
53	58
61	65
62	64
30	61
49	58
68	73
32	70
66	70
60	66
32	66
26	69
65	69
69	79
57	62
55	64
21	58
44	51
50	51
76	78
69	70
67	68
59	68
57	64
46	65
36	75
53	59
21	62
50	54
69	68
55	56
19	62
53	65
72	70
60	63
25	68
58	59
34	60
60	59
38	69
87	82
26	66
14	70
56	61
66	65
52	57
59	64
28	53
40	69
27	72
25	64
38	75
62	66
33	73
23	54
25	65
28	61
54	59
62	66
28	60
22	67
43	74
38	47
53	57
54	76
60	60
67	75
40	61
60	65
62	65
40	82
72	75
73	74
71	74
36	60
57	60
70	77
22	71
42	68
62	62
56	64
25	47
18	65
34	64
67	75
44	78
58	59
15	62
40	61
64	65
19	59
53	62
36	70
35	64
72	75
64	68
49	89
64	69
60	62
62	62
66	70
28	78
34	65
20	53
33	58
19	66
62	64
65	62
54	60
23	63
56	68
30	61
73	70
52	58
64	67
14	51
39	74
26	75
27	69
47	72
72	69
37	67
70	74
51	56
58	67
47	62
12	62
69	70
79	79
43	59
18	58
15	52
53	64
60	68
58	57
12	58
58	65
57	66
68	70
76	77
11	59
64	69
57	59
63	69
60	64
38	64
76	81
61	71
62	65
62	65
59	66
44	58
64	69
58	73
37	55
55	73
30	67
65	72
64	70
68	71
23	62
56	63
71	70
65	68
33	68
35	63
38	64
48	59
60	66
66	67
45	78
52	56
60	67
62	59
59	68
65	69
75	75
59	64
74	89
59	68
58	59
50	75
43	69
71	65
17	65
67	71
67	68
59	63
30	74
30	73
33	64
75	75
19	66
44	54
52	54
18	67
26	70
39	69
61	70
72	73
58	70
31	73
70	71
29	60
51	62
60	64
58	60
64	65
58	64
40	71
58	60
21	58
20	55
35	60
60	67
59	63
69	68
54	52
60	62
48	71
68	68
67	72
42	64
45	54
48	55
44	74
68	69
25	68
58	68
53	61
53	65
44	69
60	61
25	65
36	59
75	79
29	57
33	76
59	66
57	62
50	54
59	68
36	87
65	73
63	66
40	63
59	66
21	57
75	74
28	73
70	68
39	66
33	66
68	72
77	77
74	73
51	57
70	74
17	69
30	63
55	62
60	58
68	68
76	76
40	60
73	74
31	47
20	67
62	66
41	58
27	64
69	69
41	69
63	69
21	71
71	69
24	69
18	67
67	69
22	70
64	62
60	57
55	76
35	75
57	61
32	64
31	73
63	68
69	66
37	58
67	67
71	71
36	73
68	68
64	67
67	80
24	61
36	69
65	71
73	71
45	68
63	69
22	67
15	52
70	74
35	67
34	68
40	53
40	60
44	57
66	66
45	64
47	58
43	59
64	66
50	51
63	67
61	64
39	70
62	63
52	67
61	69
59	62
62	65
52	58
22	66
39	55
66	77
53	60
63	60
71	71
65	70
59	65
46	52
52	54
19	73
43	56
28	61
16	59
58	61
59	69
76	75
58	59
48	77
60	63
55	67
28	69
59	64
65	71
55	58
59	66
50	54
64	70
61	63
54	58
10	54
59	57
79	78
59	69
58	57
69	65
58	68
48	60
62	67
75	76
62	66
31	63
75	70
70	69
32	74
50	49
29	82
61	60
68	68
56	60
16	61
44	55
70	71
28	75
59	69
63	66
59	65
69	73
16	72
44	66
58	60
54	81
68	67
64	65
65	66
65	70
45	60
34	70
54	66
62	65
56	74
64	62
63	62
62	66
76	78
61	66
53	58
53	54
57	67
65	70
32	64
23	72
16	63
28	69
27	60
63	69
37	69
36	73
60	63
67	84
70	73
81	82
63	63
74	77
39	64
72	71
50	51
64	65
68	70
62	63
47	63
37	58
65	65
75	73
62	63
53	67
22	72
22	77
55	72
61	75
64	67
75	72
78	86
54	60
50	87
72	75
23	67
60	67
64	69
29	64
48	53
62	63
20	68
24	59
72	79
25	59
51	62
59	64
74	76
63	65
58	68
44	72
44	61
80	80
75	78
59	60
76	78
61	64
21	56
51	56
65	69
73	73
59	66
15	53
31	65
55	62
53	58
51	58
64	73
13	69
30	62
39	70
68	72
25	67
60	65
64	67
32	61
52	58
80	80
30	75
68	75
69	71
64	66
31	65
36	56
22	49
21	75
45	56
22	56
68	70
30	65
22	67
64	67
63	67
51	59
60	60
46	54
31	72
66	67
68	67
57	63
49	53
62	64
53	50
52	58
49	64
62	64
75	78
43	64
48	70
22	53
72	71
33	60
49	60
79	77
63	68
29	53
42	65
57	60
52	77
65	65
75	79
76	82
24	58
32	65
25	68
67	67
78	79
63	68
44	61
69	68
30	63
25	61
64	68
58	63
65	73
58	63
24	67
34	65
16	62
54	67
57	63
57	64
17	64
17	67
26	78
67	70
44	69
22	65
11	64
79	77
64	66
59	64
33	72
43	63
29	70
51	55
50	69
36	62
61	68
39	70
14	66
51	60
32	68
65	68
66	64
24	70
47	58
61	61
60	64
13	55
61	65
67	65
67	69
21	77
62	74
25	73
31	67
41	62
20	68
17	54
57	60
45	68
71	70
58	62
71	68
33	56
52	54
58	60
36	52
74	77
22	62
62	67
71	75
36	61
71	70
35	74
27	69
53	65
18	65
74	72
58	65
68	68
55	67
67	67
88	90
37	69
30	68
66	69
35	57
73	79
19	62
72	74
68	70
69	69
69	69
34	60
58	67
60	85
66	69
56	64
17	63
60	65
48	55
56	51
54	64
74	72
54	58
20	66
60	64
70	75
19	58
63	64
62	66
66	72
70	69
72	76
67	67
42	76
64	82
47	58
68	68
45	65
80	82
43	70
63	68
60	62
49	60
31	62
56	64
59	60
70	71
42	63
59	70
55	62
56	63
50	55
58	64
68	71
24	63
52	77
62	63
71	68
19	63
65	63
70	72
12	61
63	63
47	60
21	62
64	66
28	59
74	74
74	65
16	66
34	67
18	67
25	74
58	64
25	61
30	65
68	77
23	67
59	60
59	64
52	72
26	60
49	56
23	60
58	67
56	62
40	72
61	65
33	56
66	66
61	62
70	70
65	67
38	66
33	61
68	73
62	66
59	70
16	52
64	64
70	66
48	64
61	71
62	67
60	58
67	70
24	74
24	64
22	65
61	61
40	68
52	59
67	66
45	62
33	74
58	57
67	68
68	68
27	66
52	57
75	76
63	70
57	62
61	65
62	68
78	76
60	69
30	71
75	83
63	66
66	67
73	74
57	68
61	66
54	57
79	82
27	58
57	61
72	68
65	65
65	69
59	73
71	70
49	58
70	69
41	64
16	52
70	70
15	60
21	71
66	66
61	67
65	68
38	68
40	66
27	68
61	69
66	74
60	64
58	64
66	66
28	55
64	67
67	74
69	79
65	67
68	69
43	66
63	69
28	64
67	69
55	54
14	64
61	59
70	68
64	65
76	73
20	56
23	61
34	69
22	71
62	67
32	68
35	72
22	71
26	58
30	64
63	63
64	65
71	72
33	65
61	67
34	69
47	77
56	65
46	50
57	67
33	68
62	64
63	65
21	56
15	54
59	67
65	72
56	63
74	70
66	69
72	76
62	65
14	67
40	65
67	75
23	74
66	71
60	60
46	56
68	67
44	68
57	61
80	82
61	65
69	75
40	74
55	69
60	61
77	74
50	66
65	71
51	53
17	53
35	73
57	67
63	64
32	79
56	61
53	58
62	64
61	68
48	58
60	66
68	69
65	68
84	82
67	68
67	74
50	52
68	73
45	68
60	65
18	62
44	52
63	63
63	67
60	68
62	62
62	73
16	64
55	63
47	66
61	64
45	78
39	72
16	57
18	65
72	73
18	61
62	64
70	68
47	64
66	66
65	69
52	55
23	56
56	63
21	62
50	49
56	63
37	70
19	63
39	48
58	58
32	60
29	66
37	73
54	65
52	61
25	62
37	64
52	73
64	67
33	68
38	69
75	72
20	56
24	57
17	69
35	54
48	81
35	71
32	47
48	53
64	64
71	72
55	57
20	65
17	59
21	66
23	62
52	59
45	69
45	60
67	70
66	68
60	69
62	64
28	59
46	67
51	49
62	64
60	61
65	65
57	61
53	56
66	63
69	68
57	65
23	69
65	69
30	48
69	70
52	58
29	64
55	66
59	62
52	62
24	68
55	64
21	63
62	65
68	66
44	65
43	64
53	63
26	65
75	77
66	68
52	64
61	63
58	63
42	62
56	63
33	63
32	56
63	67
21	63
82	89
20	56
55	61
68	67
70	69
65	65
65	66
78	74
73	72
73	73
47	61
65	68
62	65
22	61
58	67
60	60
20	72
49	53
56	59
64	66
56	63
65	66
67	72
49	78
62	67
56	59
52	56
55	62
26	71
67	64
67	68
60	67
58	77
35	60
63	62
45	71
53	49
37	72
67	69
67	67
47	62
47	70
72	61
37	69
63	63
68	74
54	56
58	67
53	60
55	63
66	66
64	61
70	76
78	80
36	60
66	68
60	63
15	58
33	59
30	64
83	81
33	72
55	65
19	65
72	73
55	82
66	65
60	63
29	74
64	73
60	64
63	66
57	66
63	65
39	60
35	58
56	63
39	79
30	68
60	59
12	50
51	59
22	58
24	63
24	64
68	67
56	62
54	55
27	62
34	77
30	65
60	70
68	68
11	56
68	67
30	68
60	62
64	67
40	61
35	69
60	70
68	66
43	78
63	62
65	67
55	63
75	77
67	71
62	68
43	73
64	74
71	72
61	64
33	69
57	58
74	76
22	72
59	63
62	72
62	68
58	76
63	72
73	70
18	56
68	74
68	81
41	69
59	65
53	72
25	72
30	50
44	76
68	68
21	66
55	59
67	68
65	66
59	64
55	64
61	62
39	65
82	81
60	67
16	50
58	62
60	62
25	69
66	70
40	64
59	64
74	67
52	62
76	79
30	76
42	63
69	73
61	60
46	50
23	64
64	69
45	57
60	68
53	62
55	59
12	58
32	65
61	62
15	47
55	63
49	51
51	63
59	63
19	71
75	71
34	70
53	59
68	67
16	69
25	63
53	66
60	64
67	66
51	61
54	62
76	80
68	71
74	79
29	54
77	77
30	66
69	66
60	65
16	63
62	64
43	52
24	62
29	55
64	66
59	69
63	63
27	69
43	60
32	79
71	80
55	59
63	66
56	64
62	67
42	72
68	68
61	64
59	59
34	64
25	68
79	74
64	67
50	67
59	67
59	62
87	87
27	67
20	65
65	73
19	51
66	68
63	72
50	57
72	72
67	73
60	62
15	56
64	64
17	66
55	60
28	71
55	57
45	71
79	74
23	68
63	63
64	77
61	61
71	77
55	57
37	67
63	71
58	70
22	60
65	65
28	68
64	69
59	66
28	72
39	60
32	68
62	61
63	62
62	69
61	62
57	67
42	74
64	67
35	75
65	67
30	62
69	68
61	76
39	73
50	61
57	61
64	68
15	66
60	64
49	57
43	67
15	55
52	60
71	72
28	54
63	74
64	68
60	68
52	55
62	66
60	82
52	51
56	61
70	72
49	55
32	64
24	53
74	75
21	60
45	88
22	63
61	62
78	78
20	69
73	71
50	62
38	67
13	60
50	61
61	72
54	62
61	64
42	59
58	62
64	71
60	60
38	71
64	70
66	66
32	75
72	83
72	71
76	77
39	73
45	57
54	60
52	63
40	60
25	60
70	70
49	53
70	68
63	63
64	66
16	65
35	57
69	71
67	74
70	74
54	64
54	64
52	63
44	69
69	71
42	70
58	69
69	66
22	62
22	52
74	77
15	66
55	60
54	61
71	75
60	62
60	60
64	67
68	70
34	65
60	63
61	62
39	78
19	65
27	63
66	72
29	71
16	57
70	71
34	61
70	70
54	57
29	55
22	59
58	76
57	60
66	73
71	70
65	68
60	61
49	59
40	65
66	70
62	61
52	65
26	54
51	55
41	66
35	63
70	72
28	65
50	57
58	62
35	62
22	65
57	64
24	64
42	73
31	60
32	65
70	84
39	77
64	64
66	67
56	61
54	63
70	67
42	56
23	69
19	64
58	60
52	56
34	69
52	65
68	71
73	73
37	73
72	72
65	64
63	64
15	70
24	77
62	67
17	72
49	65
67	68
31	57
78	82
33	54
69	76
53	63
45	79
26	67
74	74
65	71
39	48
32	65
68	67
52	77
64	73
63	63
46	57
30	71
47	64
70	73
79	76
37	70
66	66
68	71
59	69
33	63
44	66
22	57
16	52
40	66
39	55
76	77
57	66
28	69
65	64
33	62
66	66
17	67
55	61
59	69
82	80
57	64
68	67
74	74
77	79
21	59
44	66
67	68
70	73
26	72
48	57
44	71
80	77
51	67
75	80
61	73
19	59
50	53
58	66
45	60
62	64
58	62
65	66
63	64
19	61
56	59
38	62
63	58
64	65
51	63
43	62
67	72
58	67
25	70
15	72
25	57
48	56
65	64
55	84
74	76
17	63
45	66
65	65
32	58
33	53
23	89
65	66
60	59
74	73
76	73
57	53
31	64
56	64
60	70
29	74
65	70
20	69
50	58
38	76
65	65
19	70
47	70
44	56
29	57
53	67
83	82
58	65
37	54
25	64
77	80
32	58
34	68
48	63
78	82
18	74
39	62
44	78
56	61
26	73
38	75
62	63
69	70
53	61
58	61
47	53
36	78
70	72
80	78
24	77
45	78
69	68
64	64
67	68
70	67
67	66
64	68
63	65
59	61
73	75
60	59
59	63
60	70
59	69
41	67
64	66
58	62
58	62
65	71
79	79
60	64
44	69
43	59
18	51
53	53
58	66
19	58
19	62
11	53
66	72
59	62
28	68
34	47
16	58
66	68
66	81
20	65
38	71
13	65
43	67
11	61
45	66
56	61
60	64
36	58
74	74
75	74
20	70
54	62
74	79
15	72
42	61
40	55
45	59
58	71
55	62
51	52
65	68
13	69
16	59
58	69
23	76
45	69
46	70
55	61
69	82
63	67
19	65
50	75
70	71
62	66
12	67
25	62
32	62
58	61
64	68
62	66
49	75
66	72
57	63
31	62
32	63
45	59
56	63
38	62
61	62
32	66
23	62
26	60
47	68
58	68
54	60
53	69
61	68
63	65
44	78
45	66
38	69
53	57
58	62
62	69
34	68
74	73
19	66
64	68
83	85
35	68
65	66
63	64
54	60
17	61
38	67
32	68
30	65
67	67
67	73
63	64
60	58
58	62
78	77
79	79
54	60
30	68
48	48
13	54
39	66
63	72
30	67
64	60
58	62
23	64
79	83
69	67
74	76
66	69
50	67
47	71
45	74
22	51
19	58
38	66
68	68
61	62
58	59
75	73
51	65
63	69
29	70
36	58
77	76
63	65
42	67
64	63
69	72
49	55
65	66
65	70
28	72
21	67
32	60
38	64
16	72
62	62
63	76
48	66
67	67
54	67
62	66
64	65
66	67
72	74
24	74
59	55
57	63
65	72
50	53
57	65
61	71
53	66
38	63
56	64
27	70
12	52
71	70
37	73
69	70
65	67
77	78
66	71
25	62
49	65
61	59
51	57
48	61
20	53
72	66
23	55
21	61
70	69
38	69
64	74
22	59
49	60
57	64
63	63
53	63
30	79
29	72
50	66
56	64
43	75
57	59
57	63
67	70
20	70
73	73
67	68
29	67
60	64
65	62
67	67
64	69
45	62
61	58
55	63
58	62
32	69
23	68
50	54
33	47
75	77
63	64
63	58
50	70
51	51
57	58
69	67
54	57
55	61
14	57
73	78
43	68
20	63
56	53
69	80
50	78
63	70
68	67
58	59
30	58
56	61
49	64
65	66
50	79
65	67
48	59
80	82
22	68
63	72
57	59
50	57
21	64
58	64
58	59
21	57
70	76
16	61
71	71
11	65
60	68
67	70
67	67
38	68
24	70
52	67
65	78
15	65
59	59
29	69
54	58
75	77
57	73
68	68
20	60
22	57
54	82
64	63
28	69
70	70
71	75
43	70
67	71
51	57
57	67
59	64
30	64
52	67
61	66
44	60
22	70
66	66
66	68
65	72
24	59
73	73
68	67
57	62
57	63
59	62
65	71
37	69
56	63
15	72
66	73
76	77
64	70
54	60
78	77
68	70
42	56
70	70
19	66
60	61
15	56
57	65
36	72
19	62
58	65
58	74
61	70
66	72
32	72
30	47
79	79
72	70
65	61
67	69
41	62
47	51
41	65
58	60
60	60
28	55
55	66
67	67
36	68
59	61
64	64
21	63
18	62
39	50
59	66
65	70
21	72
63	63
31	67
60	59
30	56
26	82
45	60
24	51
71	69
68	68
66	71
54	55
38	63
59	66
19	62
19	69
39	73
72	73
42	69
30	71
32	76
59	66
34	63
41	64
65	65
43	76
34	66
58	63
20	65
29	66
63	62
55	63
35	73
71	70
71	74
68	71
57	60
65	69
67	67
68	68
73	75
67	70
57	61
78	79
18	50
22	56
26	66
25	66
40	58
55	57
70	69
66	67
65	65
62	56
67	69
43	57
41	55
50	64
61	62
51	67
63	64
37	67
75	75
58	71
38	54
64	71
43	78
72	73
67	66
46	58
68	74
53	66
67	72
63	60
22	71
66	72
45	79
73	76
50	67
62	68
63	65
58	69
54	56
53	57
23	62
72	73
22	68
56	53
66	66
42	77
56	65
41	52
24	68
57	78
20	68
41	68
27	65
59	63
58	63
74	75
62	66
73	69
26	69
28	67
75	77
51	60
23	67
54	55
71	77
55	63
69	71
54	61
37	77
62	71
65	68
65	66
54	65
28	77
62	71
60	72
64	68
68	71
58	64
66	75
61	67
64	70
56	53
57	59
59	71
67	69
59	64
43	53
60	62
58	65
64	66
22	52
38	54
19	69
66	66
72	69
34	67
62	66
45	58
65	70
28	64
58	63
71	72
62	61
54	63
76	76
20	73
62	65
63	63
38	70
20	63
65	68
58	65
27	62
62	70
69	69
72	72
71	75
62	68
65	74
40	67
20	59
65	69
70	69
58	58
36	66
69	71
31	69
36	76
55	61
65	64
55	67
64	68
18	70
24	62
65	68
75	74
41	75
73	74
61	65
14	69
61	68
55	62
81	79
45	75
61	81
15	61
71	72
73	72
39	67
19	58
17	57
62	68
35	47
49	58
36	68
55	58
66	67
76	76
39	59
58	59
55	61
58	69
30	68
42	72
69	71
46	52
61	64
25	64
64	68
85	81
62	69
11	53
26	55
60	62
39	47
19	59
57	69
64	68
48	64
49	56
68	70
67	74
66	66
66	68
60	64
44	59
58	60
61	65
62	67
60	62
62	67
23	67
71	71
41	67
31	58
80	79
54	67
76	74
59	68
30	76
67	69
36	57
58	62
35	55
56	56
67	65
22	62
28	61
73	72
48	55
72	75
63	63
29	64
70	81
59	59
37	66
77	76
68	70
53	57
72	77
29	65
78	82
25	54
73	71
45	61
33	55
39	69
61	64
35	68
14	57
78	82
64	61
64	68
53	60
32	67
48	55
20	65
59	65
68	66
63	62
62	62
69	74
57	66
68	68
61	64
66	72
55	58
49	60
66	68
66	64
15	66
38	72
51	60
57	62
58	62
70	79
61	70
65	73
44	74
68	63
45	76
72	73
19	60
42	59
65	70
59	60
60	60
33	64
49	57
16	58
60	65
50	52
25	58
64	66
45	64
59	60
44	65
43	68
25	68
33	68
11	63
54	59
74	73
45	74
70	68
67	67
46	61
63	70
55	64
75	79
64	70
53	57
41	70
50	56
23	69
65	66
23	69
32	61
67	67
55	60
65	70
40	53
40	48
30	71
50	65
58	69
32	60
65	71
58	66
68	67
72	74
73	70
65	71
11	60
55	57
70	72
66	71
62	66
21	71
56	61
41	67
65	68
26	59
60	66
78	77
62	72
50	69
25	72
53	61
59	60
67	72
37	66
57	58
38	49
56	63
40	62
76	74
71	71
32	82
62	72
27	79
69	70
57	65
20	78
25	60
34	53
42	63
61	65
62	66
57	70
35	66
55	65
55	56
20	65
62	58
68	67
33	62
70	76
72	75
54	66
44	72
59	68
55	66
56	60
17	63
21	62
60	64
69	74
35	88
49	67
63	68
26	67
59	62
44	59
63	69
72	74
19	65
66	69
69	67
68	69
72	72
47	71
77	80
50	67
13	50
24	48
68	64
65	66
49	66
85	83
42	65
72	75
70	71
57	62
54	63
34	60
30	63
67	66
55	62
54	70
61	67
64	64
40	71
27	69
20	55
60	63
19	67
66	62
36	72
60	59
70	70
64	65
62	65
54	58
64	65
65	71
67	65
68	70
58	69
64	70
56	62
57	69
32	57
60	61
20	64
60	64
34	59
62	63
47	73
80	84
69	68
68	70
85	85
57	61
76	70
69	68
81	82
39	72
56	61
65	72
61	57
55	61
76	79
15	57
39	62
61	64
29	65
61	69
41	74
73	73
46	70
79	76
61	64
35	66
70	75
19	53
66	66
13	64
56	63
72	72
32	68
61	67
26	63
64	66
14	59
13	60
66	69
22	62
12	63
51	73
23	63
42	62
73	71
61	62
60	62
65	63
69	69
54	61
70	72
62	67
51	70
44	60
12	61
63	69
58	62
64	64
52	56
45	70
30	64
72	69
73	74
39	58
75	72
52	59
25	68
67	68
50	63
60	61
36	64
28	59
58	60
66	69
65	69
58	58
40	70
41	68
50	63
69	70
62	61
65	70
34	47
34	65
25	54
53	58
21	62
50	50
63	68
68	72
74	78
44	82
53	61
53	53
42	72
60	67
62	62
68	70
47	65
71	68
56	76
45	52
56	65
64	68
25	70
64	67
44	68
43	65
52	60
63	73
25	59
57	62
67	68
35	60
41	69
56	58
53	66
28	65
70	68
20	60
56	58
75	73
60	61
74	74
65	63
51	71
31	70
15	62
61	70
74	78
49	54
25	69
62	68
20	64
61	57
52	56
71	77
70	69
23	63
67	70
58	63
70	71
58	69
58	59
22	54
15	50
70	70
45	67
54	62
59	60
64	68
58	60
66	71
64	68
32	69
57	63
32	68
75	79
52	63
58	63
29	73
62	64
69	72
72	78
46	57
50	61
69	76
59	63
57	60
60	67
74	74
59	63
60	68
63	67
62	67
43	63
28	68
18	68
58	63
77	80
54	72
58	63
22	65
37	72
38	90
23	67
69	78
31	63
76	78
69	75
61	72
74	75
38	61
61	66
67	68
20	64
61	64
38	63
39	70
50	58
60	64
70	67
44	52
41	69
60	67
44	79
60	77
31	63
65	66
63	67
31	53
53	75
29	62
66	68
66	69
53	87
35	74
64	67
24	55
58	66
58	63
70	70
63	63
29	80
53	53
62	64
47	73
63	61
69	62
32	68
72	77
76	75
76	72
42	52
69	74
62	70
61	64
23	66
64	65
23	63
77	79
25	68
63	61
50	53
65	63
65	68
23	64
65	67
31	62
57	58
69	72
52	68
65	66
55	59
60	67
74	70
65	62
71	71
20	68
45	77
75	75
37	55
72	71
53	62
71	83
40	56
72	72
65	67
65	64
18	67
20	56
65	69
20	69
31	56
57	60
41	67
40	68
19	56
71	75
64	67
52	66
43	70
69	70
53	60
59	57
25	73
44	67
69	74
20	75
18	69
58	60
57	57
14	63
40	68
60	66
70	68
64	67
32	55
40	67
70	69
33	64
48	54
32	58
58	84
20	60
50	72
18	59
77	78
80	80
64	67
80	77
45	75
29	63
21	68
38	70
78	77
59	67
40	63
59	58
39	74
32	66
48	59
50	71
20	58
13	65
68	68
55	58
53	53
70	75
48	58
41	74
68	73
61	62
57	65
36	57
28	61
29	73
24	61
60	65
63	67
27	82
50	54
71	70
59	70
29	75
50	51
50	54
61	65
17	61
59	61
50	55
49	72
35	70
43	64
68	66
48	72
35	72
21	57
68	73
15	64
50	57
62	71
69	74
68	71
63	63
57	62
15	64
66	67
45	75
55	65
59	62
63	65
31	74
15	59
32	65
52	69
34	59
29	55
39	62
34	62
72	74
38	66
56	60
58	60
30	59
24	78
37	59
66	66
64	74
70	69
68	70
62	64
60	62
27	68
55	60
66	66
26	63
34	72
29	57
55	76
60	64
46	64
60	63
59	73
44	81
56	64
71	73
71	77
69	68
61	65
58	70
28	55
17	71
58	68
57	66
31	57
70	70
66	71
15	69
66	69
26	64
59	58
23	64
57	65
74	71
38	69
51	66
55	56
50	68
68	67
68	73
25	68
64	66
59	55
24	65
22	59
18	50
16	69
14	72
59	68
56	67
58	64
63	68
28	60
41	72
51	65
26	69
57	61
60	75
61	61
68	68
69	74
64	71
67	60
58	63
19	56
18	48
75	75
55	57
60	61
61	66
51	61
32	68
80	78
36	73
33	75
63	65
53	58
31	63
60	59
13	70
65	68
60	65
53	56
40	68
70	78
33	73
68	68
60	63
61	71
62	67
59	70
65	71
59	63
59	66
68	67
57	67
37	75
60	61
57	59
43	59
64	68
16	56
53	59
56	68
30	72
61	66
52	60
75	79
72	71
53	60
62	70
68	71
55	58
70	70
38	56
27	71
63	64
57	60
52	57
77	76
60	57
45	65
56	64
64	64
64	71
51	51
76	79
67	68
26	67
59	65
58	64
54	58
13	59
27	65
74	69
23	70
53	56
66	71
67	67
35	69
51	51
53	51
34	67
64	63
67	72
52	59
46	71
63	65
75	76
62	65
62	66
53	63
24	72
61	62
61	62
63	68
62	62
79	78
28	67
45	84
67	69
36	51
60	72
57	64
35	69
18	66
24	57
60	64
57	62
36	61
68	68
55	76
66	74
38	67
39	70
67	66
60	58
13	67
39	51
17	64
32	52
24	60
58	63
59	64
44	57
45	74
15	67
60	58
63	64
72	73
32	64
36	62
82	82
62	63
68	69
70	72
77	73
54	55
53	54
74	69
61	65
20	66
84	85
58	75
39	70
34	72
33	71
64	68
53	63
74	74
60	62
67	77
67	69
64	63
50	56
43	58
33	68
32	57
49	83
29	55
23	69
61	63
20	63
51	67
36	73
66	69
65	70
22	59
68	69
69	71
56	74
58	77
23	55
29	66
65	64
27	67
27	74
59	67
68	66
60	65
64	67
77	79
66	67
17	58
65	65
58	65
15	73
68	69
25	68
50	62
65	67
60	64
84	78
29	59
25	67
33	65
43	76
65	66
78	78
44	67
49	76
67	70
32	59
56	60
62	64
35	69
59	68
68	71
62	61
64	66
62	64
77	80
38	55
75	73
38	60
62	68
49	66
15	65
54	55
12	56
56	67
79	81
35	53
64	70
55	62
44	53
59	59
56	65
25	62
49	54
68	67
61	63
64	69
51	60
41	47
73	72
77	78
13	63
62	70
62	64
42	77
40	82
54	61
75	73
45	75
58	61
45	66
51	57
68	68
84	79
64	64
59	61
63	73
77	76
25	54
29	54
22	67
59	63
61	67
70	68
19	54
53	55
65	69
63	69
25	68
48	61
71	75
54	60
61	63
21	70
57	64
61	65
51	60
60	82
55	57
79	78
60	62
32	68
41	76
23	61
17	67
55	61
58	60
63	64
42	69
62	62
61	62
67	77
44	66
49	54
67	67
66	73
33	60
66	67
27	66
37	57
75	77
45	55
59	61
61	64
12	52
71	71
59	62
22	49
68	68
33	72
46	65
62	69
58	67
55	66
61	69
85	82
44	57
33	61
71	70
51	58
55	73
48	63
66	68
34	69
68	67
50	64
59	69
29	82
61	65
50	64
64	70
64	67
51	54
61	66
84	81
33	64
51	66
54	62
27	68
66	67
61	63
55	62
49	59
32	49
62	64
35	76
55	58
41	73
26	60
20	74
41	78
58	63
60	59
52	54
68	74
47	59
68	67
31	71
55	67
69	72
38	61
20	64
62	64
54	59
35	62
48	75
55	60
21	72
70	71
35	60
38	66
67	72
71	71
69	70
37	69
50	50
36	65
27	59
56	58
45	62
18	70
64	62
28	61
22	63
64	67
62	70
76	77
38	71
35	63
68	68
52	59
63	60
62	63
55	58
63	69
72	73
20	68
61	63
24	67
74	76
65	66
62	77
58	57
64	59
52	71
76	75
60	63
72	70
61	63
59	65
69	74
56	60
41	71
41	58
72	76
42	62
63	61
37	70
22	63
63	67
68	74
57	62
41	58
59	74
43	70
55	62
67	68
21	74
60	62
67	67
78	80
12	62
36	72
51	67
19	82
60	66
48	64
62	67
65	67
42	63
51	64
66	71
17	72
44	65
43	64
65	70
50	62
57	72
13	51
59	67
64	73
52	68
50	67
67	67
66	74
24	50
56	56
55	65
67	72
68	66
54	63
53	58
15	58
51	56
66	65
39	69
50	63
24	62
45	59
33	64
63	66
39	71
44	67
43	80
45	65
25	60
65	66
64	72
45	78
58	64
31	75
59	66
56	69
30	64
56	72
29	69
70	70
20	50
68	69
28	67
68	74
36	71
40	64
65	66
57	63
60	66
55	63
28	63
38	61
62	73
41	71
67	73
66	72
57	61
55	66
23	70
44	65
22	67
56	56
67	73
20	64
64	63
32	63
68	71
42	57
60	66
52	52
24	71
31	62
68	62
13	60
47	62
58	63
69	70
39	64
55	62
67	71
69	73
48	70
66	68
42	64
60	62
29	65
41	57
41	63
18	60
29	65
26	57
56	65
68	73
64	66
35	52
66	72
62	78
62	68
65	66
71	71
64	59
65	65
30	62
60	64
67	72
27	67
37	68
43	52
59	77
62	64
62	64
57	64
44	67
62	65
34	59
65	65
35	70
25	56
66	68
59	75
36	70
56	64
55	61
66	68
67	64
22	72
50	65
43	50
53	60
72	74
63	68
65	69
69	69
50	60
60	65
46	67
35	66
35	69
63	65
73	72
23	56
61	58
35	63
63	61
68	69
44	61
56	65
59	65
26	69
62	62
51	55
16	62
21	68
39	49
72	79
56	61
45	70
57	64
30	57
88	84
34	66
77	90
67	71
61	64
38	66
71	70
70	69
64	65
56	63
55	63
72	71
63	62
10	68
21	67
61	65
52	60
22	69
71	75
69	71
68	68
62	62
55	60
75	74
67	71
60	63
39	65
64	70
62	61
65	70
49	55
59	61
56	68
35	65
64	63
50	55
72	74
62	68
61	65
12	70
25	67
41	68
68	67
33	69
74	61
24	83
60	66
67	69
33	67
64	67
69	71
62	66
30	58
44	78
70	69
79	81
77	84
30	70
53	60
25	73
60	69
64	66
61	68
13	63
38	57
50	61
60	68
58	65
20	56
64	58
49	61
53	52
71	72
60	61
12	72
22	74
24	69
66	66
55	60
59	64
21	67
19	56
30	67
17	52
66	71
72	78
27	64
45	82
29	66
23	64
52	60
41	70
55	78
23	63
53	57
58	66
53	65
18	48
20	52
70	68
15	56
23	57
76	76
55	64
43	60
70	73
14	60
46	64
70	70
74	78
55	56
55	55
68	74
67	67
54	69
60	64
64	69
13	62
50	69
56	65
70	72
75	79
60	62
48	60
74	76
39	57
56	64
62	53
50	50
52	60
60	61
22	57
67	67
77	74
64	68
44	59
77	79
33	68
34	64
70	70
59	59
62	64
61	68
55	60
24	65
36	72
15	62
34	64
68	70
42	58
65	77
38	72
72	70
41	58
67	70
12	57
60	65
65	69
27	78
48	68
63	63
63	67
60	68
33	58
39	65
28	68
50	56
60	63
36	71
67	68
52	56
53	58
61	57
11	62
21	57
51	53
30	68
36	60
18	74
32	62
15	58
40	75
76	73
73	78
58	64
69	68
58	70
47	52
26	56
61	63
70	70
27	67
72	71
53	59
60	67
16	61
31	68
33	72
61	75
83	78
64	67
52	51
33	68
60	66
65	69
52	67
29	76
41	71
31	66
69	71
63	64
42	52
57	63
55	66
50	55
41	55
44	56
65	65
35	66
16	67
22	68
58	58
59	64
37	66
34	83
30	53
60	66
67	71
53	70
61	66
52	63
74	69
75	72
61	65
64	71
61	70
58	57
43	56
20	66
61	64
31	71
72	74
54	60
20	58
72	72
56	57
52	55
67	70
35	69
61	62
22	57
56	66
71	78
38	68
58	62
51	56
48	56
52	56
62	65
14	53
54	67
11	56
41	70
70	73
60	67
66	74
62	69
52	56
38	68
24	54
69	71
52	67
28	65
64	69
40	82
66	65
10	60
65	67
65	68
36	63
61	63
67	67
67	66
26	59
64	65
69	70
54	65
61	62
65	67
38	68
32	62
19	71
15	67
56	65
58	63
60	62
58	63
49	52
72	68
58	66
18	59
66	69
45	55
68	71
62	66
56	63
64	65
66	67
61	64
67	70
70	71
58	59
53	53
81	80
52	64
64	67
47	63
52	61
48	53
69	69
46	58
42	59
19	64
18	64
29	78
63	74
21	73
61	66
40	76
45	66
43	66
50	69
42	59
27	66
28	69
49	71
73	79
56	58
62	72
66	71
74	72
38	74
76	77
31	65
78	77
27	61
52	66
12	59
68	70
30	58
45	71
60	63
67	73
32	59
60	66
70	72
38	70
57	67
57	65
40	66
55	64
49	62
25	58
30	66
58	66
58	55
72	76
53	64
40	58
70	69
36	75
50	55
17	57
17	64
51	51
55	61
45	63
50	50
27	67
20	59
46	76
36	55
13	60
57	61
13	67
52	65
61	72
56	64
22	65
58	65
26	68
51	55
61	64
22	61
54	59
25	70
37	78
63	63
40	53
54	77
29	68
64	69
66	70
25	61
56	57
23	70
63	70
53	57
58	60
61	61
26	63
26	72
22	70
60	65
66	72
51	58
69	72
25	63
19	65
35	56
74	73
59	65
40	72
64	65
79	74
70	71
72	75
54	63
39	60
62	62
61	61
40	64
13	56
57	61
60	61
62	65
63	69
53	61
59	61
71	74
58	71
45	63
31	65
62	73
59	66
62	59
49	68
28	58
49	67
46	64
53	58
67	71
60	65
54	61
64	67
69	69
64	64
55	68
36	64
19	66
33	47
50	60
55	54
42	52
47	65
55	59
75	73
34	67
46	55
57	59
56	64
42	57
70	69
65	68
56	56
51	58
46	74
66	68
61	65
60	70
71	69
57	67
47	68
26	69
68	72
64	69
40	69
58	72
61	62
45	57
57	73
66	70
31	65
65	69
24	74
65	65
64	63
68	69
22	69
52	55
35	74
68	68
54	58
50	79
22	64
56	64
35	49
42	78
55	58
63	67
60	61
16	72
19	64
55	54
74	72
73	73
49	61
58	64
40	81
59	68
58	64
61	63
69	67
61	71
74	73
26	91
43	48
75	73
34	64
67	66
24	60
67	75
66	71
39	81
47	71
62	64
54	75
50	49
55	61
60	66
84	84
24	71
24	67
68	70
70	68
71	74
36	59
58	64
67	66
71	74
40	70
20	66
61	65
67	74
37	76
61	61
50	53
56	69
35	67
19	58
37	49
38	74
57	61
19	65
47	66
24	63
71	72
64	66
65	68
45	51
56	58
18	64
54	66
27	54
74	72
45	73
57	58
68	71
44	59
32	83
49	65
68	67
61	66
71	75
71	74
53	57
59	69
63	70
30	68
20	67
68	71
73	71
62	72
64	82
36	75
50	48
64	66
54	57
56	66
60	63
58	66
38	73
72	73
65	63
68	76
80	78
59	66
69	70
51	73
40	69
68	71
55	65
38	71
61	66
57	58
46	60
40	59
44	67
66	68
24	56
16	61
38	67
51	53
21	61
58	66
39	71
60	67
65	65
74	74
50	51
51	59
61	65
30	62
55	60
65	67
23	57
32	65
55	62
60	62
43	67
56	65
65	66
54	66
60	66
59	71
72	84
62	65
70	72
53	60
61	67
38	78
77	73
49	63
18	58
53	57
62	68
55	65
60	63
74	75
67	68
20	55
59	65
33	56
52	54
62	63
48	68
25	71
46	66
55	65
61	64
20	70
57	61
33	61
61	63
60	61
55	60
70	73
58	67
65	87
75	75
70	69
20	69
23	68
68	77
50	55
62	65
30	64
68	72
22	61
74	71
64	66
53	59
73	74
65	79
65	68
52	58
67	70
56	66
60	68
60	63
66	65
64	66
57	63
61	80
73	71
53	53
72	73
42	72
67	66
58	64
65	73
72	74
57	59
41	70
71	68
64	68
45	59
26	73
20	60
71	68
24	69
52	52
47	64
18	63
58	68
39	62
24	64
69	70
44	61
46	72
65	66
55	50
62	64
50	71
51	68
53	57
35	82
64	66
68	71
52	57
68	70
18	53
22	63
39	60
30	63
57	61
44	67
23	57
64	63
74	83
19	69
36	74
70	66
35	62
27	68
62	69
60	66
36	68
62	56
42	68
60	58
60	62
72	73
64	67
57	67
48	65
27	70
68	69
18	63
36	71
59	71
64	64
71	74
63	66
68	70
67	71
39	72
71	66
61	64
63	64
73	69
45	66
66	66
35	64
61	66
19	60
61	61
69	70
46	53
63	69
70	69
32	64
60	60
45	47
43	59
30	67
77	77
24	71
24	68
65	65
19	70
69	73
45	57
62	65
46	65
29	58
65	66
62	65
75	76
58	56
68	73
63	67
65	79
46	64
64	65
63	59
61	60
56	58
70	70
64	64
22	52
50	70
60	59
64	65
64	65
31	69
60	65
54	56
52	64
64	69
43	62
22	68
61	69
22	61
25	61
55	55
77	84
32	75
60	61
68	72
74	72
45	65
33	54
34	61
65	65
42	71
31	62
61	63
33	55
32	74
75	80
58	67
69	72
67	69
14	59
26	64
50	62
20	67
54	67
66	68
60	63
54	56
65	66
71	70
57	57
26	57
59	66
10	62
32	61
64	66
54	62
77	73
57	71
34	65
65	66
65	65
60	67
21	63
44	65
71	75
45	66
33	67
42	68
23	62
69	69
76	84
62	64
66	64
43	73
38	54
64	69
14	59
63	61
25	74
38	57
71	71
73	71
19	66
16	51
51	62
75	75
58	65
74	78
70	72
59	65
50	60
45	80
65	64
42	69
70	76
59	63
65	67
23	64
15	59
20	60
60	68
17	58
49	62
23	74
38	55
67	68
22	71
66	70
70	70
78	80
59	59
12	57
68	76
60	63
41	59
23	66
63	64
64	66
79	74
68	69
13	64
28	65
47	74
15	56
14	48
44	67
75	76
30	66
29	63
63	72
64	64
14	64
34	60
62	65
31	67
59	69
54	66
58	65
61	74
70	66
31	51
24	68
52	62
62	63
49	57
64	61
39	69
75	75
72	74
39	50
35	66
66	68
26	60
32	61
60	64
23	72
65	62
68	71
74	74
55	62
40	60
54	59
20	72
24	56
68	66
77	74
68	66
18	56
21	47
45	58
63	69
23	62
16	62
46	56
65	67
51	56
62	60
53	51
63	69
36	80
79	80
18	62
59	66
30	64
42	72
59	67
61	64
44	53
71	72
69	68
31	78
12	57
66	68
26	69
78	76
31	51
41	75
65	68
65	61
49	90
66	66
54	61
64	72
49	55
32	70
38	52
45	60
82	82
79	77
75	66
70	71
34	59
22	56
38	57
67	76
46	65
61	61
62	69
60	63
56	70
74	75
66	67
24	78
50	51
53	56
65	66
51	74
61	64
73	76
53	55
34	78
76	76
34	64
73	72
31	74
65	66
61	64
45	56
75	77
53	58
60	58
35	57
29	65
61	68
48	56
64	72
58	67
62	68
24	68
60	57
39	65
14	71
55	61
75	76
42	64
66	71
39	63
50	57
17	58
37	69
58	64
71	71
69	68
57	66
16	65
16	64
69	69
54	61
84	83
41	63
44	57
64	64
65	68
70	71
74	70
74	74
53	65
73	68
61	83
26	65
67	71
70	68
59	67
30	53
57	64
47	67
51	56
59	75
73	77
72	73
70	70
54	61
58	65
56	67
58	65
65	64
56	58
17	72
66	70
31	65
57	61
54	70
60	69
70	74
57	69
39	63
33	66
31	67
68	67
43	69
39	72
37	63
59	64
66	73
57	64
29	72
64	68
40	74
47	68
70	73
50	67
67	74
73	76
54	60
42	49
17	65
66	67
58	65
31	63
16	58
27	61
59	64
66	66
59	69
32	66
59	67
54	57
45	73
36	60
72	73
69	63
31	67
36	74
16	69
63	65
44	82
28	71
54	57
19	53
63	63
58	58
66	69
50	54
29	64
37	64
39	72
56	65
45	59
67	68
58	64
62	66
46	62
44	63
47	65
56	71
71	68
55	61
55	59
61	66
66	69
60	59
57	59
53	71
61	65
83	82
63	68
30	68
65	67
72	74
39	65
67	68
27	63
60	65
36	67
48	56
63	69
34	59
64	68
58	66
29	64
74	74
57	58
60	61
66	71
70	81
67	70
33	70
39	66
82	81
66	71
24	66
56	64
62	62
20	65
66	66
58	68
42	58
56	58
61	66
69	72
39	55
69	73
62	68
65	71
24	64
55	60
74	78
53	59
35	79
63	68
19	56
70	69
67	66
29	73
52	66
62	65
63	65
61	76
30	70
56	62
41	64
57	57
40	61
27	68
59	63
38	72
18	66
69	73
74	76
68	69
63	65
66	67
32	68
59	63
61	66
15	57
38	67
69	70
61	57
70	69
56	67
53	59
66	71
74	69
62	69
53	65
34	66
61	61
40	52
33	62
61	66
72	70
65	73
13	53
27	63
35	50
67	62
35	62
62	60
45	68
55	67
69	65
62	69
27	70
45	59
59	61
58	67
36	64
45	68
49	58
53	60
45	67
13	58
55	69
71	74
20	61
58	63
75	79
63	65
70	68
19	58
40	62
62	63
55	62
42	60
56	74
66	64
73	72
45	73
70	71
35	49
54	61
59	70
62	65
51	69
48	61
60	66
67	69
59	69
58	62
34	57
55	61
36	67
59	67
67	75
21	57
61	64
40	65
20	65
22	65
65	72
66	70
30	76
69	77
56	61
19	63
62	76
63	63
45	63
80	75
43	49
71	73
68	67
57	60
30	62
40	65
54	56
58	65
37	61
37	62
42	51
55	78
15	59
22	69
20	63
30	65
66	68
62	69
66	73
20	68
78	73
73	75
18	58
54	58
59	67
28	68
33	51
36	51
38	68
39	75
70	68
25	70
68	73
58	65
28	48
26	57
43	62
60	66
42	68
60	62
43	68
59	59
50	56
67	72
59	59
15	61
58	59
51	49
63	63
73	73
60	64
44	64
73	74
32	60
65	68
75	84
48	58
68	71
62	63
27	69
33	56
61	70
17	52
42	61
45	69
39	82
27	59
53	54
60	64
67	69
68	71
20	75
57	66
67	72
64	68
58	64
58	62
45	55
58	57
62	68
38	64
54	71
62	73
60	62
61	62
25	74
60	65
55	52
63	64
46	70
61	63
24	69
60	62
62	62
62	66
36	50
70	75
56	62
70	69
45	60
69	72
63	67
63	65
68	63
64	63
56	63
65	76
68	72
63	66
65	63
30	61
58	63
52	72
26	60
64	69
63	65
48	51
39	60
60	62
74	76
15	63
66	72
15	61
55	64
44	66
71	79
18	63
79	77
79	77
21	64
59	65
39	61
68	68
55	65
60	62
58	63
59	59
56	61
37	64
67	67
56	65
58	61
29	60
68	70
56	67
45	52
59	65
50	64
52	61
12	52
35	55
58	60
61	65
57	61
56	58
46	89
41	70
36	65
62	69
70	70
21	71
63	63
61	63
57	62
20	60
62	66
69	69
70	67
24	59
45	63
59	61
15	68
63	65
68	65
63	64
49	69
65	65
49	69
72	69
66	69
70	72
39	62
63	65
66	73
68	66
58	65
68	66
50	55
82	80
22	67
23	63
60	80
64	65
35	62
15	58
46	49
21	66
62	65
23	63
70	69
65	68
62	54
56	58
79	74
46	79
54	61
55	60
75	71
50	56
64	67
32	63
60	64
70	69
54	58
21	67
55	62
41	73
31	64
69	78
53	58
45	54
64	68
26	62
23	55
45	64
25	69
20	62
22	69
59	63
51	62
62	71
37	55
29	74
56	62
48	76
26	66
21	70
59	66
16	61
48	55
66	66
69	72
24	62
64	64
43	56
19	58
56	69
44	48
68	70
61	69
53	62
30	72
11	62
58	63
80	79
41	66
35	75
65	73
55	60
39	75
47	60
52	59
59	58
18	63
23	75
65	68
69	71
59	63
55	71
63	70
17	70
46	55
52	75
66	73
52	62
27	67
50	62
41	60
40	72
11	62
12	51
61	63
57	58
65	69
63	65
80	85
42	68
21	56
54	69
55	64
54	59
55	61
66	71
46	67
21	62
44	68
57	61
64	67
30	70
67	69
42	79
73	71
17	51
27	60
66	69
83	80
31	68
65	66
55	61
25	64
28	63
18	63
62	66
70	75
62	68
33	53
33	53
50	55
69	69
64	63
69	68
15	67
11	62
53	54
87	86
69	70
39	70
40	58
61	57
44	61
62	61
53	61
70	77
52	60
56	56
44	52
25	66
55	68
30	80
70	76
64	69
18	63
35	57
64	68
41	58
44	61
50	55
60	59
64	62
22	65
68	76
62	63
40	68
48	58
57	60
29	63
68	72
55	70
71	71
51	70
57	62
54	62
78	75
69	74
51	56
29	57
25	63
37	77
58	68
64	70
65	69
58	73
53	59
62	63
48	63
32	63
72	72
33	71
60	60
39	81
30	69
19	73
68	68
75	75
66	70
52	62
66	67
81	84
20	66
57	61
77	80
73	74
38	81
68	77
55	60
30	68
30	67
58	64
62	66
60	63
30	65
54	67
11	62
30	54
25	56
67	72
26	52
30	74
40	53
13	70
42	67
72	74
66	69
55	59
58	82
27	70
27	67
22	66
66	67
70	68
61	68
38	68
52	52
64	69
64	65
59	65
46	63
61	62
66	66
20	68
72	76
41	49
23	68
64	66
58	59
66	68
62	66
44	66
58	68
30	63
34	62
18	64
12	66
63	61
55	64
22	58
64	65
63	63
77	79
52	56
54	62
45	67
42	57
39	48
32	57
57	67
70	70
69	73
43	60
61	55
42	75
53	59
66	68
63	63
26	65
69	66
67	70
55	57
20	67
54	66
55	63
62	62
22	64
59	61
62	66
58	59
18	51
62	76
66	68
27	64
62	64
50	71
63	66
40	71
30	75
47	80
61	72
74	78
43	59
57	64
68	75
17	68
69	75
57	59
13	59
47	58
23	62
78	78
45	64
58	62
58	64
57	73
70	70
65	67
77	83
54	60
40	65
25	73
62	66
50	64
70	66
55	62
33	68
44	64
54	53
60	67
56	57
59	65
69	71
70	72
65	79
39	50
56	59
52	54
58	63
51	68
67	71
50	56
54	63
21	50
62	65
61	66
34	61
61	64
38	55
34	65
71	71
51	55
32	63
61	61
68	67
54	63
23	60
67	71
42	55
40	65
30	55
59	65
38	59
13	63
69	72
27	66
50	53
44	81
43	53
38	76
44	79
60	65
31	59
39	49
56	58
53	59
59	62
60	65
27	71
32	64
32	79
25	62
68	69
19	75
32	48
73	73
44	60
27	59
75	73
54	61
53	65
30	76
75	76
59	71
44	72
74	79
73	76
65	68
66	67
56	61
43	66
68	71
30	66
30	66
59	68
38	54
62	65
27	58
19	65
75	76
39	65
12	51
46	54
69	68
12	49
15	62
55	60
64	65
26	56
60	78
68	69
35	73
24	63
64	64
61	62
60	66
65	65
71	74
24	58
21	73
72	78
72	73
79	72
30	71
61	68
51	73
52	55
17	59
62	67
57	61
63	65
48	56
47	56
64	65
36	74
66	69
48	67
24	60
63	67
63	62
52	61
50	66
70	72
32	52
38	57
79	83
55	71
42	57
32	52
66	70
48	63
62	69
24	66
51	65
44	61
66	71
60	76
44	56
65	71
57	70
36	48
59	67
83	80
80	77
70	76
24	64
71	71
61	63
70	77
67	77
21	69
22	64
65	71
83	83
58	60
43	60
58	65
27	61
49	74
41	70
45	70
15	68
38	67
56	54
63	64
69	77
70	73
72	75
62	68
22	60
64	68
53	61
56	60
29	66
67	79
50	47
64	71
52	64
64	69
24	58
48	72
66	68
67	67
61	66
64	67
71	73
58	67
42	75
67	62
19	63
55	67
66	71
61	61
58	76
84	82
58	65
68	72
64	66
24	68
66	66
29	64
65	72
72	77
56	57
53	62
32	64
11	66
22	64
63	60
50	55
67	69
57	65
67	67
18	51
35	77
70	64
75	74
54	63
51	54
62	64
69	70
23	67
67	66
15	62
28	71
62	62
40	71
20	67
39	63
66	71
41	76
50	53
75	74
65	67
64	69
20	67
66	70
54	56
65	73
30	55
61	66
51	56
20	66
26	69
56	68
66	67
25	66
48	57
33	58
63	66
31	58
18	61
56	63
29	58
24	68
44	69
45	52
53	74
29	66
72	72
13	72
45	73
65	66
54	70
65	66
51	57
35	59
65	67
58	64
71	70
15	50
71	77
16	56
58	61
59	65
29	68
66	74
46	56
66	71
76	76
42	64
34	70
65	63
70	72
15	72
25	65
68	73
67	68
38	91
22	66
60	63
17	68
28	67
82	81
26	69
68	68
26	56
14	55
65	70
57	64
64	61
60	62
45	74
62	64
76	72
22	58
23	58
38	53
74	73
72	73
52	62
75	74
18	62
25	79
40	67
56	64
45	71
50	51
81	84
67	69
53	59
64	64
29	76
23	74
25	63
23	59
28	65
23	63
40	67
58	60
32	79
50	56
62	61
79	75
42	57
68	73
63	68
60	64
17	56
40	68
49	61
36	66
81	79
49	54
66	67
68	68
70	69
43	63
16	57
61	69
60	60
42	60
42	66
66	65
61	61
61	74
62	63
69	71
59	61
15	61
62	68
24	51
71	72
56	67
72	76
77	74
67	67
63	68
29	64
61	67
62	65
42	77
73	76
25	59
28	51
49	61
52	58
70	72
43	77
60	69
48	58
28	83
21	61
68	71
60	61
58	72
72	72
64	71
64	64
28	70
15	51
63	63
22	68
67	69
40	67
60	68
35	70
74	72
55	74
51	59
54	67
52	57
46	65
58	62
38	73
72	72
38	73
49	65
65	65
19	66
21	62
84	81
45	55
47	65
11	75
38	78
64	67
28	72
42	67
30	65
28	69
22	63
60	74
70	69
43	80
44	63
27	71
45	65
56	72
57	65
62	62
25	55
54	54
78	78
24	65
26	63
78	80
21	63
73	77
40	74
62	61
58	64
65	68
19	67
59	70
22	73
18	64
63	65
10	72
55	73
15	81
55	66
74	76
80	81
54	55
48	50
65	68
51	65
60	62
70	75
40	70
63	64
29	53
58	58
18	60
66	69
55	58
62	67
59	65
67	66
42	64
25	66
45	55
29	73
61	73
74	76
79	80
10	49
59	61
64	68
33	64
37	72
70	71
65	66
57	66
57	64
18	70
46	52
35	58
77	79
15	62
77	74
58	60
18	59
80	78
55	59
68	62
69	72
60	55
34	72
55	60
69	74
59	71
70	71
50	78
64	68
57	68
36	60
43	60
35	68
69	70
28	67
53	69
53	58
35	70
60	87
53	53
68	74
31	74
30	65
50	57
78	80
75	74
54	56
39	75
63	68
62	57
24	59
70	71
58	62
32	64
66	70
28	61
62	77
55	57
18	65
36	59
57	64
58	59
58	60
68	69
73	73
78	76
60	70
58	77
70	68
74	89
30	67
23	56
64	69
62	73
47	61
68	69
40	64
40	48
68	67
40	58
29	68
63	65
62	78
65	59
51	58
73	73
51	58
44	52
38	61
56	67
29	64
33	68
43	67
33	64
57	60
43	55
71	75
42	68
61	64
54	69
22	69
64	67
67	71
38	69
71	61
45	68
58	60
31	56
21	73
23	49
18	59
65	65
64	67
32	72
42	75
60	61
61	58
72	71
62	65
20	65
65	67
24	61
27	62
61	60
57	70
45	67
55	57
37	61
45	52
66	65
44	74
51	53
56	61
18	54
42	53
74	73
42	54
69	70
55	63
41	51
49	55
29	60
58	66
60	88
33	51
15	58
62	66
65	66
64	78
65	72
68	70
57	66
49	59
32	58
49	53
67	78
29	68
49	62
58	67
39	47
71	67
64	78
22	61
79	83
70	71
44	59
68	68
23	66
38	61
66	68
68	71
40	77
65	66
55	68
63	63
26	61
66	70
20	65
33	77
29	58
37	69
75	73
62	72
76	73
29	66
54	59
55	60
60	67
37	55
66	71
17	60
50	59
57	62
73	69
39	62
21	68
16	64
27	55
60	77
49	58
68	69
40	55
64	66
59	64
57	64
20	64
47	53
22	75
64	64
55	72
39	60
11	55
57	62
49	60
40	51
28	72
62	66
56	71
53	60
66	65
67	71
18	66
56	61
17	59
74	75
63	62
40	80
32	68
44	71
31	75
65	68
17	60
75	75
67	73
75	76
54	54
52	58
64	69
59	70
53	50
73	73
60	67
53	74
52	55
66	67
69	67
57	65
43	62
24	73
56	63
56	57
59	67
54	58
54	54
60	66
50	48
44	68
21	60
22	66
66	64
58	60
30	78
78	80
65	67
18	56
60	67
28	71
65	70
65	69
45	78
38	69
61	65
66	64
57	61
59	56
54	65
32	59
34	69
59	72
22	59
71	72
33	72
30	68
33	57
46	80
64	66
26	56
45	56
63	66
77	75
65	70
64	70
31	64
68	71
77	76
24	70
55	62
58	65
31	80
73	72
70	70
57	67
68	67
67	70
73	66
39	64
71	69
60	62
55	51
61	59
69	72
65	64
57	65
55	61
76	77
72	73
62	65
67	69
66	66
70	75
81	77
65	70
57	65
25	64
41	78
32	74
45	82
57	64
29	63
50	63
64	65
76	83
70	69
42	51
45	64
59	66
40	68
12	53
59	73
35	65
43	62
64	75
47	65
66	74
42	79
61	69
55	73
62	62
58	64
66	68
57	55
50	48
21	74
44	68
56	64
13	62
38	68
38	56
64	71
37	63
20	55
65	62
52	62
58	58
48	60
66	70
77	77
40	80
65	68
64	65
75	73
78	78
50	72
36	69
49	66
56	62
54	57
73	76
70	73
66	68
54	66
22	54
74	75
61	70
62	67
16	56
21	69
48	64
47	62
79	79
68	71
79	80
61	63
45	63
69	74
39	62
67	67
44	62
16	64
54	62
52	59
57	59
63	70
68	71
29	62
58	55
54	65
70	69
29	65
60	59
19	64
32	79
67	71
65	69
75	73
54	59
68	68
63	66
64	73
57	62
50	85
55	62
52	57
58	58
60	56
70	73
62	61
52	53
47	80
13	63
75	68
24	63
18	62
77	75
66	64
45	82
68	70
59	63
49	52
55	58
68	67
66	65
78	79
72	70
44	69
40	79
29	70
34	75
54	62
25	72
24	62
72	74
79	77
64	67
79	82
54	55
63	65
72	72
55	59
64	65
61	67
33	68
56	67
52	61
64	74
54	59
45	50
64	65
58	58
51	47
38	71
13	66
66	72
38	58
67	70
58	65
68	72
44	67
45	50
15	57
70	68
25	75
56	64
39	51
67	70
51	63
19	75
50	49
71	73
25	60
36	56
65	70
62	58
62	72
70	70
60	61
26	65
64	69
38	73
43	64
74	78
50	75
62	60
62	64
63	68
25	59
26	65
42	57
41	69
67	71
75	78
41	67
68	67
54	57
28	73
49	53
30	68
13	72
41	85
58	57
31	74
55	65
16	60
54	59
40	71
37	61
15	47
62	66
70	70
25	75
35	88
63	70
58	58
23	52
69	69
76	75
50	56
22	65
56	71
54	72
57	64
67	68
54	57
71	72
68	70
75	75
64	67
62	60
51	62
62	57
51	58
20	68
49	68
75	74
68	71
66	70
28	62
27	71
21	56
59	66
51	53
59	61
73	74
67	70
64	70
29	67
62	71
67	73
63	67
37	65
58	62
24	61
60	64
70	68
54	64
10	59
67	71
67	68
59	63
22	75
61	64
58	63
13	65
61	58
44	61
79	78
45	74
60	59
24	68
35	62
35	52
68	67
57	61
25	77
67	78
71	75
23	72
56	61
14	54
59	62
61	61
60	63
60	64
43	50
62	64
58	64
35	76
41	64
67	71
55	58
60	61
65	66
38	63
67	68
52	65
26	52
50	52
63	67
62	63
58	60
22	67
66	72
19	61
70	70
64	64
61	65
18	62
70	71
55	52
63	68
54	63
69	73
19	55
38	61
64	70
69	69
27	71
69	71
59	68
62	74
17	70
48	62
28	72
76	78
58	64
73	73
64	66
33	71
61	68
61	68
70	75
67	70
60	63
78	79
70	73
16	68
29	55
48	71
29	66
58	68
17	66
31	69
28	76
54	74
40	61
40	67
76	79
70	72
51	78
73	75
37	69
66	70
40	70
27	75
62	64
60	66
63	71
60	68
55	61
65	69
74	74
53	63
65	69
29	58
64	64
65	70
24	68
69	67
67	67
50	74
17	63
66	67
55	73
69	70
18	67
67	67
62	69
33	61
80	81
66	69
62	59
16	66
18	69
41	77
67	67
70	66
30	65
41	73
70	69
67	71
60	65
58	60
26	63
62	62
59	68
15	61
65	70
54	59
63	71
66	73
26	60
62	71
25	75
42	66
85	82
18	64
63	69
18	68
62	63
71	71
30	63
65	68
48	60
72	71
55	66
38	70
53	58
66	64
39	66
60	62
30	55
48	68
66	67
48	52
18	63
68	68
63	65
15	58
56	65
64	66
60	62
68	63
50	66
18	66
56	60
64	69
19	63
16	56
77	76
38	50
45	52
58	64
69	68
65	66
51	58
26	58
52	59
66	68
58	64
20	50
39	71
65	64
64	74
67	67
50	55
52	59
42	76
72	77
50	64
65	65
75	79
57	63
38	52
59	61
57	58
39	63
41	72
61	62
56	62
30	84
26	77
67	67
70	73
20	67
23	64
50	50
74	77
22	60
37	68
17	50
22	65
58	67
62	60
30	63
66	66
42	76
33	67
22	52
76	75
77	78
58	66
53	55
71	73
70	68
25	58
37	62
78	80
39	65
18	49
28	55
70	69
26	71
81	79
55	64
61	66
38	67
35	61
70	72
25	56
80	78
57	65
15	57
15	56
75	74
52	51
50	51
75	80
33	61
38	64
35	60
48	64
54	60
73	73
20	63
52	62
61	65
63	72
62	72
64	66
60	67
58	66
62	67
64	73
67	69
67	69
55	58
66	71
56	62
34	63
56	63
14	66
70	70
57	65
68	66
26	53
60	65
58	62
64	65
67	65
61	65
22	57
73	73
59	68
66	70
30	70
48	53
24	51
64	70
60	66
34	52
40	59
10	47
80	78
22	58
60	59
56	63
88	85
74	78
31	69
54	59
58	60
26	62
66	65
64	71
57	61
56	62
17	61
22	62
61	73
26	64
61	65
73	73
25	67
62	67
66	65
60	62
70	69
60	68
32	60
75	77
70	70
73	67
65	60
62	66
32	59
16	59
18	65
22	68
27	70
63	83
77	76
54	53
54	58
35	71
69	73
90	87
61	68
72	71
43	57
22	67
56	63
69	70
65	75
60	65
57	62
37	68
19	54
69	71
58	68
61	62
58	68
61	61
54	60
71	76
30	66
60	62
48	52
65	64
63	65
75	74
57	60
57	61
35	60
72	71
69	68
39	70
36	64
63	72
75	74
19	65
23	63
35	71
71	75
67	72
35	66
21	67
69	73
59	57
30	71
24	62
29	83
52	70
19	56
63	64
56	59
45	72
63	62
20	64
69	70
63	65
20	61
65	69
19	62
24	50
68	71
70	69
69	71
61	64
23	54
18	52
45	76
43	68
53	70
55	66
75	76
67	78
27	76
53	60
54	60
60	65
61	66
57	62
10	59
63	71
56	61
72	68
54	57
60	69
28	61
34	64
54	64
34	60
60	64
68	74
63	65
53	62
65	70
34	68
25	69
34	59
62	65
17	56
32	69
45	63
67	72
32	59
65	65
74	81
19	64
59	64
64	65
66	65
73	72
46	51
56	71
50	55
19	65
68	66
58	63
62	67
54	61
67	67
38	66
65	70
65	66
75	78
55	58
35	70
58	66
48	71
42	72
58	62
53	63
67	72
62	64
59	63
66	69
74	73
60	63
55	61
60	66
55	75
32	70
22	72
18	65
46	77
39	49
42	55
15	61
18	61
67	67
61	64
66	71
64	68
30	65
31	65
54	61
61	67
66	66
28	64
71	72
36	70
65	67
61	69
53	62
67	71
58	59
60	62
40	50
59	66
63	64
43	74
65	74
61	66
26	49
22	61
63	76
60	62
38	67
19	68
84	85
28	59
62	67
68	72
45	59
52	59
53	55
69	75
58	59
24	73
58	63
38	54
17	57
80	79
65	68
70	77
51	72
65	67
60	64
66	68
36	74
66	67
38	50
24	59
63	63
77	75
71	73
66	64
59	67
55	60
38	63
66	65
35	69
18	66
29	68
41	57
56	61
70	63
65	66
60	64
49	59
26	75
53	58
63	63
74	75
47	60
58	56
59	58
71	74
60	57
61	62
18	58
42	64
25	64
22	64
65	60
70	68
80	79
65	69
72	79
35	60
66	67
59	67
46	69
72	72
59	67
19	70
59	65
74	77
16	62
56	63
48	58
72	71
65	66
80	76
65	65
28	71
52	56
50	64
58	61
32	59
71	73
31	82
71	72
74	62
68	74
19	51
76	77
24	74
66	67
78	77
62	69
55	63
56	62
28	50
36	77
19	60
57	60
59	65
20	66
30	73
60	62
25	63
60	66
33	72
49	57
33	61
71	75
58	70
68	65
68	71
75	78
78	73
66	68
13	54
63	67
74	80
59	66
63	69
70	68
55	55
56	63
61	65
81	81
51	54
37	71
44	69
58	62
58	63
71	71
78	74
70	74
65	61
36	65
29	66
24	58
69	64
50	68
70	70
48	60
13	61
68	70
67	67
72	74
31	77
51	59
57	62
20	65
63	66
65	71
56	66
65	66
64	89
58	69
43	56
64	73
42	68
73	72
57	63
51	56
53	61
68	70
67	69
17	68
74	72
19	58
71	76
59	68
48	66
40	54
68	67
73	74
65	65
65	65
62	63
11	66
61	67
72	79
64	67
79	75
70	68
22	66
35	63
16	66
54	61
13	60
32	67
56	60
59	69
58	67
49	63
66	65
87	87
55	74
48	63
67	69
67	73
27	58
17	63
70	69
42	83
21	55
57	58
53	59
44	69
32	61
63	65
15	72
19	60
59	61
62	69
72	69
74	73
16	62
48	72
71	70
18	58
23	62
49	58
46	78
58	70
52	56
68	68
43	61
44	56
69	71
45	74
39	59
68	61
62	71
49	53
26	70
38	67
73	73
64	66
60	67
54	54
71	71
23	55
78	73
42	69
68	68
71	75
60	62
27	62
66	67
32	52
39	50
26	60
74	76
75	79
63	69
15	61
69	74
20	65
75	75
89	84
36	76
58	64
69	70
36	86
57	63
44	73
47	65
28	72
58	62
45	66
22	64
20	74
74	71
68	67
26	62
75	77
71	70
50	52
57	67
57	64
20	62
44	66
43	56
35	68
67	69
46	50
54	64
69	75
62	63
26	67
42	64
33	62
21	55
24	63
65	61
13	65
33	57
33	49
62	66
60	66
52	61
66	72
66	69
35	63
18	66
55	66
67	73
67	66
23	53
62	70
60	67
68	69
57	61
58	68
26	62
57	58
18	65
23	54
44	74
22	63
67	67
82	76
45	49
60	56
60	69
23	65
56	67
42	62
23	72
65	70
60	61
38	50
38	74
52	70
45	68
40	74
57	66
62	73
34	71
28	62
17	65
56	53
38	65
67	69
34	48
67	68
28	61
57	59
68	70
54	59
35	65
75	78
50	54
75	79
55	57
68	67
61	68
56	58
32	59
66	71
50	65
64	71
22	66
69	72
53	62
21	61
34	52
59	60
68	69
55	63
47	54
64	69
23	70
69	68
61	68
44	67
73	73
66	67
36	62
34	62
44	58
63	67
55	54
64	69
33	63
58	69
64	67
53	60
36	66
41	74
74	72
77	77
50	72
60	68
23	70
60	64
55	67
26	57
72	71
16	66
62	64
75	72
57	62
30	70
31	84
59	63
60	68
59	64
64	69
68	67
42	58
63	77
63	64
50	81
70	70
52	61
55	61
26	70
54	70
62	67
75	76
66	66
82	81
69	72
67	69
48	57
75	78
17	62
58	78
21	57
23	68
58	66
60	63
59	64
22	64
32	69
56	61
64	66
42	62
44	70
79	79
62	66
48	57
38	74
62	66
76	73
67	71
48	69
32	73
59	68
68	70
38	51
18	63
22	66
72	75
13	54
33	71
38	59
78	78
64	68
63	65
23	67
62	65
60	60
60	65
59	59
50	64
49	55
54	66
60	65
60	62
20	64
12	64
65	70
60	67
66	66
25	63
67	74
44	55
55	60
52	66
42	72
53	57
12	59
24	55
60	67
21	68
70	67
59	72
45	55
53	68
20	49
61	70
55	56
67	69
67	81
69	74
53	55
28	66
71	77
63	63
30	77
68	69
67	69
59	70
26	63
61	62
28	64
65	69
30	70
32	62
69	71
73	75
28	68
60	71
70	72
69	68
74	76
27	65
60	66
42	55
64	66
64	65
64	69
73	69
72	74
32	58
59	62
20	86
68	77
19	68
44	85
54	59
43	62
48	56
59	64
60	66
40	56
59	64
22	61
63	67
75	78
18	70
61	62
69	73
70	67
69	71
65	66
61	77
57	63
61	61
60	63
23	60
70	77
54	58
57	72
78	77
58	65
74	74
80	81
42	64
56	64
50	55
62	63
53	63
27	69
56	59
31	61
33	69
70	75
60	59
63	77
81	81
15	58
62	64
68	69
58	65
54	64
54	61
29	58
14	50
12	55
60	69
44	62
69	67
43	71
65	64
65	66
87	86
65	69
74	77
53	72
40	71
47	64
55	56
28	61
32	69
32	68
64	73
25	55
59	63
22	62
77	77
65	65
22	63
55	64
26	58
45	61
56	70
71	73
72	73
61	66
67	70
69	69
68	69
25	59
77	78
38	64
59	64
56	57
56	63
25	77
64	62
71	74
67	68
25	68
30	83
38	49
23	59
68	69
16	61
66	75
39	64
72	74
15	63
38	78
71	69
41	66
36	72
58	63
44	80
68	68
59	64
23	53
55	63
61	68
11	50
40	65
33	57
74	72
25	82
14	58
48	59
25	63
56	59
20	68
56	53
67	69
59	68
45	79
57	57
56	67
64	70
42	64
23	73
79	79
45	67
83	79
40	64
67	76
36	77
14	59
58	60
64	69
48	62
71	75
59	63
61	61
57	63
46	67
75	74
54	64
36	50
55	57
16	68
48	70
27	65
62	62
65	66
50	57
63	70
62	65
74	72
52	65
15	67
57	56
76	76
40	77
59	64
26	66
56	58
34	64
44	77
53	74
24	53
28	68
60	73
57	65
55	65
33	68
61	66
61	64
50	48
26	70
53	56
41	75
25	59
13	62
50	50
72	70
63	68
65	74
78	73
57	60
37	63
55	69
34	68
25	55
68	71
64	67
26	56
34	69
76	75
32	72
68	70
45	53
37	67
66	72
28	64
38	66
19	72
70	72
29	55
53	60
52	63
40	48
21	62
53	58
66	73
44	68
60	71
45	50
64	69
66	69
68	67
64	65
72	76
16	66
55	61
10	67
46	51
67	68
49	57
27	61
72	74
69	69
72	70
41	72
56	58
64	65
75	79
20	63
63	72
56	58
56	65
20	63
28	63
62	68
69	68
66	76
58	68
68	68
31	48
58	65
49	70
16	67
35	69
64	66
33	66
79	77
19	51
70	70
43	61
60	62
19	62
45	72
70	70
42	69
50	57
74	73
18	55
63	63
25	49
11	58
63	64
42	64
55	57
41	77
46	56
40	70
53	77
34	71
25	67
27	65
59	60
54	57
27	70
16	64
20	64
34	63
56	62
28	64
48	56
75	77
37	52
52	63
62	67
38	70
61	64
56	53
15	68
53	78
68	66
77	72
63	61
49	59
61	62
65	67
21	73
67	73
42	60
20	52
30	72
57	64
40	62
53	61
24	56
45	70
25	57
35	66
76	81
64	67
63	68
31	59
35	76
59	63
59	60
45	79
60	74
65	69
15	67
52	85
73	72
28	54
18	65
69	76
60	69
59	65
27	70
58	56
59	69
47	69
22	74
62	73
52	61
68	70
22	51
77	74
56	63
76	77
67	70
15	55
44	66
56	64
68	74
33	72
23	67
63	66
52	63
68	68
44	62
64	66
33	56
65	69
57	71
19	70
72	71
65	69
76	77
17	56
59	66
22	62
71	72
59	62
39	66
36	64
50	64
58	58
22	66
36	74
74	75
18	61
63	65
47	62
64	70
59	61
54	61
40	76
58	71
44	56
61	63
33	66
52	71
19	65
64	67
35	60
74	75
53	60
31	65
54	56
30	57
64	70
64	63
64	68
60	66
22	84
16	72
68	68
16	57
65	83
65	74
57	65
61	68
42	65
68	69
30	71
30	55
55	59
49	53
57	60
32	89
53	55
53	65
22	77
35	65
45	63
55	59
75	75
59	62
62	69
22	67
25	56
55	57
56	59
72	69
56	73
11	59
70	72
62	62
74	76
65	65
62	66
42	62
59	59
51	64
36	64
67	67
62	57
55	68
18	61
32	69
61	66
64	69
32	60
60	61
62	73
68	69
43	57
66	72
35	77
78	76
18	64
55	61
19	69
72	74
30	62
55	67
29	63
61	71
45	76
55	62
72	71
63	68
60	66
57	63
77	77
60	63
67	76
34	65
62	56
30	69
62	66
69	73
22	66
18	49
70	72
15	65
33	74
65	70
48	58
62	64
42	62
49	59
70	68
26	68
41	57
19	69
62	70
70	74
43	70
61	66
45	74
30	51
50	56
57	64
52	61
30	60
82	80
40	52
34	58
63	67
17	63
40	71
41	71
54	61
34	69
64	64
22	57
32	60
69	74
35	60
67	73
74	75
55	69
60	61
19	58
39	50
73	75
61	63
63	64
40	72
63	68
67	67
38	47
31	61
55	62
19	64
58	61
55	60
31	64
40	59
18	61
57	60
38	66
58	54
56	60
61	68
32	63
66	68
56	61
65	65
65	65
27	61
12	52
55	69
69	65
55	67
30	73
72	73
63	61
68	65
45	53
60	62
77	76
71	74
35	57
60	62
19	61
55	76
23	61
41	67
63	65
51	65
68	69
68	69
54	55
58	64
40	71
58	63
38	68
30	59
24	63
64	68
63	68
74	70
58	70
67	74
44	63
59	60
55	65
79	74
20	66
64	65
41	68
38	71
50	64
21	60
38	62
34	67
66	73
69	68
60	64
64	67
75	75
60	67
70	72
41	65
71	76
63	70
28	65
51	56
54	63
63	68
76	80
54	61
28	78
50	59
50	68
65	67
32	63
70	67
38	63
59	64
75	72
51	54
47	69
59	64
20	62
36	64
26	66
74	74
11	56
61	66
61	64
61	64
41	57
75	72
68	64
64	65
60	60
45	70
58	63
65	71
68	70
20	64
19	61
54	65
19	59
67	66
64	66
55	57
32	62
20	52
32	55
59	66
69	67
58	64
58	60
57	60
65	74
59	65
19	60
62	65
58	68
51	70
63	64
38	50
60	60
72	74
60	66
15	64
56	62
66	64
37	69
30	52
58	69
66	75
77	72
36	66
43	68
43	67
70	69
52	73
44	64
73	74
50	58
66	67
69	75
41	79
75	78
30	62
81	83
50	48
34	67
72	74
46	74
48	68
58	60
76	75
55	58
45	51
60	66
79	82
70	70
32	67
70	69
61	65
12	56
31	72
37	52
64	64
33	80
41	68
37	76
34	72
51	58
48	63
24	65
75	74
70	67
31	62
28	66
78	77
64	78
27	75
23	59
15	66
18	65
54	78
66	64
54	68
68	73
39	62
58	64
12	67
45	62
19	53
66	68
60	63
23	68
63	68
78	75
70	72
87	82
62	65
58	64
60	63
61	66
22	79
17	63
60	67
72	78
67	69
15	64
62	66
44	73
23	63
61	62
70	68
60	64
22	63
56	61
62	64
49	53
34	61
58	63
60	62
68	72
74	74
62	64
65	76
27	63
38	47
56	72
54	60
24	66
60	64
63	61
14	62
69	67
36	68
47	58
67	68
45	67
18	66
63	63
62	65
19	50
68	64
60	63
59	67
80	77
59	62
41	73
21	67
72	75
60	66
40	74
70	69
68	70
48	66
73	73
26	73
37	73
77	78
17	70
42	70
60	71
57	62
25	81
62	65
60	60
49	58
28	65
66	72
64	64
29	64
66	71
71	71
24	62
67	68
55	63
59	76
76	76
48	56
39	67
46	53
32	69
42	65
42	64
35	59
58	67
32	67
16	61
54	63
59	66
39	51
62	66
39	63
65	65
59	62
15	67
59	56
28	68
59	63
36	65
60	62
45	52
62	69
20	67
45	80
62	63
24	59
64	68
56	64
68	70
63	64
23	61
66	67
60	62
68	67
22	56
57	65
56	69
65	67
65	73
22	67
57	64
16	59
70	72
63	70
71	71
18	57
37	57
61	66
59	67
49	69
77	76
31	57
70	71
28	72
63	66
43	85
69	65
56	57
22	76
33	62
63	70
25	75
59	64
52	61
55	54
70	69
18	48
60	63
50	54
61	67
10	59
63	68
38	71
42	68
64	64
33	56
19	62
67	68
47	64
61	67
51	62
52	54
68	73
62	70
41	73
60	64
54	51
69	68
31	72
77	79
58	69
52	54
68	72
22	52
58	60
66	68
66	65
61	63
38	72
66	68
73	72
20	66
59	64
15	47
57	59
33	66
44	66
26	69
54	54
60	63
78	78
54	63
72	74
61	69
67	69
43	59
23	65
61	77
59	69
61	64
45	85
57	68
65	66
32	53
50	63
73	75
44	63
61	62
13	54
64	75
48	67
24	68
20	69
49	64
37	66
13	63
63	70
19	65
37	57
57	64
65	65
37	63
74	74
34	70
57	64
70	72
73	74
46	54
57	58
75	71
64	65
21	61
36	62
35	56
59	67
39	59
69	71
17	59
27	69
82	80
36	68
65	64
65	62
62	68
45	68
58	61
62	64
42	74
68	75
64	69
36	64
22	74
77	78
73	74
69	68
56	63
39	62
31	61
25	62
20	61
67	78
57	70
76	78
71	70
49	50
72	72
67	64
23	70
67	66
44	78
60	72
58	68
72	69
60	69
34	64
58	60
18	70
66	75
25	65
67	67
59	61
57	62
72	74
65	75
15	61
71	73
43	72
26	66
64	64
61	66
63	66
79	75
68	68
30	69
58	62
14	67
57	65
32	69
38	60
56	59
42	57
66	67
32	78
53	61
65	75
72	70
61	66
73	76
56	59
71	75
58	64
40	66
41	71
15	52
72	77
59	68
65	69
62	65
65	66
63	71
63	66
62	65
36	66
73	74
38	58
65	68
27	73
50	51
57	63
48	65
54	55
54	61
31	74
40	69
48	58
55	58
58	62
40	77
65	65
61	67
52	57
56	60
55	70
37	70
64	65
70	69
47	74
72	72
47	50
65	66
28	65
64	66
62	65
47	56
63	62
63	66
70	76
65	64
76	75
60	62
20	64
19	68
25	63
43	57
52	68
61	68
65	68
40	69
18	67
25	61
45	54
31	72
67	68
54	55
22	57
52	64
65	67
54	58
19	61
15	74
61	66
60	63
39	69
21	75
39	69
87	85
39	69
76	74
66	76
44	53
22	67
42	57
62	67
74	75
58	66
25	75
22	66
61	66
53	77
72	75
65	69
44	68
65	65
50	66
19	63
51	59
35	79
30	56
65	66
78	77
66	67
29	57
52	60
61	62
19	52
65	66
66	69
57	64
45	62
66	66
22	63
41	69
37	66
72	71
55	54
21	58
64	60
67	72
31	59
67	67
19	76
69	69
65	67
63	67
23	70
57	63
67	68
28	68
63	65
52	65
33	66
40	69
41	70
67	74
68	68
61	66
32	66
45	70
26	54
59	63
65	58
23	59
73	74
63	68
59	69
44	66
71	72
35	69
64	63
64	61
58	62
45	68
59	63
61	63
58	65
28	70
35	57
69	67
64	71
60	73
43	62
77	77
33	62
55	64
55	65
72	80
69	71
52	56
17	60
69	69
68	72
24	65
40	56
34	76
45	70
44	69
45	84
35	57
45	64
72	70
60	61
55	63
45	71
72	75
42	69
56	64
61	64
67	71
39	57
44	81
59	68
73	71
56	55
43	70
45	60
61	61
45	70
20	67
19	68
50	60
69	68
56	60
69	73
67	75
25	65
62	65
77	80
57	62
17	63
44	72
68	66
79	84
55	72
36	57
16	50
61	66
74	79
22	65
61	65
25	66
38	80
24	56
48	56
63	66
69	68
73	72
58	58
39	68
38	66
21	67
21	62
60	68
55	63
50	77
50	74
69	66
44	63
38	67
67	65
77	79
69	77
62	65
57	65
70	70
53	62
65	64
36	55
78	83
70	72
32	57
64	65
39	61
67	70
68	72
59	64
20	56
55	58
25	57
22	67
61	62
60	67
60	69
66	65
56	60
64	67
50	66
61	62
30	65
73	76
57	67
22	67
58	60
25	56
58	72
65	68
48	67
17	69
69	73
55	68
16	61
47	52
54	65
73	72
30	56
40	72
58	63
19	61
40	77
21	59
30	72
30	67
34	65
55	69
43	66
18	61
58	61
71	74
25	70
13	58
83	84
66	72
61	65
56	63
18	71
35	69
50	55
44	63
44	62
64	65
73	70
22	71
59	64
41	67
62	64
55	56
20	65
22	61
69	70
37	73
25	55
23	60
55	62
69	68
69	74
54	53
69	69
68	69
68	68
35	66
38	59
39	50
49	58
38	73
35	70
78	72
65	65
70	71
43	70
50	53
64	69
76	79
70	74
66	71
54	58
14	57
57	59
59	67
20	54
64	66
70	68
60	63
54	52
64	68
60	66
67	73
51	58
39	77
60	63
68	72
51	54
69	71
61	66
74	72
62	63
22	74
19	48
64	66
67	69
61	71
68	68
48	80
72	73
62	63
68	68
28	73
74	73
44	71
57	70
67	70
76	61
52	58
70	74
40	64
30	64
35	71
69	67
54	61
62	65
59	63
52	80
53	65
49	56
45	66
39	68
65	66
46	70
66	71
43	72
64	67
60	62
66	68
61	67
42	72
58	73
55	62
20	64
37	50
84	83
48	65
67	72
20	62
30	67
27	61
45	76
68	68
25	70
64	69
57	61
66	66
49	57
81	78
65	67
68	73
37	66
70	69
50	52
59	64
24	63
20	59
22	63
68	69
74	78
59	62
21	57
35	67
58	59
45	71
55	58
33	64
31	55
22	60
30	59
61	73
12	60
55	64
23	63
29	68
22	57
37	51
46	60
54	56
59	70
77	82
27	69
70	72
53	85
67	67
25	58
32	68
59	61
50	76
46	61
59	56
61	63
16	59
18	63
49	73
76	76
33	75
43	65
57	58
56	65
50	57
20	62
66	65
67	67
38	72
59	68
64	65
62	64
51	79
53	57
62	73
54	65
33	73
59	64
50	63
51	61
36	56
71	74
57	62
54	68
55	61
62	71
42	52
66	71
61	65
40	57
18	68
52	66
33	59
58	62
20	54
69	77
58	64
40	83
58	62
69	73
63	71
22	76
50	71
64	62
28	71
45	67
57	64
37	77
72	72
20	69
50	61
19	55
52	64
73	73
28	70
36	67
76	80
65	73
46	55
13	64
52	65
32	55
51	57
32	57
21	52
65	57
64	65
28	74
42	58
60	65
70	71
71	74
17	59
29	60
69	79
31	58
30	65
20	62
69	70
54	59
61	58
82	84
61	61
52	59
58	68
61	63
63	65
21	75
23	54
64	72
26	60
50	53
76	75
44	59
61	67
60	59
76	73
52	65
36	74
41	63
70	75
44	69
61	61
22	61
69	66
45	66
69	72
41	66
77	83
29	59
66	67
45	64
17	76
60	66
30	56
31	75
25	71
80	80
42	64
57	64
50	56
77	72
15	64
41	57
42	77
39	72
65	67
13	61
63	63
31	61
62	60
40	66
70	70
71	73
25	65
54	61
69	70
43	48
78	78
66	66
61	65
34	67
22	63
67	69
58	63
24	71
17	48
20	66
53	61
39	54
10	58
60	65
37	65
58	65
55	56
50	54
21	63
54	60
21	56
61	67
79	73
44	61
73	71
61	62
62	64
50	58
66	69
39	77
62	70
81	78
47	58
65	67
41	47
58	61
34	58
52	75
34	75
63	68
23	73
36	60
71	74
73	74
20	60
61	84
17	68
56	61
40	61
20	64
78	80
67	69
79	79
66	72
74	78
61	67
67	63
54	59
70	76
32	76
15	54
57	59
64	65
54	60
32	61
73	67
28	65
45	80
15	57
34	58
68	67
31	67
32	68
57	66
33	70
75	75
49	55
64	66
25	56
76	80
49	53
38	54
65	64
59	71
75	74
32	67
40	63
55	69
29	53
38	72
72	75
53	52
21	61
70	77
48	62
18	60
32	64
23	54
18	72
29	65
53	59
75	71
70	68
22	56
65	65
13	61
50	54
52	72
64	63
60	67
68	87
50	59
30	67
66	69
61	66
57	57
59	69
66	69
73	71
20	71
64	71
58	62
66	73
63	70
65	66
51	58
19	59
31	67
72	71
27	60
65	82
64	68
27	69
55	58
24	62
39	70
26	77
66	64
70	67
68	75
39	84
72	75
20	61
23	60
61	69
62	68
29	67
47	69
72	68
55	61
61	63
32	74
43	70
62	63
69	69
64	65
63	64
70	68
67	74
69	72
50	58
60	64
19	71
33	51
64	66
59	60
28	59
28	71
57	61
65	69
78	78
36	56
22	66
48	54
30	74
19	62
67	73
39	49
65	65
39	58
26	65
55	73
63	69
59	63
55	61
34	76
63	70
36	77
34	64
62	61
54	71
73	77
26	60
41	68
66	72
62	66
69	78
27	63
72	71
62	70
39	63
56	58
40	61
61	65
66	64
57	59
64	69
69	71
40	71
51	59
80	79
84	82
65	72
26	70
52	73
29	75
62	67
47	58
22	69
63	68
70	69
15	58
46	65
45	68
46	48
73	64
26	68
70	69
67	67
55	79
64	74
68	73
59	66
60	57
44	66
23	65
24	63
68	63
66	72
14	60
44	62
65	72
34	59
56	66
18	65
40	66
45	74
54	53
64	63
63	65
58	58
60	65
72	72
42	54
26	61
37	60
28	72
58	66
58	62
22	61
77	77
28	57
56	62
57	70
25	66
58	66
58	64
31	69
58	62
38	70
40	64
41	70
67	68
56	56
68	70
34	60
24	61
68	71
66	66
61	69
31	70
15	70
40	53
55	54
25	67
29	57
56	63
20	58
39	73
34	68
74	77
50	70
70	68
56	59
52	59
26	65
20	61
39	66
31	75
52	55
50	69
52	63
59	65
56	68
20	62
36	51
63	68
69	72
17	72
28	78
25	73
56	60
56	59
24	68
66	69
73	77
54	66
59	68
69	70
67	68
48	61
27	59
63	65
21	65
64	67
43	66
23	49
77	86
56	57
68	67
40	63
57	72
49	54
62	64
64	77
32	72
33	64
63	71
42	83
64	65
62	65
42	64
39	72
21	61
27	74
53	58
50	47
56	60
51	64
25	58
54	64
53	60
56	59
15	68
26	66
40	70
50	64
57	67
59	64
30	75
76	68
60	65
54	56
65	65
69	74
37	67
17	63
80	79
72	71
49	56
18	58
41	65
57	58
23	79
64	73
66	65
21	69
65	65
34	63
80	85
73	79
30	70
36	71
44	52
34	64
44	67
34	77
70	72
68	73
31	66
45	67
56	57
67	72
27	68
16	70
34	74
69	68
53	66
74	77
33	67
55	64
44	76
77	80
61	67
65	72
73	72
52	64
18	64
49	52
61	64
58	59
66	63
44	49
58	66
57	74
67	70
69	82
54	59
70	66
60	63
66	70
23	59
61	63
26	66
66	66
55	64
59	66
55	61
54	66
43	76
54	59
36	56
60	66
32	70
26	65
37	70
62	67
49	70
70	70
65	62
69	70
68	66
30	69
60	65
53	60
61	66
38	75
54	58
74	69
55	67
71	70
60	65
82	82
51	55
69	72
60	63
55	52
74	75
60	69
44	64
31	68
77	77
16	74
40	66
70	66
59	62
65	66
82	89
65	70
27	59
30	69
69	76
41	56
40	61
33	55
72	73
14	53
65	63
64	65
55	71
61	66
28	66
44	57
63	68
73	73
40	54
36	64
29	78
19	63
57	58
58	60
53	64
56	63
63	65
24	56
69	67
38	57
76	72
69	72
19	74
56	58
58	67
64	67
56	56
65	68
18	54
69	70
40	70
43	61
61	63
34	62
59	65
47	54
57	58
24	71
63	63
69	70
63	62
27	68
33	77
59	75
69	80
11	66
52	58
26	60
57	60
52	61
51	61
78	75
68	71
66	68
20	75
60	66
44	56
72	80
23	55
49	63
35	68
55	58
54	53
61	65
68	68
53	61
60	64
58	63
76	74
67	68
50	69
18	48
60	66
57	61
71	70
41	67
59	63
64	69
26	57
86	82
61	65
68	68
59	64
21	64
55	58
41	58
71	70
66	66
72	68
44	66
38	72
53	62
68	70
70	71
25	53
60	66
62	68
68	75
62	63
26	65
31	69
37	51
59	70
65	67
67	70
68	71
69	72
38	69
27	64
36	71
75	80
60	63
62	64
67	67
81	80
71	72
82	81
49	63
49	57
43	63
78	75
45	76
72	68
26	62
73	73
59	61
38	67
63	68
32	59
57	62
59	64
56	62
47	53
62	72
49	69
44	86
72	72
65	73
66	69
79	80
56	68
15	61
66	64
76	77
22	68
58	67
69	70
61	64
24	64
74	74
72	70
80	79
34	69
56	64
78	78
65	68
22	66
35	67
66	63
73	74
65	82
66	68
17	48
56	57
52	59
34	59
74	75
66	68
60	64
35	69
58	64
57	66
29	58
43	60
61	65
68	69
63	65
64	66
28	74
36	70
37	67
52	58
66	67
46	60
50	52
29	64
47	80
17	62
81	74
74	76
37	61
57	74
84	82
73	71
23	68
62	62
58	66
56	59
36	81
60	62
65	71
71	68
80	80
75	72
71	68
17	52
68	73
52	69
63	69
66	69
25	62
54	67
42	75
60	60
56	66
58	56
54	62
56	67
37	69
42	73
40	61
33	61
65	70
29	53
69	69
43	70
61	74
36	73
20	70
53	56
38	58
52	57
14	60
74	75
19	57
78	75
58	58
67	67
56	67
77	81
61	65
72	73
57	64
24	61
31	67
65	69
29	68
63	71
62	83
25	72
81	76
25	80
31	59
61	66
42	62
39	73
25	70
78	76
44	52
70	74
66	71
35	62
63	69
20	64
31	67
54	58
61	67
54	61
52	53
33	71
69	66
18	62
64	66
57	57
50	71
38	51
58	59
54	56
66	70
44	76
54	71
52	63
80	77
58	64
75	72
66	70
66	70
63	68
64	65
53	54
59	63
66	67
49	55
38	70
58	62
58	63
35	83
29	69
54	57
38	55
61	63
72	65
16	64
41	72
33	71
15	68
68	70
54	60
51	63
52	67
27	66
13	59
68	59
33	68
52	57
67	68
65	67
34	65
32	65
38	64
20	63
58	66
68	64
75	74
55	70
75	82
57	64
62	66
71	80
14	51
72	78
61	65
23	69
67	66
47	66
64	71
63	68
66	70
71	76
74	80
32	58
62	68
54	67
67	84
62	64
16	60
58	63
23	74
74	68
25	69
66	66
61	69
55	67
73	75
44	55
44	53
75	74
66	77
56	59
53	66
59	64
54	56
63	68
64	67
55	70
40	62
14	66
35	79
60	71
72	73
52	62
57	74
69	70
54	58
21	66
64	71
59	65
27	73
31	71
67	71
28	64
44	60
49	62
66	71
13	53
24	71
47	75
53	63
63	70
51	51
25	54
60	60
68	71
47	66
71	76
63	68
62	68
28	65
61	67
45	70
69	70
74	72
59	62
76	82
79	78
25	66
27	67
19	62
52	67
67	72
57	68
25	68
35	79
52	67
21	72
23	62
20	60
54	76
66	69
35	71
73	75
77	77
72	80
62	63
26	64
67	67
36	63
72	77
67	70
59	58
30	51
63	68
58	73
48	60
59	61
29	73
55	62
69	69
44	85
68	69
55	63
63	64
44	66
40	70
56	60
68	70
24	69
58	62
70	68
56	59
22	78
62	63
55	60
42	67
28	70
66	69
40	70
55	68
27	69
69	80
43	62
35	72
70	72
48	60
60	67
54	61
73	74
34	72
54	56
42	65
55	62
29	67
62	63
53	65
65	68
68	69
56	69
64	69
30	68
64	65
21	58
19	60
62	63
45	67
64	65
43	70
58	63
68	67
16	54
60	61
44	54
71	76
58	64
30	65
62	68
30	61
39	49
32	81
70	70
66	65
63	65
49	58
77	81
45	63
24	60
56	59
37	67
28	70
28	72
69	72
55	58
66	68
42	59
60	68
54	65
22	69
53	56
29	63
42	49
71	72
32	64
26	69
50	59
58	57
40	68
56	59
60	64
58	60
45	65
56	61
18	64
49	59
42	58
36	73
53	61
35	63
55	68
71	73
70	72
33	58
34	80
37	58
67	71
67	67
65	72
63	70
64	66
53	58
57	59
69	71
60	60
76	75
33	73
67	69
64	70
35	56
69	59
41	71
40	70
64	63
60	64
37	74
50	58
61	60
54	57
65	69
69	72
35	79
45	63
66	66
39	65
54	63
43	56
65	64
51	72
73	74
58	65
35	62
16	65
63	66
63	64
81	80
44	48
22	51
63	66
25	64
64	69
64	61
40	53
58	65
59	66
29	70
37	61
26	72
23	62
68	70
69	69
43	70
44	67
54	59
40	69
59	60
70	70
64	69
54	56
67	66
33	74
64	67
20	62
72	71
58	59
43	61
50	57
35	61
11	54
59	63
30	65
50	53
58	64
58	68
39	64
76	74
55	56
53	55
25	67
43	63
51	55
50	62
61	63
44	63
57	60
65	75
41	73
43	66
23	58
50	49
58	65
61	61
11	58
42	61
65	63
57	64
46	50
74	72
52	54
66	69
64	66
20	65
64	72
66	68
62	67
73	70
62	65
49	60
40	62
61	69
61	72
27	67
64	64
58	60
30	64
50	62
69	78
50	63
41	58
30	63
60	60
66	70
12	71
60	65
45	63
45	67
66	63
67	67
30	62
78	86
22	66
28	67
42	53
39	60
68	69
66	66
70	66
65	69
56	60
62	64
71	72
54	57
55	58
51	57
47	53
52	54
57	73
33	73
57	64
71	68
47	50
63	65
68	69
69	69
50	49
21	78
43	70
64	63
25	68
33	75
38	76
69	70
61	66
69	73
30	71
56	59
54	72
65	74
71	74
55	64
30	62
23	62
60	63
63	63
65	67
68	68
75	75
45	67
65	64
20	58
57	57
29	64
44	76
40	71
17	71
14	64
18	62
64	69
29	67
55	66
25	68
60	70
40	51
66	69
40	69
24	65
77	73
75	79
31	55
40	65
53	57
31	59
80	78
65	68
73	69
58	56
36	75
21	61
67	68
55	68
35	64
66	68
22	59
66	67
83	84
50	57
56	59
66	67
22	80
30	48
36	71
47	56
21	57
59	63
55	61
46	53
64	69
34	74
29	66
45	73
63	64
25	60
52	70
77	76
65	70
69	71
62	64
26	61
70	74
59	74
54	72
52	63
71	72
50	52
67	66
58	60
66	67
22	66
64	63
83	77
44	55
59	70
53	64
33	68
63	69
55	54
15	68
19	59
52	60
53	67
62	65
58	66
38	59
57	64
45	66
29	78
37	65
59	67
60	62
35	79
28	70
57	66
39	67
63	64
66	71
21	70
34	51
20	58
63	64
44	58
68	72
15	64
53	58
62	63
30	67
70	70
34	71
14	59
37	68
60	68
68	69
79	74
22	63
50	51
63	63
28	67
23	61
63	71
55	66
61	65
78	74
57	56
56	69
17	77
17	66
56	60
67	68
24	72
41	56
43	68
40	59
62	64
62	61
51	58
56	63
46	61
66	71
45	62
45	70
25	62
63	65
28	71
70	70
63	66
78	78
56	65
45	66
81	80
64	64
14	56
10	55
55	57
42	67
56	58
34	60
66	67
55	60
67	65
28	51
84	82
23	73
71	76
42	69
66	67
20	75
63	67
62	66
57	59
27	62
50	64
58	64
18	73
49	63
54	73
69	69
50	58
67	68
25	59
50	52
34	78
58	65
62	62
57	60
27	65
60	58
66	66
16	59
20	75
41	72
58	62
72	73
35	74
25	77
57	64
52	61
65	78
14	48
33	68
57	66
28	73
45	58
73	73
68	70
39	63
21	69
35	71
42	67
16	76
51	58
32	59
23	68
18	47
66	67
62	66
40	63
22	61
64	68
22	51
66	64
74	72
76	87
49	72
65	73
69	69
56	63
50	52
62	71
28	61
23	63
30	66
59	58
66	66
24	66
52	81
56	60
38	70
66	75
67	69
75	77
63	64
25	70
81	81
70	71
52	62
58	64
58	61
57	57
67	68
16	61
38	74
67	68
59	62
61	65
16	64
55	66
16	67
64	68
63	72
54	53
67	69
63	68
59	66
67	68
57	60
67	79
30	78
21	61
72	72
64	70
30	55
58	62
30	69
39	58
58	62
30	56
41	69
60	66
62	67
42	69
63	70
54	61
50	48
67	73
46	49
20	60
23	59
29	65
65	68
56	60
62	64
66	65
67	66
26	68
67	65
66	67
52	59
43	78
73	78
49	56
45	73
61	60
50	63
18	61
28	69
61	65
24	64
35	73
84	82
57	73
34	58
19	62
58	73
39	71
35	68
67	67
17	70
52	57
17	62
69	73
20	65
77	78
61	70
39	62
68	70
56	59
71	70
58	70
71	70
43	67
57	58
51	55
72	70
39	60
37	60
43	66
64	63
21	61
66	70
35	55
62	69
15	50
74	79
63	81
75	75
22	67
75	78
59	62
47	72
58	59
53	71
18	63
62	72
51	57
72	73
68	70
71	71
51	59
70	73
64	68
67	69
57	62
66	65
27	71
50	53
41	72
58	61
25	70
35	62
63	66
33	63
59	66
25	80
62	64
60	64
51	60
13	55
73	74
65	68
70	71
44	66
65	70
79	78
62	72
40	64
66	69
66	65
27	65
30	66
61	65
51	60
68	68
57	58
55	58
62	67
53	66
76	78
61	67
61	62
53	54
64	66
52	57
43	53
62	65
47	79
17	58
61	66
69	70
56	64
61	64
72	77
57	59
16	62
17	64
71	74
65	71
68	65
40	52
27	61
63	68
54	63
59	64
61	65
51	58
81	85
21	65
54	63
61	57
80	79
22	65
59	57
67	73
65	73
58	59
70	78
62	69
31	71
65	67
42	66
56	65
60	69
65	72
62	65
54	62
29	74
72	72
26	72
40	53
70	70
64	72
58	66
63	62
78	76
17	60
30	79
68	70
14	60
22	61
15	55
29	71
54	65
29	61
67	69
20	69
60	67
55	57
56	58
63	70
69	69
64	63
58	68
53	62
51	52
59	62
36	72
74	76
23	59
68	66
13	65
59	58
22	66
55	59
50	48
61	62
19	57
61	65
68	73
81	78
76	81
20	61
28	73
65	69
83	79
66	68
35	61
57	75
64	68
47	75
44	61
75	75
22	60
59	64
13	67
66	67
80	79
39	67
40	55
47	62
64	64
59	69
37	60
62	62
69	70
84	81
50	52
27	68
70	70
42	76
58	59
27	65
65	68
58	70
34	57
20	62
57	61
30	66
25	63
18	74
15	56
70	71
68	73
76	76
64	65
52	60
52	58
79	74
68	70
74	79
62	62
39	59
67	75
37	54
63	69
65	66
65	67
24	58
38	63
61	66
61	62
59	70
61	62
40	58
36	75
59	63
62	67
71	72
67	67
20	61
75	72
60	63
53	55
59	70
28	70
63	66
17	52
58	70
38	68
56	63
72	72
62	67
68	68
30	70
62	62
67	66
23	76
52	62
50	57
60	68
24	61
31	69
76	78
62	64
33	71
54	62
22	56
21	63
25	76
70	75
66	68
78	81
27	59
29	68
44	69
66	74
59	61
57	69
67	73
59	68
62	65
62	61
79	80
62	60
21	65
19	64
59	59
46	67
27	63
63	65
55	80
73	77
68	66
15	57
35	62
48	84
72	71
65	63
35	65
34	70
22	59
18	59
22	70
68	67
26	66
59	60
74	78
55	75
69	73
34	59
50	59
61	65
23	65
40	58
59	58
36	63
64	70
65	66
42	53
63	65
61	67
14	73
24	59
62	61
64	65
57	60
61	63
76	84
70	71
35	55
49	54
19	62
58	66
20	64
28	56
55	60
54	61
73	75
25	53
65	65
69	71
59	61
59	60
65	63
61	63
58	62
62	63
52	56
59	68
73	73
60	63
54	62
41	60
50	61
72	72
60	62
88	87
62	73
70	67
60	60
50	50
20	67
57	77
23	57
17	69
50	55
64	65
69	73
60	63
55	64
58	67
60	63
71	77
66	70
35	67
65	72
60	66
61	63
15	50
22	71
37	50
63	68
64	76
72	73
52	59
36	78
35	56
65	69
61	61
59	79
30	67
55	62
48	79
25	71
55	61
56	65
34	65
68	69
28	68
58	77
70	71
21	63
26	60
44	64
28	63
69	74
53	53
55	60
19	57
30	67
29	60
63	70
21	64
38	81
57	61
15	63
56	63
40	80
35	68
48	56
44	50
42	63
28	65
15	64
28	77
56	63
20	65
38	68
56	56
71	71
44	71
29	69
63	63
59	60
25	65
56	58
35	72
75	72
57	64
15	65
52	60
60	66
42	63
45	69
53	54
44	59
71	72
65	75
40	63
55	59
62	63
41	60
28	73
51	57
58	60
57	65
58	57
80	83
53	58
64	66
57	57
51	53
59	60
21	72
45	61
58	61
60	64
63	62
40	49
55	64
61	64
50	60
40	82
23	59
63	72
55	61
62	68
71	70
45	77
32	76
65	69
53	62
40	53
47	69
58	59
62	64
66	70
21	72
69	69
57	61
64	67
22	69
18	74
65	67
55	68
77	79
66	70
57	65
72	72
34	75
54	53
18	62
70	70
22	71
73	76
75	77
70	77
61	61
58	58
59	63
63	73
62	63
69	73
23	52
51	66
60	70
50	65
33	64
31	69
58	64
51	69
61	63
54	63
34	62
79	80
75	77
47	68
49	60
78	87
50	61
60	61
46	55
70	69
48	68
67	66
21	62
62	65
39	75
62	64
37	76
36	65
50	65
55	59
30	71
33	67
70	68
18	57
35	67
40	71
61	59
63	69
18	63
29	68
70	76
61	53
61	68
68	70
65	66
32	72
56	63
34	64
60	68
60	67
58	65
52	55
24	62
56	62
32	75
74	79
68	69
34	66
62	63
45	60
34	66
64	63
33	73
59	59
76	82
61	63
66	66
69	70
73	72
23	55
69	70
19	55
66	67
60	69
45	73
49	62
36	72
20	70
68	76
31	47
61	64
63	71
45	76
28	69
60	63
63	62
53	66
60	65
30	61
57	59
44	55
75	75
57	63
77	71
43	53
28	64
68	72
64	64
71	70
27	78
64	68
39	67
70	71
28	60
68	63
52	57
23	57
47	57
72	77
55	78
61	62
66	65
27	63
62	66
21	57
57	54
19	58
72	76
67	69
63	66
18	73
19	57
48	70
25	67
62	57
64	75
75	74
53	62
23	60
66	67
65	67
35	60
66	70
77	79
63	64
59	65
51	69
50	84
61	68
30	62
34	61
64	64
46	66
22	67
69	72
50	61
39	52
59	63
41	62
49	66
58	64
58	60
62	64
48	58
68	70
53	64
62	62
62	62
68	68
21	71
71	73
63	63
52	56
51	61
65	67
70	76
53	64
20	58
42	60
34	69
41	61
27	72
55	65
55	65
36	74
69	67
21	72
65	67
62	61
20	63
55	58
38	71
50	59
61	60
30	66
63	64
57	64
53	61
19	81
66	64
68	68
55	61
68	72
53	54
69	72
55	61
44	63
16	54
78	77
19	64
67	68
59	65
64	72
61	61
40	75
46	49
68	71
24	59
21	62
60	62
42	71
56	58
50	59
65	77
38	60
39	71
64	69
80	74
63	70
42	52
41	67
62	63
62	68
68	66
65	66
71	70
50	51
19	63
57	64
55	70
33	51
69	70
50	66
48	55
61	65
50	54
35	75
33	63
59	60
23	58
67	69
70	74
72	71
38	62
18	63
54	66
30	73
17	54
46	63
38	59
55	63
75	78
73	78
78	78
29	55
68	68
47	63
63	67
60	78
40	81
75	75
30	56
33	70
65	67
78	72
62	64
63	68
28	66
65	65
69	73
39	79
31	66
42	58
41	47
59	63
66	71
18	63
36	76
19	75
25	72
61	70
70	70
62	65
68	67
62	70
43	75
39	61
62	73
64	64
70	66
61	63
58	59
50	52
74	78
26	59
39	65
75	71
57	59
54	61
61	64
29	66
71	71
20	59
73	73
55	63
72	72
71	70
43	70
81	87
45	73
60	71
12	67
33	67
67	67
58	73
36	75
25	65
42	76
38	56
33	66
55	66
59	67
40	57
61	64
45	61
37	63
63	69
42	72
68	68
48	57
65	66
56	57
63	68
36	62
23	63
81	76
56	60
60	65
37	51
22	59
56	63
75	73
60	62
65	68
42	53
51	54
41	73
24	65
32	52
30	73
35	53
54	61
69	70
67	75
59	60
63	62
69	72
65	65
69	68
40	63
56	63
59	65
64	64
51	67
55	67
46	57
42	63
39	48
70	69
74	78
42	62
60	62
62	61
77	75
26	52
16	58
40	80
30	66
53	61
60	65
34	68
61	64
40	66
64	70
29	67
21	50
58	63
30	65
75	73
53	58
36	61
43	65
42	74
67	67
69	67
54	57
17	54
70	73
75	69
34	69
56	56
68	75
50	62
21	64
38	65
58	62
63	59
46	65
67	62
66	64
56	62
18	56
67	65
61	64
43	57
31	48
58	58
60	68
75	73
78	78
34	61
53	80
63	64
50	47
67	78
62	71
66	66
32	55
15	66
60	64
39	53
58	61
28	74
36	65
34	70
25	71
66	66
57	61
60	67
65	66
51	55
32	64
70	71
35	57
70	69
70	83
46	68
57	66
53	53
52	51
22	51
50	54
46	62
55	61
44	74
68	70
23	74
54	56
40	69
75	72
66	69
39	70
52	56
51	64
43	61
74	78
32	69
81	86
53	68
43	71
45	53
58	67
54	56
63	66
67	68
68	67
73	71
81	79
66	72
35	56
51	54
67	70
41	72
60	58
57	63
56	65
45	70
45	65
40	69
59	59
62	62
49	67
58	63
62	67
69	75
52	55
46	53
18	49
58	64
44	47
37	64
39	66
55	64
69	68
55	61
57	65
33	62
51	61
63	66
68	72
55	60
78	69
64	65
58	60
33	63
45	71
75	74
20	65
45	67
57	66
40	73
15	63
18	68
65	70
67	70
55	63
42	66
56	58
25	66
58	71
58	66
14	56
60	61
63	66
17	65
74	75
67	70
57	62
74	74
57	63
73	75
58	56
57	62
35	67
45	67
58	66
66	67
72	73
35	68
60	60
78	77
25	63
20	70
56	63
67	71
54	57
52	64
58	56
59	62
58	63
66	66
59	62
38	64
58	60
61	66
62	65
74	76
68	75
54	59
66	73
67	69
64	70
48	63
40	54
66	74
72	67
50	59
35	60
71	72
66	64
62	63
33	53
68	67
28	67
36	71
59	70
71	69
40	77
70	71
67	74
39	74
70	68
20	69
68	68
24	66
35	66
64	63
61	63
57	60
67	66
56	66
18	69
41	64
38	65
65	66
12	61
18	50
12	68
68	70
61	64
17	61
43	55
63	68
77	76
46	49
63	65
56	63
75	73
31	73
28	67
34	58
64	73
45	50
58	66
40	66
66	72
54	59
56	58
68	72
57	59
53	65
68	63
65	73
55	56
57	59
19	56
68	69
32	76
22	62
68	77
52	70
69	69
38	53
67	70
65	66
32	65
23	47
62	68
64	64
28	55
17	55
70	74
60	66
56	67
56	59
44	62
56	61
62	66
65	73
45	81
45	52
59	59
16	64
65	65
55	58
49	64
69	71
35	66
91	90
50	54
63	62
57	63
57	56
33	53
20	76
52	53
73	74
55	72
67	69
62	69
60	66
36	58
23	58
28	58
61	64
62	65
60	60
57	60
17	59
61	66
61	62
39	60
57	66
50	58
52	57
71	71
64	65
58	59
53	60
44	52
66	64
22	60
30	60
22	63
55	60
30	63
55	71
58	61
47	58
58	67
35	55
70	75
25	64
50	49
42	68
15	56
88	87
73	74
63	64
64	65
59	68
34	58
62	67
74	85
30	67
56	67
32	69
24	65
28	63
41	75
64	70
45	53
54	54
40	76
41	59
58	63
63	65
40	63
52	59
48	55
56	56
29	72
61	68
51	49
60	61
51	54
73	75
61	66
75	76
16	64
49	58
70	69
25	67
70	68
60	65
69	75
70	73
63	68
70	68
29	67
64	76
68	71
52	67
77	77
23	67
56	55
75	74
61	65
47	54
29	62
68	76
62	65
38	72
65	66
76	75
21	64
56	53
26	78
25	72
25	79
61	69
23	59
19	64
65	67
55	66
72	72
63	63
58	66
69	75
55	59
12	58
64	66
70	74
28	67
77	74
18	56
64	66
63	69
64	68
60	67
68	69
49	72
55	60
75	75
44	67
38	69
60	64
44	64
70	70
39	62
63	71
61	64
64	66
58	63
61	63
43	74
56	60
73	64
19	63
73	75
34	70
58	63
14	62
38	48
48	57
28	48
29	59
63	66
63	63
75	74
18	52
35	62
41	57
19	65
63	67
59	75
22	64
48	71
71	85
65	65
51	57
76	76
63	65
25	68
52	70
50	58
55	63
27	70
48	53
53	76
28	68
38	63
61	62
63	66
56	60
56	60
74	71
17	65
55	61
52	61
64	65
72	71
36	57
25	70
60	61
62	87
56	63
68	74
60	64
59	63
63	68
58	65
56	61
15	72
37	61
12	59
58	67
30	62
61	64
25	69
20	65
82	75
48	56
73	68
59	64
32	67
70	70
48	52
48	72
25	61
32	65
12	58
44	56
62	62
25	59
36	66
53	67
62	71
20	64
73	78
41	60
47	63
62	71
31	74
45	51
69	71
59	63
66	73
59	65
76	72
70	70
49	63
44	74
64	67
61	61
60	64
49	56
53	77
22	79
57	63
62	65
66	64
56	63
81	76
72	72
75	75
28	55
54	60
21	80
40	65
62	65
24	74
16	68
32	59
66	68
24	64
36	48
64	65
83	75
58	64
61	59
71	72
58	58
39	53
22	56
65	65
32	59
61	66
23	61
19	73
18	63
66	64
57	60
69	73
57	60
64	67
54	57
40	61
56	64
34	63
58	63
63	63
21	64
23	64
61	64
72	73
60	72
27	55
60	68
54	63
63	66
48	62
55	57
28	69
54	61
22	71
59	67
65	58
27	65
15	59
28	63
16	64
45	63
69	67
57	55
57	55
12	59
58	71
66	70
69	71
21	65
54	67
22	64
33	73
51	61
19	72
59	65
33	59
39	60
65	66
23	76
59	63
37	56
65	75
59	63
60	64
71	72
20	64
30	69
63	72
16	60
45	75
27	82
42	53
66	74
70	75
65	72
22	64
61	65
19	69
31	62
64	64
82	76
50	50
21	70
69	70
65	72
64	65
37	67
46	63
66	74
62	64
22	70
60	66
37	52
50	67
31	64
59	60
62	65
66	67
59	63
65	67
36	57
66	74
74	75
54	58
62	69
80	78
30	70
65	64
62	66
48	59
58	58
15	54
56	63
29	65
71	73
38	53
65	68
46	62
52	60
58	61
22	57
87	83
48	70
26	63
43	54
69	72
52	63
78	86
37	48
37	79
64	71
68	73
70	68
11	63
18	68
74	77
67	67
44	61
58	75
59	66
44	50
58	66
70	70
60	64
44	60
59	66
76	75
17	64
75	78
36	68
34	69
22	64
39	52
55	76
40	56
44	55
66	67
16	63
60	64
22	61
16	49
61	63
51	64
69	68
53	63
62	65
72	74
45	53
75	75
35	67
63	67
52	61
22	58
33	62
64	72
22	54
25	64
60	84
47	67
30	62
72	72
67	75
35	66
56	64
45	56
63	65
72	66
50	51
75	73
51	62
57	65
45	80
53	61
39	59
22	75
61	66
66	78
26	65
60	69
27	73
63	58
65	67
64	70
12	53
34	69
39	59
61	67
30	59
33	78
57	73
38	48
29	61
56	58
58	59
65	67
53	64
69	67
67	66
71	75
80	78
67	65
79	80
24	62
24	48
72	74
43	83
80	79
47	62
67	68
56	63
60	60
16	69
41	68
51	58
65	70
28	73
56	62
24	85
35	61
32	62
58	70
56	61
75	72
30	74
74	75
40	67
25	67
56	58
55	54
61	68
35	55
82	80
64	64
53	59
40	61
65	70
75	81
53	61
34	58
72	72
78	79
53	59
35	67
33	76
32	59
41	58
42	62
82	89
54	63
22	55
33	68
48	64
50	59
68	70
57	57
12	51
64	69
24	66
53	57
22	63
51	62
57	71
51	82
69	71
63	66
73	64
44	74
60	59
70	71
40	62
58	58
48	62
66	66
66	65
66	65
76	74
36	60
65	65
36	70
35	59
70	71
19	65
74	76
15	49
50	49
80	85
26	71
67	65
52	49
48	53
56	57
31	62
71	74
65	69
53	61
41	59
21	60
69	73
42	81
43	63
26	74
28	73
18	60
55	65
77	76
56	64
68	73
64	61
73	71
47	69
71	74
76	74
43	67
28	77
62	67
63	64
53	56
58	64
36	63
69	75
61	68
17	51
35	67
60	51
56	54
71	77
59	63
40	70
65	66
62	68
34	63
40	70
75	78
25	60
51	55
32	65
49	65
59	70
69	69
66	65
32	69
60	67
65	70
31	60
58	60
54	68
60	67
66	67
56	58
42	71
62	63
25	62
86	82
51	59
73	75
54	57
58	70
72	72
65	63
76	81
39	68
28	52
24	68
39	70
69	71
67	68
26	58
60	65
57	64
73	70
32	62
67	70
36	47
16	64
48	57
18	52
70	69
72	74
67	68
27	70
64	62
69	70
66	68
64	63
75	74
65	66
56	65
72	75
78	76
20	56
20	73
57	63
54	70
71	68
45	60
61	65
70	75
62	65
63	73
53	54
20	56
62	67
77	78
34	68
66	67
59	59
32	74
84	86
68	71
12	65
22	68
74	77
47	52
56	57
69	67
33	72
60	72
72	67
50	65
63	62
16	55
70	74
32	75
60	60
16	57
55	64
40	65
62	78
62	66
43	56
67	66
65	68
35	75
22	66
50	68
58	59
28	71
70	67
62	62
77	75
56	57
61	61
26	73
74	75
45	60
76	77
62	63
60	66
69	75
35	71
65	69
50	52
53	57
54	69
59	83
54	67
38	76
65	68
34	70
65	69
30	66
80	80
64	66
61	73
45	54
66	70
17	69
61	65
66	71
48	57
22	75
35	69
80	81
44	55
25	65
33	68
67	66
57	67
45	64
72	70
69	69
68	68
48	54
13	67
63	64
56	61
59	60
64	69
21	69
52	66
70	73
67	68
18	65
65	73
29	61
50	60
23	63
39	54
66	65
15	68
47	56
70	72
51	56
46	65
48	56
37	65
64	67
71	72
56	58
75	74
65	68
60	66
45	49
53	55
23	65
38	80
65	66
30	71
18	64
24	66
22	59
65	66
51	54
62	65
59	64
62	63
62	68
54	62
25	60
24	62
52	74
38	61
65	70
65	72
34	66
58	62
55	72
73	73
58	66
52	60
70	68
45	79
55	65
60	74
53	57
48	62
25	62
35	78
48	68
53	62
66	68
48	62
71	75
64	63
23	69
35	76
24	66
22	60
23	66
54	64
75	77
57	66
39	52
67	67
62	63
61	60
58	53
49	60
18	67
62	65
69	72
56	66
61	69
50	52
45	62
50	64
36	62
63	71
75	80
77	75
59	72
56	57
55	75
70	68
49	70
34	68
44	57
54	56
61	66
72	70
76	72
60	57
61	67
33	71
28	62
59	66
62	73
57	65
44	82
72	68
50	49
66	66
20	62
48	55
80	80
64	65
70	73
31	47
54	68
61	64
60	63
34	57
62	67
14	64
35	84
74	73
31	65
41	68
22	63
33	60
40	49
51	53
19	65
64	69
74	79
13	57
68	68
34	66
57	64
59	66
63	69
24	61
45	65
73	71
41	72
77	80
68	67
52	68
34	64
66	67
66	69
36	70
30	68
68	76
18	53
76	77
20	69
58	67
54	62
64	71
60	68
60	70
43	67
66	71
21	61
56	62
40	71
20	55
61	63
57	70
77	75
34	63
23	75
69	69
54	79
31	57
25	49
58	66
70	70
53	58
29	64
59	66
58	64
24	58
59	66
28	66
52	57
58	66
64	62
14	68
46	52
38	68
59	64
43	51
73	73
68	71
61	64
39	72
50	54
26	55
58	59
51	51
79	82
36	62
50	58
68	71
57	58
65	67
70	62
40	68
60	80
55	53
66	70
55	64
75	73
58	59
68	66
31	71
65	64
61	65
55	68
63	70
71	72
16	66
30	67
24	50
70	69
53	63
22	60
60	61
72	72
78	78
71	70
79	81
30	74
52	65
84	82
39	70
62	70
76	75
63	62
74	82
62	74
18	68
25	60
64	68
35	66
65	67
67	70
33	62
50	65
48	58
54	54
76	73
55	66
16	59
27	75
60	66
27	68
61	64
24	63
53	72
39	49
41	61
55	59
53	58
16	55
48	52
45	59
40	49
41	71
31	65
76	76
64	63
50	52
55	61
24	67
61	67
69	66
65	71
24	68
57	69
58	61
19	73
23	57
58	61
33	51
38	74
65	69
65	65
19	67
72	71
72	69
42	65
48	60
72	72
12	63
70	74
20	53
61	69
55	60
75	81
34	64
73	74
59	61
61	63
62	66
57	60
52	53
43	62
24	71
19	63
60	63
53	57
57	55
64	88
44	51
41	48
29	60
20	65
27	63
62	66
53	57
65	70
62	69
47	71
31	69
29	71
19	60
69	73
32	63
29	55
63	69
66	65
73	72
58	62
32	72
38	57
48	66
72	73
67	68
16	57
60	74
63	69
51	58
55	57
45	74
21	52
18	58
35	55
18	56
34	66
62	63
62	64
63	68
67	65
43	79
50	77
59	61
57	61
47	69
55	57
29	50
62	67
60	68
52	59
59	63
69	68
46	62
36	70
40	75
40	62
28	74
55	65
56	67
60	59
32	72
59	62
70	74
26	70
70	72
83	82
59	63
81	79
55	59
44	63
38	68
44	64
32	54
70	70
16	50
39	60
30	69
16	56
61	62
60	66
42	72
65	63
39	66
34	66
67	69
64	69
63	67
31	61
67	68
52	64
71	67
63	64
66	72
61	63
62	66
61	61
52	60
65	78
70	67
29	74
25	69
19	63
35	78
35	72
16	61
50	64
37	56
73	72
28	69
60	68
58	63
33	65
59	58
55	56
55	53
27	67
70	70
24	62
62	60
63	65
73	76
63	70
63	62
56	60
61	66
62	65
47	49
64	65
27	59
20	66
70	68
71	74
45	54
21	67
69	77
56	63
50	69
20	62
53	63
16	62
70	75
48	61
62	66
57	63
20	67
64	68
48	60
68	69
57	66
62	68
54	67
44	53
20	70
68	71
58	57
59	60
65	70
34	75
63	66
38	57
64	62
14	54
64	68
58	61
33	63
37	75
44	54
57	67
80	75
65	65
18	63
61	68
68	65
61	65
51	65
18	52
64	65
18	75
35	70
65	65
18	68
51	51
60	65
68	67
25	66
61	65
65	61
27	74
74	75
65	66
44	62
32	52
40	71
22	70
43	66
42	61
23	68
55	62
69	70
77	77
42	68
61	66
56	62
44	67
64	71
35	48
73	70
79	78
32	59
63	76
23	73
32	73
16	57
57	63
69	69
57	65
48	70
67	68
63	63
65	68
53	59
61	67
66	69
65	65
72	69
73	70
51	55
78	79
59	64
62	72
33	60
42	64
34	65
62	67
30	58
73	74
24	62
67	67
46	74
59	59
71	68
29	66
75	71
26	56
40	71
59	62
12	62
70	81
62	71
62	65
59	60
62	62
60	57
17	52
46	55
21	64
66	69
71	74
66	66
50	78
50	51
60	69
33	72
72	84
42	72
38	69
62	66
64	72
17	63
65	66
69	68
69	68
35	66
67	67
67	67
27	72
58	60
42	55
67	67
49	58
79	83
57	63
32	61
33	77
89	88
72	73
77	76
22	81
70	67
58	68
55	62
58	70
72	77
69	75
20	67
18	66
24	61
40	71
29	69
30	68
12	72
64	65
56	62
65	71
60	65
34	74
59	63
44	73
51	55
37	71
33	60
55	67
32	56
34	79
27	69
18	50
66	66
78	76
60	70
30	68
24	63
83	83
22	72
63	65
64	68
19	71
66	67
52	56
27	66
74	69
43	57
53	61
53	56
15	65
54	58
73	77
83	80
62	78
68	71
26	63
57	61
77	79
28	68
81	81
68	66
35	66
20	55
59	66
66	68
61	65
53	58
44	60
62	65
32	71
58	57
52	62
69	70
70	71
64	72
50	53
61	64
63	67
55	63
21	72
56	61
64	70
21	59
35	51
49	83
52	58
62	72
19	66
41	57
49	58
65	69
12	49
55	61
63	71
61	67
70	63
55	60
55	72
22	61
42	74
67	67
76	73
60	70
56	56
62	68
58	61
50	64
56	78
12	58
38	58
53	61
68	71
57	67
68	70
67	68
15	75
66	71
36	70
62	64
71	75
52	55
61	66
59	60
51	58
37	63
68	71
58	62
78	83
60	60
45	62
40	64
26	53
64	66
54	53
13	54
19	54
73	66
65	72
63	67
61	68
64	62
62	73
60	63
78	81
78	76
66	67
20	67
34	57
25	67
49	62
81	86
68	71
35	64
39	63
64	67
60	69
56	64
36	64
54	56
22	65
57	58
64	66
63	62
62	71
25	72
54	58
45	58
72	70
30	69
66	68
69	70
21	64
20	66
65	66
63	65
41	56
62	65
37	47
68	69
47	62
36	57
40	80
62	65
45	72
12	54
63	68
39	67
61	66
19	64
53	61
29	59
31	62
71	71
15	67
55	61
55	62
71	67
68	74
66	68
22	68
57	62
33	65
50	53
48	72
38	71
62	67
80	82
55	61
72	71
43	52
52	73
32	76
27	52
44	51
50	58
27	59
76	77
18	65
20	51
63	71
20	54
72	75
61	61
34	65
60	69
61	63
17	56
60	65
62	66
63	69
62	73
60	67
65	63
74	72
11	59
40	53
60	67
21	70
71	77
59	62
65	72
61	65
60	62
61	64
52	59
20	59
78	85
84	83
76	74
61	65
62	70
45	79
63	65
67	66
69	64
49	52
42	68
30	73
37	68
44	70
21	58
78	76
53	58
27	64
48	57
52	70
55	57
60	66
61	65
50	60
49	59
21	57
70	69
39	74
19	64
40	75
70	75
60	65
42	61
35	52
58	64
45	70
24	52
69	64
61	68
47	50
58	60
56	65
17	62
55	60
58	60
52	64
64	75
39	73
59	73
46	72
61	66
71	69
21	62
55	61
59	63
28	62
22	66
57	60
45	69
47	52
51	64
71	70
61	65
59	63
77	80
42	68
40	71
18	58
68	67
58	60
43	69
22	70
64	69
50	68
61	64
62	63
43	74
62	61
42	69
60	70
65	70
45	66
22	72
57	65
69	74
14	70
56	64
76	73
69	71
25	67
40	68
22	71
50	68
66	69
56	60
59	64
68	70
27	58
37	74
20	62
35	57
63	67
47	62
72	71
57	65
66	68
65	65
61	65
50	48
54	61
50	58
24	66
53	66
65	69
22	71
57	56
58	67
67	69
59	60
39	74
64	69
37	67
25	71
25	62
58	63
55	65
24	63
60	61
64	67
67	69
23	65
31	73
65	64
76	76
22	67
14	58
54	62
76	78
61	63
26	71
60	66
53	61
36	61
64	62
22	72
56	64
71	73
75	76
61	74
18	52
71	70
63	69
74	75
60	65
20	68
49	59
28	70
28	68
56	62
21	57
29	65
63	65
66	74
73	73
55	62
60	62
68	74
23	56
62	65
31	69
39	83
40	81
58	60
21	54
28	60
66	72
62	60
39	51
59	71
54	56
35	64
66	67
58	58
62	63
57	62
26	55
72	69
57	64
66	71
67	67
64	64
66	68
77	83
50	62
50	56
67	69
57	65
63	66
44	70
45	85
56	57
40	73
71	73
69	77
21	68
66	66
21	61
36	75
21	70
58	70
58	60
71	74
66	70
33	66
73	70
61	68
22	62
65	68
70	67
38	64
59	64
63	66
39	66
50	52
62	65
71	70
66	75
31	67
65	68
64	69
36	48
60	63
66	68
32	63
61	62
56	65
43	80
64	67
70	67
62	65
62	66
22	64
69	69
71	72
17	59
73	75
51	55
40	60
65	71
65	69
64	65
65	66
31	64
65	67
60	62
60	60
66	67
62	70
63	70
57	63
44	56
54	56
34	48
71	71
15	58
60	64
39	58
37	63
52	57
66	65
42	65
60	60
34	73
48	72
58	68
30	57
51	54
59	69
42	87
34	55
68	71
53	72
66	70
66	71
65	66
72	74
70	75
74	77
34	55
23	64
40	67
26	75
35	65
22	66
23	68
65	65
54	64
54	63
64	64
70	72
45	70
53	56
57	68
63	71
56	65
60	61
27	60
70	71
23	48
32	62
61	66
42	57
69	69
62	67
43	62
60	71
35	70
34	71
55	73
56	58
68	70
69	75
50	65
68	68
27	59
64	65
64	66
55	55
12	66
27	64
45	51
70	70
27	63
41	68
52	55
25	68
25	75
66	65
32	72
16	49
61	64
26	55
62	65
78	74
65	64
33	71
24	75
34	57
63	63
71	71
50	71
73	71
22	68
37	69
50	68
60	66
18	65
60	67
60	63
51	65
21	68
17	67
72	71
46	56
62	65
63	63
61	64
59	63
47	64
46	73
83	78
23	63
82	81
61	66
45	70
75	72
70	70
59	63
39	68
40	69
33	67
49	58
71	73
22	69
10	52
71	68
21	74
66	71
68	75
35	61
62	69
44	71
66	70
22	68
50	54
72	77
62	64
67	72
16	51
33	74
70	75
58	61
22	55
54	61
71	70
20	55
66	68
10	72
33	73
61	64
18	67
33	71
58	65
64	65
44	54
66	64
34	67
38	61
70	73
55	61
20	73
45	71
47	72
69	74
24	73
69	74
28	70
40	70
34	59
30	63
17	64
61	62
56	58
72	74
70	72
62	62
35	81
16	61
24	63
84	83
56	62
67	76
68	68
46	66
30	66
65	65
73	74
59	62
60	61
62	64
44	63
22	62
12	66
40	47
69	73
44	59
20	66
43	55
39	68
56	65
57	69
76	74
64	67
53	60
60	73
41	65
31	58
53	68
30	67
57	63
63	65
39	59
59	66
63	69
63	68
28	65
63	68
70	69
41	67
41	58
59	71
72	76
21	57
31	68
66	68
22	58
23	71
45	62
26	78
20	64
34	68
27	65
56	57
63	63
69	67
69	72
65	67
60	70
54	61
69	65
62	67
52	57
70	69
76	76
52	62
40	69
29	63
73	68
61	61
60	65
25	56
65	69
67	72
50	67
18	68
73	74
51	57
58	60
36	58
59	59
66	68
64	67
16	60
21	65
77	74
18	54
60	62
23	63
25	75
36	69
13	60
39	69
36	75
63	66
64	71
55	66
39	58
56	67
68	77
45	59
28	55
45	69
19	60
68	69
18	60
61	63
52	58
48	68
79	77
65	67
60	63
29	54
65	65
43	80
41	56
73	79
24	76
65	67
24	78
37	51
61	74
67	69
16	71
44	63
23	63
12	51
54	53
60	64
29	59
29	55
83	83
76	74
53	65
36	49
16	50
28	50
70	77
26	69
61	62
73	71
55	63
16	68
41	67
21	73
41	65
18	65
71	73
68	70
64	66
68	68
80	87
37	66
65	67
70	73
17	64
63	71
40	56
52	68
65	65
54	67
29	62
30	64
28	69
76	70
72	75
62	61
42	81
63	70
62	60
44	70
72	75
33	59
34	64
62	67
62	59
62	63
18	69
26	69
74	75
55	62
14	64
59	66
73	70
29	71
66	67
66	68
57	58
74	74
22	60
35	66
43	72
65	69
68	69
21	70
21	65
59	59
67	70
63	64
47	80
68	68
62	67
64	65
25	67
30	72
58	62
63	62
32	65
20	64
69	74
68	67
79	77
49	60
34	87
22	69
54	66
60	71
68	67
61	68
69	67
20	60
68	69
80	79
31	75
50	62
65	72
59	65
62	68
54	69
53	60
33	66
71	73
24	73
50	50
61	63
40	73
72	73
57	59
72	79
63	63
75	77
65	71
17	55
71	72
31	57
69	75
26	78
46	54
68	71
48	50
25	49
68	68
73	71
73	77
60	62
40	71
61	66
81	78
41	67
49	59
57	61
65	63
61	67
59	63
69	68
51	60
37	64
45	57
71	71
84	79
30	61
38	65
63	66
81	82
58	59
74	73
24	69
61	60
60	64
29	73
54	57
61	62
55	69
37	65
77	78
55	67
33	57
53	60
61	63
57	53
67	65
44	58
65	66
59	67
75	76
61	65
58	62
54	66
61	65
20	74
62	64
72	68
61	68
52	65
16	73
21	65
30	59
21	55
67	74
61	64
34	60
68	69
28	64
54	63
70	69
51	56
62	65
17	55
37	73
83	87
62	59
79	75
72	70
52	60
66	66
56	65
56	65
47	63
71	70
60	57
56	58
54	59
48	57
16	60
61	66
35	70
51	71
80	77
52	67
73	74
27	74
23	66
72	72
71	72
64	64
53	56
73	73
53	69
20	59
15	53
76	74
62	58
10	58
68	70
74	75
67	68
60	59
52	52
19	55
52	79
46	54
61	62
59	67
33	69
61	63
42	52
30	66
28	66
70	70
65	71
28	65
50	50
38	67
72	71
51	65
47	76
43	77
40	65
26	70
62	71
30	76
28	64
18	66
48	53
69	73
64	67
56	62
19	57
80	68
56	68
64	75
18	67
67	71
54	60
61	66
25	63
63	64
53	58
23	70
58	60
67	74
17	72
77	79
64	66
87	83
57	63
81	76
46	62
48	61
41	56
49	71
53	60
75	81
65	69
61	62
12	53
64	66
69	70
22	74
65	69
64	71
62	67
75	73
12	57
45	58
67	67
22	51
30	73
57	63
77	79
47	52
55	52
61	67
34	59
26	63
34	84
68	67
54	59
19	76
42	81
20	70
65	65
28	62
71	71
23	77
61	64
49	60
62	60
64	71
62	72
73	72
41	78
70	74
12	57
30	59
20	67
71	72
54	65
68	72
30	56
11	53
70	72
63	65
11	61
88	84
54	65
33	63
72	69
61	63
41	65
58	63
69	70
70	69
17	61
70	70
63	63
19	58
19	68
63	68
63	63
59	65
47	64
64	65
68	75
64	69
56	56
54	50
81	79
65	65
58	61
65	62
73	74
72	70
54	59
28	63
59	64
76	73
61	68
65	66
50	59
64	62
34	66
66	72
19	72
59	64
52	74
69	65
58	60
21	69
46	50
66	72
77	78
38	55
25	74
41	63
51	64
41	69
70	77
56	60
57	73
62	65
33	67
65	68
78	76
40	83
68	70
20	66
63	64
20	62
65	65
71	77
42	62
45	78
65	71
27	61
34	56
27	65
61	68
45	62
29	66
55	63
37	47
18	73
54	59
27	62
52	58
14	63
50	72
48	55
47	65
26	78
21	57
57	57
67	70
25	71
26	75
29	68
55	61
59	68
55	61
41	57
65	60
63	64
64	64
69	74
64	65
41	69
71	73
21	69
70	71
66	71
35	55
61	68
41	77
24	67
73	80
17	60
70	72
61	67
45	67
66	66
24	66
65	69
37	67
55	56
12	63
51	66
57	62
29	79
39	62
67	68
80	78
59	63
45	66
24	64
46	74
35	68
18	63
52	60
42	55
62	64
32	60
16	53
72	78
47	56
39	73
32	86
49	63
40	63
16	51
26	60
39	63
33	64
74	75
30	53
62	70
52	55
69	73
18	77
66	70
63	68
61	76
24	59
65	68
36	48
44	61
60	65
59	76
70	71
61	63
72	74
57	63
70	70
49	60
80	78
24	70
36	63
53	58
56	61
58	61
23	62
52	59
65	67
54	61
69	68
61	59
37	59
18	55
66	67
77	77
62	67
28	60
66	69
64	74
68	66
37	74
50	63
56	65
54	72
42	84
62	61
30	65
67	70
66	70
40	63
44	75
70	70
20	70
63	66
69	67
64	67
69	68
63	67
63	58
70	74
37	65
65	68
36	72
65	69
74	73
39	52
25	58
65	76
69	70
55	65
30	59
57	61
64	66
52	59
52	63
36	70
64	64
54	78
62	68
41	67
14	64
68	65
68	67
62	62
65	66
82	80
24	67
