69	71
41	61
64	68
50	52
58	67
57	59
80	76
68	68
65	60
47	70
44	62
64	72
36	54
59	67
72	73
70	66
54	67
70	64
54	70
60	74
66	63
47	68
71	70
65	67
53	49
59	68
49	52
66	68
66	65
53	65
45	59
75	74
72	73
52	51
70	70
64	68
62	67
78	74
81	76
66	60
68	73
79	81
63	63
50	67
58	65
70	61
61	67
71	70
25	65
41	61
53	57
64	77
53	48
51	63
67	61
68	69
65	66
66	64
47	75
75	68
73	80
61	62
53	51
77	70
67	70
59	75
68	65
84	79
43	61
58	73
40	66
80	68
44	47
45	80
60	60
61	63
39	70
60	53
73	71
63	69
62	63
69	66
27	63
64	68
60	52
65	78
64	76
64	71
57	73
37	53
66	73
48	61
55	61
71	69
82	71
83	61
62	67
58	61
60	63
51	64
67	64
76	74
70	82
41	72
57	65
59	62
82	70
86	73
58	70
65	59
57	80
45	48
60	59
75	67
35	73
63	77
69	63
78	71
51	51
58	62
60	62
67	70
74	73
68	75
68	65
74	75
34	64
67	71
56	59
52	58
74	75
44	83
58	67
74	78
50	54
66	68
55	63
68	71
62	66
70	71
29	52
66	70
57	79
54	71
43	57
41	69
73	63
65	68
86	78
63	62
55	53
70	67
42	53
66	64
33	51
55	61
62	70
80	75
73	68
74	72
41	56
75	66
61	59
27	65
36	69
48	64
80	72
65	74
81	74
67	61
65	59
69	62
50	52
61	58
74	70
39	53
79	62
74	72
74	70
68	69
57	70
73	68
60	63
55	62
60	75
75	81
61	61
72	62
66	61
63	71
37	61
59	64
64	64
69	67
78	65
58	55
55	61
55	67
58	65
73	73
57	67
78	76
59	56
47	65
67	66
63	63
45	57
83	77
41	67
66	73
34	57
67	64
55	60
70	67
82	72
74	71
62	67
69	73
66	62
76	72
65	70
68	70
68	58
62	62
52	62
47	62
75	75
65	66
77	68
38	68
45	72
55	58
32	57
67	68
71	70
62	66
53	57
85	67
36	70
78	74
40	63
56	60
70	69
78	76
44	61
67	65
78	65
59	68
55	59
38	66
40	55
59	70
70	62
65	68
51	63
78	73
71	65
76	73
71	71
73	67
41	63
46	63
54	59
65	63
34	69
69	64
66	66
62	61
80	73
49	63
54	69
67	70
61	56
60	62
40	59
51	62
59	61
60	67
35	60
45	62
64	67
70	70
64	65
82	73
40	60
69	61
70	72
54	59
56	70
48	58
52	70
60	73
55	58
55	66
50	61
52	59
60	74
70	73
42	63
73	70
37	56
53	58
79	65
66	64
61	62
62	61
72	69
43	49
61	61
56	65
64	66
65	61
42	71
79	73
50	62
60	64
72	73
86	84
32	65
71	75
40	55
64	65
69	69
55	82
46	63
70	65
43	47
41	74
56	62
55	57
76	68
55	59
58	58
56	47
48	70
73	66
34	62
65	80
80	82
78	74
26	70
38	60
48	65
47	62
30	61
71	65
57	67
67	75
73	73
65	82
35	65
69	61
51	65
60	60
48	79
58	65
57	64
37	63
76	68
59	68
75	73
78	68
84	81
59	57
59	64
61	74
62	60
71	69
40	52
81	83
74	65
66	70
48	58
41	64
30	62
73	58
72	82
50	63
37	76
70	68
71	71
78	71
46	64
60	64
52	61
69	66
79	70
57	66
62	66
34	47
63	65
44	66
52	56
48	66
73	82
69	69
69	67
76	69
43	59
75	66
41	54
50	63
39	63
74	71
82	78
69	68
60	73
52	63
61	61
72	75
61	70
73	74
70	67
78	64
55	61
69	62
55	62
66	66
42	79
33	64
72	68
48	69
59	66
42	61
71	68
62	65
55	61
59	65
65	62
66	77
67	74
63	55
44	58
66	72
63	61
37	57
71	63
77	64
58	65
64	69
72	62
71	73
60	63
59	63
64	61
81	74
56	52
42	58
63	62
66	67
82	70
63	66
42	64
73	78
68	76
51	57
64	77
52	57
54	56
57	57
54	74
48	58
36	57
33	63
49	65
73	72
69	68
68	69
57	67
60	59
70	62
65	65
70	67
64	67
55	63
76	70
83	68
73	74
46	59
61	64
72	61
66	68
44	71
67	68
59	58
63	66
35	51
71	72
53	55
68	66
61	62
77	70
59	75
67	64
55	65
50	62
75	77
82	68
86	86
74	75
91	70
55	64
62	61
67	69
48	55
66	69
81	73
61	60
71	68
55	64
72	65
83	78
41	61
49	72
58	67
52	63
73	77
76	67
68	75
66	67
67	72
40	76
84	72
49	62
67	62
30	59
58	69
70	78
42	61
78	60
66	72
87	78
68	67
85	75
35	68
78	71
76	69
77	78
59	72
67	69
63	73
48	58
57	65
66	64
49	61
52	58
77	73
55	70
65	70
56	66
60	66
50	69
86	69
82	79
41	62
54	64
31	58
65	51
51	51
75	78
67	70
70	68
58	68
66	64
45	65
58	75
71	59
37	62
65	54
62	68
60	56
57	62
50	65
72	70
61	63
34	68
58	59
40	60
55	59
68	69
73	82
36	66
34	70
54	61
65	65
45	57
60	64
32	53
45	69
50	72
46	64
67	75
64	66
50	73
55	54
37	65
31	61
66	59
66	66
69	60
32	67
52	74
53	47
53	57
34	76
51	60
72	75
70	61
68	65
66	65
46	82
79	75
76	74
61	74
48	60
62	60
77	77
41	71
60	68
51	62
62	64
59	47
31	65
79	64
65	75
78	78
75	59
35	62
40	61
67	65
30	59
61	62
45	70
56	64
61	75
64	68
77	89
65	69
67	62
62	62
63	70
26	78
57	65
38	53
41	58
43	66
52	64
61	62
65	60
55	63
64	68
31	61
77	70
59	58
69	67
43	51
63	74
64	75
83	69
57	72
69	69
37	67
73	74
47	56
51	67
44	62
52	62
73	70
77	79
29	59
45	58
52	52
53	64
68	68
58	57
42	58
64	65
62	66
72	70
78	77
31	59
65	69
60	59
65	69
67	64
50	64
73	81
72	71
66	65
59	65
51	66
49	58
72	69
80	73
57	55
66	73
45	67
62	72
85	70
74	71
68	62
77	63
80	70
64	68
51	68
47	63
69	64
60	59
73	66
62	67
58	78
61	56
62	67
52	59
64	68
65	69
71	75
58	64
77	89
60	68
61	59
50	75
66	69
58	65
35	65
72	71
61	68
61	63
41	74
39	73
57	64
79	75
66	66
62	54
57	54
60	67
49	70
76	69
74	70
78	73
53	70
62	73
61	71
31	60
65	62
62	64
62	60
64	65
71	64
48	71
43	60
50	58
37	55
53	60
71	67
75	63
56	68
52	52
54	62
56	71
56	68
63	72
52	64
53	54
60	55
58	74
68	69
62	68
70	68
59	61
62	65
72	69
61	61
65	65
48	59
74	79
45	57
63	76
63	66
56	62
52	54
69	68
68	87
79	73
68	66
45	63
66	66
24	57
76	74
37	73
62	68
41	66
32	66
59	72
76	77
70	73
51	57
61	74
41	69
65	63
76	62
62	58
69	68
76	76
61	60
57	74
54	47
49	67
66	66
45	58
48	64
67	69
65	69
61	69
32	71
52	69
56	69
51	67
76	69
57	70
59	62
55	57
76	76
47	75
67	61
55	64
68	73
67	68
48	66
51	58
72	67
68	71
53	73
69	68
65	67
78	80
36	61
54	69
59	71
72	71
42	68
69	69
41	67
38	52
63	74
55	67
43	68
50	53
55	60
48	57
71	66
39	64
45	58
58	59
66	66
50	51
71	67
67	64
74	70
63	63
67	67
61	69
59	62
78	65
54	58
44	66
40	55
68	77
60	60
59	60
76	71
59	70
71	65
46	52
63	54
60	73
39	56
40	61
30	59
55	61
63	69
76	75
60	59
38	77
59	63
68	67
45	69
54	64
71	71
48	58
63	66
46	54
84	70
57	63
62	58
49	54
45	57
85	78
64	69
50	57
53	65
59	68
55	60
71	67
77	76
63	66
33	63
72	70
71	69
45	74
43	49
61	82
54	60
76	68
60	60
69	61
57	55
65	71
71	75
62	69
67	66
67	65
68	73
66	72
63	66
60	60
65	81
62	67
64	65
55	66
64	70
56	60
58	70
69	66
60	65
68	74
60	62
64	62
70	66
76	78
70	66
57	58
51	54
57	67
62	70
79	64
66	72
30	63
30	69
36	60
60	69
45	69
75	73
75	63
80	84
73	73
72	82
60	63
78	77
59	64
72	71
61	51
60	65
76	70
59	63
49	63
41	58
68	65
78	73
61	63
70	67
49	72
48	77
55	72
44	75
66	67
75	72
86	86
50	60
55	87
75	75
35	67
47	67
64	69
49	64
48	53
65	63
39	68
26	59
73	79
26	59
53	62
69	64
83	76
70	65
70	68
55	72
45	61
78	80
73	78
62	60
76	78
78	64
42	56
53	56
69	69
77	73
60	66
29	53
57	65
56	62
47	58
60	58
55	73
27	69
71	62
58	70
78	72
66	67
66	65
69	67
57	61
50	58
76	80
56	75
55	75
73	71
67	66
31	65
39	56
27	49
60	75
48	56
41	56
77	70
48	65
44	67
62	67
66	67
51	59
61	60
48	54
60	72
68	67
70	67
54	63
53	53
62	64
44	50
54	58
54	64
71	64
77	78
52	64
73	70
29	53
67	71
52	60
43	60
82	77
65	68
46	53
59	65
55	60
60	77
62	65
84	79
75	82
35	58
38	65
30	68
71	67
84	79
83	68
48	61
70	68
29	63
50	61
68	68
57	63
68	73
57	63
51	67
63	65
51	62
41	67
56	63
62	64
42	64
48	67
60	78
75	70
57	69
44	65
56	64
79	77
77	66
53	64
55	72
46	63
31	70
45	55
46	69
46	62
47	68
73	70
51	66
50	60
52	68
68	68
70	64
54	70
56	58
57	61
58	64
41	55
61	65
61	65
55	69
70	77
71	74
61	73
46	67
41	62
41	68
38	54
58	60
57	68
62	70
49	62
71	68
61	56
46	54
58	60
46	52
82	77
48	62
70	67
66	75
69	61
73	70
70	74
48	69
44	65
33	65
74	72
70	65
65	68
60	67
69	67
85	90
59	69
60	68
61	69
51	57
76	79
26	62
62	74
65	70
75	69
60	69
54	60
70	67
64	85
69	69
47	64
25	63
77	65
59	55
50	51
54	64
74	72
68	58
35	66
70	64
69	75
44	58
66	64
59	66
72	72
69	69
68	76
68	67
36	76
62	82
61	58
77	68
33	65
82	82
42	70
63	68
65	62
51	60
55	62
85	64
48	60
69	71
41	63
57	70
59	62
60	63
45	55
62	64
78	71
61	63
52	77
66	63
69	68
32	63
71	63
76	72
45	61
62	63
47	60
26	62
70	66
68	59
75	74
65	65
35	66
45	67
45	67
57	74
58	64
44	61
48	65
72	77
51	67
56	60
62	64
30	72
32	60
51	56
58	60
70	67
70	62
67	72
60	65
45	56
61	66
71	62
66	70
64	67
42	66
62	61
66	73
72	66
83	70
27	52
68	64
72	66
49	64
51	71
54	67
51	58
67	70
48	74
35	64
30	65
65	61
49	68
67	59
65	66
50	62
39	74
53	57
74	68
68	68
57	66
49	57
65	76
67	70
64	62
73	65
78	68
71	76
44	69
51	71
77	83
77	66
64	67
75	74
64	68
70	66
61	57
91	82
40	58
55	61
75	68
49	65
80	69
72	73
71	70
55	58
70	69
69	64
40	52
71	70
27	60
61	71
63	66
66	67
61	68
45	68
33	66
54	68
69	69
73	74
67	64
65	64
69	66
53	55
70	67
68	74
68	79
63	67
68	69
58	66
63	69
59	64
65	69
66	54
40	64
55	59
71	68
66	65
75	73
39	56
28	61
68	69
31	71
71	67
43	68
56	72
70	71
42	58
35	64
64	63
66	65
71	72
57	65
80	67
60	69
55	77
53	65
55	50
67	67
59	68
62	64
63	65
42	56
32	54
68	67
70	72
69	63
78	70
69	69
66	76
68	65
64	67
55	65
73	75
63	74
65	71
71	60
53	56
63	67
55	68
73	61
84	82
59	65
78	75
67	74
65	69
65	61
87	74
48	66
85	71
55	53
26	53
56	73
57	67
62	64
54	79
55	61
65	58
65	64
76	68
49	58
67	66
72	69
81	68
80	82
68	68
88	74
40	52
29	73
59	68
68	65
46	62
39	52
62	63
80	67
81	68
67	62
55	73
31	64
60	63
59	66
75	64
66	78
71	72
29	57
32	65
80	73
48	61
53	64
65	68
50	64
58	66
70	69
59	55
27	56
55	63
50	62
50	49
67	63
56	70
47	63
56	48
57	58
46	60
74	66
75	73
68	65
46	61
56	62
69	64
62	73
84	67
62	68
60	69
75	72
63	56
40	57
47	69
46	54
53	81
52	71
58	47
57	53
69	64
79	72
59	57
38	65
49	59
61	66
51	62
69	59
48	69
50	60
71	70
63	68
66	69
67	64
28	59
48	67
55	49
60	64
65	61
63	65
64	61
54	56
61	63
71	68
49	65
52	69
66	69
50	48
63	70
73	58
50	64
68	66
65	62
65	62
34	68
70	64
72	63
66	65
70	66
60	65
63	64
58	63
53	65
88	77
76	68
66	64
58	63
66	63
55	62
56	63
46	63
44	56
60	67
32	63
77	89
31	56
58	61
68	67
60	69
66	65
65	66
80	74
71	72
79	73
44	61
68	68
68	65
46	61
63	67
63	60
65	72
48	53
54	59
52	66
56	63
66	66
66	72
54	78
57	67
57	59
55	56
60	62
59	71
63	64
76	68
78	67
63	77
54	60
76	62
51	71
43	49
55	72
78	69
73	67
50	62
70	70
50	61
45	69
66	63
68	74
57	56
71	67
63	60
80	63
75	66
65	61
68	76
83	80
52	60
66	68
60	63
54	58
59	59
30	64
75	81
52	72
62	65
65	65
77	73
62	82
62	65
74	63
65	74
75	73
45	64
61	66
60	66
62	65
49	60
28	58
60	63
74	79
62	68
61	59
27	50
64	59
52	58
53	63
53	64
62	67
58	62
51	55
39	62
77	77
53	65
76	70
71	68
52	56
66	67
70	68
55	62
68	67
50	61
70	69
67	70
67	66
84	78
60	62
62	67
61	63
84	77
76	71
58	68
62	73
75	74
70	72
53	64
53	69
56	58
76	76
38	72
66	63
68	72
69	68
58	76
65	72
74	70
30	56
65	74
69	81
43	69
66	65
70	72
46	72
29	50
47	76
63	68
35	66
60	59
74	68
64	66
54	64
70	64
61	62
42	65
83	81
61	67
25	50
59	62
51	62
52	69
77	70
51	64
56	64
68	67
63	62
76	79
45	76
84	63
74	73
57	60
47	50
53	64
66	69
52	57
65	68
65	62
60	59
51	58
54	65
81	62
38	47
62	63
53	51
49	63
56	63
49	71
73	71
52	70
51	59
71	67
34	69
40	63
46	66
63	64
74	66
51	61
68	62
75	80
75	71
82	79
50	54
74	77
48	66
67	66
60	65
34	63
69	64
57	52
70	62
38	55
70	66
68	69
72	63
43	69
66	60
50	79
76	80
55	59
75	66
59	64
75	67
60	72
80	68
62	64
54	59
51	64
32	68
73	74
70	67
55	67
74	67
75	62
83	87
41	67
59	65
62	73
33	51
60	68
56	72
54	57
78	72
70	73
56	62
28	56
61	64
38	66
55	60
82	71
53	57
69	71
72	74
40	68
63	63
75	77
61	61
70	77
50	57
70	67
65	71
70	70
45	60
66	65
73	68
68	69
66	66
45	72
67	60
68	68
55	61
55	62
73	69
62	62
58	67
44	74
66	67
41	75
75	67
30	62
69	68
62	76
67	73
69	61
60	61
70	68
30	66
74	64
58	57
49	67
39	55
63	60
79	72
57	54
66	74
66	68
59	68
61	55
45	66
62	82
55	51
55	61
77	72
54	55
74	64
25	53
49	75
39	60
87	88
59	63
67	62
64	78
64	69
75	71
54	62
63	67
48	60
57	61
74	72
81	62
52	64
41	59
46	62
79	71
55	60
68	71
69	70
62	66
70	75
77	83
67	71
86	77
78	73
47	57
67	60
66	63
41	60
41	60
69	70
49	53
68	68
68	63
66	66
45	65
43	57
78	71
72	74
71	74
74	64
51	64
66	63
43	69
69	71
68	70
24	69
68	66
75	62
54	52
66	77
50	66
56	60
56	61
73	75
56	62
59	60
70	67
78	70
30	65
60	63
61	62
75	78
53	65
46	63
70	72
61	71
41	57
75	71
76	61
63	70
61	57
39	55
53	59
60	76
65	60
73	73
69	70
76	68
63	61
41	59
66	65
72	70
60	61
56	65
36	54
55	55
62	66
60	63
65	72
47	65
45	57
57	62
31	62
24	65
61	64
60	64
59	73
62	60
32	65
78	84
62	77
59	64
75	67
65	61
62	63
63	67
49	56
56	69
38	64
58	60
66	56
47	69
67	65
66	71
76	73
65	73
68	72
58	64
58	64
57	70
74	77
70	67
48	72
48	65
66	68
37	57
83	82
59	54
50	76
65	63
61	79
40	67
84	74
72	71
50	48
80	65
92	67
49	77
74	73
53	63
42	57
63	71
56	64
88	73
77	76
36	70
53	66
83	71
61	69
37	63
52	66
28	57
26	52
46	66
45	55
79	77
60	66
51	69
61	64
41	62
70	66
53	67
59	61
86	69
70	80
65	64
69	67
71	74
62	79
55	59
77	66
71	68
68	73
72	72
48	57
52	71
76	77
66	67
85	80
74	73
73	59
42	53
48	66
46	60
69	64
60	62
69	66
64	64
53	61
56	59
47	62
60	58
67	65
39	63
38	62
63	72
74	67
32	70
64	72
41	57
53	56
67	64
61	84
84	76
58	63
35	66
70	65
52	58
36	53
45	89
64	66
50	59
76	73
75	73
44	53
59	64
70	64
82	70
55	74
70	70
56	69
60	58
61	76
60	65
42	70
81	70
36	56
43	57
58	67
89	82
58	65
41	54
29	64
60	80
58	58
57	68
54	63
85	82
70	74
56	62
68	78
57	61
84	73
69	75
61	63
65	70
61	61
57	61
46	53
50	78
82	72
75	78
55	77
78	78
73	68
67	64
70	68
75	67
62	66
64	68
63	65
60	61
73	75
50	59
61	63
69	70
58	69
46	67
60	66
48	62
58	62
77	71
85	79
73	64
37	69
74	59
27	51
46	53
55	66
31	58
61	62
50	53
69	72
62	62
63	68
52	47
55	58
68	68
66	81
40	65
59	71
47	65
57	67
29	61
35	66
66	61
83	64
37	58
78	74
51	74
47	70
57	62
85	79
64	72
58	61
48	55
58	59
69	71
52	62
53	52
72	68
67	69
28	59
58	69
33	76
48	69
75	70
65	61
66	82
61	67
33	65
64	75
68	71
67	66
55	67
47	62
40	62
66	61
66	68
61	66
68	75
65	72
48	63
67	62
55	63
56	59
58	63
55	62
56	62
44	66
27	62
30	60
58	68
61	68
56	60
71	69
70	68
68	65
58	78
34	66
74	69
64	57
75	62
65	69
30	68
76	73
50	66
64	68
84	85
57	68
72	66
66	64
62	60
71	61
67	67
28	68
65	65
64	67
70	73
69	64
57	58
81	62
73	77
83	79
60	60
57	68
54	48
25	54
56	66
71	72
40	67
63	60
72	62
61	64
65	83
64	67
74	76
86	69
55	67
45	71
78	74
48	51
45	58
66	66
68	68
62	62
69	59
69	73
45	65
72	69
51	70
60	58
80	76
72	65
34	67
64	63
68	72
40	55
69	66
67	70
44	72
45	67
38	60
58	64
37	72
62	62
78	76
61	66
70	67
72	67
59	66
64	65
68	67
79	74
47	74
57	55
54	63
80	72
52	53
52	65
58	71
47	66
53	63
59	64
65	70
30	52
70	70
51	73
74	70
70	67
70	78
63	71
31	62
44	65
68	59
74	57
67	61
45	53
49	66
32	55
35	61
58	69
59	69
76	74
42	59
67	60
71	64
59	63
52	63
74	79
47	72
59	66
59	64
59	75
65	59
59	63
65	70
58	70
72	73
73	68
67	67
59	64
60	62
74	67
85	69
51	62
52	58
60	63
49	62
75	69
65	68
65	54
51	47
77	77
70	64
62	58
42	70
45	51
53	58
68	67
56	57
48	61
33	57
77	78
49	68
60	63
40	53
79	80
66	78
71	70
66	67
52	59
27	58
48	61
55	64
68	66
56	79
71	67
61	59
86	82
54	68
64	72
64	59
57	57
58	64
70	64
58	59
41	57
67	76
31	61
85	71
66	65
68	68
72	70
70	67
64	68
40	70
60	67
77	78
49	65
57	59
44	69
54	58
84	77
60	73
71	68
44	60
44	57
45	82
65	63
79	69
77	70
75	75
60	70
73	71
61	57
58	67
56	64
44	64
58	67
73	66
53	60
58	70
62	66
59	68
73	72
39	59
76	73
68	67
55	62
60	63
60	62
67	71
42	69
42	63
39	72
65	73
65	77
60	70
59	60
75	77
70	70
43	56
76	70
36	66
62	61
42	56
69	65
35	72
29	62
69	65
71	74
70	70
86	72
44	72
52	47
78	79
66	70
56	61
73	69
67	62
47	51
31	65
66	60
66	60
46	55
46	66
70	67
43	68
61	61
59	64
53	63
35	62
42	50
61	66
57	70
43	72
61	63
57	67
50	59
39	56
45	82
56	60
31	51
66	69
72	68
50	71
54	55
64	63
66	66
36	62
38	69
50	73
79	73
59	69
60	71
45	76
57	66
51	63
55	64
56	65
58	76
48	66
61	63
78	65
45	66
62	62
60	63
49	73
68	70
77	74
71	71
55	60
65	69
65	67
65	68
82	75
75	70
71	61
75	79
52	50
47	56
56	66
45	66
52	58
53	57
77	69
64	67
70	65
43	56
55	69
35	57
44	55
51	64
62	62
54	67
59	64
46	67
74	75
50	71
39	54
61	71
65	78
65	73
59	66
45	58
71	74
36	66
68	72
61	60
40	71
73	72
76	79
69	76
57	67
76	68
70	65
61	69
45	56
55	57
51	62
72	73
28	68
48	53
67	66
45	77
56	65
57	52
81	68
57	78
63	68
48	68
32	65
75	63
62	63
81	75
71	66
64	69
75	69
52	67
79	77
47	60
36	67
54	55
69	77
55	63
66	71
67	61
70	77
66	71
55	68
67	66
55	65
37	77
88	71
61	72
84	68
72	71
51	64
67	75
71	67
70	70
48	53
61	59
75	71
62	69
72	64
58	53
53	62
71	65
65	66
40	52
54	54
43	69
60	66
73	69
59	67
60	66
51	58
73	70
59	64
63	63
69	72
72	61
62	63
80	76
59	73
63	65
60	63
55	70
41	63
74	68
53	65
59	62
73	70
67	69
71	72
71	75
59	68
76	74
56	67
36	59
73	69
73	69
57	58
64	66
73	71
72	69
41	76
62	61
65	64
67	67
66	68
60	70
68	62
70	68
80	74
70	75
77	74
57	65
74	69
66	68
58	62
86	79
78	75
56	81
32	61
73	72
66	72
45	67
26	58
40	57
55	68
50	47
44	58
57	68
55	58
67	67
78	76
49	59
54	59
53	61
67	69
65	68
76	72
73	71
55	52
82	64
33	64
79	68
91	81
59	69
32	53
34	55
58	62
55	47
45	59
51	69
76	68
52	64
51	56
65	70
81	74
59	66
68	68
60	64
63	59
51	60
61	65
61	67
67	62
75	67
81	67
76	71
59	67
39	58
80	79
53	67
76	74
62	68
47	76
64	69
40	57
59	62
59	55
49	56
80	65
42	62
35	61
85	72
58	55
68	75
71	63
35	64
79	81
57	59
66	66
78	76
55	70
60	57
72	77
29	65
82	82
45	54
61	71
64	61
45	55
55	69
62	64
62	68
31	57
83	82
56	61
73	68
61	60
42	67
39	55
55	65
68	65
68	66
42	62
66	62
78	74
63	66
61	68
64	64
64	72
58	58
58	60
72	68
65	64
53	66
39	72
59	60
56	62
54	62
74	79
68	70
63	73
63	74
65	63
67	76
77	73
39	60
68	59
62	70
64	60
65	60
41	64
64	57
65	58
57	65
62	52
34	58
70	66
80	64
54	60
48	65
58	68
32	68
53	68
35	63
49	59
63	73
53	74
65	68
62	67
63	61
65	70
62	64
80	79
63	70
58	57
53	70
55	56
48	69
80	66
63	69
56	61
72	67
60	60
59	70
58	53
45	48
66	71
74	65
60	69
44	60
75	71
78	66
66	67
76	74
84	70
84	71
51	60
65	57
68	72
71	71
77	66
60	71
54	61
75	67
64	68
48	59
62	66
80	77
67	72
45	69
63	72
51	61
55	60
74	72
66	66
53	58
52	49
65	63
65	62
72	74
78	71
85	82
82	72
43	79
70	70
49	65
68	78
48	60
40	53
51	63
55	65
62	66
74	70
29	66
62	65
56	56
39	65
60	58
78	67
44	62
77	76
84	75
36	66
49	72
68	68
58	66
66	60
32	63
41	62
68	64
62	74
81	88
67	67
66	68
41	67
68	62
60	59
73	69
71	74
34	65
70	69
64	67
51	69
74	72
66	71
81	80
66	67
26	50
29	48
67	64
65	66
40	66
86	83
60	65
73	75
70	71
62	62
79	63
55	60
63	63
68	66
48	62
70	70
68	67
72	64
42	71
54	69
31	55
62	63
38	67
68	62
66	72
56	59
67	70
61	65
70	65
55	58
70	65
68	71
66	65
76	70
59	69
71	70
66	62
78	69
52	57
60	61
37	64
57	64
44	59
69	63
65	73
84	84
64	68
80	70
84	85
66	61
51	70
66	68
83	82
44	72
66	61
74	72
56	57
46	61
78	79
51	57
63	62
71	64
58	65
57	69
60	74
74	73
57	70
83	76
64	64
47	66
78	75
35	53
74	66
31	64
53	63
62	72
49	68
67	67
51	63
67	66
50	59
60	60
80	69
40	62
32	63
54	73
37	63
77	62
70	71
55	62
60	62
68	63
69	69
56	61
73	72
65	67
58	70
50	60
42	61
36	69
59	62
71	64
63	56
59	70
66	64
67	69
74	74
59	58
72	72
67	59
69	68
66	68
51	63
57	61
35	64
53	59
59	60
65	69
69	69
54	58
48	70
79	68
56	63
68	70
31	61
66	70
56	47
52	65
36	54
66	58
28	62
54	50
70	68
71	72
84	78
47	82
54	61
56	53
58	72
65	67
72	62
71	70
50	65
65	68
71	76
54	52
43	65
91	68
63	70
85	67
33	68
39	65
75	60
55	73
45	59
57	62
68	68
54	60
80	69
65	58
69	66
61	65
55	68
46	60
58	58
75	73
61	61
76	74
68	63
50	71
54	70
55	62
49	70
81	78
48	54
32	69
70	68
62	64
50	57
46	56
71	77
71	69
27	63
70	70
75	63
70	71
70	69
48	59
32	54
29	50
69	70
58	67
46	62
62	60
70	68
54	60
59	71
55	68
35	69
59	63
50	68
74	79
78	63
64	63
66	73
63	64
75	72
60	78
47	57
55	61
74	76
61	63
68	60
66	67
71	74
62	63
38	68
76	67
69	67
63	63
65	68
38	68
68	63
86	80
42	72
65	63
67	65
52	72
88	90
53	67
73	78
41	63
71	78
76	75
68	72
83	75
68	61
58	66
76	68
50	64
51	64
68	63
65	70
69	58
67	64
78	67
41	52
39	69
65	67
64	79
71	77
45	63
65	66
71	67
42	53
59	75
55	62
73	68
67	69
73	87
66	74
55	67
54	55
64	66
70	63
61	70
61	63
41	80
53	53
78	64
63	73
53	61
49	62
66	68
75	77
78	75
75	72
54	52
82	74
65	70
64	64
45	66
78	65
54	63
76	79
42	68
47	61
56	53
60	63
70	68
55	64
66	67
80	62
56	58
70	72
65	68
90	66
48	59
81	67
73	70
67	62
72	71
52	68
77	77
69	75
40	55
70	71
44	62
82	83
68	56
82	72
54	67
62	64
54	67
31	56
67	69
62	69
47	56
59	60
73	67
73	68
33	56
69	75
68	67
51	66
64	70
58	70
57	60
56	57
33	73
49	67
69	74
45	75
41	69
63	60
66	57
60	63
53	68
75	66
68	68
74	67
53	55
60	67
70	69
58	64
52	54
39	58
63	84
55	60
67	72
32	59
80	78
84	80
69	67
79	77
52	75
58	63
58	68
68	70
79	77
62	67
50	63
66	58
68	74
44	66
65	59
50	71
51	58
30	65
75	68
60	58
54	53
78	75
58	58
65	74
70	73
60	62
67	65
59	57
50	61
42	73
36	61
62	65
72	67
77	82
47	54
77	70
67	70
41	75
52	51
55	54
60	65
42	61
60	61
45	55
55	72
45	70
55	64
71	66
74	72
34	72
57	57
82	73
38	64
47	57
65	71
72	74
63	71
63	63
60	62
41	64
65	67
69	75
63	65
61	62
68	65
48	74
40	59
61	65
60	69
52	59
46	55
57	62
57	62
76	74
50	66
62	60
61	60
72	59
45	78
27	59
78	66
68	74
63	69
73	70
66	64
69	62
40	68
60	60
61	66
53	63
49	72
31	57
45	76
53	64
41	64
61	63
58	73
56	81
59	64
78	73
67	77
79	68
63	65
73	70
59	55
40	71
73	68
66	66
40	57
72	70
82	71
31	69
73	69
44	64
58	58
67	64
56	65
71	71
41	69
55	66
51	56
74	68
73	67
67	73
55	68
69	66
64	55
30	65
47	59
32	50
67	69
68	72
57	68
67	67
67	64
74	68
46	60
84	72
47	65
48	69
58	61
65	75
65	61
72	68
73	74
66	71
66	60
67	63
35	56
28	48
80	75
66	57
55	61
62	66
64	61
66	68
84	78
51	73
48	75
65	65
51	58
41	63
58	59
42	70
72	68
73	65
42	56
71	68
88	78
39	73
47	68
62	63
57	71
53	67
66	70
72	71
55	63
48	66
61	67
76	67
33	75
55	61
54	59
56	59
63	68
59	56
52	59
64	68
60	72
58	66
51	60
62	79
67	71
48	60
59	70
74	71
64	58
69	70
54	56
58	71
50	64
47	60
52	57
80	76
67	57
62	65
41	64
64	64
75	71
49	51
81	79
76	68
65	67
65	65
61	64
49	58
66	59
60	65
68	69
35	70
49	56
79	71
62	67
75	69
47	51
60	51
71	67
72	63
82	72
57	59
74	71
64	65
77	76
79	65
67	66
69	63
36	72
62	62
55	62
54	68
66	62
76	78
32	67
48	84
63	69
39	51
60	72
51	64
69	69
61	66
38	57
74	64
64	62
58	61
85	68
78	76
77	74
62	67
41	70
62	66
54	58
57	67
53	51
58	64
56	52
59	60
60	63
66	64
63	57
65	74
40	67
60	58
59	64
56	73
65	64
38	62
79	82
57	63
64	69
72	72
64	73
54	55
55	54
66	69
64	65
67	66
89	85
52	75
74	70
38	72
38	71
67	68
59	63
68	74
73	62
69	77
63	69
61	63
60	56
46	58
51	68
47	57
62	83
54	55
36	69
63	63
44	63
67	67
78	73
64	69
66	70
33	59
74	69
68	71
58	74
59	77
52	55
53	66
64	64
44	67
51	74
68	67
60	66
70	65
71	67
85	79
77	67
43	58
63	65
62	65
66	73
67	69
70	68
48	62
68	67
64	64
80	78
57	59
66	67
49	65
71	76
65	66
82	78
51	67
57	76
66	70
45	59
70	60
70	64
49	69
59	68
76	71
60	61
62	66
64	64
84	80
47	55
77	73
46	60
65	68
50	66
64	65
56	55
44	56
62	67
86	81
44	53
68	70
69	62
83	53
61	59
48	65
25	62
52	54
65	67
55	63
65	69
60	60
45	47
77	72
78	78
48	63
71	70
63	64
57	77
50	82
60	61
69	73
45	75
59	61
44	66
57	57
72	68
85	79
68	64
66	61
72	73
77	76
55	54
50	54
44	67
59	63
83	67
66	68
38	54
58	55
63	69
68	69
42	68
47	61
79	75
52	60
61	63
68	70
65	64
63	65
51	60
70	82
63	57
91	78
61	62
76	68
48	76
47	61
64	67
64	61
55	60
62	64
46	69
60	62
58	62
65	77
54	66
58	54
72	67
75	73
34	60
66	67
40	66
38	57
79	77
59	55
58	61
70	64
28	52
78	71
51	62
30	49
73	68
41	72
58	65
84	69
62	67
64	66
62	69
76	82
53	57
51	61
83	70
55	58
67	73
65	63
66	68
42	69
69	67
66	64
65	69
77	82
66	65
54	64
79	70
70	67
55	54
65	66
85	81
44	64
49	66
66	62
58	68
78	67
66	63
51	62
57	59
55	49
59	64
33	76
58	58
61	73
42	60
68	74
68	78
55	63
50	59
59	54
64	74
55	59
70	67
78	71
68	67
65	72
35	61
75	64
48	64
51	59
44	62
75	75
65	60
41	72
70	71
51	60
49	66
73	72
64	71
75	70
55	69
45	50
53	65
55	59
68	58
83	62
36	70
54	62
30	61
34	63
72	67
83	70
68	77
57	71
55	63
62	68
77	59
58	60
61	63
75	58
63	69
85	73
56	68
58	63
37	67
68	76
65	66
69	77
58	57
64	59
58	71
74	75
70	63
82	70
64	63
62	65
79	74
61	60
63	71
63	58
75	76
57	62
67	61
59	70
48	63
68	67
75	74
43	62
53	58
54	74
42	70
55	62
67	68
29	74
58	62
69	67
72	80
47	62
49	72
55	67
80	82
62	66
55	64
86	67
69	67
59	63
61	64
58	71
61	72
55	65
52	64
68	70
62	62
65	72
27	51
62	67
62	73
56	68
54	67
61	67
76	74
37	50
59	56
54	65
62	72
63	66
65	63
51	58
31	58
50	56
64	65
77	69
38	63
42	62
58	59
51	64
70	66
50	71
59	67
66	80
61	65
35	60
74	66
57	72
40	78
62	64
50	75
72	66
50	69
66	64
52	72
40	69
71	70
38	50
68	69
46	67
82	74
55	71
72	64
71	66
58	63
53	66
77	63
61	63
65	61
69	73
65	71
81	73
67	72
61	61
56	66
39	70
44	65
55	67
51	56
72	73
40	64
58	63
42	63
58	71
49	57
66	66
52	52
53	71
50	62
63	62
41	60
42	62
62	63
76	70
52	64
72	62
76	71
62	73
39	70
78	68
56	64
63	62
45	65
59	57
44	63
36	60
59	65
73	57
61	65
67	73
71	66
56	52
66	72
73	78
78	68
68	66
64	71
54	59
69	65
46	62
63	64
75	72
60	67
45	68
58	52
81	77
59	64
66	64
51	64
58	67
57	65
56	59
65	65
53	70
38	56
65	68
49	75
56	70
57	64
66	61
69	68
61	64
69	72
29	65
62	50
72	60
80	74
81	68
69	69
70	69
50	60
68	65
50	67
41	66
41	69
64	65
77	72
40	56
59	58
37	63
51	61
66	69
51	61
51	65
59	65
34	69
63	62
55	55
38	62
39	68
58	49
70	79
56	61
45	70
68	64
44	57
79	84
47	66
85	90
79	71
67	64
60	66
71	70
65	69
66	65
64	63
55	63
67	71
58	62
60	68
45	67
64	65
58	60
53	69
84	75
69	71
69	68
62	62
62	60
78	74
79	71
64	63
55	65
61	70
54	61
72	70
69	55
61	61
58	68
62	65
56	63
49	55
81	74
64	68
61	65
59	70
57	67
51	68
74	67
69	69
54	61
62	83
55	66
73	69
78	67
61	67
81	71
58	66
59	58
73	78
70	69
87	81
80	84
52	70
36	60
56	73
68	69
71	66
84	68
53	63
55	57
42	61
56	68
67	65
32	56
50	58
84	61
55	52
65	72
58	61
65	72
51	74
73	69
62	66
64	60
60	64
75	67
30	56
41	67
34	52
50	71
78	78
56	64
56	82
44	66
38	64
54	60
58	70
61	78
57	63
59	57
60	66
41	65
25	48
38	52
73	68
66	56
34	57
70	76
63	64
26	60
73	73
28	60
44	64
69	70
74	78
57	56
60	55
66	74
73	67
62	69
72	64
51	69
45	62
58	69
66	65
70	72
76	79
60	62
50	60
76	76
46	57
51	64
44	53
48	50
65	60
56	61
46	57
66	67
69	74
73	68
50	59
81	79
70	68
59	64
69	70
65	59
58	64
64	68
51	60
40	65
78	72
28	62
50	64
74	70
58	58
49	77
57	72
70	70
53	58
83	70
49	57
69	65
56	69
48	78
50	68
60	63
75	67
62	68
43	58
50	65
66	68
60	56
61	63
82	71
64	68
61	56
58	58
52	57
33	62
37	57
57	53
46	68
52	60
51	74
58	62
45	58
66	75
72	73
80	78
65	64
63	68
60	70
56	52
51	56
59	63
68	70
39	67
81	71
52	59
79	67
45	61
58	68
72	72
67	75
82	78
61	67
46	51
70	68
50	66
68	69
59	67
50	76
31	71
26	66
78	71
58	64
51	52
36	63
63	66
43	55
42	55
53	56
67	65
60	66
65	67
33	68
60	58
60	64
49	66
64	83
51	53
52	66
74	71
48	70
57	66
65	63
64	69
67	72
66	65
71	71
70	70
65	57
49	56
50	66
66	64
42	71
86	74
70	60
28	58
77	72
61	57
62	55
75	70
55	69
61	62
46	57
79	66
73	78
45	68
64	62
53	56
45	56
55	56
70	65
28	53
57	67
50	56
59	70
81	73
70	67
64	74
65	69
54	56
51	68
34	54
61	71
69	67
38	65
62	69
59	82
81	65
50	60
67	67
76	68
33	63
58	63
68	67
66	66
42	59
67	65
73	70
62	65
63	62
73	67
64	68
58	62
42	71
52	67
53	65
69	63
60	62
59	63
54	52
68	68
69	66
33	59
61	69
54	55
80	71
77	66
41	63
63	65
70	67
62	64
77	70
62	71
53	59
42	53
89	80
44	64
62	67
58	63
54	61
55	53
67	69
48	58
45	59
55	64
61	64
69	78
71	74
48	73
64	66
73	76
57	66
44	66
55	69
53	59
77	66
31	69
48	71
79	79
46	58
67	72
76	71
74	72
54	74
80	77
73	65
85	77
43	61
55	66
52	59
70	70
49	58
56	71
78	63
71	73
38	59
75	66
75	72
70	70
55	67
75	65
49	66
50	64
63	62
37	58
72	66
50	66
59	55
73	76
60	64
49	58
63	69
79	75
55	55
30	57
60	64
50	51
67	61
66	63
41	50
42	67
58	59
55	76
56	55
39	60
62	61
49	67
70	65
75	72
71	64
56	65
74	65
55	68
34	55
61	64
29	61
50	59
33	70
78	78
63	63
28	53
64	77
57	68
59	69
70	70
48	61
55	57
31	70
58	70
56	57
68	60
55	61
47	63
69	72
58	70
68	65
66	72
54	58
65	72
40	63
48	65
46	56
70	73
60	65
64	72
64	65
75	74
79	71
91	75
63	63
46	60
55	62
62	61
42	64
45	56
31	61
62	61
62	65
59	69
65	61
61	61
71	74
67	71
65	63
60	65
73	73
52	66
66	59
50	68
42	58
54	67
50	64
69	58
67	71
67	65
56	61
63	67
70	69
62	64
62	68
56	64
49	66
44	47
52	60
64	54
53	52
35	65
59	59
84	73
59	67
58	55
55	59
65	64
52	57
69	69
52	68
55	56
52	58
53	74
72	68
77	65
73	70
51	69
58	67
60	68
61	69
79	72
64	69
65	69
65	72
65	62
48	57
68	73
72	70
84	65
62	69
58	74
63	65
65	63
68	69
50	69
44	55
47	74
68	68
43	58
65	79
36	64
54	64
56	49
64	78
58	58
68	67
74	61
55	72
52	64
52	54
76	72
79	73
49	61
58	64
40	81
62	68
58	64
60	63
75	67
72	71
76	73
61	91
50	48
69	73
47	64
66	66
44	60
68	75
63	71
55	81
63	71
65	64
57	75
46	49
58	61
57	66
83	84
65	71
30	67
74	70
59	68
62	74
39	59
59	64
69	66
75	74
68	70
51	66
65	65
70	74
33	76
60	61
46	53
67	69
40	67
69	58
41	49
62	74
54	61
41	65
75	66
56	63
75	72
67	66
81	68
58	51
57	58
52	64
72	66
49	54
75	72
65	73
58	58
73	71
50	59
74	83
29	65
69	67
40	66
76	75
78	74
58	57
55	69
60	70
73	68
43	67
74	71
62	71
72	72
82	82
48	75
46	48
60	66
56	57
47	66
63	63
64	66
43	73
74	73
55	63
67	76
79	78
55	66
64	70
57	73
48	69
76	71
63	65
64	71
66	66
56	58
56	60
58	59
66	67
73	68
36	56
32	61
35	67
59	53
32	61
52	66
38	71
80	67
63	65
71	74
44	51
64	59
61	65
56	62
58	60
64	67
25	57
54	65
48	62
62	62
63	67
55	65
65	66
57	66
74	66
55	71
83	84
64	65
72	72
52	60
66	67
46	78
76	73
56	63
28	58
59	57
68	68
58	65
59	63
72	75
62	68
30	55
35	65
39	56
68	54
65	63
72	68
70	71
57	66
56	65
66	64
35	70
47	61
69	61
63	63
59	61
54	60
74	73
70	67
73	87
82	75
67	69
89	69
36	68
61	77
45	55
65	65
58	64
69	72
37	61
66	71
63	66
51	59
78	74
72	79
85	68
67	58
62	70
56	66
68	68
55	63
74	65
69	66
66	63
76	80
70	71
61	53
72	73
60	72
72	66
70	64
73	73
82	74
61	59
53	70
62	68
66	68
35	59
72	73
44	60
69	68
58	69
50	52
57	64
63	63
71	68
73	62
38	64
65	70
54	61
46	72
63	66
53	50
68	64
42	71
59	68
54	57
81	82
60	66
71	71
49	57
82	70
33	53
38	63
41	60
56	63
56	61
57	67
25	57
62	63
75	83
59	69
43	74
81	66
61	62
52	68
70	69
56	66
32	68
53	56
81	68
48	58
59	62
83	73
75	67
52	67
55	65
62	70
72	69
28	63
55	71
45	71
61	64
69	74
72	66
76	70
68	71
65	72
69	66
59	64
64	64
72	69
45	66
69	66
64	64
65	66
49	60
56	61
77	70
54	53
76	69
68	69
47	64
70	60
53	47
50	59
36	67
81	77
35	71
32	68
65	65
65	70
77	73
47	57
67	65
52	65
42	58
68	66
60	65
86	76
48	56
77	73
70	67
85	79
52	64
64	65
58	59
47	60
54	58
75	70
66	64
27	52
47	70
57	59
66	65
75	65
71	69
65	65
49	56
48	64
73	69
34	62
57	68
73	69
55	61
49	61
50	55
79	84
57	75
63	61
66	72
81	72
61	65
58	54
55	61
60	65
69	71
64	62
70	63
46	55
82	74
77	80
61	67
80	72
67	69
27	59
70	64
50	62
45	67
64	67
68	68
52	63
53	56
70	66
65	70
45	57
35	57
64	66
70	62
66	61
64	66
50	62
74	73
68	71
43	65
67	66
68	65
52	67
72	63
27	65
70	75
50	66
26	67
50	68
52	62
72	69
83	84
57	64
65	64
63	73
45	54
79	69
48	59
64	61
42	74
76	57
73	71
67	71
25	66
41	51
57	62
82	75
54	65
83	78
75	72
67	65
58	60
62	80
72	64
64	69
70	76
63	63
62	67
54	64
69	59
33	60
70	68
33	58
36	62
72	74
40	55
65	68
41	71
73	70
67	70
78	80
59	59
30	57
73	76
55	63
47	59
65	66
57	64
59	66
80	74
69	69
84	64
48	65
62	74
32	56
29	48
55	67
75	76
92	66
30	63
78	72
76	64
51	64
54	60
66	65
67	67
70	69
42	66
48	65
73	74
69	66
46	51
57	68
61	62
71	63
47	57
51	61
50	69
73	75
77	74
42	50
73	66
70	68
42	60
48	61
55	64
39	72
63	62
70	71
86	74
52	62
32	60
59	59
29	72
53	56
66	66
77	74
66	66
30	56
30	47
48	58
68	69
51	62
33	62
47	56
80	67
64	56
63	60
55	51
67	69
43	80
83	80
40	62
66	66
64	64
70	72
59	67
59	64
51	53
81	72
71	68
64	78
49	57
71	68
64	69
73	76
41	51
41	75
68	68
58	61
58	90
66	66
63	61
72	72
51	55
40	70
58	52
33	60
78	82
82	77
71	66
64	71
51	59
42	56
58	57
76	76
61	65
61	61
64	69
65	63
29	70
54	75
63	67
40	78
45	51
53	56
63	66
72	74
65	64
73	76
43	55
64	78
76	76
42	64
62	72
46	74
59	66
68	64
51	56
84	77
77	58
58	58
39	57
58	65
58	68
55	56
65	72
48	67
66	68
56	68
55	57
38	65
33	71
68	61
75	76
64	64
63	71
56	63
50	57
31	58
46	69
63	64
71	71
70	68
51	66
74	65
52	64
74	69
54	61
88	83
65	63
61	57
66	64
58	68
74	71
51	70
80	74
57	65
62	68
76	83
37	65
55	71
68	68
52	67
39	53
56	64
62	67
54	56
65	75
54	77
74	73
82	70
68	61
62	65
60	67
59	65
62	64
44	58
33	72
73	70
57	65
65	61
45	70
56	69
60	74
64	69
62	63
52	66
60	67
72	67
79	69
68	72
46	63
67	64
74	73
61	64
45	72
68	68
51	74
58	68
61	73
39	67
82	74
74	76
52	60
58	49
69	65
83	67
61	65
40	63
52	58
55	61
58	64
79	66
67	69
42	66
57	67
58	57
55	73
51	60
72	73
65	63
66	67
72	74
67	69
87	65
80	82
49	71
49	57
27	53
62	63
57	58
66	69
50	54
63	64
33	64
77	72
55	65
50	59
79	68
54	64
63	66
48	62
56	63
73	65
65	71
70	68
57	61
58	59
70	66
71	69
57	59
55	59
50	71
59	65
76	82
70	68
47	68
49	67
76	74
45	65
77	68
31	63
73	65
67	67
56	56
63	69
41	59
69	68
35	66
43	64
80	74
62	58
62	61
65	71
76	81
68	70
58	70
37	66
81	81
65	71
59	66
54	64
66	62
73	65
59	66
70	68
41	58
51	58
57	66
80	72
52	55
74	73
64	68
72	71
49	64
68	60
73	78
53	59
40	79
72	68
30	56
76	69
65	66
71	73
52	66
61	65
58	65
64	76
57	70
64	62
52	64
56	57
53	61
34	68
64	63
63	72
34	66
75	73
75	76
69	69
70	65
70	67
44	68
57	63
60	66
33	57
70	67
69	70
61	57
70	69
77	67
65	59
52	71
68	69
65	69
61	65
35	66
72	61
48	52
45	62
61	66
75	70
85	73
47	53
70	63
35	50
77	62
35	62
49	60
77	68
53	67
61	65
64	69
38	70
49	59
60	61
58	67
47	64
57	68
50	58
56	60
57	67
35	58
58	69
67	74
39	61
67	63
69	79
65	65
70	68
58	58
83	62
59	63
62	62
43	60
47	74
69	64
88	72
44	73
54	71
40	49
52	61
65	70
78	65
60	69
41	61
51	66
61	69
69	69
60	62
34	57
58	61
32	67
65	67
82	75
32	57
69	64
50	65
70	65
85	65
67	72
70	70
48	76
66	77
55	61
55	63
62	76
70	63
49	63
70	75
51	49
73	73
67	67
58	60
33	62
64	65
54	56
69	65
45	61
62	62
47	51
54	78
58	59
68	69
34	63
65	65
65	68
61	69
61	73
66	68
87	73
79	75
46	58
46	58
49	67
58	68
50	51
29	51
54	68
60	75
58	68
53	70
69	73
44	65
28	48
40	57
48	62
76	66
51	68
61	62
48	68
71	59
52	56
78	72
62	59
52	61
62	59
49	49
68	63
72	73
58	64
47	64
72	74
63	60
60	68
76	84
62	58
70	71
60	63
61	69
44	56
72	70
30	52
61	61
59	69
41	82
45	59
62	54
55	64
61	69
53	71
54	75
77	66
69	72
71	68
70	64
59	62
50	55
52	57
59	68
51	64
52	71
67	73
61	62
66	62
51	74
69	65
48	52
64	64
45	70
67	63
30	69
60	62
42	62
72	66
58	50
85	75
62	62
69	69
67	60
68	72
56	67
69	65
61	63
65	63
63	63
56	76
66	72
64	66
62	63
77	61
51	63
55	72
36	60
74	69
73	65
53	51
70	60
60	62
84	76
30	63
72	72
34	61
70	64
60	66
71	79
39	63
74	77
90	77
32	64
63	65
34	61
70	68
67	65
58	62
63	63
62	59
58	61
44	64
69	67
64	65
63	61
44	60
78	70
50	67
51	52
52	65
43	64
60	61
28	52
43	55
58	60
75	65
49	61
68	58
80	89
58	70
44	65
72	69
51	70
59	71
74	63
60	63
53	62
34	60
54	66
74	69
60	67
38	59
74	63
64	61
41	68
68	65
64	65
44	64
70	69
68	65
61	69
66	69
77	69
73	72
67	62
54	65
68	73
64	66
70	65
70	66
62	55
73	80
68	67
51	63
68	80
72	65
42	62
32	58
53	49
58	66
68	65
57	63
72	69
70	68
41	54
53	58
74	74
67	79
63	61
55	60
71	71
46	56
67	67
49	63
63	64
70	69
64	58
50	67
58	62
58	73
63	64
76	78
66	58
56	54
73	68
42	62
48	55
40	64
68	69
45	62
76	69
75	63
57	62
58	71
40	55
68	74
74	62
68	76
46	66
54	70
73	66
35	61
49	55
53	66
85	72
50	62
64	64
54	56
32	58
58	69
50	48
74	70
58	69
62	62
68	72
55	62
53	63
83	79
49	66
63	75
76	73
84	60
70	75
56	60
47	59
50	58
31	63
86	75
70	68
78	71
59	63
55	71
57	70
53	70
45	55
67	75
84	73
50	62
51	67
44	62
42	60
73	72
52	62
29	51
56	63
47	58
63	69
61	65
76	85
64	68
49	56
55	69
61	64
45	59
60	61
73	71
52	67
48	62
52	68
57	61
74	67
54	70
78	69
84	79
72	71
35	51
41	60
68	69
75	80
59	68
63	66
37	61
38	64
40	63
33	63
65	66
67	75
73	68
46	53
37	53
57	55
69	69
55	63
74	68
54	67
48	62
48	54
88	86
66	70
48	70
70	58
61	57
70	61
70	61
51	61
74	77
64	60
79	56
60	52
35	66
76	68
48	80
77	76
79	69
51	63
33	57
78	68
41	58
50	61
40	55
51	59
55	62
56	65
70	76
63	63
57	68
57	58
46	60
45	63
70	72
53	70
79	71
64	70
58	62
48	62
66	75
70	74
60	56
44	57
48	63
70	77
68	68
64	70
70	69
57	73
63	59
56	63
58	63
62	63
69	72
36	71
59	60
65	81
55	69
36	73
66	68
76	75
73	70
52	62
70	67
80	84
48	66
53	61
80	80
75	74
55	81
79	77
48	60
53	68
48	67
62	64
61	66
63	63
53	65
54	67
30	62
43	54
35	56
72	72
45	52
40	74
78	53
47	70
51	67
69	74
75	69
54	59
58	82
37	70
43	67
67	66
71	67
68	68
71	68
48	68
60	52
69	69
66	65
68	65
64	63
62	62
68	66
40	68
72	76
52	49
48	68
46	66
58	59
75	68
66	66
67	66
76	68
56	63
35	62
28	64
44	66
64	61
45	64
38	58
60	65
57	63
80	79
51	56
59	62
65	67
45	57
50	48
54	57
61	67
71	70
64	73
46	60
55	55
69	75
67	59
67	68
64	63
77	65
70	66
60	70
50	57
72	67
55	66
58	63
56	62
42	64
54	61
72	66
59	59
26	51
72	76
72	68
54	64
74	64
62	71
61	66
74	71
78	75
62	80
66	72
94	78
48	59
55	64
70	75
47	68
71	75
54	59
48	59
51	58
34	62
72	78
58	64
52	62
61	64
75	73
65	70
70	67
71	83
57	60
53	65
58	73
64	66
47	64
65	66
60	62
61	68
58	64
59	53
61	67
59	57
58	65
77	71
78	72
51	79
40	50
63	59
58	54
55	63
62	68
71	71
53	56
60	63
28	50
65	65
52	66
61	61
68	64
56	55
64	65
68	71
57	55
42	63
47	61
67	67
66	63
36	60
84	71
42	55
74	65
54	55
60	65
50	59
52	63
72	72
42	66
53	53
80	81
47	53
58	76
47	79
68	65
60	59
52	49
56	58
63	59
68	62
66	65
36	71
28	64
77	79
62	62
69	69
66	75
56	48
70	73
40	60
40	59
76	73
51	61
68	65
78	76
73	76
76	71
85	72
73	79
76	76
70	68
63	67
63	61
57	66
64	71
30	66
58	66
68	68
58	54
60	65
32	58
44	65
83	76
50	65
30	51
46	54
58	68
32	49
31	62
74	60
61	65
30	56
44	78
63	69
65	73
56	63
66	64
63	62
65	66
66	65
80	74
45	58
74	73
73	78
81	73
58	72
49	71
74	68
67	73
61	55
27	59
67	67
50	61
68	65
55	56
52	56
75	65
55	74
71	69
32	67
51	60
53	67
57	62
65	61
56	66
73	72
49	52
54	57
83	83
64	71
48	57
44	52
65	70
37	63
69	69
39	66
61	65
48	61
84	71
88	76
50	56
85	71
47	70
43	48
66	67
77	80
77	77
75	76
54	64
72	71
52	63
66	77
83	77
55	69
60	64
77	71
77	83
59	60
55	60
61	65
60	61
42	74
43	70
65	70
51	68
37	67
55	54
61	64
64	77
71	73
74	75
64	68
51	60
61	68
54	61
63	60
65	66
66	79
46	47
45	71
38	64
75	69
36	58
42	72
61	68
69	67
70	66
79	67
63	73
58	67
53	75
65	62
28	63
57	67
77	71
74	61
65	76
82	82
74	65
73	72
65	66
59	68
58	66
65	64
76	72
69	77
53	57
40	62
55	64
60	66
37	64
65	60
58	55
61	69
50	65
67	67
53	51
62	77
66	64
82	74
65	63
50	54
66	64
75	70
65	67
60	66
35	62
59	71
56	62
48	71
44	67
45	63
76	71
53	76
48	53
74	74
70	67
63	69
43	67
81	70
66	56
68	73
50	55
62	66
54	56
49	66
33	69
61	68
65	67
34	66
43	57
44	58
63	66
47	58
40	61
58	63
33	58
42	68
44	69
59	52
68	74
43	66
78	72
52	72
58	73
60	66
70	70
52	66
52	57
40	59
64	67
56	64
63	70
32	50
78	77
28	56
67	61
63	65
30	68
69	74
61	56
64	71
79	76
51	64
44	70
63	63
72	72
58	72
66	65
61	73
66	68
63	91
58	66
68	63
31	68
49	67
89	81
53	69
63	68
44	56
31	55
77	70
61	64
49	61
57	62
70	74
65	64
73	72
41	58
61	58
36	53
85	73
73	73
40	62
84	74
35	62
57	79
44	67
62	64
50	71
48	51
76	84
68	69
55	59
74	64
35	76
67	74
49	63
40	59
50	65
39	63
54	67
58	60
58	79
52	56
61	61
87	75
53	57
61	73
63	68
56	64
34	56
48	68
55	61
44	66
76	79
50	54
75	67
73	68
71	69
56	63
26	57
71	69
64	60
41	60
53	66
61	65
61	61
62	74
60	63
80	71
58	61
42	61
67	68
30	51
68	72
65	67
76	76
82	74
65	67
45	68
38	64
62	67
61	65
67	77
77	76
40	59
48	51
65	61
57	58
76	72
79	77
47	69
48	58
65	83
41	61
73	71
64	61
55	72
78	72
67	71
63	64
63	70
34	51
62	63
58	68
55	69
52	67
50	68
45	70
79	72
57	74
48	59
60	67
45	57
71	65
63	62
64	73
74	72
62	73
47	65
61	65
67	66
28	62
84	81
56	55
62	65
74	75
52	78
78	67
48	72
40	67
49	65
52	69
41	63
74	74
64	69
78	80
67	63
37	71
67	65
68	72
71	65
67	62
38	55
53	54
79	78
67	65
32	63
76	80
30	63
65	77
56	74
53	61
55	64
74	68
27	67
66	70
43	73
47	64
67	65
54	72
57	73
62	81
65	66
75	76
71	81
49	55
46	50
66	68
63	65
61	62
76	75
69	70
63	64
48	53
53	58
29	60
60	69
51	58
67	67
59	65
65	66
57	64
53	66
54	55
59	73
68	73
83	76
62	80
34	49
62	61
72	68
72	64
45	72
75	71
78	66
74	66
56	64
24	70
61	52
50	58
84	79
45	62
71	74
60	60
24	59
80	78
52	59
63	62
69	72
50	55
69	72
58	60
61	74
50	71
72	71
58	78
62	68
53	68
46	60
48	60
60	68
65	70
33	67
58	69
66	58
63	70
86	87
48	53
72	74
48	74
56	65
51	57
90	80
90	74
56	56
68	75
68	68
50	57
60	59
73	71
61	62
55	64
73	70
44	61
71	77
61	57
45	65
40	59
68	64
62	59
60	60
70	69
79	73
78	76
48	70
73	77
63	68
72	89
58	67
35	56
68	69
73	73
66	61
80	69
62	64
52	48
67	67
45	58
38	68
55	65
46	78
53	59
44	58
70	73
48	58
45	52
52	61
44	67
49	64
65	68
36	67
43	64
60	60
65	55
78	75
56	68
59	64
58	69
39	69
66	67
70	71
49	69
47	61
65	68
59	60
44	56
41	73
29	49
55	59
74	65
58	67
27	72
41	75
56	61
46	58
66	71
51	65
50	65
69	67
40	61
32	62
55	60
59	70
64	67
78	57
49	61
50	52
62	65
60	74
54	53
71	61
30	54
61	53
70	73
53	54
68	70
64	63
56	51
58	55
61	60
47	66
68	88
37	51
39	58
60	66
60	66
63	78
72	72
79	70
51	66
65	59
47	58
57	53
66	78
65	68
50	62
70	67
50	47
61	67
57	78
67	61
79	83
70	71
55	59
58	68
67	66
59	61
87	68
66	71
67	77
60	66
49	68
63	63
47	61
78	70
44	65
38	77
38	58
47	69
74	73
76	72
72	73
36	66
59	59
61	60
83	67
55	55
77	71
49	60
65	59
62	62
77	69
36	62
44	68
27	64
53	55
66	77
61	58
55	69
44	55
73	66
68	64
56	64
51	64
47	53
71	75
64	64
71	72
47	60
30	55
57	62
59	60
53	51
69	72
66	66
78	71
73	60
58	65
73	71
53	66
60	61
45	59
72	75
57	62
71	80
43	68
50	71
69	75
73	68
28	60
79	75
63	73
80	76
57	54
50	58
59	69
74	70
46	50
78	73
57	67
66	74
70	55
67	67
61	67
71	65
77	62
66	73
63	63
68	57
60	67
65	58
57	54
62	66
46	48
57	68
40	60
55	66
55	64
64	60
55	78
85	80
73	67
30	56
68	67
45	71
83	70
70	69
51	78
46	69
66	65
60	64
65	61
51	56
67	65
61	59
48	69
54	72
57	59
83	72
55	72
69	68
46	57
54	80
63	66
28	56
53	56
80	66
66	75
69	70
62	70
45	64
72	71
77	76
66	70
58	62
58	65
53	80
72	72
74	70
65	67
64	67
76	70
55	66
58	64
73	69
54	62
47	51
56	59
80	72
62	64
64	65
58	61
78	77
77	73
66	65
84	69
64	66
69	75
70	77
60	70
54	65
40	64
47	78
71	74
72	82
74	64
55	63
55	63
61	65
79	83
70	69
53	51
61	64
67	66
49	68
36	53
68	73
47	65
29	62
72	75
62	65
75	74
81	79
72	69
53	73
68	62
57	64
65	68
50	55
42	48
39	74
63	68
55	64
61	62
37	68
52	56
73	71
54	63
33	55
59	62
56	62
62	58
59	60
84	70
80	77
75	80
61	68
68	65
74	73
85	78
56	72
34	69
58	66
60	62
51	57
67	76
77	73
51	68
62	66
39	54
69	75
62	70
65	67
29	56
61	69
63	64
57	62
80	79
49	71
78	80
61	63
55	63
47	74
37	62
60	67
39	62
57	64
67	62
36	59
55	59
74	70
66	71
33	62
63	55
58	65
71	69
52	65
49	59
33	64
60	79
75	71
65	69
73	73
55	59
75	68
62	66
78	73
71	62
51	85
63	62
48	57
55	58
51	56
74	73
63	61
49	53
65	80
50	63
56	68
30	63
54	62
75	75
68	64
58	82
53	70
56	63
55	52
65	58
59	67
74	65
83	79
68	70
75	69
58	79
57	70
59	75
63	62
51	72
57	62
75	74
86	77
70	67
85	82
52	55
60	65
74	72
55	59
69	65
68	67
54	68
65	67
54	61
73	74
44	59
50	50
61	65
56	58
43	47
48	71
73	66
65	72
44	58
70	70
62	65
81	72
64	67
54	50
38	57
62	68
57	75
60	64
54	51
75	70
50	63
57	75
48	49
76	73
54	60
55	56
70	70
52	58
40	72
57	70
61	61
65	65
69	69
57	73
45	64
72	78
61	75
55	60
61	64
57	68
55	59
45	65
56	57
50	69
66	71
81	78
66	67
67	67
52	57
73	73
58	53
64	68
60	72
75	85
50	57
50	74
52	65
34	60
51	59
35	71
59	61
26	47
74	66
70	70
70	75
58	88
71	70
56	58
42	52
74	69
74	75
56	56
49	65
60	71
52	72
67	64
76	68
66	57
73	72
84	70
81	75
66	67
69	60
71	62
53	57
52	58
45	68
55	68
78	74
70	71
67	70
49	62
44	71
46	56
60	66
44	53
53	61
65	74
72	70
65	70
29	67
78	71
72	73
69	67
72	65
58	62
46	61
70	64
64	68
60	64
38	59
75	71
70	68
63	63
62	75
55	64
73	63
27	65
61	58
45	61
86	78
70	74
60	59
36	68
68	62
44	52
69	67
61	61
61	77
64	78
67	75
39	72
57	61
45	54
72	62
61	61
60	63
58	64
59	50
72	64
56	64
70	76
57	64
73	71
54	58
66	61
54	66
52	63
65	68
56	65
45	52
56	52
78	67
63	63
61	60
63	67
74	72
48	61
73	70
67	64
61	65
28	62
69	71
66	52
68	68
61	63
66	73
40	55
65	61
48	70
67	69
68	71
69	71
64	68
80	74
69	70
76	62
45	72
74	78
75	64
76	73
74	66
45	71
42	68
78	68
74	75
85	70
76	63
80	79
80	73
66	68
53	55
59	71
59	66
79	68
62	66
45	69
56	76
59	74
39	61
63	67
71	79
80	72
64	78
68	75
57	69
74	70
70	70
89	75
78	64
52	66
66	71
36	68
54	61
65	69
74	74
66	63
61	69
29	58
54	64
66	70
64	68
68	67
68	67
92	74
36	63
66	67
74	73
70	70
45	67
68	67
72	69
45	61
81	81
85	69
66	59
32	66
35	69
59	77
77	67
62	66
34	65
63	73
70	69
72	71
60	65
59	60
57	63
55	62
62	68
46	61
68	70
72	59
69	71
77	73
42	60
52	71
74	75
39	66
80	82
25	64
68	69
62	68
60	63
71	71
48	63
75	68
45	60
73	71
72	66
49	70
54	58
67	64
65	66
60	62
37	55
50	68
62	67
56	52
59	63
72	68
65	65
32	58
58	65
60	66
52	62
55	63
61	66
40	66
62	60
74	69
30	63
26	56
78	76
46	50
50	52
74	64
70	68
68	66
54	58
35	58
46	59
74	68
63	64
30	50
83	71
66	64
69	74
64	67
62	55
66	59
60	76
68	77
59	64
70	65
76	79
81	63
59	52
61	61
55	58
40	63
66	72
66	62
58	62
68	84
52	77
66	67
78	73
47	67
61	64
49	50
78	77
45	60
66	68
30	50
53	65
68	67
55	60
38	63
64	66
52	76
64	67
35	52
79	75
77	78
61	66
56	55
81	73
65	68
39	58
56	62
80	80
51	65
28	49
53	55
72	69
61	71
76	79
45	64
74	66
52	67
51	61
68	72
34	56
77	78
50	65
40	57
40	56
68	74
46	51
55	51
83	80
44	61
52	64
60	60
61	64
55	60
75	73
39	63
40	62
70	65
70	72
65	72
69	66
59	67
59	66
55	67
53	73
74	69
71	69
60	58
68	71
57	62
62	63
59	63
58	66
64	70
75	65
79	66
33	53
64	65
63	62
62	65
60	65
67	65
40	57
76	73
57	68
67	70
74	70
56	53
27	51
67	70
70	66
53	52
55	59
28	47
81	78
49	58
63	59
70	63
85	85
66	78
45	69
58	59
60	60
39	62
65	65
60	71
54	61
52	62
50	61
62	62
58	73
29	64
67	65
75	73
63	67
59	67
67	65
59	62
61	69
59	68
51	60
80	77
74	70
66	67
62	60
68	66
47	59
31	59
47	65
46	68
63	70
64	83
80	76
45	53
54	58
60	71
69	73
81	87
56	68
77	71
54	57
60	67
55	63
69	70
60	75
73	65
66	62
74	68
51	54
85	71
66	68
61	62
56	68
60	61
64	60
67	76
33	66
56	62
55	52
62	64
63	65
69	74
54	60
68	61
41	60
77	71
70	68
67	70
38	64
75	72
79	74
48	65
47	63
67	71
75	75
85	72
61	66
47	67
71	73
53	57
64	71
41	62
38	83
45	70
26	56
63	64
55	59
74	72
58	62
42	64
67	70
83	65
45	61
56	69
46	62
27	50
68	71
70	69
68	71
50	64
32	54
51	52
52	76
46	68
65	70
67	66
80	76
85	78
48	76
69	60
71	60
67	65
67	66
65	62
49	59
60	71
50	61
68	68
45	57
62	69
58	61
47	64
65	64
30	60
69	64
63	74
74	65
55	62
71	70
70	68
54	69
43	59
66	65
41	56
52	69
67	63
59	72
75	59
64	65
74	81
39	64
83	64
60	65
62	65
71	72
46	51
35	71
47	55
33	65
68	66
60	63
65	67
65	61
64	67
41	66
72	70
62	66
73	78
48	58
56	70
50	66
34	71
71	72
58	62
70	63
67	72
60	64
65	63
76	69
69	73
64	63
65	61
63	66
58	75
70	70
62	72
41	65
52	77
54	49
37	55
28	61
47	61
70	67
57	64
68	71
66	68
54	65
55	65
43	61
65	67
67	66
52	64
70	72
66	70
70	67
74	69
53	62
73	71
53	59
50	62
54	50
58	66
67	64
73	74
77	74
65	66
35	49
60	61
73	76
58	62
39	67
39	68
88	85
38	59
68	67
64	72
61	59
65	59
46	55
79	75
54	59
61	73
66	63
56	54
25	57
81	79
60	68
74	77
84	72
67	67
58	64
72	68
55	74
66	67
52	50
51	59
61	63
79	75
77	73
53	64
44	67
59	60
56	63
67	65
60	69
63	66
45	68
45	57
62	61
82	63
58	66
63	64
62	59
75	75
63	58
63	63
87	75
64	60
49	56
58	58
61	74
44	57
65	62
33	58
37	64
28	64
49	64
48	60
77	68
82	79
73	69
88	79
53	60
78	67
58	67
72	69
69	72
70	67
45	70
59	65
74	77
28	62
62	63
27	58
70	71
69	66
80	76
82	65
24	71
55	56
58	64
63	61
48	59
82	73
38	82
73	72
49	62
74	74
38	51
72	77
43	74
68	67
72	77
75	69
61	63
61	62
50	50
66	77
58	60
55	60
51	65
60	66
64	73
59	62
30	63
51	66
44	72
51	57
38	61
69	75
55	70
65	65
68	71
75	78
83	73
69	68
45	54
59	67
80	80
58	66
61	69
64	68
48	55
54	63
55	65
92	81
52	54
48	71
62	69
64	62
77	63
70	71
65	74
70	74
46	61
58	65
49	66
51	58
78	64
54	68
76	70
47	60
34	61
71	70
65	67
82	74
74	77
68	59
60	62
55	65
66	66
64	71
73	66
63	66
63	89
84	69
43	56
64	73
49	68
72	72
66	63
51	56
68	61
59	70
72	69
38	68
76	72
52	58
66	76
67	68
55	66
56	54
68	67
67	74
75	65
66	65
65	63
50	66
60	67
75	79
70	67
84	75
67	68
63	66
50	63
52	66
45	61
32	60
45	67
58	60
55	69
48	67
64	63
51	65
78	87
69	74
65	63
80	69
66	73
39	58
35	63
71	69
75	83
25	55
52	58
56	59
72	69
38	61
75	65
79	72
50	60
61	61
64	69
67	69
73	73
42	62
57	72
74	70
39	58
57	62
62	58
57	78
62	70
73	56
75	68
60	61
38	56
78	71
33	74
48	59
44	61
63	71
55	53
48	70
60	67
71	73
75	66
48	67
55	54
69	71
41	55
68	73
60	69
63	68
74	75
66	62
37	62
69	67
52	52
44	50
57	60
84	76
81	79
62	69
46	61
64	74
39	65
75	75
82	84
75	76
78	64
67	70
55	86
45	63
65	73
49	65
36	72
64	62
48	66
60	64
51	74
65	71
64	67
35	62
88	77
70	70
48	52
69	67
58	64
45	62
49	66
57	56
59	68
71	69
57	50
51	64
77	75
62	63
53	67
54	64
27	62
52	55
48	63
56	61
55	65
40	57
39	49
69	66
73	66
50	61
52	72
70	69
45	63
39	66
64	66
63	73
62	66
28	53
57	70
45	67
71	69
61	61
58	68
57	62
52	58
58	65
28	54
52	74
35	63
63	67
77	76
61	49
55	56
68	69
62	65
69	67
69	62
76	72
80	70
51	61
39	50
76	74
60	70
46	68
51	74
75	66
73	73
61	71
38	62
31	65
50	53
67	65
80	69
50	48
55	68
33	61
55	59
59	70
49	59
74	65
78	78
43	54
75	79
54	57
52	67
67	68
63	58
29	59
48	71
51	65
69	71
37	66
75	72
59	62
29	61
40	52
55	60
69	69
30	63
47	54
72	69
55	70
58	68
76	68
36	67
68	73
66	67
90	62
34	62
27	58
63	67
50	54
65	69
51	63
66	69
65	67
48	60
60	66
48	74
74	72
77	77
55	72
65	68
66	70
70	64
63	67
35	57
71	71
32	66
77	64
78	72
52	62
42	70
72	84
58	63
66	68
51	64
70	69
74	67
66	58
65	77
75	64
54	81
71	70
57	61
80	61
37	70
68	70
63	67
85	76
66	66
78	81
81	72
68	69
61	57
83	78
52	62
63	78
39	57
30	68
41	66
64	63
79	64
62	64
66	69
75	61
63	66
58	62
76	70
83	79
66	66
62	57
57	74
63	66
65	73
62	71
71	69
59	73
61	68
74	70
56	51
44	63
36	66
71	75
31	54
59	71
53	59
82	78
75	68
68	65
36	67
64	65
60	60
64	65
60	59
51	64
47	55
55	66
67	65
63	62
46	64
52	64
68	70
62	67
70	66
49	63
84	74
51	55
54	60
49	66
40	72
54	57
29	59
32	55
80	67
33	68
65	67
77	72
50	55
64	68
27	49
63	70
57	56
67	69
74	81
78	74
56	55
31	66
76	77
62	63
38	77
68	69
65	69
86	70
60	63
60	62
41	64
71	69
58	70
56	62
76	71
70	75
48	68
58	71
71	72
61	68
75	76
51	65
61	66
63	55
66	66
67	65
73	69
71	69
88	74
49	58
58	62
44	86
76	77
53	68
65	85
47	59
45	62
55	56
73	64
50	66
43	56
66	64
62	61
70	67
75	78
63	70
58	62
74	73
70	67
76	71
74	66
64	77
60	63
57	61
65	63
35	60
70	77
64	58
68	72
71	77
65	65
71	74
84	81
34	64
56	64
50	55
60	63
49	63
58	69
61	59
53	61
62	69
67	75
50	59
77	77
81	81
34	58
60	64
73	69
43	65
50	64
60	61
55	58
42	50
34	55
61	69
52	62
60	67
52	71
74	64
66	66
84	86
61	69
71	77
77	72
73	71
64	64
53	56
35	61
39	69
42	68
72	73
33	55
81	63
30	62
75	77
69	65
44	63
53	64
35	58
54	61
62	70
77	73
80	73
68	66
66	70
73	69
75	69
48	59
73	78
52	64
66	64
65	57
52	63
68	77
66	62
69	74
58	68
58	68
47	83
24	49
38	59
72	69
56	61
81	75
28	64
74	74
48	63
62	78
76	69
64	66
38	72
78	63
53	80
69	68
68	64
33	53
50	63
62	68
29	50
38	65
30	57
70	72
67	82
33	58
53	59
43	63
61	59
43	68
56	53
61	69
67	68
72	79
67	57
62	67
71	70
74	64
61	73
77	79
62	67
86	79
59	64
69	76
62	77
32	59
60	60
74	69
52	62
76	75
67	63
66	61
63	63
55	67
74	74
63	64
64	50
49	57
47	68
54	70
58	65
60	62
70	66
35	57
63	70
48	65
84	72
75	65
50	67
47	56
78	76
79	77
71	64
77	66
60	58
55	64
83	77
59	74
31	53
80	68
40	73
65	65
51	65
36	68
79	66
60	64
43	48
72	70
56	56
49	75
38	59
31	62
42	50
72	70
64	68
75	74
75	73
60	60
55	63
44	69
56	68
30	55
72	71
68	67
34	56
83	69
82	75
53	72
67	70
50	53
42	67
76	72
63	64
58	66
57	72
77	72
55	55
52	60
59	63
46	48
37	62
59	58
77	73
63	68
56	71
52	50
70	69
66	69
67	67
71	65
68	76
59	66
60	61
43	67
55	51
68	68
65	57
43	61
68	74
69	69
68	70
45	72
59	58
69	65
76	79
41	63
67	72
52	58
70	65
55	63
29	63
59	68
59	68
50	76
66	68
71	68
59	48
40	65
72	70
27	67
57	69
65	66
65	66
81	77
45	51
80	70
42	61
61	62
49	62
58	72
75	70
40	69
44	57
75	73
57	55
63	63
30	49
48	58
70	64
59	64
46	57
64	77
45	56
36	70
65	77
61	71
38	67
48	65
60	60
47	57
64	70
33	64
48	64
44	63
75	62
52	64
58	56
85	77
43	52
63	63
69	67
58	70
65	64
52	53
39	68
65	78
68	66
70	72
72	61
48	59
61	62
83	67
60	73
58	73
45	60
36	52
70	72
64	64
39	62
47	61
55	56
45	70
49	57
60	66
78	81
67	67
63	68
53	59
61	76
60	63
65	60
72	79
59	74
84	69
37	67
61	85
72	72
54	54
33	65
74	76
78	69
71	65
75	70
56	56
79	69
65	69
64	74
64	73
63	61
74	70
47	51
75	74
65	63
70	77
53	70
68	55
56	66
52	64
69	74
62	72
44	67
73	66
60	63
67	68
43	62
73	66
37	56
66	69
72	71
63	70
69	71
54	69
70	77
41	56
60	66
42	62
75	72
55	62
42	66
44	64
48	64
67	58
32	66
55	74
64	75
39	61
56	65
48	62
78	70
60	61
51	61
84	76
66	71
56	56
60	63
51	66
56	71
45	65
66	67
42	60
66	75
65	60
73	65
45	56
44	57
75	70
63	63
70	68
75	66
60	84
28	72
70	68
44	57
75	83
73	74
51	65
64	68
54	65
70	69
50	71
39	55
52	59
34	53
59	60
58	89
50	55
49	65
64	77
63	65
51	63
67	59
74	75
62	62
64	69
73	67
31	56
47	57
61	59
70	69
53	73
33	59
87	72
58	62
72	76
46	65
67	66
42	62
58	59
59	64
71	64
68	67
58	57
77	68
47	61
33	69
60	66
80	69
72	60
64	61
65	73
66	69
49	57
64	72
45	77
78	76
51	64
73	61
69	69
73	74
40	62
64	67
73	63
64	71
76	76
61	62
65	71
65	68
64	66
69	63
77	77
70	63
89	76
48	65
58	56
57	69
67	66
70	73
50	66
45	49
69	72
53	65
70	74
71	70
65	58
60	64
60	62
60	59
62	68
43	68
43	57
78	69
62	70
83	74
48	70
42	66
84	74
45	51
64	56
75	64
52	61
58	60
77	80
37	52
55	58
73	67
48	63
44	71
49	71
75	61
65	69
74	64
39	57
58	60
76	74
52	60
78	73
73	75
58	69
64	61
50	58
32	50
80	75
58	63
74	64
72	72
66	68
65	67
51	47
42	61
51	62
40	64
60	61
59	60
58	64
55	59
32	61
61	60
49	66
70	54
45	60
71	68
68	63
66	68
60	61
70	65
65	65
64	61
40	52
51	69
62	65
51	67
56	73
72	73
60	61
61	65
58	53
62	62
74	76
72	74
30	57
60	62
58	61
60	76
30	61
74	67
56	65
65	65
68	69
63	69
55	55
61	64
48	71
61	63
68	68
45	59
33	63
60	68
68	68
69	70
61	70
58	74
76	63
48	60
24	65
79	74
51	66
65	65
51	68
83	71
64	64
41	60
53	62
60	67
62	73
72	68
61	64
66	67
77	75
55	67
61	72
48	65
82	76
65	70
66	65
64	56
62	63
80	68
81	80
59	61
62	78
60	59
52	68
66	67
60	63
66	67
44	63
57	64
71	72
59	54
70	69
58	64
31	62
52	64
53	66
78	74
45	56
44	66
64	64
58	64
65	57
70	72
64	64
66	65
60	60
53	70
69	63
74	71
74	70
62	64
47	61
67	65
29	59
60	66
70	66
61	57
57	62
55	52
42	55
63	66
74	67
61	64
68	60
60	60
69	74
64	65
28	60
57	65
63	68
51	70
71	64
54	50
59	60
65	74
65	66
46	64
58	62
64	64
58	69
54	52
69	69
70	75
55	72
52	66
68	68
59	67
69	69
77	73
56	64
76	74
60	58
73	67
75	75
82	79
79	78
40	62
74	83
48	48
46	67
75	74
45	74
48	68
75	60
75	75
60	58
49	51
55	66
91	82
85	70
90	67
68	69
66	65
27	56
69	72
45	52
65	64
70	80
54	68
78	76
63	72
56	58
39	63
35	65
77	74
65	67
46	62
51	66
76	77
59	78
75	75
28	59
52	66
41	65
64	78
63	64
86	68
70	73
67	62
67	64
62	67
41	62
37	53
69	68
59	63
62	68
71	68
72	75
73	72
83	82
64	65
64	64
58	63
68	66
64	79
42	63
72	67
84	78
68	69
50	64
68	66
43	73
35	63
61	62
72	68
65	64
33	63
48	61
59	64
73	53
48	61
55	63
59	62
68	72
67	74
63	64
65	76
42	63
54	47
41	72
60	60
34	66
59	64
49	61
30	62
70	67
49	68
60	58
75	68
75	67
48	66
77	63
61	65
30	50
61	64
74	63
62	67
77	77
57	62
47	73
44	67
76	75
63	66
64	74
75	69
74	70
75	66
73	73
39	73
31	73
79	78
40	70
79	70
63	71
61	62
59	81
62	65
64	60
44	58
40	65
77	72
65	64
61	64
73	71
66	71
45	62
77	68
40	63
72	76
72	76
48	56
67	67
52	53
71	69
59	65
49	64
56	59
53	67
36	67
25	61
64	63
44	66
38	51
60	66
61	63
61	65
60	62
30	67
47	56
53	68
68	63
86	65
60	62
46	52
50	69
51	67
82	80
61	63
36	59
58	68
52	64
73	70
68	64
32	61
70	67
59	62
75	67
46	56
62	65
67	69
63	67
69	73
68	67
58	64
44	59
72	72
60	70
72	71
50	57
45	57
68	66
52	67
60	69
78	76
57	57
71	71
52	72
58	66
63	85
68	65
57	57
51	76
32	62
66	70
63	75
59	64
65	61
56	54
71	69
27	48
53	63
45	54
60	67
48	59
76	68
54	71
56	68
71	64
48	56
29	62
66	68
50	64
58	67
55	62
51	54
69	73
65	70
68	73
72	64
41	51
70	68
59	72
85	79
72	69
56	54
73	72
41	52
60	60
70	68
70	65
60	63
67	72
70	68
72	72
25	66
61	64
26	47
67	59
54	66
58	66
57	69
35	54
58	63
73	78
51	63
75	74
59	69
72	69
57	59
36	65
69	77
74	69
66	64
62	85
79	68
65	66
37	53
58	63
78	75
62	63
53	62
57	54
57	75
57	67
34	68
29	69
42	64
44	66
49	63
70	70
64	65
54	57
60	64
60	65
52	63
85	74
40	70
59	64
72	72
67	74
62	54
59	58
60	71
65	65
28	61
73	62
56	56
62	67
49	59
65	71
36	59
53	69
84	80
44	68
78	64
62	62
77	68
60	68
76	61
66	64
76	74
73	75
86	69
45	64
72	74
83	78
79	74
66	68
62	63
81	62
58	61
28	62
60	61
56	78
62	70
77	78
68	70
57	50
68	72
61	64
63	70
66	66
64	78
69	72
58	68
71	69
66	69
49	64
55	60
36	70
82	75
54	65
67	67
58	61
58	62
74	74
74	75
33	61
64	73
53	72
54	66
65	64
53	66
73	66
83	75
62	68
52	69
63	62
65	67
45	65
64	69
46	60
58	59
59	57
53	67
64	78
58	61
76	75
55	70
76	66
59	76
55	59
67	75
51	64
73	66
57	71
32	52
80	77
70	68
62	69
61	65
65	66
69	71
63	66
66	65
54	66
74	74
59	58
55	68
54	73
50	51
70	63
63	65
77	55
60	61
37	74
75	69
58	58
52	58
64	62
67	77
67	65
65	67
56	57
35	60
32	70
48	70
62	65
65	69
73	74
70	72
51	50
68	66
57	65
68	66
70	65
52	56
57	62
66	66
71	76
64	64
72	75
69	62
38	64
57	68
31	63
58	57
56	68
77	68
61	68
63	69
50	67
59	61
48	54
45	72
66	68
52	55
35	57
48	64
70	67
60	58
32	61
49	74
60	66
50	63
67	69
31	75
46	69
84	85
36	69
72	74
72	76
53	53
58	67
46	57
67	67
69	75
61	66
77	75
34	66
64	66
58	77
70	75
66	69
62	68
70	65
57	66
55	63
63	59
72	79
48	56
64	66
67	77
76	67
39	57
52	60
62	62
26	52
68	66
68	69
45	64
60	62
69	66
31	63
49	69
63	66
81	71
52	54
32	58
62	60
79	72
50	59
70	67
28	76
71	69
62	67
66	67
66	70
66	63
67	68
50	68
56	65
59	65
44	66
72	69
37	70
82	74
64	68
73	66
48	66
68	70
49	54
58	63
73	58
43	59
78	74
61	68
70	69
35	66
71	72
61	69
58	63
64	61
58	62
62	68
61	63
52	63
81	65
44	70
56	57
66	67
73	71
54	73
52	62
70	77
42	62
58	64
55	65
81	80
56	71
51	56
58	60
70	69
80	72
53	65
55	56
51	76
58	70
54	69
76	84
36	57
66	64
71	70
62	61
62	63
62	71
74	75
45	69
57	64
62	64
85	71
48	57
61	81
80	68
71	71
56	55
68	70
49	60
70	61
57	70
28	67
30	68
55	60
69	68
48	60
81	73
75	75
55	65
65	65
78	80
65	62
55	63
65	72
59	66
84	84
68	72
56	57
30	50
62	66
82	79
37	65
67	65
70	66
57	80
40	56
47	56
77	66
73	68
73	72
61	58
34	68
57	66
55	67
38	62
59	68
66	63
59	77
73	74
62	66
43	63
54	67
70	65
73	79
67	77
63	65
59	65
69	70
59	62
64	64
41	55
83	83
84	72
40	57
57	65
40	61
67	70
74	72
71	64
35	56
65	58
39	57
57	67
67	62
55	67
58	69
69	65
70	60
60	67
50	66
59	62
60	65
83	76
67	67
55	67
57	60
28	56
72	72
85	68
49	67
46	69
72	73
60	68
63	61
55	52
58	65
82	72
54	56
50	72
73	63
30	61
52	77
57	59
61	72
56	67
52	65
63	69
60	66
33	61
64	61
73	74
33	70
33	58
85	84
60	72
62	65
53	63
68	71
57	69
49	55
56	63
44	62
72	65
69	70
48	71
63	64
48	67
64	64
45	56
53	65
25	61
68	70
72	73
57	55
64	60
62	62
68	68
69	74
53	53
68	69
62	69
65	68
36	66
44	59
40	50
37	58
58	73
68	70
72	72
62	65
70	71
83	70
56	53
63	69
76	79
69	74
76	71
56	58
27	57
66	59
69	67
45	54
74	66
67	68
55	63
43	52
70	68
70	66
70	73
48	58
67	77
57	63
75	72
61	54
70	71
75	66
67	72
64	63
58	74
28	48
82	66
75	69
66	71
66	68
52	80
79	73
67	63
67	68
25	73
73	73
59	71
71	70
78	70
59	61
56	58
74	74
58	64
55	64
44	71
64	67
53	61
65	65
59	63
59	80
58	65
89	56
59	66
49	68
60	66
42	70
72	71
42	72
52	67
62	62
68	68
66	67
53	72
71	73
52	62
38	64
47	50
80	83
56	65
54	72
49	62
68	67
27	61
65	76
68	68
57	70
72	69
65	61
62	66
63	57
83	78
62	67
78	73
65	66
73	69
42	52
49	64
55	63
32	59
44	63
77	69
68	78
70	62
36	57
49	67
66	59
47	71
57	58
55	64
40	55
62	60
46	59
82	73
26	60
58	64
45	63
71	68
42	57
41	51
64	60
52	56
72	70
77	82
28	69
62	72
74	85
78	67
41	58
80	68
51	61
72	76
56	61
58	56
62	63
34	59
54	63
72	73
75	76
60	75
33	65
47	58
55	65
49	57
27	62
53	65
75	67
65	72
64	68
77	65
63	64
42	79
54	57
65	73
73	65
62	73
50	64
66	63
53	61
43	56
78	74
60	62
65	68
48	61
67	71
52	52
55	71
73	65
58	57
46	68
47	66
55	59
63	62
30	54
75	77
60	64
65	83
57	62
80	73
75	71
25	76
71	71
55	62
47	71
66	67
68	64
42	77
72	72
40	69
58	61
35	55
51	64
81	73
40	70
46	67
79	80
64	73
57	55
27	64
63	65
33	55
56	57
32	57
38	52
64	57
63	65
35	74
61	58
57	65
67	71
79	74
52	59
47	60
69	79
53	58
61	65
50	62
74	70
66	59
61	58
81	84
61	61
52	59
57	68
62	63
63	65
57	75
38	54
85	72
60	60
45	53
78	75
50	59
61	67
61	59
78	73
63	65
58	74
59	63
70	75
63	69
63	61
51	61
67	66
53	66
68	72
76	66
70	83
41	59
69	67
48	64
72	76
38	66
48	56
42	75
48	71
78	80
75	64
53	64
51	56
64	72
38	64
51	57
67	77
73	72
63	67
52	61
62	63
44	61
56	60
44	66
49	70
78	73
35	65
69	61
58	70
50	48
80	78
76	66
60	65
40	67
32	63
56	69
62	63
75	71
31	48
31	66
61	61
54	54
34	58
68	65
78	65
66	65
54	56
44	54
38	63
68	60
73	56
68	67
71	73
46	61
68	71
61	62
75	64
57	58
70	69
63	77
63	70
88	78
70	58
60	67
52	47
69	61
56	58
51	75
42	75
74	68
31	73
53	60
69	74
72	74
48	60
70	84
67	68
72	61
41	61
48	64
73	80
68	69
57	79
76	72
72	78
60	67
56	63
55	59
64	76
69	76
34	54
52	59
63	65
54	60
58	61
69	67
53	65
66	80
38	57
62	58
67	67
41	67
39	68
64	66
57	70
78	75
54	55
72	66
33	56
71	80
49	53
44	54
60	64
36	71
72	74
58	67
37	63
43	69
39	53
28	72
75	75
52	52
51	61
74	77
55	62
52	60
60	64
37	54
63	72
35	65
53	59
74	71
78	68
53	56
56	65
60	61
52	54
63	72
66	63
58	67
64	87
50	59
30	67
80	69
63	66
47	57
69	69
72	69
73	71
66	71
69	71
53	62
82	73
68	70
62	66
49	58
40	59
56	67
71	71
44	60
81	82
68	68
66	69
58	58
38	62
37	70
77	77
64	64
62	67
72	75
74	84
74	75
31	61
54	60
68	69
76	68
58	67
59	69
67	68
62	61
59	63
66	74
39	70
76	63
75	69
66	65
57	64
68	68
70	74
78	72
37	58
66	64
45	71
42	51
67	66
54	60
62	59
65	71
49	61
57	69
73	78
53	56
57	66
57	54
36	74
38	62
78	73
52	49
72	65
55	58
63	65
70	73
85	69
57	63
71	61
73	76
65	70
74	77
65	64
68	61
40	71
77	77
57	60
47	68
67	72
62	66
78	78
48	63
81	71
80	70
64	63
57	58
44	61
65	65
58	64
72	59
75	69
76	71
51	71
52	59
79	79
77	82
63	72
31	70
64	73
38	75
57	67
56	58
45	69
62	68
75	69
30	58
49	65
60	68
49	48
68	64
33	68
72	69
73	67
48	79
75	74
68	73
69	66
61	57
38	66
52	65
63	63
71	63
77	72
25	60
60	62
67	72
39	59
53	66
61	65
45	66
62	74
46	53
60	63
72	65
56	58
69	65
70	72
56	54
33	61
41	60
59	72
78	66
64	62
55	61
84	77
48	57
77	62
64	70
38	66
68	66
70	64
82	69
55	62
55	70
27	64
80	70
67	68
48	56
68	70
49	60
45	61
66	71
77	66
72	69
52	70
62	70
53	53
45	54
47	67
38	57
57	63
36	58
62	73
69	68
67	77
77	70
42	68
54	59
56	59
38	65
60	61
65	66
57	75
54	55
59	69
68	63
61	65
52	68
54	62
42	51
58	68
51	72
41	72
38	78
51	73
63	60
64	59
68	68
69	69
69	77
48	66
73	68
65	70
68	68
46	61
44	59
63	65
32	65
65	67
60	66
33	49
75	86
48	57
65	67
50	63
58	72
40	54
72	64
59	77
68	72
55	64
70	71
76	83
65	65
61	65
50	64
73	72
30	61
63	74
49	58
46	47
71	60
64	64
47	58
60	64
55	60
52	59
65	68
35	66
70	70
38	64
55	67
61	64
68	75
68	68
43	65
54	56
77	65
72	74
67	67
53	63
76	79
78	71
53	56
32	58
50	65
73	58
74	79
62	73
65	65
47	69
66	65
51	63
90	85
82	79
60	70
60	71
54	52
54	64
75	67
65	77
68	72
59	73
57	66
72	67
55	57
63	72
59	68
24	70
71	74
66	68
64	66
67	77
59	67
58	64
45	76
84	80
58	67
57	72
75	72
62	64
40	64
51	52
64	64
63	59
51	63
60	49
64	66
62	74
70	70
87	82
62	59
67	66
60	63
78	70
33	59
59	63
50	66
67	66
58	64
76	66
57	61
55	66
67	76
64	59
40	56
64	66
60	70
65	65
46	70
54	67
46	70
57	70
60	62
68	70
63	66
56	69
66	65
70	60
66	66
53	75
58	58
78	69
57	67
65	70
50	65
85	82
56	55
68	72
60	63
46	52
83	75
62	69
50	64
69	68
80	77
33	74
39	66
58	66
64	62
66	66
89	89
70	70
41	59
59	69
66	76
51	56
63	61
45	55
70	73
47	53
63	63
74	65
60	71
66	66
77	66
50	57
63	68
72	73
52	54
45	64
72	78
37	63
52	58
62	60
71	64
66	63
65	65
52	56
60	67
52	57
67	72
68	72
43	74
54	58
64	67
60	67
59	56
70	68
48	54
75	70
54	70
46	61
58	63
53	62
48	65
50	54
50	58
67	71
63	63
55	70
56	62
65	68
69	77
68	75
78	80
71	66
53	58
33	60
44	60
61	61
59	61
69	75
75	71
71	68
52	75
68	66
54	56
74	80
36	55
58	63
69	68
60	58
54	53
47	65
74	68
56	61
73	64
46	63
75	74
63	68
72	69
36	48
67	66
66	61
62	70
50	67
53	63
66	69
55	57
88	82
67	65
81	68
72	64
58	64
58	58
51	58
81	70
62	66
72	68
55	66
55	72
58	62
69	70
75	71
59	53
82	66
62	68
66	75
62	63
43	65
64	69
39	51
77	70
77	67
80	70
68	71
82	72
49	69
40	64
37	71
75	80
64	63
56	64
70	67
82	80
73	72
86	81
62	63
58	57
60	63
79	75
73	76
71	68
47	62
71	73
63	61
37	67
62	68
54	59
68	62
78	64
72	62
47	53
68	72
62	69
66	86
71	72
70	73
59	69
82	80
70	68
57	61
63	64
69	77
38	68
67	67
70	70
70	64
38	64
64	74
71	70
77	79
65	69
69	64
71	78
65	68
30	66
58	67
62	63
71	74
76	82
67	68
33	48
46	57
52	59
42	59
78	75
60	68
57	64
66	69
60	64
53	66
49	58
46	60
78	65
58	69
52	65
65	66
76	74
53	70
64	67
56	58
71	67
56	60
58	52
51	64
74	80
54	62
66	74
84	76
45	61
60	74
79	82
81	71
62	68
75	62
68	66
65	59
84	81
64	62
78	71
69	68
83	80
51	72
64	68
34	52
78	73
77	69
65	69
65	69
42	62
40	67
41	75
62	60
65	66
60	56
60	62
60	67
61	69
50	73
50	61
55	61
69	70
38	53
76	69
60	70
65	74
56	73
31	70
66	56
55	58
55	57
39	60
73	75
48	57
74	75
51	58
70	67
70	67
69	81
70	65
53	73
54	64
34	61
44	67
73	69
52	68
70	71
74	83
74	72
88	76
79	80
72	59
55	66
46	62
45	73
55	70
80	76
50	52
69	74
62	71
45	62
54	69
35	64
48	67
47	58
70	67
52	61
47	53
62	71
67	66
58	62
78	66
58	57
43	71
45	51
60	59
52	56
38	70
67	76
65	71
52	63
70	77
66	64
76	72
73	70
84	70
64	68
71	65
57	54
59	63
63	67
62	55
72	70
51	62
54	63
54	83
74	69
54	57
46	55
65	63
65	65
55	64
46	72
64	71
63	68
84	70
53	60
70	63
63	67
29	66
33	59
55	59
51	68
48	57
73	68
64	67
55	65
27	65
38	64
39	63
47	66
63	64
82	74
57	70
83	82
67	64
64	66
86	80
30	51
76	78
71	65
62	69
68	66
61	66
70	71
65	68
82	70
69	76
80	80
52	58
75	68
62	67
76	84
61	64
53	60
65	63
31	74
72	68
72	69
64	66
66	69
72	67
76	75
45	55
52	53
72	74
68	77
79	59
48	66
65	64
60	56
65	68
75	67
58	70
61	62
51	66
61	79
72	71
68	73
48	62
58	74
60	70
52	58
42	66
58	71
61	65
41	73
72	71
72	71
57	64
46	60
70	62
71	71
38	53
50	71
58	75
65	63
70	70
56	51
35	54
69	60
77	71
68	66
83	76
76	68
61	68
82	65
67	67
71	70
68	70
61	72
63	62
65	82
85	78
58	66
35	67
53	62
60	67
67	72
62	68
34	68
67	79
63	67
54	72
38	62
27	60
68	76
72	69
83	71
80	75
81	77
67	80
53	63
54	64
72	67
51	63
75	77
52	70
66	58
34	51
70	68
67	73
52	60
63	61
51	73
50	62
71	69
75	85
70	69
55	63
51	64
67	66
59	70
57	60
67	70
73	69
68	62
67	68
57	59
43	78
62	63
50	60
50	67
49	70
70	69
35	70
64	68
52	69
58	80
47	62
72	72
80	72
46	60
65	67
50	61
74	74
43	72
57	56
71	65
58	62
55	67
74	63
67	65
63	68
70	69
52	69
70	69
55	68
66	65
33	58
55	60
68	63
50	67
68	65
46	70
63	63
70	67
34	54
52	61
61	54
75	76
60	64
70	65
76	68
58	61
60	49
69	81
65	70
57	65
63	65
53	58
77	81
60	63
35	60
57	59
41	67
57	70
75	72
70	72
51	58
73	68
32	59
60	68
68	65
55	69
63	56
31	63
50	49
67	72
25	64
57	69
54	59
57	57
37	68
60	59
66	64
72	60
50	65
56	61
44	64
51	59
59	58
42	73
52	61
50	63
70	68
80	73
74	72
47	58
71	80
37	58
66	71
62	67
57	72
67	70
54	66
56	58
61	59
69	71
58	60
84	75
59	73
70	69
52	70
37	56
42	59
69	71
74	70
46	63
74	64
61	74
54	58
61	60
60	57
82	69
55	72
42	79
59	63
65	66
57	65
53	63
49	56
66	64
68	72
71	74
81	65
79	62
55	65
60	66
55	64
84	80
58	48
34	51
51	66
72	64
76	69
53	61
48	53
64	65
65	66
76	70
46	61
81	72
41	62
71	70
69	69
64	70
79	67
54	59
80	69
49	60
71	70
69	69
50	56
66	66
87	74
70	67
42	62
69	71
55	59
48	61
51	57
33	61
36	54
59	63
45	65
48	53
53	64
56	68
58	64
78	74
59	56
59	55
34	67
75	63
54	55
57	62
63	63
55	63
53	60
85	75
73	73
55	66
41	58
48	49
60	65
59	61
34	58
72	61
59	63
68	64
50	50
87	72
56	54
68	69
45	66
52	65
65	72
65	68
76	67
76	70
66	65
56	60
51	62
64	69
64	72
46	67
48	64
60	60
38	64
59	62
73	78
59	63
35	58
60	63
60	60
71	70
57	71
57	65
57	63
62	67
65	63
70	67
38	62
80	86
49	66
41	67
55	53
55	60
78	69
74	66
65	66
71	69
74	60
74	64
75	72
72	57
70	58
53	57
55	53
49	54
77	73
64	73
61	64
67	68
64	50
63	65
71	69
71	69
47	49
53	78
56	70
64	63
39	68
38	75
61	76
61	70
67	66
73	73
61	71
54	59
56	72
61	74
66	74
58	64
45	62
32	62
46	63
64	63
65	67
70	68
81	75
59	67
50	64
31	58
54	57
25	64
68	76
78	71
70	71
53	64
51	62
68	69
55	67
54	66
59	68
65	70
46	51
68	69
57	69
62	65
76	73
73	79
48	55
65	65
52	57
64	59
70	78
82	68
80	69
55	56
55	75
26	61
70	68
59	68
49	64
77	68
57	59
82	67
87	84
61	57
53	59
68	67
73	80
55	48
38	71
70	56
25	57
77	63
86	61
47	53
72	69
38	74
45	66
74	73
55	64
35	60
51	70
80	76
74	70
71	71
69	64
44	61
68	74
48	74
52	72
73	63
72	72
52	52
74	66
64	60
56	67
64	66
66	63
80	77
45	55
76	70
70	64
66	68
65	69
50	54
45	68
27	59
30	60
52	67
65	65
47	66
68	59
61	64
63	66
53	78
47	65
56	67
63	62
87	79
63	70
70	66
67	67
64	64
60	71
31	70
51	51
43	58
58	64
51	58
74	72
32	64
51	58
61	63
68	67
71	70
54	71
56	59
42	68
59	68
73	69
81	74
72	63
49	51
61	63
57	67
35	61
66	71
54	66
61	65
70	74
55	56
53	69
42	77
30	66
61	60
78	68
56	72
57	56
55	68
38	59
66	64
71	61
58	58
68	63
52	61
62	71
55	62
70	70
34	62
68	65
48	71
79	70
54	66
75	78
53	65
52	66
84	80
70	64
50	56
47	55
53	57
55	67
68	58
54	60
55	67
62	60
84	65
32	51
89	82
47	73
66	76
43	69
77	67
72	75
61	67
71	66
56	59
46	62
46	64
58	64
70	73
53	63
63	73
73	69
76	58
68	68
47	59
50	52
73	78
43	65
62	62
64	60
33	65
68	58
69	66
27	59
58	75
45	72
71	62
71	73
61	74
70	77
50	64
49	61
65	78
30	48
38	68
59	66
58	73
57	58
76	73
73	70
46	63
32	69
50	71
52	67
43	76
52	58
35	59
45	68
31	47
74	67
60	66
46	63
55	61
79	68
34	51
68	64
65	72
74	87
40	72
68	73
59	69
64	63
55	52
74	71
48	61
67	63
44	66
57	58
71	66
34	66
42	81
57	60
51	70
76	75
64	69
82	77
59	64
55	70
86	81
77	71
55	62
56	64
61	61
52	57
69	68
66	61
87	74
72	68
79	62
65	65
31	64
46	66
53	67
85	68
50	72
51	53
69	69
62	68
75	66
64	68
55	60
79	79
54	78
59	61
81	72
59	70
30	55
67	62
58	69
52	58
62	62
38	56
61	69
74	66
65	67
65	69
65	70
72	61
49	48
69	73
48	49
62	60
29	59
40	65
64	68
58	60
83	64
65	65
68	66
45	68
67	65
75	67
75	59
72	78
73	78
60	56
72	73
61	60
50	63
32	61
43	69
66	65
61	64
57	73
82	82
48	73
42	58
45	62
77	73
42	71
44	68
67	67
65	70
51	57
51	62
79	73
45	65
75	78
60	70
59	62
75	70
58	59
61	70
60	70
75	70
65	67
60	58
55	55
75	70
59	60
60	60
62	66
55	63
34	61
73	70
55	55
63	69
28	50
85	79
74	81
74	75
35	67
71	78
65	62
40	72
60	59
69	71
56	63
61	72
54	57
75	73
72	70
83	71
65	59
79	73
66	68
66	69
70	62
62	65
73	71
49	53
73	72
56	61
58	70
58	62
73	66
44	63
60	66
60	80
61	64
67	64
62	60
44	55
72	74
63	68
67	71
45	66
73	70
76	78
77	72
66	64
73	69
64	65
56	65
57	66
58	65
63	60
71	68
51	58
49	58
66	67
65	66
79	78
51	67
59	62
52	54
64	66
60	57
50	53
60	65
60	79
49	58
88	66
68	70
56	64
83	64
80	77
60	59
35	62
29	64
66	74
80	71
67	65
49	52
48	61
74	68
68	63
64	64
65	65
48	58
81	85
34	65
56	63
76	57
81	79
38	65
50	57
84	73
72	73
61	59
70	78
69	69
71	71
63	67
52	66
64	65
55	69
63	72
67	65
62	62
69	74
76	72
37	72
56	53
68	70
74	72
69	66
60	62
74	76
31	60
70	79
66	70
53	60
51	61
28	55
44	71
68	65
24	61
75	69
40	69
54	67
57	57
57	58
62	70
70	69
64	63
55	68
53	62
44	52
58	62
72	72
75	76
45	59
71	66
35	65
50	58
53	66
53	59
43	48
65	62
43	57
61	65
70	73
70	78
80	81
57	61
64	73
68	69
77	79
71	68
57	61
56	75
64	68
73	75
52	61
72	75
41	60
53	64
43	67
71	67
84	79
52	67
60	55
58	62
63	64
67	69
35	60
63	62
76	70
81	81
45	52
66	68
65	70
45	76
60	59
50	65
78	68
34	70
51	57
39	62
59	61
30	66
65	63
52	74
26	56
83	71
78	73
74	76
62	65
69	60
55	58
53	74
75	70
76	79
67	62
45	59
67	75
57	54
62	69
68	66
77	67
40	58
50	63
52	66
70	62
73	70
61	62
41	58
80	75
65	63
67	67
58	72
62	67
38	61
76	72
67	63
62	55
58	70
61	70
68	66
36	52
67	70
73	68
58	63
82	72
66	67
58	68
50	70
62	62
66	66
42	76
50	62
55	57
64	68
58	61
47	69
82	78
61	64
63	71
58	62
39	56
51	63
62	76
77	75
86	68
75	81
45	59
29	68
57	69
72	74
74	61
61	69
63	73
68	68
63	65
62	61
72	80
64	60
32	65
40	64
60	59
29	67
56	63
66	65
34	80
84	77
66	66
50	57
40	62
62	84
70	71
55	63
36	65
44	70
56	59
29	59
41	70
66	67
33	66
57	60
67	78
64	75
71	73
45	59
55	59
82	65
58	65
47	58
50	58
43	63
63	70
65	66
53	53
66	65
70	67
80	73
40	59
50	61
57	65
58	60
65	63
69	84
68	71
30	55
59	54
54	62
70	66
42	64
59	56
67	60
58	61
79	75
50	53
70	65
45	71
59	61
66	60
62	63
71	63
57	62
65	63
70	56
64	68
77	73
63	63
64	62
57	60
54	61
73	72
65	62
86	87
73	73
68	67
56	60
49	50
50	67
54	77
50	57
35	69
61	55
76	65
78	73
59	63
54	64
59	67
77	63
86	77
73	70
53	67
80	72
76	66
59	63
33	50
57	71
52	50
69	68
79	76
70	73
53	59
63	78
70	56
65	69
63	61
59	79
36	67
50	62
63	79
58	71
76	61
66	65
76	65
80	69
75	68
73	77
70	71
40	63
52	60
34	64
39	63
71	74
41	53
58	60
33	57
62	67
34	60
59	70
36	64
72	81
56	61
33	63
53	63
73	80
73	68
48	56
61	50
42	63
52	65
51	64
56	77
69	63
42	65
79	68
54	56
71	71
56	71
45	69
64	63
60	60
57	65
56	58
65	72
69	72
61	64
40	65
59	60
70	66
48	63
55	69
48	54
73	59
74	72
60	75
59	63
79	59
65	63
61	60
72	73
62	57
51	60
78	65
53	57
84	83
45	58
63	66
60	57
54	53
73	60
49	72
49	61
60	61
75	64
64	62
45	49
68	64
56	64
58	60
77	82
60	59
68	72
49	61
59	68
71	70
85	77
59	76
74	69
46	62
45	53
60	69
60	59
73	64
77	70
36	72
70	69
72	61
51	67
45	69
51	74
67	67
70	68
87	79
81	70
64	65
77	72
48	75
43	53
73	62
69	70
71	71
72	76
75	77
73	77
56	61
57	58
61	63
69	73
63	63
75	73
27	52
57	66
69	70
63	65
49	64
53	69
65	64
45	69
59	63
59	63
42	62
82	80
74	77
58	68
60	60
83	87
62	61
59	61
60	55
63	69
63	68
66	66
44	62
54	65
63	75
50	64
57	76
41	65
45	65
39	59
40	71
57	67
57	68
38	57
61	67
55	71
61	59
83	69
54	63
49	68
73	76
50	53
64	68
84	70
71	66
62	72
55	63
54	64
72	68
75	67
45	65
57	55
51	62
56	62
70	75
76	79
69	69
43	66
60	63
61	60
40	66
60	63
59	73
60	59
86	82
63	63
73	66
71	70
74	72
42	55
72	70
39	55
70	67
59	69
53	73
60	62
57	72
38	70
74	76
52	47
72	64
72	71
68	76
36	69
64	63
62	62
55	66
70	65
42	61
55	59
57	55
75	75
51	63
62	71
61	53
67	64
70	72
65	64
77	70
77	78
61	68
50	67
74	71
40	60
64	63
57	57
38	57
57	57
75	77
54	78
65	62
57	65
73	63
75	66
52	57
61	54
50	58
69	76
69	69
71	66
54	73
30	57
46	70
34	67
47	57
68	75
85	74
60	62
56	60
66	67
75	67
41	60
86	70
85	79
57	64
70	65
58	69
70	84
61	68
61	62
41	61
62	64
43	66
39	67
73	72
50	61
42	52
69	63
57	62
69	66
68	64
60	60
63	64
53	58
66	70
57	64
66	62
49	62
69	68
34	71
78	73
61	63
60	56
64	61
61	67
64	76
62	64
65	58
59	60
48	69
51	61
45	72
42	65
59	65
47	74
66	67
62	72
58	67
64	61
29	63
49	58
66	71
52	59
59	60
77	66
64	64
59	64
58	61
59	81
68	64
68	68
68	61
65	72
52	54
72	72
62	61
47	63
45	54
80	77
48	64
65	68
60	65
61	72
61	61
57	75
56	49
77	71
61	59
35	62
64	62
72	71
61	58
47	59
52	77
39	60
68	71
66	69
65	74
70	70
51	52
44	67
59	63
66	68
65	66
63	66
78	70
51	51
33	63
48	64
61	70
50	51
67	70
63	66
58	55
69	65
52	54
47	75
39	63
53	60
41	58
53	69
80	74
74	71
42	62
50	63
57	66
63	73
50	54
48	63
44	59
56	63
87	78
82	78
80	78
65	55
63	68
46	63
66	67
82	78
65	81
75	75
47	56
58	70
66	67
67	72
70	64
61	68
48	66
66	65
66	73
61	79
50	66
42	58
49	47
61	63
72	71
47	63
61	76
67	75
68	72
76	70
76	70
40	65
72	67
58	70
58	75
48	61
50	73
76	64
70	66
68	63
57	59
42	52
76	78
35	59
40	65
70	71
58	59
70	61
60	64
55	66
75	71
48	59
72	73
25	63
58	72
58	70
79	70
85	87
55	73
70	71
45	67
42	67
72	67
53	73
47	75
39	65
41	76
43	56
55	66
56	66
56	67
60	57
60	64
61	61
55	63
58	69
56	72
66	68
58	57
55	66
55	57
75	68
42	62
42	63
77	76
63	60
74	65
42	51
31	59
56	63
74	73
60	62
72	68
56	53
49	54
43	73
35	65
38	52
67	73
62	53
59	61
84	70
59	75
54	60
57	62
78	72
68	65
64	68
60	63
61	63
60	65
64	64
45	67
55	67
58	57
48	63
52	48
70	69
74	78
58	62
73	62
63	61
71	75
26	52
51	58
68	80
31	66
54	61
47	65
57	68
72	64
76	66
66	70
73	67
42	50
65	63
51	65
74	73
58	58
58	61
58	65
48	74
65	67
71	67
54	57
26	54
68	73
74	69
50	69
53	56
69	75
52	62
30	64
57	65
61	62
50	59
65	65
50	62
69	64
52	62
29	56
62	65
54	64
58	57
47	48
55	58
66	68
90	73
78	78
59	61
57	80
58	64
42	47
73	78
56	71
65	66
45	55
58	66
55	64
45	53
44	61
44	74
45	65
65	70
57	71
65	66
53	61
67	67
68	66
60	55
57	64
74	71
40	57
70	69
60	83
45	68
60	66
48	53
40	51
31	51
53	54
50	62
38	61
70	74
62	70
58	74
62	56
50	69
75	72
70	69
59	70
58	56
64	64
60	61
80	78
72	69
84	86
60	68
78	71
49	53
52	67
50	56
68	66
73	68
61	67
72	71
80	79
73	72
59	56
55	54
73	70
45	72
59	58
59	63
58	65
54	70
49	65
34	69
61	59
59	62
54	67
65	63
66	67
75	75
51	55
80	53
35	49
58	64
54	47
36	64
41	66
56	64
70	68
55	61
65	65
48	62
56	61
61	66
75	72
60	60
84	69
73	65
64	60
46	63
70	71
76	74
59	65
48	67
68	66
50	73
33	63
56	68
73	70
74	70
53	63
36	66
73	58
51	66
64	71
72	66
55	56
54	61
67	66
57	65
75	75
63	70
70	62
69	74
71	63
70	75
49	56
54	62
32	67
76	67
68	66
68	67
74	73
47	68
58	60
83	77
48	63
51	70
56	63
78	71
64	57
45	64
45	56
58	62
48	63
68	66
70	62
49	64
63	60
65	66
68	65
74	76
61	75
50	59
74	73
53	69
66	70
57	63
47	54
73	74
61	67
50	59
41	60
75	72
60	64
56	63
36	53
69	67
39	67
53	71
55	70
53	69
60	77
70	71
45	74
55	74
73	68
32	69
68	68
37	66
62	66
70	63
72	63
61	60
65	66
75	66
41	69
72	64
56	65
58	66
33	61
31	50
75	68
74	70
68	64
31	61
56	55
71	68
78	76
53	49
65	65
56	63
79	73
33	73
46	67
46	58
67	73
41	50
67	66
60	66
70	72
47	59
56	58
81	72
63	59
65	65
65	63
71	73
58	56
58	59
50	56
65	69
65	76
31	62
72	77
58	70
71	69
46	53
78	70
59	66
58	65
46	47
53	68
62	64
51	55
50	55
80	74
75	66
53	67
55	59
65	62
78	61
58	66
85	73
83	81
50	52
56	59
32	64
67	65
56	58
59	64
66	71
51	66
85	90
68	54
59	62
60	63
40	56
42	53
44	76
55	53
69	74
81	72
55	69
70	69
72	66
52	58
41	58
54	58
62	64
51	65
67	60
49	60
50	59
61	66
61	62
55	60
64	66
34	58
54	57
70	71
66	65
58	59
68	60
59	52
63	64
44	60
39	60
41	63
70	60
57	63
59	71
59	61
57	58
70	67
60	55
77	75
42	64
43	49
56	68
35	56
83	87
75	74
62	64
63	65
56	68
51	58
66	67
64	85
49	67
49	67
40	69
53	65
54	63
74	75
66	70
58	53
56	54
55	76
54	59
66	63
66	65
54	63
59	59
49	55
55	56
62	72
80	68
42	49
60	61
52	54
83	75
65	66
80	76
53	64
47	58
65	69
61	67
77	68
30	65
70	75
77	73
66	68
69	68
60	67
76	76
66	71
62	67
81	77
28	67
57	55
68	74
66	65
50	54
69	62
82	76
65	65
53	72
78	66
86	75
53	64
46	53
55	78
74	72
55	79
71	69
30	59
54	64
61	67
55	66
77	72
57	63
71	66
71	75
51	59
33	58
71	66
50	74
40	67
69	74
59	56
84	66
64	69
65	68
57	67
74	69
67	72
59	60
75	75
50	67
69	69
69	64
48	64
70	70
59	62
70	71
67	64
71	66
71	63
65	63
61	74
65	60
63	64
31	63
74	75
52	70
55	63
35	62
44	48
53	57
30	48
31	59
64	66
67	63
75	74
37	52
57	62
44	57
47	65
72	67
65	75
75	64
63	71
68	85
67	65
60	57
67	76
56	65
60	68
53	70
55	58
61	63
70	70
50	53
58	76
35	68
53	63
47	62
68	66
48	60
46	60
67	71
64	65
68	61
62	61
66	65
73	71
45	57
48	70
85	61
84	87
66	63
64	74
62	64
57	63
58	68
49	65
55	61
34	72
33	61
55	59
68	67
76	62
65	64
48	69
56	65
82	75
51	56
68	68
70	64
25	67
73	70
53	52
65	72
55	61
36	65
30	58
54	56
41	62
35	59
67	66
72	67
65	71
59	64
84	78
65	60
51	63
59	71
70	74
46	51
70	71
55	63
73	73
64	65
64	72
68	70
54	63
64	74
73	67
57	61
71	64
54	56
62	77
34	79
63	63
66	65
72	64
59	63
71	76
78	72
84	75
26	55
61	60
62	80
62	65
81	65
57	74
62	68
65	59
62	68
55	64
53	48
66	65
86	75
58	64
61	59
74	72
59	58
55	53
32	56
64	65
33	59
68	66
66	61
77	73
60	63
54	64
61	60
82	73
48	60
69	67
55	57
45	61
80	64
54	63
48	63
66	63
34	64
40	64
72	64
76	73
60	72
77	55
79	68
67	63
65	66
42	62
50	57
80	69
60	61
66	71
74	67
68	58
51	65
26	59
73	63
45	64
59	63
60	67
48	55
53	55
33	59
56	71
63	70
80	71
71	65
54	67
56	64
69	73
49	61
71	72
57	65
31	59
48	60
71	66
68	76
63	63
58	56
76	75
34	63
70	64
85	72
50	64
55	69
63	72
40	60
78	75
49	82
52	53
72	74
76	75
73	72
38	64
64	65
72	69
35	62
64	64
80	76
48	50
43	70
70	70
70	72
58	65
60	67
62	63
69	74
59	64
47	70
62	66
39	52
38	67
39	64
60	60
65	65
70	67
59	63
64	67
76	57
66	74
74	75
60	58
68	69
80	78
68	70
78	64
70	66
63	59
57	58
50	54
60	63
45	65
72	73
40	53
78	68
53	62
58	60
67	61
33	57
87	83
75	70
68	63
40	54
85	72
70	63
70	86
52	48
76	79
59	71
66	73
67	68
28	63
29	68
76	77
57	67
60	61
60	75
68	66
52	50
68	66
72	70
72	64
62	60
53	66
74	75
31	64
85	78
61	68
44	69
42	64
46	52
68	76
65	56
63	55
70	67
50	63
75	64
35	61
38	49
70	63
45	64
68	68
58	63
32	65
77	74
48	53
85	75
43	67
60	67
46	61
48	58
74	62
58	72
44	54
47	64
76	84
41	67
50	62
78	72
75	75
83	66
59	64
56	56
63	65
68	66
45	51
74	73
67	62
66	65
67	80
53	61
45	59
57	75
52	66
70	78
37	65
48	69
60	73
57	58
68	67
66	70
34	53
52	69
50	59
72	67
55	59
38	78
67	73
52	48
38	61
60	58
51	59
75	67
31	64
63	67
68	66
73	75
84	78
71	65
79	80
36	62
26	48
80	74
72	83
85	79
40	62
75	68
70	63
58	60
43	69
58	68
48	58
64	70
47	73
67	62
52	85
50	61
42	62
59	70
61	61
73	72
40	74
81	75
69	67
46	67
56	58
60	54
69	68
55	55
82	80
65	64
56	59
54	61
70	70
85	81
64	61
51	58
68	72
79	79
56	59
53	67
76	76
36	59
38	58
58	62
81	89
60	63
70	55
53	68
54	64
60	59
74	70
58	57
31	51
70	69
29	66
53	57
47	63
55	62
72	71
53	82
63	71
71	66
66	64
40	74
50	59
77	71
57	62
55	58
56	62
68	66
62	65
65	65
74	74
55	60
62	65
65	70
38	59
57	71
35	65
70	76
25	49
48	49
85	85
64	71
72	65
53	49
47	53
56	57
63	62
72	74
68	69
49	61
45	59
29	60
70	73
74	81
54	63
62	74
61	73
28	60
54	65
79	76
58	64
70	73
58	61
78	71
38	69
67	74
83	74
32	67
70	77
62	67
63	64
58	56
68	64
34	63
79	75
64	68
64	51
57	67
48	51
57	54
66	77
63	63
67	70
70	66
45	68
52	63
27	70
84	78
38	60
54	55
66	65
75	65
72	70
77	69
64	65
37	69
64	67
61	70
59	60
59	60
54	68
55	67
68	67
49	58
47	71
63	63
33	62
86	82
62	59
71	75
61	57
74	70
74	72
79	63
72	81
51	68
61	52
48	68
43	70
70	71
69	68
25	58
65	65
74	64
70	70
51	62
80	70
57	47
47	64
75	57
28	52
71	69
72	74
66	68
42	70
46	62
76	70
74	68
59	63
78	74
68	66
56	65
66	75
72	76
40	56
53	73
71	63
43	70
62	68
49	60
52	65
72	75
72	65
68	73
53	54
42	56
69	67
76	78
56	68
67	67
49	59
34	74
93	86
69	71
51	65
32	68
86	77
59	52
57	57
66	67
48	72
72	72
66	67
60	65
60	62
44	55
63	74
56	75
52	60
50	57
69	64
44	65
58	78
61	66
56	56
78	66
70	68
69	75
33	66
75	68
55	59
53	71
82	67
61	62
76	75
74	57
65	61
58	73
72	75
54	60
84	77
74	63
44	66
77	75
49	71
68	69
44	52
62	57
57	69
85	83
65	67
53	76
66	68
61	70
72	69
54	66
76	80
63	66
70	73
55	54
80	70
62	69
59	65
70	71
54	57
74	75
70	69
80	81
49	55
43	65
58	68
67	66
63	67
67	64
67	70
72	69
78	68
54	54
52	67
50	64
39	61
62	60
70	69
71	69
65	66
68	73
57	68
26	65
69	73
63	61
54	60
55	63
45	54
68	65
49	68
51	56
74	72
60	56
43	65
52	56
57	65
71	67
71	72
58	58
68	74
68	68
59	66
40	49
53	55
33	65
77	80
70	66
88	71
31	64
57	66
37	59
71	66
73	54
58	65
55	64
63	63
68	68
60	62
60	60
56	62
53	74
57	61
85	70
64	72
32	66
58	62
56	72
77	73
47	66
62	60
68	68
78	79
60	65
44	74
60	57
57	62
50	62
67	78
73	68
56	62
64	68
40	62
79	75
64	63
65	69
47	76
37	66
44	60
52	66
48	64
75	77
60	66
41	52
62	67
64	63
61	60
45	53
56	60
58	67
59	65
74	72
51	66
70	69
50	52
40	62
65	64
63	62
62	71
44	80
68	75
53	72
49	57
68	75
60	68
54	70
61	68
50	57
53	56
49	66
78	70
78	72
50	57
61	67
48	71
54	62
66	66
71	73
65	65
77	82
66	68
43	49
60	66
31	62
58	55
78	80
65	65
79	73
53	47
46	68
66	64
53	63
52	57
76	67
51	64
68	84
68	73
61	65
31	68
30	63
45	60
49	49
53	53
48	65
71	69
73	79
42	57
68	68
63	66
65	64
62	66
67	69
48	61
66	65
74	71
43	72
76	80
66	67
57	68
64	64
67	67
65	69
37	70
51	68
72	76
25	53
94	77
72	69
62	67
65	62
75	71
72	68
58	70
43	67
69	71
31	61
57	62
63	71
44	55
61	63
57	70
83	75
63	63
71	75
72	69
75	79
48	57
28	49
75	66
64	70
49	58
50	64
50	66
52	64
54	58
66	66
70	66
58	57
64	66
61	62
40	68
52	52
42	68
76	64
53	51
74	73
68	71
64	64
66	72
46	54
32	55
56	59
51	51
86	82
57	62
52	58
80	71
56	58
67	67
59	62
44	68
68	80
51	53
68	70
41	64
70	73
55	59
61	66
73	71
69	64
67	65
80	68
67	70
72	72
41	66
65	67
40	50
67	69
64	63
44	60
64	61
71	72
76	78
71	70
80	81
73	74
51	65
84	82
62	70
66	70
74	75
66	62
72	82
67	74
39	68
34	60
58	68
45	66
66	67
74	70
43	62
64	65
54	58
60	54
65	73
26	66
48	59
75	75
60	66
62	68
72	64
65	63
82	72
56	49
43	61
52	59
38	58
47	55
60	52
56	59
58	49
51	71
40	65
77	76
59	63
47	52
60	61
65	67
65	67
57	66
72	71
51	68
71	69
57	61
76	73
27	57
58	61
40	51
51	74
72	69
69	65
40	67
81	71
69	69
74	65
45	60
80	72
31	63
75	74
30	53
74	69
51	60
75	81
45	64
75	74
56	61
57	63
61	66
65	60
46	53
41	62
44	71
51	63
65	63
48	57
57	55
59	88
52	51
50	48
59	60
41	65
46	63
66	66
56	57
64	70
70	69
61	71
51	69
70	71
59	60
73	73
56	63
46	55
69	69
65	65
75	72
58	62
43	72
54	57
59	66
70	73
71	68
38	57
65	74
71	69
56	58
57	57
63	74
35	52
37	58
38	55
30	56
52	66
55	63
61	64
75	68
82	65
65	79
47	77
61	61
55	61
52	69
58	57
44	50
65	67
51	68
59	59
64	63
66	68
38	62
70	70
69	75
57	62
72	74
64	65
72	67
69	59
78	72
62	62
65	74
55	70
76	72
85	82
61	63
75	79
53	59
49	63
37	68
60	64
62	54
65	70
36	50
60	60
63	69
33	56
65	62
65	66
54	72
64	63
45	66
53	66
70	69
83	69
62	67
54	61
67	68
58	64
68	67
63	64
72	72
65	63
69	66
61	61
60	60
73	78
59	67
55	74
40	69
40	63
52	78
50	72
29	61
43	64
43	56
81	72
49	69
52	68
50	63
68	65
59	58
57	56
55	53
82	67
62	70
43	62
50	60
74	65
74	76
72	70
58	62
60	60
53	66
58	65
47	49
74	65
42	59
52	66
71	68
73	74
52	54
42	67
84	77
59	63
70	69
34	62
51	63
48	62
62	75
52	61
63	66
77	63
51	67
76	68
59	60
76	69
61	66
69	68
52	67
59	53
58	70
69	71
45	57
60	60
71	70
46	75
52	66
45	57
60	62
58	54
76	68
72	61
64	63
45	75
69	54
48	67
53	75
71	65
26	63
81	68
61	65
70	65
52	65
52	52
63	65
25	75
67	70
60	65
31	68
42	51
58	65
69	67
41	66
61	65
57	61
56	74
69	75
62	66
52	62
41	52
58	71
41	70
56	66
58	61
61	68
65	62
77	70
83	77
38	68
56	66
55	62
65	67
62	71
54	48
73	70
80	78
63	59
54	76
36	73
69	73
35	57
56	63
78	69
65	65
70	70
65	68
76	63
66	68
50	59
65	67
62	69
60	65
58	69
59	70
49	55
77	79
64	64
59	72
58	60
62	64
48	65
75	67
54	58
74	74
52	62
64	67
75	74
64	59
70	68
67	66
69	71
34	56
40	71
58	62
54	62
69	81
83	71
66	65
64	60
62	62
62	57
38	52
49	55
33	64
58	69
66	74
69	66
53	78
42	51
68	69
74	72
72	84
50	72
68	69
65	66
70	72
56	63
71	66
68	68
66	68
47	66
74	67
70	67
29	72
65	60
60	55
66	67
63	58
87	83
54	63
44	61
62	77
86	88
75	73
83	76
43	81
64	67
73	68
61	62
66	70
77	77
65	75
30	67
61	66
45	61
38	71
59	69
63	68
63	72
67	65
58	62
79	71
68	65
82	74
57	63
59	73
50	55
67	71
52	60
68	67
54	56
50	79
75	69
45	50
61	66
88	76
74	70
54	68
37	63
81	83
69	72
79	65
69	68
52	71
60	67
55	56
65	66
68	69
50	57
70	61
55	56
45	65
61	58
80	77
84	80
49	78
71	71
37	63
73	61
82	79
64	68
79	81
57	66
40	66
40	55
58	66
73	68
62	65
50	58
59	60
70	65
38	71
54	57
54	62
62	70
75	71
62	72
53	53
66	64
70	67
63	63
67	72
70	61
75	70
51	59
55	51
80	83
47	58
66	72
50	66
60	57
54	58
80	69
37	49
56	61
61	71
72	67
67	63
54	60
58	72
33	61
61	74
72	67
72	73
50	70
53	56
70	68
71	61
61	64
68	78
55	58
51	58
55	61
85	71
61	67
75	70
69	68
55	75
68	71
74	70
62	64
74	75
71	55
55	66
63	60
71	58
69	63
69	71
63	62
76	83
58	60
45	62
48	64
39	53
71	66
53	53
46	54
32	54
71	66
55	72
54	67
73	68
57	62
69	73
60	63
78	81
81	76
67	67
28	67
48	57
44	67
56	62
83	86
65	71
54	64
57	63
72	67
69	69
80	64
59	64
58	56
75	65
70	58
79	66
60	62
71	71
63	72
62	58
53	58
70	70
52	69
79	68
70	70
47	64
39	66
63	66
66	65
52	56
69	65
58	47
70	69
50	62
45	57
62	80
62	65
65	72
35	54
63	68
49	67
62	66
34	64
54	61
55	59
61	62
69	71
61	67
49	61
61	62
74	67
72	74
75	68
63	68
77	62
58	65
54	53
48	72
55	71
75	67
80	82
50	61
69	71
45	52
68	73
64	76
32	52
67	51
54	58
32	59
76	77
63	65
33	51
72	71
39	54
80	75
76	61
74	65
64	69
56	63
52	56
65	65
73	66
56	69
79	73
67	67
59	63
67	72
32	59
35	53
69	67
61	70
82	77
63	62
74	72
69	65
60	62
47	64
67	59
56	59
84	85
80	83
80	74
56	65
62	70
54	79
57	65
66	66
64	64
55	52
39	68
52	73
41	68
56	70
40	58
74	76
52	58
47	64
66	57
59	70
46	57
58	66
62	65
65	60
48	59
27	57
76	69
75	74
46	64
56	75
69	75
70	65
66	61
57	52
64	64
46	70
29	52
64	64
67	68
56	50
57	60
48	65
51	62
71	60
42	60
53	64
76	75
65	73
60	73
53	72
65	66
75	69
56	62
61	61
48	63
28	62
53	66
59	60
55	69
52	52
48	64
73	70
70	65
60	63
74	80
42	68
76	71
45	58
63	67
66	60
63	69
71	70
65	69
30	68
65	64
64	63
67	74
59	61
52	69
60	70
61	70
37	66
48	72
60	65
72	74
52	70
70	64
64	73
79	71
31	67
71	68
63	71
57	68
70	69
60	60
62	64
69	70
30	58
73	74
56	62
54	57
63	67
68	62
71	71
46	65
68	68
66	65
63	65
43	48
58	61
50	58
44	66
56	66
72	69
45	71
55	56
62	67
74	69
57	60
49	74
62	69
72	67
28	71
37	62
74	63
63	65
67	63
67	61
65	67
75	69
59	65
68	73
62	64
80	76
48	67
40	58
48	62
76	78
62	63
49	71
44	66
67	61
53	61
67	62
59	72
68	64
74	73
80	76
69	74
29	52
60	70
58	69
83	75
64	65
79	68
53	59
73	70
73	68
56	62
29	57
56	65
57	65
65	74
71	73
81	62
31	62
69	74
41	56
62	65
37	69
65	83
86	81
64	60
26	54
50	60
69	72
62	60
53	51
60	71
53	56
60	64
70	67
56	58
82	63
52	62
60	55
68	69
53	64
74	71
65	67
66	64
70	68
47	83
58	62
55	56
65	69
29	65
56	66
88	70
74	85
73	57
51	73
72	73
69	77
42	68
65	66
30	61
50	75
40	70
67	70
58	60
76	74
69	70
32	66
71	70
67	68
30	62
69	68
73	67
40	64
64	64
63	66
60	66
73	52
64	65
67	70
73	75
45	67
70	68
65	69
51	48
64	63
66	68
57	63
62	62
68	65
58	80
66	67
70	67
62	65
68	66
58	64
66	69
74	72
30	59
77	75
45	55
62	60
58	71
61	69
68	65
61	66
55	64
71	67
59	62
62	60
77	67
55	70
67	70
68	63
58	56
60	56
57	48
70	71
32	58
57	64
36	58
43	63
61	57
61	65
79	65
54	60
55	73
59	72
59	68
58	57
60	54
66	69
76	87
48	55
78	71
80	72
81	70
83	71
74	66
77	74
74	75
67	77
43	55
64	64
54	67
42	75
66	65
54	66
57	68
66	65
52	64
63	63
61	64
75	72
49	70
57	56
53	68
64	71
69	65
68	61
48	60
80	71
30	48
32	62
62	66
56	57
71	69
79	67
59	62
59	71
58	70
62	71
59	73
61	58
82	70
59	75
60	65
71	68
55	59
74	65
55	66
49	55
44	66
57	64
52	51
77	70
32	63
48	68
60	55
70	68
62	75
74	65
63	72
37	49
72	64
30	55
75	65
84	74
72	64
50	71
64	75
46	57
63	63
72	71
59	71
78	71
39	68
42	69
64	68
63	66
57	65
65	67
51	63
61	65
71	68
40	67
74	71
57	56
69	65
64	63
63	64
71	63
48	64
52	73
72	78
59	63
77	81
71	66
44	70
67	72
71	70
73	63
45	68
30	69
32	67
51	58
70	73
40	69
35	52
66	68
36	74
68	71
80	75
48	61
71	69
63	71
60	70
44	68
49	54
77	77
61	64
71	72
31	51
80	74
73	75
53	61
38	55
51	61
77	70
36	55
66	68
63	72
62	73
64	64
68	67
62	71
62	65
75	65
47	54
62	64
45	67
52	61
70	73
66	61
61	73
60	71
48	72
88	74
59	73
77	74
68	70
66	70
45	59
40	63
60	64
61	62
60	58
72	74
74	72
66	62
71	81
45	61
38	63
76	83
61	62
75	76
72	68
47	66
45	66
64	65
78	74
70	62
61	61
57	64
49	63
44	62
52	66
51	47
73	73
53	59
35	66
47	55
49	68
65	65
68	69
71	74
67	67
74	60
73	73
82	65
38	58
59	68
79	67
69	63
64	65
32	59
64	66
83	69
78	68
31	65
77	68
75	69
50	67
47	58
64	71
74	76
42	57
69	68
73	68
48	58
46	71
43	62
64	78
40	64
59	68
66	65
50	57
66	63
72	67
69	72
63	67
61	70
70	61
59	65
51	67
61	57
63	69
80	76
61	62
39	69
45	63
70	68
61	61
46	65
39	56
50	69
60	72
50	67
33	68
79	74
52	57
59	60
53	58
64	59
87	68
48	67
40	60
39	65
64	74
34	54
70	62
39	63
48	75
62	69
46	60
62	69
61	75
70	66
64	71
68	66
43	58
57	67
55	77
39	59
52	55
55	69
49	60
68	69
44	60
56	63
56	58
54	68
69	77
48	67
58	63
44	54
67	65
84	80
41	56
67	79
49	76
73	67
59	78
36	51
67	74
58	69
64	71
58	63
45	63
33	51
54	53
67	64
36	59
29	55
81	83
76	74
61	65
44	49
28	50
32	50
80	77
71	69
52	62
70	71
55	63
70	68
45	67
65	73
41	65
55	65
84	73
67	70
60	66
64	68
87	87
62	66
72	67
71	73
54	64
68	71
40	56
57	68
70	65
62	67
42	62
74	64
55	69
68	70
68	75
56	61
81	81
69	70
61	60
54	70
75	75
58	59
41	64
50	67
52	59
59	63
50	69
54	69
86	75
70	62
54	64
70	66
68	70
39	71
68	67
69	68
51	58
75	74
41	60
43	66
59	72
68	69
72	69
42	70
30	65
52	59
61	70
66	64
57	80
79	68
73	67
70	65
51	67
69	72
55	62
61	62
50	65
49	64
75	74
61	67
77	77
55	60
87	87
45	69
71	66
77	71
60	67
69	68
68	67
44	60
69	69
78	79
58	75
60	62
71	72
62	65
66	68
71	69
57	60
55	66
72	73
74	73
51	50
66	63
64	73
77	73
68	59
68	79
65	63
83	77
78	71
50	55
66	72
58	57
68	75
43	78
47	54
67	71
54	50
35	49
70	68
67	71
78	77
56	62
69	71
65	66
83	78
42	67
56	59
54	61
59	63
67	67
59	63
65	68
59	60
59	64
72	57
75	71
80	79
65	61
89	65
63	66
87	82
59	59
80	73
68	69
60	60
51	64
56	73
60	57
72	62
45	69
47	65
77	78
55	67
40	57
54	60
71	63
60	53
70	65
55	58
73	66
61	67
74	76
68	65
66	62
53	66
65	65
69	74
68	64
68	68
74	68
49	65
75	73
56	65
55	59
32	55
87	74
63	64
46	60
76	69
41	64
56	63
70	69
51	56
66	65
38	55
52	73
85	87
50	59
68	75
70	70
42	60
60	66
59	65
58	65
68	63
70	70
50	57
50	58
39	59
51	57
33	60
58	66
47	70
58	71
64	77
56	67
72	74
41	74
62	66
74	72
81	72
61	64
53	56
82	73
52	69
39	59
42	53
76	74
68	58
40	58
69	70
72	75
47	68
55	59
51	52
35	55
77	79
50	54
69	62
62	67
58	69
52	63
56	52
70	66
58	66
67	70
71	71
55	65
48	50
57	67
78	71
50	65
44	76
82	77
51	65
69	70
74	71
62	76
39	64
62	66
50	53
62	73
70	67
63	62
33	57
57	68
62	68
66	75
51	67
70	71
64	60
67	66
56	63
71	64
55	58
41	70
67	60
65	74
30	72
80	79
68	66
87	83
52	63
83	76
58	62
62	61
37	56
44	71
63	60
88	81
75	69
62	62
69	53
68	66
68	70
64	74
88	69
74	71
67	67
78	73
42	57
67	58
60	67
33	51
67	73
55	63
75	79
51	52
50	52
74	67
51	59
34	63
60	84
53	67
71	59
67	76
70	81
38	70
55	65
40	62
72	71
69	77
62	64
70	60
54	60
67	71
66	72
67	72
51	78
75	74
50	57
35	59
33	67
72	72
74	65
69	72
38	56
38	53
74	72
66	65
41	61
86	84
64	65
49	63
81	69
76	63
53	65
60	63
71	70
66	69
39	61
77	70
69	63
51	58
76	68
74	68
61	63
67	65
48	64
72	65
74	75
73	69
57	56
51	50
76	79
65	65
56	61
57	62
78	74
78	70
60	59
60	63
58	64
66	73
60	68
63	66
57	59
55	62
67	66
76	72
64	72
68	64
58	74
63	65
68	60
55	69
50	50
68	72
78	78
58	55
40	74
62	63
58	64
42	69
79	77
61	60
78	73
63	65
44	67
77	68
78	76
58	83
74	70
65	66
64	64
34	62
60	65
72	77
75	62
45	78
61	71
58	61
42	56
58	65
68	68
48	62
63	66
63	63
59	47
83	73
40	59
57	62
57	58
37	63
57	72
58	55
59	65
36	78
46	57
62	57
77	70
50	71
40	75
52	68
66	61
60	68
58	61
39	57
46	60
64	64
69	64
87	74
63	65
64	69
74	73
67	69
68	71
72	71
56	55
67	68
53	77
66	67
74	80
34	60
78	72
67	67
45	67
66	66
50	66
67	69
60	67
58	56
40	63
52	66
60	62
65	79
51	62
66	68
74	78
83	63
51	66
55	64
58	74
69	68
34	63
59	60
53	55
72	64
41	60
35	53
75	78
60	56
58	73
48	86
58	63
47	63
26	51
67	60
40	63
68	64
73	75
51	53
93	70
44	55
75	73
56	77
66	70
62	68
60	76
66	59
72	68
54	48
69	61
78	65
50	76
69	71
60	63
74	74
62	63
68	70
67	60
83	78
67	70
59	63
65	58
56	61
63	61
30	62
56	59
74	67
54	61
60	68
62	59
55	59
41	55
64	67
82	77
63	67
45	60
82	69
63	74
63	66
62	74
66	63
64	65
52	72
63	84
58	61
36	65
61	70
68	70
49	63
43	75
75	70
43	70
68	66
72	67
67	67
68	68
47	67
65	58
69	74
55	65
70	68
80	72
66	69
75	73
58	52
53	58
68	76
65	70
63	65
40	59
70	61
59	66
55	59
65	63
85	70
66	64
75	78
64	68
60	67
51	64
64	65
69	67
56	62
64	66
80	80
74	67
