69	73
48	74
66	69
50	59
62	68
58	74
77	76
67	68
59	69
69	76
56	64
55	77
44	64
64	67
72	73
63	66
58	68
58	64
67	73
77	74
59	63
62	75
66	82
64	73
47	60
67	68
46	58
62	71
64	65
64	74
55	74
71	80
68	73
47	58
65	70
61	68
65	68
76	74
82	76
58	60
66	75
78	86
58	65
57	73
68	65
56	78
65	67
68	73
58	77
61	61
56	72
72	84
45	69
62	69
58	61
67	76
65	69
59	67
73	75
64	78
80	80
57	69
47	68
62	70
66	73
71	78
63	65
79	81
61	75
68	74
50	69
65	74
48	57
81	80
56	67
65	70
65	70
49	68
63	71
63	74
58	71
65	71
54	73
63	68
48	61
75	82
75	77
67	71
70	74
36	53
72	73
57	64
55	75
65	69
66	76
60	61
67	67
55	80
58	67
65	83
63	66
71	74
82	86
69	72
56	65
53	71
70	71
74	73
68	70
63	64
82	80
45	59
54	59
63	67
74	80
75	77
62	63
68	75
50	51
60	67
62	73
68	70
71	82
72	81
60	74
72	76
50	82
68	71
51	66
56	78
74	75
82	83
58	68
75	78
48	64
62	68
62	76
70	71
63	69
70	78
38	63
68	71
77	79
64	74
50	63
66	72
57	73
60	68
75	78
57	68
47	67
66	67
50	68
62	64
48	64
52	71
64	76
71	75
66	71
72	82
53	64
63	66
51	74
62	65
58	72
59	65
69	72
70	74
77	74
61	61
58	59
58	62
48	60
52	70
70	72
51	54
58	62
75	72
65	73
59	74
70	71
70	71
63	76
59	66
75	75
82	81
63	68
55	62
55	71
62	71
54	61
58	74
60	68
54	70
61	65
51	68
57	71
65	68
58	79
68	77
67	71
70	76
48	66
54	78
68	66
60	68
63	79
75	77
65	70
74	74
52	68
62	75
53	79
64	74
73	75
74	82
61	70
74	76
56	66
70	78
68	70
62	70
49	63
55	75
59	62
59	62
78	75
66	71
64	74
65	74
68	72
57	66
41	65
69	68
64	70
63	74
52	74
64	70
60	70
73	75
54	66
55	69
68	79
75	76
58	61
64	65
65	65
63	71
46	67
57	66
49	69
66	70
61	76
62	68
53	73
72	73
58	65
70	73
70	71
64	75
63	75
53	72
61	59
63	74
60	69
63	64
64	69
60	76
70	76
53	72
65	81
61	81
48	61
61	74
59	79
44	76
55	74
61	67
58	75
56	69
64	67
65	74
63	72
67	73
53	74
51	65
72	72
58	67
71	70
46	68
65	70
68	73
55	69
53	66
61	80
56	71
75	75
67	74
64	74
76	70
50	74
53	75
61	78
58	66
58	77
62	61
67	77
43	64
55	61
62	79
64	77
57	65
69	75
68	73
60	69
54	64
71	73
85	87
59	65
72	75
52	60
68	65
68	72
77	86
60	63
61	65
43	58
73	74
55	74
52	65
66	70
48	74
39	78
51	54
62	73
63	68
60	72
78	80
81	82
73	74
60	70
55	67
67	84
60	76
59	67
62	65
65	73
73	79
74	73
80	82
52	74
58	61
61	65
54	82
78	83
62	74
67	70
54	68
62	68
66	68
68	73
66	68
83	81
53	70
69	64
74	76
56	62
67	69
48	57
80	83
63	65
67	70
53	58
50	74
63	75
51	62
76	82
62	81
81	76
61	68
71	71
72	77
55	67
59	64
53	61
66	70
67	70
58	66
64	67
38	58
62	69
62	69
58	57
62	66
83	82
57	69
62	76
64	69
59	75
60	66
51	54
54	82
64	84
70	71
76	84
67	74
68	73
57	64
56	64
74	79
61	72
75	75
61	67
64	64
56	61
62	62
58	74
59	66
78	79
56	80
70	71
68	70
66	67
53	68
63	71
58	65
44	67
61	65
60	68
77	77
75	74
50	55
52	78
72	72
56	61
53	72
60	63
57	64
60	70
63	69
62	62
69	73
63	74
56	63
63	77
74	74
55	65
60	65
58	79
65	67
65	75
59	81
61	72
75	81
72	76
52	65
74	88
59	71
50	71
55	71
74	83
51	59
49	65
59	63
59	66
69	72
65	68
60	69
64	69
57	63
60	62
58	73
60	69
65	67
55	73
64	75
68	68
70	82
52	74
63	75
59	61
67	80
73	71
70	75
60	58
65	75
48	73
70	75
58	75
64	69
61	69
65	70
76	78
64	64
63	74
61	77
75	79
64	68
85	89
73	80
65	70
52	70
58	63
57	78
55	64
67	76
70	73
51	69
62	68
55	78
58	65
77	85
62	70
70	77
74	67
61	70
78	79
65	67
70	75
63	67
69	75
73	77
72	72
57	75
59	65
44	70
68	82
75	79
59	78
60	65
71	79
82	78
66	72
68	75
67	68
67	80
63	78
77	86
70	78
73	69
70	80
52	72
65	65
60	64
62	71
58	73
77	73
67	70
65	79
63	67
56	72
66	73
56	69
79	84
57	71
59	67
56	58
48	66
48	61
79	87
64	81
68	68
67	68
57	69
62	65
80	75
45	59
54	79
54	63
52	78
57	66
60	79
60	85
70	71
58	80
64	69
53	68
55	60
55	75
63	77
84	82
54	69
76	70
55	62
59	67
50	77
56	65
49	53
61	69
68	79
68	78
76	75
68	66
75	77
51	54
62	66
56	70
59	67
60	78
59	60
69	67
70	77
55	53
54	66
79	76
49	74
69	75
57	66
52	65
63	65
80	83
74	80
71	76
72	74
59	74
60	60
76	78
64	82
63	68
60	77
61	64
46	57
64	79
62	73
71	76
78	81
55	69
64	76
61	61
61	71
56	65
54	73
68	70
63	64
71	83
63	68
87	89
65	75
59	62
59	69
68	77
65	78
63	71
42	75
53	82
60	66
61	77
55	78
56	67
56	66
66	79
57	61
68	70
58	74
67	73
39	51
72	78
69	75
69	76
64	72
68	69
64	67
75	79
47	74
64	67
50	75
65	68
68	74
78	83
39	60
43	69
51	70
58	66
63	69
50	71
54	67
58	65
58	67
64	70
78	79
51	66
67	72
49	60
65	69
63	64
59	76
80	85
70	76
61	72
62	68
65	66
54	66
66	70
69	73
59	74
73	73
62	71
68	72
65	72
61	71
49	65
64	67
65	70
65	71
60	80
54	77
58	65
57	75
64	70
64	72
73	78
55	69
65	75
53	73
66	77
63	74
70	75
60	65
88	91
60	69
51	61
70	75
66	74
61	70
59	77
69	78
60	68
64	64
70	74
67	73
61	65
73	75
64	70
55	69
49	57
60	70
64	70
71	69
66	78
72	74
67	70
71	73
71	71
52	76
60	66
61	64
54	75
58	71
57	83
70	71
61	60
58	71
44	58
53	60
70	67
66	63
68	68
51	55
59	69
64	79
67	71
70	78
60	69
50	64
50	69
74	74
65	75
70	68
61	68
59	68
63	65
70	69
59	66
58	68
57	79
78	79
45	60
69	76
61	66
60	67
46	71
59	71
88	89
69	75
64	66
58	72
61	66
40	68
69	76
73	73
62	70
67	74
52	69
69	72
76	78
66	75
49	72
74	75
72	69
49	63
56	62
59	71
66	68
75	80
57	60
71	75
46	56
63	67
60	70
56	71
56	81
66	77
62	69
65	69
62	71
65	69
67	74
64	67
67	69
71	73
57	73
53	69
74	76
73	83
58	66
60	64
68	74
63	68
66	66
56	74
61	67
67	76
73	78
63	69
65	68
79	80
51	75
66	70
66	76
73	81
66	79
63	69
69	71
48	64
76	74
66	74
66	69
54	62
62	73
49	77
55	66
45	65
51	74
58	66
63	71
44	68
60	67
61	65
73	79
59	69
63	72
70	69
53	70
61	68
56	80
62	67
44	68
76	83
56	61
49	73
70	74
70	71
58	70
48	69
47	67
68	80
57	59
56	75
58	73
59	61
73	80
74	84
48	68
75	77
57	71
66	70
65	76
59	67
64	71
56	67
65	71
41	55
64	75
57	80
54	68
53	66
57	66
79	80
63	69
54	62
60	75
69	78
55	74
63	72
77	76
60	66
64	69
70	70
66	69
74	74
43	61
84	85
55	60
64	68
57	74
60	72
48	65
71	75
74	75
66	74
58	75
53	73
68	73
69	72
55	71
56	68
76	81
65	72
62	73
64	67
67	71
47	66
60	77
62	75
63	76
73	74
55	74
59	65
61	72
77	78
57	70
59	67
50	66
63	76
66	70
62	64
70	75
61	73
68	69
51	64
58	69
63	69
74	73
61	63
84	88
71	73
81	82
54	76
75	78
57	84
69	73
50	51
63	77
68	70
61	72
55	63
51	67
62	73
65	80
61	65
66	78
71	75
69	86
65	75
69	75
74	67
65	73
85	87
60	72
88	90
76	79
58	67
62	73
60	69
56	74
49	55
62	63
63	68
48	77
77	83
52	59
54	71
64	67
71	78
64	65
56	68
67	73
52	61
77	81
78	86
55	77
79	79
57	74
56	68
52	61
66	69
70	73
67	66
54	63
66	65
57	76
53	65
57	70
68	75
65	77
56	62
67	71
71	81
69	67
60	66
56	73
56	62
55	74
81	80
73	83
76	78
71	74
64	66
59	72
56	70
34	55
74	75
52	66
54	64
59	70
57	66
69	76
59	78
66	74
49	76
54	64
50	61
69	76
61	76
61	75
51	68
49	57
63	73
43	63
41	72
55	68
55	66
76	88
64	70
67	75
51	74
68	81
61	67
55	66
76	80
64	75
51	71
64	65
55	78
71	77
62	65
78	79
80	85
39	69
47	71
60	77
66	70
77	85
66	68
68	66
68	68
58	78
57	67
63	68
60	77
73	79
62	71
65	70
57	65
60	73
60	77
61	74
64	65
62	69
66	72
66	78
60	70
63	70
55	70
61	77
68	78
64	72
58	64
68	84
59	70
70	73
45	60
59	75
53	70
66	68
66	71
64	72
59	63
66	68
68	68
61	64
63	78
58	67
53	77
57	67
56	75
62	68
56	78
69	70
78	77
70	74
70	73
62	67
51	63
63	73
52	64
58	78
56	68
68	70
63	77
67	68
55	69
48	63
56	71
52	64
76	77
46	69
64	67
70	78
58	69
60	74
71	83
63	76
62	71
57	73
68	74
64	74
68	77
65	67
63	67
93	90
65	69
62	75
65	72
52	74
77	79
63	62
67	82
62	79
60	69
69	69
53	74
58	69
82	88
59	72
62	64
62	69
60	65
57	65
50	70
60	64
66	81
49	66
47	67
57	64
75	75
57	68
64	64
61	66
71	79
66	69
76	76
61	67
72	76
84	82
57	70
70	68
56	66
77	82
68	82
69	68
58	69
58	74
59	77
59	64
59	61
59	74
59	74
69	77
57	62
57	63
55	74
56	68
70	71
57	66
75	81
56	70
67	72
59	69
67	63
68	72
59	78
60	65
59	63
53	70
61	79
61	62
73	81
64	65
62	69
60	74
65	70
71	74
58	71
60	64
63	76
75	80
66	74
51	71
61	67
70	72
47	78
53	67
55	70
66	72
60	69
68	74
63	72
52	81
67	68
59	62
66	75
61	67
60	74
63	61
73	73
60	71
67	79
34	76
61	64
64	67
61	69
72	71
65	68
57	74
62	74
67	83
59	74
56	65
59	61
61	73
55	72
60	79
51	63
75	74
54	65
62	68
67	76
62	77
56	67
74	84
62	72
59	78
64	65
66	68
75	86
67	69
70	71
84	83
64	66
62	68
76	74
65	68
67	72
44	70
79	82
53	70
56	72
58	75
65	68
66	69
69	75
66	72
45	73
69	69
55	64
55	65
66	73
55	69
70	72
63	66
61	67
68	75
58	68
61	66
66	68
61	75
70	74
61	78
60	70
65	66
52	62
64	68
74	81
74	81
61	69
66	71
68	78
64	74
64	78
68	73
45	68
58	68
52	72
68	70
64	71
69	73
49	72
55	63
71	69
68	82
67	70
63	72
66	79
64	74
54	69
60	67
61	63
64	68
68	72
55	68
65	73
58	69
73	77
58	65
50	71
66	67
65	68
57	77
63	65
49	70
52	70
66	74
71	73
57	69
73	70
60	69
73	76
61	66
58	67
59	65
71	75
68	74
69	71
45	66
53	68
66	67
63	68
56	75
79	84
62	69
75	82
69	74
75	79
56	61
64	74
62	69
67	71
45	62
34	70
68	73
64	67
63	71
74	80
53	72
56	59
62	68
63	68
57	65
60	76
73	69
64	68
82	88
68	68
73	82
52	62
73	73
64	68
65	77
52	74
39	57
60	74
68	68
63	68
56	62
75	73
57	78
65	63
53	69
64	68
77	79
66	85
45	72
62	72
67	78
49	74
67	64
64	71
56	64
62	72
65	69
55	55
49	72
58	64
54	80
44	51
60	74
66	70
59	70
52	63
56	73
49	80
66	79
73	74
64	65
48	70
57	80
62	78
73	76
55	69
65	78
66	78
59	74
52	59
57	75
67	78
53	62
80	81
69	78
45	52
45	67
63	73
69	78
54	57
65	79
45	73
55	66
59	80
59	59
64	70
55	69
72	70
67	78
60	73
60	65
54	72
64	71
49	68
62	75
59	67
64	74
61	61
54	68
59	79
61	73
65	76
67	73
65	74
50	53
67	70
58	62
64	64
70	66
52	62
62	62
58	74
66	72
63	63
63	65
67	70
65	65
55	82
58	69
62	70
77	78
68	68
64	64
58	74
50	64
59	65
61	66
58	72
47	56
64	68
64	68
90	90
51	66
60	63
63	71
60	69
67	65
62	71
67	74
67	73
73	80
54	72
62	68
60	73
58	66
68	70
60	60
68	77
48	66
55	72
66	72
60	63
62	71
66	76
77	85
65	76
61	79
51	79
60	72
68	82
58	64
60	68
64	76
73	85
60	60
62	62
66	71
47	59
66	72
66	78
65	67
56	76
62	70
59	61
68	74
58	72
73	77
58	72
68	67
50	82
54	71
66	66
58	66
70	76
77	80
59	68
64	68
58	63
53	65
58	73
62	64
80	81
71	75
55	68
65	66
67	73
82	82
61	70
56	72
76	74
65	73
60	85
60	66
64	70
61	65
59	69
42	70
62	63
79	79
67	68
56	59
49	72
53	64
57	67
62	63
61	69
64	67
46	62
52	70
47	76
76	77
58	74
68	70
66	71
54	73
67	74
62	74
56	62
64	68
51	68
66	69
72	75
64	75
76	78
58	71
66	75
60	63
77	80
67	71
68	68
72	73
74	75
61	79
63	79
65	69
52	69
75	76
69	81
60	63
72	72
65	68
75	81
68	80
57	70
50	69
71	77
80	81
64	76
63	65
71	72
75	77
52	65
71	84
67	74
68	78
58	63
66	73
64	80
60	64
62	64
60	64
67	72
80	84
64	75
52	61
62	62
59	62
64	69
64	70
63	67
64	74
63	67
55	72
77	80
71	84
60	63
72	73
60	69
54	63
58	77
60	77
57	74
59	68
62	62
59	68
59	73
61	65
60	62
48	53
58	69
52	66
60	73
60	70
57	71
70	71
66	80
54	76
71	67
69	74
65	71
61	66
60	67
64	66
61	81
53	74
80	83
68	71
80	79
50	70
76	80
62	66
60	67
69	67
56	70
63	66
45	68
56	62
54	69
65	66
62	79
61	70
63	69
59	60
72	89
79	87
54	72
64	72
54	64
66	67
66	72
69	68
66	74
53	65
58	77
64	76
73	74
67	70
58	70
64	74
65	62
89	89
60	68
64	66
63	84
38	62
68	75
73	73
43	60
69	72
70	73
61	80
51	73
61	64
62	70
52	71
74	71
55	74
67	76
71	74
66	68
60	63
77	77
56	66
72	77
59	64
69	67
64	71
65	70
57	61
64	68
70	68
69	70
65	71
67	72
53	60
70	70
57	72
53	72
67	76
59	62
61	74
69	84
65	76
70	75
65	72
56	71
66	77
71	82
73	81
51	66
56	78
66	73
64	69
59	64
53	63
73	67
52	72
56	60
72	72
53	68
72	74
70	74
58	68
49	70
62	66
81	87
60	61
60	69
70	72
60	64
63	64
36	58
77	75
55	76
92	88
62	69
62	78
76	79
69	69
70	71
60	73
63	67
57	68
53	66
67	73
57	69
63	74
50	59
63	62
70	76
52	64
72	71
71	70
70	66
73	75
84	83
66	80
74	78
72	73
44	74
62	77
60	63
51	60
51	65
65	70
52	76
60	77
63	66
59	77
54	65
49	63
70	71
74	74
69	79
54	67
59	67
58	63
71	69
68	75
73	70
56	75
63	66
59	66
42	61
77	84
59	66
55	60
59	64
66	75
59	77
56	60
69	67
67	70
63	65
52	70
59	72
78	78
63	65
65	63
70	72
72	77
55	82
59	71
59	61
66	72
52	66
55	65
65	66
75	76
57	71
65	74
72	70
69	75
57	64
58	63
67	79
68	79
57	65
65	77
46	69
57	70
64	67
51	63
68	72
67	66
52	57
58	64
52	65
58	65
64	64
62	69
64	73
61	65
64	75
87	84
66	78
63	78
66	67
56	77
64	63
66	79
57	71
61	76
59	64
52	75
52	73
67	78
62	74
68	71
71	73
68	79
68	72
62	70
57	69
67	73
77	82
65	68
72	72
65	81
65	68
52	76
78	86
51	62
78	76
63	69
76	84
62	67
65	76
71	74
49	63
59	66
66	67
75	83
68	73
58	69
55	70
70	71
59	76
72	73
67	79
68	71
61	66
68	77
65	69
57	75
71	66
39	65
40	72
48	66
52	58
75	85
59	67
66	73
66	65
43	70
66	67
60	67
55	61
67	69
78	81
60	71
60	74
71	82
75	81
45	62
64	73
64	68
68	76
70	77
49	72
70	71
77	85
64	78
84	80
71	78
54	62
44	66
66	66
56	75
61	68
55	76
63	72
64	69
57	67
55	60
61	71
50	73
66	66
61	63
55	67
69	72
53	70
70	73
74	85
58	57
53	71
53	74
83	84
73	84
58	68
55	73
66	79
56	75
48	62
88	95
64	75
55	68
74	75
67	73
46	73
61	78
58	81
75	79
69	74
64	70
67	77
52	58
71	79
62	65
64	73
68	70
53	70
49	77
61	67
81	84
55	74
51	67
64	70
79	86
51	73
65	68
66	63
81	82
68	74
53	73
80	83
59	61
72	73
77	76
61	66
61	77
60	62
53	61
47	56
72	78
65	74
76	82
77	91
81	78
63	68
56	77
63	68
70	67
57	66
66	68
59	70
59	68
67	77
58	71
62	78
68	70
64	74
63	67
61	66
58	62
54	68
66	71
78	79
60	64
64	75
58	59
50	57
51	67
62	66
48	67
58	65
49	65
69	76
63	68
65	79
49	59
49	63
66	75
82	81
62	79
70	79
47	73
66	67
60	61
57	71
59	77
62	71
46	60
68	75
75	74
72	78
57	75
83	83
68	77
55	64
53	66
60	59
70	71
60	79
43	64
59	68
65	69
42	66
60	70
70	83
64	69
75	77
60	68
81	87
60	67
60	65
70	75
65	71
60	76
65	74
59	73
59	70
55	74
62	71
68	66
71	75
65	77
58	70
65	62
62	69
59	71
58	70
61	65
62	62
60	75
54	76
51	78
62	68
61	68
52	67
59	69
66	75
62	65
75	78
60	66
76	69
55	68
55	77
70	73
66	68
71	73
63	72
63	77
83	90
58	83
62	67
52	69
53	61
56	65
65	79
63	68
66	65
66	74
71	73
59	67
52	73
56	62
76	83
81	79
59	75
66	78
56	57
55	72
58	66
69	81
64	77
43	69
57	69
64	64
82	83
67	67
74	80
68	69
60	67
62	77
70	74
43	56
46	72
65	66
67	75
61	74
56	70
74	73
62	78
67	76
59	70
51	64
74	76
57	65
65	71
62	63
68	77
50	64
67	66
70	75
72	72
64	78
52	69
62	72
69	75
58	67
74	76
58	77
62	67
59	73
66	71
58	65
64	69
64	75
74	76
48	65
57	77
67	77
45	65
62	66
70	71
68	78
53	66
54	69
71	70
54	60
68	77
73	73
67	70
63	67
76	81
70	81
56	74
57	72
48	59
58	57
61	76
53	57
70	78
41	60
42	68
70	74
70	69
71	80
55	66
60	69
62	73
60	71
54	63
79	86
70	72
68	66
64	74
76	81
58	81
52	66
66	70
67	78
75	73
63	72
64	72
55	69
56	68
65	67
61	71
59	63
52	71
58	63
64	78
66	69
65	68
52	57
46	60
77	80
63	78
55	58
60	70
49	61
57	58
66	76
54	57
56	67
49	65
74	78
57	75
57	83
58	61
80	83
80	78
71	76
63	76
55	74
52	69
53	72
65	64
65	76
78	79
58	67
60	69
81	83
58	68
72	72
56	65
55	73
61	69
56	74
57	70
52	78
77	79
57	75
72	71
63	68
68	75
70	70
65	67
64	68
70	75
64	73
75	78
58	65
57	69
65	74
60	78
76	77
67	73
61	75
57	74
45	70
78	82
65	63
54	69
65	70
74	75
69	70
67	78
52	64
72	74
62	69
63	76
62	67
62	72
53	68
68	78
55	77
66	78
68	73
56	59
67	76
65	69
57	67
57	63
57	76
68	71
74	69
63	63
72	77
73	73
76	83
61	76
47	72
77	84
65	77
60	61
72	70
59	77
58	76
51	78
58	65
64	75
42	63
64	65
76	74
74	76
71	72
63	82
48	57
76	79
65	70
54	63
64	72
57	62
53	57
64	68
59	77
65	60
53	73
50	76
64	67
59	69
53	72
62	68
51	63
60	82
48	73
65	71
70	70
69	87
64	74
63	71
48	65
53	56
79	87
56	77
45	59
63	85
67	70
60	71
50	65
61	63
64	69
51	62
67	69
68	83
68	74
68	82
60	71
70	76
61	73
60	63
50	79
63	73
76	76
60	71
55	63
63	65
59	66
60	72
54	72
71	73
69	70
66	74
70	81
60	66
64	75
68	69
59	70
69	75
66	76
52	63
79	79
44	63
45	67
69	79
63	76
56	72
54	63
68	69
69	67
67	74
55	56
69	69
57	75
46	64
61	84
60	62
64	68
61	67
59	76
70	75
69	71
40	66
66	71
79	81
70	75
57	74
55	58
74	77
49	72
71	72
51	75
68	71
71	73
77	79
76	82
65	82
70	71
63	65
64	73
57	71
60	58
58	62
69	83
65	69
50	74
61	75
73	80
62	65
51	61
67	68
76	81
60	77
66	68
60	67
63	64
63	74
75	78
63	68
69	83
67	69
65	80
79	80
60	62
68	67
53	64
74	83
57	66
69	72
57	74
76	77
70	85
61	68
58	66
64	83
72	77
70	71
69	87
69	68
69	74
62	64
75	80
65	67
67	70
56	53
64	59
71	71
66	69
65	78
54	53
54	76
65	71
65	67
47	65
57	77
66	76
64	66
69	69
67	74
56	68
47	58
67	70
61	74
59	68
73	72
56	61
64	70
79	80
75	73
61	72
55	78
58	80
57	77
68	68
60	65
59	71
70	70
66	69
70	72
70	75
63	70
73	83
61	67
61	69
65	73
68	76
57	69
62	69
66	71
71	69
75	76
59	63
58	72
65	74
56	68
67	84
57	62
72	74
77	74
68	75
68	79
60	71
62	69
65	71
57	65
77	79
73	78
81	81
62	62
68	79
71	74
62	67
54	64
50	70
64	75
53	55
51	68
70	68
57	68
64	67
72	76
61	77
49	72
59	61
67	72
61	68
73	72
63	82
54	68
56	65
57	78
66	68
82	81
67	69
49	65
40	64
52	77
53	62
56	71
66	69
65	68
60	65
54	73
69	71
66	74
58	73
67	71
65	71
57	64
56	78
66	75
61	71
59	62
60	73
63	76
69	71
57	70
42	72
79	79
64	67
73	74
62	68
72	83
68	69
48	69
57	76
54	72
44	74
64	65
55	67
45	75
70	72
49	65
73	83
64	63
63	64
83	83
56	69
68	72
76	76
69	70
48	62
78	77
58	82
80	86
49	73
68	71
59	61
50	72
69	69
53	68
61	69
49	67
80	82
63	71
57	74
63	68
60	67
54	55
60	70
61	65
65	66
59	73
60	62
74	85
67	73
63	71
60	65
70	72
56	75
58	60
69	68
55	72
61	69
72	73
57	71
61	65
56	66
79	82
67	70
70	73
69	74
61	63
76	76
74	73
55	60
60	59
65	70
61	77
47	67
49	75
52	57
57	78
61	70
54	52
56	64
61	66
65	67
57	67
58	67
66	69
55	72
62	68
57	75
55	70
72	81
67	82
56	71
60	76
60	62
64	70
55	78
79	80
65	70
47	76
65	71
53	65
67	69
56	66
67	69
46	72
62	67
58	68
69	79
49	74
46	55
70	71
65	71
69	81
52	77
68	71
65	71
66	67
70	74
70	76
65	71
60	72
45	67
74	72
71	71
63	66
66	85
57	69
67	67
67	76
55	72
56	66
77	77
65	79
67	69
67	81
52	61
59	69
73	72
65	76
54	70
48	57
60	70
60	79
76	81
64	71
82	82
76	72
85	79
67	84
59	78
75	83
54	78
48	71
55	66
61	78
65	77
71	73
63	69
58	65
54	76
59	73
55	75
63	67
64	77
74	76
73	76
70	70
62	75
58	69
58	75
58	74
53	70
56	68
57	66
74	80
89	88
66	67
65	72
63	67
62	62
56	61
66	69
69	76
61	71
65	78
67	72
67	74
65	72
68	83
78	84
58	67
53	59
33	56
63	66
64	70
57	69
83	84
56	72
75	83
60	71
57	72
63	64
58	68
57	63
67	66
59	62
70	76
64	76
55	68
66	71
67	70
51	60
55	76
50	70
60	82
68	77
56	70
70	75
57	75
65	69
56	66
63	65
72	71
61	65
67	70
66	72
65	80
62	62
57	72
52	60
58	61
51	75
62	77
50	66
62	66
72	73
85	86
65	69
68	70
84	88
62	68
73	70
66	78
81	82
64	74
49	64
72	76
54	72
63	77
77	84
50	77
58	77
56	66
56	79
64	70
72	77
69	74
69	73
75	76
60	72
60	67
73	77
45	72
66	66
63	64
58	67
71	77
65	75
58	70
64	63
61	71
49	69
48	68
68	71
61	62
62	69
69	73
61	63
59	70
71	71
61	67
62	62
59	68
66	69
62	61
68	72
58	70
59	70
55	77
60	71
67	69
61	70
60	64
57	56
68	70
62	64
67	69
74	74
52	75
74	73
58	59
68	69
62	68
56	68
51	74
65	75
55	59
57	61
72	69
65	69
52	70
56	70
60	68
58	75
64	70
64	70
72	70
48	58
61	65
50	59
55	66
58	75
45	58
65	69
64	72
75	83
76	82
56	63
51	71
69	72
64	67
55	62
68	71
64	69
59	75
76	76
55	61
64	65
69	68
68	70
61	67
64	76
64	65
56	63
69	73
60	75
61	62
66	70
52	66
65	78
50	61
65	77
61	73
60	79
60	60
59	61
69	78
59	62
70	77
49	68
68	80
69	70
60	67
70	70
74	86
51	69
68	72
69	68
64	67
49	70
54	72
75	83
69	69
48	77
64	77
61	68
70	71
61	76
60	76
54	69
38	66
69	70
65	67
57	65
58	65
63	68
61	60
62	74
65	81
69	69
58	63
70	74
76	80
61	63
62	63
66	73
60	70
71	72
77	78
57	74
53	75
69	79
53	70
53	60
58	70
75	74
61	63
66	68
61	67
60	67
64	63
63	68
60	77
63	64
78	80
69	73
60	63
61	69
69	79
93	92
47	81
79	82
53	63
78	78
69	75
78	72
75	75
56	75
62	69
63	68
57	69
59	69
60	69
66	70
57	58
59	73
62	67
48	65
60	75
65	67
74	86
76	77
52	64
62	68
61	73
53	59
68	76
57	69
62	68
66	69
84	90
68	77
67	73
50	65
65	70
64	63
68	83
58	63
80	80
54	59
60	68
67	73
53	71
64	67
65	76
77	80
72	83
72	72
56	64
76	74
62	73
58	80
58	68
60	65
63	75
82	84
64	82
60	69
50	59
62	66
67	68
58	64
61	71
58	62
59	72
72	72
62	71
65	70
55	74
62	67
70	79
57	62
71	80
63	75
74	77
76	75
56	65
60	71
59	62
83	83
54	66
69	75
66	68
60	77
70	76
51	74
64	78
66	69
52	70
55	67
59	68
66	68
51	62
70	80
65	72
53	75
68	70
70	70
55	64
52	72
68	73
63	81
71	78
74	78
67	69
51	68
56	57
57	63
55	75
59	75
67	68
58	78
55	73
60	67
70	70
63	65
58	73
56	70
80	84
56	70
71	78
54	66
78	84
78	80
66	80
76	79
71	75
55	72
66	68
65	73
77	85
66	67
59	77
54	68
75	74
61	78
47	72
64	71
55	76
66	74
69	68
60	65
53	70
75	75
52	64
66	74
73	79
60	71
60	66
51	69
52	67
67	73
52	67
64	65
62	73
84	82
51	63
67	73
63	73
72	82
49	65
46	66
54	76
51	72
61	66
49	73
63	75
54	70
57	64
64	66
73	75
71	76
48	65
77	73
52	67
53	64
66	71
73	81
63	74
61	65
64	67
61	79
66	74
79	75
61	70
61	64
64	65
70	74
51	68
58	65
62	79
62	68
53	65
59	62
56	71
75	75
63	76
60	79
57	60
66	59
69	78
55	60
66	66
71	74
62	80
67	70
58	64
60	79
60	77
56	64
66	71
59	74
81	72
55	72
72	76
60	65
59	64
63	67
68	77
82	81
61	71
70	77
71	81
62	68
61	75
71	71
51	67
71	74
66	68
63	66
54	62
66	77
67	75
61	77
62	73
51	64
57	69
62	73
60	68
71	71
66	72
62	66
52	64
66	78
65	69
70	74
68	68
58	66
57	58
58	79
59	69
49	62
73	74
72	73
65	68
65	67
54	64
62	68
52	64
70	72
60	68
64	82
56	81
70	75
60	70
63	68
75	84
67	74
67	60
61	67
48	66
49	73
73	75
52	74
55	69
62	69
60	62
58	69
77	84
74	73
71	75
64	75
52	70
59	66
59	72
59	83
64	68
63	65
53	69
67	77
71	78
80	73
67	73
57	63
70	86
65	67
67	72
68	71
62	66
61	67
56	81
63	73
76	75
60	61
56	64
51	70
65	69
51	69
55	62
65	73
60	73
59	73
48	74
76	79
64	71
48	65
65	70
65	71
55	75
70	70
49	73
67	71
51	64
48	82
55	70
74	76
57	57
65	65
67	65
64	64
65	72
49	60
80	79
67	74
66	67
60	65
61	64
57	58
56	67
57	65
65	71
60	85
55	59
68	77
60	71
66	69
47	65
51	51
69	68
56	74
69	72
58	67
63	72
60	65
71	76
61	65
59	75
56	65
70	72
58	68
58	72
62	68
65	74
70	85
58	84
81	84
66	69
49	63
70	72
55	71
66	69
65	67
59	68
60	64
60	62
59	68
65	68
74	76
74	74
51	68
65	70
69	66
55	70
61	72
53	59
60	74
55	64
57	79
53	68
62	65
53	57
68	77
54	75
44	65
60	64
71	83
62	64
58	69
81	89
57	63
68	72
66	76
64	75
56	60
48	66
70	69
61	70
58	77
84	85
72	82
68	70
70	77
60	71
65	79
68	63
71	74
61	68
74	77
68	73
61	65
47	71
54	70
64	83
42	76
84	83
48	72
66	79
62	78
61	71
67	75
74	73
60	69
65	70
54	72
67	69
72	71
72	79
77	83
51	70
54	72
57	71
61	78
72	74
62	67
66	83
62	69
61	67
80	79
60	67
56	63
61	65
60	65
72	73
65	76
67	80
63	69
62	70
57	74
70	78
49	76
64	67
62	65
75	77
65	66
77	79
62	67
77	84
67	71
53	68
57	60
62	64
63	69
65	75
68	71
58	71
60	66
63	67
79	85
50	72
72	73
58	60
64	68
67	74
65	65
55	73
54	68
66	73
81	81
46	62
71	70
58	78
55	53
57	59
62	65
59	62
54	68
64	77
56	80
60	69
58	60
45	65
65	73
75	84
58	74
71	76
63	74
71	77
82	84
62	75
69	73
72	75
58	67
58	66
50	63
65	68
73	79
60	66
57	77
72	73
73	81
48	64
51	54
63	72
59	63
61	68
70	72
48	62
50	69
67	70
68	78
67	68
52	74
76	77
57	76
64	74
67	70
57	65
62	79
52	71
82	84
61	60
70	80
61	62
67	68
66	76
57	74
65	77
57	75
55	71
60	66
68	69
59	77
59	75
75	77
65	66
52	65
63	67
73	73
59	60
62	67
58	66
48	74
76	77
59	69
63	70
60	64
52	61
65	71
58	64
36	64
65	72
56	72
66	74
63	70
61	71
65	66
63	69
84	83
56	67
61	71
68	70
52	72
77	76
61	63
63	68
68	76
65	76
63	64
65	69
82	82
66	69
63	64
79	70
62	72
49	63
61	66
80	81
51	66
67	66
62	65
59	75
64	67
61	64
55	62
56	69
51	56
62	69
72	82
59	69
72	82
56	65
74	74
74	81
65	74
53	66
48	57
73	80
54	76
65	67
64	71
60	67
68	72
51	76
66	65
65	75
53	68
60	71
72	81
58	67
66	72
71	71
47	78
63	67
69	73
70	71
67	72
63	70
40	64
58	74
52	68
53	66
58	72
61	70
66	70
57	68
59	78
64	69
65	77
77	77
71	75
54	63
66	79
52	59
49	67
63	68
40	58
65	72
68	74
67	68
60	78
62	73
74	79
64	72
75	77
56	63
54	69
69	78
69	85
62	63
71	73
62	77
64	74
71	83
57	80
68	77
57	58
68	76
57	62
55	64
66	70
57	72
66	67
75	77
49	62
59	73
73	78
65	78
59	71
62	77
72	80
59	70
55	67
79	80
46	73
65	85
59	67
84	85
65	77
56	64
65	67
69	67
63	66
58	67
64	71
69	73
55	65
54	74
72	74
64	78
69	79
50	60
62	67
68	73
60	81
62	74
66	79
70	75
56	53
45	60
64	65
69	72
62	67
59	72
45	73
55	71
47	71
58	73
65	69
59	63
60	65
52	60
59	65
68	66
67	79
67	67
78	83
66	65
43	68
64	66
70	73
78	79
64	69
79	78
65	69
64	76
60	64
72	72
64	70
66	70
54	65
65	70
65	70
68	74
63	74
64	64
66	66
59	70
64	69
63	63
57	74
58	62
69	79
69	71
79	75
62	72
59	81
63	83
64	76
62	66
67	81
51	75
71	78
62	76
58	63
61	63
66	71
57	63
63	74
51	70
71	78
59	69
54	65
53	64
59	72
66	64
69	70
63	69
59	71
68	77
76	77
68	70
67	72
55	64
55	76
62	66
56	65
59	70
48	76
63	74
49	57
62	70
71	76
62	66
37	70
70	78
79	78
64	70
65	66
70	71
62	63
64	65
61	65
61	64
75	72
57	82
53	76
49	68
79	77
61	70
62	64
64	65
60	67
60	75
58	76
61	65
59	70
50	69
67	76
73	75
64	70
61	67
56	62
65	76
63	77
57	79
67	72
52	62
54	60
70	81
62	68
66	69
66	69
59	67
64	67
65	74
59	67
69	69
59	65
66	76
41	69
49	62
58	64
48	81
61	73
50	76
63	75
60	65
54	72
61	72
53	56
56	70
70	68
47	70
77	80
49	74
70	70
58	67
40	64
85	84
63	68
91	94
59	74
56	64
60	66
70	75
60	69
60	71
57	71
57	66
65	75
58	64
76	68
67	70
60	70
50	70
59	74
75	75
68	71
63	68
60	64
50	71
73	79
68	71
62	63
62	65
71	78
59	69
65	75
52	73
60	61
64	76
61	65
54	69
48	68
73	74
67	77
60	75
63	70
59	70
72	68
62	78
63	78
52	76
84	83
61	71
62	78
65	82
62	67
67	75
66	66
52	70
76	82
67	72
82	85
81	84
69	75
62	60
71	73
68	69
64	75
63	68
71	63
39	78
59	69
62	77
57	66
49	68
62	58
51	62
49	62
67	72
58	61
69	72
74	74
64	69
50	66
53	60
58	64
69	72
50	69
62	67
51	55
73	71
79	78
61	64
81	84
64	67
51	78
52	67
63	70
73	78
63	65
51	66
57	73
54	68
34	57
54	68
63	68
43	77
50	82
70	76
63	74
55	60
68	82
55	70
59	64
70	78
76	85
50	69
47	71
72	74
64	72
61	69
65	64
68	74
61	75
65	74
64	70
72	72
76	84
64	62
42	70
78	77
51	65
62	69
50	53
44	66
56	60
58	70
49	73
60	72
72	74
65	73
54	73
78	84
72	68
61	64
70	70
48	60
63	69
67	69
56	78
52	73
70	72
56	70
58	75
65	78
55	68
76	77
68	72
70	72
52	72
74	70
57	60
63	65
69	69
75	84
64	74
59	78
65	74
66	75
55	58
50	65
62	68
52	63
57	66
70	84
68	80
50	66
56	73
47	64
60	76
51	65
42	62
62	68
58	74
67	74
59	78
53	73
72	75
68	73
74	78
58	76
61	68
64	70
51	67
54	74
59	64
69	80
64	79
68	71
58	67
65	67
50	62
66	83
70	79
68	81
69	78
69	74
50	61
63	68
63	67
68	74
65	67
78	76
70	81
65	66
61	72
62	68
48	67
56	63
68	66
50	67
50	75
54	74
53	68
63	66
64	72
68	68
54	70
63	67
59	72
80	84
48	62
58	82
67	71
65	73
58	66
61	65
64	69
66	72
59	69
71	71
64	73
60	69
41	74
56	74
64	64
67	74
78	74
52	70
55	75
70	72
54	64
55	58
69	70
64	69
51	62
51	57
62	66
75	79
56	69
60	66
54	64
56	68
54	70
61	67
51	63
63	76
50	70
68	70
68	79
52	67
71	79
67	74
55	69
66	68
45	54
75	74
62	77
59	81
64	72
80	86
62	65
61	80
64	67
61	71
58	86
63	63
67	67
62	77
46	80
66	71
64	73
60	76
60	71
63	67
68	68
61	71
64	71
70	67
57	75
53	74
56	67
62	73
49	56
51	69
63	75
50	66
67	75
51	64
66	72
68	66
58	63
64	66
66	67
65	74
61	72
67	71
52	73
49	59
79	80
61	64
66	67
55	73
66	70
51	68
67	78
56	63
51	68
58	67
62	65
78	85
74	83
65	73
53	78
72	76
68	69
59	74
65	78
51	59
71	66
62	78
63	71
78	79
54	68
66	75
67	77
72	72
75	79
76	77
62	65
72	77
63	62
59	75
53	68
65	73
50	70
67	79
58	63
72	83
44	69
58	69
73	76
70	70
64	67
68	65
58	69
51	67
50	70
49	73
61	66
58	71
53	65
76	82
58	65
52	73
63	76
76	81
55	69
58	66
60	67
47	60
52	61
59	68
40	58
64	67
55	59
64	88
54	70
55	71
51	69
65	75
56	72
68	77
59	66
58	68
66	75
72	73
52	68
53	69
42	68
57	79
66	70
82	83
65	63
55	60
71	77
69	69
65	75
65	75
45	69
53	70
65	82
66	75
55	66
43	68
49	77
56	73
69	72
69	70
62	65
70	79
56	67
63	80
68	71
60	68
51	57
72	79
58	65
77	72
59	66
74	74
65	80
70	75
60	70
58	80
61	63
53	75
67	81
59	68
62	62
55	61
63	66
68	69
60	61
57	65
73	77
68	71
48	75
60	65
71	82
57	66
63	64
63	78
52	78
65	67
63	64
54	67
69	74
60	65
64	77
64	76
64	69
62	66
67	71
62	71
59	71
49	61
57	67
50	55
50	64
64	65
51	73
72	73
57	67
50	69
41	73
62	79
52	65
68	74
67	75
55	74
52	70
73	80
67	68
63	65
64	70
64	69
65	82
61	68
72	69
69	80
68	75
65	69
73	73
55	63
50	70
70	82
70	73
58	65
68	69
74	77
64	72
60	63
65	72
60	76
55	72
70	74
65	68
53	59
80	84
58	76
66	64
47	65
81	78
55	64
63	69
51	61
75	72
59	64
55	72
71	72
66	73
59	65
59	77
79	81
59	68
58	69
60	74
64	73
70	71
69	73
91	94
51	66
74	73
58	64
62	75
58	79
72	75
69	71
77	81
65	71
62	64
74	75
48	59
53	75
70	79
83	87
65	74
57	73
66	70
65	77
72	74
55	59
57	67
67	72
70	75
61	71
64	66
68	76
72	78
72	79
58	66
50	68
65	77
64	67
60	75
45	56
75	78
60	69
63	70
66	66
58	68
68	75
63	66
67	75
45	61
56	66
62	67
64	75
48	70
73	73
69	74
59	69
69	71
58	74
80	83
60	71
65	77
65	66
62	75
72	74
53	57
59	72
61	79
60	68
58	67
69	71
70	74
66	73
80	82
73	78
42	55
65	68
52	57
58	71
59	68
60	77
74	82
66	73
55	73
70	76
75	79
67	72
64	80
74	73
66	69
68	74
55	65
62	71
57	66
55	69
53	76
53	75
60	67
62	68
50	65
57	70
58	70
45	62
56	75
63	66
63	86
65	67
48	70
71	84
45	75
48	69
65	65
50	62
53	69
66	67
50	57
64	66
56	66
58	68
60	74
65	69
67	75
65	80
60	66
71	71
86	87
61	75
70	75
51	65
64	71
76	78
67	73
60	63
39	69
59	64
65	68
58	71
55	63
73	81
66	73
45	69
65	68
46	56
48	57
58	64
66	74
67	72
63	73
64	74
62	65
61	73
60	64
58	66
60	65
53	73
59	60
72	80
61	75
89	87
67	75
66	76
66	69
67	68
75	81
53	64
62	69
57	71
69	72
54	75
68	72
60	66
54	62
74	74
74	79
64	75
46	58
67	79
62	73
64	76
60	70
57	65
60	66
61	64
74	80
67	74
50	72
71	79
75	76
64	79
55	64
69	76
74	77
55	59
72	71
67	72
67	68
58	62
71	73
55	70
51	71
58	80
50	63
63	82
48	74
68	68
65	62
61	64
61	70
64	72
70	72
62	73
48	60
58	67
68	71
67	68
52	69
82	82
66	76
70	71
53	68
66	71
45	69
59	72
54	72
60	67
55	61
62	67
54	67
60	83
84	85
69	69
70	74
65	66
60	63
65	68
68	69
61	67
65	71
46	61
70	68
57	58
61	68
74	73
64	67
63	68
66	65
63	74
70	73
62	72
67	74
58	74
62	64
69	78
67	66
69	79
66	71
67	72
61	72
62	72
65	67
65	79
55	73
67	68
61	65
63	70
59	74
58	64
63	77
53	61
61	78
67	77
63	69
58	62
50	59
51	71
66	67
75	77
58	78
66	71
62	74
62	73
64	73
52	69
60	65
56	70
56	68
65	77
59	65
74	79
40	62
71	73
64	67
85	79
65	64
65	66
57	79
59	64
56	67
69	72
62	64
52	54
60	79
59	68
60	68
60	70
67	71
63	65
58	56
59	64
60	74
60	71
67	82
65	72
44	69
58	76
49	67
80	84
68	75
61	61
70	77
71	72
62	65
51	70
54	72
60	65
68	71
60	68
60	63
46	65
72	74
80	85
62	79
73	72
63	69
47	71
57	64
55	71
62	81
65	67
67	70
54	70
56	72
60	70
67	70
54	60
54	72
66	72
63	62
60	62
63	66
45	67
72	73
71	71
65	68
67	69
58	65
64	67
60	66
58	77
72	75
55	71
67	67
65	69
58	62
68	71
83	85
63	64
64	77
66	73
57	59
62	69
56	68
58	74
70	85
51	80
70	71
69	71
62	74
43	56
62	69
58	77
60	69
77	78
71	79
68	68
59	69
73	88
57	64
68	70
75	78
60	77
64	76
63	72
53	64
55	75
66	71
57	65
54	65
73	76
51	75
66	68
70	77
66	70
68	70
78	81
51	76
55	77
76	76
60	63
56	67
60	69
64	77
59	66
77	74
65	79
62	64
54	77
68	77
56	70
48	67
62	67
68	76
70	67
49	77
69	72
62	79
69	64
56	63
60	70
67	67
68	78
63	67
64	65
75	74
63	69
52	73
70	68
62	62
60	68
52	65
56	76
67	69
74	80
70	74
42	70
66	66
69	75
51	75
53	67
55	64
68	72
56	73
70	71
72	74
58	71
58	60
54	73
70	75
45	70
61	66
68	74
65	74
55	67
39	63
56	75
68	72
60	74
58	63
51	63
64	72
60	70
59	60
46	59
65	77
78	80
73	87
53	71
60	66
48	79
73	72
67	74
63	67
55	62
68	72
57	68
75	82
51	75
67	68
63	76
74	78
45	62
73	84
67	68
59	69
91	90
66	69
54	76
72	73
55	73
61	74
56	69
53	62
82	85
75	77
57	73
64	71
59	74
61	71
55	70
74	76
65	68
56	68
66	72
55	69
68	71
77	75
58	70
73	85
48	59
45	73
65	66
71	74
61	67
71	76
47	56
77	78
73	80
54	69
68	72
72	81
60	72
62	64
56	71
79	83
62	64
53	77
52	57
63	72
63	77
55	68
72	72
64	67
60	73
64	74
50	57
46	77
77	71
56	61
73	76
59	74
70	80
58	78
56	66
50	75
56	76
61	64
71	71
66	68
60	66
56	65
60	69
68	69
59	74
84	83
65	75
54	69
58	68
67	68
69	77
71	70
71	74
64	68
69	78
83	83
55	74
69	77
63	68
58	72
53	67
58	64
65	67
52	66
70	75
73	85
74	74
63	70
62	63
56	75
66	72
59	65
64	73
61	69
66	72
68	75
55	77
56	61
67	70
64	69
72	74
65	72
54	66
60	74
63	77
60	68
63	69
71	72
58	64
61	64
72	73
61	69
64	83
67	69
76	74
66	74
68	82
63	67
71	74
72	76
54	67
51	60
63	68
65	67
50	70
68	69
52	72
49	76
58	69
65	69
60	80
51	66
66	70
52	65
76	76
64	66
71	73
60	69
64	67
71	74
70	72
67	78
78	82
77	71
51	74
43	71
58	68
55	76
65	72
51	73
60	64
60	64
70	72
64	74
59	73
63	68
58	64
64	69
58	76
61	72
47	73
67	76
66	68
57	70
55	76
64	67
72	74
54	60
61	70
63	78
60	70
82	85
65	68
68	73
62	76
69	85
63	72
61	68
58	78
68	65
68	67
57	66
65	75
51	73
65	76
65	73
62	73
78	74
53	70
58	61
74	78
77	81
70	70
67	70
65	69
82	81
67	76
64	67
59	69
57	63
60	68
65	66
66	68
56	62
55	74
59	73
68	73
53	78
75	73
69	73
67	77
58	64
61	61
74	78
53	68
79	79
64	69
52	67
69	76
61	66
68	80
68	67
62	65
59	65
75	76
67	73
60	76
67	67
56	74
64	72
65	77
62	63
70	72
63	71
72	78
72	80
63	72
64	67
69	67
56	74
60	63
63	73
55	74
64	68
69	70
58	77
65	78
60	76
58	59
70	74
65	76
68	77
60	73
60	66
52	61
52	64
53	80
56	76
67	70
74	73
50	67
60	78
43	60
64	62
57	62
57	78
61	68
56	70
67	75
71	69
60	70
53	65
55	78
64	73
61	64
68	71
59	58
56	65
61	67
56	58
66	79
74	74
49	71
56	74
72	80
60	69
66	74
56	78
56	62
59	76
61	68
56	70
68	74
61	73
65	73
70	73
64	71
46	55
54	75
61	84
67	70
65	69
59	61
64	66
72	74
70	80
63	71
46	72
54	70
64	72
65	78
68	75
40	65
57	67
58	65
68	77
65	65
66	73
67	85
78	76
74	82
57	65
60	76
67	76
59	68
60	63
73	75
49	63
71	73
66	67
57	75
56	77
59	65
40	70
64	72
52	66
62	62
44	69
66	79
56	67
63	72
59	66
64	70
67	70
68	72
72	73
64	68
67	73
73	75
60	58
54	75
71	72
68	68
45	70
33	54
58	78
77	75
67	71
68	70
73	85
60	71
35	60
47	66
61	76
62	72
68	71
62	74
65	82
53	70
49	56
75	75
56	64
54	75
62	72
44	64
60	69
73	73
64	65
58	70
71	80
57	76
66	70
84	84
57	58
64	78
57	64
66	70
51	65
67	70
56	73
60	61
70	70
79	82
54	70
56	54
61	64
72	69
70	74
72	75
59	70
67	75
64	72
60	64
58	67
49	63
53	66
68	76
57	70
59	71
70	78
57	62
57	71
70	83
63	71
50	64
59	69
53	73
57	70
64	74
57	64
62	62
61	66
49	60
65	78
58	79
67	73
60	76
64	77
68	67
57	65
62	68
61	70
64	72
70	76
74	79
62	74
61	70
58	61
60	63
72	75
59	62
68	77
63	65
52	65
59	60
60	64
74	78
51	78
71	81
65	71
60	72
73	66
74	80
60	76
74	79
69	77
55	79
64	68
59	61
69	68
65	78
58	76
61	63
54	59
57	75
54	69
66	69
64	78
50	76
50	65
65	70
59	72
51	62
55	66
65	80
56	78
48	61
52	71
54	75
58	65
44	68
53	65
94	89
64	70
61	76
66	76
66	89
66	71
56	68
62	75
58	74
54	66
65	69
60	80
62	72
54	70
63	63
58	63
57	72
64	65
65	72
61	67
60	78
65	65
68	81
66	70
62	69
67	72
57	73
61	65
71	73
65	69
66	65
60	66
50	69
80	81
60	70
62	66
80	83
63	67
60	75
47	69
51	57
65	72
62	65
61	72
64	70
65	80
46	54
53	63
75	74
82	79
56	70
56	65
73	75
51	72
50	68
61	73
58	67
68	81
54	68
65	67
60	65
70	74
62	69
76	80
57	63
53	67
63	68
58	62
42	72
65	65
68	73
60	72
67	80
58	66
68	72
63	77
47	58
74	74
58	63
78	77
59	67
71	75
61	66
52	69
49	64
67	75
65	72
63	67
63	68
54	74
59	69
68	69
46	57
66	76
64	76
58	62
80	80
56	79
58	63
76	80
65	66
74	75
74	73
52	61
69	75
54	60
50	63
52	70
57	78
75	79
64	68
65	77
61	70
70	81
66	79
71	76
48	56
75	82
70	75
60	72
63	67
58	69
54	70
71	72
60	68
51	51
59	75
60	66
66	69
61	70
84	88
66	68
54	77
63	82
63	66
53	73
62	68
66	71
61	73
56	75
67	73
56	73
61	67
55	79
68	72
74	82
67	71
32	51
52	69
64	71
82	80
65	68
65	66
62	71
51	71
50	74
63	70
60	71
74	78
68	68
56	69
46	59
48	58
53	71
60	65
68	69
60	75
57	69
46	59
86	87
69	77
65	70
56	67
53	66
62	61
61	61
61	83
78	85
64	69
49	56
54	68
55	74
60	68
76	80
76	76
70	69
53	66
54	65
67	73
49	72
56	66
55	70
58	69
62	62
59	68
72	76
62	75
60	68
56	70
58	68
62	63
73	72
67	76
68	76
65	76
53	72
60	72
76	83
75	82
50	61
45	60
61	63
76	77
66	71
70	73
64	69
70	73
50	69
61	74
58	64
62	63
71	79
69	71
58	70
80	81
66	69
78	73
57	78
75	75
64	70
55	72
67	68
82	87
62	79
59	64
80	80
72	81
79	84
75	77
54	72
67	68
71	67
65	74
59	66
50	71
62	73
56	80
56	77
48	70
60	68
71	75
50	68
69	85
52	53
65	70
64	75
73	80
61	69
58	59
77	82
69	70
58	81
63	69
60	67
65	71
62	74
68	68
46	52
68	80
61	65
63	65
64	69
61	62
66	76
55	68
74	76
46	58
68	78
62	66
52	74
64	74
62	75
65	66
66	72
57	71
57	62
58	78
65	66
58	69
60	70
56	69
49	75
57	70
76	79
53	70
59	71
68	67
50	66
42	68
48	57
60	67
70	70
73	82
61	63
66	70
77	75
59	59
67	73
58	63
58	65
59	66
68	74
51	71
64	78
61	80
54	70
52	65
58	73
57	65
64	74
50	76
52	69
74	76
66	75
58	64
57	66
69	71
66	71
69	71
75	75
88	80
68	72
72	78
58	79
65	64
72	78
59	68
72	83
58	59
56	72
53	64
43	68
77	81
64	64
57	62
59	64
72	73
69	70
61	67
85	87
56	67
59	75
69	80
66	66
53	67
52	66
51	80
66	82
51	72
51	53
62	67
62	67
64	72
70	76
72	72
80	79
47	60
55	62
48	76
60	63
66	68
67	81
56	71
57	72
38	63
64	70
66	75
57	72
59	64
55	73
56	71
64	71
37	75
60	78
56	66
62	67
62	63
40	72
62	75
52	64
63	70
53	73
60	68
60	62
56	78
71	72
62	80
48	67
78	84
50	62
74	83
79	82
60	72
50	69
47	63
52	67
50	59
58	63
64	77
66	77
58	74
78	85
58	65
67	72
72	81
46	58
70	81
57	66
62	70
66	73
55	61
66	65
75	84
73	76
70	74
74	72
78	84
70	76
69	68
64	71
56	72
66	67
70	71
58	69
64	80
67	75
56	65
61	76
39	73
62	65
75	79
62	74
48	65
56	67
69	68
51	56
64	75
57	62
63	65
46	56
79	81
56	69
71	73
58	71
66	65
53	63
62	75
61	78
75	85
55	75
70	73
77	83
69	75
76	72
65	76
64	68
72	73
51	64
57	62
61	74
62	61
60	71
52	71
49	56
62	66
69	80
68	69
52	77
49	76
58	72
48	72
55	61
63	66
68	72
48	65
58	76
81	86
70	71
54	66
45	62
69	70
59	63
67	80
65	69
61	74
58	62
68	79
68	76
56	75
67	71
69	70
51	55
50	82
78	80
76	77
75	76
61	73
74	71
60	63
80	77
74	77
69	69
61	64
69	71
84	85
57	60
55	70
63	65
55	71
71	82
68	70
64	70
66	68
67	68
59	62
62	68
77	83
68	74
72	81
65	75
53	66
64	68
55	67
56	63
61	74
72	82
38	54
61	71
59	64
64	74
60	73
67	72
67	74
64	71
67	80
58	67
70	82
65	74
70	81
57	64
63	63
67	77
65	72
62	61
78	86
82	82
64	65
67	72
62	66
61	69
68	67
63	65
76	84
74	77
47	64
60	66
65	78
60	66
51	72
58	68
50	63
62	76
64	65
67	69
42	71
77	80
68	66
69	74
58	66
52	54
62	65
68	71
65	67
64	70
52	70
74	81
59	62
70	71
66	72
46	77
62	71
75	83
49	63
72	78
65	75
63	69
65	71
65	76
51	59
72	80
52	67
64	66
50	63
55	78
65	72
64	68
63	74
60	74
59	64
57	69
61	75
53	63
57	66
60	78
41	67
56	85
66	69
49	67
71	79
52	78
70	77
67	72
65	79
52	75
66	70
60	73
55	66
55	64
61	67
63	68
70	71
48	63
78	84
42	67
60	61
57	65
71	77
76	74
54	65
68	73
73	76
58	78
68	75
62	78
69	76
77	72
60	77
74	80
66	75
94	91
66	81
57	67
61	68
55	73
81	81
67	80
68	75
52	76
48	71
68	70
63	64
49	74
56	65
74	80
59	74
74	72
39	68
50	71
47	68
70	73
63	75
62	73
67	74
45	70
78	79
68	78
55	69
60	71
43	64
85	85
67	82
58	64
61	65
68	82
72	74
60	73
58	68
48	78
61	77
57	67
47	63
76	84
45	65
51	73
70	76
50	72
66	73
65	74
57	69
52	71
61	68
59	76
59	75
80	79
49	63
65	67
68	71
64	71
61	63
55	77
67	76
55	69
58	75
63	77
60	67
60	71
75	77
58	67
68	71
57	79
57	62
74	78
33	59
69	72
61	70
73	76
68	74
56	68
59	68
48	72
60	70
61	71
75	77
74	81
53	71
45	60
50	73
56	71
68	72
79	77
67	77
51	58
83	88
66	69
75	71
59	75
70	72
72	77
69	71
62	79
68	78
40	59
60	77
65	84
67	74
64	69
66	78
61	84
68	72
71	81
48	71
74	81
51	63
63	65
47	67
70	73
72	72
70	74
57	76
51	75
64	71
60	74
75	84
57	66
66	73
78	75
76	78
57	73
68	73
62	67
61	65
65	69
60	70
73	74
70	76
81	84
57	69
65	71
63	71
69	72
65	76
56	74
40	58
50	54
77	85
61	68
64	63
76	80
62	64
76	77
71	75
60	73
59	71
70	75
61	75
61	73
74	77
58	70
66	76
76	72
73	74
82	81
63	66
69	78
82	81
48	74
41	60
66	76
68	75
55	68
71	75
67	79
59	64
46	64
54	69
43	69
59	70
60	64
67	67
66	72
59	73
52	71
65	67
55	60
72	83
72	73
74	79
81	80
50	57
57	71
66	68
58	64
63	73
69	71
64	66
58	73
63	66
52	86
51	58
56	66
79	79
62	70
74	74
58	63
44	73
75	78
54	79
51	72
70	82
58	62
68	72
55	74
69	74
67	76
67	71
78	78
64	68
62	73
53	71
59	79
62	68
70	70
62	75
61	79
59	67
65	70
88	90
52	66
75	75
71	74
59	80
51	61
79	80
74	74
55	68
75	75
65	77
53	67
49	73
69	74
43	69
64	64
67	70
61	64
78	77
54	76
63	78
58	74
60	64
52	64
59	70
71	69
69	75
74	76
66	79
72	81
67	74
87	93
63	78
53	74
68	69
73	82
64	61
64	69
62	64
55	53
66	67
49	78
60	68
60	68
75	78
54	71
59	64
71	74
58	73
46	52
57	76
64	67
53	73
64	72
61	71
46	67
55	60
42	65
71	75
65	74
62	70
64	69
68	69
61	68
70	71
64	69
51	61
66	71
60	60
51	62
69	76
38	65
56	73
66	65
63	76
70	73
73	82
59	76
44	61
65	75
60	73
64	65
65	73
61	70
60	62
50	73
67	70
65	67
55	68
44	75
47	65
52	73
69	78
47	67
56	74
51	67
56	65
69	73
54	54
66	72
54	63
46	69
54	69
40	71
60	68
88	90
47	62
45	67
63	66
55	81
78	78
68	72
68	72
55	72
57	68
53	59
54	63
80	78
66	76
59	70
62	76
46	60
55	72
79	84
54	73
80	83
67	76
58	74
64	75
64	73
55	61
64	68
64	76
81	77
65	66
63	68
58	64
55	61
68	70
62	76
72	77
43	72
65	78
72	81
74	72
73	75
57	66
58	71
59	73
60	76
45	65
66	71
53	74
45	65
59	68
65	69
54	67
64	83
58	69
53	75
72	80
57	62
69	76
52	75
62	71
64	73
63	77
64	82
47	64
75	75
60	66
72	78
59	68
52	68
58	82
59	60
52	65
66	72
62	75
67	79
56	75
59	67
76	75
69	66
57	73
56	74
69	82
59	73
80	80
61	68
69	71
73	75
59	72
51	73
71	75
73	77
75	84
54	72
55	70
63	74
70	70
48	65
73	73
63	73
72	74
49	63
63	69
64	76
61	70
64	62
59	74
60	65
55	64
69	67
56	60
49	66
57	71
45	61
65	68
60	71
60	72
60	70
56	70
68	78
79	80
54	67
45	56
64	78
69	71
67	70
67	76
77	78
62	69
60	65
51	73
60	61
56	71
61	72
58	59
67	72
72	72
57	62
74	72
67	72
65	68
49	67
78	86
62	66
51	74
49	68
60	66
76	78
74	76
65	70
59	75
68	71
76	79
70	80
62	73
63	68
78	88
68	73
70	70
58	78
64	68
65	70
62	77
65	70
66	76
57	69
46	51
51	69
69	72
57	73
62	72
60	64
74	86
70	74
63	70
65	70
65	70
75	82
78	77
64	70
65	70
62	70
77	86
70	74
83	85
59	68
66	73
56	74
61	65
82	90
64	69
48	53
55	67
66	66
64	80
53	70
71	82
67	72
59	63
72	79
61	71
72	78
80	79
71	73
65	73
55	69
62	69
65	69
55	69
44	62
69	75
68	77
49	78
59	71
66	68
52	75
62	71
60	63
51	78
58	67
55	65
57	71
58	65
66	70
77	77
80	80
66	69
62	65
75	76
76	78
74	72
69	75
53	69
54	65
51	78
73	76
69	73
67	73
60	66
47	76
72	75
69	82
58	74
52	65
70	70
60	64
60	68
78	80
69	76
79	80
56	68
62	64
76	74
54	69
63	69
58	67
58	74
56	79
59	70
51	70
64	78
64	71
42	76
54	55
67	66
62	74
59	77
51	72
60	69
79	84
69	71
58	70
75	73
57	73
70	69
62	66
73	73
57	66
86	86
60	76
47	73
53	68
50	63
76	74
58	63
42	70
78	80
61	70
53	68
57	75
52	77
73	82
60	64
82	82
64	71
57	70
50	64
52	58
67	71
68	78
75	83
65	75
65	69
76	80
69	79
76	81
52	64
72	84
59	62
69	77
78	85
61	76
84	82
47	55
60	72
70	74
40	75
65	69
67	67
68	73
68	74
54	66
72	74
48	59
46	60
62	66
53	74
45	60
64	71
65	68
70	72
39	74
72	75
59	68
70	75
63	70
47	58
47	73
57	69
74	82
61	75
51	72
67	70
63	72
67	78
45	57
77	74
52	77
55	69
58	81
52	68
71	72
70	70
53	61
62	65
67	69
65	73
63	72
79	89
73	80
51	61
62	67
67	68
52	60
58	65
56	72
65	69
75	71
79	78
69	67
67	71
54	77
72	73
46	53
66	74
66	72
83	85
52	61
70	75
64	65
51	75
58	75
66	71
56	61
36	60
65	66
68	70
76	83
87	89
68	70
58	75
50	69
68	69
74	77
50	56
64	69
65	74
75	72
58	70
58	75
55	74
68	76
72	70
73	85
66	75
61	60
59	67
54	64
49	58
61	71
58	77
74	75
69	74
70	70
53	65
69	77
51	58
66	74
50	65
57	67
72	74
67	70
60	80
66	70
65	72
70	76
69	72
63	65
58	70
53	67
63	73
65	68
69	64
55	72
67	71
64	73
62	67
70	75
60	65
53	65
60	65
56	65
57	74
78	78
67	74
54	70
65	69
63	68
53	62
63	67
59	61
75	85
74	78
68	76
71	72
59	65
54	72
58	69
59	64
55	63
61	67
32	58
62	64
59	69
70	82
60	74
74	71
53	65
62	73
66	66
66	69
66	76
59	75
51	52
48	69
57	68
62	63
55	61
59	70
69	76
58	70
71	73
64	64
64	66
53	71
72	79
43	52
58	69
58	82
73	74
46	75
60	61
63	73
73	80
67	79
68	73
65	79
70	79
71	70
55	76
68	74
76	79
59	64
64	75
59	74
68	76
63	68
64	71
72	75
66	70
62	73
80	82
72	73
65	68
53	71
76	74
59	67
63	68
63	70
66	69
68	76
72	80
59	70
64	67
78	82
70	78
69	78
68	81
67	69
61	75
66	70
75	75
60	64
64	71
67	71
59	75
52	68
62	76
71	74
56	71
65	69
41	67
59	71
69	75
69	68
62	72
66	77
75	74
54	63
55	74
74	73
65	70
65	74
60	69
68	69
54	72
80	82
64	69
60	59
66	71
64	69
74	77
60	67
58	66
54	65
73	73
67	84
74	71
62	68
55	60
60	71
58	62
65	68
58	68
64	70
58	62
70	80
71	73
62	63
52	71
68	80
59	67
83	82
56	73
68	74
66	75
55	70
69	71
58	67
69	69
55	66
65	78
64	75
63	70
59	74
62	73
68	71
55	72
37	64
59	75
70	67
53	52
66	63
69	68
62	65
50	73
64	72
64	73
53	73
58	75
62	76
61	81
59	67
65	69
58	73
54	74
73	78
53	59
53	68
57	65
61	71
62	66
54	63
48	75
54	64
63	69
59	72
33	76
72	71
61	69
72	83
62	69
50	55
61	63
73	76
76	80
62	72
63	74
77	79
60	63
50	73
54	65
51	71
45	69
72	72
56	62
58	69
86	84
73	77
62	67
70	73
66	70
62	68
50	60
75	77
60	80
67	68
49	67
64	66
65	67
57	61
54	78
58	66
73	79
58	70
54	62
78	75
80	81
66	73
53	67
72	73
69	68
43	58
62	75
83	80
58	65
40	62
55	64
64	69
68	72
79	84
62	64
60	66
61	74
55	80
72	74
43	63
75	83
59	72
51	72
56	71
71	84
44	61
47	68
80	82
56	77
64	74
62	69
59	64
53	70
73	75
59	74
62	73
66	66
69	76
65	72
64	66
54	78
58	69
57	67
70	84
67	69
68	75
51	66
65	80
56	67
62	63
57	67
65	69
69	73
65	65
63	77
35	53
67	65
58	71
58	72
61	65
60	74
39	69
71	74
62	73
73	70
68	73
51	68
37	57
61	75
64	71
51	65
51	74
49	64
70	78
41	73
55	59
55	63
85	85
78	78
65	69
51	75
60	67
53	63
66	65
71	71
61	64
58	72
61	72
53	65
73	73
58	77
65	65
72	81
56	76
61	67
62	65
57	74
66	73
65	74
54	67
75	83
70	70
63	71
66	61
62	70
50	71
55	80
52	71
60	75
63	70
83	83
74	81
49	60
58	69
63	71
71	82
86	87
57	75
71	71
53	77
64	76
62	70
68	73
74	75
58	65
58	74
68	68
51	76
65	77
61	71
59	78
63	68
59	71
59	74
74	76
58	66
57	67
53	64
58	72
61	79
76	74
51	72
58	68
54	73
70	71
62	68
64	70
64	70
69	83
74	79
60	74
62	63
69	75
74	75
68	72
60	66
71	67
71	77
70	72
78	71
58	74
82	83
62	70
49	57
59	64
58	67
71	72
60	74
52	70
68	70
60	82
54	76
68	74
57	68
37	58
70	81
67	69
70	71
61	72
36	77
43	60
72	82
65	71
69	84
61	77
73	76
72	81
71	76
59	61
51	77
68	70
59	76
59	62
58	76
68	71
53	70
68	68
58	66
64	73
60	69
67	64
63	64
55	64
61	64
70	75
62	73
57	66
58	70
68	71
68	69
51	76
61	65
54	75
66	85
63	63
69	80
55	66
59	82
79	81
61	69
65	69
62	69
66	74
72	72
48	60
66	71
46	66
64	71
60	66
62	63
66	68
58	69
66	67
63	66
65	71
63	66
79	78
51	73
64	70
64	73
67	71
71	73
61	67
58	64
68	72
60	81
59	63
70	69
69	77
58	63
60	72
68	76
74	83
66	70
67	73
56	65
74	77
51	57
56	79
59	78
62	78
67	76
60	64
69	71
67	76
64	69
62	71
57	75
67	82
67	66
65	72
70	72
63	70
66	67
62	76
55	66
65	71
59	67
62	62
54	59
67	67
52	64
74	74
69	74
63	66
34	59
56	72
73	76
60	76
63	67
62	73
84	88
39	79
60	70
70	79
57	73
61	69
49	69
73	80
62	59
72	73
56	82
54	63
51	69
78	79
59	79
74	78
67	73
67	70
56	73
65	73
62	86
65	73
51	66
51	74
61	68
78	75
66	73
59	66
60	76
58	70
52	63
64	65
65	69
64	75
61	68
49	70
53	65
49	63
62	71
64	64
55	73
77	75
49	59
53	68
74	77
54	60
51	71
46	62
76	79
55	66
59	67
53	72
58	80
55	64
64	80
58	75
65	74
77	79
66	69
75	80
58	67
63	76
64	72
68	69
65	81
58	72
66	70
60	68
72	85
60	67
58	63
50	67
68	76
66	71
76	79
67	65
53	71
47	56
68	69
58	75
56	59
70	75
80	82
68	72
43	69
75	83
40	51
77	77
65	76
65	67
73	77
67	69
58	70
61	79
43	64
77	84
47	76
54	75
65	65
63	66
71	73
65	72
57	74
54	74
69	72
54	68
60	67
74	75
69	70
60	68
68	71
78	78
70	73
60	79
50	57
60	67
82	85
67	67
66	77
65	69
56	67
58	71
58	76
80	82
51	66
69	77
63	69
57	81
66	63
67	71
73	74
70	81
63	68
63	76
55	75
55	72
65	64
70	68
66	70
58	61
60	61
63	70
62	68
70	74
78	81
55	60
62	71
62	68
62	66
73	71
65	66
66	66
88	93
68	69
50	73
73	76
62	78
69	72
60	65
47	57
56	61
56	70
64	69
60	68
68	72
58	63
78	76
67	75
61	66
63	66
67	67
74	81
58	78
62	72
60	63
68	66
62	81
74	79
58	70
72	82
61	68
65	67
60	66
58	72
56	66
58	78
66	67
51	73
63	74
66	74
62	66
59	65
86	88
75	74
66	63
68	69
68	73
54	73
51	71
59	69
84	83
42	64
48	77
55	64
65	70
55	61
59	65
68	72
50	76
59	61
60	69
63	69
75	73
62	68
67	75
64	70
56	60
59	74
54	72
72	81
65	75
49	67
70	73
61	63
49	65
74	72
67	74
59	59
57	66
71	80
46	53
67	70
62	67
70	76
59	66
63	75
53	72
71	72
50	71
73	73
68	81
63	77
76	83
57	70
51	77
69	67
53	69
49	59
57	60
72	76
79	82
67	69
70	64
72	79
60	72
74	82
88	84
78	76
61	65
67	70
82	89
56	66
69	73
60	76
63	77
59	71
58	66
60	83
74	84
73	78
69	73
51	76
77	77
66	70
55	70
65	70
56	64
49	65
68	73
54	74
65	69
65	70
47	58
65	73
75	76
53	70
63	67
62	65
58	75
49	60
60	63
57	72
48	80
41	63
53	56
62	66
60	66
56	78
69	72
70	69
59	76
63	80
67	72
79	73
68	66
45	74
65	71
69	67
67	69
56	82
63	71
57	72
56	65
55	65
48	63
71	74
50	76
67	67
77	77
50	60
40	73
66	78
65	72
55	75
69	67
74	72
55	70
60	61
46	63
73	74
70	71
66	68
68	79
66	69
69	73
70	71
57	71
55	66
57	65
62	68
68	74
48	68
66	68
52	76
60	59
65	75
49	66
64	65
75	78
40	62
76	79
52	73
63	67
63	68
49	68
53	73
69	72
57	72
67	72
59	69
66	72
58	64
65	72
53	65
55	76
68	76
60	63
48	67
60	77
70	70
61	68
62	68
61	69
71	76
68	68
59	62
49	77
43	73
65	70
51	54
65	74
62	75
69	69
65	72
51	67
61	78
53	74
59	77
74	84
71	72
68	72
68	84
60	64
62	71
53	71
67	71
64	67
59	64
72	77
58	74
78	70
85	85
62	63
64	68
59	73
67	69
58	67
53	75
74	83
61	64
80	81
66	70
53	61
61	62
66	71
59	70
62	68
68	77
64	76
76	86
70	72
67	69
52	61
72	78
59	71
78	79
48	72
68	68
54	71
63	63
60	66
60	74
67	69
55	65
59	75
58	63
66	70
77	82
66	69
52	57
69	77
65	68
68	79
67	71
73	76
72	73
71	73
66	80
51	60
61	79
65	74
73	75
42	59
64	72
54	62
72	79
60	69
65	65
64	67
63	65
58	74
58	68
59	60
63	64
51	70
64	73
63	69
58	68
61	64
62	79
65	77
62	70
59	66
62	63
74	75
50	67
55	79
58	73
62	72
56	71
57	66
40	63
61	67
62	74
64	67
72	72
58	64
62	69
35	49
68	81
58	65
63	69
83	81
73	74
51	65
65	66
78	80
65	63
70	77
67	69
69	72
71	79
57	66
62	73
58	65
66	76
62	73
53	72
69	75
69	76
66	68
68	72
69	87
64	71
69	83
52	77
63	75
59	72
67	66
55	70
68	80
64	73
67	74
55	61
58	75
80	86
78	77
59	76
85	85
48	78
57	71
60	63
62	71
59	74
59	74
62	82
54	61
59	68
81	78
66	70
60	75
68	80
62	67
69	71
61	66
77	79
57	63
60	73
64	63
55	68
77	77
49	65
70	81
79	77
65	65
75	74
79	85
61	73
56	64
51	69
54	68
63	69
64	74
48	69
58	72
58	69
73	85
45	70
82	77
81	83
48	64
64	69
69	69
58	76
56	71
54	66
50	73
44	57
57	77
68	71
51	71
67	73
68	77
59	64
64	66
85	87
68	72
79	78
69	78
70	78
65	64
54	72
53	74
60	70
64	72
73	73
52	68
59	63
60	66
75	77
58	66
58	75
67	65
58	65
54	75
59	71
68	73
74	76
57	75
70	73
58	73
62	69
41	73
79	86
60	69
61	73
54	71
57	63
73	83
59	71
73	82
54	72
66	81
82	83
50	49
45	72
65	73
56	74
75	75
45	70
69	74
60	74
68	78
70	71
65	66
66	86
60	69
79	80
64	68
62	73
51	67
56	70
67	70
50	61
60	74
45	78
67	72
84	82
59	66
57	79
47	69
49	71
62	68
49	68
65	69
65	79
76	84
60	60
63	74
72	70
59	64
69	79
78	80
64	67
77	80
62	67
75	76
70	77
58	72
63	71
66	69
61	65
76	75
61	63
58	75
59	72
66	78
71	78
58	69
56	61
56	74
62	73
64	76
57	65
58	77
61	66
38	62
67	73
69	68
67	75
58	65
65	70
57	69
76	79
75	77
54	64
66	66
55	58
59	70
79	77
70	75
40	66
65	71
60	86
57	65
63	74
64	77
58	75
60	65
47	54
66	72
42	56
71	84
50	68
60	78
45	61
70	75
66	72
74	75
71	73
51	71
59	63
68	69
68	68
45	65
69	81
64	67
48	57
64	72
74	75
62	78
66	75
48	65
47	77
70	72
57	64
57	68
74	76
66	72
54	67
56	63
57	63
49	59
62	70
54	79
67	82
70	68
70	75
50	64
62	75
65	78
62	67
70	70
76	77
58	73
58	61
52	76
47	68
64	68
51	64
53	69
74	77
67	69
60	70
62	75
56	63
57	70
79	79
52	77
72	78
56	78
60	65
66	70
58	70
68	68
67	74
77	76
62	68
56	71
43	59
61	74
68	70
59	79
67	69
61	75
63	66
77	86
40	65
64	70
56	78
58	74
67	80
75	72
69	70
60	80
50	76
69	73
50	75
62	72
37	64
55	66
63	68
72	79
51	65
71	77
55	70
66	75
75	83
62	75
64	74
65	65
52	73
52	70
62	75
62	76
57	64
53	77
61	66
56	65
58	67
73	77
46	60
60	81
62	67
58	71
62	69
46	74
64	82
75	83
60	66
72	72
52	61
59	70
59	63
63	76
73	79
69	73
50	74
51	64
57	72
59	68
58	76
60	64
52	62
71	70
54	68
62	66
80	87
62	74
69	71
51	76
72	82
60	64
58	60
79	79
72	74
66	70
65	68
85	91
60	75
39	61
58	82
75	77
67	69
57	65
71	70
57	73
58	69
61	76
74	74
68	73
61	66
72	70
41	62
75	80
62	64
71	77
68	80
52	55
68	66
58	64
72	74
71	72
64	68
54	68
62	74
60	73
53	62
63	66
48	67
68	69
73	79
64	70
68	71
68	75
82	77
56	73
69	80
58	73
71	74
53	74
58	80
62	75
65	75
48	68
62	66
72	85
75	75
58	69
62	65
59	74
69	70
54	61
57	78
76	76
68	84
51	57
62	65
64	72
61	72
54	75
60	69
58	73
72	76
54	60
64	65
54	75
53	69
68	70
64	63
68	75
61	72
83	85
68	82
69	73
56	72
83	86
64	74
62	68
66	75
57	66
63	69
64	76
41	72
58	66
44	71
50	60
85	92
50	74
57	65
72	77
54	66
56	67
53	64
75	79
55	70
68	76
66	67
49	70
53	70
60	59
67	71
58	73
56	59
75	73
63	64
71	76
61	77
61	70
60	62
58	73
67	75
63	64
64	73
56	76
64	71
53	74
62	75
63	72
72	69
63	60
56	61
74	73
67	72
54	71
74	72
77	77
75	76
62	67
58	64
65	70
73	76
50	69
66	67
55	74
70	83
76	76
55	63
65	73
68	74
63	66
59	71
75	85
58	63
79	76
59	72
50	66
60	75
60	71
71	75
60	66
46	68
70	72
58	67
70	74
66	74
54	69
63	71
61	73
53	64
59	68
63	70
57	68
66	69
70	70
70	79
67	70
64	66
72	74
45	73
51	63
63	78
50	66
58	70
83	80
45	64
47	58
60	67
55	78
70	76
66	75
55	63
67	69
60	64
40	74
55	68
69	74
59	70
70	73
71	87
66	69
59	68
51	58
49	61
71	79
60	63
61	66
72	72
64	75
59	69
50	60
52	77
57	78
56	73
62	68
59	67
56	70
56	59
50	74
59	73
58	69
46	54
56	63
62	68
61	63
66	76
56	76
48	65
62	68
58	61
46	65
71	76
70	69
63	76
66	74
70	76
54	61
54	71
49	64
64	65
77	78
71	76
45	74
58	62
59	77
77	85
52	71
65	67
65	76
63	65
64	73
72	80
60	67
62	66
71	81
54	78
67	69
46	77
44	81
65	69
67	73
70	70
66	70
76	74
63	63
56	60
68	65
76	86
64	71
64	74
68	84
70	72
65	64
56	61
60	68
68	82
69	73
65	74
62	64
64	78
71	75
60	72
76	72
64	65
76	76
70	71
62	65
54	71
53	67
66	72
78	80
57	61
74	89
39	65
67	77
65	74
69	77
64	70
60	75
63	74
69	76
56	64
66	69
62	70
53	80
57	79
62	72
70	76
53	71
70	71
62	69
58	72
51	66
65	72
60	66
63	70
57	61
70	70
61	63
71	71
67	76
61	73
64	61
62	68
50	68
65	78
66	66
53	67
56	71
46	60
53	56
62	66
69	72
56	69
59	60
60	60
70	77
47	65
59	70
55	83
65	71
60	76
67	64
45	53
56	73
67	74
65	66
53	73
55	66
62	70
66	69
46	64
70	69
74	75
61	72
62	73
67	69
65	72
64	70
73	74
65	64
69	74
60	68
70	67
69	78
80	79
78	78
45	78
84	87
40	54
66	76
73	76
70	79
55	81
57	65
75	75
48	58
51	69
64	67
85	82
65	70
65	67
67	69
60	65
54	73
68	77
51	67
60	68
77	87
68	83
77	76
70	75
47	71
59	74
61	70
74	81
72	78
57	70
53	72
78	77
77	81
76	75
47	73
57	67
63	71
75	78
48	71
68	68
69	79
62	69
57	73
65	67
63	62
48	69
66	80
58	63
69	68
69	68
77	75
64	74
84	86
60	72
60	75
58	63
60	74
72	85
58	71
67	70
76	79
66	76
62	75
67	66
72	81
58	78
51	72
61	68
59	64
60	68
49	70
59	68
45	53
60	70
61	76
58	70
71	78
81	74
62	72
72	79
56	63
46	55
72	72
58	60
49	69
58	68
53	66
59	74
60	70
65	69
60	68
68	68
70	67
64	75
51	73
58	81
32	60
61	79
64	69
61	69
81	77
56	75
64	73
65	67
72	75
66	71
74	79
68	74
67	70
63	66
69	74
68	73
71	73
77	81
77	70
69	70
67	71
65	62
81	86
64	65
62	60
56	78
59	68
67	79
60	67
63	73
71	74
70	74
58	74
68	72
50	69
74	82
69	76
51	71
67	77
52	62
66	69
64	65
60	64
48	61
60	68
71	67
52	74
60	63
68	66
50	61
49	72
62	77
60	72
60	79
65	77
51	72
57	68
63	75
72	65
60	62
48	59
58	72
66	73
80	80
61	63
57	60
68	68
62	67
66	70
62	65
64	70
64	67
61	79
70	72
53	72
61	69
63	69
68	67
73	73
60	73
63	75
55	64
67	72
65	70
69	77
55	66
53	75
62	66
61	74
64	69
74	81
57	72
69	73
67	83
57	72
84	85
62	65
58	71
74	85
60	72
68	70
70	75
58	72
52	71
57	61
65	69
32	55
60	68
52	69
58	81
53	78
59	74
67	78
63	73
58	69
51	69
55	62
61	78
49	73
68	71
54	73
50	66
70	73
67	82
70	73
60	64
42	64
65	68
68	79
77	82
66	69
53	70
69	80
58	60
60	73
65	68
48	69
60	77
76	72
59	75
70	72
60	66
57	72
32	52
52	59
59	71
60	73
61	70
53	54
54	73
76	80
61	65
70	74
65	72
67	77
62	59
62	84
78	77
68	69
56	72
85	85
64	71
63	66
48	65
59	78
73	75
63	63
56	70
53	67
73	75
61	67
65	78
69	74
63	74
56	76
58	70
69	70
66	68
57	67
60	74
61	65
64	68
60	74
71	70
65	76
67	77
74	74
50	63
52	69
65	73
62	74
48	80
56	67
59	70
66	67
57	76
65	71
50	70
65	69
79	83
65	82
65	64
63	72
60	73
54	77
57	61
62	74
66	79
72	76
63	69
64	73
75	74
68	81
76	75
64	79
62	66
60	63
59	61
55	76
56	66
74	84
65	70
75	82
52	70
50	60
70	79
62	64
66	75
65	72
78	78
71	72
64	73
63	73
69	69
50	74
58	65
67	70
72	80
63	74
62	67
62	68
55	73
68	74
74	75
48	78
72	75
65	74
65	75
58	64
66	68
63	69
74	75
68	68
65	69
59	76
65	72
59	73
62	76
60	71
56	75
55	62
58	83
77	82
47	76
75	75
73	70
62	67
75	76
54	59
70	79
61	74
67	66
71	71
53	67
75	82
66	68
62	69
62	68
65	66
69	71
59	85
59	65
64	73
70	74
55	74
68	68
71	73
44	66
60	63
63	65
50	55
55	61
72	74
67	69
56	66
55	66
58	75
75	77
62	69
58	70
52	58
61	69
65	70
68	71
58	67
68	71
72	80
69	72
54	57
65	69
62	72
62	67
60	72
53	62
49	76
65	69
74	81
62	67
74	77
61	70
65	67
70	69
44	68
55	69
56	78
65	74
67	74
73	69
63	67
53	62
52	71
77	72
64	72
48	77
55	69
51	64
64	70
42	58
59	74
69	74
64	66
64	69
60	69
68	81
61	77
78	86
70	69
75	82
78	77
51	63
62	70
52	74
60	74
77	75
68	71
75	75
58	72
64	74
74	77
75	75
64	75
65	75
62	66
54	69
59	63
61	59
79	82
45	68
60	66
74	77
62	67
51	58
52	76
59	73
34	60
62	68
63	69
59	65
56	77
66	66
58	70
64	85
63	66
75	71
48	61
54	69
54	77
66	72
49	73
65	67
66	76
66	73
67	75
61	73
66	80
60	63
71	72
60	68
63	65
63	71
57	67
69	69
73	71
75	74
63	68
48	68
63	78
63	70
50	70
57	77
57	58
51	59
74	79
69	77
69	72
70	66
68	72
64	69
59	68
55	61
52	62
54	72
62	73
55	72
50	66
67	70
48	57
63	72
70	71
71	84
56	81
75	82
57	76
54	75
57	73
79	88
68	78
53	74
55	66
64	69
72	72
57	66
55	70
70	86
67	70
61	78
85	84
52	77
63	64
70	70
59	68
54	74
69	77
73	84
62	69
62	65
62	72
78	71
58	74
80	81
59	69
75	71
58	70
70	70
59	72
53	68
64	78
62	67
66	79
54	75
62	77
51	60
69	73
74	84
63	65
63	78
85	80
60	69
59	63
66	72
62	72
83	84
73	72
55	72
45	59
67	74
75	81
61	68
63	74
62	75
81	81
52	58
56	70
66	74
61	68
74	73
58	68
70	68
60	72
69	80
50	76
64	77
57	73
74	80
74	74
61	77
45	63
54	67
64	65
81	81
70	78
64	68
60	73
67	70
59	72
62	64
54	66
84	83
70	72
47	73
63	74
43	68
66	73
68	80
65	64
59	69
58	58
49	58
58	67
51	77
66	72
68	83
52	81
56	60
67	72
62	72
61	77
65	65
74	76
68	67
59	74
60	79
52	70
74	73
56	71
66	76
69	69
70	73
70	70
57	66
53	71
62	68
65	72
45	69
73	82
60	73
57	76
74	77
50	77
70	72
67	70
59	74
66	69
62	73
50	70
58	66
71	78
67	70
48	70
84	85
69	72
70	70
58	68
69	76
61	72
50	73
67	63
57	73
55	70
64	73
69	76
59	65
64	67
58	67
48	79
62	65
46	69
66	75
68	83
51	71
55	60
56	69
65	75
70	78
45	66
65	69
53	79
66	78
59	67
53	78
48	64
54	58
72	73
70	70
72	72
58	65
58	71
72	70
48	64
64	69
77	79
73	74
66	71
48	68
53	57
57	60
65	73
48	59
65	75
63	71
58	79
53	62
65	68
62	66
72	73
55	58
75	83
64	63
70	72
47	66
67	75
62	66
71	80
59	74
76	75
50	60
61	66
64	74
69	71
65	69
82	80
68	78
61	63
62	74
63	82
71	75
72	71
72	76
70	73
59	61
58	65
75	74
61	67
52	76
72	71
63	67
60	67
58	71
59	71
79	80
58	68
59	56
70	67
70	68
64	66
65	70
69	72
70	72
64	74
59	62
67	68
64	68
68	75
73	76
49	73
60	69
47	68
81	85
62	65
70	72
60	62
68	68
49	75
74	79
72	73
68	82
66	70
60	72
63	76
51	59
78	78
66	72
63	82
60	66
58	69
49	65
60	71
52	71
54	67
55	75
64	71
76	78
60	65
54	58
65	72
54	60
59	78
53	64
63	64
50	65
60	73
55	59
71	73
53	62
61	65
59	84
67	68
45	68
44	58
60	77
46	73
65	73
80	82
63	69
65	75
81	86
69	70
50	71
66	68
49	67
72	76
54	63
58	62
58	80
57	73
59	71
78	73
70	78
67	75
59	65
56	58
62	71
54	57
49	76
57	76
65	67
74	72
68	68
57	65
61	75
77	85
52	75
70	73
58	65
73	74
61	64
52	63
63	70
50	73
74	77
54	65
58	76
58	70
70	71
46	70
65	78
63	65
57	64
64	73
57	66
48	78
58	63
36	66
76	87
64	64
78	86
57	73
70	74
71	76
78	84
65	71
57	71
68	71
68	67
61	67
73	77
71	72
60	69
50	79
55	61
55	76
68	73
68	70
64	82
77	86
74	77
60	64
58	67
66	65
49	79
58	73
42	79
49	61
51	73
59	68
71	82
57	66
57	69
70	71
67	74
51	62
47	69
79	80
55	67
61	71
62	69
68	70
60	72
56	72
82	85
57	67
57	71
60	77
59	69
63	76
73	80
47	69
72	72
54	71
55	63
75	82
55	64
67	68
59	74
74	74
64	65
70	75
55	80
76	75
63	75
57	61
59	66
59	71
57	76
70	72
62	66
84	83
51	60
60	67
61	67
73	76
59	73
48	75
69	75
65	71
76	85
68	64
63	73
50	64
72	72
61	71
61	69
78	77
72	82
69	67
55	71
64	67
52	73
63	74
62	67
70	70
71	73
65	65
53	64
68	70
48	64
79	78
64	67
61	70
52	77
63	82
73	76
61	73
72	79
44	57
50	81
59	76
54	79
53	75
60	75
62	65
64	66
52	60
49	67
65	72
51	60
51	62
65	67
71	73
59	75
66	71
57	73
67	64
52	64
67	73
73	77
65	70
79	78
53	68
59	67
45	55
57	72
55	74
71	82
70	76
65	68
60	73
59	74
68	74
70	74
52	62
80	84
66	74
63	70
56	69
56	64
79	81
67	70
80	87
65	80
78	78
67	78
59	63
59	59
73	79
71	76
48	64
56	66
64	65
58	60
59	64
64	72
59	76
83	84
49	74
49	72
59	67
67	67
62	88
65	66
64	70
76	77
53	62
66	66
55	70
79	81
50	59
48	61
62	67
74	75
64	74
62	70
62	81
65	74
47	60
67	72
75	75
51	67
60	63
76	85
62	69
54	67
63	64
34	65
71	73
60	74
57	63
70	71
63	68
52	64
62	73
59	64
47	75
70	77
57	68
64	72
88	89
48	78
61	67
68	69
58	68
57	57
62	69
66	69
66	72
71	77
70	72
57	63
68	79
69	75
62	73
52	72
51	72
64	72
71	72
57	68
81	82
64	68
70	70
56	70
63	72
69	70
77	78
56	70
67	73
75	76
83	84
72	75
58	75
61	75
67	74
65	71
70	67
66	79
66	68
61	67
60	74
74	74
63	73
60	63
66	69
63	67
59	72
65	75
72	83
69	72
61	67
61	66
64	71
40	68
64	67
61	73
48	59
70	73
57	70
67	72
77	81
56	77
58	77
52	69
69	80
56	79
69	74
51	54
63	65
55	68
62	65
66	73
60	69
62	72
56	74
77	77
69	78
77	77
59	67
59	61
67	79
78	77
57	69
57	78
70	72
63	74
79	79
52	66
70	71
52	70
59	76
60	64
56	68
61	72
63	74
57	59
75	69
66	71
65	71
51	76
78	84
83	84
67	72
66	70
71	73
71	83
68	78
59	71
67	72
63	68
66	69
56	65
59	65
55	68
47	56
53	64
75	68
68	69
62	75
81	79
65	81
65	73
62	67
55	72
55	66
61	65
59	66
62	76
72	72
55	60
62	67
71	73
49	79
58	66
60	68
61	66
72	79
50	57
63	63
58	75
61	76
61	65
70	80
50	66
41	61
51	60
70	72
64	66
57	73
60	79
77	77
59	67
62	62
70	79
67	74
70	71
65	68
67	69
58	75
64	70
53	64
65	71
64	72
46	73
68	77
58	60
57	68
63	75
69	66
69	75
64	76
65	70
51	75
50	64
64	70
47	70
60	70
56	63
73	73
64	68
77	77
67	70
64	75
59	59
57	66
59	68
61	61
63	76
73	75
50	62
63	74
58	66
62	79
61	68
53	79
44	62
68	68
64	72
74	72
73	85
72	73
60	63
52	60
62	68
68	70
76	80
57	66
64	68
69	76
68	73
63	72
58	60
58	65
57	77
69	67
67	73
36	55
83	89
52	64
64	73
62	71
69	72
59	64
60	71
78	77
69	72
61	69
71	71
83	83
60	66
63	82
48	71
71	72
42	62
72	74
56	64
42	55
60	64
58	71
56	63
60	65
53	69
54	68
65	70
65	66
70	70
62	64
65	84
59	64
73	75
65	68
60	65
52	56
62	65
72	80
67	77
59	70
78	82
66	80
52	70
46	70
60	77
59	58
82	79
72	73
65	80
65	69
61	74
60	63
86	85
75	79
63	76
63	78
45	55
59	64
69	68
78	80
69	72
64	86
58	70
65	70
48	75
68	84
58	68
65	70
76	74
68	69
62	77
74	86
66	70
62	67
74	76
80	82
62	76
73	82
66	72
64	72
60	68
52	68
62	66
59	77
58	78
53	57
61	70
69	74
70	74
84	82
51	59
63	66
63	78
65	70
56	72
62	72
65	67
58	71
62	71
65	75
60	62
66	67
73	83
54	77
53	73
64	75
65	70
62	70
71	70
67	70
61	80
66	77
61	62
61	76
50	79
70	69
55	66
57	64
68	76
70	75
54	65
69	69
56	73
69	70
65	67
81	84
55	72
70	72
61	76
40	72
72	76
64	70
55	64
63	78
77	77
73	74
64	66
64	68
60	62
68	72
89	89
63	70
58	65
67	72
75	79
57	76
58	79
52	76
70	75
51	53
59	77
55	65
67	74
61	74
64	66
55	66
66	68
61	74
54	62
58	73
79	83
63	70
55	66
55	79
59	64
62	64
60	65
51	67
68	67
51	69
75	72
75	72
73	83
54	73
63	67
63	67
51	71
60	74
56	72
68	70
67	70
56	75
59	69
57	75
55	70
55	62
51	73
72	71
56	63
68	70
53	76
67	72
73	81
73	86
79	87
64	79
58	63
41	63
51	60
58	61
62	79
70	79
66	75
65	76
73	75
57	77
56	68
80	83
56	76
60	73
64	68
60	73
48	61
59	65
67	70
63	72
68	64
62	72
72	74
65	71
69	69
48	61
64	68
56	73
72	70
63	67
56	63
66	69
39	69
84	82
61	65
65	68
62	68
61	64
45	63
61	62
64	70
63	71
66	68
61	66
58	72
57	68
66	70
70	71
50	68
61	66
61	78
72	82
59	66
63	71
65	72
44	70
67	76
65	74
68	82
69	72
71	72
64	70
52	69
56	71
79	80
65	70
62	66
63	70
80	84
72	76
78	81
60	74
62	66
65	74
72	75
77	76
66	68
55	66
69	78
54	61
66	67
64	71
56	59
54	72
56	64
57	71
45	64
65	73
70	69
86	88
71	74
68	77
67	79
79	80
71	68
57	73
65	71
75	82
68	81
72	75
67	84
60	67
56	74
66	74
69	77
78	82
64	69
52	64
77	82
64	75
62	67
68	67
50	63
72	80
79	82
60	70
36	64
61	57
57	76
54	71
76	75
69	73
59	80
67	69
54	64
66	75
55	67
58	65
63	68
63	70
64	65
64	74
72	85
68	70
66	71
53	77
61	75
54	60
55	68
62	68
82	81
56	68
82	74
76	76
57	72
70	75
82	82
64	71
66	78
63	64
66	70
59	64
81	81
60	67
72	73
69	79
79	83
73	72
70	68
37	62
69	81
56	69
64	75
68	78
62	71
58	72
71	76
46	62
64	69
56	64
59	69
63	74
66	69
73	73
59	72
59	70
62	70
46	63
74	69
63	80
68	81
65	79
70	70
51	74
52	75
52	64
51	72
73	76
57	66
76	76
60	69
70	67
62	67
80	85
63	72
71	73
59	76
61	71
61	77
73	69
62	77
64	77
87	86
71	75
67	76
80	80
57	76
62	69
58	65
63	73
67	82
74	76
52	66
69	80
69	75
54	62
66	69
60	83
58	67
49	71
63	67
60	72
49	68
71	71
65	69
60	69
65	73
53	73
65	81
48	65
56	60
52	69
65	70
72	84
69	76
58	63
70	82
56	65
72	72
67	72
66	79
67	69
62	68
52	67
60	66
61	76
59	69
68	70
60	64
58	68
81	86
69	69
52	71
52	74
64	63
61	65
63	66
69	75
61	71
63	68
63	74
46	73
59	74
67	74
58	72
48	66
40	67
65	81
52	57
68	68
64	67
58	65
65	66
59	76
58	64
64	72
60	77
76	74
65	73
85	82
65	69
63	66
80	83
53	70
73	83
61	65
67	69
60	71
65	75
71	71
67	71
65	71
73	79
79	80
54	65
67	71
65	76
82	89
64	64
60	63
62	65
66	74
67	68
69	69
55	75
66	72
56	67
70	83
48	68
46	70
73	80
76	78
60	61
66	67
57	80
50	74
71	68
66	67
68	70
56	76
63	75
78	79
72	71
69	73
58	62
72	83
69	75
52	70
69	66
62	82
66	76
72	73
68	71
68	71
62	64
53	72
62	62
72	71
51	69
73	71
73	85
60	69
67	70
52	62
44	69
57	66
70	71
63	67
69	82
66	68
65	68
65	65
64	77
69	70
65	70
70	72
58	82
75	82
77	81
61	73
51	68
51	70
61	67
72	72
66	69
69	68
78	79
67	73
73	72
59	68
57	60
74	80
64	69
69	71
77	75
78	77
82	80
62	78
60	78
59	67
56	64
77	82
65	76
62	58
43	66
62	68
70	76
54	60
57	75
70	74
59	73
69	78
84	85
70	69
58	63
62	78
60	66
66	70
56	73
64	75
60	69
62	62
65	79
57	76
75	78
55	71
56	61
65	73
67	71
63	72
66	70
68	75
67	80
81	80
50	74
71	72
64	72
55	61
64	67
56	70
69	81
69	77
53	74
61	65
58	71
61	75
58	68
67	65
62	71
65	69
67	80
64	69
67	74
58	68
53	74
54	73
58	66
63	70
59	74
65	73
54	68
72	67
56	66
63	61
44	59
71	76
62	78
61	72
64	78
58	66
50	60
82	81
70	70
65	65
62	65
56	63
82	81
55	75
48	66
58	64
61	70
61	74
70	72
68	77
55	58
66	68
57	61
67	73
59	65
54	69
50	64
51	68
53	59
75	72
51	81
68	74
43	66
56	62
58	68
54	62
61	64
50	60
59	70
57	74
56	69
55	68
59	73
71	82
55	65
55	63
67	69
71	77
74	72
56	68
79	82
53	73
71	78
65	75
67	72
68	70
62	66
58	68
51	71
69	74
59	61
78	75
68	73
62	70
69	70
49	72
65	59
65	71
71	70
58	69
59	73
69	83
53	66
59	72
52	57
62	69
64	72
68	89
63	63
60	66
55	76
59	63
57	64
63	64
64	81
64	74
64	66
59	62
55	70
71	66
58	71
80	80
56	61
45	65
70	69
66	64
65	69
64	66
52	65
65	73
68	69
65	70
61	63
75	72
54	70
68	73
66	69
69	70
65	67
55	59
65	78
53	72
57	70
69	71
51	64
63	73
75	74
65	70
60	65
65	77
63	73
53	72
50	64
55	61
50	62
47	73
55	65
46	63
61	64
65	75
63	72
68	76
60	70
59	55
62	82
63	65
54	65
67	69
60	67
58	75
55	60
72	75
72	73
65	75
51	65
40	55
51	65
60	76
57	69
59	80
63	72
61	72
50	62
69	74
52	67
64	70
60	66
62	79
67	72
68	68
61	67
64	70
62	70
59	73
54	65
66	70
70	79
66	74
58	68
61	71
52	79
58	62
78	84
61	78
46	67
63	78
56	60
66	78
71	78
56	68
58	63
63	67
63	75
64	67
51	68
85	87
65	76
60	67
48	71
54	66
64	72
46	66
64	74
69	74
55	60
58	65
72	72
42	75
50	61
50	57
47	64
45	54
66	73
67	73
67	67
65	73
48	64
60	73
68	69
68	82
41	60
75	78
68	70
56	73
68	77
69	82
67	76
68	78
66	66
75	80
70	78
55	74
75	72
72	82
70	74
64	75
56	62
59	71
67	67
59	72
65	67
65	68
74	75
66	67
57	67
54	68
50	63
55	72
77	76
66	74
65	75
56	65
61	73
63	69
58	78
64	77
64	74
69	79
49	62
63	69
68	74
58	68
75	76
80	79
52	64
56	69
54	69
57	79
75	86
69	68
67	72
52	66
74	81
56	61
68	68
65	68
63	76
63	78
52	59
64	67
84	87
47	68
55	74
65	71
83	83
48	58
67	71
52	69
52	68
59	63
55	70
47	64
62	69
70	74
59	76
70	73
62	70
60	60
60	75
74	79
67	70
68	71
62	65
56	61
72	80
73	74
74	82
58	66
64	83
50	57
68	77
58	75
59	69
64	69
57	68
69	77
54	70
71	70
63	78
64	68
64	72
56	68
72	68
47	68
56	67
57	67
60	70
66	74
53	71
62	64
61	73
79	78
62	81
65	67
58	69
83	79
63	74
59	67
59	67
63	74
66	71
65	70
49	64
44	74
59	64
52	68
71	72
59	72
51	76
62	77
69	67
62	70
69	80
53	75
64	71
64	68
68	70
69	74
55	72
44	63
59	76
65	67
55	72
67	71
59	69
56	66
73	77
59	76
67	74
82	77
67	79
58	64
65	69
68	74
57	69
65	79
47	70
62	64
60	61
55	59
56	70
62	61
68	79
60	67
63	70
58	62
64	76
62	71
66	70
61	66
77	78
62	73
67	66
78	84
51	66
53	64
53	70
54	73
64	77
51	60
56	77
59	72
58	63
53	65
44	57
80	82
73	73
69	76
67	70
57	67
70	75
60	68
68	66
53	60
58	65
59	64
63	64
72	78
57	72
71	73
72	73
55	67
63	75
52	77
53	72
77	78
55	66
62	62
61	70
57	65
58	67
64	71
51	65
75	80
61	72
54	62
70	73
75	74
73	80
62	65
54	68
76	86
48	60
64	79
63	66
70	76
56	73
72	73
68	70
58	63
62	79
68	84
59	67
66	76
45	58
51	65
66	74
51	56
64	67
64	71
53	63
59	76
64	69
45	65
59	65
70	76
87	87
72	72
67	73
64	78
54	70
45	52
68	71
54	64
53	64
56	72
58	75
64	77
63	80
76	89
56	73
62	78
74	83
65	73
78	77
61	79
65	75
83	84
68	71
60	62
59	85
58	61
54	69
71	78
61	64
74	82
65	68
60	64
60	71
59	64
61	80
60	67
58	72
68	86
46	73
67	72
62	68
64	67
65	70
58	60
75	82
74	78
57	72
70	72
67	78
37	72
60	64
65	72
58	73
62	69
52	65
65	76
62	71
65	67
64	69
64	81
62	76
46	62
74	82
46	70
59	68
51	70
55	77
64	68
54	65
59	64
65	73
65	80
65	68
63	78
60	67
56	65
74	78
75	81
58	71
71	74
56	68
61	68
51	77
63	74
67	66
64	69
66	81
82	82
73	85
53	69
58	62
72	74
64	71
53	76
63	73
68	70
56	63
54	81
70	78
57	71
77	81
65	73
59	80
62	72
56	63
70	81
68	70
62	75
54	77
56	65
41	70
61	74
60	80
53	62
66	66
64	72
63	70
69	73
56	70
63	77
45	66
76	85
82	81
68	86
60	67
74	78
59	67
70	77
58	69
68	71
53	69
68	72
53	63
70	73
65	70
69	71
54	71
68	73
64	74
66	70
64	65
62	74
71	71
48	60
66	72
46	76
68	73
60	71
63	66
58	75
64	77
72	80
57	69
62	64
55	63
53	65
70	84
66	75
67	74
62	69
68	77
76	80
68	72
64	73
66	70
65	71
65	65
58	81
61	71
58	60
65	68
56	69
46	65
65	68
66	71
78	84
60	67
56	73
54	69
66	66
59	71
47	67
59	67
72	86
56	62
61	74
67	70
59	65
60	64
73	80
55	59
52	76
54	67
71	75
71	72
60	65
45	57
53	67
64	79
53	75
64	69
63	76
54	65
83	85
52	67
63	74
60	57
80	82
62	68
54	76
70	73
65	84
53	74
81	78
66	69
62	83
68	70
68	71
60	79
60	69
60	72
58	71
53	65
74	83
71	72
65	72
52	73
65	73
71	77
66	73
58	65
75	78
59	71
82	79
68	70
64	69
59	78
48	79
69	71
63	79
47	75
64	72
70	77
63	68
50	66
57	60
63	71
70	74
61	72
59	68
56	67
50	77
57	75
68	72
75	76
48	66
48	68
60	72
55	71
58	77
52	76
45	63
63	63
52	77
56	70
71	73
80	79
80	81
60	66
73	73
68	76
78	80
68	69
58	66
76	75
65	68
78	75
54	81
74	75
44	67
61	71
64	67
66	67
79	79
60	73
51	65
52	66
63	69
64	72
52	63
63	62
65	75
80	81
45	60
59	78
67	70
61	85
57	59
63	78
65	68
69	70
55	74
61	62
56	72
62	67
62	66
70	79
52	67
65	71
73	78
75	77
63	72
60	60
57	75
70	74
65	70
78	80
53	76
55	72
74	75
58	76
59	78
63	79
70	68
56	65
52	76
54	67
61	62
66	70
58	80
46	78
72	79
62	63
65	68
71	79
64	74
47	68
73	83
60	63
54	60
67	76
69	76
66	66
58	57
66	74
64	72
54	80
73	72
68	67
66	78
68	70
62	74
61	66
78	81
56	68
55	71
62	77
61	64
70	69
76	78
66	74
64	74
56	74
38	77
63	71
77	76
73	78
65	68
77	87
53	59
63	69
64	69
74	77
58	64
69	69
73	79
62	75
59	71
55	79
78	80
56	74
65	70
59	64
59	63
62	67
58	63
60	66
77	80
73	83
64	72
50	62
60	83
81	85
71	74
58	70
60	69
68	70
54	65
58	66
70	82
59	67
59	72
59	68
73	78
70	78
71	82
48	60
66	59
62	68
58	71
54	59
61	63
48	78
66	71
57	77
58	53
67	76
64	67
68	73
44	69
54	66
60	71
56	60
60	76
85	84
69	75
51	60
51	72
54	62
64	81
60	70
55	71
53	60
56	65
75	76
52	66
62	70
64	71
47	66
60	60
60	75
61	63
52	81
61	63
49	59
66	73
71	73
59	72
53	75
58	68
64	68
71	76
60	63
85	87
73	82
60	72
58	73
51	58
65	67
69	77
51	70
59	69
45	62
62	65
73	74
60	69
58	67
66	68
64	63
78	77
62	75
66	67
72	77
65	71
62	72
47	54
69	71
52	60
64	73
75	76
71	78
58	69
77	78
52	56
69	69
46	61
75	82
65	70
56	73
76	79
66	71
59	61
59	65
63	65
67	77
66	68
77	78
67	71
60	70
52	60
60	71
58	70
72	78
47	60
59	60
51	71
65	72
51	66
66	77
57	73
78	81
62	68
61	71
59	63
80	80
66	71
55	64
54	50
59	75
64	71
59	78
73	78
58	63
65	74
67	68
53	72
65	74
68	71
63	72
62	80
55	67
65	65
55	76
68	72
64	73
58	73
61	66
57	76
56	66
61	67
55	69
50	65
55	64
69	72
71	76
60	75
53	64
61	63
59	66
72	82
54	73
57	62
61	70
53	59
80	83
45	70
65	66
53	72
49	71
58	60
66	72
59	78
59	61
60	64
57	68
46	54
64	64
55	76
59	71
85	82
56	71
69	73
59	68
65	68
68	72
81	77
72	79
63	69
55	62
49	71
64	74
58	60
62	78
66	75
66	79
68	74
55	66
60	68
67	69
67	86
65	77
70	75
78	83
68	70
59	73
70	72
71	80
50	53
60	62
64	70
67	71
69	80
80	77
73	78
55	70
49	71
61	63
71	83
62	78
69	76
35	62
60	68
66	73
62	65
60	65
63	78
61	78
59	76
61	68
55	79
57	82
79	84
74	77
68	68
59	60
89	88
61	68
53	64
54	59
71	69
66	68
60	66
55	67
63	75
76	82
64	69
70	88
66	65
68	66
40	67
62	77
66	67
64	68
56	64
67	76
66	78
51	74
75	77
60	70
60	76
73	77
42	60
69	68
63	70
55	66
72	72
59	68
61	64
63	71
63	71
63	65
54	65
51	71
55	74
75	75
78	86
62	78
64	66
57	71
58	60
70	66
64	63
73	74
62	74
81	85
63	66
67	68
70	70
71	80
49	71
73	70
54	58
66	67
59	72
72	73
60	65
72	72
62	78
73	76
48	64
60	64
66	71
73	76
65	69
58	76
62	64
64	74
61	65
58	74
54	67
57	59
71	83
60	66
72	71
55	53
62	75
67	72
60	69
68	71
78	78
63	76
64	67
65	73
45	68
44	77
47	70
53	68
49	70
79	78
79	78
51	62
62	77
65	63
55	72
49	66
53	54
56	75
76	76
68	69
62	66
78	73
41	69
68	70
50	68
51	57
73	75
65	74
61	65
56	69
68	67
65	73
56	60
68	70
77	81
55	72
55	75
59	69
85	84
67	72
65	62
54	62
61	78
59	66
51	77
71	72
60	62
48	63
51	63
48	67
66	75
59	64
60	72
63	64
58	74
65	78
63	64
60	65
57	67
66	68
75	82
72	73
59	75
54	62
62	61
66	67
74	79
65	76
55	62
55	61
70	73
54	65
81	72
63	77
64	76
68	74
68	71
66	73
51	69
59	61
61	63
54	70
73	71
55	73
57	64
62	69
59	64
63	64
57	67
78	88
57	64
67	68
53	68
74	72
51	62
72	72
57	70
61	63
52	55
72	84
59	64
62	81
63	74
64	75
52	68
75	75
50	55
66	71
39	59
61	62
52	67
65	71
57	66
61	70
78	77
59	74
73	83
68	71
76	74
62	82
53	75
65	71
59	72
67	79
65	75
65	72
66	70
50	61
57	74
60	64
70	83
49	67
69	71
58	66
58	55
65	65
49	67
74	75
59	76
50	80
48	61
62	70
74	77
72	72
53	71
56	76
57	78
74	73
49	65
64	79
54	78
60	66
77	78
76	83
77	78
44	70
68	68
58	72
63	67
76	84
82	81
72	78
53	58
68	80
65	70
72	72
62	67
65	77
62	79
63	80
77	80
79	84
61	78
56	71
41	64
61	70
70	71
44	72
69	87
69	75
67	72
70	80
62	70
61	78
66	67
67	74
67	75
52	70
74	81
61	68
66	66
57	63
48	71
46	64
76	78
48	77
59	70
64	78
58	75
60	61
60	73
68	72
68	72
40	68
65	73
54	63
69	73
62	70
62	80
85	88
68	82
71	71
61	74
65	72
66	73
60	76
70	82
62	79
78	89
53	56
59	71
62	66
67	74
53	71
59	70
59	61
63	66
66	74
71	75
63	68
51	72
55	73
54	67
63	77
59	73
56	63
75	76
61	72
63	67
46	62
52	74
57	63
68	75
58	62
66	68
45	60
42	69
62	73
60	75
53	62
71	76
52	65
57	62
71	75
80	75
55	60
57	74
62	79
67	65
66	76
61	73
59	74
56	71
55	64
50	68
63	73
58	63
63	68
50	53
71	69
76	79
52	73
57	62
62	74
73	82
36	63
51	69
75	82
56	79
52	73
58	67
56	78
60	71
61	66
69	75
62	76
45	64
65	63
64	66
72	73
55	78
54	61
60	65
67	85
64	72
67	67
54	74
48	73
65	83
65	69
65	69
54	67
69	75
60	69
57	72
55	68
55	78
61	73
62	71
59	62
66	64
54	71
51	77
63	68
58	74
61	61
43	68
51	76
61	68
70	73
76	80
56	61
72	80
61	64
46	61
76	78
71	71
58	71
56	65
63	70
59	67
51	53
55	67
74	74
63	72
61	70
64	78
65	66
58	66
56	68
59	71
51	55
58	73
68	76
50	72
70	76
79	83
65	73
61	66
49	63
51	69
51	63
52	65
57	71
56	64
78	74
68	80
73	79
47	72
60	76
71	72
67	72
68	73
51	73
63	71
62	66
77	87
66	74
84	88
63	69
69	72
46	62
63	76
51	66
65	72
63	68
62	74
70	71
70	79
69	72
53	66
55	70
66	70
64	72
58	64
59	63
59	71
68	70
58	72
62	69
56	67
61	69
67	67
58	71
62	68
71	75
53	68
46	53
49	57
60	70
45	63
52	84
65	69
60	80
77	68
59	61
60	73
62	62
53	69
62	74
69	79
60	72
73	69
63	65
58	61
57	74
65	74
72	80
64	75
63	69
60	77
73	73
70	67
63	71
69	80
66	70
57	63
56	76
56	58
59	77
66	81
68	83
56	74
57	61
63	71
61	78
72	75
68	70
55	62
72	83
64	66
75	75
43	56
50	63
60	78
60	70
57	69
60	70
72	80
61	68
52	79
75	86
49	67
68	77
57	76
67	71
57	68
60	65
45	58
60	73
58	68
60	66
54	70
60	67
57	60
59	68
58	66
75	82
74	78
58	74
69	80
63	72
72	70
55	63
55	76
74	74
62	71
55	76
57	66
65	77
61	79
63	67
49	65
63	76
59	68
70	71
68	84
60	70
74	83
70	77
65	74
73	74
69	68
68	74
65	68
61	69
60	72
61	63
60	63
57	68
65	66
67	79
60	72
55	65
58	71
60	66
53	80
39	59
65	71
66	72
63	76
54	73
47	60
70	68
75	77
47	56
63	67
63	68
72	73
70	73
58	78
58	63
75	74
49	62
65	70
63	66
68	81
53	67
58	67
74	72
55	71
66	68
55	75
74	73
54	68
55	69
49	66
64	70
73	76
58	62
74	77
63	73
69	69
50	69
66	73
67	78
65	65
44	61
73	71
61	64
44	60
53	63
76	74
64	66
58	67
48	74
58	65
58	63
64	73
72	73
79	81
45	66
59	65
58	69
58	73
58	65
60	70
69	80
64	66
90	90
44	54
62	76
59	63
52	69
41	76
69	79
50	57
68	77
73	72
55	76
64	79
64	66
58	71
50	76
60	63
62	70
67	72
49	60
58	63
61	59
61	66
57	73
56	69
66	66
55	58
45	57
71	71
54	70
52	78
53	71
54	66
64	77
58	70
48	70
49	63
55	62
62	66
66	74
60	75
58	74
66	67
48	69
73	75
59	79
42	64
64	74
47	67
86	89
79	74
64	69
57	71
64	70
65	70
63	72
85	85
63	70
62	67
65	70
62	68
58	68
73	75
67	70
51	54
49	54
75	76
53	76
58	74
60	68
64	68
57	72
55	65
51	73
69	74
58	68
41	58
58	61
50	59
69	75
58	66
75	76
58	67
58	58
68	83
64	68
65	68
55	65
75	75
65	73
64	69
65	72
56	67
74	77
71	71
66	72
76	80
62	73
57	55
71	82
62	65
51	61
60	63
72	78
64	77
70	72
69	66
76	78
51	71
55	66
74	78
64	72
79	79
62	69
61	68
57	79
57	70
58	72
66	72
59	72
66	77
74	75
52	76
53	63
63	67
67	74
62	74
70	74
51	76
60	67
68	78
68	68
64	77
66	72
65	72
51	73
70	81
65	67
69	70
64	64
64	74
65	73
64	62
67	77
56	68
64	66
62	63
57	73
66	74
54	65
62	64
62	68
70	78
67	70
57	71
61	68
52	57
51	63
39	59
43	72
64	66
60	73
73	74
46	59
55	71
51	64
64	70
55	67
72	75
63	74
58	77
85	85
58	65
55	72
73	78
64	70
64	69
67	78
52	68
60	71
70	70
49	66
74	76
50	68
61	78
55	62
63	66
52	67
58	70
72	71
64	82
59	62
63	83
65	65
71	71
55	63
67	75
62	61
90	87
63	76
70	84
61	80
60	63
62	68
68	66
57	76
65	75
54	77
54	70
65	67
60	73
55	67
66	75
59	77
65	75
51	75
64	68
59	75
60	71
69	70
54	72
73	72
53	72
66	71
62	75
45	70
59	70
56	69
61	68
67	67
66	71
59	69
75	82
55	69
55	78
68	71
72	74
46	64
69	71
62	75
72	80
59	65
75	72
71	71
64	69
62	74
65	67
50	79
54	68
50	63
78	77
80	85
54	72
55	82
62	64
63	64
68	76
71	73
74	81
42	68
58	66
79	83
61	68
55	72
71	82
61	77
60	59
64	83
54	74
50	57
61	65
75	75
62	64
51	67
72	72
58	63
51	65
56	68
61	65
56	59
62	69
57	63
70	73
59	63
66	71
60	60
73	82
56	77
63	70
50	69
62	65
60	74
57	72
60	63
62	72
63	64
50	73
58	69
73	73
67	72
46	55
67	68
60	71
63	66
58	69
45	70
67	69
60	68
66	71
63	67
64	58
65	80
57	67
63	66
62	78
56	74
66	67
43	55
53	55
53	65
70	71
58	71
69	74
60	72
60	67
65	64
74	73
56	61
72	72
64	67
44	75
55	82
63	66
76	76
59	72
56	70
76	82
61	65
59	66
74	72
60	67
64	69
69	78
58	69
70	82
81	86
48	66
78	77
72	75
68	72
62	78
64	72
65	69
58	65
58	65
63	76
47	74
68	70
69	70
70	72
60	68
71	80
61	75
72	74
58	69
62	82
61	74
50	57
70	76
59	66
56	61
63	70
65	67
64	63
66	70
42	60
76	74
72	75
56	65
66	69
79	81
70	71
63	64
62	66
64	69
60	58
45	63
60	63
69	69
71	80
56	68
70	68
55	73
47	80
57	74
37	72
85	83
67	73
58	66
44	64
70	72
62	66
85	87
54	58
84	79
72	76
73	73
62	77
59	76
64	75
77	77
65	69
60	61
65	81
55	71
47	59
65	66
63	74
64	64
56	81
60	76
69	75
62	69
77	81
65	69
65	69
65	81
52	62
71	79
56	66
55	75
63	79
57	78
61	69
44	69
51	59
61	63
55	64
64	73
60	68
61	65
74	74
47	70
72	75
67	67
61	74
59	72
55	71
60	62
70	72
48	77
58	64
85	87
59	76
50	67
65	72
70	75
63	66
62	71
52	56
63	69
65	67
43	63
74	73
59	77
67	74
76	84
57	66
58	70
79	75
64	75
77	80
65	72
64	69
70	76
50	69
65	75
66	70
52	66
70	69
43	73
67	72
57	73
78	78
69	81
49	68
58	70
61	61
59	61
64	72
62	64
66	70
62	66
74	75
83	78
55	68
83	80
59	67
32	69
73	75
82	85
81	79
53	62
65	69
60	63
59	63
69	83
64	71
51	76
63	71
65	74
59	64
83	90
60	62
51	74
70	71
61	67
69	77
75	75
71	75
64	67
62	73
56	65
40	54
64	77
49	65
79	80
64	70
54	71
54	73
67	70
75	81
62	71
55	65
75	72
78	86
62	59
61	75
73	76
46	66
47	67
61	62
89	90
62	70
52	56
66	75
55	69
48	70
66	70
54	57
46	63
66	76
54	69
44	71
59	74
61	65
73	79
79	82
65	72
62	66
56	70
71	77
61	67
66	72
61	63
60	71
60	77
60	66
63	70
57	76
68	74
55	71
65	68
67	70
42	59
67	71
61	65
76	76
32	58
48	62
83	85
67	71
62	66
49	57
47	69
44	72
60	62
71	74
65	69
56	78
49	66
56	74
69	73
80	81
52	72
72	84
67	84
48	77
62	73
74	81
58	69
70	83
48	68
65	71
59	69
74	78
75	74
62	67
78	83
61	67
64	67
52	70
60	71
58	63
68	77
65	68
51	65
53	68
48	51
53	54
75	82
57	71
66	70
63	67
63	71
65	75
64	70
76	84
58	66
47	66
56	68
59	68
68	75
65	72
58	65
57	75
62	67
65	70
59	77
50	70
61	71
59	67
67	67
49	75
74	72
61	63
58	76
82	82
49	65
75	86
55	58
65	70
66	72
64	63
82	81
60	74
47	62
57	76
66	70
69	73
64	77
54	75
65	66
48	71
65	80
46	76
67	70
53	64
64	68
57	68
44	67
62	72
72	80
63	78
60	70
59	67
67	72
65	70
61	64
69	79
65	67
63	81
74	77
75	78
52	70
69	75
58	72
64	70
63	72
54	70
60	78
69	80
60	67
71	73
52	71
52	72
64	67
81	78
59	68
69	67
53	66
74	74
85	86
70	71
58	72
61	74
77	77
53	58
54	70
61	72
68	73
63	72
68	67
65	65
59	72
53	70
68	77
58	75
52	64
49	73
60	69
62	65
76	78
61	81
52	67
60	67
65	68
73	77
68	72
64	77
48	73
72	78
64	68
61	74
76	75
44	57
58	67
68	78
73	75
57	60
76	77
55	63
62	66
70	83
67	84
79	79
51	57
53	71
63	74
86	89
60	70
73	79
70	68
70	71
66	69
66	66
74	80
63	79
72	73
49	54
66	71
67	74
61	70
67	74
51	72
76	75
67	72
80	84
55	55
60	80
69	68
60	66
69	77
65	64
67	76
66	74
68	76
49	70
67	74
63	75
57	75
58	60
68	80
68	76
65	66
69	73
64	76
64	65
72	73
59	61
59	76
55	74
52	60
50	67
66	82
56	65
69	72
37	72
61	72
56	60
60	79
63	67
67	77
53	58
72	74
63	68
62	77
45	54
58	63
62	75
82	80
58	66
69	71
61	80
69	70
43	68
65	66
51	54
58	68
65	75
60	63
64	68
55	65
52	63
60	62
71	82
60	74
67	74
71	72
64	69
60	67
70	72
74	74
62	77
50	73
66	77
75	84
64	65
69	74
52	58
57	70
64	72
81	80
67	71
60	69
67	78
60	72
71	78
60	75
61	69
74	76
60	69
58	70
64	74
54	73
76	77
62	66
51	70
60	76
62	63
54	67
50	62
60	75
60	74
60	70
67	81
62	66
73	73
50	53
61	73
54	82
56	68
70	82
84	80
72	75
70	73
55	79
73	75
68	72
69	70
59	68
55	79
58	70
61	74
64	70
73	72
47	75
62	67
62	71
61	62
64	72
63	78
59	73
83	84
64	79
48	57
60	70
50	79
55	70
79	88
57	65
69	76
50	65
62	68
60	77
55	70
55	64
66	68
63	64
84	84
75	73
62	82
55	73
63	74
48	78
50	55
50	68
52	77
65	74
74	82
54	64
62	78
62	71
58	78
66	76
66	69
57	62
64	78
74	78
66	79
80	80
65	81
68	68
61	78
67	67
64	77
69	70
68	68
72	81
50	79
74	77
60	76
60	67
63	76
61	76
68	70
65	70
66	68
73	71
54	70
55	72
70	71
58	65
58	63
66	71
74	76
57	64
76	80
64	69
75	79
53	77
38	64
58	67
79	74
47	69
61	69
64	70
55	66
55	72
63	78
61	69
48	64
65	69
54	64
75	75
50	70
63	75
59	64
52	63
68	73
69	79
63	66
73	73
44	54
55	62
60	68
47	68
82	82
59	70
52	75
70	72
52	67
58	67
60	62
70	75
77	83
53	76
71	79
62	74
71	85
52	62
59	73
72	72
60	70
63	65
64	87
62	70
67	72
60	70
65	68
45	61
62	78
72	77
47	80
58	64
72	72
78	84
54	77
81	82
74	79
62	65
80	85
72	70
70	80
62	75
59	78
78	83
72	80
63	78
50	73
54	75
58	73
61	73
72	70
59	63
67	66
53	77
51	54
73	80
56	66
55	77
73	75
66	66
58	75
64	64
59	63
72	72
53	55
61	68
60	59
60	58
51	75
48	69
52	78
48	56
70	76
53	75
75	79
60	70
43	57
53	75
64	67
64	67
62	73
68	71
59	68
66	74
57	65
68	73
53	67
60	70
54	56
69	76
69	72
62	78
58	69
67	71
64	73
66	69
57	61
68	72
58	69
72	79
48	65
67	74
58	74
78	81
59	67
68	77
61	70
60	63
57	73
64	60
51	55
56	67
68	71
58	73
58	68
54	72
59	74
89	92
53	64
45	61
58	68
60	77
43	74
58	67
51	60
70	70
64	77
71	71
60	72
71	71
57	65
72	73
55	74
49	55
58	69
63	65
72	72
55	84
67	72
58	76
61	66
72	76
67	77
57	67
73	74
68	69
51	63
52	66
68	82
38	59
53	69
48	67
51	70
48	72
56	71
62	74
65	68
49	65
78	81
73	81
44	67
53	61
69	74
39	73
47	65
66	73
64	74
53	59
64	63
60	82
65	67
66	75
69	78
56	62
69	74
65	71
70	67
48	59
70	72
55	76
67	77
68	79
73	81
78	82
60	66
79	85
55	61
58	70
65	68
63	71
47	73
69	78
41	63
50	66
59	69
51	71
57	62
62	67
68	81
61	64
63	67
62	75
66	77
66	69
59	72
55	62
67	68
63	71
58	74
63	71
70	72
59	71
62	66
59	69
57	69
77	78
67	73
73	79
68	69
59	64
75	78
72	72
56	74
65	64
48	74
72	72
64	72
68	71
55	76
58	65
57	58
55	65
54	64
58	70
78	70
56	77
60	63
63	69
77	79
67	75
56	64
56	69
63	73
57	72
46	64
63	65
56	59
67	73
63	68
73	79
56	73
61	76
78	77
55	68
69	69
60	62
54	75
59	75
73	81
59	76
63	66
60	70
55	82
64	69
58	60
62	69
62	66
60	68
66	75
52	62
70	70
68	71
48	57
64	74
64	77
76	75
67	75
54	69
53	73
53	71
66	74
57	69
61	65
69	81
52	64
71	67
73	75
61	72
46	66
71	68
67	74
61	70
61	74
51	58
61	66
61	75
63	73
57	71
64	79
41	54
49	65
65	72
50	71
57	76
64	72
71	74
72	76
55	73
59	71
50	68
59	71
60	73
65	66
59	70
68	74
58	62
65	70
77	77
62	68
63	75
61	62
68	67
67	82
52	61
68	74
76	78
56	62
77	80
74	74
67	73
56	69
58	75
67	69
62	69
68	70
66	68
65	63
63	78
51	65
63	67
63	77
67	74
69	69
70	82
49	65
81	79
66	76
72	75
59	68
58	75
56	82
58	67
46	66
72	75
52	77
56	67
76	80
56	65
65	68
62	67
68	71
50	68
71	72
56	71
58	76
80	81
67	71
61	65
57	60
54	69
51	68
52	65
55	63
53	74
67	74
73	77
63	77
75	82
41	61
64	69
68	72
86	87
70	86
61	69
61	69
70	82
59	74
60	70
66	68
69	80
65	73
70	69
59	80
55	81
64	65
57	55
58	74
47	71
81	86
62	63
54	62
76	83
88	88
69	77
67	80
83	81
62	72
67	68
56	69
68	70
74	77
77	75
64	73
66	66
47	65
66	72
66	70
60	71
72	78
64	65
62	62
68	71
64	68
67	74
65	63
70	73
54	69
67	71
57	61
56	73
55	66
79	86
70	69
47	61
64	75
73	76
67	75
66	68
50	75
84	83
71	72
64	65
57	71
73	72
60	70
58	72
58	68
62	69
49	71
58	75
57	62
58	76
53	72
73	83
75	80
76	83
70	78
58	69
59	61
79	79
68	68
81	81
67	66
60	76
40	65
64	80
64	76
62	65
55	69
60	61
64	68
74	84
49	77
51	71
67	70
67	71
71	81
45	61
63	75
63	68
63	74
74	75
58	62
66	70
53	76
46	66
83	86
50	70
72	75
66	72
55	70
46	65
68	71
53	59
52	65
68	74
62	67
62	68
51	66
64	72
59	66
69	74
66	67
72	73
66	73
49	61
64	68
55	61
61	64
74	78
51	68
50	58
54	64
69	74
64	67
69	70
65	70
75	78
68	71
70	70
60	76
72	75
45	65
63	66
58	69
54	58
60	67
65	71
60	73
81	83
63	78
58	75
53	73
46	68
61	68
50	68
42	65
46	69
61	73
67	72
66	70
65	74
60	74
72	80
64	63
80	81
70	77
63	67
59	83
53	73
67	72
62	75
87	86
68	76
48	80
59	78
63	67
69	69
61	64
52	76
50	62
64	65
53	70
60	66
62	65
67	71
78	72
50	64
47	66
68	70
61	69
67	68
67	75
58	74
65	66
59	79
65	65
59	66
62	65
49	60
62	70
48	73
57	71
75	85
66	74
70	73
38	68
65	69
56	84
61	67
64	67
59	73
52	66
58	74
69	82
65	68
58	78
58	65
68	67
74	74
62	81
63	69
47	62
52	70
47	69
65	72
66	71
62	67
80	85
58	81
69	73
51	66
72	73
65	82
37	64
48	51
49	63
51	80
75	78
60	73
31	52
64	71
51	71
70	75
57	61
70	65
67	69
62	76
53	69
58	72
63	68
65	73
74	74
65	68
59	73
70	72
50	74
51	71
66	73
71	78
80	82
58	71
66	72
60	65
53	67
60	64
56	60
57	73
86	85
84	83
74	74
60	68
66	73
79	84
53	75
61	68
57	67
55	69
65	79
73	80
71	68
64	70
56	72
77	81
51	67
64	64
58	64
72	82
49	57
66	70
61	65
51	63
61	77
53	71
65	69
74	81
60	73
73	80
70	77
60	65
60	61
47	66
60	65
68	71
44	58
62	68
62	68
55	62
54	71
64	72
55	73
53	73
56	78
65	68
76	75
70	81
67	76
63	77
65	66
66	69
59	64
60	61
58	63
52	74
54	76
59	72
63	69
51	60
59	67
67	80
60	68
62	68
78	86
65	68
72	72
54	63
61	76
51	60
68	69
68	75
66	69
58	71
60	64
61	64
75	74
66	76
63	78
64	77
68	73
48	67
66	86
63	75
75	74
69	70
62	70
73	73
65	79
66	67
60	68
68	76
60	68
64	78
58	65
64	71
69	70
50	66
72	74
55	74
62	69
61	76
63	62
69	71
52	70
66	74
63	65
60	72
45	55
58	73
52	69
60	75
60	66
67	71
71	71
56	65
62	67
69	75
56	60
70	82
66	69
59	67
68	71
46	67
60	66
59	65
51	72
56	70
61	72
69	69
60	73
72	74
58	73
74	76
60	74
53	70
59	71
78	83
62	78
68	80
55	66
58	74
58	77
54	62
71	78
59	65
66	73
71	81
70	74
47	67
50	70
65	69
71	79
60	66
63	69
47	68
70	70
64	69
58	70
55	69
61	71
66	72
71	77
67	78
56	62
64	71
74	74
44	66
61	76
68	80
82	83
78	84
53	60
60	66
54	63
68	82
58	63
54	66
70	71
54	72
67	65
65	78
50	74
60	63
58	75
59	73
65	82
61	64
74	71
63	78
62	64
70	78
80	87
60	63
51	65
64	69
62	68
59	74
74	70
87	85
59	57
55	77
72	73
73	78
67	68
65	67
53	75
68	81
64	73
68	70
51	72
73	79
63	70
55	78
66	70
64	73
63	69
68	68
71	67
60	64
61	73
60	72
62	72
48	52
63	70
66	70
73	81
58	70
67	68
61	69
49	56
64	63
66	78
64	75
54	65
56	65
76	87
61	67
62	67
61	70
67	66
60	68
70	72
68	77
55	65
70	84
51	68
53	74
64	75
65	70
62	66
63	73
59	67
64	67
58	76
59	60
64	77
70	84
64	78
57	67
57	70
52	67
49	58
70	76
59	74
59	64
49	64
67	76
50	57
68	72
69	70
58	73
69	76
66	72
62	79
50	63
46	69
64	69
86	87
46	64
72	71
67	80
69	71
66	71
48	73
75	74
77	75
75	77
54	74
63	64
61	75
76	75
62	65
57	66
61	82
61	65
58	78
63	69
61	75
68	78
55	79
56	76
67	74
67	76
58	65
59	62
57	60
69	74
32	55
55	71
65	69
49	57
65	79
67	67
58	62
64	82
66	70
69	79
71	78
54	58
64	76
75	75
62	74
60	68
58	64
56	69
65	79
38	62
52	66
56	70
49	61
68	70
58	71
65	68
55	72
66	69
72	75
64	65
73	79
46	59
55	64
55	58
62	65
80	81
56	72
64	77
75	75
52	76
55	63
64	76
66	74
73	71
67	72
59	80
61	78
63	70
57	71
66	75
56	77
73	73
64	70
62	76
67	78
45	66
66	77
58	67
61	64
59	65
60	74
70	73
82	82
62	76
81	83
61	73
69	70
74	74
65	71
61	73
62	68
64	74
62	67
51	71
69	75
67	69
52	67
69	84
70	80
69	71
69	80
57	70
64	71
61	80
71	73
66	68
49	71
73	77
59	73
66	80
33	63
73	74
74	78
49	63
40	75
58	73
66	70
55	65
65	74
71	72
71	73
61	81
66	67
69	71
61	73
70	72
55	67
62	81
53	67
63	69
67	81
58	61
68	78
70	71
70	73
72	78
64	73
70	74
70	70
68	77
54	76
61	77
61	66
58	62
53	58
71	77
70	78
64	62
83	81
62	61
64	65
83	85
62	70
74	76
66	68
61	66
48	76
62	83
74	75
59	68
61	81
61	64
59	74
54	71
55	81
47	55
71	76
50	59
60	72
45	55
65	68
58	65
70	79
74	79
61	72
60	69
67	74
62	65
40	73
67	68
69	67
55	63
64	72
57	68
64	66
65	75
64	78
68	65
68	68
66	69
63	67
64	64
70	71
74	81
56	67
62	68
66	68
56	70
65	80
59	76
77	83
51	67
61	74
62	68
51	57
54	72
65	74
69	78
64	74
72	72
57	73
58	68
54	67
48	74
68	69
76	83
68	69
68	77
49	70
67	68
56	72
55	72
51	72
66	70
69	77
59	75
66	71
71	74
56	69
55	74
53	65
59	65
64	68
67	67
58	65
51	75
76	75
49	54
59	65
60	79
71	83
67	70
59	68
64	69
70	81
64	66
70	74
66	73
59	69
62	81
75	80
55	60
52	71
57	69
47	68
64	69
55	77
64	68
47	69
55	68
78	77
60	67
63	64
41	69
58	65
79	81
43	73
79	84
81	76
68	70
79	81
45	63
71	74
66	69
67	71
63	63
49	72
52	58
43	58
64	65
41	74
49	61
82	87
74	81
58	65
52	59
54	57
45	52
71	79
62	71
56	71
70	80
56	68
56	68
60	67
71	73
65	65
62	65
73	73
68	72
65	77
64	81
91	87
56	66
65	73
71	76
62	64
69	71
48	66
68	68
63	75
54	70
42	71
59	64
69	74
65	70
76	76
58	61
79	86
69	71
54	67
61	76
72	75
55	70
64	64
66	79
51	71
64	74
66	69
68	78
73	76
59	67
54	67
65	75
69	85
69	74
66	69
67	75
43	73
73	78
54	71
62	72
67	81
68	74
70	76
66	77
64	72
56	71
63	75
64	67
82	80
65	73
66	77
64	74
58	70
70	72
59	62
63	62
59	65
50	64
70	74
63	73
79	77
58	67
87	88
56	81
56	66
65	71
64	69
68	70
62	70
57	67
67	69
79	80
75	75
59	65
69	77
57	74
66	76
67	69
56	76
63	69
70	73
70	83
43	66
63	69
66	73
76	73
59	59
75	82
59	63
77	77
73	71
47	70
68	73
56	75
69	76
77	85
45	68
66	71
52	63
48	59
64	68
70	71
75	77
57	77
70	71
61	71
77	81
64	73
58	70
66	65
61	67
59	77
65	63
60	75
58	74
61	75
52	66
67	71
79	79
54	74
63	65
64	72
80	83
52	74
71	76
68	75
58	69
68	69
71	75
49	72
60	62
63	69
62	77
79	78
65	70
57	73
61	72
56	68
59	53
65	65
47	67
63	73
67	72
77	79
54	70
56	78
68	77
61	68
76	81
64	66
66	68
65	68
62	65
72	76
57	73
51	67
53	73
71	74
61	68
60	75
65	69
57	64
61	63
64	69
53	70
63	70
47	67
66	76
84	89
44	74
73	75
67	70
55	63
66	71
63	65
62	73
60	63
69	70
50	69
52	58
58	69
58	67
64	69
61	78
66	83
68	79
74	77
61	68
73	79
71	83
62	66
69	79
68	72
58	75
51	73
68	76
65	73
46	72
49	68
70	74
52	58
55	72
68	79
67	75
63	68
51	67
55	65
51	75
71	79
53	59
57	62
66	71
70	69
55	66
54	57
63	66
64	67
67	70
70	71
56	75
49	58
69	67
64	73
61	65
74	87
78	77
61	80
70	71
65	84
71	81
55	75
58	69
55	58
70	73
61	68
59	64
37	71
60	68
64	69
74	80
65	71
68	71
53	74
62	66
58	83
62	75
56	71
59	70
57	79
70	75
69	76
79	79
66	68
78	83
58	76
79	76
59	66
62	68
53	67
62	78
57	71
80	81
67	74
56	62
49	66
63	73
62	80
70	75
64	75
71	73
65	67
62	84
56	74
40	60
63	67
47	71
73	73
58	66
77	79
50	54
57	62
65	71
56	71
62	69
82	88
61	74
52	62
79	81
81	81
58	70
63	65
50	77
66	71
75	83
55	71
58	60
58	64
69	76
65	80
66	74
75	86
69	79
51	60
47	77
61	79
66	79
67	69
73	72
50	68
52	53
70	80
63	65
56	71
84	84
60	74
63	65
61	69
62	66
55	65
55	64
62	81
66	69
48	75
70	70
45	63
58	68
65	75
66	72
58	74
64	73
62	74
62	65
72	88
63	69
48	56
53	64
79	84
64	65
61	61
61	72
73	74
66	74
58	69
57	78
60	77
73	76
63	71
60	74
47	80
55	62
64	66
74	72
67	72
65	68
69	76
68	65
62	60
62	70
48	57
64	80
77	78
57	55
73	83
64	82
66	71
57	69
74	77
61	75
72	80
65	70
60	67
63	68
73	82
82	84
68	70
65	66
62	64
59	76
63	74
76	77
61	62
76	78
68	76
58	61
49	71
59	72
71	68
50	74
61	66
62	77
50	58
67	74
47	69
58	66
55	71
64	82
62	72
53	68
68	65
74	79
53	63
53	76
70	72
67	71
75	75
62	72
59	75
66	83
58	75
48	69
49	60
63	65
62	68
75	74
65	65
70	69
68	75
65	69
70	76
68	71
47	67
62	73
79	77
63	76
79	80
48	60
70	72
59	74
63	67
63	67
66	78
60	72
63	67
52	65
51	72
64	67
57	69
78	80
61	62
62	79
76	81
60	76
61	67
71	64
70	77
64	68
55	68
51	81
53	70
58	74
55	65
42	62
76	79
64	56
64	83
86	86
58	71
60	68
45	64
52	60
53	67
54	64
75	75
49	68
72	70
50	71
74	74
76	82
60	82
66	78
76	85
56	67
67	68
50	63
58	65
54	65
76	77
65	71
58	63
72	79
63	81
68	72
58	64
78	83
70	77
51	63
47	73
54	61
57	70
51	63
55	75
66	71
57	72
64	73
56	67
57	69
53	72
62	76
73	86
68	67
57	72
66	69
78	74
62	72
72	79
57	63
66	76
68	82
83	85
58	67
57	74
68	71
71	70
59	63
66	86
69	73
69	80
64	76
60	76
63	77
64	68
62	68
57	58
71	74
60	70
62	68
67	72
66	70
71	75
49	66
51	66
76	83
71	70
55	76
44	70
53	70
59	67
54	71
60	65
70	70
61	64
74	78
63	68
62	75
62	71
64	70
67	67
60	69
60	66
80	85
63	67
