81	71
65	61
64	68
40	52
77	67
54	59
80	76
81	68
79	60
80	70
78	62
84	72
51	54
76	67
79	73
73	66
65	67
60	64
55	70
60	74
68	63
53	68
75	70
65	67
32	49
68	68
50	52
79	68
73	65
62	65
41	59
75	74
77	73
61	51
77	70
76	68
81	67
78	74
79	76
75	60
87	73
89	81
68	63
85	67
68	65
58	61
84	67
72	70
57	65
52	61
54	57
62	77
39	48
55	63
79	61
66	69
69	66
43	64
76	75
89	68
84	80
68	62
44	51
71	70
73	70
89	75
72	65
89	79
55	61
68	73
54	66
74	68
46	47
70	80
63	60
68	63
61	70
61	53
82	71
68	69
71	63
57	66
55	63
77	68
40	52
83	78
72	76
70	71
75	73
53	53
79	73
76	61
69	61
89	69
61	71
85	61
61	67
76	61
71	63
54	64
79	64
75	74
79	82
73	72
50	65
72	62
68	70
71	73
59	70
58	59
77	80
59	48
57	59
72	67
76	73
76	77
62	63
76	71
49	51
66	62
55	62
83	70
81	73
74	75
77	65
79	75
49	64
80	71
56	59
52	58
70	75
69	83
70	67
74	78
67	54
78	68
65	63
73	71
74	66
68	71
53	52
63	70
85	79
72	71
62	57
57	69
61	63
61	68
80	78
68	62
49	53
86	67
61	53
76	64
44	51
58	61
68	70
68	75
79	68
73	72
50	56
81	66
75	59
67	65
59	69
75	64
82	72
66	74
88	74
72	61
62	59
62	62
39	52
65	58
59	70
51	53
83	62
83	72
70	70
76	69
60	70
70	68
56	63
43	62
65	75
83	81
64	61
72	62
73	61
88	71
67	61
49	64
71	64
74	67
83	65
52	55
74	61
84	67
82	65
85	73
54	67
76	76
55	56
88	65
58	66
72	63
51	57
76	77
86	67
67	73
62	57
66	64
76	60
70	67
74	72
65	71
58	67
72	73
67	62
65	72
69	70
83	70
77	58
55	62
49	62
70	62
72	75
72	66
73	68
56	68
81	72
45	58
52	57
78	68
79	70
77	66
56	57
69	67
65	70
83	74
63	63
53	60
73	69
64	76
76	61
69	65
74	65
72	68
71	59
49	66
38	55
80	70
36	62
75	68
59	63
69	73
70	65
80	73
73	71
75	67
56	63
78	63
66	59
68	63
63	69
83	64
74	66
67	61
85	73
71	63
53	69
80	70
48	56
55	62
64	59
62	62
64	61
77	67
62	60
68	62
83	67
70	70
57	65
76	73
60	60
64	61
75	72
65	59
76	70
60	58
79	70
87	73
71	58
78	66
71	61
66	59
61	74
80	73
47	63
65	70
34	56
56	58
68	65
81	64
67	62
66	61
72	69
52	49
70	61
51	65
71	66
72	61
77	71
81	73
64	62
72	64
66	73
88	84
69	65
78	75
55	55
56	65
74	69
78	82
73	63
63	65
35	47
73	74
57	62
66	57
76	68
59	59
44	58
46	47
70	70
66	66
65	62
87	80
83	82
79	74
46	70
62	60
54	65
44	62
59	61
70	65
72	67
75	75
74	73
72	82
73	65
71	61
63	65
62	60
70	79
74	65
44	64
69	63
73	68
64	68
90	73
87	68
77	81
59	57
65	64
68	74
61	60
73	69
48	52
81	83
80	65
69	70
47	58
78	64
58	62
62	58
61	82
46	63
63	76
75	68
68	71
79	71
73	64
68	64
73	61
74	66
76	70
65	66
74	66
27	47
58	65
73	66
55	56
75	66
79	82
76	69
66	67
81	69
67	59
80	66
52	54
52	63
41	63
75	71
80	78
73	68
93	73
63	63
73	61
70	75
75	70
74	74
56	67
71	64
66	61
56	62
48	62
69	66
66	79
55	64
71	68
80	69
67	66
60	61
73	68
85	65
70	61
67	65
58	62
74	77
61	74
72	55
36	58
55	72
67	61
46	57
59	63
70	64
62	65
70	69
78	62
76	73
57	63
71	63
62	61
49	74
31	52
59	58
75	62
63	67
72	70
49	66
75	64
82	78
69	76
77	57
64	77
52	57
51	56
61	57
68	74
32	58
51	57
55	63
64	65
73	72
61	68
78	69
80	67
60	59
64	62
67	65
80	67
73	67
62	63
75	70
82	68
82	74
65	59
61	64
83	61
73	68
71	71
64	68
60	58
62	66
46	51
85	72
45	55
54	66
67	62
78	70
62	75
68	64
71	65
59	62
75	77
77	68
90	86
86	75
67	70
71	64
79	61
64	69
53	55
79	69
86	73
44	60
71	68
62	64
83	65
88	78
35	61
88	72
70	67
68	63
75	77
79	67
67	75
70	67
83	72
52	76
78	72
49	62
77	62
42	59
57	69
81	78
61	61
55	60
76	72
86	78
67	67
85	75
57	68
76	71
77	69
80	78
49	72
67	69
70	73
38	58
58	65
83	64
56	61
57	58
75	73
71	70
72	70
69	66
67	66
78	69
80	69
83	79
55	62
72	64
56	58
58	51
65	51
75	78
77	70
74	68
67	68
71	64
71	65
81	75
53	59
60	62
68	54
76	68
50	56
50	62
55	65
71	70
69	63
63	68
70	59
64	60
66	59
76	69
83	82
57	66
64	70
69	61
70	65
48	57
67	64
37	53
71	69
76	72
83	64
83	75
63	66
75	73
68	54
59	65
53	61
61	59
67	66
79	60
74	67
68	74
56	47
62	57
49	76
64	60
74	75
82	61
67	65
73	65
60	82
85	75
83	74
68	74
45	60
78	60
71	77
59	71
76	68
73	62
63	64
40	47
69	65
82	64
79	75
90	78
63	59
67	62
35	61
76	65
60	59
67	62
66	70
61	64
71	75
75	68
82	89
76	69
60	62
72	62
68	70
51	78
54	65
40	53
38	58
36	66
67	64
63	62
77	60
80	63
65	68
72	61
69	70
54	58
53	67
63	51
70	74
79	75
82	69
76	72
77	69
57	67
56	74
42	56
65	67
48	62
72	62
80	70
79	79
47	59
62	58
64	52
63	64
69	68
59	57
70	58
64	65
69	66
89	70
69	77
74	59
68	69
73	59
76	69
66	64
50	64
78	81
78	71
71	65
49	65
54	66
67	58
78	69
95	73
62	55
78	73
79	67
68	72
93	70
77	71
73	62
57	63
79	70
55	68
42	68
69	63
54	64
44	59
69	66
68	67
61	78
59	56
61	67
67	59
74	68
62	69
69	75
68	64
66	89
78	68
67	59
66	75
84	69
60	65
63	65
67	71
85	68
65	63
56	74
57	73
59	64
84	75
75	66
52	54
66	54
77	67
63	70
71	69
64	70
81	73
77	70
80	73
67	71
37	60
72	62
66	64
65	60
72	65
74	64
78	71
68	60
54	58
35	55
39	60
72	67
51	63
70	68
60	52
56	62
54	71
78	68
72	72
64	64
49	54
47	55
74	74
82	69
76	68
67	68
50	61
62	65
77	69
71	61
82	65
47	59
64	79
44	57
53	76
72	66
63	62
46	54
72	68
95	87
76	73
80	66
72	63
67	66
39	57
81	74
60	73
72	68
45	66
67	66
62	72
84	77
77	73
47	57
75	74
77	69
74	63
73	62
49	58
69	68
71	76
62	60
75	74
48	47
83	67
63	66
45	58
46	64
78	69
77	69
69	69
77	71
79	69
75	69
75	67
71	69
80	70
73	62
59	57
79	76
58	75
68	61
75	64
86	73
79	68
72	66
52	58
77	67
79	71
69	73
79	68
68	67
75	80
74	61
49	69
62	71
77	71
51	68
61	69
74	67
41	52
76	74
68	67
82	68
39	53
53	60
49	57
77	66
63	64
51	58
57	59
82	66
54	51
80	67
72	64
73	70
74	63
77	67
62	69
73	62
73	65
61	58
61	66
59	55
72	77
58	60
59	60
76	71
68	70
69	65
41	52
52	54
81	73
36	56
46	61
67	59
53	61
64	69
87	75
68	59
60	77
80	63
57	67
74	69
57	64
76	71
69	58
73	66
70	54
75	70
84	63
54	58
55	54
37	57
85	78
81	69
67	57
66	65
56	68
50	60
71	67
70	76
67	66
75	63
63	70
77	69
48	74
44	49
87	82
67	60
78	68
62	60
61	61
55	55
59	71
87	75
70	69
78	66
80	65
71	73
80	72
81	66
56	60
74	81
75	67
60	65
79	66
68	70
68	60
75	70
79	66
65	65
76	74
63	62
72	62
66	66
74	78
72	66
62	58
53	54
56	67
59	70
72	64
79	72
71	63
85	69
63	60
73	69
75	69
78	73
68	63
88	84
59	73
81	82
58	63
76	77
53	64
74	71
57	51
63	65
76	70
67	63
68	63
40	58
62	65
80	73
70	63
58	67
81	72
80	77
60	72
76	75
68	67
79	72
75	86
73	60
71	87
87	75
80	67
72	67
76	69
76	64
50	53
70	63
85	68
42	59
78	79
34	59
64	62
64	64
70	76
70	65
81	68
78	72
53	61
85	80
89	78
62	60
76	78
68	64
34	56
42	56
89	69
78	73
70	66
60	53
74	65
49	62
56	58
57	58
69	73
77	69
51	62
63	70
65	72
72	67
73	65
81	67
74	61
55	58
78	80
80	75
75	75
73	71
66	66
65	65
36	56
28	49
84	75
37	56
70	56
74	70
73	65
73	67
70	67
63	67
63	59
70	60
57	54
82	72
73	67
69	67
72	63
63	53
63	64
48	50
46	58
72	64
70	64
68	78
52	64
70	70
42	53
50	71
71	60
58	60
83	77
56	68
36	53
75	65
66	60
57	77
78	65
85	79
77	82
44	58
69	65
61	68
84	67
73	79
71	68
44	61
76	68
50	63
47	61
75	68
59	63
72	73
47	63
74	67
82	65
67	62
60	67
65	63
78	64
74	64
72	67
71	78
67	70
67	69
74	65
67	64
86	77
75	66
58	64
61	72
49	63
72	70
64	55
60	69
40	62
75	68
88	70
73	66
58	60
76	68
72	68
67	64
52	70
56	58
69	61
61	64
51	55
61	65
73	65
60	69
93	77
73	74
81	73
53	67
39	62
72	68
58	54
66	60
49	68
80	70
41	62
71	68
54	56
57	54
46	60
49	52
83	77
59	62
62	67
79	75
74	61
82	70
87	74
61	69
54	65
70	65
76	72
55	65
76	68
71	67
74	67
83	90
77	69
60	68
70	69
59	57
71	79
45	62
75	74
78	70
75	69
73	69
48	60
82	67
59	85
69	69
73	64
59	63
72	65
55	55
65	51
50	64
79	72
64	58
51	66
66	64
65	75
61	58
69	64
64	66
69	72
76	69
69	76
72	67
82	76
63	82
41	58
73	68
72	65
73	82
59	70
65	68
51	62
45	60
49	62
78	64
44	60
87	71
41	63
54	70
70	62
74	63
43	55
50	64
74	71
75	63
71	77
62	63
60	68
76	63
46	63
78	72
63	61
71	63
62	60
63	62
73	66
78	59
83	74
73	65
79	66
61	67
60	67
78	74
69	64
69	61
72	65
76	77
81	67
66	60
73	64
73	72
43	60
64	56
69	60
64	67
74	62
85	72
62	65
48	56
80	66
66	62
85	70
73	67
56	66
69	61
67	73
72	66
71	70
67	52
68	64
71	66
60	64
74	71
65	67
43	58
71	70
77	74
76	64
74	65
64	61
54	68
55	59
55	66
61	62
60	74
56	57
70	68
78	68
55	66
75	57
74	76
71	70
59	62
73	65
74	68
75	76
63	69
74	71
62	83
67	66
73	67
70	74
59	68
60	66
60	57
81	82
49	58
82	61
68	68
60	65
79	69
54	73
78	70
61	58
69	69
76	64
49	52
79	70
59	60
74	71
59	66
73	67
60	68
75	68
54	66
74	68
81	69
74	74
73	64
63	64
72	66
68	55
76	67
72	74
62	79
76	67
79	69
41	66
65	69
68	64
69	69
61	54
71	64
63	59
76	68
58	65
81	73
45	56
69	61
71	69
65	71
73	67
74	68
76	72
83	71
50	58
74	64
66	63
70	65
82	72
75	65
56	67
59	69
72	77
66	65
51	50
63	67
70	68
66	64
74	65
54	56
70	54
60	67
71	72
68	63
65	70
72	69
64	76
59	65
85	67
57	65
62	75
68	74
68	71
74	60
55	56
77	67
47	68
48	61
95	82
66	65
55	75
84	74
59	69
72	61
79	74
63	66
82	71
58	53
44	53
87	73
75	67
73	64
66	79
59	61
72	58
69	64
90	68
59	58
75	66
50	69
71	68
85	82
77	68
76	74
59	52
63	73
52	68
74	65
68	62
60	52
67	63
54	67
76	68
69	62
54	73
53	64
57	63
66	66
73	64
84	78
86	72
34	57
70	65
77	73
56	61
61	64
74	68
64	64
77	66
67	69
55	55
36	56
65	63
60	62
44	49
58	63
64	70
76	63
37	48
62	58
38	60
72	66
77	73
81	65
52	61
78	62
53	64
65	73
72	67
66	68
43	69
75	72
61	56
56	57
78	69
50	54
67	81
66	71
40	47
58	53
80	64
78	72
60	57
67	65
76	59
64	66
61	62
60	59
60	69
68	60
53	70
54	68
74	69
77	64
45	59
62	67
57	49
43	64
64	61
65	65
55	61
39	56
61	63
70	68
57	65
85	69
69	69
31	48
82	70
51	58
75	64
68	66
73	62
55	62
55	68
58	64
73	63
77	65
71	66
75	65
56	64
53	63
64	65
76	77
69	68
60	64
57	63
68	63
80	62
60	63
74	63
52	56
66	67
69	63
84	89
62	56
60	61
73	67
71	69
70	65
72	66
81	74
76	72
76	73
64	61
88	68
75	65
72	61
64	67
56	60
76	72
58	53
43	59
71	66
71	63
76	66
70	72
55	78
58	67
45	59
40	56
63	62
80	71
66	64
76	68
69	67
60	77
62	60
59	62
77	71
46	49
74	72
77	69
72	67
52	62
73	70
60	61
52	69
70	63
70	74
60	56
68	67
74	60
79	63
76	66
81	61
68	76
88	80
45	60
71	68
66	63
70	58
50	59
66	64
72	81
74	72
81	65
73	65
70	73
77	82
67	65
72	63
84	74
67	73
74	64
75	66
68	66
72	65
61	60
48	58
68	63
81	79
86	68
66	59
37	50
67	59
71	58
85	63
73	64
68	67
73	62
63	55
46	62
83	77
81	65
74	70
86	68
61	56
73	67
83	68
80	62
64	67
83	61
70	69
64	70
71	66
89	78
68	62
74	67
69	63
79	77
63	71
74	68
83	73
82	74
82	72
66	64
49	69
54	58
87	76
60	72
68	63
76	72
69	68
66	76
72	72
73	70
57	56
78	74
84	81
46	69
72	65
71	72
64	72
53	50
59	76
78	68
63	66
65	59
81	68
73	66
67	64
67	64
75	62
44	65
87	81
85	67
38	50
68	62
82	62
62	69
79	70
68	64
66	64
75	67
56	62
81	79
54	76
79	63
67	73
57	60
39	50
65	64
74	69
38	57
74	68
71	62
55	59
58	58
81	65
62	62
28	47
67	63
63	51
48	63
60	63
83	71
67	71
68	70
49	59
78	67
78	69
79	63
62	66
67	64
73	66
42	61
59	62
84	80
79	71
69	79
67	54
83	77
68	66
70	66
70	65
62	63
75	64
44	52
76	62
39	55
78	66
72	69
63	63
46	69
80	60
80	79
80	80
59	59
72	66
67	64
68	67
68	72
76	68
54	64
67	59
65	64
52	68
71	74
76	67
64	67
56	67
59	62
88	87
62	67
68	65
73	73
30	51
61	68
70	72
53	57
62	72
73	73
64	62
66	56
70	64
77	66
66	60
84	71
55	57
62	71
73	74
83	68
65	63
54	77
52	61
74	77
50	57
58	67
76	71
71	70
77	60
68	65
77	68
66	69
60	66
58	72
65	60
56	68
64	61
65	62
61	69
55	62
57	67
54	74
52	67
60	75
74	67
46	62
72	68
66	76
71	73
78	61
63	61
65	68
83	66
71	64
60	57
50	67
70	55
66	60
70	72
48	54
82	74
68	68
80	68
59	55
69	66
88	82
40	51
76	61
76	72
54	55
82	64
53	53
79	75
51	60
91	88
54	63
68	62
72	78
75	69
76	71
64	62
66	67
67	60
54	61
77	72
61	62
61	64
64	59
55	62
79	71
66	60
74	71
85	70
69	66
65	75
90	83
69	71
85	77
86	73
41	57
62	60
71	63
58	60
45	60
74	70
40	53
78	68
74	63
73	66
43	65
38	57
77	71
70	74
82	74
77	64
55	64
69	63
68	69
86	71
74	70
47	69
65	66
80	62
50	52
64	77
65	66
59	60
63	61
87	75
45	62
69	60
73	67
79	70
60	65
73	63
60	62
83	78
82	65
71	63
59	72
73	71
55	57
80	71
75	61
76	70
51	57
60	55
71	59
70	76
49	60
75	73
71	70
58	68
77	61
60	59
64	65
83	70
63	61
61	65
49	54
51	55
76	66
75	63
67	72
75	65
54	57
77	62
42	62
70	65
50	64
68	64
86	73
67	60
58	65
58	84
79	77
59	64
66	67
70	61
41	63
68	67
56	56
59	69
66	64
70	60
51	56
61	69
71	65
86	71
71	73
68	73
84	72
71	64
66	64
86	70
82	77
59	67
82	72
59	65
74	68
41	57
74	82
51	54
51	76
44	63
79	79
63	67
80	74
75	71
41	48
63	65
71	67
71	77
83	73
53	63
50	57
75	71
44	64
79	73
88	76
68	70
84	66
91	71
69	69
71	63
58	66
50	57
50	52
60	66
60	55
86	77
82	66
75	69
72	64
56	62
69	66
60	67
64	61
61	69
73	80
72	64
81	67
74	74
71	79
68	59
74	66
72	68
63	73
80	72
45	57
60	71
85	77
65	67
73	80
85	73
77	59
52	53
68	66
47	60
70	64
67	62
78	66
70	64
74	61
68	59
70	62
51	58
69	65
61	63
50	62
71	72
72	67
83	70
77	72
67	57
51	56
76	64
77	84
80	76
66	63
59	66
62	65
37	58
38	53
58	89
73	66
63	59
86	73
75	73
61	53
65	64
77	64
58	70
93	74
68	70
73	69
64	58
75	76
64	65
77	70
79	70
53	56
48	57
82	67
86	82
66	65
53	54
56	64
71	80
63	58
61	68
60	63
76	82
68	74
64	62
86	78
61	61
88	73
88	75
77	63
74	70
58	61
68	61
42	53
51	78
76	72
82	78
84	77
83	78
67	68
70	64
76	68
67	67
77	66
73	68
85	65
46	61
86	75
63	59
67	63
71	70
73	69
58	67
68	66
45	62
56	62
70	71
83	79
69	64
54	69
72	59
54	51
61	53
70	66
42	58
75	62
57	53
55	72
67	62
79	68
33	47
75	58
53	68
53	81
54	65
61	71
82	65
71	67
80	61
59	66
59	61
77	64
51	58
85	74
75	74
76	70
63	62
78	79
60	72
74	61
49	55
51	59
81	71
51	62
49	52
79	68
82	69
54	59
61	69
76	76
62	69
63	70
64	61
74	82
68	67
54	65
71	75
81	71
65	66
73	67
57	62
65	62
79	61
72	68
71	66
66	75
74	72
63	63
63	62
45	63
61	59
80	63
53	62
70	62
71	66
59	62
50	60
67	68
76	68
73	60
71	69
73	68
73	65
69	78
89	66
69	69
62	57
56	62
68	69
62	68
71	73
72	66
73	68
83	85
70	68
71	66
67	64
50	60
69	61
69	67
62	68
75	65
71	67
66	73
77	64
62	58
72	62
87	77
75	79
65	60
71	68
30	48
61	54
72	66
77	72
56	67
63	60
73	62
76	64
65	83
69	67
89	76
65	69
68	67
64	71
72	74
65	51
46	58
74	66
70	68
62	62
66	59
66	73
60	65
62	69
85	70
41	58
82	76
69	65
46	67
77	63
69	72
48	55
75	66
75	70
75	72
82	67
67	60
67	64
67	72
76	62
79	76
63	66
69	67
62	67
71	66
69	65
75	67
84	74
74	74
63	55
65	63
78	72
64	53
71	65
60	71
74	66
59	63
73	64
75	70
38	52
72	70
72	73
71	70
75	67
65	78
68	71
43	62
59	65
68	59
62	57
66	61
41	53
71	66
41	55
55	61
74	69
57	69
64	74
37	59
64	60
54	64
76	63
49	63
94	79
60	72
76	66
57	64
75	75
66	59
73	63
58	70
71	70
76	73
82	68
77	67
64	64
68	62
63	67
73	69
63	62
63	58
69	63
62	62
70	69
81	68
35	54
48	47
72	77
71	64
66	58
68	70
60	51
56	58
66	67
74	57
59	61
60	57
80	78
62	68
75	63
59	53
79	80
92	78
84	70
73	67
62	59
43	58
68	61
61	64
60	66
68	79
73	67
65	59
82	82
78	68
57	72
66	59
66	57
71	64
75	64
65	59
64	57
65	76
63	61
78	71
67	65
67	68
77	70
63	67
75	68
73	70
46	67
74	78
85	65
58	59
64	69
51	58
88	77
66	73
72	68
66	60
64	57
78	82
69	63
78	69
76	70
79	75
73	70
72	71
54	57
70	67
78	64
57	64
61	67
70	66
54	60
56	70
72	66
56	68
67	72
45	59
78	73
69	67
64	62
72	63
65	62
74	71
70	69
41	63
79	72
66	73
70	77
64	70
74	60
88	77
79	70
48	56
68	70
79	66
70	61
49	56
37	65
70	72
69	62
55	65
71	74
60	70
67	72
46	72
47	47
84	79
73	70
53	61
70	69
73	62
32	51
54	65
69	60
65	60
63	55
62	66
65	67
54	68
48	61
66	64
77	63
45	62
27	50
70	66
76	70
56	72
60	63
79	67
71	59
37	56
62	82
53	60
31	51
76	69
75	68
73	71
49	55
68	63
56	66
50	62
75	69
48	73
80	73
75	69
82	71
50	76
71	66
52	63
58	64
70	65
71	76
61	66
65	63
81	65
73	66
52	62
74	63
79	73
75	70
83	74
84	71
71	60
66	69
68	67
80	68
83	75
83	70
77	61
66	79
63	50
66	56
74	66
82	66
52	58
60	57
71	69
73	67
73	65
52	56
67	69
34	57
36	55
54	64
75	62
60	67
68	64
57	67
87	75
64	71
57	54
88	71
74	78
87	73
69	66
67	58
73	74
59	66
70	72
65	60
75	71
71	72
61	79
70	76
57	67
83	68
76	65
66	69
65	56
56	57
44	62
68	73
59	68
56	53
77	66
72	77
54	65
55	52
88	68
68	78
86	68
56	68
62	65
65	63
72	63
62	75
61	66
74	69
80	69
59	67
66	77
55	60
70	67
61	55
68	77
67	63
77	71
59	61
87	77
67	71
68	68
70	66
59	65
83	77
75	71
64	72
74	68
70	71
64	64
61	75
69	67
38	70
58	53
63	59
57	71
75	69
52	64
52	53
74	62
65	65
77	66
48	52
51	54
77	69
67	66
70	69
72	67
80	66
55	58
77	70
71	64
53	63
76	72
68	61
71	63
72	76
89	73
63	65
71	63
69	70
44	63
73	68
63	65
77	62
70	70
73	69
85	72
78	75
70	68
67	74
69	67
39	59
68	69
77	69
57	58
71	66
69	71
80	69
65	76
70	61
73	64
59	67
84	68
76	70
54	62
61	68
73	74
73	75
83	74
67	65
84	69
89	68
50	62
70	79
87	75
68	81
67	61
70	72
78	72
57	67
66	58
55	57
66	68
46	47
44	58
76	68
53	58
68	67
78	76
54	59
46	59
66	61
70	69
82	68
88	72
81	71
49	52
75	64
65	64
70	68
80	81
61	69
58	53
38	55
71	62
44	47
50	59
69	69
71	68
48	64
53	56
67	70
83	74
67	66
74	68
68	64
75	59
61	60
61	65
54	67
73	62
73	67
74	67
82	71
54	67
46	58
80	79
71	67
82	74
74	68
55	76
66	69
74	57
58	62
46	55
49	56
63	65
56	62
48	61
87	72
55	55
77	75
60	63
59	64
81	81
36	59
70	66
73	76
51	70
63	57
67	77
45	65
94	82
57	54
71	71
58	61
45	55
76	69
62	64
81	68
52	57
81	82
63	61
75	68
63	60
54	67
55	55
85	65
66	65
57	66
75	62
70	62
81	74
57	66
79	68
69	64
74	72
51	58
62	60
62	68
65	64
75	66
67	72
66	60
66	62
56	62
85	79
63	70
73	73
55	74
64	63
71	76
57	73
40	60
70	59
78	70
55	60
65	60
68	64
61	57
66	58
68	65
76	52
64	58
71	66
74	64
64	60
69	65
67	68
58	68
77	68
66	63
47	59
77	73
58	74
64	68
72	67
56	61
78	70
66	64
64	79
77	70
66	57
66	70
72	56
81	69
68	66
83	69
57	61
73	67
62	60
42	70
55	53
38	48
81	71
69	65
58	69
62	60
79	71
68	66
73	67
84	74
82	70
81	71
60	60
66	57
88	72
79	71
92	66
64	71
66	61
83	67
47	68
62	59
69	66
82	77
73	72
60	69
86	72
61	61
54	60
70	72
57	66
51	58
43	49
55	63
50	62
65	74
79	71
73	82
72	72
84	79
75	70
81	65
95	78
69	60
34	53
66	63
72	65
67	66
74	70
64	66
77	65
72	56
45	65
67	58
78	67
62	62
84	76
85	75
54	66
65	72
64	68
60	66
58	60
68	63
51	62
76	64
65	74
91	88
65	67
68	68
76	67
80	62
67	59
73	69
84	74
56	65
76	69
67	67
59	69
70	72
44	71
85	80
61	67
62	50
30	48
70	64
56	66
70	66
88	83
66	65
84	75
77	71
69	62
62	63
55	60
81	63
74	66
58	62
71	70
67	67
72	64
59	71
82	69
59	55
72	63
75	67
60	62
83	72
72	59
72	70
77	65
69	65
55	58
69	65
70	71
81	65
82	70
64	69
86	70
63	62
77	69
52	57
79	61
65	64
70	64
60	59
55	63
76	73
74	84
65	68
78	70
91	85
58	61
68	70
83	68
87	82
70	72
67	61
77	72
49	57
51	61
72	79
36	57
43	62
74	64
73	65
63	69
81	74
83	73
62	70
80	76
71	64
64	66
80	75
46	53
69	66
74	64
71	63
76	72
66	68
69	67
69	63
78	66
64	59
74	60
81	69
66	62
55	63
66	73
67	63
76	62
74	71
64	62
65	62
71	63
83	69
65	61
74	72
77	67
73	70
50	60
65	61
63	69
59	62
69	64
63	56
77	70
80	64
79	69
78	74
65	58
74	72
65	59
73	68
78	68
52	63
69	61
57	64
65	59
72	60
82	69
64	69
70	58
72	70
63	68
56	63
65	70
59	61
68	70
46	47
68	65
64	54
51	58
73	62
37	50
76	68
71	72
69	78
64	82
71	61
58	53
63	72
75	67
66	62
81	70
56	65
72	68
77	76
48	52
77	65
70	68
68	70
70	67
63	68
50	65
65	60
73	73
64	59
67	62
77	68
45	60
87	69
64	58
63	66
50	65
70	68
70	60
58	58
78	73
81	61
78	74
72	63
68	71
58	70
68	62
50	70
79	78
48	54
68	69
73	68
83	64
59	57
54	56
77	77
71	69
48	63
75	70
68	63
72	71
70	69
50	59
71	54
33	50
75	70
63	67
58	62
66	60
73	68
63	60
66	71
65	68
58	69
68	63
76	68
74	79
71	63
70	63
88	73
70	64
66	72
81	78
50	57
65	61
76	76
62	63
56	60
73	67
73	74
68	63
71	68
66	67
62	67
64	63
78	68
67	68
62	63
86	80
60	72
72	63
78	65
74	72
92	90
56	67
72	78
63	63
69	78
75	75
75	72
90	75
72	61
71	66
63	68
46	64
62	64
46	63
81	70
59	58
48	64
71	67
48	52
75	69
71	67
53	79
68	77
62	63
68	66
66	67
46	53
66	75
52	62
62	68
78	69
87	87
82	74
63	67
80	55
66	66
68	63
79	70
58	63
55	80
52	53
80	64
61	73
74	61
69	62
67	68
79	77
83	75
73	72
50	52
78	74
59	70
73	64
49	66
71	65
68	63
76	79
62	68
52	61
52	53
66	63
59	68
71	64
76	67
74	62
62	58
82	72
77	68
42	66
45	59
71	67
66	70
51	62
78	71
72	68
87	77
73	75
58	55
80	71
59	62
77	83
43	56
78	72
57	67
77	64
78	67
55	56
77	69
81	69
41	56
61	60
81	67
69	68
53	56
81	75
68	67
65	66
70	70
64	70
56	60
63	57
65	73
75	67
80	74
79	75
78	69
65	60
69	57
76	63
66	68
74	66
76	68
74	67
57	55
61	67
71	69
51	64
45	54
64	58
63	84
68	60
70	72
70	59
76	78
80	80
58	67
80	77
80	75
74	63
78	68
84	70
73	77
82	67
44	63
56	58
83	74
65	66
61	59
70	71
59	58
80	65
70	68
53	58
57	53
76	75
54	58
81	74
75	73
58	62
70	65
52	57
55	61
74	73
63	61
79	65
72	67
90	82
48	54
69	70
76	70
64	75
57	51
60	54
71	65
70	61
68	61
71	55
69	72
56	70
69	64
79	66
75	72
75	72
70	57
75	73
72	64
56	57
75	71
51	74
62	71
72	63
69	62
67	64
56	67
77	75
67	65
67	62
73	65
81	74
71	59
77	65
51	69
42	59
74	55
58	62
67	62
71	74
61	66
65	60
67	60
75	59
53	78
52	59
44	66
78	74
72	69
78	70
74	64
48	62
47	68
52	60
77	66
83	63
64	72
33	57
66	76
63	64
72	64
71	63
67	73
69	81
64	64
77	73
71	77
72	68
62	65
47	70
74	55
88	71
63	68
65	66
54	57
80	70
71	71
75	69
76	69
59	64
65	58
77	64
62	65
77	71
59	69
74	66
66	56
70	68
71	67
70	73
66	68
71	66
55	55
66	65
68	59
40	50
88	69
85	72
77	68
63	67
64	64
69	68
37	60
87	72
66	65
48	69
59	61
64	75
67	61
73	68
77	74
80	71
66	60
65	63
63	56
36	48
84	75
50	57
63	61
70	66
62	61
71	68
81	78
79	73
71	75
57	65
60	58
43	63
65	59
83	70
57	68
74	65
61	56
77	68
67	78
55	73
64	68
84	63
61	71
65	67
69	70
75	71
55	63
77	66
63	67
62	67
71	75
60	61
53	59
47	59
68	68
64	56
69	59
65	68
70	72
71	66
68	60
85	79
79	71
57	60
60	70
85	71
64	58
66	70
38	56
86	71
53	64
49	60
65	57
70	76
61	57
78	65
60	64
71	64
69	71
60	51
72	79
73	68
79	67
65	65
50	64
65	58
71	59
76	65
72	69
60	70
64	56
85	71
73	67
83	69
52	51
51	51
62	67
70	63
71	72
58	59
67	71
75	65
85	76
76	65
78	66
72	63
70	72
64	62
78	62
65	68
64	62
88	78
63	67
71	84
69	69
35	51
66	72
75	64
86	69
65	66
44	57
80	64
73	62
66	61
82	68
80	76
77	74
57	67
68	70
58	66
61	58
86	67
51	51
67	64
45	52
69	60
64	63
74	64
65	57
65	74
71	67
68	58
63	64
71	73
83	64
53	62
85	82
76	63
71	69
69	72
81	73
68	55
51	54
76	69
70	65
83	66
87	85
61	75
86	70
57	72
86	71
79	68
71	63
83	74
71	62
81	77
69	69
69	63
46	56
41	58
88	68
46	57
84	83
67	55
47	69
67	63
72	63
61	67
79	73
83	69
72	70
55	59
81	69
71	71
68	74
85	77
64	55
55	66
66	64
55	67
75	74
73	67
55	66
65	65
68	67
88	79
74	67
62	58
79	65
68	65
82	73
77	69
78	68
55	62
80	67
68	64
79	78
49	59
79	67
75	65
85	76
76	66
91	78
83	67
75	76
81	70
35	59
73	60
72	64
60	69
63	68
83	71
68	61
73	66
64	64
89	80
33	55
75	73
67	60
74	68
62	66
70	65
63	55
62	56
52	67
74	81
53	53
85	70
61	62
66	53
70	59
70	65
68	62
42	54
69	67
83	63
70	69
52	60
43	47
78	72
81	78
72	63
65	70
75	64
70	77
79	82
61	61
78	73
66	75
66	61
61	66
60	57
73	68
80	79
82	64
68	61
74	73
86	76
56	54
61	54
60	67
60	63
77	67
77	68
61	54
65	55
71	69
87	69
78	68
59	61
73	75
42	60
64	63
85	70
62	64
55	65
57	60
74	82
42	57
70	78
76	62
79	68
89	76
63	61
72	67
65	61
51	60
74	64
76	69
70	62
67	62
71	77
77	66
54	54
71	67
52	73
80	60
78	67
61	66
41	57
82	77
49	55
74	61
85	64
42	52
77	71
78	62
50	49
82	68
71	72
56	65
75	69
64	67
63	66
77	69
86	82
42	57
68	61
64	70
54	58
65	73
74	63
77	68
54	69
74	67
65	64
80	69
85	82
59	65
54	64
72	70
66	67
54	54
62	66
79	81
52	64
54	66
64	62
54	68
78	67
75	63
83	62
53	59
30	49
76	64
79	76
66	58
72	73
66	60
83	74
60	78
56	63
65	59
62	54
71	74
36	59
61	67
51	71
66	67
76	72
41	61
69	64
63	64
61	59
42	62
59	75
64	60
50	72
76	71
53	60
67	66
66	72
82	71
84	70
58	69
55	50
58	65
74	59
67	58
84	62
77	70
66	62
65	61
70	63
76	67
73	70
80	77
80	71
56	63
76	68
73	59
62	60
59	63
58	58
69	69
73	73
75	68
61	63
66	67
71	76
72	66
75	77
49	57
53	59
81	71
79	75
79	63
80	70
71	63
71	65
77	74
62	60
66	71
53	58
68	76
68	62
75	61
77	70
48	63
79	67
76	74
60	62
53	58
63	74
47	70
73	62
76	68
60	74
68	62
70	67
77	80
67	62
86	72
62	67
92	82
68	66
58	64
64	67
72	67
54	63
64	64
73	71
80	72
67	65
48	64
65	70
49	62
72	72
57	51
71	67
67	73
64	68
54	67
75	67
71	74
42	50
64	56
60	65
74	72
71	66
60	63
55	58
45	58
48	56
67	65
81	69
60	63
80	62
63	59
51	64
67	66
61	71
51	67
52	80
58	65
54	60
69	66
52	72
79	78
70	64
82	75
66	66
60	69
59	64
58	72
72	69
79	70
41	50
77	69
75	67
85	74
59	71
70	64
76	66
64	63
62	66
68	63
78	63
52	61
75	73
81	71
42	73
83	72
58	61
56	66
78	70
57	65
69	67
62	56
80	73
48	64
63	63
64	63
67	71
50	57
65	66
58	52
77	71
53	62
67	62
66	60
51	62
73	63
78	70
57	64
50	62
86	71
70	73
47	70
65	68
59	64
58	62
59	65
56	57
60	63
74	60
57	65
62	57
67	65
59	73
70	66
58	52
71	72
82	78
78	68
72	66
75	71
65	59
67	65
64	62
71	64
82	72
61	67
53	68
48	52
66	77
73	64
82	64
62	64
73	67
73	65
53	59
72	65
86	70
53	56
77	68
77	75
67	70
48	64
72	61
71	68
66	64
89	72
66	65
37	50
65	60
80	74
83	68
68	69
74	69
59	60
69	65
57	67
56	66
83	69
75	65
72	72
51	56
71	58
51	63
66	61
79	69
38	61
57	65
77	65
65	69
64	62
64	55
71	62
70	68
46	49
77	79
65	61
58	70
71	64
45	57
81	84
85	66
85	90
89	71
78	64
67	66
70	70
76	69
68	65
66	63
71	63
74	71
64	62
77	68
66	67
49	65
45	60
70	69
78	75
86	71
84	68
69	62
62	60
69	74
56	71
59	63
71	65
70	70
65	61
94	70
54	55
62	61
54	68
72	65
75	63
80	55
78	74
67	68
67	65
77	70
81	67
65	68
63	67
66	69
65	61
80	83
66	66
80	69
85	67
78	67
87	71
65	66
59	58
91	78
70	69
79	81
84	84
77	70
51	60
79	73
69	69
74	66
59	68
63	63
47	57
49	61
70	68
65	65
53	56
54	58
79	61
69	52
75	72
81	61
84	72
82	74
80	69
71	66
72	60
68	64
81	67
42	56
62	67
53	52
59	71
86	78
77	64
85	82
59	66
38	64
53	60
50	70
66	78
74	63
52	57
69	66
69	65
42	48
45	52
74	68
44	56
45	57
81	76
68	64
67	60
77	73
38	60
64	64
74	70
70	78
63	56
53	55
75	74
70	67
69	69
61	64
60	69
65	62
62	69
75	65
69	72
74	79
59	62
52	60
71	76
42	57
60	64
28	53
56	50
74	60
77	61
49	57
83	67
83	74
76	68
43	59
86	79
73	68
62	64
75	70
64	59
70	64
67	68
58	60
58	65
84	72
43	62
75	64
75	70
62	58
71	77
58	72
69	70
61	58
73	70
69	57
64	65
86	69
70	78
50	68
71	63
65	67
68	68
58	58
62	65
84	68
64	56
80	63
81	71
72	68
40	56
59	58
57	57
66	62
38	57
60	53
65	68
56	60
59	74
65	62
57	58
73	75
77	73
85	78
78	64
76	68
56	70
34	52
54	56
74	63
76	70
65	67
75	71
60	59
76	67
69	61
67	68
72	72
76	75
84	78
87	67
59	51
74	68
64	66
77	69
53	67
78	76
58	71
57	66
83	71
64	64
45	52
67	63
70	66
60	55
53	55
47	56
75	65
85	66
81	67
76	68
58	58
70	64
65	66
81	83
70	53
52	66
66	71
55	70
66	66
48	63
72	69
72	72
80	65
71	71
77	70
54	57
56	56
61	66
61	64
59	71
84	74
66	60
59	58
75	72
59	57
60	55
69	70
60	69
70	62
77	57
72	66
75	78
50	68
63	62
37	56
55	56
58	56
83	65
63	53
54	67
61	56
70	70
83	73
78	67
80	74
78	69
68	56
76	68
62	54
68	71
73	67
62	65
63	69
70	82
67	65
54	60
73	67
80	68
42	63
75	63
72	67
70	66
54	59
61	65
75	70
64	65
59	62
74	67
78	68
52	62
64	71
58	67
59	65
76	63
72	62
73	63
43	52
74	68
69	66
46	59
64	69
58	55
84	71
67	66
54	63
71	65
70	67
56	64
91	70
72	71
59	59
58	53
80	80
65	64
67	67
54	63
66	61
65	53
83	69
67	58
57	59
79	64
83	64
85	78
69	74
88	73
78	66
83	76
72	66
73	66
66	69
56	59
75	66
52	69
54	71
75	79
71	58
74	72
78	71
78	72
81	74
73	77
80	65
83	77
71	61
71	66
67	59
83	70
59	58
59	71
69	63
71	73
38	59
67	66
74	72
78	70
68	67
72	65
55	66
70	64
69	62
51	58
87	66
64	66
47	55
75	76
78	64
38	58
67	69
85	75
46	55
68	57
75	64
46	51
71	61
64	63
56	50
76	67
79	59
66	76
49	55
67	60
60	61
77	67
66	65
71	72
73	64
74	65
72	65
67	68
57	55
60	64
52	61
57	59
74	70
71	78
78	63
55	53
68	77
75	68
76	69
85	70
50	61
65	57
52	70
83	70
58	57
80	60
70	61
63	63
78	72
75	70
74	65
70	72
56	58
84	72
57	63
48	65
46	56
75	73
75	65
87	72
72	65
76	74
81	71
78	75
59	63
60	60
50	62
69	61
48	64
67	56
49	61
69	61
61	65
80	69
74	61
72	61
70	74
90	71
58	63
81	65
75	73
63	66
56	59
56	68
63	58
63	67
62	64
74	58
78	71
51	65
39	61
76	67
76	69
81	64
59	68
67	64
69	66
33	47
50	60
64	54
52	52
44	65
67	59
70	73
69	67
53	55
47	59
67	64
54	57
72	69
72	68
73	56
61	58
62	74
65	68
62	65
90	70
44	69
58	67
70	68
84	69
82	72
56	69
74	69
70	72
71	62
57	57
73	73
72	70
75	65
60	69
79	74
69	65
63	63
83	69
64	69
42	55
71	74
87	68
53	58
81	79
66	64
71	64
50	49
73	78
56	58
80	67
77	61
73	72
79	64
67	54
72	72
74	73
59	61
65	64
74	81
74	68
66	64
70	63
77	67
68	71
75	73
90	91
44	48
70	73
37	64
73	66
55	60
74	75
77	71
64	81
58	71
68	64
58	75
45	49
70	61
66	66
91	84
84	71
57	67
67	70
66	68
68	74
66	59
72	64
68	66
65	74
70	70
52	66
50	65
87	74
63	76
72	61
67	53
74	69
54	67
47	58
43	49
74	74
60	61
75	65
71	66
80	63
77	72
70	66
66	68
42	51
51	58
71	64
61	66
58	54
70	72
90	73
46	58
78	71
47	59
91	83
41	65
70	67
50	66
80	75
70	74
52	57
67	69
75	70
79	68
69	67
73	71
78	71
75	72
71	82
51	75
48	48
80	66
56	57
74	66
81	63
70	66
59	73
74	73
69	63
82	76
82	78
68	66
75	70
63	73
55	69
66	71
62	65
73	71
81	66
64	58
69	60
51	59
57	67
80	68
51	56
65	61
46	67
54	53
44	61
55	66
68	71
70	67
81	65
79	74
60	51
59	59
68	65
70	62
52	60
62	67
69	57
79	65
66	62
78	62
72	67
67	65
72	66
57	66
65	66
67	71
74	84
66	65
70	72
57	60
66	67
80	78
72	73
68	63
55	58
56	57
67	68
69	65
80	63
81	75
71	68
60	55
65	65
52	56
63	54
75	63
72	68
73	71
57	66
54	65
66	64
78	70
61	61
74	61
75	63
66	61
58	60
77	73
77	67
70	87
79	75
73	69
72	69
68	68
78	77
61	55
65	65
61	64
70	72
69	61
68	71
77	66
63	59
72	74
60	79
82	68
52	58
77	70
60	66
73	68
52	63
72	65
72	66
67	63
74	80
85	71
68	53
81	73
74	72
71	66
69	64
72	73
71	74
66	59
62	70
78	68
72	68
41	59
83	73
64	60
70	68
65	69
60	52
55	64
92	63
73	68
62	62
51	64
93	70
57	61
65	72
78	66
47	50
78	64
37	71
60	68
53	57
86	82
72	66
74	71
52	57
63	70
39	53
61	63
48	60
62	63
51	61
70	67
39	57
68	63
68	83
78	69
80	74
72	66
62	62
73	68
88	69
69	66
64	68
41	56
72	68
69	58
76	62
70	73
80	67
65	67
69	65
84	70
80	69
62	63
77	71
46	71
73	64
80	74
60	66
74	70
69	71
84	72
69	66
79	64
71	64
71	69
51	66
72	66
79	64
67	66
61	60
76	61
77	70
52	53
74	69
77	69
72	64
62	60
29	47
63	59
82	67
72	77
76	71
59	68
73	65
86	70
83	73
63	57
76	65
46	65
54	58
77	66
68	65
77	76
27	56
83	73
75	67
88	79
55	64
70	65
63	59
70	60
65	58
78	70
67	64
51	52
64	70
62	59
75	65
68	65
84	69
69	65
61	56
48	64
75	69
46	62
71	68
61	69
68	61
75	61
61	55
88	84
62	75
70	61
82	72
75	72
81	65
48	54
58	61
79	65
88	71
47	62
62	63
36	55
86	74
84	80
60	67
78	72
86	69
72	59
82	64
64	62
68	67
68	67
72	68
52	63
60	56
76	66
77	70
63	57
51	57
66	66
70	62
70	61
69	66
77	62
75	73
69	71
72	65
56	66
70	65
63	67
79	63
49	65
67	75
56	66
75	67
82	68
83	62
76	69
90	84
88	64
75	64
72	73
42	54
71	69
64	59
64	61
70	74
69	57
75	71
54	71
78	66
60	51
60	62
87	75
66	65
86	78
73	72
67	65
64	60
93	80
68	64
75	69
75	76
77	63
69	67
74	64
80	59
49	60
69	68
56	58
51	62
91	74
51	55
67	68
56	71
70	70
80	70
70	80
63	59
66	57
74	76
58	63
66	59
85	66
56	64
67	66
74	74
83	69
72	64
74	65
65	74
59	56
43	48
69	67
76	76
83	66
49	63
86	72
69	64
64	64
70	60
75	65
77	67
71	69
64	66
50	65
64	74
73	66
49	51
71	68
63	62
56	63
54	57
69	61
65	69
70	75
78	74
35	50
76	66
69	68
54	60
43	61
68	64
65	72
57	62
74	71
70	74
53	62
82	60
60	59
79	72
68	56
57	66
72	74
71	66
63	56
49	47
41	58
74	69
48	62
67	62
41	56
72	67
55	56
60	60
42	51
77	69
79	80
93	80
67	62
71	66
54	64
61	72
67	67
84	64
47	53
65	72
78	68
50	78
65	57
79	68
78	69
82	76
35	51
69	75
86	68
48	61
84	90
70	66
68	61
81	72
47	55
50	70
52	52
69	60
92	82
82	77
62	66
61	71
63	59
33	56
60	57
60	76
67	65
62	61
76	69
53	63
63	70
71	75
56	67
70	78
56	51
62	56
75	66
53	74
88	64
74	76
62	55
69	78
78	76
37	64
57	72
71	74
62	66
79	64
43	56
76	77
61	58
58	58
50	57
81	65
62	68
52	56
71	72
75	67
69	68
72	68
60	57
47	65
88	71
80	61
71	76
56	64
62	71
64	63
51	57
56	58
55	69
72	64
73	71
74	68
62	66
80	65
75	64
72	69
61	61
76	83
72	63
77	57
71	64
76	68
72	71
66	70
78	74
57	65
72	68
85	83
67	65
54	71
73	68
71	67
39	53
73	64
71	67
36	56
75	75
53	77
85	73
72	70
47	61
68	65
65	67
73	65
65	64
56	58
80	72
74	70
40	65
79	61
58	70
79	69
70	74
62	69
46	63
71	66
82	67
77	67
89	69
77	72
70	63
66	64
75	73
55	64
66	72
61	68
84	74
59	68
80	73
74	67
80	74
73	76
74	60
42	49
80	65
52	67
68	65
40	63
63	58
50	61
79	64
71	66
58	69
73	66
67	67
54	57
78	73
57	60
78	73
66	63
85	67
69	74
74	69
77	65
93	82
70	71
58	57
65	53
68	63
61	58
67	69
63	54
77	64
62	64
87	72
60	65
57	59
73	68
63	64
65	66
59	62
66	63
84	65
76	71
83	68
64	61
68	59
78	66
65	69
55	59
66	59
74	71
68	65
86	82
60	68
73	68
52	67
82	74
56	65
66	68
47	63
72	65
82	67
60	56
73	69
47	59
71	68
62	66
69	64
78	74
55	58
67	61
52	71
78	81
68	70
70	70
73	66
80	81
65	71
80	66
72	64
71	62
85	65
63	66
64	68
54	58
65	58
65	66
77	72
47	55
78	73
65	68
75	71
74	64
64	60
73	78
63	59
58	79
77	68
61	56
68	69
66	66
88	73
48	66
70	65
63	65
61	76
54	70
59	62
70	64
60	57
60	61
44	68
65	63
84	72
78	66
55	73
83	76
79	69
79	65
74	67
47	68
50	63
53	66
74	57
83	67
71	70
60	57
75	69
72	67
78	59
58	71
77	69
64	69
63	65
71	66
68	61
37	52
56	62
74	66
66	70
76	73
67	53
50	63
27	50
77	62
43	62
74	60
79	68
54	67
63	65
68	69
67	70
64	59
66	61
72	67
56	64
76	68
60	58
55	60
59	67
62	58
58	69
88	74
38	61
67	63
85	79
76	65
76	68
55	58
71	62
68	63
41	62
52	60
62	74
66	64
71	72
68	73
81	71
47	49
62	61
77	70
75	65
65	69
62	61
64	66
68	69
64	69
63	62
51	57
72	61
55	67
79	67
62	75
38	57
64	64
54	65
53	65
87	65
77	72
80	70
73	76
68	77
55	61
49	63
60	76
75	63
53	63
75	75
42	49
92	73
57	67
66	60
63	62
77	65
64	56
65	65
39	61
73	62
42	51
69	78
65	59
90	69
53	63
58	65
77	68
71	69
69	73
81	68
74	73
72	75
72	58
53	58
58	67
72	68
50	51
47	51
64	68
84	75
77	68
64	70
61	73
54	65
38	48
61	57
50	62
87	66
64	68
65	62
52	68
53	59
66	56
66	72
59	59
66	61
48	59
46	49
68	63
76	73
61	64
60	64
88	74
71	60
66	68
82	84
71	58
69	71
72	63
79	69
63	56
66	70
62	52
58	61
59	69
80	82
61	59
30	54
58	64
65	69
70	71
91	75
58	66
74	72
75	68
63	64
60	62
55	55
68	57
61	68
61	64
60	71
73	73
57	62
69	62
57	74
47	65
55	52
71	64
57	70
73	63
74	69
72	62
64	62
74	66
42	50
88	75
59	62
71	69
59	60
81	72
57	67
67	65
57	63
76	63
58	63
65	76
68	72
75	66
67	63
78	61
60	63
65	72
74	60
76	69
66	65
50	51
77	60
72	62
70	76
53	63
79	72
54	61
71	64
72	66
66	79
63	63
85	77
78	77
57	64
73	65
62	61
70	68
70	65
67	62
74	63
62	59
70	61
45	64
74	67
65	65
64	61
60	60
84	70
71	67
51	52
63	65
58	64
62	61
62	52
38	55
57	60
67	65
67	61
68	58
87	89
66	70
50	65
73	69
72	70
89	71
68	63
69	63
52	62
76	60
50	66
74	69
74	67
47	59
84	63
70	61
79	68
69	65
59	65
58	64
84	69
79	65
65	69
81	69
74	69
90	72
73	62
62	65
75	73
69	66
58	65
64	66
51	55
78	80
90	67
74	63
65	80
77	65
49	62
48	58
27	49
75	66
72	65
59	63
75	69
69	68
57	54
57	58
74	74
88	79
59	61
46	60
74	71
66	56
80	67
62	63
74	64
80	69
65	58
76	67
57	62
54	73
45	64
75	78
57	58
40	54
70	68
45	62
56	55
40	64
75	69
65	62
71	69
67	63
70	62
79	71
58	55
80	74
66	62
83	76
75	66
76	70
73	66
35	61
57	55
65	66
80	72
48	62
72	64
45	56
65	58
70	69
46	48
82	70
68	69
66	62
83	72
74	62
62	63
78	79
68	66
83	75
78	73
70	60
90	75
66	60
56	59
59	58
67	63
81	75
70	68
69	71
65	63
60	71
58	70
80	70
66	55
59	75
79	73
54	62
58	67
39	62
45	60
85	72
74	62
56	51
61	63
46	58
68	69
68	65
81	85
71	68
68	56
46	69
61	64
51	59
77	61
75	71
56	67
61	62
70	68
73	61
71	67
65	70
73	69
93	79
74	71
28	51
61	60
85	69
79	80
73	68
77	66
56	61
45	64
54	63
80	63
65	66
76	75
77	68
36	53
54	53
72	55
80	69
75	63
77	68
50	67
74	62
56	54
85	86
61	70
65	70
74	58
57	57
66	61
58	61
53	61
74	77
66	60
59	56
48	52
60	66
56	68
64	80
74	76
69	69
75	63
69	57
64	68
47	58
67	61
48	55
60	59
65	62
73	65
65	76
67	63
78	68
50	58
54	60
67	63
65	72
66	70
78	71
69	70
65	62
68	62
83	75
67	74
72	56
62	57
62	63
85	77
70	68
58	70
76	69
62	73
69	59
74	63
63	63
73	63
84	72
83	71
67	60
75	81
80	69
76	73
75	68
82	75
75	70
49	62
74	67
84	84
70	66
70	61
72	80
85	74
84	81
75	77
56	60
82	68
73	67
74	64
60	66
72	63
63	65
62	67
72	62
59	54
57	56
77	72
46	52
64	74
60	53
66	70
57	67
82	74
79	69
74	59
72	82
50	70
61	67
79	66
67	67
73	68
67	68
56	68
51	52
68	69
72	65
72	65
77	63
72	62
73	66
66	68
66	76
43	49
77	68
74	66
64	59
78	68
79	66
80	66
77	68
64	63
45	62
66	64
67	66
65	61
75	64
74	58
74	65
66	63
88	79
56	56
75	62
68	67
39	57
47	48
70	57
72	67
79	70
68	73
62	60
55	55
87	75
84	59
83	68
75	63
86	65
68	66
63	70
67	57
70	67
57	66
66	63
63	62
81	64
63	61
46	66
65	59
53	51
74	76
83	68
82	64
70	64
64	71
71	66
85	71
81	75
73	80
72	72
83	78
52	59
56	64
74	75
51	68
79	75
51	59
68	59
48	58
66	62
75	78
73	64
69	62
55	64
55	73
62	70
72	67
72	83
45	60
50	65
76	73
74	66
59	64
73	66
64	62
74	68
67	64
62	53
57	67
59	57
64	65
71	71
78	72
75	79
45	50
72	59
62	54
61	63
48	68
80	71
59	56
68	63
37	50
64	65
56	66
62	61
71	64
44	55
51	65
72	71
68	55
64	63
58	61
68	67
76	63
46	60
77	71
50	55
83	65
34	55
64	65
69	59
84	63
76	72
51	66
59	53
83	81
44	53
61	76
75	79
72	65
48	59
45	49
75	58
62	59
73	62
57	65
55	71
55	64
89	79
61	62
66	69
91	75
39	48
74	73
49	60
69	59
76	73
65	61
77	65
85	76
90	76
81	71
85	72
70	79
79	76
78	68
71	67
60	61
76	66
65	71
46	66
42	66
75	68
41	54
67	65
52	58
81	65
85	76
73	65
53	51
44	54
68	68
37	49
67	62
56	60
73	65
54	56
55	78
75	69
63	73
58	63
74	64
73	62
69	66
71	65
75	74
65	58
84	73
73	78
79	73
66	72
82	71
60	68
68	73
66	55
51	59
65	67
56	61
76	65
47	56
57	56
71	65
65	74
72	69
60	67
44	60
68	67
72	62
65	61
66	66
79	72
48	52
40	57
79	83
74	71
55	57
38	52
76	70
58	63
68	69
78	66
70	65
62	61
72	71
82	76
50	56
82	71
73	70
34	48
63	67
78	80
90	77
83	76
52	64
69	71
66	63
50	77
77	77
71	69
75	64
64	71
85	83
63	60
75	60
74	65
75	61
50	74
83	70
56	70
72	68
58	67
51	54
88	64
83	77
78	73
70	75
65	68
66	60
60	68
53	61
69	60
77	66
75	79
42	47
69	71
67	64
81	69
58	58
79	72
70	68
77	67
53	66
70	67
65	73
67	67
53	75
75	62
70	63
56	67
86	71
67	61
49	76
84	82
47	65
81	72
77	66
42	68
67	66
81	64
67	72
71	77
51	57
53	62
76	64
76	66
59	64
45	60
61	55
67	69
59	65
71	67
63	51
64	77
71	64
80	74
68	63
62	54
69	64
71	70
71	67
80	66
67	62
75	71
55	62
79	71
58	67
48	63
87	71
71	76
67	53
80	74
77	67
74	69
80	67
71	70
68	56
62	73
56	55
62	66
57	56
50	66
60	69
66	68
68	67
52	66
37	57
79	58
80	66
72	58
64	61
59	63
38	58
58	68
64	69
45	52
73	74
49	66
93	72
84	72
69	73
78	66
57	70
78	66
52	57
60	59
73	67
59	64
71	70
44	50
76	77
39	56
69	61
70	65
58	68
64	74
54	56
82	71
82	76
49	64
79	70
67	63
78	72
74	72
71	65
79	73
61	68
79	91
73	66
71	63
67	68
75	67
84	81
77	69
85	68
44	56
69	55
74	70
62	64
68	61
60	62
80	74
77	64
74	72
46	58
65	58
44	53
77	73
87	73
38	62
82	74
69	62
72	79
52	67
77	64
76	71
57	51
68	84
74	69
57	59
73	64
62	76
79	74
62	63
58	59
71	65
60	63
61	67
60	60
91	79
70	56
67	61
81	75
51	57
79	73
77	68
76	64
73	56
65	68
53	61
57	66
82	79
42	54
71	67
70	68
73	69
80	63
47	57
67	69
53	60
60	60
53	66
74	65
71	61
70	74
71	63
70	71
53	61
83	61
79	68
37	51
81	72
77	67
85	76
69	74
77	67
69	68
49	64
64	67
69	65
53	77
88	76
50	59
27	51
58	61
48	58
72	72
85	77
56	69
62	58
85	83
70	61
64	71
58	61
70	72
77	72
57	71
74	64
75	70
38	51
78	63
66	68
67	69
82	67
68	68
74	70
76	72
69	74
38	59
46	67
62	57
61	65
67	62
82	73
68	72
78	73
57	65
77	65
77	66
64	62
85	81
57	55
55	65
85	75
59	78
77	67
67	72
66	67
73	65
77	69
75	63
66	74
74	69
89	80
87	63
73	71
37	65
59	72
66	65
65	62
56	55
57	54
80	78
69	65
46	63
64	80
56	63
77	77
78	74
67	61
63	64
76	68
79	67
69	70
80	73
84	64
81	65
41	72
55	73
93	81
58	66
75	76
62	81
64	55
29	50
68	68
63	65
73	62
81	75
74	70
68	64
63	53
67	58
37	60
64	69
67	58
54	67
66	65
80	66
62	64
55	66
54	55
64	73
85	73
83	76
79	80
39	49
61	61
70	68
60	64
60	72
72	71
68	66
70	66
57	64
51	70
53	52
49	58
67	79
66	62
82	74
54	60
36	59
70	78
57	59
60	62
71	72
53	55
83	72
62	60
72	74
53	71
60	71
61	78
71	68
71	68
74	60
46	60
79	68
73	70
52	67
68	69
60	58
61	70
86	87
54	53
78	74
63	74
71	65
60	57
75	80
77	74
59	56
81	75
69	68
57	57
75	59
77	71
74	62
68	64
78	70
59	61
73	77
60	57
69	65
42	59
68	64
69	59
62	60
80	69
74	73
69	76
64	70
67	77
76	68
72	89
75	67
45	56
76	69
77	73
68	61
72	69
80	64
35	48
69	67
33	58
57	68
60	65
56	78
47	59
50	58
85	73
56	58
52	52
55	61
73	67
57	64
77	68
66	67
53	64
66	60
65	55
74	75
69	68
54	64
63	69
79	69
81	67
76	71
58	69
72	61
63	68
52	60
74	56
80	73
47	49
59	59
71	65
63	67
62	72
64	75
70	61
71	58
76	71
65	65
72	65
67	67
47	61
70	62
66	60
68	70
74	67
48	57
56	61
48	52
69	65
60	74
51	53
57	61
30	54
38	53
79	73
45	54
75	70
64	63
45	51
61	55
58	60
69	66
72	88
37	51
54	58
73	66
81	66
67	78
56	72
74	70
75	66
61	59
41	58
60	53
75	78
87	68
59	62
62	67
36	47
60	67
55	78
57	61
84	83
74	71
65	59
63	68
76	66
75	61
67	68
69	71
83	77
46	66
60	68
74	63
55	61
72	70
60	65
67	77
58	58
62	69
77	73
74	72
75	73
66	66
58	59
59	60
72	67
54	55
78	71
66	60
67	59
60	62
66	69
48	62
48	68
74	64
51	55
71	77
52	58
77	69
53	55
72	66
64	64
49	64
75	64
47	53
81	75
76	64
74	72
55	60
50	55
58	62
74	60
49	51
80	72
72	66
66	71
75	60
75	65
83	71
58	66
71	61
63	59
85	75
65	62
89	80
70	68
71	71
86	75
76	68
66	60
79	75
68	73
83	76
58	54
52	58
70	69
83	70
53	50
78	73
52	67
86	74
58	55
78	67
70	67
77	65
67	62
79	73
54	63
56	57
59	67
64	58
53	54
65	66
49	48
53	68
56	60
63	66
72	64
73	60
69	78
80	80
66	67
75	56
61	67
65	71
78	70
79	69
63	78
56	69
74	65
74	64
65	61
57	56
65	65
37	59
73	69
68	72
69	59
76	72
71	72
77	68
71	57
62	80
70	66
43	56
64	56
76	66
74	75
66	70
66	70
73	64
87	71
79	76
76	70
60	62
63	65
58	80
83	72
70	70
71	67
76	67
76	70
67	66
74	64
78	69
59	62
47	51
55	59
72	72
72	64
65	65
77	61
81	77
71	73
67	65
73	69
73	66
59	75
73	77
71	70
65	65
77	64
72	78
93	74
79	82
60	64
57	63
44	63
63	65
82	83
68	69
49	51
75	64
71	66
58	68
39	53
49	73
49	65
51	62
66	75
50	65
84	74
82	79
75	69
52	73
85	62
66	64
77	68
46	55
54	48
80	74
71	68
46	64
62	62
72	68
61	56
53	71
72	63
51	55
56	62
65	62
66	58
56	60
81	70
81	77
88	80
64	68
70	65
73	73
81	78
59	72
56	69
62	66
74	62
66	57
74	76
67	73
53	68
65	66
30	54
79	75
58	70
68	67
49	56
81	69
73	64
51	62
83	79
79	71
78	80
59	63
59	63
54	74
43	62
73	67
49	62
73	64
57	62
49	59
64	59
77	70
75	71
55	62
65	55
54	65
76	69
58	65
75	59
67	64
84	79
75	71
82	69
74	73
53	59
66	68
74	66
45	73
68	62
60	85
68	62
68	57
64	58
62	56
58	73
70	61
63	53
72	80
69	63
71	68
38	63
68	62
76	75
67	64
68	82
72	70
57	63
54	52
54	58
76	67
77	65
85	79
76	70
73	69
86	79
69	70
70	75
56	62
78	72
78	62
82	74
83	77
80	67
87	82
71	55
75	65
74	72
42	59
72	65
56	67
47	68
66	67
59	61
71	74
56	59
50	50
70	65
50	58
40	47
57	71
79	66
67	72
62	58
70	70
52	65
69	72
62	67
39	50
62	57
70	68
81	75
58	64
49	51
80	70
52	63
90	75
28	49
73	73
68	60
50	56
79	70
58	58
48	72
72	70
73	61
75	65
81	69
77	73
57	64
91	78
80	75
65	60
65	64
71	68
70	59
73	65
61	57
69	69
81	71
84	78
74	67
79	67
72	57
84	73
57	53
76	68
87	72
83	85
62	57
64	74
53	65
75	60
66	59
72	71
73	61
27	47
69	66
78	70
75	75
90	88
71	70
40	58
58	52
73	69
80	75
62	56
66	65
67	71
62	72
60	64
72	68
59	57
80	72
67	70
80	75
82	67
74	60
58	62
60	57
42	58
76	68
67	68
76	74
84	71
62	70
70	62
66	71
67	56
68	66
49	53
62	61
69	74
71	70
60	70
61	67
67	71
68	73
64	67
76	65
61	62
63	61
61	64
73	68
58	64
66	59
66	71
63	68
44	63
77	75
74	64
82	63
73	65
49	58
52	61
70	78
79	74
65	59
73	68
88	62
37	52
78	67
74	61
86	77
66	78
66	75
51	72
73	61
57	54
79	62
72	61
68	63
73	64
48	50
71	64
66	64
66	76
79	64
73	71
68	58
75	61
78	66
53	63
78	68
63	65
56	52
55	52
83	67
72	63
71	60
82	67
68	72
74	61
65	70
77	64
61	65
76	62
82	71
52	52
64	68
71	63
68	73
43	55
67	61
62	70
59	69
79	71
89	71
63	68
75	74
84	70
74	62
62	72
71	78
70	64
75	73
70	66
48	71
52	68
69	68
75	75
59	70
66	63
91	79
76	73
89	68
54	55
71	71
82	66
73	68
77	66
81	69
77	76
58	74
66	61
77	67
75	79
80	72
72	78
72	75
79	69
91	70
82	70
88	75
77	64
56	66
71	71
66	68
48	61
82	69
78	74
72	63
70	69
51	58
74	64
66	70
85	68
71	67
74	67
88	74
74	63
72	67
78	73
79	70
76	67
78	67
73	69
56	61
86	81
77	69
47	59
68	66
74	69
62	77
72	67
68	66
69	65
75	73
77	69
68	71
64	65
64	60
51	63
73	62
62	68
68	61
83	70
60	59
68	71
73	73
73	60
67	71
86	75
58	66
80	82
72	64
71	69
71	68
70	63
70	71
73	63
77	68
62	60
73	71
72	66
67	70
61	58
67	64
77	66
55	62
35	55
68	68
72	67
55	52
78	63
63	68
62	65
55	58
50	65
65	66
56	62
63	63
58	66
61	66
61	60
72	69
68	63
56	56
82	76
49	50
47	52
80	64
76	68
69	66
60	58
47	58
48	59
75	68
69	64
29	50
79	71
71	64
69	74
83	67
56	55
56	59
64	76
74	77
60	64
72	65
81	79
66	63
42	52
70	61
75	58
58	63
73	72
62	62
63	62
82	84
81	77
77	67
63	73
79	67
49	64
52	50
73	77
63	60
69	68
57	50
60	65
60	67
66	60
69	63
72	66
59	76
84	67
43	52
75	75
80	78
72	66
51	55
78	73
77	68
53	58
45	62
80	80
59	65
37	49
65	55
74	69
85	71
88	79
38	64
59	66
66	67
55	61
76	72
44	56
82	78
57	65
55	57
58	56
80	74
67	51
49	51
76	80
62	61
61	64
64	60
68	64
70	60
79	73
70	63
58	62
73	65
76	72
80	72
72	66
76	67
53	66
59	67
69	73
88	69
77	69
68	58
71	71
61	62
62	63
74	63
73	66
54	70
68	65
56	66
53	53
65	65
63	62
55	65
74	65
75	65
60	57
76	73
67	68
82	70
86	70
59	53
36	51
69	70
71	66
50	52
54	59
46	47
83	78
45	58
67	59
76	63
74	85
63	78
69	69
73	59
68	60
52	62
64	65
72	71
65	61
63	62
61	61
75	62
63	73
59	64
71	65
74	73
68	67
65	67
68	65
66	62
79	69
66	68
48	60
85	77
78	70
71	67
50	60
79	66
56	59
51	59
50	65
72	68
84	70
72	83
79	76
58	53
65	58
89	71
83	73
89	87
76	68
74	71
59	57
80	67
59	63
91	70
60	75
75	65
65	62
70	68
42	54
81	71
82	68
69	62
61	68
63	61
69	60
67	76
64	66
61	62
53	52
68	64
72	65
79	74
69	60
55	61
45	60
71	71
71	68
71	70
81	64
81	72
81	74
66	65
75	63
84	71
73	75
70	72
66	66
64	67
80	73
71	57
72	71
50	62
78	83
70	70
68	56
56	64
56	59
75	72
75	62
66	64
71	70
67	65
53	61
67	69
81	62
37	50
73	71
77	69
73	71
64	64
51	54
47	52
52	76
76	68
76	70
70	66
87	76
81	78
58	76
62	60
67	60
59	65
77	66
66	62
56	59
58	71
71	61
83	68
55	57
69	69
70	61
79	64
59	64
66	60
61	64
77	74
80	65
63	62
68	70
82	68
75	69
45	59
70	65
47	56
78	69
73	63
68	72
74	59
65	65
78	81
76	64
63	64
69	65
70	65
80	72
46	51
60	71
62	55
76	65
72	66
47	63
69	67
65	61
64	67
76	66
80	70
59	66
79	78
65	58
92	70
60	66
66	71
85	72
73	62
66	63
64	72
68	64
50	63
71	69
79	73
74	63
64	61
54	66
62	75
82	70
88	72
76	65
66	77
43	49
46	55
71	61
70	61
68	67
68	64
68	71
70	68
78	65
71	65
66	61
68	67
71	66
59	64
85	72
63	70
63	67
61	69
50	62
83	71
45	59
60	62
50	50
68	66
77	64
81	74
53	74
77	66
40	49
64	61
73	76
70	62
81	67
75	68
85	85
44	59
71	67
67	72
71	59
48	59
70	55
81	75
73	59
82	73
69	63
41	54
34	57
69	79
63	68
76	77
91	72
79	67
72	64
80	68
75	74
79	67
35	50
55	59
69	63
72	75
79	73
71	64
70	67
64	60
63	63
71	65
74	69
72	66
53	68
40	57
74	61
65	63
64	66
48	64
44	59
86	75
50	58
71	63
86	75
69	60
48	56
72	58
69	74
42	57
72	62
56	58
41	64
65	64
58	64
59	60
70	68
85	79
74	69
74	79
68	60
67	67
72	67
74	69
71	72
66	67
70	70
68	65
84	77
68	62
63	63
71	58
79	71
74	66
74	76
69	65
51	71
74	56
60	64
71	61
59	59
73	73
76	82
84	72
57	62
75	74
42	51
73	77
74	74
70	67
84	77
67	69
53	63
46	62
42	50
59	77
63	60
53	60
46	65
84	66
86	73
55	62
65	63
66	66
68	72
55	57
64	61
71	75
73	70
63	65
83	71
63	78
67	73
67	68
60	54
77	67
87	80
70	66
66	69
71	68
50	55
60	63
64	65
88	81
62	54
79	71
75	69
71	62
73	63
87	71
69	74
62	74
43	61
57	65
59	66
64	58
78	64
71	68
83	70
51	60
82	61
78	70
69	67
84	74
85	77
64	59
55	62
70	65
87	66
65	71
74	66
73	66
65	89
68	69
62	56
63	73
61	68
81	72
40	63
60	56
67	61
72	70
74	69
69	68
74	72
68	58
73	76
71	68
66	66
52	54
72	67
82	74
67	65
74	65
68	63
68	66
68	67
83	79
78	67
79	75
81	68
72	66
48	63
60	66
53	61
66	60
77	67
68	60
74	69
64	67
68	63
69	65
91	87
81	74
76	63
76	69
67	73
39	58
45	63
78	69
86	83
35	55
46	58
64	59
61	69
56	61
71	65
72	72
45	60
66	61
65	69
65	69
68	73
76	62
63	72
78	70
73	58
71	62
52	58
63	78
67	70
66	56
77	68
68	61
38	56
73	71
69	74
48	59
64	61
66	71
52	53
62	70
54	67
81	73
76	66
70	67
61	54
76	71
37	55
72	73
71	69
78	68
77	75
74	62
72	62
73	67
49	52
43	50
55	60
86	76
54	79
77	69
66	61
58	74
76	65
86	75
85	84
87	76
65	64
84	70
79	86
62	63
74	73
43	65
63	72
65	62
76	66
74	64
60	74
80	71
73	67
63	62
88	77
82	70
48	52
66	67
78	64
62	62
41	66
45	56
55	68
72	69
43	50
59	64
74	75
57	63
47	67
59	64
40	62
66	55
49	63
67	61
72	65
57	57
37	49
68	66
79	66
68	61
73	72
75	69
52	63
78	66
69	66
60	73
69	66
39	53
84	70
69	67
72	69
70	61
57	68
76	62
51	58
69	65
47	54
60	74
51	63
75	67
81	76
42	49
57	56
84	69
79	65
74	67
71	62
83	72
72	70
77	61
43	50
86	74
69	70
78	68
59	74
74	66
85	73
78	71
66	62
71	65
46	53
58	65
56	69
40	48
53	68
44	61
56	59
66	70
67	59
76	65
72	78
58	54
75	79
57	57
59	67
74	68
68	58
47	59
66	71
56	65
75	71
75	66
77	72
54	62
52	61
30	52
64	60
83	69
60	63
42	54
76	69
51	70
77	68
75	68
55	67
84	73
74	67
89	62
45	62
45	58
66	67
60	54
65	69
56	63
72	69
76	67
51	60
85	66
59	74
79	72
82	77
66	72
65	68
81	70
76	64
66	67
58	57
69	71
62	66
66	64
68	72
59	62
60	70
80	84
56	63
79	68
61	64
70	69
69	67
51	58
70	77
71	64
81	81
80	70
55	61
67	61
62	70
62	70
68	67
80	76
60	66
85	81
75	72
52	69
43	57
72	78
74	62
71	78
46	57
51	68
74	66
55	63
75	64
92	64
74	69
61	61
66	66
66	62
86	70
78	79
66	66
51	57
65	74
79	66
77	73
69	71
67	69
77	73
67	68
81	70
38	51
74	63
71	66
77	75
51	54
44	71
80	59
88	78
85	68
67	65
78	67
61	65
66	60
65	65
67	59
47	64
49	55
56	66
72	65
66	62
73	64
67	64
71	70
77	67
74	66
79	63
68	74
62	55
59	60
62	66
61	72
64	57
69	59
37	55
76	67
59	68
76	67
75	72
53	55
57	68
41	49
75	70
50	56
72	69
65	81
68	74
70	55
72	66
77	77
69	63
71	77
73	69
76	69
64	70
83	63
75	62
57	64
79	69
60	70
74	62
72	71
74	75
75	68
67	71
75	72
55	68
88	76
68	65
63	66
46	55
61	66
77	65
71	69
75	69
83	74
67	58
74	62
70	86
74	77
74	68
91	85
74	59
45	62
60	56
70	64
66	66
50	56
71	64
65	61
69	67
81	78
52	70
67	62
80	73
64	67
77	71
81	66
71	77
57	63
65	61
62	63
48	60
57	77
67	58
59	72
79	77
68	65
77	74
87	81
67	64
68	64
68	55
74	63
64	63
89	69
52	59
53	61
79	69
71	75
67	59
77	77
85	81
54	58
61	64
72	69
67	65
76	64
71	61
62	58
65	50
62	55
68	69
51	62
56	67
58	71
58	64
71	66
83	86
66	69
65	77
76	72
77	71
71	64
60	56
64	61
73	69
78	68
75	73
37	55
68	63
67	62
87	77
79	65
67	63
67	64
64	58
62	61
75	70
81	73
76	73
72	66
74	70
78	69
70	69
72	59
81	78
50	64
69	64
60	57
66	63
69	77
67	62
75	74
84	68
71	68
74	83
29	49
59	59
75	69
77	61
67	75
58	64
73	74
65	63
94	78
76	69
58	66
64	72
74	63
70	80
74	68
60	64
39	53
67	63
74	68
57	50
54	65
42	57
71	72
86	82
68	58
38	59
49	63
75	59
83	68
58	53
72	69
68	68
70	79
78	57
66	67
74	70
76	64
83	73
85	79
60	67
74	79
81	64
68	76
84	77
65	59
54	60
74	69
49	62
76	75
80	63
49	61
64	63
51	67
83	74
64	64
39	50
43	57
49	68
53	70
60	65
68	62
74	66
50	57
67	70
48	65
78	72
82	65
81	67
66	56
78	76
89	77
71	64
82	66
63	58
70	64
88	77
85	74
39	53
45	68
63	73
72	65
68	65
51	68
66	66
66	64
51	48
81	70
67	56
58	75
39	59
69	62
63	50
70	70
72	68
74	74
78	73
73	60
60	63
72	69
81	68
49	55
86	71
77	67
51	56
89	69
84	75
63	72
73	70
52	53
51	67
71	72
62	64
80	66
83	72
74	72
49	55
63	60
63	63
37	48
66	62
63	58
64	73
64	68
66	71
29	50
66	69
79	69
71	67
61	65
59	76
72	66
55	61
73	67
57	51
70	68
53	57
68	61
75	74
70	69
76	70
85	72
72	58
64	65
68	79
58	63
61	72
66	58
74	65
66	63
52	63
57	68
74	68
58	76
73	68
68	68
38	48
55	65
71	70
56	67
69	69
76	66
77	66
74	77
73	51
78	70
51	61
68	62
63	62
81	72
71	70
73	69
45	57
78	73
69	55
67	63
40	49
67	58
60	64
57	64
69	57
71	77
37	56
46	70
70	77
72	71
69	67
41	65
71	60
70	57
82	70
48	64
77	64
47	63
62	62
65	64
50	56
88	77
48	52
59	63
69	67
66	70
63	64
55	53
65	68
86	78
69	66
73	72
61	61
58	59
76	62
60	67
80	73
71	73
55	60
53	52
91	72
63	64
47	62
53	61
67	56
77	70
65	57
78	66
80	81
83	67
71	68
52	59
79	76
61	63
66	60
87	79
61	74
77	69
74	67
75	85
80	72
46	54
62	65
82	76
72	69
80	65
83	70
34	56
73	69
61	69
89	74
72	73
59	61
73	70
63	51
75	74
59	63
82	77
73	70
45	55
58	66
66	64
65	74
65	72
71	67
78	66
69	63
74	68
73	62
67	66
37	56
74	69
64	71
83	70
84	71
66	69
71	77
45	56
61	66
54	62
80	72
74	62
45	66
57	64
35	64
64	58
55	66
65	74
78	75
65	61
72	65
42	62
61	70
72	61
68	61
86	76
68	71
55	56
77	63
50	66
68	71
79	65
87	67
67	60
61	75
69	60
72	65
34	56
35	57
77	70
76	63
60	68
60	66
89	84
81	72
79	68
40	57
76	83
68	74
65	65
55	68
64	65
64	69
66	71
41	55
57	59
46	53
78	60
74	89
59	55
51	65
70	77
74	65
54	63
76	59
83	75
70	62
67	69
83	67
42	56
46	57
58	59
76	69
63	73
69	59
80	72
68	62
77	76
75	65
80	66
47	62
66	59
51	64
72	64
72	67
38	57
80	68
38	61
61	69
81	66
80	69
66	60
67	61
74	73
79	69
52	57
61	72
65	77
70	76
69	64
64	61
83	69
77	74
49	62
62	67
74	63
67	71
76	76
76	62
76	71
58	68
71	66
56	63
85	77
74	63
79	76
62	65
53	56
58	69
76	66
74	73
44	66
63	49
77	72
64	65
81	74
59	70
68	58
77	64
68	62
65	59
70	68
75	68
41	57
85	69
70	70
82	74
71	70
68	66
89	74
37	51
66	56
61	64
70	61
57	60
76	80
54	52
70	58
77	67
65	63
60	71
67	71
73	61
50	69
76	64
58	57
56	60
73	74
57	60
64	73
85	75
65	69
72	61
71	58
27	50
85	75
56	63
81	64
83	72
65	68
74	67
35	47
52	61
60	62
60	64
55	61
56	60
71	64
54	59
63	61
77	60
61	66
58	54
54	60
73	68
76	63
68	68
70	61
83	65
69	65
79	61
71	52
57	69
71	65
68	67
72	73
83	73
64	61
66	65
51	53
72	62
85	76
63	74
47	57
68	62
68	61
69	76
55	61
81	67
74	65
74	65
87	69
74	69
48	55
58	64
61	71
60	63
81	68
42	59
63	63
73	68
65	68
76	70
71	70
63	74
67	63
60	60
60	65
69	74
79	66
42	65
57	68
77	71
71	64
72	60
57	62
67	67
73	73
71	68
82	64
61	67
78	75
83	67
82	72
64	65
72	76
68	70
74	65
38	56
59	63
62	68
81	80
73	61
66	78
76	59
70	68
77	67
42	63
72	67
56	63
60	64
75	72
38	54
71	69
70	64
49	62
53	64
71	66
89	74
59	56
36	66
69	64
67	64
55	57
77	72
46	64
68	65
66	60
73	70
64	63
62	71
70	70
45	64
74	61
63	65
42	59
74	66
76	66
68	57
65	62
58	52
37	55
73	66
63	67
56	64
67	60
68	60
69	74
77	65
47	60
74	65
78	68
66	70
69	64
40	50
60	60
77	74
76	66
56	64
54	62
72	64
79	69
62	52
82	69
66	75
78	72
65	66
82	68
69	67
81	69
81	73
63	64
57	74
64	58
76	67
83	75
86	79
79	78
37	62
71	83
45	48
67	67
73	74
46	74
50	68
65	60
80	75
69	58
44	51
73	66
90	82
84	70
80	67
76	69
69	65
56	56
78	72
53	52
69	64
78	80
75	68
77	76
80	72
68	58
63	63
52	65
72	74
68	67
57	62
64	66
83	77
64	78
88	75
54	59
59	66
79	65
62	78
46	64
79	68
77	73
63	62
60	64
74	67
60	62
59	53
64	68
71	63
77	68
80	68
71	75
82	72
83	82
76	65
70	64
77	63
66	66
91	79
65	63
54	67
82	78
72	69
72	64
79	66
60	73
60	63
74	62
71	68
66	64
67	63
54	61
61	64
62	53
46	61
59	63
71	62
72	72
74	74
66	64
59	76
54	63
49	47
68	72
47	60
75	66
69	64
43	61
71	62
74	67
61	68
50	58
69	68
74	67
58	66
70	63
82	65
32	50
65	64
74	63
71	67
79	77
70	62
69	73
79	67
82	75
72	66
73	74
70	69
63	70
51	66
88	73
89	73
76	73
77	78
67	70
81	70
72	71
66	62
92	81
64	65
54	60
43	58
50	65
67	72
73	64
63	64
71	71
64	71
54	62
79	68
67	63
64	76
81	76
58	56
70	67
44	53
78	69
66	65
64	64
47	59
69	67
84	67
42	61
66	63
55	66
50	51
75	66
68	63
72	65
72	62
79	67
61	56
68	68
61	63
87	65
76	62
37	52
73	69
53	67
85	80
68	63
75	59
74	68
72	64
65	70
64	64
63	61
86	67
70	62
73	67
36	56
65	65
69	69
54	67
77	73
84	67
61	64
76	59
73	72
71	70
75	71
65	57
42	57
69	66
69	67
77	69
77	76
56	57
75	71
70	72
88	66
83	85
69	65
63	57
70	76
53	62
74	70
66	75
76	64
67	61
48	54
73	69
37	48
54	63
55	54
65	67
70	59
78	68
66	71
61	68
66	64
44	56
75	62
86	68
59	64
80	67
59	62
46	54
71	73
57	70
76	73
73	64
61	51
73	68
71	72
89	79
60	69
61	54
77	72
39	52
63	60
72	68
72	65
66	63
70	72
75	68
71	72
44	66
71	64
29	47
69	59
72	66
58	66
69	69
46	54
47	63
69	78
70	63
73	74
70	69
74	69
64	59
74	65
68	77
74	69
75	64
82	85
72	68
78	66
36	53
53	63
74	75
62	63
74	62
66	54
62	75
68	67
58	68
79	69
57	64
60	66
77	63
74	70
71	65
58	57
72	64
61	65
55	63
71	74
49	70
68	64
83	72
80	74
36	54
56	58
78	71
77	65
71	61
74	62
51	56
67	67
53	59
74	71
59	59
50	69
88	80
59	68
60	64
47	62
80	68
75	68
70	61
72	64
86	74
73	75
72	69
65	64
76	74
86	78
78	74
68	68
63	63
75	62
67	61
61	62
70	61
68	78
71	70
76	78
77	70
42	50
81	72
68	64
81	70
66	66
88	78
66	72
77	68
72	69
75	69
64	64
75	60
69	70
80	75
76	65
71	67
51	61
55	62
75	74
82	75
46	61
70	73
76	72
65	66
69	64
53	66
71	66
73	75
73	68
70	69
63	62
77	67
54	65
85	69
46	60
54	59
60	57
78	67
85	78
71	61
85	75
77	70
80	66
67	76
57	59
72	75
65	64
75	66
53	71
52	52
75	77
61	68
61	69
70	65
64	66
67	71
79	66
80	65
70	66
68	74
51	58
52	68
86	73
57	51
71	63
61	65
63	55
73	61
69	74
81	69
51	58
65	58
54	62
79	77
74	65
75	67
72	57
55	60
64	70
78	70
70	65
79	69
61	74
82	72
48	50
67	66
66	65
88	66
77	65
48	56
63	62
74	66
73	76
68	64
76	75
61	62
81	64
70	68
61	63
57	57
49	68
75	68
61	68
70	69
70	67
78	61
54	54
70	72
73	68
59	55
34	57
63	64
75	67
80	58
73	61
85	74
69	66
59	63
68	69
65	75
51	69
92	85
66	69
76	74
72	76
51	53
83	67
53	57
68	67
78	75
56	66
85	75
83	66
71	66
66	77
64	75
78	69
80	68
72	65
60	66
47	63
53	59
75	79
44	56
68	66
65	77
73	67
57	57
65	60
63	62
40	52
83	66
64	69
66	64
62	62
67	66
43	63
80	69
82	66
67	71
45	54
64	58
61	60
83	72
34	59
69	67
72	76
81	69
78	67
79	67
65	70
67	63
74	68
66	68
79	65
66	65
66	66
66	69
71	70
80	74
73	68
83	66
71	66
53	70
62	54
65	63
79	58
64	59
84	74
58	68
67	69
70	66
77	72
74	69
81	63
59	61
62	62
45	68
70	63
70	63
78	65
79	70
70	57
68	67
79	71
62	73
56	62
83	77
54	62
63	64
50	65
79	80
72	71
48	56
60	60
75	69
72	72
65	65
60	56
85	76
64	70
76	69
89	84
43	57
76	64
76	70
53	61
56	63
65	71
84	75
63	69
60	64
61	64
71	71
37	57
85	81
76	68
66	71
49	55
81	70
58	60
60	61
66	70
69	67
73	68
59	60
75	68
59	60
85	73
75	75
58	65
75	65
64	80
60	62
81	63
73	72
66	66
91	84
71	72
57	57
48	50
67	66
85	79
67	65
72	65
79	66
62	80
68	56
41	56
53	66
75	68
57	72
66	58
76	68
61	66
70	67
69	62
65	68
60	63
66	77
68	74
53	66
55	63
65	67
66	65
84	79
79	77
65	65
52	65
81	70
54	62
77	64
32	55
85	83
80	72
53	57
65	65
70	61
73	70
87	72
67	64
71	56
52	58
57	57
90	67
74	62
75	67
61	69
80	65
78	60
71	67
61	66
55	62
61	65
70	76
58	67
77	67
67	60
62	56
72	72
75	68
43	67
75	69
62	73
57	68
80	61
49	52
61	65
71	72
60	56
63	72
74	63
79	61
82	77
44	59
77	72
72	67
54	65
68	69
76	66
70	61
77	61
78	74
66	70
59	58
86	84
69	72
59	65
76	63
83	71
83	69
66	55
68	63
49	62
72	65
70	70
81	71
67	64
84	67
76	64
60	56
77	65
47	61
64	70
83	73
58	55
48	60
71	62
76	68
72	74
61	53
80	69
80	69
78	68
65	66
48	59
38	50
54	58
71	73
72	70
64	72
59	65
79	71
78	70
62	53
79	69
71	79
63	74
67	71
56	58
66	57
58	59
56	67
51	54
69	66
75	68
63	63
57	52
67	68
70	66
64	73
63	58
77	77
55	63
71	72
66	54
75	71
58	66
74	72
66	63
91	74
35	48
75	66
81	69
81	71
77	68
65	80
82	73
82	63
61	68
65	73
72	73
64	71
64	70
77	70
69	61
56	58
83	74
57	64
65	64
71	71
76	67
61	61
78	65
69	63
69	80
59	65
60	56
60	66
69	68
74	66
53	70
78	71
64	72
68	67
74	62
74	68
64	67
57	72
63	73
80	62
78	64
41	50
78	83
46	65
71	72
74	62
72	67
52	61
86	76
63	68
72	70
73	69
64	61
73	66
50	57
80	78
76	67
72	73
81	66
70	69
61	52
52	64
68	63
55	59
55	63
77	69
79	78
69	62
41	57
57	67
66	59
58	71
54	58
49	64
38	55
71	60
74	59
74	73
75	60
49	64
35	63
79	68
68	57
45	51
50	60
60	56
71	70
77	82
81	69
79	72
81	85
77	67
57	58
86	68
73	61
61	76
48	61
50	56
71	63
76	59
72	63
85	73
84	76
74	75
66	65
76	58
63	65
61	57
56	62
74	65
76	67
67	72
64	68
74	65
70	64
65	79
56	57
74	73
66	65
80	73
75	64
72	63
61	61
46	56
88	74
59	62
75	68
56	61
67	71
47	52
69	71
63	65
42	57
71	68
56	66
55	59
72	62
62	54
72	77
68	64
89	83
67	62
76	73
73	71
55	76
76	71
48	62
78	71
68	67
58	64
93	77
71	72
79	69
58	61
48	55
71	64
83	73
70	70
66	67
76	80
64	73
60	55
66	64
64	65
37	55
49	57
51	57
47	52
64	57
73	65
82	74
58	58
61	65
64	71
81	74
77	59
38	60
63	79
46	58
60	65
69	62
78	70
70	59
52	58
72	84
64	61
43	59
81	68
73	63
64	65
86	75
45	54
75	72
72	60
60	53
84	75
60	59
68	67
65	59
71	73
54	65
73	74
70	63
64	75
76	69
68	61
53	61
70	66
41	66
76	72
83	66
60	83
62	59
83	67
47	64
92	76
73	66
48	56
57	75
83	71
80	80
73	64
56	64
59	56
63	72
59	64
45	57
85	77
68	72
70	67
67	61
60	63
67	61
65	60
70	66
86	70
80	73
55	65
72	61
63	70
36	48
72	78
62	66
66	65
48	67
73	63
71	69
69	63
78	71
62	48
61	66
57	61
40	54
70	58
65	65
72	65
70	65
70	56
61	54
73	63
67	60
70	56
62	67
71	73
52	61
73	71
62	62
64	64
66	58
67	69
85	77
74	70
81	78
57	58
62	67
42	47
63	61
51	58
64	75
65	75
65	68
83	73
45	60
79	74
81	74
60	60
56	84
70	68
59	61
66	61
77	64
75	80
71	69
78	79
90	72
75	78
63	67
70	63
35	59
77	76
74	76
60	54
52	59
71	65
58	60
54	61
70	67
87	65
78	80
53	57
55	58
64	67
62	67
61	68
58	66
79	70
84	75
51	55
59	66
39	56
81	80
40	53
66	54
73	64
55	71
85	74
74	67
40	63
66	69
48	53
72	72
76	75
57	52
64	61
68	77
54	62
63	60
82	64
57	54
79	72
60	65
56	59
70	71
71	68
66	56
77	65
76	61
59	54
69	72
74	63
74	67
63	87
49	59
68	67
67	69
69	66
80	57
79	69
66	69
80	71
65	71
68	71
63	62
73	73
76	70
65	66
67	58
57	59
74	67
73	71
68	60
71	82
86	68
83	69
68	58
73	62
81	70
87	77
62	64
60	67
76	75
91	84
83	75
67	61
63	60
72	69
57	68
76	67
64	69
71	68
63	61
57	63
84	74
54	70
71	63
71	69
73	65
77	64
74	68
75	74
78	72
54	58
71	64
83	71
49	51
70	66
69	60
70	59
74	71
64	61
72	69
79	78
47	56
77	66
57	54
76	74
72	62
70	73
42	49
74	65
53	58
84	65
76	73
74	69
52	63
73	61
84	76
66	70
77	77
68	64
69	61
46	71
64	77
73	60
48	68
78	72
75	66
73	78
79	63
64	71
69	70
62	63
54	58
51	61
80	65
72	64
61	59
69	69
80	71
63	71
55	59
77	79
84	82
76	72
69	70
67	73
56	75
60	67
47	58
75	69
70	68
69	69
60	58
72	65
49	68
35	48
62	64
50	68
73	69
80	67
59	79
83	74
78	73
72	66
59	57
67	66
85	65
78	63
54	63
70	72
72	60
55	62
74	72
46	59
69	66
83	65
61	66
78	74
53	53
65	63
65	65
59	58
69	65
74	72
69	54
53	61
76	60
56	72
68	66
70	62
67	61
74	77
50	57
78	62
56	70
70	66
79	66
64	64
71	69
64	62
54	70
54	64
87	70
80	68
73	56
79	70
58	60
69	61
73	71
61	66
83	69
55	70
88	70
54	53
72	54
75	67
46	57
59	63
65	58
92	73
73	68
69	77
69	70
60	68
54	59
58	59
52	65
66	61
78	66
79	75
65	55
57	69
61	63
68	65
72	68
60	62
54	51
65	68
63	72
53	72
68	78
76	73
46	60
49	59
72	68
64	69
67	77
60	66
70	68
75	70
75	68
50	61
65	59
71	65
44	65
62	67
64	66
33	49
87	86
65	57
72	67
58	63
67	72
42	54
72	64
63	77
81	72
66	64
64	71
95	83
77	65
80	65
43	64
88	72
42	61
82	74
41	58
47	47
67	60
77	64
76	58
63	64
66	60
68	59
72	68
71	66
77	70
70	64
73	67
73	64
85	75
72	68
67	65
66	56
77	65
74	74
62	67
69	63
84	79
83	71
50	56
73	58
56	65
62	58
82	79
69	73
54	65
76	69
66	65
60	63
70	85
88	79
71	70
76	71
40	52
70	64
82	67
74	77
79	72
71	73
47	66
70	67
61	57
72	72
78	68
74	70
78	74
79	68
62	66
75	77
76	67
61	64
70	76
68	80
74	67
70	72
78	72
63	64
73	64
50	52
63	64
55	59
61	63
37	49
78	66
55	74
73	70
76	82
71	59
53	66
68	63
82	70
60	59
68	63
61	66
76	66
61	64
75	66
55	61
73	66
74	76
67	59
39	56
76	66
63	70
75	65
71	70
60	67
63	70
60	70
71	62
79	70
66	66
77	69
71	65
77	60
76	66
64	75
63	58
74	69
75	67
72	70
51	65
86	82
58	55
68	72
67	63
57	52
84	75
77	69
47	64
63	68
75	77
83	74
65	66
77	66
64	62
55	66
77	89
77	70
52	59
84	69
72	76
46	56
69	61
50	55
84	73
57	53
69	63
69	65
65	71
69	66
82	66
54	57
58	68
82	73
63	54
62	64
87	78
74	63
67	58
63	60
70	64
72	63
79	65
64	56
70	67
64	57
76	72
78	72
73	74
63	58
82	67
80	67
51	56
79	68
42	54
82	70
70	70
35	61
70	63
58	62
50	65
30	54
68	58
89	71
65	63
81	70
65	62
76	68
88	77
75	75
88	80
76	66
46	58
50	60
78	60
63	61
62	61
81	75
92	71
73	68
82	75
76	66
50	56
71	80
57	55
57	63
79	68
59	58
57	53
67	65
67	68
44	61
70	64
66	63
76	74
81	68
62	69
54	48
67	66
62	61
79	70
41	67
65	63
69	69
46	57
78	82
75	65
63	68
62	64
68	64
64	58
58	58
75	70
74	66
70	68
63	66
46	72
63	62
82	70
80	71
51	53
69	66
73	68
91	75
68	63
66	65
68	69
51	51
71	70
76	67
65	70
59	71
65	72
63	69
63	64
83	71
94	80
71	63
75	64
68	67
82	80
78	72
74	81
49	63
53	57
62	63
71	75
81	76
63	68
68	62
85	73
76	61
63	67
65	68
75	59
74	62
67	64
72	62
47	53
69	72
66	69
62	86
78	72
83	73
64	69
69	80
81	68
62	61
64	64
73	77
85	68
79	67
64	70
61	64
75	64
83	74
74	70
84	79
78	69
46	64
88	78
79	68
77	66
54	67
67	63
83	74
79	82
76	68
43	48
58	57
56	59
44	59
83	75
66	68
56	64
82	69
75	64
77	66
54	58
44	60
75	65
53	69
55	65
74	66
87	74
73	70
81	67
52	58
71	67
69	60
52	52
70	64
68	80
76	62
78	74
79	76
52	61
78	74
85	82
70	71
73	68
68	62
66	66
56	59
89	81
71	62
62	71
64	68
90	80
74	72
79	68
49	52
74	73
60	69
64	69
75	69
51	62
64	67
59	75
70	60
60	66
59	56
60	62
66	67
73	69
75	73
53	61
76	61
72	70
65	53
69	69
65	70
66	74
60	73
76	70
66	56
60	58
56	57
70	60
74	75
50	57
77	75
66	58
70	67
69	67
78	81
77	65
71	73
76	64
66	61
68	67
67	69
59	68
76	71
75	83
88	72
84	76
82	80
62	59
71	66
66	62
83	73
63	70
76	76
45	52
60	74
73	71
72	62
77	69
53	64
63	67
64	58
65	67
59	61
57	53
80	71
68	66
73	62
60	66
50	57
65	71
45	51
66	59
75	56
51	70
75	76
65	71
66	63
78	77
70	64
74	72
86	70
78	70
68	68
76	65
49	54
59	63
80	67
59	55
77	70
66	62
58	63
84	83
79	69
68	57
55	55
69	63
69	65
75	64
69	72
72	71
83	68
76	70
52	60
61	63
56	67
62	66
65	59
60	59
55	68
57	57
67	68
64	67
60	65
60	65
64	64
44	63
64	66
66	64
79	74
66	70
84	82
71	64
81	66
92	80
51	51
81	78
61	65
78	69
82	66
62	66
74	71
68	68
82	70
78	76
87	80
66	58
76	68
68	67
71	84
70	64
66	60
77	63
57	74
63	68
83	69
66	66
49	69
69	67
81	75
46	55
51	53
81	74
69	77
60	59
84	66
64	64
58	56
59	68
74	67
52	70
62	62
70	66
56	79
69	71
75	73
53	62
64	74
77	70
65	58
73	66
83	71
65	65
76	73
91	71
79	71
70	64
38	60
69	62
74	71
55	53
73	71
55	75
72	63
70	70
60	51
38	54
56	60
80	71
53	66
92	76
68	68
48	68
82	65
80	67
81	70
90	70
74	72
73	62
61	82
82	78
61	66
64	67
73	62
63	67
68	72
61	68
78	68
80	79
67	67
74	72
74	62
70	60
73	76
77	69
71	71
68	75
81	77
75	80
68	63
76	64
73	67
54	63
81	77
72	70
57	58
36	51
65	68
68	73
56	60
73	61
59	73
57	62
71	69
91	85
80	69
62	63
73	64
75	66
74	70
61	60
75	70
75	69
59	62
74	68
65	59
71	78
72	63
65	60
67	67
76	70
80	69
78	70
54	68
74	69
66	80
56	62
83	72
80	72
61	60
69	67
75	61
81	74
75	72
57	56
81	65
67	62
73	67
71	63
63	65
77	68
77	69
56	69
75	69
61	68
62	65
63	58
74	60
64	63
73	67
73	65
57	70
70	63
73	67
36	54
60	61
61	54
73	76
61	64
75	65
78	68
63	61
40	49
70	81
87	70
69	65
72	65
59	58
73	81
70	63
44	60
50	59
62	67
72	70
85	72
77	72
58	58
78	68
38	59
66	68
69	65
78	69
65	56
55	63
49	49
84	72
40	64
82	69
69	59
48	57
60	68
57	59
76	64
64	60
72	65
59	61
74	64
61	59
51	58
57	73
59	61
73	63
83	68
78	73
76	72
55	58
81	80
59	58
59	71
76	67
69	72
64	70
68	66
57	58
69	59
75	71
76	60
79	75
64	73
84	69
72	70
38	56
71	59
50	71
75	70
64	63
57	64
74	74
55	58
73	60
67	57
83	69
72	72
67	79
70	63
76	66
69	65
63	63
55	56
71	64
81	72
76	74
66	65
75	62
84	65
70	66
75	64
82	80
28	48
42	51
64	66
82	64
77	69
50	61
52	53
61	65
72	66
74	70
61	61
82	72
61	62
72	70
89	69
56	70
78	67
63	59
59	69
74	60
81	70
75	69
53	56
70	66
88	74
75	67
65	62
80	71
54	59
37	61
62	57
46	61
66	54
72	63
55	65
69	53
62	64
64	68
56	64
83	74
60	56
59	55
50	67
64	63
55	55
50	62
62	63
63	63
51	60
59	75
88	73
57	66
65	58
69	49
59	65
63	61
49	58
66	61
74	63
67	64
53	50
77	72
67	54
77	69
59	66
71	65
60	72
68	68
78	67
75	70
70	65
41	60
47	62
72	69
61	72
61	67
66	64
73	60
63	64
66	62
68	78
68	63
53	58
75	63
66	60
62	70
80	71
63	65
74	63
78	67
60	63
77	67
42	62
77	86
74	66
88	67
40	53
64	60
73	69
70	66
66	66
80	69
57	60
74	64
83	72
79	57
53	58
57	57
55	53
45	54
67	73
89	73
77	64
69	68
52	50
65	65
76	69
73	69
48	49
73	78
53	70
66	63
80	68
61	75
85	76
72	70
67	66
83	73
76	71
65	59
58	72
61	74
77	74
54	64
86	62
76	62
65	63
58	63
67	67
66	68
81	75
77	67
61	64
71	58
61	57
45	64
81	76
73	71
88	71
69	64
69	62
67	69
62	67
60	66
80	68
52	70
57	51
69	69
74	69
50	65
73	73
67	79
36	55
63	65
59	57
55	59
83	78
66	68
71	69
51	56
69	75
76	61
65	68
67	68
67	64
82	68
65	59
76	67
89	84
64	57
61	59
68	67
86	80
49	48
55	71
75	56
59	57
70	63
80	61
36	53
73	69
55	74
57	66
85	73
75	64
69	60
59	70
81	76
84	70
74	71
74	64
58	61
79	74
63	74
57	72
66	63
77	72
39	52
73	66
50	60
80	67
82	66
67	63
68	77
40	55
76	70
63	64
78	68
59	69
62	54
66	68
65	59
62	60
71	67
57	65
67	66
79	59
74	64
62	66
82	78
43	65
62	67
67	62
75	79
85	70
65	66
83	67
68	64
78	71
86	70
37	51
70	58
62	64
52	58
78	72
76	64
52	58
55	63
70	67
79	70
51	71
64	59
66	68
73	68
77	69
78	74
74	63
63	51
56	63
78	67
69	61
90	71
67	66
70	65
80	74
66	56
58	69
69	77
65	66
71	60
69	68
71	72
51	56
53	68
40	59
76	64
59	61
63	58
75	63
55	61
76	71
78	62
84	70
74	62
64	65
53	71
81	70
74	66
75	78
57	65
79	66
84	80
73	64
59	56
61	55
61	57
52	67
60	58
52	60
74	67
55	60
77	65
32	51
89	82
69	73
80	76
60	69
78	67
94	75
71	67
78	66
72	59
64	62
66	64
62	64
88	73
71	63
69	73
81	69
61	58
77	68
69	59
48	52
81	78
48	65
66	62
65	60
57	65
68	58
76	66
57	59
85	75
89	72
77	62
83	73
76	74
86	77
55	64
54	61
78	78
55	48
57	68
53	66
80	73
44	58
78	73
79	70
41	63
62	69
63	71
48	67
68	76
51	58
41	59
80	68
39	47
73	67
71	66
54	63
65	61
74	68
33	51
68	64
81	72
82	87
53	72
78	73
81	69
71	63
64	52
83	71
67	61
83	63
72	66
57	58
77	66
55	66
51	81
77	60
55	70
60	75
82	69
77	77
68	64
73	70
88	81
58	71
82	62
71	64
67	61
69	57
73	68
79	61
87	74
68	68
68	62
81	65
65	64
45	66
79	67
79	68
68	72
55	53
74	69
56	68
70	66
78	68
59	60
71	79
66	78
69	61
73	72
74	70
47	55
73	62
73	69
51	58
54	62
38	56
73	69
74	66
68	67
65	69
58	70
56	61
41	48
67	73
37	49
63	60
67	59
51	65
72	68
72	60
70	64
66	65
61	66
57	68
69	65
77	67
55	59
58	78
78	78
59	56
88	73
58	60
51	63
51	61
37	69
55	65
74	64
65	73
85	82
69	73
41	58
76	62
92	73
78	71
72	68
71	67
80	70
46	57
60	62
78	73
61	65
78	78
67	70
63	62
74	70
70	59
77	70
71	70
74	70
56	67
66	58
66	55
77	70
54	60
68	60
71	66
49	63
66	61
69	70
53	55
89	69
33	50
77	79
80	81
81	75
70	67
78	78
79	62
52	72
63	59
79	71
50	63
73	72
53	57
71	73
66	70
73	71
42	59
74	73
77	68
64	69
63	62
74	65
68	71
67	53
77	72
65	61
75	70
73	62
65	66
52	63
71	66
95	80
65	64
72	64
56	60
57	55
89	74
65	68
77	71
64	66
71	70
86	78
55	72
58	64
76	69
68	65
81	65
70	66
60	65
37	60
73	68
48	58
66	58
67	67
67	66
84	78
67	67
68	62
41	54
80	66
50	57
57	53
82	65
73	79
66	58
82	66
70	70
70	64
66	64
68	77
66	59
75	62
66	64
75	74
77	71
67	65
51	52
45	61
62	68
62	63
70	64
59	65
50	58
81	85
69	65
69	63
67	57
83	79
45	65
60	57
62	73
73	73
58	59
63	78
73	69
86	71
66	67
51	66
69	65
71	69
69	72
71	65
62	62
84	74
71	72
58	72
59	53
88	70
65	72
71	66
70	62
85	76
47	60
74	79
75	70
65	60
60	61
46	55
61	71
66	65
63	61
72	69
75	69
70	67
65	57
68	58
73	70
75	69
80	63
63	68
59	62
56	52
73	62
80	72
75	76
43	59
83	66
75	65
59	58
67	66
55	59
38	48
68	62
50	57
79	65
69	73
88	78
87	81
78	61
89	73
71	69
85	79
68	68
60	61
62	75
83	68
83	75
78	61
71	75
70	60
64	64
73	67
69	67
81	79
74	67
57	55
58	62
73	64
82	69
71	60
69	62
79	70
84	81
58	52
78	68
69	70
59	76
63	59
84	65
71	68
71	70
52	57
70	62
74	61
47	66
78	63
69	74
83	56
76	71
81	73
79	76
74	65
74	60
59	58
86	74
73	70
74	79
71	62
56	59
73	75
50	54
68	69
69	66
83	67
62	58
61	63
64	66
66	62
66	70
75	62
36	58
88	75
72	63
72	67
78	72
72	67
49	61
75	72
75	63
45	55
68	70
69	70
66	66
38	52
83	70
77	68
40	63
61	72
63	67
64	68
47	70
66	62
59	66
81	76
53	62
45	57
77	68
77	61
77	69
72	78
62	64
84	71
68	62
37	56
53	63
89	76
77	75
69	68
83	81
37	59
58	68
73	69
75	74
57	61
68	69
71	73
58	68
70	65
63	61
84	80
59	60
67	65
63	64
63	59
66	67
74	63
76	65
58	80
70	77
74	66
68	57
46	62
58	84
76	71
56	63
52	65
71	70
76	59
66	59
58	70
75	67
59	66
72	60
80	78
74	75
63	73
37	59
67	59
80	65
79	65
66	58
69	58
50	63
63	70
75	66
53	53
55	65
86	67
91	73
54	59
66	61
76	65
57	60
68	63
68	84
80	71
64	55
70	54
75	62
59	66
75	64
53	56
64	60
59	61
77	75
71	53
64	65
78	71
73	61
63	60
67	63
66	63
51	62
72	63
59	56
64	68
83	73
66	63
66	62
59	60
55	61
75	72
68	62
85	87
69	73
68	67
67	60
65	50
55	67
70	77
73	57
68	69
66	55
62	65
82	73
59	63
65	64
73	67
66	63
76	77
72	70
77	67
73	72
67	66
83	63
38	50
75	71
46	50
76	68
71	76
75	73
58	59
69	78
65	56
70	69
53	61
73	79
69	67
47	62
62	79
80	71
64	61
72	65
82	65
68	69
84	68
63	77
78	71
70	63
50	60
77	64
71	63
64	74
57	53
65	60
43	57
77	67
43	60
74	70
83	64
80	81
63	61
60	63
67	63
85	80
85	68
50	56
42	50
49	63
67	65
72	64
74	77
68	63
76	65
81	68
65	56
80	71
74	71
80	69
64	63
69	60
69	65
68	58
74	72
80	72
59	64
72	65
58	60
75	66
67	63
72	69
63	54
61	59
72	72
69	75
77	63
79	59
68	63
59	60
81	73
68	57
56	60
84	65
53	57
74	83
52	58
64	66
70	57
41	53
59	60
76	72
57	61
62	61
73	64
66	62
51	49
66	64
60	64
47	60
87	82
67	59
71	72
52	61
72	68
77	70
86	77
53	76
58	69
63	62
56	53
46	69
65	59
75	64
83	70
65	72
75	69
51	61
62	67
78	69
71	74
80	67
67	68
69	79
77	70
72	65
79	72
81	75
58	53
77	62
74	70
84	71
76	76
72	77
72	77
60	61
67	58
84	63
65	73
71	63
81	73
37	52
67	66
72	70
51	65
68	64
72	69
52	64
42	69
69	63
37	63
55	62
83	80
78	77
63	68
68	60
72	87
69	61
70	61
52	55
82	69
71	68
67	66
61	62
70	65
78	75
53	64
69	76
56	65
41	65
46	59
73	71
71	67
80	68
70	57
73	67
75	71
66	59
56	69
67	63
68	68
78	76
53	53
65	68
71	70
78	66
80	72
60	63
78	64
64	68
83	67
52	65
59	55
52	62
56	62
80	75
68	79
70	69
69	66
52	63
50	60
62	66
64	63
85	73
51	59
73	82
70	63
76	66
69	70
63	72
47	55
87	70
51	55
70	67
66	69
74	73
62	62
86	72
59	70
68	76
36	47
72	64
79	71
78	76
54	69
74	63
69	62
60	66
64	65
42	61
69	59
45	55
82	75
71	63
70	71
50	53
69	64
70	72
76	64
76	70
85	78
73	68
60	67
77	71
48	60
71	63
47	57
59	57
77	57
84	77
61	78
73	62
71	65
70	63
77	66
65	57
34	54
59	58
83	76
70	69
70	66
81	73
47	57
61	70
47	67
70	57
69	75
92	74
62	62
66	60
68	67
66	67
40	60
79	70
79	79
73	64
74	65
71	69
70	84
58	68
72	62
53	61
74	64
69	66
62	67
64	72
44	61
42	52
74	63
75	62
65	66
74	64
44	60
70	64
58	58
71	70
66	64
73	62
46	62
76	68
64	71
79	73
66	63
53	56
61	61
66	67
79	76
47	64
74	58
53	60
66	69
49	61
73	72
45	65
78	65
77	74
75	67
70	72
72	67
61	61
76	63
48	58
77	71
60	59
71	60
70	66
70	64
66	64
55	61
59	81
68	64
69	68
65	61
61	72
58	54
75	72
86	61
57	63
66	54
79	77
75	64
81	68
67	65
65	72
70	61
74	75
40	49
77	71
71	59
67	62
57	62
82	71
58	58
53	59
62	77
41	60
47	71
73	69
72	74
77	70
45	52
46	67
71	63
61	68
64	66
77	66
71	70
56	51
75	63
67	64
69	70
53	51
68	70
64	66
49	55
63	65
59	54
56	75
56	63
71	60
61	58
68	69
89	74
74	71
56	62
65	63
60	66
67	73
62	54
51	63
42	59
70	63
82	78
67	78
80	78
47	55
73	68
47	63
50	67
63	78
87	81
86	75
61	56
61	70
69	67
72	72
68	64
71	68
69	66
66	65
76	73
84	79
57	66
51	58
38	47
74	63
71	71
51	63
62	76
84	75
82	72
66	70
73	70
74	65
69	67
67	70
74	75
37	61
65	73
68	64
70	66
74	63
51	59
62	52
86	78
57	59
52	65
76	71
65	59
69	61
75	64
66	66
72	71
67	59
81	73
51	63
77	72
72	70
59	70
80	87
63	73
80	71
84	67
69	67
76	67
68	73
65	75
55	65
48	76
64	56
73	66
74	66
61	67
66	57
68	64
55	61
61	63
73	69
62	72
78	68
51	57
68	66
67	57
80	68
72	62
69	63
78	76
69	60
75	65
33	51
52	59
80	63
74	73
72	62
70	68
41	53
49	54
52	73
50	65
41	52
93	73
48	53
59	61
65	70
73	75
62	60
76	62
76	72
86	65
75	68
71	63
61	63
66	65
75	64
53	67
68	67
60	57
59	63
42	48
74	69
71	78
57	62
80	62
62	61
86	75
48	52
64	58
74	80
50	66
48	61
66	65
51	68
52	64
60	66
60	70
80	67
49	50
62	63
76	65
68	73
44	58
70	61
65	65
80	74
73	67
68	67
61	57
67	54
67	73
64	69
74	69
50	56
71	75
63	62
67	64
65	65
72	62
62	59
66	65
76	62
71	64
47	62
46	56
66	65
62	64
42	57
39	48
65	58
72	68
78	73
84	78
42	61
71	80
69	64
39	47
76	78
74	71
75	66
53	55
78	66
65	64
63	53
61	61
71	74
41	65
74	70
76	71
82	66
60	61
75	67
82	66
67	55
62	64
71	71
48	57
65	69
66	83
62	68
78	66
68	53
54	51
46	51
51	54
60	62
67	61
82	74
72	70
85	74
55	56
42	69
76	72
70	69
57	70
61	56
69	64
77	61
83	78
65	69
83	86
73	68
68	71
46	53
67	67
58	56
63	66
72	68
75	67
70	71
80	79
86	72
47	56
48	54
80	70
54	72
52	58
68	63
66	65
86	70
57	65
65	69
66	59
77	62
69	67
76	63
55	67
90	75
64	55
52	53
44	49
59	64
37	47
36	64
55	66
62	64
69	68
49	61
72	65
73	62
47	61
81	66
77	72
55	60
55	69
69	65
62	60
61	63
84	71
81	74
70	65
69	67
64	66
79	73
70	63
67	68
69	70
73	70
69	63
49	66
57	58
62	66
68	71
56	66
61	56
51	61
63	66
77	65
79	75
67	70
70	62
87	74
65	63
70	75
63	56
74	62
62	67
54	67
73	66
73	67
67	73
68	68
68	60
85	77
57	63
77	70
57	63
78	71
49	57
48	64
59	56
71	62
63	63
72	66
82	62
70	64
67	60
78	66
78	65
79	76
74	75
72	59
58	73
62	69
68	70
65	63
47	54
71	74
67	67
45	59
44	60
78	72
65	64
58	63
50	53
70	67
71	67
78	71
71	70
52	69
86	77
75	71
82	74
71	74
65	68
81	69
72	68
54	66
73	66
70	63
59	63
52	60
67	66
52	66
68	69
55	64
63	65
60	66
71	61
48	50
86	68
82	70
64	64
76	61
44	55
69	68
82	76
40	49
76	65
61	63
83	73
61	73
62	67
58	58
70	73
53	50
68	66
86	66
61	72
49	59
48	58
82	72
50	59
59	65
68	63
62	73
59	56
62	59
65	56
83	69
59	76
73	62
81	77
64	70
81	69
48	53
81	70
68	66
58	65
61	47
71	68
75	64
45	55
55	55
80	74
73	66
75	67
70	59
67	62
67	61
71	66
81	73
91	81
48	52
61	59
73	64
77	65
64	58
61	64
67	71
55	66
89	90
69	54
60	62
68	63
66	56
39	53
73	76
60	53
84	74
75	72
73	69
67	69
77	66
54	58
48	58
63	58
73	64
67	65
66	60
62	60
72	59
59	66
69	62
39	60
66	66
48	58
66	57
70	71
69	65
65	59
71	60
45	52
57	64
68	60
45	60
50	63
76	60
75	63
65	71
65	61
51	58
65	67
66	55
66	75
58	64
53	49
70	68
43	56
89	87
77	74
68	64
67	65
74	68
34	58
67	67
68	85
49	67
77	67
50	69
80	65
54	63
84	75
69	70
58	53
58	54
71	76
61	59
77	63
74	65
63	63
52	59
61	55
55	56
84	72
66	68
57	49
68	61
42	54
81	75
67	66
83	76
72	64
56	58
76	69
80	67
75	68
74	65
73	75
86	73
64	68
72	68
56	67
55	76
75	71
63	67
63	77
48	67
57	55
88	74
69	65
32	54
74	62
62	76
48	65
63	72
74	66
76	75
74	64
64	53
93	78
82	72
85	79
78	69
56	59
56	64
77	67
60	66
69	72
71	63
76	66
71	75
61	59
65	58
74	66
78	74
69	67
75	74
59	56
74	66
61	69
58	68
67	67
75	69
64	72
57	60
83	75
61	67
77	69
59	64
63	64
82	70
71	62
77	71
72	64
70	66
72	63
74	63
75	74
61	60
63	64
69	63
76	75
74	70
58	63
73	62
36	48
59	57
49	48
38	59
73	66
76	63
79	74
42	52
53	62
41	57
77	65
74	67
72	75
75	64
65	71
70	85
72	65
60	57
84	76
64	65
77	68
42	70
50	58
50	63
77	70
54	53
69	76
57	68
54	63
69	62
77	66
56	60
56	60
71	71
72	65
63	61
48	61
78	65
71	71
51	57
74	70
61	61
69	87
78	63
82	74
61	64
37	63
75	68
49	65
73	61
78	72
66	61
80	59
67	67
79	62
69	64
72	69
72	65
79	75
60	56
68	68
77	64
77	67
78	70
47	52
43	72
84	61
58	65
62	58
57	56
71	62
78	59
77	66
59	67
59	71
79	64
82	78
58	60
61	63
68	71
84	74
36	51
78	71
71	63
63	73
74	65
70	72
90	70
52	63
79	74
72	67
64	61
76	64
63	56
87	77
87	79
66	63
62	65
66	64
54	63
75	76
74	72
85	75
36	55
55	60
90	80
83	65
80	65
64	74
82	68
62	59
75	68
76	64
38	48
80	65
79	75
75	64
47	59
82	72
68	58
46	53
62	56
74	65
70	59
63	66
79	61
86	73
72	63
79	64
65	60
66	73
52	60
80	67
74	57
71	61
59	64
74	63
55	63
58	63
65	64
60	64
66	64
81	73
67	72
70	55
74	68
70	63
81	66
67	62
58	57
86	69
47	61
68	71
75	67
65	58
71	65
66	59
77	63
73	64
43	63
76	67
56	55
45	55
64	59
72	71
71	70
69	71
75	65
64	67
76	64
78	73
65	61
79	72
58	65
59	59
47	60
72	66
87	76
61	63
55	56
79	75
43	63
72	64
76	72
62	64
75	69
76	72
67	60
75	75
76	82
47	53
64	74
68	75
79	72
65	64
72	65
76	69
72	62
73	64
81	76
54	50
73	70
77	70
68	72
68	65
63	67
65	63
74	74
73	64
74	70
75	66
28	52
56	67
60	64
71	60
75	65
75	67
59	63
75	67
64	57
77	74
78	75
56	58
69	69
74	78
82	70
59	64
78	66
50	59
47	58
58	54
65	63
69	65
75	73
33	53
59	68
62	62
51	60
68	61
34	57
85	83
69	70
73	63
48	54
73	72
68	63
75	86
43	48
84	79
67	71
73	73
75	68
66	63
74	68
78	77
80	67
54	61
73	75
68	66
46	50
81	66
77	70
68	64
54	60
66	66
82	75
75	64
80	78
79	68
58	69
76	64
54	52
50	76
44	56
59	55
71	67
73	63
70	64
71	61
55	49
75	63
77	64
75	68
49	63
67	65
68	74
43	53
67	75
76	67
68	67
58	61
62	58
71	62
59	72
28	54
68	64
68	84
53	67
40	62
82	72
74	75
79	66
70	64
59	56
68	65
71	66
56	51
77	73
74	62
67	65
76	80
59	61
65	59
82	75
67	66
71	78
70	65
72	69
86	73
57	58
74	67
72	70
46	53
66	69
68	59
60	67
43	59
72	78
74	73
32	48
59	61
69	58
58	59
59	67
41	64
62	67
67	66
66	75
77	78
50	65
71	80
79	62
30	48
74	74
79	83
83	79
54	62
70	68
77	63
65	60
78	69
78	68
61	58
80	70
56	73
59	62
77	85
75	61
61	62
66	70
52	61
79	72
69	74
77	75
90	67
59	67
53	58
53	54
70	68
43	55
78	80
66	64
55	59
62	61
77	70
73	81
59	61
55	58
64	72
63	79
42	59
66	67
80	76
51	59
60	58
64	62
82	89
62	63
61	55
67	68
50	64
67	59
70	70
60	57
53	51
88	69
59	66
68	57
78	63
55	62
61	71
84	82
81	71
75	66
67	64
53	74
62	59
82	71
73	62
60	58
52	62
70	66
75	65
68	65
76	74
70	60
76	65
53	70
54	59
72	71
74	65
68	76
31	49
55	49
85	85
83	71
61	65
40	49
62	53
65	57
77	62
77	74
67	69
53	61
49	59
65	60
65	73
74	81
61	63
68	74
50	73
77	60
69	65
81	76
67	64
75	73
67	61
76	71
69	69
61	74
84	74
79	67
93	77
69	67
73	64
57	56
68	64
77	63
74	75
67	68
39	51
66	67
31	51
40	54
57	77
74	63
82	70
77	66
74	68
40	63
64	70
76	78
49	60
54	55
65	65
66	65
64	70
74	69
67	65
71	69
57	67
70	70
52	60
47	60
65	68
50	67
78	67
59	58
79	71
77	63
74	62
85	82
74	59
75	75
68	57
72	70
76	72
69	63
79	81
63	68
61	52
53	68
69	70
76	71
70	68
43	58
73	65
79	64
78	70
47	62
86	70
36	47
71	64
67	57
38	52
74	69
73	74
60	68
69	70
61	62
75	70
77	68
71	63
76	74
66	66
53	65
77	75
79	76
44	56
75	73
68	63
79	70
63	68
67	60
61	65
76	75
74	65
68	73
66	54
66	56
64	67
72	78
78	68
82	67
55	59
75	74
89	86
55	71
71	65
82	68
79	77
50	52
54	57
76	67
68	72
75	72
69	67
64	65
70	62
41	55
67	74
74	75
67	60
40	57
74	64
83	65
74	78
62	66
56	56
75	66
80	68
86	75
53	66
64	68
65	59
76	71
66	67
68	62
76	75
68	57
63	61
83	73
81	75
62	60
76	77
70	63
57	66
76	75
66	71
53	69
49	52
60	57
63	69
62	83
75	67
85	76
69	68
68	70
68	69
66	66
90	80
77	66
77	73
53	54
80	70
82	69
75	65
70	71
51	57
83	75
79	69
73	81
49	55
58	65
77	68
68	66
69	67
66	64
65	70
64	69
81	68
49	54
71	67
61	64
39	61
58	60
70	69
81	69
70	66
66	73
67	68
72	65
59	73
73	61
52	60
77	63
42	54
84	65
77	68
69	56
78	72
69	56
47	65
53	56
43	65
72	67
72	72
64	58
71	74
74	68
71	66
49	49
57	55
45	65
80	80
61	66
93	71
44	64
72	66
40	59
75	66
47	54
61	65
66	64
71	63
69	68
67	62
60	60
64	62
61	74
54	61
75	70
73	72
74	66
57	62
74	72
84	73
55	66
54	60
78	68
77	79
75	65
67	74
53	57
56	62
69	62
87	78
53	68
37	62
74	68
60	62
91	75
66	63
88	69
76	76
55	66
68	60
73	66
69	64
71	77
61	66
38	52
66	67
73	63
64	60
50	53
51	60
76	67
68	65
78	72
56	66
74	69
49	52
44	62
59	64
56	62
62	71
49	80
88	75
62	72
58	57
76	75
76	68
68	70
69	68
48	57
39	56
73	66
68	70
73	72
59	57
69	67
63	71
70	62
75	66
74	73
74	65
84	82
67	68
47	49
59	66
43	62
47	55
88	80
72	65
80	73
39	47
55	68
76	64
70	63
61	57
59	67
71	64
92	84
82	73
71	65
78	68
57	63
51	60
39	49
56	53
54	65
83	69
80	79
63	57
77	68
58	66
69	64
77	66
80	69
65	61
64	65
76	71
47	72
77	80
69	67
64	68
69	64
70	67
75	69
52	70
70	68
68	76
47	53
81	77
68	69
71	67
62	62
69	71
61	68
80	70
49	67
71	71
67	61
50	62
79	71
62	55
69	63
70	70
76	75
57	63
85	75
75	69
75	79
50	57
35	49
71	66
77	70
54	58
70	64
71	66
75	64
74	58
85	66
79	66
65	57
60	66
80	62
85	68
50	52
47	68
69	64
36	51
79	73
68	71
74	64
83	72
70	54
66	55
67	59
59	51
71	82
71	62
52	58
63	71
67	58
76	67
45	62
67	68
74	80
58	53
68	70
62	64
73	73
60	59
72	66
83	71
75	64
65	65
66	68
64	70
75	72
89	66
76	67
45	50
74	69
90	63
38	60
66	61
77	72
88	78
77	70
85	81
81	74
57	65
82	82
65	70
74	70
87	75
60	62
81	82
81	74
78	68
48	60
77	68
65	66
76	67
79	70
50	62
66	65
53	58
39	54
78	73
57	66
62	59
87	75
69	66
82	68
59	64
78	63
75	72
52	49
54	61
72	59
72	58
68	55
49	52
53	59
54	49
77	71
62	65
84	76
75	63
69	52
52	61
71	67
57	67
73	66
69	71
85	68
59	69
67	61
94	73
51	57
64	61
44	51
69	74
75	69
73	65
85	67
74	71
78	69
67	65
60	60
75	72
66	63
87	74
40	53
52	69
60	60
57	81
70	64
70	74
72	61
71	63
64	66
76	60
68	53
70	62
68	71
71	63
70	63
45	57
46	55
80	88
37	51
41	48
73	60
42	65
46	63
67	66
54	57
67	70
80	69
68	71
53	69
83	71
65	60
66	73
64	63
49	55
57	69
73	65
71	72
56	62
86	72
40	57
72	66
76	73
49	68
64	57
63	74
76	69
63	58
64	57
71	74
44	52
33	58
52	55
51	56
61	66
73	63
73	64
77	68
67	65
71	79
77	77
64	61
59	61
54	69
57	57
42	50
53	67
63	68
69	59
52	63
76	68
57	62
81	70
87	75
76	62
57	74
68	65
59	67
63	59
77	72
76	62
76	74
79	70
71	72
92	82
60	63
78	79
75	59
61	63
76	68
62	64
48	54
76	70
32	50
54	60
71	69
65	56
72	62
70	66
80	72
69	63
56	66
69	66
66	69
79	69
65	67
62	61
72	68
54	64
81	67
77	64
73	72
60	63
73	66
63	61
59	60
88	78
71	67
78	74
68	69
61	63
77	78
62	72
74	61
55	64
44	56
82	72
59	69
60	68
69	63
84	65
59	58
47	56
55	53
81	67
84	70
79	62
84	60
76	65
78	76
68	70
66	62
64	60
67	66
66	65
38	49
60	65
62	59
79	66
77	68
74	74
50	54
54	67
61	77
78	63
62	69
71	62
53	63
67	62
73	75
52	61
72	66
62	63
77	67
71	68
66	60
62	69
67	66
77	68
74	67
46	53
65	70
71	71
57	57
61	60
83	70
80	75
63	66
59	57
61	62
54	54
72	68
68	61
73	63
62	75
56	54
76	67
78	75
72	65
59	63
74	68
60	65
74	65
53	65
44	52
75	65
84	75
82	70
70	65
70	68
50	51
84	65
71	67
64	66
72	65
62	61
77	74
68	75
72	66
63	62
49	52
54	71
80	70
68	66
63	61
87	68
76	62
80	70
81	77
60	68
65	66
65	62
69	67
66	71
40	48
69	70
82	78
48	59
53	76
75	73
85	73
71	57
69	63
69	69
61	65
41	70
72	68
79	63
73	68
80	59
74	67
73	69
64	65
71	69
78	70
55	55
70	79
51	64
61	72
50	60
70	64
69	65
74	67
69	58
83	74
71	62
59	67
81	74
62	59
78	68
66	66
77	71
35	56
66	71
64	62
75	62
77	81
70	71
67	65
80	60
55	62
50	57
60	52
57	55
41	64
69	69
66	74
69	66
71	78
58	51
76	69
81	72
95	84
55	72
70	69
78	66
71	72
67	63
77	66
68	68
64	68
76	66
85	67
78	67
57	72
64	60
56	55
72	67
58	58
91	83
57	63
54	61
74	77
88	88
85	73
78	76
82	81
82	67
68	68
52	62
68	70
69	77
64	75
68	67
76	66
52	61
62	71
53	69
65	68
72	72
74	65
62	62
65	71
76	65
83	74
54	63
64	73
47	55
64	71
73	60
76	67
45	56
55	79
77	69
59	50
75	66
82	76
79	70
71	68
41	63
82	83
88	72
82	65
73	68
78	71
74	67
51	56
75	66
80	69
35	57
71	61
50	56
61	65
62	58
86	77
86	80
70	78
70	71
45	63
67	61
91	79
76	68
72	81
60	66
51	66
62	55
57	66
73	68
66	65
54	58
75	60
58	65
70	71
61	57
65	62
76	70
92	71
64	72
63	53
55	64
70	67
67	63
78	72
69	61
74	70
54	59
42	51
75	83
47	58
70	72
69	66
61	57
63	58
69	69
36	49
59	61
63	71
72	67
62	63
62	60
73	72
63	61
81	74
69	67
73	73
59	70
69	56
70	68
65	61
70	64
61	78
64	58
56	58
60	61
84	71
72	67
75	70
75	68
82	75
75	71
78	70
69	64
73	75
61	55
71	66
73	60
74	58
85	63
60	71
71	62
65	83
54	60
60	62
56	64
55	53
75	66
57	53
58	54
32	54
66	66
67	72
56	67
70	68
66	62
53	73
68	63
72	81
82	76
59	67
64	67
49	57
72	67
68	62
73	86
73	71
48	64
49	63
60	67
69	69
64	64
44	64
64	56
72	65
59	58
72	66
48	62
77	71
79	72
61	58
46	58
80	70
70	69
72	68
61	70
72	64
67	66
72	66
68	65
43	56
61	65
41	47
76	69
76	62
38	57
73	80
63	65
79	72
47	54
77	68
60	67
72	66
38	64
63	61
41	59
71	62
61	71
79	67
51	61
65	62
66	67
72	74
77	68
75	68
68	62
71	65
68	53
53	72
82	71
57	67
80	82
55	61
75	71
50	52
77	73
94	76
49	52
51	51
61	58
44	59
83	77
73	65
35	51
75	71
44	54
85	75
69	61
69	65
74	69
59	63
64	56
61	65
70	66
78	69
66	73
66	67
79	63
62	72
68	59
35	53
70	67
79	70
76	77
64	62
70	72
71	65
53	62
50	64
63	59
72	59
86	85
86	83
82	74
71	65
71	70
77	79
79	65
76	66
67	64
43	52
50	68
78	73
75	68
57	70
54	58
80	76
60	58
70	64
59	57
49	70
66	57
65	66
82	65
63	60
48	59
60	57
72	69
80	74
77	64
67	75
63	75
85	65
69	61
66	52
63	64
78	70
59	52
69	64
75	68
49	50
61	60
67	65
54	62
68	60
62	60
58	64
62	75
81	73
61	73
58	72
74	66
76	69
74	62
68	61
77	63
48	62
56	66
59	60
62	69
47	52
57	64
73	70
47	65
46	63
75	80
57	68
58	71
53	58
80	67
73	60
77	69
85	70
75	69
55	68
72	64
70	63
88	74
66	61
57	69
72	70
57	70
70	66
84	72
66	65
73	74
79	70
68	64
74	73
81	71
77	67
77	68
90	71
70	68
68	69
66	60
53	64
64	70
38	58
77	74
86	62
46	57
80	67
54	62
76	71
68	65
61	68
66	65
70	65
43	48
68	61
66	58
76	66
56	66
69	69
70	71
66	56
67	67
74	69
55	60
54	74
71	69
86	67
87	71
58	62
64	63
75	65
46	63
56	61
77	67
74	69
72	65
86	73
75	64
89	76
73	67
57	58
57	62
73	78
52	63
48	71
75	66
60	61
37	61
69	62
80	72
68	64
85	73
76	76
80	74
49	52
84	70
76	69
83	75
84	65
81	68
45	59
85	70
75	68
56	62
66	57
77	65
70	65
84	74
79	73
63	62
62	62
69	74
43	56
81	65
59	69
80	83
68	81
69	60
45	54
76	60
74	72
73	60
66	51
47	71
50	56
80	64
76	67
64	58
62	63
68	62
64	55
67	69
65	64
71	71
76	67
73	64
71	68
83	83
62	62
56	56
64	69
48	65
57	66
75	70
84	85
49	57
82	73
84	73
72	77
72	68
71	66
61	61
66	75
52	70
68	70
68	60
70	74
64	70
51	66
77	70
60	68
39	62
71	68
69	67
53	64
61	64
82	66
65	66
55	52
77	65
75	70
78	75
70	67
76	68
82	69
37	48
68	63
73	68
67	63
74	62
79	65
70	80
85	67
73	67
69	65
61	66
72	64
74	69
63	72
60	59
80	75
58	55
60	60
70	71
73	69
71	65
79	66
54	64
74	67
71	62
62	60
70	67
57	70
74	70
61	63
51	56
64	56
48	48
77	71
48	58
72	64
78	58
42	63
63	57
70	65
70	65
74	60
69	73
66	72
75	68
54	57
58	54
67	69
90	87
38	55
59	71
69	72
77	70
77	71
76	66
57	74
75	75
71	77
43	55
71	64
65	67
77	75
81	65
86	66
60	68
68	65
44	64
83	63
69	64
83	72
68	70
57	56
57	68
73	71
76	65
67	61
80	60
77	71
32	48
67	62
67	66
66	57
78	69
71	67
63	62
66	71
81	70
83	71
65	73
65	58
79	70
60	75
64	65
79	68
69	59
70	65
63	66
72	55
52	66
54	64
44	51
74	70
53	63
68	68
56	55
79	68
81	75
65	65
68	72
43	49
75	64
50	55
70	65
66	74
75	64
54	71
71	75
46	57
70	63
80	71
76	71
68	71
69	68
71	69
43	68
69	66
81	65
51	67
62	63
58	65
83	68
76	67
76	71
67	56
72	65
60	63
69	64
71	63
54	64
59	73
84	78
72	63
84	81
71	66
72	70
76	72
80	70
73	63
64	68
46	69
73	67
46	58
86	73
78	69
55	52
69	68
63	74
74	71
78	75
66	61
78	69
63	71
68	70
69	68
68	54
58	77
70	64
76	72
38	51
81	74
74	75
74	61
43	55
60	61
75	70
61	55
63	68
56	72
60	73
77	64
52	67
61	71
59	65
69	65
49	54
69	64
69	67
51	61
87	73
67	61
83	73
75	71
51	72
77	74
88	73
62	74
67	70
81	70
46	59
64	63
72	64
62	62
65	58
81	74
73	72
69	62
73	81
72	61
73	63
86	83
67	62
82	76
66	68
70	66
61	66
70	65
81	74
76	62
64	61
68	64
38	63
70	62
71	66
30	47
73	73
69	59
64	66
54	55
68	68
64	65
54	69
69	74
70	67
70	60
78	73
71	65
40	58
79	68
82	67
78	63
67	65
56	59
69	66
82	69
62	68
71	65
63	68
79	69
59	67
47	58
70	71
67	76
62	57
64	68
66	68
59	58
74	71
50	62
92	78
47	64
65	68
75	65
57	57
65	63
79	67
72	72
76	67
67	70
59	61
71	65
74	67
64	57
69	69
85	76
41	62
68	69
56	63
73	68
67	61
66	65
50	56
59	69
78	72
59	67
79	68
79	74
55	57
69	60
55	58
71	59
72	68
60	67
49	60
49	65
75	74
68	54
70	62
49	63
72	75
69	69
71	60
82	69
58	75
68	66
65	71
65	66
45	58
58	67
63	77
79	59
55	55
73	69
75	60
65	69
68	60
67	63
53	58
68	68
70	77
50	67
67	63
43	54
76	65
85	80
38	56
83	79
75	76
78	67
75	78
30	51
79	74
64	69
87	71
62	63
64	63
53	51
62	53
67	64
67	59
50	55
95	83
74	74
63	65
28	49
48	50
55	50
80	77
71	69
67	62
64	71
59	63
89	68
49	67
90	73
59	65
78	65
86	73
76	70
61	66
62	68
75	87
79	66
60	67
63	73
71	64
69	71
45	56
49	68
69	65
70	67
57	62
77	64
76	69
76	70
74	75
61	61
87	81
75	70
66	60
70	70
76	75
71	59
54	64
63	67
60	59
68	63
80	69
77	69
79	75
39	62
77	64
76	66
70	70
62	71
80	67
63	68
57	58
82	74
64	60
55	66
69	72
63	69
75	69
75	70
62	65
63	59
72	70
56	64
74	80
79	68
59	67
74	65
65	67
91	72
71	62
68	62
63	65
68	64
67	74
74	67
69	77
58	60
95	87
63	69
87	66
77	71
80	67
76	68
70	67
64	60
81	69
82	79
59	75
71	62
79	72
61	65
77	68
69	69
65	60
68	66
65	73
84	73
54	50
66	63
61	73
63	73
56	59
64	79
78	63
80	77
76	71
70	55
74	72
37	57
72	75
64	78
53	54
73	71
49	50
41	49
76	68
69	71
74	77
65	62
85	71
60	66
83	78
45	67
57	59
55	61
62	63
63	67
61	63
72	68
67	60
69	64
78	57
77	71
84	79
65	61
77	65
68	66
89	82
69	59
72	73
83	69
61	60
63	64
73	73
57	57
68	62
67	69
69	65
70	78
62	67
56	57
65	60
70	63
47	53
63	65
59	58
74	66
61	67
71	76
76	65
66	62
66	66
78	65
85	74
66	64
75	68
81	68
66	65
91	73
78	65
68	59
59	55
72	74
72	64
50	60
75	69
78	64
59	63
89	69
65	56
79	65
50	55
68	73
80	87
56	59
77	75
70	70
67	60
72	66
61	65
65	65
56	63
67	70
67	57
57	58
36	59
52	57
46	60
66	66
74	70
48	71
72	77
71	67
78	74
77	74
72	66
81	72
79	72
69	64
64	56
85	73
49	69
71	59
57	53
78	74
78	58
65	58
67	70
76	75
64	68
57	59
56	52
52	55
82	79
51	54
69	62
71	67
77	69
76	63
46	52
60	66
79	66
79	70
70	71
68	65
52	50
69	67
78	71
73	65
58	76
78	77
60	65
90	70
70	71
65	76
39	64
83	66
51	53
71	73
77	67
59	62
50	57
77	68
71	68
65	75
77	67
78	71
73	60
71	66
55	63
73	64
69	58
87	70
44	60
78	74
82	72
74	79
76	66
87	83
59	63
73	76
71	62
62	61
40	56
54	71
41	60
85	81
74	69
74	62
66	53
73	66
84	70
79	74
84	69
78	71
68	67
71	73
65	57
35	58
59	67
50	51
86	73
70	63
53	79
46	52
45	52
65	67
53	59
72	63
79	84
76	67
62	59
76	76
92	81
54	70
58	65
39	62
75	71
88	77
70	64
57	60
71	60
75	71
74	72
72	72
51	78
67	74
70	57
56	59
46	67
85	72
82	65
75	72
47	56
62	53
80	72
69	65
71	61
89	84
65	65
54	63
68	69
79	63
67	65
78	63
82	70
73	69
67	61
71	70
80	63
61	58
80	68
78	68
66	63
71	65
43	64
76	65
76	75
71	69
70	56
47	50
88	79
74	65
65	61
73	62
72	74
71	70
49	59
89	63
62	64
77	73
63	68
69	66
78	59
65	62
77	66
72	72
75	72
68	64
63	74
64	65
71	60
64	69
43	50
65	72
84	78
51	55
51	74
62	63
65	64
63	69
72	77
77	60
59	73
55	65
74	67
78	68
86	76
71	83
84	70
89	66
74	64
68	62
82	65
73	77
80	62
74	78
62	71
75	61
34	56
64	65
63	68
45	62
78	66
62	63
38	47
87	73
66	59
57	62
67	58
68	63
55	72
55	55
50	65
69	78
68	57
59	57
79	70
72	71
79	75
76	68
52	61
51	68
61	61
33	57
62	60
69	64
76	64
79	74
71	65
72	69
83	73
83	69
77	71
80	71
47	55
69	68
48	77
77	67
81	80
51	60
75	72
78	67
69	67
72	66
58	66
74	69
75	67
63	56
81	63
52	66
66	62
73	79
69	62
72	68
80	78
63	63
74	66
69	64
76	74
83	68
63	63
59	60
46	55
55	64
46	60
34	53
66	78
52	56
53	73
76	86
60	63
66	63
39	51
71	60
49	63
61	64
70	75
46	53
87	70
54	55
75	73
86	77
72	70
57	68
59	76
77	59
56	68
43	48
72	61
69	65
67	76
81	71
74	63
84	74
66	63
77	70
65	60
74	78
87	70
82	63
63	58
75	61
64	61
81	62
59	59
76	67
65	61
72	68
67	59
49	59
39	55
74	67
84	77
68	67
61	60
73	69
64	74
72	66
88	74
72	63
64	65
60	72
89	84
69	61
64	65
57	70
70	70
83	63
69	75
78	70
80	70
80	66
72	67
62	67
74	68
62	67
66	58
74	74
50	65
65	68
82	72
64	69
80	73
34	52
70	58
63	76
61	70
70	65
55	59
60	61
77	66
67	59
70	63
83	70
70	64
66	78
77	68
65	67
70	64
72	65
68	67
65	62
76	66
83	80
82	67
