59	71
54	61
68	68
29	52
62	67
49	59
64	76
52	68
61	60
67	70
43	62
19	72
46	54
42	67
53	73
38	66
62	67
54	64
66	70
70	74
40	63
61	68
39	70
49	67
20	49
71	68
23	52
68	68
27	65
52	65
47	59
45	74
26	73
21	51
25	70
23	68
15	67
63	74
73	76
57	60
38	73
33	81
65	63
53	67
65	65
36	61
57	67
27	70
60	65
58	61
28	57
66	77
25	48
55	63
55	61
51	69
25	66
53	64
75	75
55	68
40	80
50	62
44	51
30	70
57	70
63	75
15	65
40	79
46	61
69	73
64	66
25	68
31	47
80	80
17	60
31	63
43	70
21	53
56	71
50	69
27	63
64	66
56	63
60	68
45	52
45	78
70	76
59	71
63	73
35	53
75	73
57	61
20	61
42	69
50	71
51	61
70	67
40	61
40	63
48	64
55	64
50	74
75	82
68	72
58	65
55	62
64	70
59	73
73	70
48	59
75	80
38	48
26	59
44	67
68	73
72	77
65	63
50	71
31	51
54	62
25	62
63	70
42	73
51	75
28	65
74	75
49	64
27	71
28	59
50	58
76	75
78	83
31	67
73	78
29	54
42	68
48	63
40	71
65	66
65	71
48	52
29	70
79	79
40	71
59	57
51	69
54	63
72	68
42	78
28	62
44	53
22	67
43	53
47	64
43	51
51	61
69	70
80	75
36	68
67	72
39	56
54	66
26	59
69	65
48	69
54	64
64	72
69	74
58	74
41	61
47	59
49	62
43	52
22	58
55	70
23	53
57	62
67	72
56	70
23	69
69	70
49	68
50	63
52	62
72	75
82	81
20	61
46	62
59	61
54	71
60	61
55	64
56	64
24	67
58	65
50	55
50	61
62	67
53	65
29	73
63	67
35	76
49	56
23	65
40	66
16	63
55	57
67	77
54	67
65	73
54	57
50	64
20	60
45	67
23	72
64	71
59	67
74	73
42	62
63	72
56	70
30	70
40	58
52	62
38	62
59	62
72	75
23	66
29	68
59	68
65	72
54	58
49	57
58	68
42	70
27	66
55	57
58	67
62	70
58	74
60	63
45	60
28	69
72	76
58	61
56	65
53	65
45	68
33	59
53	66
37	55
67	70
49	62
65	68
55	63
61	73
49	65
70	73
75	71
37	67
52	63
48	63
50	59
44	63
58	69
57	64
29	66
59	61
64	73
59	63
65	69
32	70
42	56
50	62
45	59
51	62
41	61
65	67
50	60
57	62
42	67
50	70
49	65
54	73
55	60
39	61
31	72
56	59
66	70
46	58
73	70
63	73
21	58
32	66
51	61
56	59
70	74
54	73
51	63
70	70
53	56
50	58
40	65
38	64
49	62
59	61
45	69
23	49
54	61
65	65
29	66
35	61
67	71
29	73
53	62
31	64
69	73
74	84
54	65
42	75
51	55
65	65
56	69
79	82
58	63
19	65
30	47
73	74
48	62
24	57
28	68
28	59
38	58
37	47
65	70
64	66
62	62
74	80
28	82
68	74
60	70
49	60
56	65
51	62
59	61
41	65
35	67
64	75
74	73
79	82
66	65
54	61
34	65
44	60
68	79
60	65
49	64
58	63
55	68
46	68
21	73
58	68
60	81
36	57
53	64
66	74
35	60
43	69
42	52
66	83
52	65
71	70
28	58
70	64
55	62
36	58
85	82
53	63
71	76
50	68
60	71
65	71
57	64
43	64
55	61
61	66
26	70
71	66
62	66
43	47
60	65
53	66
48	56
63	66
78	82
67	69
37	67
52	69
33	59
44	66
43	54
69	63
47	63
37	71
26	78
56	68
65	73
47	63
55	61
49	75
69	70
74	74
68	67
60	64
59	61
65	62
45	62
49	66
74	79
52	64
63	68
61	69
60	66
62	61
41	68
57	65
25	61
51	65
46	62
79	77
75	74
35	55
51	58
66	72
57	61
56	57
66	63
64	64
65	65
62	69
59	62
70	73
57	63
58	63
45	61
57	74
43	52
33	58
31	62
64	67
75	70
61	66
62	64
74	78
72	76
51	57
71	77
33	57
43	56
56	57
61	74
50	58
44	57
59	63
52	65
66	72
57	68
60	69
24	67
19	59
19	62
64	65
31	67
70	67
31	63
26	70
39	68
28	74
22	59
32	64
56	61
39	68
67	71
60	68
48	58
63	66
50	51
41	72
25	55
68	66
40	62
54	70
67	75
64	64
58	65
52	62
62	77
34	68
29	86
38	75
43	70
20	64
45	61
30	69
44	55
33	69
68	73
31	60
50	68
50	64
48	65
74	78
44	61
63	72
65	67
50	63
43	77
19	67
71	75
51	67
68	72
69	76
70	72
56	62
17	62
46	59
58	69
40	78
58	61
55	60
18	72
68	78
50	67
68	75
56	68
53	71
29	69
65	78
62	72
66	69
62	73
52	58
56	65
54	64
59	61
55	58
51	73
68	70
67	70
26	66
54	66
69	69
56	69
76	79
61	62
55	64
41	58
34	51
27	51
69	78
39	70
59	68
65	68
55	64
68	65
71	75
30	59
54	62
32	54
32	68
31	56
55	62
67	65
33	70
45	63
65	68
18	59
58	60
23	59
62	69
46	82
56	66
50	70
41	61
20	65
34	57
55	64
34	53
62	69
63	72
54	64
74	75
53	66
74	73
51	54
49	65
43	61
48	59
42	66
54	60
65	67
68	74
30	47
22	57
78	76
25	60
72	75
56	61
21	65
60	65
76	82
58	75
22	74
65	74
54	60
49	60
73	77
66	71
68	68
31	62
61	64
37	47
60	65
58	64
74	75
78	78
41	59
55	62
51	61
31	65
54	59
28	62
70	70
59	64
67	75
59	68
82	89
58	69
28	62
24	62
54	70
72	78
59	65
34	53
48	58
66	66
36	64
23	62
27	60
56	63
72	68
56	61
54	70
57	58
58	67
47	51
77	74
68	75
63	69
68	72
18	69
63	67
60	74
28	56
68	67
46	62
59	62
66	70
51	79
45	59
58	58
49	52
31	64
47	68
24	57
52	58
46	65
60	66
35	70
68	77
59	59
73	69
28	59
52	69
58	64
58	64
66	81
46	71
43	65
58	65
64	66
40	58
53	69
61	73
35	55
68	73
68	67
44	72
22	70
68	71
45	62
56	63
39	70
28	68
69	68
55	63
57	64
56	59
63	66
20	67
78	78
46	56
47	67
22	59
33	68
68	69
63	75
38	64
84	89
48	68
62	59
66	75
67	69
63	65
62	65
65	71
25	68
54	63
69	74
75	73
61	64
55	75
68	66
39	54
29	54
61	67
63	70
62	69
54	70
52	73
59	70
69	73
62	71
40	60
55	62
48	64
29	60
32	65
45	64
64	71
32	60
54	58
46	55
53	60
23	67
65	63
46	68
23	52
30	62
72	71
39	68
57	72
46	64
32	54
45	55
74	74
27	69
65	68
52	68
48	61
55	65
68	69
25	61
57	65
55	59
75	79
48	57
78	76
49	66
50	62
41	54
68	68
73	87
57	73
64	66
65	63
56	66
34	57
20	74
71	73
27	68
58	66
63	66
48	72
58	77
26	73
51	57
64	74
67	69
58	63
20	62
30	58
60	68
40	76
54	60
71	74
38	47
62	67
32	66
54	58
54	64
16	69
57	69
62	69
65	71
52	69
66	69
64	67
68	69
61	70
15	62
21	57
84	76
61	75
45	61
64	64
61	73
57	68
23	66
52	58
39	67
40	71
72	73
52	68
55	67
77	80
54	61
63	69
72	71
21	71
61	68
67	69
61	67
45	52
67	74
64	67
66	68
43	53
55	60
46	57
36	66
59	64
51	58
48	59
48	66
18	51
43	67
66	64
60	70
53	63
67	67
46	69
25	62
58	65
42	58
46	66
55	55
68	77
57	60
26	60
22	71
52	70
32	65
33	52
29	54
74	73
39	56
58	61
54	59
42	61
39	69
42	75
18	59
80	77
21	63
61	67
68	69
40	64
69	71
28	58
61	66
18	54
40	70
22	63
54	58
45	54
38	57
60	78
49	69
19	57
18	65
54	68
58	60
44	67
69	76
56	66
53	63
30	70
34	69
74	74
23	49
77	82
24	60
68	68
37	60
57	61
52	55
57	71
68	75
55	69
57	66
40	65
60	73
62	72
62	66
60	60
83	81
38	67
59	65
25	66
63	70
54	60
68	70
63	66
25	65
66	74
22	62
53	62
28	66
75	78
25	66
51	58
45	54
51	67
34	70
63	64
68	72
58	63
73	69
52	60
65	69
65	69
74	73
56	63
81	84
72	73
47	82
40	63
69	77
73	64
32	71
46	51
47	65
56	70
24	63
62	63
38	58
35	65
22	73
28	63
56	67
70	72
77	77
71	72
76	75
61	67
34	72
82	86
58	60
85	87
36	75
53	67
49	67
50	69
65	64
24	53
24	63
64	68
41	59
62	79
46	59
28	62
53	64
60	76
29	65
62	68
67	72
57	61
78	80
22	78
29	60
69	78
38	64
42	56
31	56
65	69
46	73
55	66
46	53
64	65
51	62
28	58
38	58
69	73
65	69
56	62
66	70
72	72
61	67
61	65
20	67
55	61
26	58
71	80
75	75
51	75
63	71
64	66
64	65
40	56
41	49
68	75
42	56
51	56
38	70
59	65
68	67
45	67
60	67
31	59
18	60
25	54
65	72
28	67
35	67
45	63
42	53
60	64
20	50
40	58
71	64
23	64
75	78
33	64
66	70
41	53
50	71
54	60
51	60
53	77
58	68
47	53
61	65
55	60
79	77
24	65
69	79
75	82
52	58
45	65
48	68
24	67
65	79
72	68
60	61
36	68
50	63
55	61
53	68
55	63
66	73
59	63
63	67
62	65
61	62
45	67
51	63
66	64
58	64
63	67
77	78
69	70
66	69
55	65
61	64
47	77
62	66
67	64
67	72
60	63
64	70
17	55
54	69
71	62
58	68
65	70
64	66
52	60
67	68
60	68
39	64
55	70
48	58
29	61
24	64
54	55
51	65
21	65
67	69
67	77
63	74
77	73
62	67
62	62
61	68
54	54
25	60
59	68
59	70
29	62
37	68
52	56
32	54
45	60
45	52
63	77
57	62
67	67
52	75
53	61
28	70
72	74
61	69
56	65
64	65
48	72
65	65
35	68
64	67
40	67
89	90
65	69
65	68
30	69
51	57
68	79
58	62
48	74
31	70
33	69
23	69
51	60
49	67
81	85
31	69
45	64
60	63
33	65
51	55
26	51
47	64
24	72
35	58
50	66
67	64
68	75
52	58
59	64
58	66
63	72
31	69
70	76
48	67
65	76
70	82
47	58
70	68
53	65
70	82
64	70
58	68
40	62
61	60
51	62
60	64
63	60
22	71
52	63
65	70
42	62
34	63
48	55
50	64
31	71
61	63
71	77
22	63
57	68
55	63
50	63
53	72
59	61
20	63
43	60
59	62
26	66
60	59
28	74
30	65
62	66
58	67
66	67
71	74
44	64
55	61
61	65
46	77
64	67
45	60
45	64
69	72
42	60
43	56
68	60
63	67
50	62
66	72
43	65
38	56
18	66
42	62
44	70
23	67
67	66
61	61
59	73
39	66
63	70
47	52
49	64
45	66
54	64
62	71
61	67
31	58
67	70
72	74
66	64
69	65
24	61
56	68
49	59
42	66
38	62
72	74
33	57
51	68
18	68
60	66
33	57
62	76
70	70
47	62
63	65
39	68
30	76
70	69
69	71
85	83
63	66
45	67
71	74
62	68
61	66
25	57
78	82
47	58
23	61
33	68
55	65
53	69
69	73
30	70
38	58
66	69
59	64
40	52
30	70
55	60
68	71
30	66
28	67
66	68
73	68
68	66
71	68
44	69
62	74
31	64
61	64
43	66
43	55
38	67
63	74
77	79
34	67
25	69
59	66
42	69
63	64
55	69
20	54
65	64
26	59
32	68
62	65
43	73
49	56
65	61
67	69
67	71
65	67
66	68
63	72
62	71
49	58
62	64
48	63
19	65
44	72
63	65
65	67
63	69
80	77
57	65
26	50
73	67
70	68
68	64
20	65
52	56
49	54
63	67
54	72
40	63
66	70
32	69
56	76
52	65
54	67
58	65
74	75
80	74
72	71
60	60
21	56
30	67
64	68
33	61
25	82
37	65
78	75
67	74
66	69
26	61
41	74
59	66
68	71
24	53
52	53
64	73
56	67
24	64
75	79
45	61
44	58
32	64
52	68
36	58
35	66
75	69
35	68
35	82
30	68
62	74
23	52
63	73
62	68
53	65
56	62
56	52
32	63
49	67
68	68
15	62
73	73
55	64
58	63
57	66
59	64
72	78
58	72
51	57
57	65
30	73
60	61
67	64
51	68
45	64
42	66
62	69
48	55
56	56
30	63
57	62
24	49
51	63
61	70
54	63
35	48
18	58
34	60
55	66
60	73
65	65
45	61
46	62
59	64
73	73
21	67
56	68
51	69
30	72
48	56
56	57
61	69
49	54
75	81
70	71
38	47
32	53
50	64
22	72
44	57
71	65
60	59
62	66
60	62
54	59
68	69
61	60
76	70
58	68
48	69
50	64
53	59
60	67
36	49
48	64
38	61
40	65
39	61
50	56
33	63
44	68
55	65
59	69
59	69
35	48
23	70
40	58
57	64
52	66
56	62
61	62
55	68
56	64
61	63
41	65
51	66
66	65
49	64
62	63
62	65
60	77
65	68
53	64
34	63
40	63
58	62
37	63
52	63
43	56
65	67
64	63
77	89
53	56
48	61
48	67
46	69
53	65
24	66
22	74
36	72
70	73
44	61
17	68
45	65
55	61
67	67
44	60
63	72
26	53
37	59
26	66
37	63
25	66
40	72
74	78
58	67
49	59
39	56
35	62
66	71
42	64
56	68
56	67
54	77
61	60
33	62
72	71
22	49
69	72
39	69
59	67
63	62
70	70
52	61
66	69
35	63
57	74
20	56
67	67
22	60
34	63
59	66
42	61
83	76
47	80
38	60
39	68
28	63
54	58
55	59
62	64
59	81
69	72
36	65
59	65
64	73
83	82
31	65
21	63
61	74
75	73
55	64
26	66
59	66
38	65
42	60
42	58
61	63
78	79
57	68
57	59
48	50
16	59
55	58
55	63
59	64
27	67
27	62
30	55
54	62
77	77
55	65
75	70
36	68
53	56
17	67
65	68
52	62
42	67
60	61
68	69
46	70
49	66
72	78
32	62
29	67
60	63
66	77
58	71
54	68
68	73
73	74
40	72
60	64
59	69
28	58
58	76
58	72
55	63
65	72
63	68
63	76
40	72
25	70
48	56
60	74
79	81
61	69
58	65
68	72
47	72
50	50
66	76
38	68
61	66
22	59
34	68
32	66
47	64
63	64
35	62
56	65
70	81
54	67
48	50
57	62
24	62
60	69
54	70
64	64
50	64
67	67
53	62
62	79
60	76
58	63
73	73
41	60
22	50
59	64
52	69
48	57
37	68
69	62
53	59
59	58
60	65
53	62
40	47
42	63
36	51
20	63
26	63
72	71
43	71
58	70
54	59
39	67
68	69
63	63
74	66
44	64
27	66
56	61
21	62
70	80
43	71
70	79
49	54
22	77
58	66
61	66
31	65
56	63
27	64
48	52
60	62
45	55
45	66
64	69
30	63
61	69
54	60
79	79
69	80
43	59
21	66
40	64
63	67
73	72
51	68
51	64
24	59
62	64
65	68
30	74
40	67
66	67
28	67
61	62
48	87
66	67
62	65
59	73
38	51
35	68
74	72
41	57
73	72
68	73
42	62
50	56
23	64
57	66
28	60
60	71
31	57
65	71
46	74
60	68
44	63
75	77
29	61
70	77
27	57
70	67
61	71
70	70
55	60
52	65
66	68
54	69
58	66
68	72
57	60
55	68
22	61
21	62
65	69
31	62
62	67
68	74
57	67
72	75
26	67
47	62
38	68
62	76
58	73
30	61
35	61
52	68
59	66
26	64
49	57
53	67
48	55
58	60
43	72
50	54
73	74
55	68
27	68
20	55
46	66
84	82
30	51
25	61
40	72
41	55
52	64
45	53
37	75
55	60
80	88
59	63
40	62
59	78
62	69
63	71
39	62
64	67
54	60
52	61
65	72
54	62
55	64
54	59
41	62
49	71
25	60
73	71
68	70
42	66
69	75
77	83
46	71
44	77
72	73
35	57
42	60
55	63
52	60
47	60
46	70
49	53
23	68
49	63
28	66
66	65
51	57
55	71
42	74
35	74
39	64
58	64
61	63
69	69
34	71
70	70
63	69
56	66
50	62
39	52
51	77
59	66
45	60
59	61
25	75
30	62
21	60
60	67
35	70
55	65
24	63
36	62
74	78
61	65
62	63
66	72
57	71
52	57
44	71
55	61
37	70
38	57
50	55
37	59
77	76
39	60
62	73
67	70
62	68
28	61
54	59
65	65
52	70
54	61
60	65
53	54
26	55
61	66
59	63
62	72
65	65
28	57
22	62
50	62
66	65
62	64
61	64
64	73
49	60
63	65
79	84
79	77
48	64
68	67
26	61
52	63
28	67
44	56
60	69
64	64
21	60
51	56
68	69
57	65
74	71
58	73
66	73
29	72
25	64
38	64
64	70
72	77
60	67
60	72
56	65
58	68
44	57
53	82
42	54
74	76
58	63
80	79
56	67
68	74
63	71
26	48
42	65
51	67
72	77
56	73
44	63
45	57
68	71
60	64
56	73
78	76
75	70
28	66
43	71
51	69
45	63
66	66
38	57
37	52
69	66
50	55
36	77
41	66
66	69
56	64
52	62
32	66
58	67
43	61
67	69
58	80
49	64
28	67
51	74
72	79
57	59
57	66
33	68
63	73
67	72
40	57
66	71
24	77
67	67
74	80
74	73
52	59
36	53
56	66
40	60
26	64
57	62
28	66
24	64
54	61
35	59
62	62
28	58
59	65
57	63
56	62
72	72
41	67
63	70
62	72
63	57
41	56
18	64
76	84
70	76
62	63
66	66
55	65
48	58
42	53
82	89
44	66
23	59
27	73
64	73
20	53
55	64
36	64
72	70
68	74
73	70
59	69
43	58
75	76
64	65
74	70
64	70
47	56
33	57
61	67
36	82
31	65
29	54
55	64
62	80
59	58
65	68
65	63
65	82
65	74
58	62
75	78
63	61
68	73
67	75
28	63
40	70
59	61
30	61
23	53
71	78
54	72
37	78
74	77
70	78
40	68
40	64
58	68
60	67
26	66
67	68
30	65
57	61
55	75
36	59
36	63
45	70
58	69
58	67
38	66
39	62
40	62
58	71
56	79
51	64
62	69
60	59
52	51
22	53
60	66
49	58
55	62
44	53
69	72
53	62
66	68
30	47
49	58
66	68
80	81
67	65
67	71
53	65
65	67
55	61
57	66
41	61
30	64
55	58
39	74
71	74
63	70
36	62
75	79
62	72
53	61
31	55
64	59
58	71
26	62
18	52
29	68
64	69
44	59
64	69
66	76
71	69
55	70
45	61
72	82
53	67
55	65
75	75
30	71
51	66
65	67
49	62
60	62
34	61
59	68
47	66
73	75
43	72
59	63
62	62
54	63
54	59
59	63
69	62
54	62
57	66
58	62
52	60
56	68
54	68
24	60
65	69
44	68
33	65
69	78
57	66
49	69
28	57
30	62
63	69
61	68
56	73
64	66
30	68
68	85
54	68
28	66
25	64
26	60
56	61
65	67
48	68
61	65
44	67
62	73
18	64
30	58
45	62
31	77
65	79
55	60
62	68
34	48
40	54
55	66
34	72
55	67
27	60
23	62
51	64
78	83
59	67
59	76
66	69
57	67
62	71
80	74
46	51
53	58
59	66
54	68
45	62
28	59
49	73
50	65
67	69
67	70
49	58
77	76
29	65
57	67
25	63
45	72
40	55
38	66
55	70
65	72
66	67
53	60
59	64
68	72
24	62
65	76
59	66
61	67
35	67
60	66
37	65
31	67
27	74
74	74
18	55
39	63
59	72
29	53
53	65
66	71
52	66
65	63
36	64
65	70
49	52
50	70
67	73
45	70
27	67
74	78
71	71
55	62
51	65
15	59
57	57
43	61
49	53
15	66
53	55
66	61
34	69
70	69
68	74
52	59
33	60
48	64
18	63
46	63
72	79
73	72
62	66
66	64
78	75
27	59
40	63
60	70
65	70
27	73
38	68
64	67
52	64
19	62
75	67
28	69
61	62
27	58
60	63
54	62
67	69
67	68
26	54
31	47
68	77
36	64
58	58
60	70
21	51
32	58
54	67
63	57
44	61
49	57
61	78
74	68
54	63
16	53
75	80
69	78
71	70
25	67
26	59
45	58
25	61
68	64
55	66
82	79
55	67
45	59
37	82
59	68
67	72
28	59
52	57
67	64
25	64
32	59
47	57
76	76
56	61
73	71
59	65
56	68
53	70
62	67
63	68
65	70
65	67
65	78
60	65
51	59
69	69
28	58
54	77
67	73
34	68
60	60
54	57
84	82
20	63
73	69
37	70
78	75
62	70
48	71
42	57
60	67
53	64
54	64
60	67
50	66
54	60
53	70
46	66
50	68
62	72
58	59
25	73
67	67
56	62
57	63
50	62
50	71
68	69
48	63
60	72
67	73
63	77
44	70
32	60
60	77
36	70
45	56
70	70
59	66
18	61
51	56
67	65
49	72
55	62
64	65
73	74
59	70
42	72
65	72
37	47
32	79
30	70
32	61
45	69
58	62
26	51
64	65
43	60
53	60
48	55
42	66
59	67
59	68
66	61
20	64
55	63
56	62
36	50
59	66
34	70
63	72
39	63
65	67
23	59
45	56
67	82
55	60
43	51
38	69
49	68
69	71
46	55
60	63
68	66
59	62
61	69
55	73
57	73
65	69
70	71
69	76
34	66
56	63
53	64
26	65
80	76
68	66
57	63
55	65
64	66
36	62
41	63
64	73
22	70
62	74
24	71
24	60
42	69
50	67
25	68
49	75
31	70
21	61
75	79
37	50
53	56
63	66
65	66
52	58
36	57
61	69
51	67
53	65
29	56
63	69
43	57
40	55
52	64
30	62
60	67
36	64
58	67
22	75
68	71
40	54
53	71
73	78
30	73
54	66
42	58
67	74
48	66
72	72
18	60
65	71
58	72
84	79
68	76
62	67
62	68
27	65
64	69
26	56
52	57
54	62
53	73
41	68
22	53
15	66
67	77
62	65
29	52
60	68
85	78
65	68
64	68
52	65
36	63
40	63
64	75
41	66
36	69
65	69
65	67
67	77
54	60
62	67
19	55
59	77
39	63
31	71
58	61
76	77
65	71
41	68
20	66
58	65
77	77
62	71
60	72
59	68
61	71
47	64
77	75
55	67
60	70
20	53
51	59
69	71
52	69
64	64
31	53
23	62
43	65
40	66
48	52
50	54
66	69
55	66
48	69
56	67
21	66
44	58
67	70
59	64
56	63
68	72
44	61
42	63
66	76
64	73
57	65
38	63
66	70
44	63
51	68
57	65
55	62
65	70
70	69
30	72
61	75
57	68
62	74
66	67
42	59
72	69
22	69
32	58
63	66
44	71
67	69
71	76
49	61
26	64
42	67
43	68
60	70
55	62
54	68
44	74
72	75
38	74
38	65
43	69
61	68
54	62
29	79
69	75
74	81
51	61
58	72
25	72
73	67
55	58
51	57
55	68
38	47
39	58
61	68
29	58
34	67
76	76
59	59
23	59
64	61
64	69
64	68
60	72
25	71
45	52
30	64
55	64
58	68
85	81
67	69
54	53
40	55
23	62
35	47
49	59
73	69
54	68
54	64
54	56
66	70
55	74
49	66
32	68
60	64
48	59
40	60
59	65
31	67
27	62
47	67
61	67
33	71
60	67
38	58
75	79
71	67
53	74
62	68
67	76
40	69
41	57
55	62
51	55
40	56
49	65
60	62
50	61
60	72
34	55
58	75
46	63
59	64
74	81
36	59
63	66
36	76
63	70
42	57
76	77
53	65
73	82
44	54
51	71
59	61
50	55
66	69
44	64
60	68
54	57
43	82
39	61
47	68
55	60
69	67
39	55
52	65
67	65
31	66
36	62
35	62
68	74
57	66
32	68
47	64
63	72
46	58
48	60
56	68
45	64
64	66
56	72
27	60
51	62
36	62
78	79
68	70
60	73
70	74
59	63
80	76
70	73
58	60
59	59
56	70
43	60
49	60
53	64
42	57
60	58
48	65
21	52
53	58
35	66
58	64
31	60
57	65
60	68
63	68
67	68
55	63
44	59
38	73
73	74
33	68
28	67
56	61
45	70
40	64
65	79
55	70
22	57
65	70
40	56
65	69
42	66
62	69
55	61
55	67
51	60
59	70
37	53
27	48
73	71
49	65
59	69
49	60
63	71
59	66
57	67
54	74
43	70
57	71
56	60
23	57
63	72
65	71
43	66
60	71
26	61
62	67
68	68
55	59
65	66
31	77
68	72
68	69
65	72
56	61
38	60
58	72
70	66
27	58
42	49
56	63
58	62
67	74
53	71
78	82
73	72
82	79
37	70
31	65
68	78
56	60
40	53
45	63
24	65
56	66
68	70
63	66
57	65
30	56
48	65
20	58
72	67
62	62
60	76
23	75
51	66
68	72
44	68
34	66
54	60
64	63
47	62
35	64
47	74
82	88
68	67
66	68
64	67
59	62
52	59
61	69
61	74
63	65
40	69
31	67
57	69
55	72
64	71
59	80
68	67
53	50
33	48
23	64
66	66
62	66
54	83
62	65
60	75
37	71
28	62
60	63
54	60
64	63
60	66
62	62
67	70
58	67
38	64
70	71
58	69
49	55
31	63
55	67
24	62
65	72
25	59
39	70
54	65
30	65
54	58
45	65
51	71
25	65
35	70
66	69
21	70
58	62
65	69
44	57
43	61
71	64
40	64
51	59
55	63
69	73
79	84
53	68
22	70
67	85
48	61
34	70
28	68
38	82
70	72
41	61
65	72
27	57
55	61
76	79
54	57
59	62
29	64
61	65
41	69
69	74
35	73
64	70
51	76
49	64
61	66
26	75
44	53
64	66
61	64
29	63
31	72
52	68
34	67
61	63
47	66
50	59
57	60
45	69
57	62
56	63
72	73
61	63
56	62
41	71
31	62
22	62
18	63
31	69
62	61
72	72
25	67
68	70
40	60
58	61
53	69
63	62
23	64
55	56
64	70
60	64
45	69
73	74
48	58
48	72
54	59
65	68
26	68
46	63
38	61
65	64
51	59
23	60
69	69
60	69
20	58
61	70
62	68
60	63
50	70
25	61
62	70
30	47
61	65
38	54
61	58
54	62
20	50
62	68
57	72
69	78
77	82
44	61
21	53
68	72
48	67
27	62
71	70
43	65
31	68
83	76
34	52
60	65
62	68
69	70
50	67
62	68
65	65
58	60
76	73
55	59
61	62
52	68
51	60
62	69
33	58
51	66
63	65
35	68
59	60
23	58
29	73
22	61
46	74
30	63
67	71
64	70
56	62
66	70
72	78
31	54
63	69
65	68
55	64
22	57
24	56
59	77
32	69
54	63
26	70
55	63
59	71
65	69
51	59
44	54
37	50
28	70
68	67
50	62
42	60
64	68
34	60
56	71
42	68
56	69
37	63
63	68
67	79
54	63
65	63
66	73
22	64
68	72
60	78
40	57
44	61
68	76
31	63
60	60
38	67
39	74
64	63
50	68
66	67
49	67
56	63
57	68
64	68
56	63
61	80
75	72
58	63
60	65
62	72
83	90
56	67
75	78
52	63
78	78
47	75
65	72
40	75
42	61
33	66
68	68
58	64
49	64
60	63
68	70
49	58
49	64
50	67
48	52
65	69
65	67
76	79
79	77
54	63
39	66
62	67
43	53
60	75
57	62
68	68
47	69
86	87
70	74
47	67
43	55
60	66
56	63
42	70
38	63
75	80
47	53
25	64
70	73
28	61
31	62
40	68
67	77
22	75
18	72
38	52
75	74
68	70
36	64
43	66
27	65
61	63
67	79
66	68
23	61
43	53
26	63
62	68
47	64
47	67
57	62
16	58
66	72
48	68
42	66
41	59
64	67
18	70
60	62
41	71
59	68
75	77
49	75
60	55
32	71
44	62
76	83
51	56
48	72
51	67
18	64
60	67
53	56
54	69
67	69
51	56
36	60
67	67
68	68
51	56
50	75
59	67
49	66
62	70
59	70
48	60
16	57
70	73
64	67
51	74
75	75
65	69
16	60
55	57
55	63
64	68
45	66
31	68
21	67
51	55
63	67
60	69
60	64
27	54
49	58
79	84
60	60
69	72
57	59
62	78
50	80
52	67
45	77
78	75
59	63
48	68
64	70
44	77
59	67
60	63
40	58
69	74
64	66
28	59
70	71
55	58
57	65
53	68
34	58
25	53
70	75
57	58
70	74
59	73
48	62
65	65
42	57
63	61
72	73
56	61
62	65
65	67
76	82
25	54
52	70
60	70
71	75
22	51
28	54
23	65
51	61
35	61
24	55
66	72
73	70
59	64
22	66
68	72
64	72
47	57
73	73
64	64
53	57
80	71
64	74
65	71
22	63
58	62
58	64
48	67
73	75
62	65
60	62
31	65
56	74
53	59
64	65
51	69
48	59
49	55
56	62
58	62
54	74
59	66
23	60
34	60
51	59
75	78
47	59
64	66
63	74
49	69
29	70
62	64
58	62
56	68
55	60
56	66
58	63
66	72
41	57
59	76
49	64
58	64
28	63
66	73
74	81
40	64
55	73
51	77
39	68
53	65
70	70
46	55
63	71
64	68
67	66
45	57
30	70
56	71
54	69
62	69
66	64
24	58
54	64
66	65
73	71
67	69
64	66
29	56
55	68
17	67
53	73
64	68
24	66
31	55
63	65
56	59
42	50
58	69
69	72
28	68
63	67
42	64
41	68
37	60
64	72
68	65
65	69
32	61
83	75
29	61
45	68
74	74
54	71
57	60
57	63
49	56
47	48
51	75
34	57
24	61
35	66
61	61
60	68
31	78
70	73
70	75
29	65
40	58
59	63
20	59
69	70
65	68
63	65
42	56
64	68
72	78
56	73
39	68
53	63
71	71
53	67
65	70
65	71
54	63
38	66
36	67
78	67
63	75
33	61
56	59
54	59
46	68
48	56
39	59
64	68
62	72
41	66
37	60
54	79
42	71
34	60
69	70
29	71
32	58
71	70
55	56
69	71
29	64
58	60
22	57
53	76
39	57
65	65
34	64
29	64
60	71
21	51
79	79
30	68
54	67
58	65
34	64
57	58
46	59
55	65
33	69
58	70
32	56
25	71
32	67
67	69
16	51
53	51
60	67
40	63
68	72
49	59
57	71
50	65
75	76
51	65
25	66
50	63
64	72
35	62
24	62
70	68
25	62
32	78
57	67
81	84
38	69
51	51
65	72
40	64
61	69
59	66
55	57
33	64
51	62
48	61
27	68
75	76
57	74
58	67
74	70
59	66
23	58
62	67
33	51
59	64
50	52
53	60
58	63
35	64
54	57
72	74
66	67
18	58
45	64
57	73
59	64
54	62
64	82
32	63
52	69
41	72
44	73
16	55
39	54
52	69
55	65
63	66
74	85
77	75
66	70
71	72
70	71
50	68
57	63
76	74
23	62
72	77
35	69
30	63
32	56
37	58
54	68
37	57
80	83
44	55
55	69
51	63
55	63
56	67
72	73
33	69
57	70
51	59
26	69
70	71
72	74
71	77
44	55
61	66
24	64
60	67
75	74
52	67
64	66
60	65
58	67
76	79
54	67
52	58
25	65
58	65
66	73
50	69
53	68
57	62
20	67
41	64
21	78
46	59
62	67
59	65
71	76
17	66
73	78
70	67
63	76
42	70
49	59
46	60
60	64
57	69
33	68
43	71
51	61
48	66
53	64
51	80
54	55
50	73
60	60
48	68
50	66
59	65
25	55
52	56
43	67
77	81
35	53
24	70
48	62
53	53
45	59
59	65
59	62
43	54
45	67
22	63
61	69
46	60
29	47
33	72
44	78
61	63
64	70
21	64
80	77
81	82
48	61
57	73
72	75
46	61
60	66
36	57
21	68
71	79
25	64
38	61
54	73
34	76
46	54
50	54
55	67
61	63
38	67
25	68
48	54
27	55
45	69
33	69
56	68
58	61
72	75
59	60
28	63
55	70
32	64
64	65
49	60
75	82
56	57
23	78
32	62
62	68
60	76
59	61
52	67
42	61
45	60
16	64
68	69
56	62
19	62
74	77
62	66
39	54
23	67
71	73
50	60
26	67
57	66
49	57
41	77
38	55
28	61
36	64
52	52
21	71
18	62
33	49
19	68
85	72
65	65
29	69
37	67
69	66
71	69
32	82
48	57
57	61
51	70
40	58
67	73
61	63
26	68
43	69
29	67
59	64
35	69
78	82
60	65
62	64
25	70
32	67
39	54
58	66
39	81
59	64
55	66
52	62
65	68
55	67
30	63
46	62
57	59
37	49
24	64
78	76
16	58
64	73
60	60
69	74
79	78
58	63
20	59
30	54
65	74
29	59
54	67
67	71
59	67
56	72
45	61
57	64
26	64
23	59
65	62
75	75
38	60
73	72
35	71
51	60
45	66
59	72
59	71
22	70
66	69
16	50
60	65
57	59
30	58
58	62
66	70
27	62
57	61
55	63
42	67
53	70
60	77
67	71
60	63
25	68
55	59
31	60
33	63
51	58
65	69
48	73
66	68
53	63
57	67
72	76
42	66
77	77
33	57
42	59
63	71
65	75
56	63
35	70
41	63
40	65
54	74
60	60
69	71
60	58
69	76
59	62
24	61
74	70
55	63
65	67
75	74
20	62
58	58
67	74
65	70
28	62
18	68
70	74
28	62
25	67
51	80
66	62
71	72
65	67
83	82
41	66
57	64
54	67
66	67
57	63
56	64
42	71
69	72
65	65
54	64
56	70
56	62
66	72
49	51
38	67
38	73
59	68
65	67
35	67
54	74
43	50
28	56
61	65
66	72
66	66
45	63
32	58
51	58
37	56
28	65
72	69
51	63
54	62
44	59
66	64
59	66
67	71
65	67
74	80
58	65
55	60
25	66
60	72
86	78
59	64
58	75
65	66
52	69
63	64
74	72
68	69
60	70
52	50
67	69
62	67
61	74
64	71
65	64
25	66
34	63
36	66
60	63
58	63
62	61
73	73
57	71
70	73
72	72
45	61
55	66
61	70
61	65
50	67
24	56
50	73
55	64
49	63
57	63
36	71
50	57
34	66
26	52
65	71
53	62
27	62
60	60
52	62
45	63
28	70
58	64
50	62
33	71
58	73
49	70
61	68
61	64
60	62
66	65
49	57
63	63
53	60
54	65
52	57
55	65
36	73
40	66
51	52
50	72
80	78
25	68
65	66
46	71
19	59
65	65
46	62
52	64
69	72
50	67
60	68
33	52
73	77
19	64
19	64
55	64
55	67
31	65
32	59
45	65
62	70
48	56
22	68
74	75
68	70
36	64
52	61
33	68
28	64
69	72
54	65
40	50
41	60
36	74
51	68
73	69
45	69
49	60
68	65
62	67
44	66
69	69
33	65
31	72
50	56
32	58
46	63
25	61
43	69
63	61
65	65
56	65
57	69
38	62
36	55
61	62
62	68
36	49
65	79
46	61
73	70
37	64
42	57
60	84
62	66
87	90
36	71
46	64
66	66
51	70
71	69
25	65
55	63
31	63
26	71
30	62
54	68
61	67
37	65
40	60
67	69
76	75
55	71
25	68
29	62
30	60
60	74
68	71
61	63
62	65
62	70
26	61
37	70
46	55
53	61
68	68
64	65
22	63
32	55
67	74
56	68
50	65
63	70
60	67
73	68
34	67
64	69
26	61
78	83
45	66
28	69
70	67
60	67
33	71
63	66
51	58
72	78
38	69
77	81
79	84
70	70
54	60
71	73
72	69
31	66
65	68
64	63
53	57
50	61
45	68
65	65
42	56
38	58
27	61
21	52
46	72
23	61
72	72
74	74
61	69
34	66
56	60
42	64
56	67
40	56
60	67
50	52
64	71
70	78
58	64
74	82
49	66
59	64
43	60
74	70
77	78
61	63
33	57
45	66
55	65
33	48
46	52
25	68
51	56
45	57
70	76
40	64
49	60
57	73
41	60
59	64
36	70
69	78
44	56
20	55
71	74
29	67
51	69
57	64
70	69
54	62
62	69
50	65
58	72
50	79
51	62
49	60
70	76
58	57
46	64
28	53
20	50
58	60
45	61
52	57
41	67
29	74
67	68
44	59
36	79
62	68
66	64
48	70
21	59
26	64
70	68
41	60
51	65
67	72
56	62
56	64
35	70
44	58
78	77
66	72
40	70
44	58
65	70
50	57
64	65
60	69
74	78
58	68
39	63
51	67
54	68
55	58
54	65
62	68
38	56
39	63
63	71
38	68
40	56
32	58
26	57
56	62
44	57
20	53
68	68
54	60
67	74
58	62
56	58
74	75
22	73
26	78
59	64
24	68
57	70
40	52
52	56
32	63
27	70
55	67
38	71
49	59
52	67
60	61
63	68
68	72
64	75
41	78
68	67
18	51
65	68
24	66
58	69
71	67
79	76
70	71
72	66
41	71
52	64
42	52
45	63
59	66
52	55
50	55
38	56
23	65
58	66
54	67
63	68
28	58
59	64
60	66
74	83
46	53
57	66
67	71
68	70
54	66
58	63
48	69
57	72
28	65
65	71
50	70
42	57
23	56
59	66
43	64
79	71
70	74
23	60
63	58
33	72
48	57
47	55
66	70
57	69
42	62
52	57
66	66
68	78
62	68
56	62
26	56
53	56
45	56
58	65
50	53
65	67
49	56
68	70
46	73
41	67
63	74
70	69
30	56
64	68
50	54
70	71
62	67
63	65
49	69
76	82
66	65
59	60
49	67
23	68
59	63
36	63
63	67
35	66
46	59
27	65
28	70
58	65
54	62
58	67
67	68
45	62
51	71
72	67
54	65
27	63
20	62
26	63
27	52
28	68
51	66
47	59
51	69
45	55
23	71
62	66
32	63
24	65
62	67
42	64
42	70
70	71
37	59
25	53
38	80
52	64
65	67
49	63
28	61
38	53
32	69
23	58
42	59
58	64
62	64
70	78
66	74
72	73
44	66
70	76
66	66
54	66
60	69
41	59
63	66
52	69
61	71
81	79
31	58
46	72
54	71
28	72
68	74
38	77
54	65
50	77
56	61
62	66
59	59
21	70
43	58
68	71
50	63
55	73
51	59
49	66
74	72
70	70
60	67
23	65
62	66
40	64
48	62
48	58
62	66
49	66
17	55
35	76
60	64
48	58
30	69
64	75
53	55
56	57
60	64
23	51
63	61
59	63
17	50
68	67
52	59
59	76
54	55
49	60
29	61
60	67
34	65
67	72
34	64
48	65
46	65
71	68
32	55
61	64
53	61
53	59
65	70
79	78
59	63
55	53
71	77
66	68
48	69
58	70
49	61
21	57
51	70
61	70
33	57
21	60
38	61
62	63
62	72
62	70
40	65
42	72
43	58
65	72
51	63
58	65
47	56
57	73
35	65
65	72
22	65
23	74
33	71
62	75
53	63
62	60
40	62
25	61
57	64
52	56
40	61
20	61
35	65
69	69
57	61
24	61
69	74
63	71
49	63
57	65
72	73
42	66
52	59
52	68
51	58
62	67
58	64
34	58
68	71
60	65
62	61
25	67
62	69
27	64
28	68
57	64
59	66
36	47
52	60
22	54
42	52
61	65
16	59
64	73
60	67
39	55
33	59
55	64
50	57
33	69
61	68
34	56
33	58
69	74
53	68
67	65
50	70
62	69
58	67
67	68
55	69
25	72
64	69
70	69
68	72
40	62
56	57
72	73
74	70
61	65
65	69
69	74
33	65
29	63
42	69
63	69
49	55
61	74
18	68
39	58
74	79
61	64
50	64
36	49
74	78
53	58
55	67
22	61
77	72
60	64
36	54
44	72
26	73
61	61
51	64
78	81
46	68
57	64
20	63
60	67
60	71
34	73
86	91
34	48
58	73
64	64
45	66
60	60
69	75
40	71
81	81
69	71
62	64
75	75
16	49
36	61
38	66
42	84
68	71
61	67
68	70
59	68
59	74
55	59
48	64
25	66
60	74
71	70
63	66
47	65
66	74
76	76
35	61
28	53
72	69
64	67
46	58
33	49
72	74
56	61
60	65
64	66
48	63
67	72
58	66
58	68
41	51
48	58
57	64
57	66
45	54
31	72
62	73
52	58
19	71
50	59
78	83
52	65
24	67
52	66
53	75
67	74
54	57
64	69
33	70
63	68
73	67
66	71
34	71
55	72
83	82
75	75
19	48
51	66
59	57
24	66
30	63
45	66
68	73
75	73
21	63
62	76
67	78
44	66
66	70
71	73
60	69
55	71
43	65
68	71
47	66
16	58
39	60
58	59
56	67
40	68
46	56
50	61
52	67
31	53
45	61
63	66
74	71
59	67
48	65
45	74
21	51
43	59
58	65
65	62
33	60
57	67
51	57
61	65
33	62
22	62
72	67
61	65
23	66
60	66
33	66
65	71
76	84
32	65
67	72
30	60
70	67
72	78
56	73
60	63
56	58
55	57
67	68
55	65
22	63
40	75
55	68
49	55
52	65
42	56
52	54
23	63
57	68
68	71
61	66
64	65
42	64
69	70
32	61
54	61
25	63
33	61
58	60
32	73
45	67
87	87
58	75
30	69
72	69
58	68
61	77
20	55
40	65
59	64
51	72
53	61
47	71
38	66
38	59
56	74
75	79
32	68
31	58
52	70
41	66
55	68
52	63
20	65
40	66
59	63
76	80
51	71
20	53
33	73
66	72
24	66
42	64
56	73
60	74
44	59
62	70
40	68
64	68
44	59
71	73
54	60
43	68
60	69
18	52
56	64
47	63
63	68
61	62
61	64
39	70
61	61
59	72
22	66
43	50
42	64
73	71
65	68
31	57
79	82
37	66
42	71
25	57
58	70
42	53
47	63
46	60
65	63
38	61
60	67
48	57
35	63
53	83
64	69
75	74
56	66
55	62
65	68
63	69
33	66
58	68
26	56
67	68
21	58
38	62
64	73
21	67
55	67
66	65
68	70
40	69
60	63
69	71
73	71
38	64
50	74
33	66
60	70
61	71
66	72
40	66
25	64
59	64
22	69
53	66
39	66
55	64
47	66
57	60
15	61
29	70
39	53
57	69
30	69
57	64
34	60
32	47
54	59
60	67
51	77
71	71
66	68
33	65
68	70
44	73
24	57
46	65
63	65
50	58
57	66
46	65
27	76
29	56
80	73
44	67
75	79
58	64
48	65
39	59
21	60
37	58
32	70
25	64
37	52
75	70
34	59
25	65
20	65
69	69
68	65
59	56
67	64
31	69
61	62
64	68
42	69
58	61
56	61
25	55
80	84
71	75
61	61
33	72
62	72
58	65
52	54
51	61
47	65
69	71
52	62
64	63
36	55
59	74
64	80
41	67
41	72
30	69
47	59
66	64
58	62
66	67
58	67
22	68
25	63
47	56
28	66
45	70
28	57
33	57
42	66
69	62
56	61
54	66
16	62
21	73
67	71
51	65
62	66
30	65
54	67
57	63
64	65
50	75
54	66
66	67
58	68
51	62
36	69
74	84
59	64
27	64
75	73
46	54
51	69
53	59
23	61
66	74
59	57
34	71
69	71
59	66
48	51
53	62
32	75
48	65
61	78
64	72
54	65
59	60
75	80
35	64
65	69
67	76
26	63
32	67
56	64
51	59
45	60
64	68
54	58
68	62
68	74
50	55
69	68
63	71
54	70
34	70
65	80
24	59
53	57
72	76
65	63
54	59
59	66
31	64
50	66
45	74
29	69
58	64
63	65
73	74
52	56
43	48
69	67
58	76
56	66
53	63
72	72
34	64
71	64
54	60
45	65
60	67
60	69
55	66
40	65
67	74
34	66
51	51
61	68
61	62
47	63
25	57
30	61
69	69
74	75
72	74
30	50
60	66
57	68
43	60
50	61
48	64
54	72
36	62
70	71
47	74
41	62
46	60
32	59
71	72
48	56
28	66
53	74
30	66
48	56
34	47
50	58
64	69
41	62
62	62
53	56
20	67
37	56
59	60
25	51
58	69
74	80
22	80
66	62
39	66
52	64
66	72
64	67
29	64
30	53
70	72
48	68
68	78
54	57
27	68
69	69
45	76
35	51
72	75
65	68
37	61
85	90
39	66
26	61
73	72
34	55
65	70
36	52
55	60
57	82
57	77
19	66
58	71
57	59
32	56
42	57
76	76
56	65
23	61
59	69
51	63
64	70
60	75
28	67
74	78
21	51
18	56
62	66
64	74
30	64
59	76
41	55
73	78
50	76
58	64
42	72
78	74
30	66
55	64
48	56
54	77
32	58
44	58
54	57
60	65
26	68
52	56
54	72
59	67
59	68
61	68
33	57
30	65
56	71
51	61
59	76
67	64
62	71
31	63
28	57
60	58
66	69
62	64
40	71
64	68
58	66
63	65
60	64
33	69
51	61
74	83
62	63
45	57
28	64
58	68
33	71
76	70
56	74
58	65
49	68
81	83
58	65
58	71
23	68
54	67
48	53
50	64
63	67
25	56
72	75
47	77
40	73
62	70
57	61
33	65
62	67
56	65
31	64
34	58
64	72
59	70
63	65
37	61
70	70
56	69
67	74
74	69
57	63
60	66
60	67
39	67
63	69
73	72
63	63
37	64
72	73
42	64
71	72
64	68
70	74
57	68
56	73
65	67
57	74
62	76
23	60
26	49
50	65
72	67
42	65
44	63
56	58
41	61
31	64
57	66
63	69
71	66
69	67
42	57
72	73
53	60
64	73
24	63
63	67
74	74
66	69
55	65
69	82
76	71
49	57
37	53
53	63
31	58
30	69
24	54
60	64
63	64
70	72
46	65
51	59
20	68
33	64
65	66
58	62
58	63
65	65
64	71
49	68
39	61
34	59
38	66
59	69
34	59
28	59
71	71
54	65
46	82
56	68
66	68
57	67
30	74
61	65
54	68
52	63
57	65
61	67
36	56
61	69
31	59
57	68
50	66
54	64
76	74
50	58
18	61
61	71
78	81
75	70
72	70
62	66
67	81
54	71
54	66
55	64
34	62
62	65
70	66
55	68
55	58
22	58
34	66
63	72
48	55
70	73
54	68
62	71
58	64
54	60
69	78
30	59
74	79
52	68
50	56
33	69
65	66
64	73
60	66
27	65
40	65
71	76
62	70
48	62
61	64
25	57
34	61
60	68
51	63
69	72
56	66
32	73
28	76
54	69
45	65
62	67
61	68
47	63
66	66
51	57
61	67
31	70
16	57
54	69
36	67
33	59
67	71
26	69
63	69
71	65
62	66
19	61
36	52
62	62
28	66
68	70
55	73
49	53
64	63
48	50
62	62
64	62
47	60
49	68
62	67
51	65
66	69
65	70
43	59
28	61
54	67
59	64
63	68
56	58
32	60
59	67
52	58
71	69
61	74
55	61
40	63
63	79
15	65
25	68
51	58
64	62
28	63
58	62
58	60
68	74
55	64
45	72
66	73
50	71
30	49
25	61
42	70
62	65
66	69
50	61
40	66
69	69
57	69
47	62
40	57
27	61
60	67
52	67
74	75
47	57
32	64
60	65
61	65
59	65
51	72
55	70
72	76
72	77
44	61
38	63
74	76
62	63
52	63
39	75
22	49
58	73
62	67
54	60
56	62
54	65
25	56
42	65
51	61
53	62
25	51
70	78
59	59
56	69
55	63
60	65
37	68
53	69
44	73
60	68
57	73
77	75
52	58
39	58
41	67
66	68
35	51
49	51
69	68
74	75
30	68
58	70
55	73
52	65
36	48
45	57
43	62
39	66
60	68
54	62
64	68
32	59
50	56
65	72
36	59
60	61
37	59
19	49
46	63
34	73
56	64
61	64
34	74
53	60
68	68
79	84
57	58
49	71
23	63
60	69
54	56
67	70
53	52
55	61
68	69
70	82
44	59
59	54
46	64
51	69
48	71
70	75
35	66
45	72
24	68
58	64
47	62
46	55
22	57
34	68
68	64
67	71
77	73
54	62
34	62
74	74
56	65
20	52
39	64
56	70
25	63
69	69
56	62
24	62
52	66
37	50
30	75
62	62
54	69
57	60
21	72
67	67
17	65
40	63
21	63
58	63
70	76
45	72
26	66
34	63
55	61
29	63
70	72
53	60
32	69
58	65
35	51
56	60
50	62
54	76
57	63
65	72
55	61
53	64
60	66
79	79
59	63
53	77
45	77
53	64
55	65
62	61
45	68
48	65
35	62
57	63
28	59
22	61
68	64
22	67
57	65
50	61
58	60
54	70
45	67
43	52
27	65
42	64
59	61
49	52
48	55
60	60
22	65
25	61
38	58
89	89
64	70
55	65
49	69
47	70
69	71
38	63
31	63
35	62
57	60
53	66
22	69
39	67
51	59
56	63
53	61
62	68
65	65
44	65
37	64
61	69
45	65
54	69
24	69
23	69
29	72
56	62
58	65
76	73
53	66
65	65
36	66
30	55
20	80
58	67
58	63
74	80
31	65
48	62
59	58
25	49
65	66
28	65
60	63
35	69
76	68
17	54
28	58
58	74
74	79
28	61
54	60
21	71
22	56
36	67
61	63
32	64
26	69
39	58
62	67
55	62
69	73
57	64
71	78
54	58
40	54
55	68
58	62
44	55
55	64
68	69
67	62
65	69
55	63
44	62
65	71
45	55
70	74
27	62
76	76
58	66
63	70
61	66
68	61
44	55
23	66
50	72
64	62
31	64
54	56
46	58
66	69
29	48
52	70
52	69
55	62
63	72
59	62
31	63
52	79
68	66
76	75
70	73
54	60
65	75
42	60
32	59
17	58
63	63
70	75
17	68
63	71
50	63
65	71
74	70
70	70
35	55
70	75
58	73
40	62
56	67
39	62
41	60
72	72
58	62
50	51
59	63
29	58
57	69
58	65
76	85
71	68
35	56
52	69
50	64
42	59
50	61
51	71
61	67
57	62
68	68
22	61
28	67
46	70
24	69
75	79
49	71
42	51
58	60
28	69
46	80
65	68
24	66
47	61
55	64
63	63
56	63
35	66
64	75
55	68
38	53
38	53
39	55
28	69
55	63
17	68
62	67
59	62
32	54
26	86
67	70
67	70
52	58
25	57
58	61
56	61
55	61
62	77
55	60
61	56
38	52
50	66
62	68
79	80
75	76
69	69
52	63
52	57
62	68
53	58
55	61
40	55
29	59
60	62
62	65
78	76
20	63
64	68
45	58
24	60
63	63
64	72
70	70
25	71
58	70
29	62
43	62
35	75
68	74
39	56
46	57
59	63
71	77
66	68
68	70
31	69
72	73
38	59
37	63
57	63
58	63
39	72
59	71
23	60
77	81
64	69
82	73
34	68
49	75
53	70
38	62
18	67
75	84
59	66
27	61
64	80
33	74
67	81
82	77
21	60
64	68
60	67
59	64
62	66
44	63
60	65
56	67
58	62
43	54
48	56
45	72
41	52
57	74
48	53
67	70
62	67
36	74
42	69
60	59
68	82
66	70
60	67
58	66
41	67
34	68
43	68
60	68
25	52
60	69
46	65
60	65
54	63
32	62
24	66
79	68
67	76
25	49
55	68
68	66
28	59
57	68
29	66
58	66
39	68
54	63
60	62
50	64
71	66
39	61
54	64
54	58
21	65
34	63
47	79
41	56
50	62
67	67
37	57
25	48
47	57
56	67
44	70
55	73
62	60
33	55
65	75
58	59
34	68
16	63
61	65
21	66
67	70
21	57
64	67
52	66
32	63
42	62
59	64
18	61
41	66
22	59
47	51
70	76
20	68
55	64
23	64
63	71
50	66
67	71
71	75
74	80
71	72
77	78
40	59
66	64
60	75
64	68
69	75
42	59
56	59
45	58
55	62
60	78
40	64
59	62
51	64
72	73
60	70
62	67
65	83
27	60
55	65
61	73
59	66
35	64
45	66
26	62
63	68
46	64
28	53
62	67
38	57
58	65
27	71
56	72
78	79
46	50
24	59
26	54
62	63
63	68
49	71
54	56
49	63
33	50
49	65
42	66
54	61
50	64
52	55
59	65
43	71
24	55
55	63
26	61
24	67
47	63
58	60
28	71
39	55
55	65
49	55
36	65
48	59
61	63
24	72
52	66
19	53
73	81
45	53
66	76
70	79
30	65
42	59
27	49
27	58
50	59
28	62
50	65
51	71
53	64
69	79
57	62
42	69
68	75
46	48
62	73
42	60
56	59
27	73
39	61
65	65
75	76
35	76
54	71
64	72
68	79
66	76
54	68
43	67
37	61
54	66
47	71
63	66
56	66
30	68
45	54
56	65
47	58
61	65
41	76
51	65
45	51
28	54
30	68
43	49
50	62
45	60
62	65
49	56
72	78
65	69
71	73
59	63
26	64
18	62
45	66
29	65
67	74
55	58
64	73
73	78
19	73
59	72
71	71
72	68
78	73
23	55
53	59
36	67
62	61
32	65
35	56
34	56
59	65
66	74
67	69
51	67
49	60
23	67
22	62
35	61
52	66
35	72
42	52
55	57
80	83
67	71
48	57
30	52
64	70
58	63
47	69
61	66
56	65
54	61
60	71
76	76
51	56
33	71
60	70
35	48
62	67
35	80
76	77
68	76
59	64
57	71
65	63
68	77
75	77
65	69
61	64
69	71
68	83
46	60
47	60
31	65
55	61
65	74
72	70
69	70
58	68
59	67
15	54
24	64
64	77
66	73
56	75
59	68
57	60
72	68
65	61
50	60
64	66
53	79
22	47
73	71
58	64
37	69
60	58
71	72
48	68
40	67
64	66
32	67
65	73
52	67
74	75
37	62
59	63
69	67
31	71
60	61
77	76
46	82
71	65
30	72
32	66
49	68
35	66
52	64
68	72
60	77
26	57
54	62
61	64
65	66
51	64
45	60
26	55
60	69
56	65
34	67
47	51
72	77
19	64
47	74
45	63
33	54
32	64
25	70
74	67
45	66
65	62
72	71
48	62
71	71
51	67
44	63
32	71
79	76
19	53
41	74
34	67
50	69
64	67
57	70
50	56
68	73
45	55
62	66
20	56
63	66
60	69
74	68
50	67
55	66
49	57
50	58
42	66
55	58
65	61
37	63
44	58
42	68
63	69
45	52
70	74
68	66
62	72
72	72
72	73
25	66
43	70
43	66
53	57
55	59
45	67
67	64
43	70
47	50
66	77
44	56
46	61
29	65
59	68
55	74
54	56
27	71
50	76
48	64
67	70
27	63
59	72
74	72
60	65
69	73
49	68
78	91
61	66
48	63
61	68
53	67
51	81
54	69
29	68
33	56
51	55
67	70
60	64
16	61
36	62
67	74
31	64
70	72
50	58
51	58
45	53
62	73
41	73
60	62
52	74
58	62
75	79
55	67
42	64
60	71
21	51
83	84
32	69
59	59
28	64
69	76
73	74
62	63
45	59
54	65
61	63
59	67
35	60
72	79
26	56
30	61
56	75
48	57
78	73
50	68
26	64
48	56
71	68
58	61
58	66
63	79
33	54
50	67
59	68
56	69
62	63
49	57
70	69
40	60
49	60
62	66
43	65
17	61
66	74
17	63
47	71
35	61
53	61
64	68
37	51
35	72
53	67
77	76
50	74
26	67
55	68
51	64
51	67
30	65
57	77
52	76
54	59
34	51
51	61
43	58
35	72
72	77
66	69
52	58
75	83
56	61
61	71
47	61
70	72
40	72
74	71
37	64
65	70
52	51
31	63
66	68
27	69
64	67
60	68
73	70
63	72
68	74
50	59
57	67
41	57
66	65
22	62
68	73
68	72
65	73
49	65
24	65
56	66
61	62
56	81
34	55
51	65
60	75
72	78
30	67
62	72
63	67
64	65
66	69
61	63
79	74
45	69
68	80
47	63
66	71
60	65
71	72
46	65
18	62
39	55
52	54
60	78
56	65
67	63
54	80
62	63
58	77
73	74
27	61
43	64
26	68
66	67
63	70
68	73
59	64
67	65
75	72
66	73
76	81
63	66
25	76
74	81
23	55
18	50
45	68
48	65
31	62
57	75
63	70
33	64
48	53
24	58
56	60
42	69
47	58
60	67
55	65
35	66
57	64
45	66
43	55
67	73
73	73
57	76
56	80
47	49
39	61
64	68
64	64
64	72
69	71
43	66
61	66
57	64
70	70
38	52
48	58
64	79
56	62
30	74
47	60
44	59
72	78
35	59
55	62
60	72
25	55
67	72
56	60
58	74
77	71
60	71
70	78
42	68
57	68
53	60
55	60
64	68
70	70
56	67
39	69
39	58
66	70
86	87
21	53
74	74
76	74
52	65
35	57
78	80
62	74
17	56
72	75
60	68
20	57
53	59
23	71
34	62
62	64
58	70
57	61
71	77
58	57
59	65
52	59
45	64
22	59
45	60
41	69
38	73
29	76
34	70
65	77
38	68
76	89
60	67
51	56
49	69
71	73
36	61
58	69
54	64
35	48
62	67
50	58
51	68
35	65
77	78
61	59
32	58
47	73
56	58
20	52
57	61
59	67
45	64
66	68
43	67
52	64
48	60
30	55
50	75
56	68
57	64
72	69
59	69
25	67
63	71
60	69
25	61
65	68
34	60
49	56
68	73
36	49
55	59
25	65
59	67
71	72
75	75
26	61
41	58
26	71
34	65
61	65
64	67
42	61
55	62
22	60
66	70
69	67
29	57
45	61
43	52
35	65
59	74
41	53
55	61
42	54
44	53
58	73
48	54
32	70
63	63
38	51
44	55
69	60
50	66
81	88
45	51
54	58
35	66
28	66
73	78
71	72
22	70
28	66
35	59
49	58
46	53
61	78
59	68
55	62
49	67
26	47
62	67
67	78
51	61
72	83
50	71
62	59
52	68
55	66
60	61
48	68
62	71
65	77
53	66
63	68
32	63
58	61
56	70
61	65
75	77
41	58
69	69
33	73
64	72
28	73
62	66
46	59
55	60
60	67
38	55
63	71
51	60
27	59
34	62
36	69
49	62
58	68
59	64
53	55
70	77
42	58
30	69
34	55
32	66
56	64
52	64
59	64
30	53
73	75
42	64
69	72
49	60
50	55
33	62
54	60
23	51
65	72
57	66
70	71
46	60
20	65
66	71
65	66
39	61
56	59
37	75
29	62
74	80
58	68
65	71
75	75
23	68
56	60
65	75
64	73
29	76
20	54
32	58
48	69
65	70
18	50
60	73
65	67
68	74
24	55
35	67
18	67
46	65
59	62
70	73
61	63
24	57
60	67
30	58
56	54
48	66
26	48
63	68
63	60
61	66
26	64
34	60
82	78
65	80
50	67
53	56
41	67
69	71
40	70
57	69
56	78
57	69
50	65
40	64
62	61
21	56
57	65
51	59
70	69
71	72
50	59
66	72
69	72
62	68
55	57
71	80
44	66
43	56
41	56
48	66
23	75
67	70
67	70
58	64
59	71
30	76
62	70
50	62
44	65
69	80
31	72
54	70
43	67
32	67
53	70
45	66
47	64
39	69
37	62
32	51
24	59
69	72
37	64
64	65
46	61
70	77
65	73
21	65
24	69
21	66
75	75
57	77
69	70
42	65
62	64
70	78
64	74
76	82
62	64
61	63
50	63
28	65
70	83
31	69
40	51
59	64
62	66
57	68
52	53
57	73
48	65
55	62
63	75
63	65
60	74
72	79
58	69
62	73
38	62
40	64
24	68
17	55
15	48
67	74
65	68
47	64
58	62
62	68
53	56
69	71
62	63
53	55
38	62
40	62
33	58
42	60
25	70
27	77
73	80
67	68
40	65
52	73
31	78
70	72
58	69
54	66
57	62
31	57
56	76
65	73
52	68
62	66
51	54
69	75
63	70
66	67
60	56
57	69
47	64
55	62
42	79
62	71
78	80
42	63
59	63
70	74
51	62
23	67
43	62
64	64
54	62
45	59
23	59
57	70
41	71
50	62
59	55
54	65
34	69
45	65
21	59
60	64
66	79
66	71
39	69
66	73
52	59
64	68
51	66
70	73
49	62
80	85
36	62
20	57
35	58
16	56
57	73
26	61
20	53
77	80
59	63
68	68
48	63
60	62
22	75
37	64
80	82
43	70
45	63
37	52
51	58
26	67
15	65
67	79
39	70
70	69
78	79
65	70
61	75
57	62
67	72
54	62
40	74
25	77
44	67
78	82
30	55
23	65
28	72
45	59
60	65
66	67
55	68
48	67
48	61
70	74
55	59
44	50
51	65
28	58
20	47
70	71
58	66
72	72
41	58
67	70
63	65
61	72
60	67
45	50
47	57
27	68
75	75
60	64
32	51
41	70
67	63
76	75
23	49
67	73
50	60
45	56
29	70
16	58
75	72
68	70
51	61
55	65
64	69
66	73
54	64
30	78
68	75
22	60
31	64
44	68
54	59
55	65
52	57
65	69
42	71
46	78
67	67
38	67
35	57
68	73
24	53
65	68
68	72
75	85
24	57
73	74
53	65
62	60
20	59
65	71
55	61
36	47
36	66
64	70
73	75
83	88
71	70
41	58
49	52
17	69
51	75
33	56
58	65
67	71
75	72
62	64
28	68
21	57
23	72
52	70
68	75
49	67
60	60
47	62
22	57
53	58
66	68
64	68
60	74
38	71
70	70
56	62
58	71
50	56
41	66
44	53
41	61
72	74
35	70
32	70
65	67
35	71
64	73
50	67
60	65
29	62
58	61
55	64
60	68
67	64
57	59
55	71
57	68
57	63
69	75
44	64
41	63
60	65
24	58
55	61
58	78
72	74
46	59
72	68
52	62
44	52
46	67
44	61
68	77
78	78
66	75
67	72
48	61
50	54
32	62
31	61
34	63
40	64
51	50
69	64
24	64
67	76
59	64
40	71
17	58
40	61
52	66
52	63
24	68
45	65
48	52
42	52
28	67
20	63
28	60
62	67
54	72
43	61
63	70
60	64
48	65
57	62
35	71
20	52
59	68
54	63
59	73
40	55
64	61
48	70
54	69
68	71
25	71
52	68
57	74
53	70
55	62
59	72
68	78
45	64
24	73
24	66
65	71
63	68
57	68
62	75
54	70
41	63
21	79
65	73
61	68
43	55
68	71
60	66
66	68
60	66
66	69
73	76
69	74
48	61
57	67
75	79
26	72
74	78
54	75
64	69
52	70
64	70
68	75
32	64
59	66
48	71
55	68
48	61
45	69
40	74
58	63
74	69
50	58
31	64
64	70
64	68
22	67
25	67
75	74
57	63
25	67
70	73
28	70
62	67
38	67
71	69
58	61
79	81
31	69
61	59
70	66
67	69
73	77
27	67
28	66
56	65
69	73
26	69
63	71
68	65
43	60
60	63
22	62
57	68
59	61
57	70
57	59
60	71
71	73
48	60
47	71
66	75
65	66
74	82
55	64
46	69
66	68
30	63
46	71
62	63
58	68
50	60
48	71
49	66
69	70
19	58
27	64
63	66
51	62
47	55
60	68
68	67
28	52
63	63
58	68
66	65
53	58
54	65
45	66
37	62
18	63
62	66
58	66
56	60
40	69
61	63
55	56
34	76
38	50
42	52
40	64
62	68
33	66
56	58
54	58
25	59
30	68
44	64
35	50
62	71
34	64
71	74
32	67
54	55
45	59
65	76
74	77
52	64
28	65
58	79
56	63
48	52
42	61
23	58
49	63
71	72
27	62
30	62
80	84
70	77
49	67
68	73
59	67
50	64
22	50
68	77
61	60
64	68
42	50
57	65
51	67
16	60
60	63
34	66
72	76
59	67
35	52
57	75
44	78
59	66
53	55
72	73
66	68
50	58
57	62
68	80
70	65
32	49
46	55
57	69
64	71
56	79
57	64
58	66
64	67
42	61
55	72
49	56
39	78
41	65
51	57
56	56
25	74
35	51
42	51
74	80
48	61
61	64
57	60
56	64
24	60
31	73
57	63
55	62
68	65
67	72
64	72
51	66
50	67
55	66
60	67
76	73
29	69
55	69
53	58
49	71
47	62
60	63
26	63
56	66
69	70
71	65
36	66
32	53
62	65
35	62
46	65
29	65
48	65
56	57
28	73
70	68
46	70
68	70
42	53
39	51
62	70
71	66
40	52
56	59
41	47
70	78
44	58
25	59
52	63
65	85
57	78
57	69
35	59
23	60
64	62
65	65
65	71
43	61
26	62
56	61
56	62
71	73
52	64
36	65
39	73
65	67
52	67
35	65
18	62
37	69
55	68
58	60
60	77
51	70
23	67
63	60
23	66
51	59
59	59
57	65
72	68
64	70
83	83
30	76
21	53
30	58
69	71
49	73
45	87
49	68
65	71
44	57
56	67
54	63
38	70
69	75
25	65
46	62
71	68
48	54
40	71
42	68
45	62
69	68
32	61
62	60
80	76
49	66
53	62
32	52
37	64
49	65
38	74
29	60
55	61
37	60
58	71
23	68
69	70
59	64
44	72
38	74
65	65
56	63
62	71
62	75
42	72
58	66
68	67
59	73
17	57
66	71
53	62
72	83
55	70
47	56
55	64
55	59
71	72
24	62
58	64
69	70
70	65
45	61
45	69
55	62
35	50
61	71
73	69
63	71
53	64
37	54
43	52
59	76
66	68
59	70
61	66
58	76
76	78
75	76
65	60
56	60
49	65
36	66
51	62
56	59
73	71
29	61
26	68
50	57
38	69
56	61
60	64
60	64
59	60
38	64
33	74
50	65
39	62
54	70
59	68
65	69
51	59
52	65
51	56
63	69
56	63
68	72
53	59
39	65
75	81
60	64
51	64
41	65
21	65
72	72
23	51
70	71
41	55
64	65
42	66
60	63
62	67
39	61
47	67
61	66
41	70
46	66
62	78
27	58
72	70
51	66
73	71
66	72
17	62
46	63
70	72
33	64
65	63
68	69
24	73
45	63
55	61
61	66
76	75
69	70
63	72
59	65
76	77
39	49
38	55
58	61
56	61
24	67
60	64
72	71
56	68
63	65
58	65
39	61
63	67
51	66
52	64
32	72
55	70
50	67
71	69
58	62
57	71
53	59
56	62
33	50
69	66
16	64
73	74
72	74
46	66
40	49
54	61
73	76
25	62
59	67
54	68
42	85
50	59
58	67
52	72
46	59
40	59
32	55
84	75
15	59
68	73
38	63
53	54
40	57
64	79
60	68
69	77
67	72
41	67
35	64
20	68
78	74
22	67
36	50
53	59
26	63
52	75
54	73
24	64
49	67
51	60
63	63
56	65
65	69
63	66
60	68
35	57
35	61
29	63
35	66
55	64
46	59
68	75
40	58
32	63
32	75
65	60
30	56
38	58
78	74
45	57
31	62
52	58
39	64
68	64
63	64
32	60
62	68
73	79
52	69
67	79
55	60
19	67
59	67
67	69
64	72
75	67
67	70
35	65
64	77
50	62
57	63
44	58
52	71
58	66
34	76
58	65
71	71
18	56
47	64
34	61
55	59
45	73
78	82
36	72
25	62
69	74
50	51
50	77
63	74
27	67
45	77
58	69
58	63
46	62
39	50
79	77
54	60
33	60
51	65
66	66
61	73
41	62
66	63
45	66
78	72
39	57
53	61
70	75
61	70
55	65
59	71
66	78
45	73
44	68
52	54
43	67
83	80
62	66
62	69
26	68
41	55
42	63
25	65
64	81
21	54
66	71
58	69
59	62
62	63
59	71
24	74
73	74
65	61
64	65
59	66
55	58
67	64
70	68
59	70
54	60
49	61
68	70
30	67
48	74
72	77
53	59
50	62
61	65
46	66
71	71
59	66
48	66
84	89
51	69
39	56
71	73
57	68
16	72
52	63
17	56
62	61
67	70
33	69
66	68
49	72
51	58
70	76
65	68
68	66
42	54
65	67
37	74
40	65
24	65
45	63
75	66
36	67
58	79
42	67
19	75
25	68
60	66
63	63
58	66
41	61
59	60
60	67
31	60
49	69
57	67
54	63
24	65
45	87
73	74
59	63
60	69
52	73
48	58
52	63
35	69
77	83
38	55
26	58
25	59
67	69
55	61
31	65
72	72
51	60
22	61
41	69
51	69
68	73
53	62
69	72
30	70
52	58
56	62
31	58
86	78
60	70
30	56
33	68
58	61
52	56
64	71
75	74
48	59
24	61
42	71
47	53
63	70
60	67
21	73
61	66
56	67
22	54
38	71
53	55
64	73
58	69
21	68
50	75
33	62
48	62
62	67
53	52
41	50
59	60
51	76
69	79
42	69
41	61
44	74
61	65
37	75
60	84
76	76
50	64
47	70
72	86
40	63
71	73
43	65
65	72
50	62
62	66
61	64
67	74
55	71
34	67
64	62
75	77
46	70
30	52
44	67
34	64
55	62
59	66
46	56
69	68
62	69
21	50
35	64
74	75
46	63
63	67
56	64
53	62
45	55
60	63
15	61
45	65
48	57
36	49
37	66
63	66
51	61
44	72
65	69
57	63
51	66
58	66
69	73
56	66
40	53
52	70
41	67
44	69
54	61
56	68
58	62
22	58
64	65
42	54
69	74
53	63
61	67
48	76
49	49
16	56
62	69
59	65
25	67
60	62
65	72
65	70
33	61
46	50
60	74
74	70
62	68
74	74
57	66
69	73
75	71
63	62
52	65
25	53
67	65
57	69
39	48
46	68
52	61
26	59
37	70
28	59
63	65
69	78
53	54
75	79
30	57
58	67
58	68
16	58
42	59
54	71
63	65
55	71
64	66
57	72
60	62
57	61
34	52
20	60
37	69
65	63
33	54
33	69
65	70
41	68
49	68
63	67
45	73
46	67
57	62
60	62
55	58
66	67
18	54
68	69
62	63
63	69
51	67
48	60
61	66
61	74
45	72
33	77
75	72
63	68
57	70
28	64
70	67
36	57
38	71
57	66
48	64
67	72
40	62
63	70
84	84
32	63
40	68
30	64
54	69
36	67
42	58
68	77
54	64
79	81
38	70
52	61
56	61
70	70
69	70
50	67
27	76
55	66
28	81
63	72
67	69
33	57
70	78
59	62
72	78
49	57
46	68
62	66
55	63
41	64
51	64
64	69
57	61
57	66
60	62
55	70
38	79
54	66
42	57
74	74
16	66
20	73
70	71
65	69
64	73
53	68
24	70
31	51
54	63
58	66
54	75
56	54
67	71
55	59
67	78
44	68
31	65
60	67
69	65
18	60
56	65
30	59
58	64
44	55
70	66
50	65
48	62
60	64
58	64
58	70
50	67
68	66
53	63
75	74
25	55
54	60
48	66
70	72
27	57
50	59
43	55
70	67
56	68
26	67
65	72
47	55
64	68
39	49
52	70
42	56
26	69
84	81
70	74
26	55
60	66
68	77
23	63
73	77
60	69
42	69
51	70
62	63
33	62
65	64
39	69
66	70
55	62
23	71
72	75
68	68
64	71
34	72
37	68
42	76
49	65
49	66
45	55
54	66
35	65
51	69
36	69
58	74
57	58
15	62
87	86
74	77
61	68
78	85
25	59
62	62
38	56
61	64
48	66
45	56
62	64
53	61
30	67
74	78
75	70
24	62
70	73
54	67
66	71
50	66
71	77
44	63
27	61
58	63
47	60
68	77
18	58
67	72
35	77
50	65
35	74
75	81
62	64
38	64
34	55
25	63
60	63
66	69
37	59
54	61
70	69
45	75
21	59
72	77
54	81
51	58
50	64
67	69
60	65
37	64
56	61
42	58
45	50
48	55
55	69
55	62
53	67
67	71
51	64
39	66
31	86
60	69
75	77
69	72
65	71
65	64
18	56
67	61
64	69
66	68
64	73
37	55
60	63
61	62
57	77
50	65
65	63
58	64
52	58
40	61
42	70
56	73
68	73
22	66
60	70
32	69
17	69
54	59
37	78
70	64
57	64
53	57
44	63
70	77
28	62
55	74
19	68
64	68
78	83
51	49
39	59
34	69
54	61
75	75
48	64
35	74
54	63
80	78
54	69
65	66
58	72
53	63
83	80
55	68
41	64
46	53
29	63
32	68
47	50
54	65
54	57
27	72
76	82
50	58
56	59
59	63
23	59
64	68
28	53
68	69
66	68
73	79
24	57
60	67
45	70
63	64
65	73
22	79
66	67
61	79
57	64
73	76
73	77
56	59
21	60
52	69
54	62
70	75
46	63
59	61
60	63
60	67
32	74
29	64
42	50
31	57
55	68
67	70
62	65
22	62
44	66
45	57
70	70
38	65
25	72
48	65
65	67
19	56
52	76
70	77
51	64
63	66
58	58
55	64
66	77
49	74
42	53
61	68
50	73
52	65
61	65
58	68
58	66
70	64
18	48
67	70
23	56
74	75
41	59
56	62
15	50
36	70
51	68
80	74
58	73
26	60
55	63
70	69
62	68
53	55
31	71
67	67
43	56
59	69
25	75
61	72
38	70
20	53
58	67
67	72
62	64
58	66
61	72
34	72
42	55
47	60
50	63
26	48
49	62
35	58
58	73
66	68
65	71
41	50
48	69
39	69
48	67
43	65
68	76
64	66
60	61
68	67
29	51
63	68
38	57
51	61
71	74
66	69
71	70
64	72
20	58
64	65
74	79
58	63
61	72
41	58
57	65
54	63
71	63
67	68
33	68
76	76
58	68
17	68
41	48
56	65
65	70
67	67
65	69
17	66
58	66
39	77
38	51
59	70
54	61
28	62
56	62
70	72
48	70
72	69
30	57
51	73
45	55
38	63
32	49
52	58
42	64
63	64
22	57
70	77
20	56
59	70
68	77
63	71
70	67
55	65
31	60
25	57
58	70
38	64
62	64
54	63
54	62
52	64
38	56
57	77
38	52
42	63
43	67
66	70
58	64
24	53
62	68
73	78
38	66
43	72
45	61
57	59
16	62
67	67
68	73
68	73
54	60
41	52
65	72
50	64
62	62
52	61
53	56
59	70
56	57
65	66
75	81
31	67
53	68
56	59
65	76
57	63
53	60
74	79
74	74
71	69
67	67
83	85
37	72
46	54
60	65
64	76
62	69
49	65
58	70
35	56
59	69
67	69
58	74
70	73
52	61
54	70
46	51
41	74
56	63
80	77
48	70
48	55
61	66
57	64
64	74
67	72
65	67
33	66
42	63
34	68
67	62
65	66
40	56
32	69
67	71
68	70
43	71
53	69
61	77
52	56
49	66
60	62
67	72
23	62
62	66
61	64
45	64
43	58
57	66
64	74
59	75
60	61
25	65
54	62
74	70
30	61
28	61
75	76
60	71
32	56
35	63
57	66
70	71
61	65
25	67
58	60
69	75
35	60
58	65
45	56
48	57
65	70
21	63
59	68
50	66
74	84
65	72
21	68
52	57
79	83
71	74
63	65
51	68
62	65
50	69
64	71
52	55
52	59
42	53
19	60
83	89
23	55
60	65
77	77
70	65
58	63
36	59
49	75
29	62
35	69
68	67
43	56
29	57
51	59
28	69
74	73
49	59
74	72
43	62
54	76
20	65
37	66
43	62
17	59
45	64
60	64
30	67
33	57
72	68
58	61
55	69
23	66
67	69
60	60
29	61
73	73
29	69
51	57
70	72
56	77
37	76
61	64
57	61
59	69
37	74
55	62
67	67
58	63
61	71
78	76
57	62
39	71
65	68
55	66
48	63
49	77
35	63
58	76
61	65
36	56
58	69
43	66
55	73
59	66
38	49
52	72
61	65
73	74
66	70
48	58
37	64
59	62
50	59
48	68
60	68
48	57
61	69
70	70
32	74
58	70
55	66
68	74
26	51
23	56
59	64
33	61
60	60
72	80
48	52
50	58
56	67
60	63
54	71
40	71
25	61
57	69
43	64
44	57
62	60
63	74
59	60
58	73
23	75
62	69
31	61
51	58
31	50
40	75
49	63
33	64
64	72
45	68
41	67
33	47
49	61
56	62
58	64
40	61
40	60
66	64
55	59
56	61
19	60
69	66
45	54
44	60
67	68
63	63
53	68
37	61
26	65
53	65
52	61
42	52
64	69
18	65
65	67
75	73
41	73
25	61
24	65
29	53
22	62
24	76
45	74
44	57
42	62
54	61
67	76
55	61
62	67
27	65
60	65
16	69
58	69
32	55
57	64
60	71
48	63
65	68
54	59
60	63
45	68
47	68
54	70
73	70
72	74
56	63
28	60
54	65
22	74
65	66
39	65
63	68
68	71
66	64
59	60
59	62
55	67
67	73
63	68
64	64
58	67
59	75
54	67
53	72
63	65
74	76
59	70
61	65
47	56
53	63
62	68
56	80
38	61
75	78
21	59
62	68
47	67
46	63
15	67
58	63
41	64
29	72
32	54
63	69
52	64
59	62
54	64
59	66
40	74
51	56
60	66
56	64
36	64
46	57
29	72
32	64
22	65
35	60
69	70
46	63
65	71
56	70
58	64
63	61
59	65
39	59
30	66
51	66
30	57
57	62
48	52
38	55
50	66
51	67
56	64
48	60
53	60
51	74
28	65
49	60
24	65
63	68
67	70
58	64
41	50
22	60
59	74
80	66
56	64
29	62
41	64
76	69
42	52
61	69
75	75
44	72
62	66
62	68
70	67
26	69
75	73
56	64
74	74
40	58
70	67
75	75
78	79
70	78
60	62
73	83
24	48
62	67
78	74
64	74
58	68
45	60
32	75
36	58
45	51
48	66
63	82
34	70
65	67
32	69
62	65
53	56
65	72
41	52
33	64
77	80
62	68
79	76
66	72
23	58
56	63
48	65
41	74
20	67
35	62
46	66
67	77
72	78
64	75
51	59
57	66
59	65
66	78
35	64
63	68
59	73
62	62
32	64
66	67
59	62
50	53
24	68
40	63
66	68
63	68
56	75
38	72
47	82
25	65
53	64
26	63
35	66
75	79
62	63
57	67
65	78
31	69
58	64
62	66
69	73
59	63
26	62
21	68
58	64
58	63
50	61
45	64
39	53
49	61
58	63
24	62
48	72
52	74
58	64
66	76
51	63
32	47
69	72
48	60
62	66
29	64
45	61
59	62
24	67
63	68
34	58
47	68
64	67
56	66
23	63
33	65
43	50
27	64
38	63
41	67
72	77
26	62
72	73
64	67
49	75
53	66
71	74
23	69
69	70
51	66
35	73
58	73
71	73
72	78
65	70
70	70
67	71
46	62
73	81
58	65
42	60
48	58
55	65
39	72
34	64
58	64
72	71
55	71
52	62
46	68
48	63
74	76
51	76
25	56
62	67
30	53
67	69
59	65
61	64
62	59
62	67
52	67
59	61
54	63
55	66
47	51
49	66
60	63
25	65
35	62
56	67
24	56
67	68
56	63
58	65
38	62
26	52
72	69
67	67
75	80
41	63
45	59
66	68
62	64
69	70
35	64
54	61
28	67
19	62
62	67
47	56
40	65
65	69
57	67
59	73
63	67
57	64
52	59
61	72
53	70
26	71
55	57
51	57
56	66
45	67
63	69
55	76
56	57
38	71
66	72
32	66
80	85
63	65
15	57
74	76
63	62
75	70
68	75
24	64
41	61
38	54
56	69
36	48
53	63
23	54
33	67
55	59
61	68
65	71
53	68
44	64
49	56
59	62
51	68
67	64
58	67
61	62
48	54
75	73
52	70
69	73
57	64
21	51
16	68
77	72
25	79
66	69
30	54
28	72
48	52
29	60
55	68
30	65
48	63
74	72
44	68
42	72
68	66
48	64
38	47
30	59
64	66
64	66
62	69
44	54
37	63
34	78
22	63
58	74
32	69
24	69
35	59
57	65
75	77
55	69
28	64
81	85
41	68
56	66
38	53
48	63
60	75
50	63
20	62
48	54
65	75
62	67
72	68
60	69
50	64
65	66
55	63
67	70
63	65
56	57
32	64
25	65
57	63
43	74
76	70
52	64
42	72
39	74
43	54
46	58
22	71
25	65
57	61
58	62
44	56
66	67
53	59
22	71
54	59
61	69
39	80
60	68
32	64
32	62
57	68
47	68
53	61
47	64
64	74
74	75
70	69
61	64
81	74
38	78
62	74
36	68
58	63
55	62
58	61
48	62
60	61
78	78
66	70
52	78
28	70
41	50
30	72
61	64
70	70
26	66
76	78
57	72
59	68
31	69
47	69
50	64
30	60
72	70
63	75
53	65
20	67
57	61
42	62
50	74
71	75
56	61
40	73
69	72
66	66
44	64
63	66
30	66
66	75
35	68
74	69
24	62
61	67
52	65
67	69
45	60
26	59
56	57
26	67
78	78
45	61
68	75
53	70
46	66
56	76
63	59
51	75
23	64
58	66
70	71
47	52
68	77
68	68
58	69
21	65
49	66
70	71
28	66
29	65
51	66
76	74
56	58
60	68
69	73
29	51
46	63
64	65
24	55
61	61
69	74
65	69
51	58
46	58
45	62
75	77
26	65
53	67
55	57
57	60
69	70
56	70
35	65
34	69
69	74
44	72
21	50
29	66
60	65
37	66
42	65
51	56
40	62
60	66
69	76
64	64
62	75
52	62
49	64
65	68
56	63
48	57
58	68
65	68
51	68
63	69
73	67
54	61
48	54
62	72
36	68
23	55
38	57
46	64
50	67
25	58
54	61
66	74
43	66
50	63
72	69
69	75
55	69
39	85
68	69
40	74
77	76
38	53
63	67
40	57
61	67
47	75
51	66
66	75
57	66
38	66
68	77
68	75
51	69
65	68
52	65
44	66
56	63
47	59
78	79
41	56
31	66
83	77
54	67
46	57
63	60
31	62
37	52
29	66
64	69
47	64
60	62
59	66
53	63
56	69
58	66
59	71
29	54
55	58
48	60
69	72
48	59
39	67
78	76
52	69
39	67
41	67
61	70
58	63
38	68
82	68
24	65
66	65
62	66
67	69
66	70
71	74
22	68
40	66
56	66
46	70
42	54
19	63
56	58
51	59
28	74
59	68
66	69
63	66
25	72
61	69
23	63
32	61
38	62
70	68
20	63
50	63
44	65
60	70
57	57
42	67
68	71
71	73
44	62
41	77
54	62
29	64
60	65
60	80
27	71
39	56
49	60
31	69
64	72
50	65
35	56
74	76
70	70
65	69
76	84
45	57
61	64
37	70
54	61
40	63
64	71
21	75
67	69
52	64
56	64
37	71
42	57
81	81
43	68
70	71
18	55
67	70
53	60
35	61
66	70
56	67
60	68
43	60
31	68
22	60
75	73
72	75
61	65
40	65
75	80
64	62
61	63
70	72
25	66
61	84
75	72
56	57
51	50
56	66
69	79
57	65
61	65
64	66
77	80
51	56
51	56
47	66
22	68
60	72
40	58
60	68
59	66
63	67
55	62
64	68
55	63
77	77
70	74
54	66
54	63
60	67
55	65
69	79
65	77
51	65
49	65
65	70
36	62
18	64
50	55
76	83
55	72
55	57
49	65
57	61
39	70
56	72
54	64
50	56
53	58
47	57
66	67
50	62
69	67
52	69
21	65
42	60
52	67
66	66
58	62
68	65
45	76
64	67
55	67
42	60
51	56
71	72
26	68
50	67
59	69
50	73
65	68
55	61
33	52
63	65
29	72
39	56
54	72
30	63
55	61
75	77
58	59
77	72
58	67
54	65
64	69
66	66
42	61
41	61
28	74
58	70
53	58
63	84
63	72
51	65
50	63
70	71
66	69
27	55
63	63
61	62
33	65
59	70
65	71
41	64
60	67
27	64
29	56
56	65
51	61
44	70
71	73
54	55
53	60
40	62
20	68
57	74
21	53
41	69
24	69
24	68
58	66
54	59
43	50
40	58
71	73
66	70
55	72
37	65
60	71
69	70
28	53
49	69
67	79
65	74
60	71
45	58
54	57
55	59
69	67
49	54
21	66
30	68
46	63
32	52
61	68
62	66
67	73
49	58
76	77
35	63
79	72
21	54
22	71
62	66
29	72
21	63
68	74
41	48
64	66
44	69
60	71
33	68
75	80
26	73
41	63
57	68
55	73
32	73
69	71
58	70
25	70
44	61
35	58
41	74
62	64
59	64
75	71
19	67
56	61
66	65
51	63
75	80
55	65
46	56
57	66
67	68
16	66
67	70
70	71
68	72
63	67
23	62
58	68
51	67
69	72
69	73
32	62
58	64
21	50
63	83
70	65
60	72
53	62
61	67
46	61
73	76
47	68
51	70
61	69
40	61
31	66
42	57
41	78
30	67
57	73
66	66
26	69
15	52
54	64
59	63
46	59
50	63
43	69
47	78
53	62
45	57
64	67
24	59
53	71
38	58
63	64
39	55
51	60
55	59
69	73
62	60
52	64
54	63
59	68
46	57
31	51
48	60
32	56
64	70
70	82
67	69
60	72
77	85
25	67
44	58
64	68
24	61
73	76
45	61
52	56
29	63
52	59
60	63
64	73
29	76
71	75
62	65
26	58
55	65
51	57
56	62
31	65
44	67
74	72
65	68
32	65
33	64
69	79
27	57
65	73
37	65
72	73
63	64
56	63
49	61
53	56
49	74
42	62
36	68
29	61
70	71
36	52
49	71
56	65
47	57
57	68
59	66
49	59
39	62
44	54
61	77
67	64
69	83
24	62
71	73
62	71
75	76
65	71
36	62
66	71
63	67
52	64
72	77
62	72
69	69
42	61
52	55
44	64
27	73
67	70
60	67
74	80
59	73
41	55
55	64
42	65
52	55
57	57
34	57
51	52
29	57
29	65
69	74
45	58
60	65
41	71
58	74
55	59
59	60
74	79
44	58
60	65
63	62
48	70
15	59
26	58
80	84
31	61
50	59
51	68
47	63
48	65
74	75
49	54
64	72
57	60
17	53
23	75
39	59
50	67
24	59
38	73
42	65
73	74
58	63
68	75
59	69
43	61
59	61
40	66
46	66
45	72
58	66
79	83
42	59
34	67
60	64
69	76
43	66
53	56
75	75
65	71
24	80
58	64
65	64
20	56
45	72
68	64
40	57
68	77
56	72
46	67
58	61
30	63
54	61
23	60
60	66
44	70
67	73
61	65
48	61
71	70
25	48
48	78
44	66
42	65
44	67
54	63
60	69
27	63
69	71
46	48
55	66
49	61
52	54
55	58
50	65
55	65
55	65
26	56
29	54
57	63
55	60
46	56
64	67
50	73
55	61
76	71
41	62
55	64
37	58
44	69
71	77
60	70
51	78
43	58
49	67
32	47
26	61
56	58
75	75
72	75
63	68
62	73
50	60
26	74
59	74
51	60
82	84
60	68
56	61
62	61
62	64
44	80
68	69
65	79
35	72
61	78
62	67
40	63
59	59
56	76
76	76
51	54
33	59
22	65
44	60
46	61
21	67
55	65
78	80
57	57
35	58
69	67
63	67
62	68
47	66
65	70
48	75
51	55
53	66
45	56
61	80
28	53
46	54
28	64
69	71
38	74
55	67
53	63
67	69
46	53
71	72
82	75
21	52
54	61
66	77
62	62
52	60
60	64
43	54
67	72
65	65
47	59
35	71
53	68
53	56
31	65
53	61
24	54
69	72
33	63
54	67
80	87
37	59
64	67
69	69
32	66
42	57
63	69
64	69
27	71
70	71
65	71
27	62
45	73
48	70
53	66
30	58
51	59
56	67
31	71
55	60
75	82
39	68
71	69
15	58
62	62
66	70
71	77
44	64
41	67
64	75
76	84
35	75
60	61
46	60
66	69
68	68
57	67
64	69
35	68
57	61
36	63
70	74
68	70
41	63
64	69
22	65
25	64
25	68
71	74
38	72
35	58
46	64
69	71
47	51
37	66
18	60
49	59
67	71
25	61
44	69
45	78
54	56
59	66
30	54
73	74
63	62
68	73
32	49
26	65
41	58
59	65
68	73
28	69
38	63
62	61
66	76
49	70
76	77
63	64
23	61
65	71
69	77
59	60
57	68
70	72
35	66
75	78
56	63
52	71
63	70
60	63
28	58
61	61
55	65
30	64
44	59
24	69
62	71
62	71
26	59
44	79
26	82
65	72
55	70
74	73
72	75
52	67
55	58
63	69
63	68
59	69
58	58
63	65
68	68
23	48
45	64
54	68
43	69
31	67
80	79
59	74
45	73
52	66
22	57
65	66
60	65
51	63
27	63
64	72
57	60
50	62
67	72
51	59
58	66
61	65
55	66
68	74
33	53
57	63
49	65
24	58
57	65
50	72
39	54
46	61
45	60
68	72
61	66
52	62
57	61
69	77
46	57
64	62
60	70
57	66
52	66
37	64
58	69
41	62
67	70
54	64
69	70
28	68
18	56
45	70
48	60
58	61
66	71
56	66
53	69
71	70
56	70
46	53
23	54
60	67
52	57
57	63
53	58
68	73
74	68
66	77
67	70
57	68
39	59
41	59
60	65
54	61
60	66
64	75
25	55
55	69
40	63
54	65
58	68
62	62
32	51
57	68
51	72
63	72
77	78
71	73
55	60
40	59
63	68
40	69
67	77
33	66
64	68
34	70
16	68
62	61
50	59
61	65
51	65
64	67
62	66
44	49
64	86
27	57
26	67
65	63
75	72
41	54
30	64
76	77
71	72
62	64
70	71
76	83
26	65
21	65
53	64
58	72
65	61
71	74
30	58
20	47
29	60
56	64
53	58
50	64
46	60
27	59
63	68
65	66
72	70
64	64
51	67
29	64
73	75
38	68
57	65
56	56
23	65
53	74
67	67
59	63
62	79
18	71
36	56
57	58
60	65
56	58
79	79
70	73
29	65
58	69
23	65
51	63
84	85
65	79
60	70
64	71
24	52
63	64
57	67
67	77
30	72
35	73
54	66
67	67
20	57
40	72
58	68
65	70
65	74
51	68
59	66
74	77
65	67
57	64
81	76
76	80
41	67
54	72
56	72
59	64
51	64
41	52
55	64
35	59
25	63
48	49
42	66
82	74
62	70
68	82
34	59
68	66
31	63
22	70
59	59
28	63
44	66
20	66
61	64
28	66
53	61
55	66
74	76
42	59
40	56
29	66
72	70
56	65
68	70
58	67
61	70
58	70
49	62
28	70
25	66
59	69
29	65
41	60
66	66
70	75
22	58
21	69
41	67
52	70
62	65
75	82
47	55
74	72
38	63
17	52
53	75
62	69
50	64
60	68
62	77
69	74
51	66
16	66
27	62
41	66
83	89
25	70
50	59
59	69
68	76
53	56
50	61
45	55
28	73
44	53
25	63
37	65
60	71
45	66
60	66
51	57
66	68
35	73
48	54
52	64
79	78
61	63
24	58
45	60
64	64
23	63
48	65
44	56
47	67
45	57
40	72
70	72
75	74
22	58
58	67
38	67
45	56
26	68
51	54
32	70
68	70
38	61
26	63
58	62
53	65
27	54
48	58
58	71
33	63
68	70
25	62
67	68
68	77
56	75
72	80
53	66
57	58
46	60
21	60
59	61
24	61
34	75
47	71
60	68
77	75
56	66
48	56
73	80
53	55
30	63
62	68
41	58
27	53
30	65
33	68
57	61
70	64
28	63
27	74
20	68
58	69
42	48
69	66
38	61
39	70
58	67
45	63
50	69
49	57
68	82
44	65
80	68
51	64
61	64
16	58
45	58
18	70
24	66
37	68
54	66
62	72
41	62
64	70
22	71
45	53
31	66
52	68
62	75
16	63
59	65
62	69
29	51
55	70
45	67
57	70
57	71
54	72
54	69
60	64
73	71
75	80
26	63
25	64
21	67
58	80
70	72
78	81
48	63
36	57
55	63
52	75
72	76
46	68
56	62
32	73
34	61
59	67
58	68
65	59
23	62
33	64
59	62
29	53
58	72
68	69
80	86
54	72
74	73
64	69
70	80
60	68
51	61
26	64
63	77
64	68
47	67
71	70
62	64
65	64
53	74
26	70
19	79
70	69
63	64
29	78
29	68
58	66
54	67
34	63
25	74
72	82
25	68
35	48
20	57
42	59
56	59
73	75
71	68
45	64
65	69
22	64
64	66
51	58
46	60
69	65
64	69
60	65
36	66
79	74
62	70
61	67
51	58
52	67
56	60
34	52
60	64
76	80
58	62
77	74
64	76
58	61
70	74
61	82
66	71
68	68
62	62
59	66
34	59
77	81
42	62
68	71
27	68
50	80
54	72
21	68
35	52
65	73
56	69
55	69
34	69
47	62
45	67
70	75
25	60
67	66
29	56
64	62
36	67
65	69
71	73
59	61
59	61
60	70
49	53
65	69
62	70
71	74
72	73
68	70
16	56
44	58
38	57
59	60
65	75
61	57
67	75
43	58
68	67
72	67
48	81
58	65
29	73
40	64
59	61
55	67
73	69
51	68
68	71
74	83
60	72
44	76
80	80
48	59
55	66
56	62
66	73
62	70
22	76
40	52
65	74
70	71
52	62
52	69
55	64
56	67
43	58
65	67
47	61
30	53
74	71
38	66
55	62
58	66
39	57
67	71
29	51
38	59
26	56
61	70
68	76
62	71
58	63
70	77
45	64
22	72
47	70
39	70
55	68
40	65
32	54
57	63
22	67
35	55
71	70
36	62
63	63
81	83
57	69
28	57
40	55
27	63
41	65
61	64
68	72
56	71
66	68
48	70
27	60
59	63
65	67
64	66
51	59
23	59
60	68
43	57
71	68
54	67
64	65
61	65
55	64
54	63
27	66
21	64
43	74
62	70
82	82
56	64
63	66
74	80
44	51
61	78
55	65
67	69
35	66
54	66
55	71
46	68
56	70
54	76
68	80
54	58
58	68
50	67
76	84
44	64
56	60
60	63
70	74
59	68
67	69
32	66
71	69
50	67
39	75
46	55
34	53
24	74
71	77
48	59
42	66
51	64
28	56
52	68
69	67
72	70
48	62
64	66
72	79
69	71
74	73
63	62
75	74
68	70
25	58
65	66
73	71
45	65
68	73
64	71
47	71
62	64
50	60
62	62
64	71
51	53
69	71
64	75
20	63
73	70
40	51
41	54
49	60
51	71
55	66
57	76
65	68
66	68
63	65
38	67
51	70
54	70
60	72
27	62
85	82
36	78
62	66
54	67
56	62
61	67
61	72
69	68
52	68
78	79
62	67
63	72
54	62
54	60
69	76
25	69
59	71
66	75
77	77
68	80
33	63
55	64
22	67
64	63
44	77
30	70
36	58
42	51
49	68
66	73
37	60
37	61
50	73
24	62
33	69
79	85
25	69
54	63
19	64
62	66
69	70
26	60
18	70
68	69
25	62
38	68
57	59
76	78
30	63
48	60
60	67
62	70
17	69
68	70
52	68
61	69
82	80
63	62
68	72
76	72
48	60
67	67
21	61
23	74
70	72
51	56
67	65
46	62
65	67
27	63
62	65
34	68
61	69
60	69
46	69
61	68
18	65
62	58
49	60
42	63
66	67
20	65
60	70
58	63
42	67
48	54
42	61
24	54
76	76
51	64
57	65
50	68
58	61
47	49
84	81
49	70
39	65
50	65
54	58
59	81
65	63
45	60
47	59
64	67
67	70
66	72
59	72
60	58
34	68
48	59
54	68
23	65
72	69
28	56
54	63
33	49
62	72
68	64
66	69
47	59
25	57
58	68
41	59
40	64
48	60
64	65
52	61
48	64
33	59
46	58
69	73
38	61
55	63
52	68
42	73
60	72
53	58
69	80
35	58
54	71
50	67
42	72
64	70
64	66
42	58
22	59
30	71
30	60
62	75
70	73
21	69
57	70
41	56
15	59
66	71
68	70
57	63
56	64
67	74
40	58
36	60
56	57
54	69
73	72
78	79
67	63
57	66
66	65
60	63
41	56
17	64
75	72
54	74
67	65
64	62
59	65
62	66
31	64
37	80
28	48
48	51
57	66
62	64
53	69
36	61
49	53
58	65
49	66
63	70
57	61
64	72
52	62
64	70
27	69
74	70
63	67
29	59
57	69
31	60
55	70
64	69
35	56
26	66
65	74
24	67
52	62
22	71
42	59
55	61
30	57
53	61
50	54
26	63
57	65
24	53
64	64
53	68
54	64
60	74
19	56
54	55
47	67
57	63
36	55
56	62
59	63
69	63
44	60
72	75
67	73
69	66
61	58
31	49
28	65
26	61
57	58
65	61
21	63
44	64
35	50
45	72
30	54
48	69
29	66
53	65
63	72
65	68
63	67
49	70
45	65
57	60
60	62
58	69
35	72
60	67
35	64
32	60
62	64
49	62
74	78
59	63
39	58
54	63
27	60
54	70
64	71
55	65
56	63
60	67
25	63
49	67
52	62
83	86
59	66
54	67
43	53
45	60
24	69
26	66
60	66
18	69
39	60
30	64
20	72
32	57
20	58
43	57
27	53
49	54
64	73
72	73
56	64
24	68
33	50
52	65
24	69
21	69
22	49
72	78
57	70
64	63
60	68
67	75
74	76
48	70
45	66
61	73
69	71
29	59
68	72
62	74
37	74
45	64
56	62
47	62
59	63
39	63
61	67
66	68
39	75
68	67
28	64
54	58
31	57
52	64
69	76
66	71
72	71
58	64
55	62
59	69
53	67
50	66
65	68
59	70
40	51
52	69
69	69
61	65
26	73
68	79
46	55
58	65
55	57
54	59
22	78
60	68
41	69
17	56
74	75
62	61
54	68
71	68
55	64
48	68
59	59
33	67
33	84
40	57
52	59
49	67
73	80
38	48
75	71
26	56
55	57
45	63
46	61
28	53
70	69
71	74
59	66
70	73
32	64
57	60
70	70
57	76
52	70
58	71
60	64
58	61
22	74
70	74
61	72
51	63
21	72
41	52
37	66
51	60
41	67
62	66
24	63
68	77
48	55
56	70
69	64
65	68
51	69
16	54
59	68
60	59
27	60
52	67
45	65
50	66
52	59
55	64
59	66
78	78
58	65
65	67
41	62
80	79
68	70
48	66
65	67
32	64
60	71
66	70
32	51
57	58
62	64
23	58
52	72
59	64
35	58
42	63
60	67
43	70
60	71
44	59
63	68
61	68
51	69
35	74
57	63
21	51
26	63
63	67
60	61
45	71
57	66
45	65
35	74
39	56
69	69
68	77
54	66
48	60
32	68
65	72
47	56
61	68
37	59
60	64
60	61
34	58
19	63
61	61
33	71
59	62
65	70
65	62
45	65
62	71
21	70
39	66
80	78
23	65
60	66
40	80
19	64
52	56
51	55
34	57
56	67
36	58
56	60
29	67
36	60
52	65
39	51
56	82
57	73
69	76
64	69
16	67
69	75
35	67
60	66
22	59
63	62
62	64
58	64
64	73
29	63
72	73
48	69
38	58
26	68
53	59
36	52
74	78
54	65
54	62
43	60
66	65
42	58
23	66
57	59
72	75
71	72
25	62
46	73
75	74
72	77
53	64
41	61
77	78
48	48
51	68
66	66
66	73
40	58
68	73
25	70
54	63
60	69
68	71
70	67
73	76
29	58
51	59
60	68
50	47
31	67
67	66
60	63
58	61
46	68
34	51
17	64
24	72
69	87
56	72
69	73
25	69
63	63
39	52
46	71
58	61
60	63
54	66
22	58
47	66
65	66
81	81
32	60
56	70
52	75
63	69
85	77
32	64
63	70
45	81
41	71
60	62
60	64
64	61
20	57
36	68
55	61
71	74
70	68
44	62
19	65
59	64
50	66
61	67
34	68
60	72
18	53
38	69
61	68
66	66
30	68
57	60
84	79
70	78
58	61
54	72
43	70
53	55
21	62
80	69
56	58
29	62
47	56
66	69
53	66
44	67
67	69
67	70
54	61
15	48
53	73
31	49
55	60
51	59
58	65
31	68
25	60
38	64
32	65
55	66
65	68
27	65
65	67
49	59
75	78
50	78
51	56
64	73
36	60
56	63
56	61
70	69
53	65
60	64
57	73
42	82
65	73
53	58
58	62
62	73
70	71
60	68
24	67
71	70
51	57
57	62
49	73
48	65
47	78
53	70
58	62
52	70
16	59
30	70
56	70
31	70
64	67
24	58
18	55
28	70
59	60
55	60
62	66
65	63
58	61
63	70
53	55
48	69
48	50
68	79
80	81
18	75
70	67
68	78
22	62
73	72
23	59
59	71
58	63
72	72
33	57
47	73
70	70
39	71
43	59
58	73
70	68
61	69
42	62
38	65
67	71
31	53
66	72
29	61
66	70
63	62
62	66
54	63
50	66
71	80
56	64
53	64
49	60
48	55
24	74
65	68
56	71
55	66
51	70
31	78
73	72
60	64
70	69
43	65
50	65
63	66
59	65
57	60
58	68
23	58
31	58
55	67
61	66
70	78
64	67
41	62
46	54
26	66
61	57
45	53
54	65
71	79
51	58
57	66
75	70
53	64
39	64
56	77
35	59
61	62
62	64
47	74
62	71
51	65
35	52
52	61
60	68
56	63
42	64
52	65
40	58
84	85
61	65
44	63
51	57
37	79
50	65
31	57
68	73
63	73
25	59
75	78
64	69
54	71
55	67
64	66
62	65
69	69
60	72
24	65
48	62
69	74
26	72
66	72
39	53
22	70
58	72
62	66
31	62
48	76
64	60
70	79
41	70
54	60
58	61
42	55
66	71
68	65
70	61
63	69
70	69
47	67
19	57
35	58
60	70
68	69
22	63
64	68
52	62
23	52
24	62
58	72
52	76
59	59
25	66
65	65
28	58
62	66
44	59
21	48
47	62
54	57
24	65
66	73
31	78
64	81
54	61
62	73
45	69
34	79
50	68
60	61
78	75
55	68
69	75
58	61
58	75
61	60
36	64
61	67
23	67
58	79
66	67
37	55
65	62
30	64
34	69
51	60
34	62
45	70
39	81
20	52
65	68
45	70
71	76
35	59
58	65
37	68
64	70
56	57
62	62
23	61
47	66
59	63
74	74
45	56
49	71
69	73
64	76
23	65
56	60
18	58
44	74
59	70
68	79
33	62
52	59
68	75
48	54
38	69
24	66
61	67
48	58
34	63
55	66
29	62
72	70
30	62
53	58
61	75
58	63
55	67
61	72
39	67
63	61
63	72
52	63
32	55
42	70
62	70
60	66
44	52
65	70
65	68
57	63
63	72
31	67
27	68
58	70
28	62
37	66
70	76
50	62
20	57
29	68
54	61
63	69
64	78
43	64
67	71
38	62
49	56
58	63
75	76
58	75
66	68
68	81
38	59
56	68
59	69
69	74
26	61
73	69
68	73
62	68
29	65
42	61
73	80
22	60
64	65
51	64
52	59
63	67
61	63
31	65
65	80
68	77
42	66
51	57
64	62
72	84
60	71
33	63
54	65
65	70
50	59
56	59
64	70
42	67
54	66
30	60
52	78
72	75
61	73
48	59
25	59
42	65
62	65
40	58
18	58
59	63
66	70
30	66
49	53
61	65
58	67
64	73
50	59
20	61
22	65
57	60
20	63
83	84
24	71
52	55
40	54
58	62
49	66
61	64
37	56
24	60
34	61
47	75
40	53
30	65
56	71
18	61
60	60
36	63
33	63
30	62
54	63
53	56
55	68
22	73
56	63
56	62
51	60
29	61
43	72
23	62
26	87
49	73
24	67
24	60
16	50
67	67
78	77
48	57
64	69
28	55
30	65
37	73
57	63
35	64
51	67
60	63
77	77
60	70
67	67
60	72
58	66
29	63
55	50
68	71
37	50
52	68
66	76
16	73
60	59
68	78
49	56
60	69
57	61
68	79
72	67
56	62
76	79
70	71
52	61
63	65
58	65
42	69
57	68
77	77
45	71
62	63
57	60
58	64
56	63
32	74
49	53
59	60
52	57
65	67
51	60
62	70
60	64
88	81
31	61
58	63
61	63
76	80
57	68
48	56
44	50
46	63
55	65
60	64
72	77
46	63
60	65
53	68
27	56
25	71
72	71
47	69
28	63
22	60
68	65
27	58
74	72
25	72
33	64
59	65
43	60
51	66
61	63
79	69
22	54
45	59
29	72
72	75
55	63
32	59
25	63
55	60
67	73
28	57
33	60
25	65
51	57
79	83
39	58
38	66
24	57
41	53
60	60
75	72
59	61
49	61
53	64
30	62
29	49
60	64
46	64
40	60
73	82
54	59
57	72
43	61
24	68
40	70
70	77
73	76
64	69
38	62
41	53
62	69
58	59
33	64
55	70
59	72
37	69
56	61
27	67
61	69
75	74
35	67
61	68
65	79
77	70
40	65
32	72
72	75
50	53
60	62
33	70
69	71
48	76
79	77
74	77
37	61
31	58
53	63
62	73
25	63
46	73
45	52
48	66
66	70
70	65
58	64
61	69
59	64
67	69
19	63
61	63
44	62
37	80
68	77
72	68
55	60
85	87
59	61
18	61
38	55
39	69
66	68
47	66
52	62
23	65
73	75
31	64
67	76
69	65
55	65
50	59
56	71
65	67
24	68
47	57
61	67
59	71
19	59
53	69
62	63
52	68
50	76
24	53
58	68
29	70
53	66
62	72
39	63
62	64
65	68
27	67
63	65
54	55
39	62
38	62
75	75
63	79
48	69
65	66
61	63
60	60
60	66
39	63
65	73
41	59
75	82
41	63
54	66
66	70
61	72
48	55
55	70
55	55
63	67
49	69
73	73
59	62
59	72
66	70
76	76
30	47
20	64
56	71
70	76
70	69
24	63
50	62
48	66
56	65
56	61
16	59
47	55
28	75
49	63
53	71
46	53
63	64
70	72
60	64
21	70
72	78
62	68
71	67
41	71
57	60
22	63
31	57
51	57
30	57
35	77
72	78
50	62
17	65
61	63
23	66
50	57
58	54
52	58
73	76
61	69
20	66
75	73
41	57
69	70
66	67
15	57
74	75
72	74
59	62
56	60
70	67
36	67
43	60
79	70
58	79
37	64
30	65
70	69
80	84
53	68
56	62
61	61
22	64
64	66
53	67
70	72
55	61
45	52
52	63
60	62
61	66
43	64
37	60
28	64
53	58
21	70
61	64
23	62
35	62
27	68
72	71
52	73
26	63
35	56
59	61
59	67
50	76
40	64
53	58
62	60
64	69
56	61
69	72
59	65
64	65
66	74
35	67
71	72
53	67
53	61
55	63
34	58
67	71
52	59
22	60
67	66
23	64
57	64
42	61
75	81
21	64
21	68
45	61
50	72
22	54
61	72
36	61
46	63
47	54
69	77
55	64
21	68
27	65
42	72
37	61
76	75
43	49
63	71
57	59
57	62
56	62
60	71
28	58
47	59
75	77
45	60
60	71
37	69
72	74
26	70
23	52
63	67
19	63
65	68
39	66
35	66
38	70
21	51
57	63
29	64
61	70
40	51
35	70
54	66
31	55
53	65
57	54
72	75
53	63
15	60
61	58
53	69
59	74
57	71
56	62
57	63
62	66
75	73
49	54
55	63
43	59
42	63
72	78
61	78
72	78
47	55
48	68
47	63
70	67
66	78
72	81
22	75
48	56
63	70
44	67
64	72
38	64
59	68
62	66
54	65
42	73
71	79
42	66
46	58
26	47
42	63
51	71
66	63
75	76
70	75
71	72
69	70
27	70
38	65
47	67
41	70
68	75
44	61
60	73
28	64
35	66
32	63
36	59
23	52
77	78
43	59
43	65
51	71
27	59
60	61
65	64
53	66
38	71
59	59
44	73
61	63
31	72
35	70
69	70
83	87
74	73
65	71
67	67
60	67
35	67
73	73
73	75
50	65
65	76
46	56
52	66
59	66
60	67
52	57
30	64
57	61
61	63
43	69
65	72
30	68
47	57
38	66
21	57
19	68
61	62
50	63
71	76
60	60
45	65
33	51
55	59
49	63
28	73
28	62
52	68
47	53
32	54
73	73
58	65
35	52
68	73
35	53
44	61
59	70
67	75
34	60
45	62
73	72
22	65
26	68
56	63
48	63
59	65
42	64
75	67
64	67
48	57
59	63
30	48
36	69
50	78
63	62
26	62
21	61
55	75
46	52
56	58
75	80
61	66
31	61
66	65
64	68
44	64
68	66
62	70
58	67
38	50
62	63
59	65
23	73
54	58
43	61
60	65
71	74
28	67
23	67
26	57
54	54
53	73
44	69
64	69
29	56
60	75
60	62
57	64
57	65
25	62
28	59
62	65
35	62
28	64
38	62
42	56
41	65
27	64
43	57
25	48
25	58
33	68
54	73
54	78
58	61
79	80
25	64
23	47
66	78
63	71
29	66
37	55
62	66
42	64
52	53
49	61
73	74
57	65
67	70
66	71
26	66
28	61
47	67
24	66
32	55
54	64
41	71
43	57
41	69
80	83
46	68
63	66
20	53
23	51
39	51
28	54
55	62
45	61
69	74
38	70
71	74
32	56
60	69
38	72
22	69
66	70
35	56
45	64
53	61
62	78
64	69
77	86
59	68
68	71
35	53
42	67
31	56
62	66
27	68
29	67
59	71
30	79
68	72
52	56
34	54
35	70
64	72
39	58
48	63
40	65
64	70
59	65
62	69
50	59
18	62
67	67
26	63
50	67
74	75
23	55
38	53
44	49
52	64
20	47
60	64
55	66
27	64
29	68
64	61
59	65
60	62
48	61
35	66
22	72
52	60
60	69
66	65
62	60
50	63
62	71
54	74
63	65
66	67
20	66
71	73
59	63
70	68
55	70
74	70
60	63
66	66
55	58
64	66
55	71
63	66
49	56
46	61
57	66
57	65
68	75
74	70
56	62
30	74
41	63
62	75
38	56
50	62
60	67
59	67
35	66
19	67
61	73
56	68
38	60
24	77
52	63
68	70
34	63
62	71
29	57
62	64
24	56
68	62
30	63
52	66
27	62
61	64
29	60
26	66
35	65
45	76
50	75
25	59
68	73
41	69
60	70
64	63
46	54
72	74
39	67
42	59
54	60
25	72
26	64
55	63
46	53
29	67
59	67
72	71
52	70
65	69
75	77
40	71
61	74
76	74
17	68
65	69
44	68
61	66
59	66
52	63
52	63
28	60
24	66
63	66
65	69
58	64
65	65
66	66
60	61
41	50
59	68
67	70
51	64
56	61
56	55
63	68
31	76
25	49
21	65
38	63
60	73
67	73
54	67
53	58
74	73
38	50
38	66
61	66
55	72
45	59
54	58
60	72
51	59
65	65
21	63
56	73
23	56
42	59
50	56
42	69
68	76
63	62
78	77
66	70
29	69
45	53
40	70
57	66
62	65
45	47
60	68
41	64
42	55
52	55
60	74
63	66
55	67
44	59
56	62
53	61
58	66
73	73
73	81
27	52
49	59
61	64
35	65
46	58
59	64
51	71
64	66
64	90
25	54
37	62
40	63
28	56
34	53
68	76
26	53
28	74
74	72
42	69
69	69
55	66
46	58
54	58
47	58
45	64
53	65
33	60
30	60
47	59
58	66
40	62
54	60
60	66
54	58
61	57
56	71
28	65
20	59
28	60
33	52
44	64
58	60
45	60
51	63
24	60
56	63
67	71
52	61
50	58
60	67
40	55
51	75
55	64
23	49
64	68
54	56
23	87
61	74
40	64
25	65
56	68
41	58
48	67
76	85
52	67
54	67
61	69
52	65
45	63
75	75
73	70
46	53
33	54
68	76
56	59
43	63
26	65
59	63
50	59
41	55
46	56
65	72
69	68
22	49
17	61
29	54
27	75
48	66
71	76
58	64
55	58
24	69
60	67
42	68
51	65
69	75
21	73
67	68
35	68
52	67
73	76
68	71
62	67
63	77
51	67
53	55
40	74
48	65
43	54
61	62
53	76
36	65
72	72
52	66
25	75
58	64
26	53
77	78
76	72
75	79
39	69
57	59
58	64
26	67
59	66
29	72
19	63
48	66
71	75
46	59
48	58
41	66
58	74
60	67
38	74
56	56
20	66
50	69
61	68
31	67
26	69
70	72
28	60
22	75
71	67
60	69
60	64
60	64
29	70
60	62
58	71
20	64
59	66
50	63
32	63
72	74
20	60
49	64
65	63
54	75
66	70
28	63
59	62
34	48
46	57
36	48
47	59
17	66
48	63
31	74
51	52
50	62
55	57
58	65
40	67
67	75
58	64
36	71
82	85
27	65
27	57
26	76
48	65
63	68
76	70
38	58
38	63
60	70
39	53
77	76
56	68
56	63
20	62
40	66
44	60
38	60
35	71
61	65
44	61
44	61
25	65
21	71
46	57
67	70
59	61
85	87
57	63
59	74
25	64
44	63
58	68
51	65
35	61
69	72
51	61
50	59
63	67
49	62
33	64
60	69
60	65
45	75
40	56
18	68
26	64
60	67
71	70
24	52
68	72
50	61
61	65
51	58
28	56
33	62
52	59
55	66
62	67
60	71
55	64
69	78
44	60
40	63
68	71
71	74
26	51
68	71
31	63
65	73
34	65
58	72
39	70
45	63
71	74
57	67
25	61
40	64
20	56
73	77
69	79
67	63
44	65
30	64
60	63
24	76
26	72
60	75
40	55
50	60
82	80
58	65
22	65
64	74
66	68
60	59
38	68
59	64
31	48
21	65
51	75
68	64
31	59
62	72
25	58
38	53
57	56
38	65
50	59
48	66
53	61
70	73
59	63
59	64
36	60
60	73
32	60
33	67
29	57
62	61
44	64
55	63
48	63
42	63
54	64
55	64
51	64
41	73
72	72
51	55
59	68
47	63
42	66
66	62
28	57
61	69
64	61
71	71
46	67
52	58
63	65
57	59
56	63
60	64
59	63
30	67
52	55
39	55
54	59
68	71
57	70
54	71
66	65
55	67
65	64
67	73
33	61
55	72
47	65
44	59
38	60
67	66
72	76
63	63
54	56
74	75
48	63
41	64
78	72
57	64
58	69
52	72
63	60
69	75
82	82
45	53
71	74
66	75
59	72
59	64
37	65
70	69
56	62
41	64
34	76
17	50
69	70
53	70
44	72
34	65
60	67
50	63
73	74
45	64
62	70
46	66
50	52
53	67
50	64
17	60
25	65
58	67
65	63
33	67
44	57
73	74
73	75
33	58
63	69
61	78
63	70
33	64
48	66
31	59
36	58
47	54
68	63
62	65
42	73
40	53
65	68
56	62
44	60
29	61
39	57
58	83
67	70
60	63
40	54
59	72
65	63
76	86
35	48
73	79
59	71
51	73
26	68
59	63
59	68
75	77
20	67
61	61
71	75
31	66
33	50
51	66
28	70
63	64
27	60
35	66
63	75
58	64
53	78
70	68
72	69
61	64
47	52
72	76
48	56
30	55
26	67
61	63
40	64
65	61
38	49
30	63
44	64
30	68
60	63
52	65
50	74
26	53
60	75
64	67
60	67
56	61
55	58
61	62
56	72
36	54
59	64
81	84
62	67
50	62
32	72
79	75
61	66
47	64
52	56
56	65
28	66
24	51
57	73
42	62
54	65
74	80
54	61
55	59
73	75
40	66
79	78
63	65
46	69
66	73
37	58
22	67
61	70
44	53
71	69
58	59
67	67
55	59
75	78
72	73
42	48
46	61
42	58
55	59
55	67
63	64
62	67
52	66
76	75
60	78
50	65
83	80
48	62
35	48
64	74
88	83
67	79
55	62
64	68
32	63
60	60
55	69
60	68
55	58
43	70
62	73
42	62
77	85
57	61
51	62
60	70
58	61
67	72
70	74
71	75
61	67
54	67
26	58
26	54
28	68
41	55
79	80
68	64
26	59
48	61
58	70
83	81
51	61
56	58
49	72
65	79
51	59
53	67
62	76
38	59
52	58
57	62
91	89
57	63
50	55
59	68
49	64
20	59
72	70
56	57
46	51
58	69
40	66
25	57
55	63
46	62
66	71
78	82
70	71
59	66
17	64
70	74
50	59
27	71
60	62
49	58
58	62
30	66
16	65
25	65
41	74
54	60
22	65
66	70
50	59
52	71
62	65
67	76
47	49
18	49
52	85
63	71
21	65
19	49
29	53
20	57
59	62
59	74
66	69
31	61
46	59
68	60
65	73
79	81
42	63
72	74
79	73
52	60
58	65
28	76
63	64
66	73
31	61
48	71
68	69
68	74
39	74
64	67
66	77
61	67
63	64
22	56
58	64
59	63
58	75
67	68
47	51
55	67
16	51
55	54
58	77
38	63
70	70
24	66
65	68
36	63
66	70
56	78
52	60
32	55
57	65
55	65
67	70
58	69
47	65
61	69
59	67
73	70
57	60
31	60
70	68
74	67
36	67
48	58
65	71
65	63
57	62
45	82
20	59
60	75
38	57
59	70
29	72
64	63
84	81
49	68
40	52
57	68
73	70
24	71
28	68
59	58
38	65
26	64
26	70
39	62
38	70
38	47
59	64
44	57
42	52
38	69
50	74
48	68
67	70
54	62
30	70
32	68
42	63
67	74
56	66
58	65
46	75
35	76
40	56
69	73
48	63
60	70
36	68
56	60
23	65
59	75
54	65
60	73
37	54
55	56
52	67
70	78
75	68
25	67
49	59
66	74
67	86
60	71
63	65
54	68
33	77
39	52
44	57
26	67
59	72
74	72
17	67
50	65
28	62
48	55
55	74
76	75
47	60
56	57
59	64
61	65
75	78
38	66
52	56
32	66
29	68
71	75
47	66
52	68
25	59
67	71
30	67
18	62
52	75
19	57
27	61
69	73
52	75
55	60
66	77
51	63
66	66
54	75
61	71
49	69
42	52
42	57
66	69
70	83
41	67
73	76
64	68
56	70
61	69
57	66
40	80
27	66
64	73
20	54
38	70
66	69
28	65
61	71
27	57
71	75
75	69
70	81
60	55
38	65
61	68
16	66
59	67
63	64
33	70
68	69
28	68
55	54
61	67
20	64
46	61
63	60
58	69
60	69
50	66
64	73
38	68
55	65
75	73
58	61
56	60
57	63
49	54
63	65
61	68
22	56
21	72
27	56
47	65
52	56
68	65
68	67
62	72
29	58
67	74
64	68
61	66
49	49
49	55
60	65
78	80
57	66
61	71
55	64
60	66
49	59
47	66
31	54
28	65
44	64
41	63
63	68
47	62
48	60
58	62
65	74
56	61
50	70
71	72
69	66
56	62
64	72
34	73
45	66
30	60
22	68
76	79
67	65
78	74
37	57
62	62
52	62
73	78
74	68
58	62
44	68
55	62
34	75
32	63
66	69
69	76
54	66
55	60
60	66
48	64
59	77
62	66
42	52
22	67
38	63
28	60
18	53
58	60
57	67
47	65
32	72
71	66
65	69
30	52
50	62
27	64
64	62
66	71
83	80
46	75
77	72
25	57
65	75
23	68
73	70
63	68
58	57
38	56
47	66
54	70
43	72
32	57
43	67
67	71
54	62
36	66
66	73
61	65
78	82
33	68
15	49
54	66
51	62
45	55
38	80
20	65
23	73
33	47
63	68
42	64
41	63
46	57
61	67
63	64
73	84
45	73
45	65
60	68
49	63
50	60
22	49
37	53
45	65
44	69
54	79
48	57
22	68
55	66
17	64
38	66
29	69
56	61
59	65
35	71
73	72
76	80
28	67
67	68
62	64
62	67
46	69
66	70
70	68
77	76
48	53
71	77
60	69
64	67
37	62
68	71
55	68
46	70
64	67
67	71
58	61
45	62
69	71
48	55
33	63
45	70
27	75
60	63
68	75
21	69
80	79
54	57
46	49
35	66
36	70
48	58
56	64
52	66
22	64
48	58
50	66
62	66
22	57
59	66
29	62
54	68
30	52
65	68
56	64
25	51
32	73
67	71
56	64
69	72
20	54
58	55
39	59
22	51
78	82
60	62
36	58
55	71
22	58
28	67
34	62
70	68
74	80
32	53
58	70
62	64
55	73
30	59
27	66
72	71
44	64
62	65
76	68
58	70
28	72
51	66
63	67
55	50
19	69
17	63
45	60
29	61
46	72
46	78
36	70
77	81
73	74
59	65
37	82
67	70
67	70
72	75
57	62
66	82
68	74
64	68
55	60
34	68
65	66
25	67
66	70
57	62
42	65
51	58
26	54
41	73
63	66
55	59
67	75
66	66
69	68
56	64
58	63
64	72
29	49
35	61
49	59
47	58
51	55
29	52
50	59
39	49
67	71
57	65
32	76
28	63
23	52
45	61
64	67
63	67
32	66
63	71
63	68
62	69
31	61
65	73
41	57
18	61
36	51
64	74
54	69
28	65
65	67
29	71
39	69
59	65
39	60
59	72
67	63
67	74
38	53
64	69
25	60
76	81
58	64
55	74
36	61
53	63
60	66
40	60
27	53
60	62
63	71
56	63
36	63
53	57
24	55
82	88
20	51
28	48
54	60
59	65
48	63
34	66
31	57
70	70
55	69
75	71
71	69
58	71
50	60
62	73
55	63
44	55
62	69
22	65
57	72
27	62
66	72
55	57
61	66
40	73
55	68
53	57
69	74
56	69
40	58
30	57
72	74
36	52
47	58
40	55
52	56
66	66
23	63
28	64
67	68
28	65
81	79
67	77
30	61
33	61
63	69
39	57
44	50
55	67
60	68
62	59
55	63
25	68
52	62
67	70
71	75
52	62
76	74
60	65
53	67
55	59
66	72
52	62
38	74
65	70
67	72
44	82
61	63
29	79
21	59
59	63
61	68
59	64
41	54
70	70
44	50
54	60
55	69
50	56
21	62
62	66
68	72
56	63
63	66
61	66
68	69
47	69
39	67
53	61
24	68
66	64
24	67
24	64
68	72
33	63
57	66
21	61
45	60
72	78
26	67
67	74
65	69
63	63
78	78
55	72
55	61
48	64
50	56
41	72
66	69
69	68
44	63
61	65
33	58
57	56
24	53
64	67
44	70
58	62
37	60
59	65
60	76
65	70
19	62
37	60
45	66
44	65
20	49
63	65
55	59
59	66
65	68
60	74
46	54
61	67
60	77
41	63
60	69
56	62
49	63
61	62
70	75
51	61
57	66
49	63
64	67
55	68
47	60
60	69
62	66
75	68
60	67
43	53
68	70
72	71
29	57
21	60
28	70
64	75
60	66
35	57
26	62
48	54
54	68
22	61
64	63
71	75
44	54
44	67
52	75
21	65
44	63
65	68
26	65
32	65
67	65
42	52
24	65
74	75
66	70
55	65
58	68
24	51
24	65
60	67
60	66
28	65
23	61
75	74
73	75
40	66
35	62
50	52
72	71
67	70
63	66
54	61
54	68
40	62
25	70
49	77
66	68
44	66
59	62
68	67
62	71
36	48
56	70
52	78
61	59
64	76
70	73
63	73
46	57
25	63
69	69
61	65
66	70
21	68
30	63
42	68
25	59
52	67
54	69
29	65
33	69
16	70
33	55
87	79
58	64
50	72
56	60
60	64
58	65
56	67
46	58
52	74
53	62
54	67
75	74
38	59
22	68
55	66
29	71
35	56
69	71
58	62
59	62
53	81
69	71
57	65
30	60
39	62
25	57
48	52
40	55
61	64
43	69
58	74
48	66
80	78
20	51
45	69
74	72
63	84
55	72
59	69
56	66
57	72
62	63
15	66
63	68
54	68
63	66
21	67
21	67
64	72
61	60
53	55
31	67
42	58
35	83
61	63
49	61
67	77
39	88
37	73
41	76
79	81
22	67
70	68
36	62
63	70
78	77
71	75
61	67
55	66
58	61
69	71
72	69
59	68
68	72
50	65
41	62
64	71
30	65
72	74
49	63
72	73
46	55
63	71
59	60
57	67
38	56
67	79
66	69
43	50
25	66
70	76
65	70
70	68
55	63
27	83
62	72
44	65
53	68
58	71
48	67
52	56
58	66
26	69
54	57
36	61
43	56
58	65
43	58
40	77
34	80
72	78
38	71
55	63
50	61
73	79
66	68
64	81
58	66
57	66
48	55
44	66
30	68
34	65
33	58
55	60
69	65
53	71
23	57
35	62
49	70
31	71
64	72
16	53
45	64
55	67
54	63
65	72
43	61
63	70
51	59
44	51
76	83
27	58
48	72
59	66
53	57
25	58
56	69
50	49
44	61
71	71
58	67
24	63
38	60
72	72
59	61
77	74
30	67
40	73
75	70
19	56
68	68
46	61
41	64
85	78
43	58
47	58
28	61
33	71
53	67
56	70
35	68
71	75
49	71
71	70
36	64
15	75
41	55
45	66
18	60
19	58
62	63
67	71
26	62
77	83
54	60
36	62
58	64
49	53
49	66
29	53
51	54
32	54
35	66
75	72
60	67
41	68
28	62
59	73
31	63
75	81
32	76
58	67
62	67
55	57
62	67
34	62
87	86
40	71
55	64
45	63
56	67
68	69
64	64
59	64
37	56
66	65
31	58
45	66
37	62
40	71
70	72
39	58
39	58
47	70
67	69
65	68
65	70
59	64
69	66
28	66
42	65
38	56
58	65
45	47
29	69
34	62
39	57
70	80
55	65
67	72
38	54
59	68
52	67
45	66
45	64
55	61
51	59
60	62
51	71
57	67
48	61
32	62
37	67
77	74
28	68
65	68
37	62
58	65
40	53
68	72
67	71
43	67
70	82
52	61
32	71
42	52
79	73
69	76
33	52
39	51
39	58
53	59
40	77
58	65
44	51
42	71
45	54
43	75
29	61
68	65
59	69
43	63
47	56
59	65
48	66
52	69
61	73
67	67
32	63
41	72
51	59
38	53
62	67
64	70
67	77
28	62
57	72
57	65
30	62
27	64
45	59
55	59
81	85
56	83
71	74
31	65
31	70
76	79
23	65
34	66
24	64
46	52
66	68
67	73
72	68
66	70
60	58
24	76
27	58
61	64
42	57
63	70
26	57
31	66
40	65
53	60
32	59
49	57
35	69
67	74
58	64
65	75
79	75
44	65
57	61
42	52
61	64
68	70
39	52
39	64
42	68
46	50
64	60
50	65
54	62
53	60
35	60
34	64
73	75
59	73
76	73
70	72
68	66
27	69
53	62
50	61
20	63
45	62
61	66
52	60
68	69
25	52
66	64
44	70
55	65
47	63
46	80
70	68
66	71
53	58
21	67
49	60
67	69
67	70
53	69
66	68
34	64
36	63
59	74
27	61
64	69
59	70
62	70
61	66
66	72
45	65
82	74
77	70
60	64
51	73
19	71
56	67
69	68
61	71
56	68
52	69
24	60
47	64
38	70
53	58
72	74
55	62
51	57
38	67
59	62
28	71
48	65
34	68
51	65
51	65
17	48
52	61
37	58
62	66
65	66
33	69
73	71
31	56
66	67
67	69
49	60
74	74
64	69
58	67
68	71
57	62
57	63
38	65
57	63
54	61
24	67
71	69
62	65
70	73
36	64
60	76
63	67
56	58
50	62
75	78
44	63
66	71
49	66
35	61
58	61
25	62
68	72
55	64
22	73
28	76
68	74
48	52
22	70
66	69
24	75
53	65
55	68
48	59
73	70
71	68
42	62
48	57
57	65
45	65
62	74
29	73
40	62
34	62
43	74
48	56
23	65
60	69
83	83
78	81
37	60
35	54
56	60
59	72
23	60
28	51
63	71
24	56
56	64
53	67
30	58
64	63
52	62
47	55
22	69
37	64
59	71
30	67
26	64
25	68
43	83
66	62
40	56
27	69
56	65
58	66
66	70
86	85
55	57
67	73
76	73
78	77
64	68
50	66
62	61
61	75
59	70
71	70
48	60
64	74
60	70
39	66
39	70
58	68
62	62
47	68
50	67
68	64
60	64
51	66
62	66
47	52
42	65
45	70
74	75
55	67
67	68
48	69
36	48
46	63
22	68
57	63
24	62
50	65
77	80
36	67
41	67
38	65
55	66
57	64
30	69
78	72
51	59
36	75
26	55
42	60
61	71
57	69
29	65
24	66
45	64
59	67
15	62
35	60
54	67
61	70
74	70
64	63
37	56
21	56
34	48
26	71
59	58
51	64
46	58
49	63
39	57
34	65
67	65
20	60
56	73
75	72
49	68
58	57
24	54
66	69
82	87
32	55
52	71
74	72
68	70
39	71
33	66
67	74
67	75
75	77
43	55
61	64
59	67
73	75
57	65
57	66
61	68
38	65
52	64
49	63
18	64
35	72
75	70
28	56
55	68
42	71
57	65
38	61
51	60
30	71
35	48
46	62
52	66
56	57
30	69
79	67
51	62
65	71
67	70
55	71
60	73
53	58
30	70
71	75
66	65
45	68
59	59
42	65
32	66
25	55
73	66
52	64
29	51
25	70
59	63
65	68
43	55
65	68
78	75
42	65
67	72
40	49
46	64
45	55
55	65
72	74
28	64
67	71
73	75
60	57
52	63
56	71
67	71
67	71
71	68
61	69
62	68
47	66
59	65
57	67
35	63
57	65
64	68
60	67
44	71
42	56
44	65
35	63
56	64
56	63
62	64
75	73
64	78
59	63
33	81
27	66
69	70
35	72
53	70
28	63
49	68
75	69
60	67
41	58
42	73
60	69
42	52
27	68
63	74
47	71
70	75
57	61
66	69
65	71
55	70
56	68
19	54
76	77
24	64
24	72
46	51
63	74
58	75
22	61
45	55
55	61
19	70
60	55
44	68
69	72
74	73
23	64
61	67
71	71
65	65
24	65
43	54
53	64
66	67
59	61
57	73
60	61
67	73
72	71
65	72
66	74
71	73
51	74
69	70
66	70
38	59
60	63
60	64
56	62
41	58
68	74
38	72
45	62
79	81
62	61
59	63
22	83
47	62
51	76
63	68
64	66
52	66
40	65
66	74
28	62
35	61
56	64
58	63
54	62
61	66
22	47
56	73
55	59
44	66
47	55
71	68
59	65
41	69
28	74
42	67
53	60
67	73
59	65
45	58
28	68
57	67
54	63
44	65
47	59
65	66
53	69
43	68
58	65
64	68
26	69
60	67
51	58
67	71
70	76
55	57
58	68
29	68
54	58
62	71
47	62
69	78
58	64
64	68
64	65
58	57
44	63
43	67
54	72
35	67
40	70
45	61
27	65
76	67
27	57
49	69
36	76
47	62
66	69
54	63
28	68
24	61
30	65
50	56
42	69
48	72
59	67
60	68
23	74
30	57
24	60
44	58
25	59
18	68
68	67
54	60
44	65
36	74
53	54
27	62
56	63
70	75
68	69
52	60
63	69
67	75
59	66
61	71
40	66
47	58
51	67
75	77
53	59
48	55
58	69
51	60
72	69
45	60
48	63
29	58
70	68
64	77
75	67
58	63
48	54
23	65
74	80
42	56
50	79
77	76
45	67
78	78
36	51
64	74
60	69
63	71
58	63
58	63
48	51
31	53
56	64
61	59
43	55
60	83
31	74
61	65
30	49
54	50
42	50
66	77
70	69
23	62
38	71
52	63
63	68
61	67
64	73
67	65
59	65
63	73
47	70
67	66
67	68
79	87
68	66
40	67
56	73
62	64
58	71
40	56
67	68
25	65
60	67
52	62
61	64
62	69
52	70
66	75
29	61
66	81
56	70
38	60
65	70
62	75
57	59
60	64
44	67
27	59
26	63
60	69
68	69
29	75
60	62
54	64
55	66
47	70
63	71
16	67
66	68
39	58
30	74
61	60
67	66
70	72
54	69
54	69
67	70
60	65
31	59
59	70
58	64
77	80
54	68
52	67
41	65
55	67
57	72
25	62
60	62
64	65
73	64
65	74
16	67
67	77
40	60
80	87
65	69
62	66
59	71
35	67
58	68
30	67
55	60
52	69
40	79
72	75
66	62
76	72
28	65
53	68
71	69
34	60
63	66
62	73
64	73
20	50
51	63
69	73
70	73
46	59
75	79
34	63
42	77
73	71
41	55
70	72
52	57
79	75
68	78
20	54
71	71
40	50
42	49
24	68
62	71
57	77
32	62
66	71
35	66
39	78
60	67
55	59
29	61
33	63
57	67
53	63
32	68
55	60
57	64
40	57
32	71
30	79
52	61
57	65
47	66
69	82
41	59
58	73
63	69
39	60
37	64
72	73
18	57
27	62
78	69
58	65
75	78
66	67
46	57
56	60
34	63
16	53
36	65
36	58
48	66
48	67
67	76
20	65
24	62
60	66
25	65
69	74
59	64
30	68
50	68
62	65
61	73
53	65
60	59
53	55
62	74
28	64
54	60
64	69
59	64
63	63
44	69
19	56
48	65
51	55
80	73
72	87
18	59
49	75
24	70
48	60
26	66
59	65
35	65
53	63
66	70
32	57
32	58
41	59
51	57
62	60
47	66
57	70
68	71
53	77
70	67
15	74
69	74
56	66
24	72
25	72
30	64
18	56
52	73
62	69
48	59
49	53
48	74
62	58
54	58
35	70
31	75
43	68
19	59
23	52
36	55
81	79
32	54
29	62
59	67
61	69
22	63
32	52
65	66
64	66
30	70
66	71
68	65
22	50
70	67
54	71
51	65
70	76
68	77
56	65
70	70
60	71
69	76
49	64
59	66
35	53
59	73
30	67
55	62
43	57
47	68
61	68
73	75
62	67
58	71
33	60
54	66
67	63
27	64
52	58
66	70
30	60
47	74
64	72
72	79
61	66
48	83
52	63
62	76
60	62
48	61
45	56
64	71
47	60
52	81
49	69
65	62
44	53
53	66
25	70
69	74
29	69
72	71
54	67
33	73
53	57
52	58
55	67
43	51
68	73
31	63
69	79
36	52
31	52
50	67
42	59
52	63
74	84
28	67
43	59
70	76
74	81
59	70
63	65
50	62
55	71
79	77
25	64
57	60
30	60
63	71
32	72
47	72
66	78
58	74
55	57
42	59
58	67
23	72
63	65
68	72
53	56
49	53
50	72
57	65
57	61
29	84
63	65
57	63
36	69
40	63
57	65
26	63
18	70
39	69
61	61
70	70
33	63
43	58
65	68
62	68
34	63
44	65
39	64
42	65
58	75
57	69
22	56
26	50
34	79
21	65
25	61
22	62
54	74
27	70
45	59
51	63
39	64
47	73
67	68
23	66
47	59
39	62
57	66
69	72
69	72
59	64
74	74
57	65
55	60
62	69
23	50
62	72
23	78
49	55
65	74
57	63
57	64
59	69
54	77
42	60
75	73
58	65
58	67
54	68
32	76
82	83
40	70
64	66
45	64
56	62
43	65
63	77
59	62
75	78
48	71
54	61
48	56
60	65
57	68
55	62
58	66
34	63
34	47
70	73
29	59
55	62
21	58
53	63
67	72
35	55
54	65
70	78
52	57
30	57
37	70
70	71
70	75
60	68
31	61
67	68
48	61
55	57
27	60
19	64
18	64
74	74
34	65
67	69
48	73
61	69
60	71
60	71
42	55
46	68
76	77
60	67
76	80
61	60
58	72
53	67
67	67
40	66
68	66
46	69
66	67
31	56
58	63
57	66
45	62
71	79
58	62
37	68
38	78
45	63
58	66
63	64
69	74
52	68
54	63
56	60
47	55
22	64
48	60
39	53
67	78
43	56
64	73
86	86
55	63
59	63
45	51
53	60
54	63
61	64
72	75
41	53
41	70
45	55
68	73
72	77
40	70
65	68
66	76
56	59
63	68
36	48
52	61
37	65
75	76
28	71
27	63
40	74
59	63
44	70
39	60
41	78
64	70
49	63
32	58
30	61
54	61
50	62
47	59
30	67
41	61
55	68
23	59
56	59
52	55
30	67
60	77
50	67
50	60
63	69
67	74
52	66
67	74
56	63
59	65
65	72
83	84
40	61
52	65
57	70
60	70
56	63
59	75
28	70
61	70
23	66
17	67
48	67
23	68
60	67
50	58
56	74
65	65
56	68
63	72
71	69
33	73
40	52
58	58
65	76
58	70
33	65
55	59
34	61
21	66
18	59
52	63
66	70
33	64
72	78
20	68
62	67
62	64
28	65
49	67
26	62
48	66
59	80
64	67
