69	73
55	74
54	69
32	59
55	68
44	74
69	76
58	68
51	69
49	76
52	64
29	77
45	64
48	67
58	73
39	66
60	68
61	64
70	73
59	74
38	63
56	75
64	82
47	73
31	60
70	68
23	58
57	71
40	65
56	74
54	74
50	80
37	73
32	58
52	70
28	68
21	68
64	74
76	76
42	60
45	75
55	86
63	65
46	73
66	65
49	78
32	67
38	73
41	77
62	61
34	72
77	84
26	69
56	69
38	61
54	76
23	69
56	67
69	75
57	78
74	80
40	69
48	68
35	70
70	73
65	78
34	65
49	81
60	75
71	74
49	69
36	74
46	57
84	80
22	67
26	70
74	70
26	68
68	71
45	74
26	71
55	71
45	73
57	68
38	61
65	82
64	77
71	71
63	74
50	53
71	73
45	64
30	75
61	69
46	76
44	61
71	67
35	80
32	67
65	83
67	66
66	74
76	86
77	72
61	65
53	71
64	71
74	73
77	70
38	64
78	80
26	59
32	59
40	67
70	80
75	77
64	63
44	75
32	51
42	67
40	73
52	70
69	82
71	81
32	74
70	76
58	82
57	71
37	66
50	78
65	75
82	83
58	68
79	78
32	64
66	68
47	76
42	71
58	69
68	78
46	63
37	71
77	79
58	74
46	63
58	72
39	73
65	68
53	78
35	68
50	67
28	67
48	68
60	64
42	64
53	71
65	76
79	75
37	71
50	82
46	64
59	66
23	74
49	65
45	72
51	65
42	72
62	74
70	74
41	61
56	59
66	62
49	60
30	70
46	72
32	54
59	62
28	72
49	73
24	74
66	71
42	71
54	76
65	66
73	75
72	81
31	68
61	62
40	71
45	71
46	61
38	74
45	68
21	70
46	65
42	68
39	71
61	68
58	79
27	77
54	71
29	76
35	66
23	78
26	66
22	68
30	79
60	77
51	70
62	74
42	68
53	75
20	79
55	74
25	75
58	82
59	70
66	76
33	66
69	78
65	70
36	70
39	63
49	75
53	62
54	62
69	75
47	71
41	74
64	74
55	72
33	66
43	65
29	68
69	70
31	74
35	74
58	70
59	70
55	75
57	66
41	69
50	79
75	76
50	61
69	65
65	65
57	71
45	67
55	66
47	69
55	70
37	76
48	68
50	73
69	73
48	65
71	73
77	71
30	75
49	75
60	72
53	59
46	74
64	69
58	64
45	69
32	76
58	76
46	72
59	81
58	81
45	61
53	74
53	79
61	76
35	74
68	67
54	75
43	69
52	67
58	74
51	72
47	73
40	74
38	65
39	72
38	67
68	70
37	68
70	70
73	73
28	69
59	66
35	80
47	71
71	75
55	74
63	74
57	70
44	74
52	75
40	78
22	66
45	77
34	61
54	77
21	64
57	61
51	79
26	77
28	65
54	75
28	73
46	69
41	64
71	73
74	87
65	65
51	75
38	60
64	65
70	72
78	86
53	63
24	65
49	58
72	74
60	74
24	65
31	70
31	74
37	78
35	54
59	73
63	68
59	72
56	80
55	82
77	74
72	70
50	67
58	84
58	76
52	67
40	65
36	73
75	79
80	73
83	82
49	74
58	61
63	65
50	82
64	83
54	74
63	70
53	68
65	68
48	68
30	73
39	68
75	81
66	70
30	64
56	76
47	62
60	69
45	57
49	83
42	65
61	70
35	58
60	74
53	75
44	62
93	82
60	81
71	76
48	68
55	71
53	77
45	67
52	64
34	61
43	70
44	70
75	66
56	67
37	58
61	69
51	69
53	57
63	66
76	82
54	69
49	76
64	69
42	75
39	66
56	54
67	82
52	84
44	71
35	84
40	74
57	73
45	64
51	64
85	79
68	72
74	75
69	67
61	64
42	61
42	62
61	74
55	66
75	79
49	80
55	71
56	70
63	67
33	68
29	71
45	65
22	67
60	65
49	68
82	77
78	74
43	55
48	78
69	72
42	61
36	72
68	63
66	64
67	70
69	69
53	62
72	73
45	74
34	63
40	77
55	74
36	65
42	65
35	79
68	67
70	75
70	81
49	72
79	81
83	76
41	65
74	88
34	71
32	71
54	71
67	83
56	59
39	65
56	63
40	66
66	72
75	68
40	69
42	69
23	63
30	62
66	73
30	69
56	67
42	73
33	75
48	68
44	82
29	74
51	75
46	61
54	80
44	71
42	75
47	58
71	75
39	73
27	75
32	75
59	69
39	69
62	70
73	78
65	64
56	74
59	77
64	79
46	68
47	89
53	80
45	70
58	70
48	63
49	78
50	64
34	76
72	73
68	69
69	68
37	78
51	65
68	85
41	70
45	77
70	67
52	70
45	79
24	67
79	75
65	67
64	75
73	77
74	72
58	75
31	65
53	70
60	82
60	79
36	78
58	65
33	79
42	78
59	72
65	75
66	68
58	80
39	78
77	86
64	78
57	69
67	80
41	72
62	65
56	64
59	71
33	73
65	73
75	70
64	79
46	67
52	72
52	73
57	69
70	84
50	71
58	67
56	58
39	66
33	61
64	87
36	81
56	68
76	68
54	69
68	65
78	75
49	59
49	79
33	63
44	78
40	66
55	79
71	85
32	71
29	80
59	69
33	68
48	60
30	75
38	77
44	82
51	69
55	70
58	62
20	67
56	77
53	65
48	53
53	69
57	79
44	78
80	75
47	66
70	77
36	54
54	66
54	70
39	67
42	78
46	60
42	67
67	77
39	53
32	66
85	76
30	74
78	75
51	66
21	65
63	65
74	83
64	80
34	76
82	74
56	74
56	60
77	78
67	82
72	68
52	77
53	64
38	57
54	79
63	73
74	76
72	81
29	69
55	76
57	61
40	71
53	65
53	73
60	70
62	64
62	83
47	68
85	89
57	75
43	62
31	69
65	77
72	78
58	71
47	75
42	82
67	66
44	77
28	78
33	67
47	66
63	79
47	61
57	70
33	74
58	73
31	51
70	78
64	75
44	76
75	72
30	69
69	67
65	79
40	74
71	67
62	75
48	68
41	74
45	83
49	60
54	69
36	70
50	66
67	69
27	71
46	67
60	65
61	67
29	70
65	79
38	66
71	72
30	60
69	69
60	64
65	76
83	85
59	76
41	72
39	68
67	66
54	66
51	70
80	73
40	74
69	73
50	71
60	72
29	72
69	71
57	65
56	67
47	70
61	71
55	80
57	77
64	65
56	75
61	70
35	72
77	78
43	69
37	75
28	73
52	77
48	74
62	75
41	65
81	91
54	69
51	61
68	75
60	74
63	70
45	77
62	78
32	68
41	64
80	74
76	73
62	65
66	75
38	70
43	69
40	57
55	70
65	70
54	69
62	78
58	74
80	70
61	73
62	71
39	76
46	66
58	64
32	75
31	71
53	83
66	71
30	60
43	71
46	58
46	60
25	67
68	63
68	68
27	55
50	69
72	79
61	71
57	78
48	69
31	64
43	69
78	74
39	75
60	68
64	68
41	68
58	65
75	69
35	66
56	68
53	79
74	79
44	60
80	76
47	66
55	67
34	71
67	71
63	89
76	75
73	66
58	72
45	66
55	68
29	76
76	73
25	70
56	74
55	69
43	72
41	78
26	75
55	72
67	75
68	69
64	63
54	62
54	71
51	68
60	80
54	60
75	75
34	56
61	67
45	70
52	71
64	81
36	77
55	69
59	69
69	71
55	69
47	74
47	67
48	69
57	73
20	73
31	69
85	76
68	83
49	66
72	64
47	74
59	68
30	66
46	74
28	67
52	76
73	78
47	69
41	68
77	80
51	75
68	70
62	76
33	81
65	79
64	69
50	71
47	64
77	74
56	74
70	69
44	62
38	73
33	77
29	66
55	65
52	74
42	66
54	71
29	68
48	67
25	65
72	79
64	69
67	72
50	69
32	70
50	68
39	80
51	67
20	68
67	83
53	61
26	73
27	74
64	71
34	70
40	69
37	67
53	80
59	59
46	75
33	73
40	61
67	80
38	84
24	68
82	77
26	71
69	70
62	76
58	67
71	71
31	67
48	71
26	55
61	75
25	80
42	68
36	66
45	66
73	80
59	69
30	62
23	75
48	78
55	74
43	72
68	76
54	66
53	69
32	70
35	69
81	74
25	61
59	85
30	60
62	68
46	74
46	72
39	65
60	75
62	75
64	74
52	75
28	73
59	73
58	72
41	71
44	68
86	81
49	72
61	73
31	67
57	71
59	66
61	77
42	75
55	76
73	74
38	74
55	65
32	72
62	78
40	70
47	67
54	66
57	76
53	70
72	64
62	75
40	73
77	69
52	64
61	69
71	69
72	73
42	63
82	88
77	73
61	82
53	76
74	78
76	84
39	73
42	51
46	77
46	70
57	72
67	63
47	67
45	73
29	80
37	65
70	78
65	75
68	86
66	75
72	75
51	67
41	73
83	87
57	72
86	90
29	79
54	67
69	73
67	69
46	74
40	55
32	63
49	68
48	77
74	83
46	59
33	71
58	67
71	78
30	65
59	68
71	73
59	61
61	81
52	86
34	77
67	79
39	74
45	68
32	61
62	69
53	73
70	66
35	63
52	65
58	76
34	65
42	70
72	75
45	77
51	62
66	71
76	81
56	67
34	66
41	73
53	62
33	74
87	80
68	83
70	78
55	74
67	66
57	72
45	70
40	55
66	75
49	66
39	64
31	70
49	66
56	76
55	78
48	74
63	76
27	64
35	61
58	76
32	76
44	75
58	68
42	57
71	73
22	63
30	72
70	68
26	66
72	88
32	70
74	75
36	74
54	81
38	67
65	66
60	80
55	75
50	71
42	65
62	78
87	77
23	65
76	79
85	85
56	69
45	71
57	77
38	70
78	85
72	68
53	66
39	68
56	78
55	67
54	68
47	77
66	79
45	71
49	70
57	65
40	73
66	77
44	74
55	65
50	69
58	72
79	78
71	70
61	70
51	70
38	77
54	78
52	72
60	64
70	84
58	70
44	73
27	60
66	75
69	70
67	68
60	71
35	72
61	63
58	68
56	68
33	64
68	78
50	67
28	77
58	67
36	75
62	68
34	78
55	70
66	77
52	74
79	73
69	67
53	63
50	73
35	64
29	78
48	68
53	70
57	77
41	68
36	69
43	63
56	71
43	64
77	77
63	69
67	67
59	78
42	69
33	74
62	83
63	76
56	71
37	73
50	74
60	74
42	77
69	67
45	67
86	90
67	69
62	75
48	72
31	74
62	79
57	62
50	82
26	79
40	69
44	69
50	74
67	69
88	88
59	72
40	64
44	69
31	65
47	65
31	70
57	64
26	81
34	66
52	67
31	64
61	75
49	68
64	64
53	66
69	79
31	69
68	76
29	67
69	76
85	82
41	70
56	68
53	66
71	82
58	82
54	68
48	69
41	74
47	77
59	64
63	61
36	74
63	74
71	77
44	62
39	63
49	74
47	68
47	71
57	66
74	81
35	70
61	72
39	69
65	63
56	72
42	78
44	65
47	63
38	70
26	79
63	62
47	81
33	65
66	69
59	74
45	70
65	74
54	71
39	64
49	76
70	80
38	74
36	71
52	67
69	72
55	78
47	67
58	70
58	72
38	69
56	74
47	72
46	81
24	68
44	62
53	75
21	67
69	74
55	61
62	73
54	71
72	79
31	76
62	64
41	67
57	69
63	71
47	68
39	74
75	74
73	83
44	74
49	65
33	61
59	73
54	72
35	79
48	63
83	74
37	65
52	68
23	76
62	77
33	67
73	84
66	72
42	78
58	65
61	68
41	86
73	69
68	71
78	83
63	66
52	68
70	74
69	68
65	72
30	70
77	82
53	70
29	72
27	75
44	68
58	69
73	75
35	72
50	73
66	69
66	64
45	65
39	73
40	69
42	72
44	66
64	67
65	75
74	68
68	66
51	68
53	75
78	74
43	78
59	70
67	66
33	62
45	68
74	81
76	81
52	69
46	71
47	78
45	74
55	78
56	73
23	68
61	68
28	72
43	70
62	71
57	73
53	72
58	63
72	69
68	82
69	70
52	72
57	79
67	74
50	69
47	67
38	63
20	68
31	72
58	68
68	73
74	69
77	77
56	65
34	71
72	67
72	68
54	77
38	65
49	70
40	70
59	74
63	73
56	69
65	70
60	69
69	76
53	66
28	67
65	65
63	75
80	74
73	71
27	66
42	68
47	67
68	68
33	75
32	84
51	69
75	82
63	74
55	79
56	61
53	74
60	69
83	71
26	62
44	70
58	73
52	67
30	71
82	80
53	72
51	59
30	68
45	68
39	65
58	76
72	69
61	68
22	88
30	68
76	82
25	62
63	73
50	68
58	77
41	74
39	57
36	74
60	68
66	68
25	62
70	73
52	78
65	63
59	69
51	68
65	79
61	85
53	72
40	72
38	78
52	74
78	64
45	71
43	64
38	72
71	69
40	55
35	72
38	64
43	80
29	51
44	74
73	70
56	70
30	63
24	73
44	80
57	79
41	74
57	65
50	70
48	80
43	78
71	76
21	69
52	78
51	78
20	74
42	59
52	75
45	78
45	62
79	81
67	78
36	52
41	67
37	73
27	78
59	57
65	79
29	73
60	66
43	80
56	59
62	70
63	69
74	70
43	78
57	73
36	65
42	72
68	71
32	68
48	75
41	67
48	74
43	61
49	68
34	79
40	73
52	76
34	73
59	74
33	53
30	70
51	62
39	64
64	66
50	62
60	62
70	74
51	72
42	63
63	65
41	70
70	65
61	82
60	69
39	70
66	78
63	68
52	64
44	74
23	64
44	65
69	66
44	72
47	56
56	68
65	68
78	90
35	66
49	63
59	71
42	69
60	65
28	71
44	74
55	73
70	80
59	72
45	68
47	73
52	66
70	70
47	60
52	77
41	66
57	72
59	72
50	63
31	71
48	76
70	85
54	76
51	79
38	79
45	72
57	82
42	64
54	68
55	76
66	85
62	60
49	62
70	71
25	59
68	72
36	78
29	67
48	76
75	70
37	61
56	74
31	72
64	77
20	72
59	67
29	82
37	71
60	66
43	66
69	76
68	80
41	68
27	68
50	63
28	65
32	73
49	64
54	81
65	75
48	68
41	66
69	73
78	82
40	70
26	72
62	74
81	73
60	85
30	66
60	70
33	65
54	69
57	70
51	63
74	79
40	68
75	59
37	72
23	64
49	67
32	63
49	69
30	67
32	62
56	70
67	76
73	77
41	74
76	70
46	71
39	73
21	74
70	74
50	62
39	68
48	68
63	69
65	75
65	75
74	78
47	71
33	75
34	63
60	80
65	71
57	68
75	73
72	75
32	79
54	79
68	69
48	69
57	76
63	81
56	63
62	72
68	68
67	81
58	80
39	70
39	69
80	77
82	81
74	76
56	65
71	72
45	77
39	65
68	84
42	74
51	78
24	63
31	73
45	80
51	64
57	64
40	64
49	72
83	84
46	75
36	61
51	62
42	62
66	69
26	70
37	67
36	74
45	67
48	72
72	80
73	84
44	63
67	73
57	69
25	63
61	77
51	77
38	74
51	68
61	62
52	68
38	73
40	65
49	62
36	53
60	69
39	66
42	73
43	70
65	71
49	71
65	80
50	76
44	67
50	74
58	71
70	66
60	67
37	66
59	81
43	74
78	83
36	71
75	79
36	70
45	80
70	66
38	67
31	67
48	70
51	66
48	68
45	62
51	69
62	66
53	79
37	70
71	69
60	60
80	89
66	87
60	72
31	72
51	64
65	67
76	72
57	68
51	74
27	65
51	77
72	76
33	74
51	70
80	70
58	74
65	62
64	89
68	68
53	66
56	84
43	62
41	75
69	73
52	60
65	72
72	73
51	80
39	73
35	64
48	70
40	71
49	71
46	74
72	76
64	74
55	68
53	63
92	77
28	66
70	77
30	64
73	67
65	71
63	70
62	61
40	68
68	68
63	70
63	71
77	72
55	60
37	70
35	72
47	72
59	76
31	62
56	74
75	84
52	76
80	75
29	72
49	71
31	77
64	82
70	81
48	66
50	78
50	73
57	69
30	64
39	63
59	67
43	72
62	60
54	72
51	68
70	74
57	74
34	68
29	70
40	66
82	87
33	61
50	69
36	72
44	64
47	64
39	58
73	75
36	76
84	88
42	69
51	78
74	79
57	69
60	71
42	73
66	67
53	68
52	66
62	73
56	69
60	74
52	59
60	62
42	76
38	64
69	71
60	70
34	66
74	75
73	83
48	80
39	78
55	73
49	74
37	77
60	63
53	60
50	65
67	70
47	76
32	77
47	66
31	77
62	65
53	63
60	71
54	74
65	79
52	67
57	67
49	63
75	69
30	75
61	70
61	75
56	66
36	66
45	61
54	84
54	66
42	60
63	64
34	75
50	77
32	60
62	67
21	70
47	65
31	70
45	72
63	78
64	65
44	63
68	72
54	77
50	82
36	71
58	61
40	72
39	66
43	65
38	66
72	76
49	71
61	74
64	70
60	75
38	64
57	63
67	79
53	79
49	65
52	77
46	69
31	70
50	67
58	63
50	72
58	66
30	57
22	64
54	65
56	65
71	64
45	69
58	73
50	65
69	75
84	84
84	78
54	78
65	67
27	77
65	63
32	79
49	71
57	76
65	64
28	75
44	73
65	78
60	74
52	71
59	73
73	79
47	72
27	70
45	69
33	73
47	82
53	68
57	72
50	81
68	68
52	76
77	86
48	62
66	76
58	69
78	84
61	67
64	76
63	74
33	63
55	66
38	67
67	83
57	73
65	69
56	70
63	71
47	76
55	73
38	79
70	71
26	66
53	77
50	69
49	75
70	66
42	65
41	72
69	66
43	58
48	85
44	67
47	73
33	65
55	70
38	67
45	67
34	61
66	69
56	81
63	71
40	74
57	82
73	81
34	62
51	73
53	68
42	76
66	77
42	72
57	71
31	85
66	78
79	80
66	78
52	62
48	66
57	66
59	75
32	68
36	76
30	72
29	69
49	67
38	60
51	71
38	73
60	66
49	63
57	67
66	72
52	70
53	73
62	85
47	57
55	71
28	74
70	84
70	84
46	68
53	73
40	79
48	75
42	62
87	95
41	75
35	68
29	75
69	73
38	73
56	78
59	81
58	79
64	74
46	70
72	77
42	58
80	79
65	65
60	73
64	70
42	70
41	77
54	67
54	84
52	74
48	67
54	70
81	86
32	73
69	68
66	63
82	82
67	74
54	73
52	83
60	61
62	73
63	76
44	66
41	77
60	62
33	61
30	56
76	78
44	74
67	82
66	91
71	78
36	68
39	77
52	68
78	67
26	66
63	68
54	70
53	68
55	77
45	71
52	78
59	70
62	74
69	67
40	66
47	62
52	68
73	71
81	79
38	64
60	75
49	59
36	57
38	67
64	66
55	67
37	65
30	65
67	76
50	68
64	79
36	59
38	63
61	75
79	81
60	79
64	79
47	73
72	67
49	61
44	71
54	77
27	71
57	60
45	75
70	74
51	78
42	75
73	83
66	77
52	64
44	66
58	59
58	71
60	79
23	64
38	68
55	69
39	66
56	70
61	83
55	69
46	77
39	68
60	87
66	67
65	65
71	75
37	71
52	76
38	74
61	73
54	70
34	74
61	71
55	66
74	75
52	77
44	70
51	62
57	69
34	71
54	70
66	65
47	62
50	75
44	76
56	78
54	68
53	68
31	67
68	69
32	75
44	65
77	78
48	66
46	69
26	68
39	77
51	73
59	68
55	73
53	72
40	77
74	90
61	83
43	67
33	69
39	61
48	65
52	79
50	68
58	65
46	74
76	73
22	67
38	73
38	62
38	83
66	79
56	75
47	78
35	57
33	72
55	66
58	81
60	77
37	69
29	69
57	64
84	83
65	67
52	80
55	69
53	67
72	77
80	74
32	56
46	72
52	66
37	75
40	74
38	70
53	73
62	78
64	76
41	70
49	64
63	76
33	65
68	71
49	63
66	77
49	64
32	66
42	75
50	72
53	78
49	69
62	72
59	75
25	67
76	76
69	77
54	67
42	73
62	71
38	65
30	69
38	75
80	76
27	65
43	77
72	77
31	65
56	66
65	71
46	78
61	66
49	69
46	70
41	60
59	77
68	73
62	70
40	67
62	81
69	81
46	74
53	72
24	59
52	57
48	76
42	57
29	78
47	60
63	68
23	74
67	69
74	80
57	66
41	69
51	73
28	71
59	63
56	86
76	72
63	66
55	74
62	81
29	81
55	66
55	70
64	78
46	73
30	72
63	72
46	69
28	68
78	67
33	71
61	63
38	71
62	63
45	78
66	69
46	68
32	57
30	60
73	80
49	78
65	58
56	70
26	61
45	58
57	76
42	57
53	67
48	65
74	78
70	75
49	83
28	61
84	83
63	78
64	76
27	76
45	74
37	69
47	72
63	64
44	76
82	79
36	67
50	69
36	83
44	68
68	72
22	65
57	73
33	69
26	74
31	70
39	78
70	79
50	75
79	71
54	68
57	75
55	70
54	67
62	68
54	75
65	73
58	78
53	65
47	69
66	74
47	78
40	77
73	73
37	75
57	74
58	70
82	82
23	63
70	69
50	70
73	75
63	70
52	78
47	64
65	74
48	69
57	76
60	67
54	72
58	68
58	78
41	77
41	78
72	73
59	59
26	76
59	69
64	67
62	63
62	76
54	71
80	69
43	63
51	77
73	73
60	83
57	76
31	72
62	84
42	77
50	61
67	70
58	77
25	76
42	78
69	65
71	75
40	63
73	65
77	74
44	76
48	72
69	82
32	57
42	79
40	70
32	63
54	72
61	62
28	57
58	68
56	77
67	60
46	73
49	76
61	67
70	69
50	72
27	68
69	63
56	82
45	73
39	71
46	70
63	87
44	74
47	71
28	65
55	56
80	87
60	77
45	59
32	85
41	70
61	71
44	65
42	63
69	69
67	62
57	69
63	83
54	74
61	82
66	71
71	76
56	73
60	63
61	79
38	73
84	76
63	71
61	63
42	65
69	66
34	72
29	72
45	73
28	70
58	74
31	81
29	66
49	75
29	69
36	70
60	75
40	76
31	63
76	79
28	63
48	67
44	79
44	76
39	72
47	63
45	69
26	67
53	74
25	56
65	69
51	75
52	64
55	84
45	62
57	68
44	67
64	76
29	75
67	71
46	66
51	71
77	81
30	75
53	74
44	58
67	77
53	72
60	72
29	75
55	71
59	73
82	79
74	82
50	82
62	71
30	65
70	73
29	71
41	58
53	62
59	83
42	69
50	74
49	75
70	80
64	65
40	61
47	68
81	81
35	77
65	68
54	67
49	64
36	74
65	78
56	68
45	83
55	69
58	80
62	80
45	62
49	67
29	64
65	83
50	66
38	72
56	74
70	77
67	85
58	68
30	66
52	83
74	77
68	71
77	87
38	68
67	74
56	64
74	80
65	67
69	70
37	53
55	59
70	71
47	69
55	78
39	53
28	76
48	71
40	67
39	65
39	77
50	76
65	66
50	69
53	74
38	68
49	58
62	70
36	74
37	68
64	72
31	61
46	70
54	80
50	73
53	72
35	78
66	80
62	77
60	68
62	65
44	71
66	70
73	69
36	72
71	75
63	70
67	83
63	67
51	69
46	73
43	76
50	69
59	69
62	71
55	69
71	76
49	63
32	72
63	74
31	68
65	84
60	62
60	74
56	74
75	75
58	79
58	71
30	69
68	71
54	65
49	79
63	78
83	81
46	62
68	79
35	74
50	67
32	64
46	70
49	75
38	55
45	68
49	68
50	68
43	67
63	76
54	77
36	72
58	61
63	72
31	68
49	72
38	82
45	68
39	65
68	78
47	68
80	81
52	69
46	65
45	64
34	77
33	62
53	71
68	69
59	68
53	65
32	73
62	71
69	74
37	73
47	71
62	71
47	64
40	78
56	75
63	71
25	62
58	73
53	76
25	71
66	70
49	72
84	79
73	67
57	74
65	68
65	83
53	69
44	69
51	76
37	72
45	74
32	65
61	67
51	75
60	72
46	65
57	83
58	63
60	64
71	83
55	69
48	72
49	76
46	70
43	62
83	77
66	82
72	86
60	73
71	71
59	61
40	72
50	69
45	68
49	69
31	67
80	82
33	71
38	74
57	68
77	67
42	55
36	70
52	65
45	66
47	73
20	62
77	85
71	73
31	71
54	65
48	72
51	75
34	60
45	68
28	72
72	69
56	73
48	71
37	65
64	66
71	82
79	70
74	73
77	74
62	63
83	76
62	73
59	60
75	59
60	70
42	77
36	67
70	75
48	57
45	78
42	70
22	52
48	64
60	66
47	67
50	67
66	67
63	69
64	72
64	68
46	75
46	70
32	81
75	82
33	71
21	76
55	62
55	70
52	78
78	80
66	70
30	76
73	71
36	65
72	69
52	66
42	69
64	72
64	67
53	68
66	79
32	74
28	55
81	71
55	71
48	81
59	77
49	71
66	71
49	67
43	74
57	76
66	71
36	72
24	67
51	72
59	71
46	66
63	85
49	69
41	67
48	76
35	72
47	66
40	77
58	79
45	69
59	81
61	61
42	69
68	72
58	76
39	70
35	57
54	70
53	79
68	81
39	71
84	82
69	72
79	79
50	84
36	78
66	83
51	78
47	71
52	66
29	78
55	77
50	73
61	69
58	65
40	76
56	73
26	75
59	67
57	77
71	76
24	76
37	70
59	75
46	69
56	75
55	74
46	70
62	68
31	66
78	80
79	88
71	67
55	72
60	67
53	62
54	61
62	69
63	76
42	71
32	78
40	72
64	74
49	72
65	83
64	84
69	67
32	59
36	56
28	66
66	70
68	69
43	84
62	72
67	83
46	71
42	72
60	64
37	68
49	63
23	66
57	62
67	76
62	76
32	68
77	71
44	70
34	60
31	76
53	70
26	82
55	77
32	70
46	75
59	75
38	69
53	66
66	65
69	71
32	65
44	70
59	72
29	80
56	62
74	72
44	60
43	61
64	75
57	77
39	66
44	66
61	73
73	86
51	69
33	70
67	88
53	68
43	70
39	78
53	82
62	74
31	64
59	76
35	72
59	77
74	84
35	77
46	77
30	66
60	79
70	70
58	77
31	74
71	73
45	76
45	72
58	67
31	77
40	72
66	66
39	64
48	67
50	77
61	75
53	70
51	63
66	71
48	69
46	68
40	71
54	62
44	69
72	73
71	63
46	70
42	71
41	67
28	62
29	68
44	69
57	61
59	72
29	70
62	70
51	77
45	71
56	69
59	70
29	64
42	56
53	70
39	64
51	69
58	74
48	75
59	73
55	59
55	69
31	68
46	68
42	74
49	75
51	59
20	61
62	69
57	69
34	70
68	70
62	68
62	75
62	70
37	70
60	70
38	58
73	65
45	59
56	66
43	75
31	58
55	69
69	72
60	83
81	82
62	63
29	71
65	72
51	67
24	62
55	71
53	69
22	75
79	76
38	61
55	65
67	68
65	70
69	67
59	76
62	65
58	63
58	73
53	75
62	62
63	70
46	66
53	78
36	61
44	77
59	73
52	79
53	60
26	61
36	78
33	62
44	77
38	68
67	80
60	70
44	67
49	70
47	86
30	69
53	72
64	68
41	67
35	70
34	72
74	83
38	69
49	77
29	77
48	68
35	71
62	76
57	76
36	69
43	66
29	70
70	67
58	65
55	65
43	68
44	60
62	74
65	81
70	69
56	63
58	74
68	80
56	63
65	63
49	73
20	70
65	72
60	78
55	74
56	75
72	79
49	70
62	60
37	70
59	74
60	63
50	68
71	67
47	67
60	63
54	68
68	77
63	64
72	80
78	73
53	63
47	69
72	79
77	92
50	81
73	82
57	63
78	78
56	75
64	72
33	75
38	75
52	69
73	68
59	69
58	69
61	69
78	70
58	58
51	73
52	67
48	65
49	75
45	67
85	86
74	77
65	64
29	68
58	73
40	59
71	76
65	69
67	68
35	69
86	90
72	77
49	73
34	65
64	70
60	63
49	83
47	63
56	80
47	59
36	68
65	73
31	71
33	67
52	76
77	80
39	83
25	72
35	64
75	74
53	73
33	80
70	68
36	65
51	75
67	84
65	82
40	69
45	59
32	66
58	68
44	64
49	71
51	62
26	72
64	72
62	71
40	70
55	74
62	67
29	79
58	62
41	80
67	75
66	77
50	75
44	65
55	71
60	62
83	83
50	66
52	75
58	68
30	77
43	76
35	74
57	78
46	69
55	70
39	67
60	68
71	68
49	62
74	80
66	72
62	75
72	70
73	70
53	64
27	72
80	73
61	81
72	78
55	78
44	69
30	68
60	57
48	63
62	75
61	75
36	68
28	78
50	73
70	67
51	70
59	65
45	73
51	70
85	84
33	70
63	78
39	66
60	84
67	80
61	80
45	79
71	75
36	72
48	68
46	73
63	85
60	67
53	77
57	68
55	74
61	78
31	72
73	71
58	76
44	74
56	68
37	65
27	70
69	75
44	64
75	74
55	79
60	71
66	66
50	69
51	67
68	73
55	67
54	65
59	73
65	82
24	63
46	73
64	73
75	82
27	65
30	66
34	76
52	72
41	66
25	73
69	75
75	70
68	64
29	66
71	75
45	76
41	65
74	73
38	67
50	64
76	71
62	81
72	74
35	65
50	67
56	79
53	74
70	75
54	70
64	64
24	65
67	74
42	68
58	65
55	79
37	68
36	65
64	62
47	71
73	75
47	76
34	79
39	60
60	59
54	78
52	60
50	66
62	74
43	80
37	70
46	64
46	79
55	77
54	64
44	71
42	74
49	72
51	72
67	76
61	65
57	64
27	67
72	77
78	81
62	71
52	77
66	81
27	68
58	75
75	71
36	67
51	74
63	68
64	66
53	62
38	77
55	75
38	77
45	73
46	64
24	69
48	73
45	68
70	71
69	72
66	66
34	64
54	78
38	69
75	74
58	68
24	66
42	58
55	79
34	69
49	62
47	74
55	73
60	68
64	67
44	64
51	68
41	64
50	72
67	68
66	82
42	81
74	75
45	70
33	68
67	84
68	74
73	60
49	67
44	66
31	73
58	75
44	74
33	69
50	69
52	62
67	69
58	84
69	73
55	75
57	75
44	70
60	66
27	72
57	83
69	68
61	65
42	69
67	77
83	78
73	73
59	73
33	63
73	86
49	67
64	72
71	71
64	66
24	67
57	81
56	73
69	75
38	61
47	64
52	70
46	69
32	69
48	62
60	73
54	73
56	73
32	74
56	79
45	71
42	65
76	70
32	71
50	75
55	70
49	73
37	71
31	64
58	82
29	70
53	76
43	57
62	65
40	65
35	64
61	72
21	60
75	79
31	74
51	67
66	65
45	64
63	58
36	67
51	65
32	71
55	85
21	59
39	77
32	71
81	69
26	65
48	51
69	68
36	74
72	72
43	67
75	72
47	65
72	76
59	65
46	75
63	65
68	72
35	68
28	72
65	68
29	74
34	85
61	84
85	84
49	69
45	63
69	72
48	71
58	69
43	67
46	68
38	64
40	62
54	68
31	68
74	76
62	74
41	68
71	70
77	66
34	70
40	72
38	59
50	74
33	64
45	79
59	68
66	65
51	57
75	77
63	75
21	65
45	64
66	83
49	64
65	69
65	89
28	63
50	72
69	76
45	75
28	60
34	66
45	69
63	70
45	77
72	85
74	82
66	70
57	77
38	71
37	79
58	63
52	74
46	68
82	77
54	73
34	65
37	71
59	70
51	83
49	76
75	83
29	72
60	79
43	78
58	71
52	75
67	73
53	69
68	70
36	72
26	69
80	71
73	79
75	83
34	70
62	72
24	71
57	78
76	74
58	67
62	83
65	69
63	67
80	79
39	67
49	63
39	65
64	65
68	73
66	76
32	80
59	69
26	70
39	74
26	78
39	76
53	67
55	65
61	77
24	66
77	79
62	67
67	84
54	71
52	68
45	60
55	64
63	69
64	75
45	71
38	71
53	66
42	67
67	85
41	72
49	73
58	60
62	68
56	74
45	65
29	73
40	68
65	73
76	81
40	62
33	70
57	78
43	53
35	59
60	65
39	62
46	68
29	77
26	80
54	69
48	60
29	65
36	73
35	84
45	74
48	76
20	74
76	77
82	84
48	75
68	73
76	75
43	67
61	66
41	63
35	68
66	79
37	66
31	77
67	73
36	81
34	64
43	54
48	72
68	63
44	68
28	72
38	62
48	69
54	70
36	78
44	68
59	74
71	77
62	76
39	74
50	70
48	65
38	79
53	71
81	84
39	60
31	80
39	62
55	68
69	76
56	74
37	77
48	75
58	71
23	66
57	69
35	77
21	75
80	77
55	66
45	65
31	67
64	73
46	60
48	67
68	66
50	74
61	77
35	69
29	70
35	64
38	61
37	71
26	64
36	64
39	72
86	72
51	74
48	70
56	71
48	66
79	69
64	83
56	67
53	71
63	70
36	72
70	76
62	63
37	68
49	76
33	76
63	64
50	69
44	82
46	69
63	64
33	70
55	72
29	63
70	66
42	81
63	66
68	66
43	65
74	75
47	67
36	64
52	62
49	69
37	56
24	69
69	82
24	69
73	82
54	65
56	74
75	81
53	74
28	66
30	57
74	80
37	76
48	67
70	71
62	67
66	72
64	76
32	65
48	75
33	68
62	71
76	81
54	67
78	72
35	71
56	78
53	67
47	73
52	71
25	72
64	70
24	64
62	74
49	68
28	66
56	72
65	70
34	70
32	68
46	78
36	69
44	77
76	77
60	75
52	63
30	79
40	59
23	67
55	68
54	58
64	72
63	74
61	68
48	78
42	73
70	79
45	72
81	77
47	63
34	69
71	78
22	85
51	63
34	73
45	77
48	74
58	83
70	80
68	77
63	58
73	76
61	62
26	64
76	70
63	72
54	67
64	77
42	62
34	73
67	78
65	78
52	71
36	77
62	80
35	70
29	67
74	80
57	73
51	85
54	67
79	85
62	77
64	64
66	67
73	67
38	66
38	67
62	71
56	73
58	65
52	74
70	74
45	78
65	79
33	60
64	67
68	73
58	81
64	74
41	79
67	75
41	53
27	60
52	65
59	72
57	67
52	72
41	73
39	71
35	71
39	73
73	69
55	63
56	65
49	60
66	65
47	66
62	79
66	67
69	83
64	65
53	68
36	66
51	73
73	79
57	69
40	78
66	69
60	76
55	64
61	72
61	70
48	70
35	65
75	70
66	70
42	74
66	74
65	64
27	66
38	70
48	69
53	63
51	74
50	62
73	79
53	71
68	75
56	72
32	81
34	83
59	76
60	66
47	81
36	75
55	78
44	76
50	63
62	63
42	71
33	63
67	74
30	70
58	78
47	69
26	65
56	64
63	72
22	64
37	70
54	69
32	71
35	77
75	77
55	70
51	72
68	64
42	76
77	66
35	65
66	70
45	76
68	74
53	57
46	70
60	76
63	66
50	70
66	78
75	78
39	70
69	66
51	71
32	63
64	65
55	65
39	64
52	72
42	82
48	76
36	68
78	77
29	70
29	64
52	65
68	67
37	75
39	76
35	65
55	70
48	69
34	76
59	75
72	70
41	67
54	62
42	76
35	77
38	79
45	72
41	62
48	60
55	81
59	68
72	69
55	69
44	67
64	67
60	74
47	67
51	69
45	65
51	76
50	69
23	62
54	64
32	81
64	73
57	76
64	75
65	65
56	72
38	72
36	56
59	70
63	68
37	70
78	80
42	74
76	70
58	67
50	64
45	84
58	68
73	94
36	74
30	64
67	66
50	75
63	69
36	71
49	71
49	66
27	75
43	64
67	68
61	70
64	70
50	70
60	74
69	75
46	71
27	68
35	64
48	71
61	79
48	71
57	63
63	65
49	78
36	69
40	75
31	73
49	61
65	76
62	65
42	69
29	68
41	74
61	77
55	75
66	70
50	70
58	68
50	78
49	78
43	76
86	83
56	71
30	78
65	82
55	67
28	75
55	66
45	70
73	82
51	72
73	85
78	84
54	75
53	60
71	73
55	69
34	75
58	68
53	63
52	78
46	69
44	77
52	66
38	68
39	58
41	62
33	62
53	72
33	61
55	72
71	74
60	69
48	66
47	60
55	64
38	72
50	69
79	67
34	55
60	71
62	78
41	64
81	84
46	67
46	78
52	67
75	70
78	78
52	65
45	66
45	73
54	68
42	57
38	68
27	68
59	77
41	82
67	76
47	74
47	60
58	82
65	70
62	64
44	78
60	85
31	69
22	71
74	74
28	72
48	69
65	64
37	74
42	75
68	74
49	70
74	72
76	84
53	62
52	70
63	77
58	65
48	69
31	53
22	66
58	60
58	70
49	73
28	72
33	74
58	73
51	73
52	84
66	68
56	64
41	70
24	60
30	69
62	69
51	78
43	73
66	72
54	70
53	75
30	78
46	68
79	77
54	72
39	72
56	72
67	70
48	60
74	65
62	69
81	84
43	74
40	78
58	74
57	75
56	58
67	65
56	68
40	63
20	66
57	84
49	80
52	66
52	73
33	64
41	76
43	65
23	62
60	68
46	74
76	74
30	78
35	73
81	75
27	73
27	78
41	76
57	68
54	70
30	67
48	74
27	64
38	80
46	79
60	71
42	67
58	67
32	62
55	83
69	79
71	81
36	78
73	74
37	61
72	68
48	67
57	74
72	67
79	76
73	81
74	66
29	72
57	68
34	67
43	63
59	66
51	67
52	75
51	74
28	68
43	66
58	72
53	68
32	70
68	67
66	72
68	84
30	62
45	82
70	71
63	73
57	66
52	65
20	69
49	72
49	69
46	71
65	73
40	69
44	74
60	74
43	64
82	74
70	74
39	70
43	75
32	72
33	64
34	58
60	70
65	69
42	62
39	57
63	66
81	79
56	69
51	66
48	64
50	68
45	70
49	67
35	63
52	76
30	70
72	70
63	79
56	67
62	79
64	74
36	69
63	68
53	54
63	74
62	77
57	81
74	72
77	86
49	65
52	80
56	67
30	71
65	86
49	63
61	67
45	77
54	80
43	71
31	73
59	76
50	71
60	67
67	68
44	71
71	71
65	67
58	75
49	74
31	67
44	73
28	56
28	69
58	75
49	66
61	75
43	64
22	72
58	66
42	63
40	66
58	67
50	74
47	72
78	71
49	73
24	59
54	80
59	64
35	67
57	73
33	70
38	68
48	78
36	63
41	68
42	67
58	65
62	85
57	83
55	73
53	78
66	76
50	69
59	74
60	78
48	59
42	66
58	78
62	71
79	79
27	68
64	75
59	77
53	72
64	79
41	77
59	65
57	77
60	62
42	75
30	68
32	73
60	70
61	79
45	63
49	83
58	69
49	69
62	76
61	70
67	67
25	65
71	69
35	67
50	70
49	73
38	66
62	71
28	65
58	82
55	65
53	73
35	76
60	81
51	69
38	66
42	67
29	60
47	61
62	68
21	58
71	67
40	59
72	88
37	70
41	71
45	69
51	75
41	72
67	77
40	66
45	68
44	75
58	73
42	68
68	69
50	68
52	79
43	70
72	83
49	63
34	60
72	77
54	69
62	75
58	75
44	69
25	70
58	82
40	75
40	66
25	68
36	77
56	73
26	72
53	70
34	65
69	79
41	67
68	80
59	71
44	68
42	57
55	79
34	65
52	72
42	66
41	74
54	80
67	75
61	70
42	80
34	63
29	75
66	81
50	68
39	62
32	61
60	66
68	69
47	61
24	65
68	77
62	71
60	75
57	65
72	82
66	66
47	64
56	78
51	78
60	67
45	64
38	67
68	74
54	65
59	77
44	76
70	69
35	66
44	71
58	71
51	71
42	61
54	67
32	55
43	64
59	65
20	73
46	73
70	67
35	69
53	73
39	79
52	65
35	74
51	75
38	74
40	70
65	80
54	68
67	65
48	70
70	69
43	82
61	68
52	69
48	80
66	75
65	69
59	73
25	63
46	70
73	82
61	73
56	65
51	69
54	77
53	72
29	63
25	72
59	76
52	72
52	74
23	68
58	59
75	84
33	76
59	64
33	65
72	78
48	64
68	69
21	61
55	72
56	64
40	72
34	72
39	73
58	65
66	77
80	81
58	68
57	69
32	74
59	73
78	71
30	73
80	94
32	66
72	73
37	64
40	75
57	79
50	75
54	71
77	81
71	71
54	64
73	75
25	59
35	75
44	79
60	87
58	74
52	73
70	70
47	77
71	74
57	59
67	67
32	72
63	75
77	71
66	66
39	76
60	78
70	79
52	66
39	68
73	77
68	67
46	75
49	56
60	78
49	69
52	70
65	66
33	68
65	75
53	66
52	75
42	61
39	66
55	67
52	75
40	70
29	73
58	74
47	69
36	71
48	74
63	83
66	71
34	77
54	66
65	75
61	74
41	57
58	72
63	79
49	68
60	67
53	71
35	74
63	73
82	82
75	78
24	55
41	68
48	57
50	71
30	68
44	77
73	82
66	73
41	73
69	76
56	79
59	72
62	80
63	73
48	69
46	74
55	65
72	71
47	66
26	69
58	76
59	75
64	67
53	68
48	65
31	70
43	70
34	62
55	75
57	66
70	86
69	67
46	70
51	84
23	75
63	69
61	65
67	62
46	69
50	67
45	57
44	66
47	66
34	68
54	74
60	69
27	75
67	80
52	66
70	71
84	87
65	75
71	75
58	65
66	71
74	78
60	73
52	63
44	69
52	64
73	68
60	71
41	63
37	81
43	73
40	69
51	68
51	56
35	57
25	64
49	74
73	72
59	73
32	74
52	65
59	73
38	64
50	66
35	65
41	73
61	60
39	80
52	75
93	87
73	75
45	76
74	69
47	68
57	81
28	64
46	69
41	71
72	72
38	75
53	72
56	66
43	62
75	74
80	79
33	75
47	58
49	79
61	73
55	76
43	70
35	65
46	66
44	64
69	80
31	74
25	72
45	79
67	76
23	79
44	64
65	76
57	77
42	59
49	71
53	72
55	68
44	62
65	73
53	70
62	71
60	80
26	63
57	82
46	74
62	68
65	62
63	64
38	70
34	72
72	72
27	73
35	60
33	67
82	71
65	68
53	69
75	82
38	76
65	71
40	68
64	71
48	69
52	72
52	72
67	67
57	61
59	67
42	67
40	83
77	85
61	69
70	74
45	66
40	63
55	68
54	69
62	67
54	71
41	61
66	68
25	58
58	68
81	73
21	67
48	68
63	65
41	74
52	73
54	72
70	74
75	74
30	64
60	78
54	66
46	79
62	71
65	72
45	72
52	72
39	67
29	79
60	73
37	68
59	65
65	70
49	74
20	64
32	77
39	61
60	78
40	77
43	69
45	62
35	59
59	71
35	67
51	77
48	78
57	71
29	74
60	73
65	73
29	69
50	65
54	70
51	68
57	77
57	65
25	79
51	62
70	73
39	67
75	79
49	64
50	66
35	79
24	64
39	67
47	72
29	64
40	54
60	79
37	68
22	68
25	70
55	71
65	65
61	56
68	64
45	74
48	71
42	82
48	72
44	69
38	76
30	67
81	84
75	75
53	61
56	77
59	72
59	65
33	70
55	72
20	65
69	71
55	68
63	63
60	65
42	74
79	85
59	79
28	72
43	69
46	71
38	64
40	71
56	81
45	67
23	70
51	70
48	72
40	70
58	70
27	60
46	72
40	72
49	62
49	62
67	66
26	67
28	73
71	71
47	68
64	69
28	65
68	67
43	66
66	77
60	75
62	71
59	67
51	69
44	62
31	71
80	85
58	64
38	77
71	73
55	59
66	69
55	68
30	74
65	85
59	80
43	71
75	71
45	74
30	56
61	69
28	77
40	69
63	78
56	79
46	68
53	69
63	88
31	64
58	70
70	78
32	77
36	76
39	72
41	64
41	75
54	71
43	65
56	65
57	76
44	75
75	68
65	77
73	70
36	70
71	81
29	76
34	77
76	76
60	63
59	67
48	69
41	77
45	66
54	74
31	79
42	64
49	77
73	77
40	70
32	67
71	67
80	76
56	67
45	77
80	72
38	79
50	64
31	63
40	70
45	67
56	78
59	67
65	65
69	74
35	69
38	73
58	68
56	62
49	68
34	65
27	76
75	69
72	80
60	74
51	70
44	66
47	75
36	75
50	67
48	64
61	72
38	73
50	71
41	74
54	71
34	60
40	73
55	75
40	70
52	66
32	74
29	74
33	67
43	63
52	75
63	72
59	74
37	63
44	63
24	72
46	70
56	60
32	59
42	77
81	80
25	87
41	71
49	66
59	79
72	72
62	74
27	67
32	62
75	72
51	68
75	82
30	75
33	68
61	76
53	78
42	62
64	84
52	68
44	69
85	90
42	69
33	76
55	73
39	73
67	74
34	69
46	62
37	85
71	77
24	73
62	71
44	74
32	71
39	70
81	76
55	68
21	68
65	72
38	69
63	71
47	75
48	70
78	85
26	59
36	73
52	66
77	74
38	67
63	76
46	56
76	78
52	80
58	69
60	72
78	81
52	72
61	64
29	71
75	83
31	64
39	77
39	57
44	72
58	77
47	68
78	72
60	67
58	73
58	74
51	57
47	77
63	71
56	61
55	76
60	74
65	80
36	78
41	66
36	75
62	76
64	64
32	71
63	68
64	66
37	65
26	69
42	69
55	74
70	83
65	75
49	69
29	68
61	68
48	77
74	70
57	74
63	68
45	78
76	83
60	74
61	77
30	68
38	72
48	67
63	64
65	67
32	66
70	75
70	85
38	74
58	70
62	63
48	75
59	72
56	65
42	73
44	69
61	72
62	75
74	77
48	61
73	70
57	69
77	74
80	72
59	66
67	74
59	77
40	68
64	69
74	72
58	64
54	64
80	73
57	69
68	83
63	69
71	74
62	74
69	82
62	67
50	74
72	76
41	67
35	60
31	68
75	67
63	70
54	69
31	72
60	76
44	69
41	69
47	80
50	66
64	70
40	65
60	76
55	66
43	73
25	69
55	67
74	74
60	72
60	78
55	82
65	71
40	74
39	71
52	68
48	76
50	72
22	73
62	64
65	64
46	72
59	74
45	73
31	68
41	64
57	69
53	76
38	72
59	73
65	76
73	68
47	70
28	76
55	67
40	74
32	60
38	70
62	78
55	70
65	85
60	68
58	73
50	76
35	85
60	72
45	68
47	78
54	65
63	67
33	66
61	75
50	73
64	76
61	73
60	73
64	74
46	70
36	61
55	78
85	81
74	70
65	70
57	69
54	81
55	76
30	67
59	69
49	63
51	68
30	66
44	68
58	62
22	74
47	73
58	73
32	78
60	73
60	73
65	77
33	64
55	61
58	78
36	68
80	79
61	69
42	67
32	76
43	66
55	80
58	67
43	65
42	65
79	76
64	73
59	76
56	67
24	74
36	72
62	77
52	63
67	72
33	71
63	78
55	80
72	72
43	67
65	67
58	74
57	63
66	73
41	74
59	68
43	70
33	77
39	78
52	76
35	59
58	74
39	76
57	77
71	73
59	66
24	61
26	64
63	80
35	76
60	70
48	73
39	67
70	78
54	60
56	62
67	62
55	78
47	68
68	70
37	75
64	69
71	70
58	65
20	78
62	73
56	64
60	71
63	58
37	65
67	67
47	58
65	79
47	74
64	71
45	74
75	80
24	69
35	74
36	78
60	62
32	76
61	68
47	70
75	74
46	73
58	73
74	73
74	71
40	55
33	75
47	84
58	70
62	69
46	61
58	66
58	74
59	80
42	71
50	72
25	70
58	72
65	78
81	75
65	65
36	67
66	65
52	77
58	65
69	73
60	85
87	76
79	82
42	65
43	76
87	76
41	68
52	63
45	75
29	63
39	73
43	67
45	75
60	77
50	65
28	70
61	72
57	66
62	62
35	69
64	79
38	67
51	72
36	66
55	70
41	70
65	72
68	73
44	68
41	73
63	75
36	58
51	75
72	72
60	68
31	70
43	54
58	78
60	75
29	71
68	70
63	85
63	71
44	60
43	66
56	76
42	72
62	71
51	74
63	82
38	70
47	56
42	75
34	64
41	75
43	72
24	64
39	69
60	73
55	65
59	70
32	80
53	76
72	70
87	84
48	58
64	78
30	64
55	70
35	65
70	70
39	73
53	61
54	70
76	82
51	70
68	54
48	64
47	69
50	74
61	75
62	70
51	75
40	72
51	64
40	67
56	63
39	66
41	76
48	70
65	71
68	78
46	62
29	71
68	83
60	71
26	64
34	69
69	73
35	70
57	74
64	64
36	62
52	66
36	60
32	78
61	79
28	73
53	76
44	77
73	67
26	65
54	68
27	70
63	72
83	76
56	79
38	74
37	70
59	61
47	63
60	75
43	62
45	77
63	65
33	65
57	60
57	64
54	78
39	78
58	81
42	71
60	72
47	66
78	80
44	76
47	79
39	77
51	79
65	68
39	61
53	68
43	78
51	76
55	63
45	59
30	75
63	69
30	69
48	78
39	76
39	65
60	70
45	72
51	62
43	66
52	80
59	78
33	61
48	71
55	75
55	65
34	68
37	65
82	89
67	70
67	76
59	76
36	89
65	71
41	68
31	75
42	74
44	66
59	69
36	80
43	72
54	70
55	63
34	63
45	72
62	65
45	72
39	67
68	78
54	65
56	81
40	70
33	69
30	72
39	73
62	65
80	73
38	69
65	65
30	66
33	69
41	81
52	70
45	66
82	83
51	67
57	75
58	69
32	57
43	72
25	65
47	72
23	70
66	80
25	54
31	63
70	74
76	79
46	70
49	65
32	75
25	72
49	68
54	73
48	67
31	81
42	68
49	67
36	65
80	74
40	69
71	80
53	63
42	67
71	68
52	62
48	72
63	65
62	73
51	72
60	80
51	66
39	72
59	77
44	58
67	74
46	63
67	77
48	67
58	75
74	66
61	69
47	64
52	75
43	72
43	67
32	68
37	74
38	69
58	69
33	57
45	76
58	76
58	62
50	80
36	79
40	63
68	80
68	66
78	75
64	73
52	61
50	75
54	60
44	63
25	70
48	78
63	79
25	68
71	77
50	70
75	81
76	79
33	76
49	56
78	82
67	75
59	72
61	67
52	69
53	70
68	72
46	68
35	51
50	75
30	66
63	69
39	70
76	88
54	68
28	77
60	82
65	66
55	73
48	68
70	71
75	73
62	75
56	73
27	73
42	67
64	79
34	72
75	82
46	71
35	51
61	69
37	71
59	80
51	68
34	66
46	71
55	71
70	74
38	70
49	71
66	78
64	68
44	69
43	59
34	58
24	71
62	65
23	69
66	75
54	69
38	59
46	87
66	77
71	70
38	67
46	66
60	61
59	61
56	83
76	85
58	69
47	56
43	68
50	74
60	68
81	80
72	76
61	69
42	66
51	65
58	73
64	72
40	66
50	70
29	69
55	62
36	68
74	76
56	75
70	68
45	70
39	68
53	63
70	72
63	76
38	76
59	76
52	72
37	72
58	83
74	82
36	61
46	60
53	63
67	77
56	71
32	73
41	69
76	73
40	69
36	74
57	64
49	63
46	79
60	71
31	70
67	81
65	69
42	73
25	78
67	75
55	70
41	72
43	68
76	87
63	79
40	64
74	80
55	81
79	84
72	77
28	72
38	68
38	67
43	74
63	66
58	71
63	73
61	80
32	77
43	70
34	68
73	75
46	68
68	85
41	53
64	70
58	75
56	80
39	69
56	59
76	82
73	70
55	81
58	69
20	67
28	71
68	74
68	68
44	52
61	80
52	65
46	65
45	69
20	62
28	76
43	68
61	76
32	58
56	78
66	66
26	74
48	74
36	75
57	66
30	72
55	71
67	62
40	78
54	66
51	69
60	70
39	69
29	75
39	70
68	79
52	70
29	71
63	67
44	66
33	68
50	57
65	67
61	70
62	82
51	63
44	70
65	75
39	59
53	73
27	63
53	65
34	66
60	74
36	71
48	78
57	80
49	70
44	65
48	73
29	65
47	74
44	76
32	69
69	76
25	75
43	64
28	66
76	71
60	71
54	71
64	75
81	80
74	72
81	78
52	79
66	64
73	78
61	68
65	83
40	59
31	72
53	64
42	68
76	81
55	64
34	62
47	64
75	73
66	70
67	67
69	87
41	67
58	75
63	80
61	66
40	67
48	66
44	80
61	82
52	72
34	53
58	67
38	67
56	72
35	76
61	72
85	79
50	60
33	62
23	76
62	63
58	68
42	81
49	71
63	72
42	63
38	70
57	75
38	72
53	64
34	73
63	71
62	71
27	75
56	78
34	66
30	67
45	63
48	72
54	75
59	64
50	70
34	73
44	68
55	62
39	78
35	72
54	80
30	67
74	84
50	62
68	83
68	82
37	72
52	69
31	63
38	67
45	59
42	63
49	77
61	77
51	74
52	85
52	65
68	72
56	81
43	58
59	81
53	66
39	70
31	73
58	61
72	65
58	84
29	76
67	74
67	72
71	84
60	76
29	68
54	71
44	72
44	67
58	71
65	69
64	80
35	75
33	65
45	76
47	73
38	65
29	79
45	74
40	65
31	67
28	68
36	56
34	75
30	62
28	65
46	56
75	81
65	69
66	73
45	71
37	65
26	63
52	75
24	78
65	85
38	75
62	73
59	83
54	75
75	72
68	76
73	68
82	73
40	64
38	62
51	74
56	61
47	71
35	71
39	56
59	66
76	80
54	69
58	77
54	76
51	72
29	72
45	61
61	66
52	72
46	65
34	76
70	86
70	71
51	66
45	62
63	70
65	63
55	80
59	69
48	74
59	62
60	79
75	76
48	75
50	71
60	70
43	55
61	82
49	80
45	77
64	76
55	73
51	71
71	63
79	77
81	77
44	69
56	64
72	71
60	85
31	60
27	70
45	65
50	71
65	82
46	70
69	70
47	68
57	68
22	62
34	68
66	83
57	74
63	81
52	75
42	66
67	68
60	67
49	63
56	74
69	82
26	54
72	71
63	64
49	74
48	73
68	72
58	74
46	71
60	80
42	67
70	82
58	74
75	81
23	64
59	63
64	77
55	72
60	61
75	86
35	82
52	65
57	72
34	66
60	69
65	67
44	65
50	84
80	77
26	64
60	66
59	78
60	66
60	72
43	68
33	63
59	76
63	65
30	69
28	71
62	80
30	66
47	74
53	66
28	54
43	65
30	71
70	67
42	70
72	70
58	81
49	62
63	71
54	72
52	77
38	71
56	83
22	63
29	78
40	75
63	69
53	71
43	76
37	59
59	80
44	67
61	66
38	63
65	78
46	72
75	68
46	74
52	74
49	64
33	69
28	75
51	63
61	66
55	78
49	67
62	85
47	69
45	67
70	79
72	78
44	77
63	72
60	79
31	75
69	70
39	73
52	66
54	64
69	67
65	68
50	71
40	63
73	84
42	67
56	61
43	65
45	77
76	74
55	65
33	73
46	76
52	78
57	75
32	78
62	76
63	72
52	77
57	80
48	75
88	91
67	81
42	67
66	68
55	73
59	81
50	80
31	75
35	76
41	71
49	70
62	64
28	74
62	65
67	80
30	74
68	72
50	68
36	71
45	68
65	73
44	75
65	73
32	74
53	70
78	79
62	78
47	69
68	71
20	64
84	85
37	82
61	64
30	65
76	82
63	74
62	73
50	68
58	78
57	77
65	67
43	63
68	84
26	65
30	73
56	76
51	72
83	73
49	74
30	69
35	71
68	68
66	76
62	75
66	79
34	63
60	67
56	71
42	71
56	63
42	77
47	76
33	69
57	75
72	77
57	67
26	71
70	77
31	67
49	71
48	79
54	62
56	78
35	59
35	72
58	70
76	76
63	74
36	68
48	68
59	72
68	70
62	71
73	77
58	81
50	71
52	60
60	73
56	71
31	72
76	77
45	77
60	58
69	88
43	69
59	71
34	75
69	72
56	77
69	71
44	79
68	78
52	59
38	77
53	84
47	74
46	69
44	78
52	84
44	72
67	81
52	71
57	81
46	63
69	65
32	67
75	73
50	72
60	74
56	76
36	75
37	71
48	74
39	84
51	66
54	73
51	75
79	78
48	73
68	73
67	67
57	65
69	69
66	70
80	74
53	76
64	84
39	69
59	71
69	71
70	72
42	76
28	74
47	58
31	54
70	85
64	68
67	63
66	80
65	64
63	77
71	75
25	73
55	71
25	75
45	75
59	73
61	77
34	70
66	76
83	72
73	74
59	81
74	66
37	78
61	81
23	74
29	60
42	76
44	75
38	68
63	75
60	79
28	64
40	64
22	69
56	69
50	70
47	64
58	67
55	72
40	73
50	71
45	67
59	60
69	83
66	73
60	79
55	80
34	57
43	71
62	68
49	64
66	73
75	71
36	66
57	73
66	66
76	86
42	58
49	66
70	79
56	70
44	74
56	63
47	73
79	78
42	79
44	72
70	82
29	62
65	72
63	74
81	74
70	76
72	71
69	78
67	68
63	73
42	71
58	79
60	68
66	70
43	75
55	79
45	67
74	70
87	90
27	66
68	75
84	74
34	80
43	61
75	80
65	74
27	68
63	75
58	77
32	67
33	73
30	74
28	69
60	64
63	70
61	64
73	77
33	76
44	78
54	74
46	64
39	64
44	70
52	69
35	75
42	76
57	79
69	81
35	74
79	93
61	78
43	74
66	69
73	82
45	61
42	69
42	64
37	53
57	67
53	78
55	68
53	68
77	78
27	71
39	64
61	74
56	73
28	52
58	76
64	67
40	73
59	72
46	71
63	67
52	60
32	65
66	75
60	74
48	70
69	69
53	69
32	68
55	71
59	69
22	61
73	71
33	60
43	62
67	76
35	65
43	73
34	65
53	76
68	73
65	82
30	76
28	61
28	75
46	73
51	65
50	73
48	70
55	62
43	73
62	70
57	67
29	68
52	75
56	65
28	73
62	78
45	67
69	74
39	67
36	65
36	73
44	54
50	72
70	63
41	69
42	69
62	71
66	68
88	90
43	62
54	67
31	66
31	81
77	78
67	72
34	72
49	72
42	68
43	59
36	63
69	78
57	76
39	70
41	76
27	60
51	72
72	84
53	73
67	83
50	76
69	74
58	75
58	73
53	61
54	68
53	76
57	77
64	66
72	68
28	64
63	61
61	70
45	76
77	77
48	72
70	78
51	81
65	72
39	75
69	66
44	71
55	73
62	76
42	65
74	71
34	74
27	65
58	68
51	69
58	67
59	83
47	69
33	75
70	80
45	62
66	76
44	75
35	71
35	73
51	77
57	82
44	64
66	75
38	66
67	78
55	68
47	68
56	82
55	60
26	65
55	72
50	75
62	79
47	75
32	67
55	75
56	66
37	73
36	74
48	82
22	73
68	80
64	68
57	71
69	75
24	72
45	73
77	75
64	77
48	84
32	72
39	70
59	74
69	70
23	65
53	73
65	73
40	74
33	63
24	69
24	76
48	70
51	62
70	74
65	65
42	64
62	67
34	60
40	66
58	71
23	61
65	68
47	71
65	72
26	70
52	70
87	78
68	80
52	67
36	56
64	78
72	71
49	70
58	76
79	78
57	69
56	65
50	73
60	61
24	71
54	72
52	59
58	72
65	72
42	62
59	72
83	72
57	68
53	67
80	86
64	66
46	74
37	68
57	66
30	78
44	76
65	70
47	75
45	71
36	79
53	80
59	73
43	68
76	88
41	73
66	70
61	78
33	68
65	70
38	77
50	70
39	76
42	69
42	51
29	69
66	72
46	73
44	72
41	64
64	86
41	74
28	70
27	70
32	70
68	82
71	77
72	70
56	70
57	70
65	86
52	74
60	85
56	68
50	73
46	74
41	65
74	90
34	69
44	53
57	67
76	66
57	80
46	70
59	82
46	72
64	63
71	79
66	71
62	78
70	79
54	73
71	73
42	69
46	69
35	69
21	69
20	62
66	75
46	77
48	78
31	71
55	68
37	75
80	71
59	63
35	78
35	67
51	65
40	71
36	65
30	70
44	77
57	80
70	69
48	65
40	76
34	78
83	72
64	75
63	69
33	65
31	78
61	76
79	73
69	73
65	66
43	76
74	75
66	82
47	74
57	65
48	70
56	64
66	68
61	80
45	76
68	80
48	68
59	64
80	74
54	69
26	69
48	67
33	74
57	79
45	70
33	70
57	78
46	71
59	76
59	55
45	66
41	74
49	77
33	72
35	69
51	84
65	71
48	70
78	73
47	73
45	69
53	66
75	73
40	66
75	86
44	76
36	73
40	68
23	63
62	74
43	63
30	70
85	80
54	70
30	68
39	75
57	77
35	82
36	64
74	82
45	71
62	70
43	64
46	58
40	71
20	78
72	83
40	75
75	69
69	80
67	79
63	81
67	64
70	84
31	62
46	77
42	85
47	76
59	82
40	55
28	72
28	74
49	75
55	69
71	67
67	73
56	74
46	66
75	74
64	59
51	60
63	66
36	74
21	60
80	71
66	68
69	72
42	74
64	75
54	68
66	75
57	70
28	58
42	73
24	69
66	82
60	75
37	72
29	70
48	72
59	78
26	57
65	74
43	77
44	69
48	81
20	68
74	72
63	70
45	61
34	65
59	69
81	73
51	72
59	89
55	80
24	61
39	67
44	68
51	60
56	65
35	72
56	69
33	71
66	78
68	67
51	71
47	77
44	73
42	53
59	74
57	72
77	85
34	61
76	75
74	65
45	75
46	75
74	71
53	61
42	60
59	66
61	70
68	83
75	89
70	70
51	75
39	69
30	69
65	77
42	56
62	69
60	74
76	72
64	70
38	75
20	74
38	76
60	70
47	85
43	75
54	60
49	67
26	64
53	58
44	71
62	77
67	75
31	74
74	70
54	65
62	77
38	58
51	74
50	65
48	67
60	74
55	70
60	80
60	70
51	72
64	76
52	72
39	65
46	70
34	67
46	73
66	68
59	64
36	72
69	71
51	73
58	67
73	75
47	65
41	65
38	65
29	65
62	74
67	78
62	74
37	70
53	69
43	68
42	62
34	67
46	61
68	85
78	78
70	76
75	72
54	65
41	72
39	69
41	64
56	63
51	67
44	58
52	64
44	69
70	82
66	74
55	71
25	65
24	73
62	66
63	69
31	76
63	75
37	52
54	69
37	68
23	63
41	61
59	70
71	76
29	70
72	73
70	64
53	66
42	71
42	79
27	52
64	69
61	82
56	74
42	75
62	61
64	73
46	80
52	79
24	73
53	79
68	79
45	70
55	76
63	74
66	79
58	64
34	75
31	74
54	76
65	68
46	71
66	75
50	70
42	73
36	82
73	73
45	68
44	71
71	74
40	67
72	68
42	70
67	69
78	76
64	80
56	70
60	67
76	82
30	78
77	78
60	81
63	69
32	75
65	70
49	75
41	64
64	71
60	71
51	75
52	68
39	76
27	74
63	71
63	69
54	67
42	71
65	75
56	68
35	72
39	77
63	74
44	63
34	74
73	73
31	70
48	74
29	69
56	69
66	72
65	82
49	69
56	59
70	71
55	69
80	77
20	67
29	66
44	65
44	73
44	84
58	71
63	68
41	60
47	71
24	62
61	68
26	68
68	70
50	62
67	80
78	73
39	63
70	71
30	80
60	67
65	82
38	73
57	74
52	75
29	70
31	71
57	67
57	69
40	66
43	78
50	75
75	70
28	74
40	73
56	71
38	72
44	64
58	75
65	67
38	52
64	63
52	68
75	65
35	73
48	72
61	73
48	73
26	75
64	76
62	81
57	67
63	69
34	73
42	74
38	78
32	59
48	68
52	65
58	71
48	66
63	63
39	75
45	64
35	69
56	72
43	76
45	71
30	69
68	83
36	69
46	55
42	63
80	76
73	80
63	72
44	74
80	79
50	63
38	73
35	65
29	71
50	69
62	72
43	62
50	69
72	84
82	77
53	67
62	73
44	70
64	68
26	60
33	77
50	80
65	68
32	67
57	66
57	67
24	61
39	78
26	66
70	79
58	70
35	62
46	75
24	81
60	73
34	67
76	73
52	68
42	58
54	75
72	80
64	65
42	62
37	64
47	69
65	72
64	84
63	64
58	66
66	74
55	80
63	74
39	63
35	83
48	72
42	72
42	71
60	84
28	61
44	68
79	82
55	77
67	74
33	69
52	64
20	70
29	75
53	74
62	73
48	66
45	76
67	72
44	66
61	78
55	69
48	67
53	84
31	69
50	75
50	66
71	80
35	67
62	63
54	67
44	69
71	73
74	65
61	77
39	53
63	65
42	71
42	72
41	65
51	74
61	69
41	74
73	73
55	70
53	73
47	68
44	57
76	75
59	71
34	65
37	74
34	64
64	78
46	73
29	59
58	63
49	85
68	78
56	69
48	75
33	67
52	63
36	65
66	71
42	64
52	72
46	72
38	65
73	73
55	77
45	65
59	81
74	76
70	67
33	65
29	74
63	73
66	74
54	67
52	83
60	70
29	71
53	61
30	70
53	71
46	80
57	71
59	75
60	70
82	83
36	81
37	60
33	69
59	71
61	82
58	87
60	75
65	71
37	77
47	76
63	70
62	73
73	75
27	65
52	74
61	68
40	76
33	77
59	71
52	78
63	68
57	71
56	74
74	76
59	66
48	67
41	64
45	72
41	79
40	74
49	72
52	68
51	73
60	71
45	68
72	70
51	70
45	83
61	79
52	74
35	63
51	75
78	75
48	72
60	66
67	67
69	77
22	72
61	71
63	74
83	83
56	70
31	57
51	64
43	67
59	72
28	74
67	70
54	70
50	82
42	76
57	74
39	68
40	58
50	81
56	69
71	71
61	72
43	77
42	60
69	82
76	71
47	84
62	77
47	76
69	81
81	76
62	61
64	77
44	70
39	76
64	62
45	76
74	71
29	70
23	68
50	66
51	73
44	69
54	64
64	64
50	64
33	64
58	75
50	73
46	66
74	70
59	71
57	69
52	76
48	65
46	75
59	85
61	63
82	80
54	66
49	82
81	81
49	69
48	69
44	69
36	74
73	72
30	60
52	71
46	66
58	71
38	66
67	63
65	68
44	69
49	67
56	66
33	71
51	66
63	78
34	73
66	70
51	73
78	71
54	73
26	67
55	64
77	72
43	81
58	63
66	69
36	77
60	63
60	72
53	76
69	83
71	70
44	73
41	65
73	77
35	57
44	79
36	78
57	78
35	76
74	64
70	71
46	76
59	69
60	71
51	75
39	82
34	66
58	72
45	72
71	70
48	67
66	76
50	66
68	71
51	67
60	62
36	59
64	67
22	64
46	74
75	74
58	66
44	59
36	72
78	76
30	76
52	67
47	73
36	88
61	79
68	70
60	79
50	73
53	69
29	69
73	80
22	59
47	73
40	82
32	63
42	69
48	79
40	79
66	78
66	73
48	70
42	73
32	73
69	86
35	73
33	66
39	74
23	68
72	75
59	73
27	66
44	76
35	70
64	63
56	65
67	69
54	75
64	68
54	70
49	65
24	63
35	71
59	64
52	73
51	75
56	59
38	68
42	77
49	60
46	71
41	62
76	79
45	66
40	67
45	72
57	80
59	64
59	80
31	75
61	74
45	79
52	69
69	80
56	67
31	76
50	72
70	69
65	81
59	72
54	70
45	68
68	85
41	67
55	63
47	67
48	76
64	71
61	79
45	65
68	71
28	56
44	69
38	75
43	59
49	75
84	82
57	72
38	69
43	83
47	51
77	77
64	76
30	67
45	77
73	69
49	70
49	79
37	64
75	84
47	76
47	75
58	65
65	66
28	73
40	72
70	74
58	74
75	72
36	68
48	67
81	75
57	70
55	68
45	71
72	78
23	73
63	79
39	57
58	67
72	85
47	67
65	77
26	69
42	67
49	71
56	76
74	82
41	66
63	77
52	69
32	81
53	63
42	71
22	74
75	81
64	68
52	76
67	75
51	72
68	64
69	68
27	70
65	61
35	61
47	70
38	68
52	74
63	81
43	60
60	71
60	68
26	66
76	71
61	66
64	66
83	93
63	69
48	73
75	76
63	78
22	72
63	65
27	57
38	61
82	70
33	69
73	68
42	72
46	63
77	76
38	75
67	66
55	66
53	67
77	81
36	78
29	72
53	63
60	66
48	81
74	79
47	70
50	82
33	68
58	67
56	66
44	72
62	66
32	78
58	67
51	73
67	74
55	74
43	66
26	65
64	88
74	74
64	63
55	69
69	73
46	73
56	71
45	69
77	83
45	64
28	77
35	64
70	70
56	61
20	65
71	72
52	76
24	61
61	69
59	69
67	73
40	68
81	75
26	70
41	60
49	74
45	72
79	81
63	75
39	67
44	73
52	63
59	65
67	72
69	74
37	59
35	66
64	80
51	53
61	70
57	67
34	76
56	66
60	75
29	72
45	72
43	71
42	73
62	81
29	77
71	83
50	70
58	77
59	67
38	69
49	59
60	60
39	76
76	82
49	69
41	64
53	79
41	72
51	82
58	84
75	76
66	65
51	70
81	89
44	66
75	73
54	76
57	77
52	71
57	66
56	83
68	84
45	78
35	73
53	76
67	77
48	70
35	70
49	70
55	64
42	65
61	73
37	74
75	69
61	70
28	58
52	73
68	76
63	70
58	67
61	65
60	75
39	60
54	63
22	72
60	80
48	63
45	56
60	66
53	66
61	78
63	72
63	69
57	76
54	80
45	72
78	73
66	66
40	74
47	71
52	67
66	69
53	82
45	71
42	72
29	65
33	65
44	63
81	74
58	76
59	67
49	77
32	60
20	73
65	78
62	72
45	75
49	67
58	72
75	70
39	61
48	63
64	74
72	71
58	68
64	79
54	69
73	73
73	71
65	71
62	66
22	65
68	68
62	74
31	68
52	68
48	76
44	59
48	75
51	66
42	65
73	78
49	62
78	79
35	73
70	67
58	68
29	68
60	73
58	72
65	72
52	72
62	69
57	72
55	64
39	72
50	65
34	76
46	76
52	63
37	67
55	77
65	70
45	68
53	68
78	69
46	76
53	68
49	62
63	77
37	73
65	70
20	54
67	74
69	75
69	69
57	72
53	67
40	78
56	74
45	77
48	84
74	72
64	72
46	84
35	64
42	71
50	71
60	71
59	67
47	64
53	77
45	74
76	70
77	85
62	63
54	68
38	73
51	69
30	67
39	75
74	83
51	64
70	81
53	70
60	61
53	62
73	71
68	70
68	68
38	77
58	76
64	86
55	72
74	69
33	61
78	78
31	71
86	79
49	72
68	68
61	71
69	63
47	66
43	74
63	69
48	65
53	75
47	63
41	70
50	82
61	69
40	57
80	77
22	68
27	79
70	71
62	76
56	73
64	73
32	80
35	60
54	79
57	74
46	75
48	59
67	72
54	62
56	79
46	69
47	65
61	67
64	65
31	74
62	68
46	60
53	64
46	70
63	73
46	69
32	68
57	64
52	79
65	77
49	70
67	66
30	63
51	75
38	67
67	79
57	73
68	72
32	71
32	66
43	63
45	67
58	74
48	67
67	72
32	64
65	69
42	49
62	81
53	65
20	69
81	81
73	74
23	65
57	66
68	80
34	63
73	77
52	69
48	72
63	79
49	66
37	73
59	65
44	76
59	73
59	72
35	75
74	76
64	68
65	72
42	87
60	71
43	83
63	77
60	75
35	72
47	66
22	70
63	80
35	73
69	74
55	61
20	75
90	86
70	77
65	76
78	85
22	78
72	71
46	63
60	71
45	74
54	74
48	82
52	61
32	68
77	78
79	70
23	75
55	80
45	67
60	71
55	66
73	79
47	63
28	73
46	63
48	68
80	77
26	65
60	81
38	77
38	65
36	74
72	85
60	73
53	64
46	69
45	68
56	69
33	74
44	69
57	72
50	69
63	85
20	70
64	77
59	83
52	64
49	69
54	69
64	76
62	71
54	66
44	73
39	57
34	77
60	71
59	71
41	73
64	77
55	64
22	66
50	87
50	72
76	78
65	78
71	78
66	64
25	72
66	74
55	70
70	72
64	73
54	68
65	63
42	66
58	77
33	66
48	75
52	65
45	65
60	75
52	71
52	73
64	76
24	75
64	73
33	73
49	69
39	73
37	86
61	69
54	73
42	71
57	63
66	83
33	71
65	82
25	72
50	81
83	83
38	49
46	72
52	73
49	74
73	75
47	70
39	74
61	74
59	78
32	71
70	66
60	86
58	69
79	80
35	68
42	73
49	67
59	70
60	70
31	61
45	74
45	78
33	72
57	82
33	66
43	79
63	69
31	71
41	68
29	68
70	69
67	79
82	84
24	60
62	74
54	70
55	64
59	79
55	80
68	67
63	80
68	67
78	76
67	77
42	72
40	71
65	69
58	65
54	75
54	63
45	75
66	72
55	78
44	78
46	69
34	61
39	74
62	73
72	76
61	65
30	77
44	66
47	62
69	73
48	68
37	75
48	65
54	70
31	69
47	79
68	77
54	64
68	66
57	58
60	70
64	77
59	75
42	66
63	71
74	86
55	65
62	74
64	77
38	75
55	65
24	54
68	72
46	56
75	84
55	68
41	78
24	61
34	75
61	72
77	75
58	73
26	71
63	63
70	69
56	68
53	65
45	81
66	67
42	57
51	72
33	75
51	78
45	75
43	65
57	77
66	72
58	64
51	68
58	76
37	72
44	67
51	63
64	63
28	59
55	70
43	79
71	82
54	68
77	75
33	64
38	75
46	78
50	67
46	70
61	77
44	73
63	61
60	76
39	68
67	68
44	64
44	69
68	77
61	69
63	70
51	75
22	63
60	70
72	79
37	77
61	78
43	78
59	65
58	70
73	70
59	68
39	74
80	76
63	68
48	71
43	59
50	74
63	70
66	79
68	69
22	75
52	66
35	86
29	65
56	70
44	78
29	74
46	80
55	72
45	70
65	80
38	76
43	73
29	75
48	72
42	64
32	66
48	68
47	79
28	65
77	77
38	70
67	75
64	83
63	75
52	74
36	65
48	73
22	70
39	75
49	76
45	64
40	77
61	66
50	65
37	67
57	77
44	60
70	81
57	67
66	71
63	69
29	74
60	82
63	83
40	66
27	72
37	61
58	70
23	63
72	76
68	79
72	73
58	74
33	64
31	72
69	68
60	76
53	64
35	62
56	70
36	68
35	66
75	87
50	74
63	71
54	76
68	82
35	64
46	60
72	79
73	74
72	70
62	68
82	91
34	75
36	61
64	82
64	77
56	69
31	65
43	70
38	73
69	69
65	76
50	74
62	73
65	66
57	70
26	62
55	80
62	64
66	77
63	80
38	55
68	66
65	64
64	74
78	72
58	68
35	68
53	74
41	73
48	62
61	66
38	67
62	69
73	79
61	70
49	71
55	75
84	77
41	73
50	80
55	73
48	74
35	74
63	80
58	75
59	75
29	68
65	66
73	85
70	75
55	69
32	65
59	74
76	70
30	61
48	78
63	76
54	84
58	57
51	65
53	72
55	72
47	75
30	69
62	73
70	76
45	60
56	65
48	75
52	69
60	70
27	63
54	75
59	72
79	85
59	82
22	73
42	72
87	86
74	74
63	68
49	75
63	66
55	69
73	76
49	72
58	66
44	71
28	60
79	92
25	74
67	65
79	77
61	66
56	67
38	64
48	79
36	70
52	76
62	67
50	70
35	70
64	59
33	71
63	73
36	59
55	73
35	64
75	76
50	77
36	70
45	62
26	73
53	75
64	64
41	73
30	76
60	71
43	74
53	75
26	72
64	69
50	60
33	61
64	73
34	72
48	71
79	72
56	77
36	76
33	67
54	64
53	70
49	76
63	69
68	67
64	74
62	83
48	76
56	63
39	73
56	74
50	66
44	71
33	85
36	63
73	76
52	72
31	66
46	75
34	71
61	75
63	66
30	68
55	72
30	67
72	74
60	74
39	69
40	71
61	73
44	64
57	68
46	70
44	68
58	69
70	70
52	79
68	70
66	66
59	74
43	73
37	63
57	78
43	66
55	70
72	80
55	64
47	58
58	67
59	78
59	76
59	75
38	63
72	69
41	64
50	74
66	68
74	74
35	70
51	73
51	87
66	69
22	68
55	58
46	61
45	79
67	63
58	66
54	72
55	75
42	69
32	60
54	77
47	78
53	73
59	68
44	67
40	70
59	59
41	74
23	73
65	69
53	54
29	63
59	68
52	63
41	76
43	76
27	65
54	68
42	61
39	65
70	76
44	69
63	76
78	74
41	76
32	61
32	71
34	64
21	65
34	78
61	76
51	74
41	62
54	77
74	85
50	71
57	67
32	76
53	65
35	73
60	80
38	67
56	66
66	81
58	78
58	69
49	77
54	81
55	69
59	73
57	70
64	70
76	74
55	63
40	60
48	65
30	86
50	71
50	74
60	84
61	72
69	64
41	61
30	68
44	82
63	73
35	74
44	64
44	78
48	75
56	72
62	72
64	65
71	76
65	71
48	65
45	71
60	67
57	72
72	80
42	61
78	89
15	65
59	77
26	74
43	77
21	70
52	75
64	74
29	76
35	64
73	69
60	70
40	80
65	79
65	72
41	76
39	71
40	71
41	69
44	72
41	66
33	72
55	66
39	70
54	61
72	70
55	63
69	71
68	76
50	73
34	61
67	68
49	68
33	78
55	66
35	67
33	71
44	60
44	56
48	66
60	72
63	69
47	60
60	60
75	77
37	65
48	70
38	83
51	71
75	76
49	64
41	53
36	73
68	74
65	66
36	73
52	66
45	70
58	69
39	64
65	69
76	75
61	72
52	73
59	69
66	72
43	70
74	74
59	64
85	74
49	68
41	67
74	78
72	79
63	78
49	78
73	87
20	54
65	76
63	76
69	79
45	81
51	65
27	75
51	58
48	69
56	67
62	82
35	70
57	67
30	69
59	65
38	73
69	77
46	67
51	68
75	87
49	83
75	76
61	75
31	71
52	74
50	70
27	81
28	78
45	70
56	72
71	77
76	81
60	75
55	73
50	67
63	71
81	78
44	71
56	68
60	79
57	69
43	73
63	67
50	62
38	69
28	80
58	63
59	68
48	68
75	75
44	74
52	86
32	72
56	75
41	63
70	74
57	85
67	71
53	70
75	79
32	76
57	75
63	66
67	81
47	78
33	72
31	68
52	64
33	68
48	70
61	68
39	53
56	70
44	76
28	70
59	78
62	74
61	72
75	79
61	63
40	55
66	72
49	60
51	69
39	68
46	66
48	74
30	70
60	69
44	68
55	68
60	67
66	75
24	73
26	81
42	60
48	79
44	69
63	69
81	77
35	75
75	73
58	67
39	75
40	71
64	79
42	74
68	70
73	66
58	74
44	73
69	73
51	81
40	70
79	70
67	71
54	62
67	86
65	65
44	60
37	78
44	68
67	79
38	67
54	73
50	74
45	74
55	74
32	72
54	69
73	82
58	76
29	71
63	77
44	62
65	69
39	65
65	64
31	61
60	68
51	67
57	74
60	63
55	66
47	61
38	72
62	77
40	72
44	79
47	77
30	72
60	68
57	75
46	65
36	62
32	59
68	72
66	73
75	80
52	63
52	60
65	68
51	67
62	70
39	65
47	70
36	67
23	79
51	72
45	72
42	69
79	69
62	67
67	73
48	73
56	75
37	64
74	72
73	70
29	77
41	66
49	75
62	66
55	74
64	69
46	81
36	72
42	73
70	83
36	72
82	85
54	65
26	71
70	85
59	72
65	70
74	75
26	72
38	71
38	61
41	69
42	55
62	68
22	69
45	81
35	78
54	74
73	78
58	73
56	69
49	69
49	62
49	78
59	73
40	71
56	73
48	66
74	73
79	82
68	73
58	64
24	64
22	68
76	79
46	82
67	69
27	70
31	80
34	60
30	73
65	68
28	69
54	77
71	72
39	75
55	72
51	66
51	72
36	52
30	59
54	71
61	73
63	70
35	54
48	73
76	80
52	65
60	74
52	72
31	77
42	59
59	84
74	77
44	69
25	72
87	85
70	71
40	66
52	65
47	78
66	75
35	63
29	70
40	67
69	75
70	67
71	78
44	74
59	74
69	76
49	70
47	70
54	68
49	67
58	74
26	65
43	68
65	74
78	70
55	76
44	77
61	74
45	63
40	69
24	73
31	74
48	80
59	67
36	70
64	67
56	76
48	71
41	70
57	69
38	83
55	82
39	64
44	72
68	73
61	77
54	61
51	74
61	79
68	76
58	69
55	73
77	74
48	81
39	75
41	79
61	66
47	63
64	61
61	76
58	66
74	84
70	70
70	82
37	70
32	60
40	79
61	64
58	75
33	72
73	78
70	72
58	73
28	73
31	69
68	74
39	65
65	70
69	80
38	74
25	67
42	68
62	73
50	74
81	75
62	78
60	75
65	74
52	75
26	64
56	68
39	69
69	75
57	68
73	69
35	76
61	72
64	73
48	76
53	71
40	75
47	62
42	83
67	82
46	76
63	75
44	70
57	67
64	76
59	59
60	79
46	74
61	66
74	71
42	67
70	82
68	68
51	69
24	68
60	66
75	71
34	85
37	65
38	73
73	74
34	74
64	68
68	73
31	66
45	63
59	65
48	55
53	61
67	74
54	69
46	66
44	66
57	75
83	77
29	69
59	70
32	58
59	69
73	70
62	71
39	67
32	71
66	80
51	72
34	57
48	69
45	72
39	67
48	72
42	62
54	76
61	69
70	81
35	67
59	77
46	70
35	67
68	69
49	68
58	69
62	78
59	74
65	74
59	69
45	67
26	62
47	71
83	72
28	72
27	77
43	69
61	64
34	70
38	58
51	74
52	74
49	66
39	69
60	69
76	81
68	77
42	86
68	69
32	82
70	77
44	63
61	70
57	74
60	74
60	75
59	71
55	75
45	72
46	74
77	77
78	75
59	75
62	75
62	66
58	69
60	63
60	59
83	82
51	68
54	66
66	77
50	67
51	58
52	76
36	73
42	60
44	68
68	69
59	65
61	77
62	66
53	70
53	85
53	66
35	71
25	61
49	69
39	77
55	72
61	73
40	67
78	76
43	73
48	75
25	73
58	80
51	63
45	72
71	68
28	65
50	71
53	67
74	69
73	71
71	74
29	68
36	68
54	78
62	70
49	70
32	77
54	58
58	59
49	79
37	77
53	72
57	66
31	72
66	69
37	68
44	61
54	62
50	72
50	73
52	72
52	66
47	70
52	57
38	72
58	71
65	84
46	81
58	82
56	76
59	75
45	73
77	88
51	78
33	74
49	66
31	69
55	72
55	66
45	70
73	86
68	70
75	78
74	84
47	77
52	64
38	70
47	68
40	74
70	77
42	84
65	69
54	65
47	72
44	71
56	74
77	81
42	69
69	71
27	70
66	70
62	72
37	68
62	78
55	67
42	79
40	75
47	77
43	60
59	73
78	84
62	65
45	78
85	80
53	69
47	63
66	72
41	72
72	84
81	72
57	72
45	59
48	74
79	81
53	68
52	74
41	75
77	81
42	58
55	70
39	74
38	68
69	73
46	68
37	68
64	72
53	80
39	76
65	77
48	73
73	80
68	74
59	77
54	63
69	67
51	65
52	81
72	78
37	68
67	73
64	70
48	72
29	64
43	66
80	83
44	72
48	73
45	74
58	68
59	73
37	80
59	64
36	69
58	58
44	58
62	67
58	77
55	72
62	83
39	81
56	60
57	72
65	72
36	77
71	65
62	76
58	67
41	74
41	79
42	70
69	73
23	71
65	76
32	69
71	73
68	70
48	66
42	71
48	68
49	72
58	69
64	82
45	73
39	76
72	77
40	77
69	72
56	70
48	74
75	69
63	73
38	70
44	66
60	78
62	70
36	70
79	85
72	72
51	70
37	68
56	76
68	72
32	73
61	63
59	73
27	70
65	73
63	76
52	65
36	67
34	67
30	79
51	65
57	69
43	75
61	83
39	71
50	60
58	69
35	75
69	78
21	66
47	69
35	79
29	78
55	67
40	78
50	64
56	58
79	73
67	70
67	72
34	65
59	71
58	70
30	64
64	69
83	79
72	74
78	71
37	68
42	57
52	60
72	73
50	59
36	75
38	71
42	79
39	62
70	68
66	66
66	73
50	58
71	83
59	63
65	72
29	66
30	75
59	66
33	80
29	74
63	75
38	60
63	66
34	74
71	71
27	69
89	80
28	78
37	63
66	74
77	82
41	75
69	71
53	76
27	73
34	61
33	65
57	74
61	67
53	76
80	71
26	67
59	67
59	71
59	71
81	80
65	68
50	56
61	67
67	68
28	66
67	70
65	72
60	72
71	74
47	62
62	68
47	68
71	75
74	76
53	73
55	69
25	68
59	85
73	65
64	72
53	62
65	68
41	75
70	79
52	73
48	82
60	70
64	72
44	76
55	59
51	78
42	72
69	82
57	66
37	69
26	65
56	71
57	71
53	67
55	75
27	71
72	78
60	65
46	58
62	72
27	60
56	78
41	64
64	64
46	65
46	73
58	59
54	73
39	62
64	65
57	84
55	68
46	68
45	58
39	77
21	73
46	73
77	82
52	69
61	75
84	86
23	70
39	71
60	68
37	67
79	76
50	63
45	62
21	80
49	73
33	71
50	73
34	78
68	75
68	65
23	58
63	71
55	57
48	76
27	76
46	67
66	72
59	68
55	65
45	75
77	85
46	75
84	73
63	65
73	74
51	64
61	63
52	70
54	73
48	77
44	65
46	76
42	70
71	71
45	70
68	78
62	65
47	64
38	73
62	66
36	78
28	63
37	66
73	87
58	64
69	86
38	73
76	74
63	76
69	84
65	71
46	71
60	71
64	67
55	67
62	77
71	72
73	69
39	79
44	61
41	76
37	73
70	70
47	82
78	86
65	77
44	64
53	67
39	65
54	79
44	73
39	79
40	61
33	73
20	68
69	82
48	66
43	69
58	71
74	74
44	62
68	69
76	80
41	67
58	71
55	69
63	70
28	72
33	72
73	85
42	67
57	71
55	77
61	69
48	76
68	80
42	69
58	72
33	71
30	63
59	82
58	64
70	68
25	74
30	74
36	65
78	75
56	80
68	75
67	75
55	61
44	66
50	71
69	76
72	72
45	66
84	83
52	60
26	67
66	67
62	76
55	73
50	75
83	75
61	71
33	85
58	64
47	73
31	64
29	72
50	71
44	69
59	77
71	82
63	67
39	71
35	67
47	73
26	74
55	67
51	70
65	73
71	65
54	64
46	70
35	64
67	78
42	67
52	70
59	77
41	82
47	76
55	73
46	79
30	57
47	81
53	76
41	79
32	75
61	75
48	65
70	66
39	60
35	67
42	72
53	60
45	62
67	67
44	73
53	75
78	71
45	73
60	64
47	64
55	73
70	77
66	70
54	78
48	68
66	67
34	55
35	72
39	74
77	82
76	76
65	68
53	73
50	74
48	74
64	74
34	62
86	84
38	74
46	70
54	69
58	64
74	81
65	70
73	87
36	80
73	78
62	78
48	63
59	59
78	79
82	76
43	64
52	66
38	65
53	60
55	64
29	72
44	76
74	84
55	74
40	72
49	67
64	67
63	88
39	66
67	70
60	77
52	62
63	66
49	70
69	81
26	59
39	61
33	67
62	75
60	74
62	70
60	81
45	74
49	60
70	72
74	75
24	67
43	63
71	85
61	69
34	67
53	64
44	65
65	73
49	74
52	63
33	71
55	68
40	64
31	73
40	64
30	75
67	77
44	68
69	72
84	89
44	78
68	67
70	69
48	68
50	57
63	69
76	69
24	72
61	77
66	72
33	63
68	79
42	75
55	73
31	72
47	72
41	72
29	72
44	68
68	82
45	68
33	70
21	70
39	72
64	70
68	78
39	70
49	73
59	76
74	84
45	75
47	75
58	75
57	74
68	71
56	67
58	79
41	68
54	67
53	74
66	74
72	73
42	63
45	69
27	67
31	72
24	75
67	83
52	72
29	67
45	66
56	71
42	68
38	67
27	73
38	59
70	73
32	70
58	72
52	81
34	77
52	77
29	69
71	80
50	79
70	74
39	54
26	65
52	68
52	65
69	73
33	69
43	72
49	74
61	77
57	78
64	77
50	67
31	61
65	79
72	77
42	69
55	78
68	72
48	74
75	79
58	66
39	71
71	70
61	76
42	64
59	68
37	72
26	74
36	59
31	69
56	71
58	71
31	76
65	84
67	84
72	72
63	70
74	73
69	83
47	78
39	71
57	72
57	68
51	69
49	65
57	65
65	68
32	56
16	64
65	68
59	69
30	75
86	79
61	81
51	73
58	67
27	72
58	66
48	65
40	66
33	76
69	72
41	60
53	67
70	73
59	79
63	66
45	68
66	66
68	79
29	57
66	63
58	75
23	76
65	65
50	80
38	66
52	61
43	60
76	72
66	66
52	73
32	79
55	77
40	67
54	62
56	79
58	74
53	71
45	68
68	69
55	75
63	70
39	64
57	71
29	72
34	73
54	77
45	60
38	68
71	75
40	66
62	75
67	76
49	70
43	75
24	64
62	70
54	70
55	70
34	63
68	73
69	68
78	77
79	70
53	75
46	59
42	66
62	68
46	61
52	76
74	75
24	62
60	74
57	66
48	79
51	68
53	79
47	62
56	68
31	72
68	72
79	85
70	73
61	63
56	60
58	68
53	70
68	80
51	66
50	68
48	76
27	73
64	72
45	60
56	65
51	77
43	67
46	73
35	55
77	89
30	64
35	73
61	71
76	72
52	64
33	71
74	77
59	72
48	69
75	71
80	83
31	66
28	82
50	71
62	72
47	62
69	74
29	64
28	55
41	64
57	71
41	63
64	65
52	69
36	68
34	70
58	66
73	70
66	64
46	84
32	64
63	75
36	68
71	65
61	56
29	65
58	80
59	77
48	70
65	82
26	80
46	70
42	70
65	77
50	58
58	79
66	73
37	80
49	69
25	74
55	63
80	85
67	79
63	76
37	78
34	55
66	64
42	68
66	80
35	72
63	86
58	70
65	70
37	75
62	84
61	68
63	70
52	74
50	69
54	77
65	86
52	70
63	67
84	76
73	82
49	76
68	82
39	72
58	72
37	68
45	68
58	66
50	77
34	78
29	57
57	70
87	74
63	74
80	82
45	59
55	66
41	78
20	70
42	72
44	72
50	67
25	71
54	71
31	75
35	62
68	67
74	83
41	77
60	73
50	75
71	70
38	70
74	70
56	70
66	80
61	77
44	62
31	76
29	79
63	69
36	66
47	64
50	76
71	75
30	65
30	69
56	73
57	70
46	67
48	84
49	72
77	72
49	76
22	72
59	76
67	70
70	64
67	78
50	77
69	74
58	66
23	68
45	62
43	72
85	89
43	70
55	65
55	72
70	79
27	76
55	79
49	76
39	75
45	53
30	77
34	65
55	74
59	74
44	66
56	66
68	68
69	74
47	62
49	73
57	83
57	70
35	66
48	79
66	64
30	64
35	65
39	67
55	67
45	69
42	72
72	72
75	83
34	73
60	67
52	67
40	71
34	74
41	72
38	70
62	70
46	75
27	69
49	75
53	70
32	62
42	73
60	71
51	63
50	70
23	76
74	72
61	81
62	86
68	87
49	79
53	63
41	63
27	60
60	61
67	79
48	79
58	75
54	76
61	75
65	77
38	68
75	83
37	76
58	73
59	68
35	73
30	61
52	65
34	70
53	72
32	64
42	72
30	74
21	71
49	69
38	61
54	68
46	73
45	70
58	67
61	63
58	69
47	69
70	82
28	65
76	68
47	68
55	64
29	63
53	62
25	70
23	71
50	68
57	66
67	72
54	68
61	70
30	71
32	68
40	66
49	78
51	82
31	66
52	71
64	72
49	70
65	76
48	74
64	82
76	72
55	72
48	70
64	69
57	71
70	80
30	70
45	66
29	70
53	84
63	76
61	81
72	74
39	66
56	74
45	75
69	76
68	68
56	66
42	78
37	61
64	67
60	71
44	59
36	72
45	64
61	71
35	64
64	73
75	69
82	88
30	74
54	77
58	79
73	80
37	68
56	73
31	71
71	82
44	81
48	75
79	84
55	67
65	74
62	74
33	77
39	82
70	69
48	64
29	82
31	75
57	67
58	67
48	63
30	80
82	82
35	70
37	64
27	57
49	76
50	71
55	75
69	73
51	80
42	69
21	64
67	75
50	67
60	65
59	68
70	70
60	65
44	74
72	85
62	70
61	71
31	77
45	75
56	60
41	68
62	68
75	81
54	68
53	74
59	76
55	72
62	75
62	82
64	71
54	78
48	64
50	70
44	64
54	81
47	67
69	73
33	79
70	83
63	72
30	68
35	62
58	81
56	69
41	75
32	78
53	71
61	72
76	76
36	62
43	69
34	64
60	69
62	74
67	69
70	73
67	72
43	70
62	70
44	63
55	69
57	80
73	81
79	79
55	70
24	74
47	75
45	64
39	72
59	76
53	66
53	76
39	69
64	67
76	67
72	85
46	72
43	73
42	76
51	71
62	77
64	69
50	77
62	77
86	86
46	75
38	76
74	80
41	76
62	69
45	65
55	73
66	82
38	76
33	66
72	80
68	75
63	62
51	69
57	83
63	67
47	71
61	67
36	72
27	68
80	71
36	69
30	69
52	73
43	73
73	81
27	65
36	60
34	69
73	70
64	84
68	76
57	63
68	82
39	65
29	72
40	72
48	79
48	69
44	68
38	67
68	66
33	76
39	69
67	70
49	64
59	68
76	86
59	69
30	71
43	74
39	63
35	65
62	66
68	75
70	71
51	68
64	74
40	73
51	74
53	74
69	72
43	66
26	67
64	81
52	57
61	68
55	67
52	65
56	66
59	76
58	64
55	72
23	77
55	74
49	73
76	82
78	69
58	66
71	83
29	70
55	83
51	65
55	69
50	71
43	75
25	71
65	71
50	71
74	79
69	80
46	65
63	71
61	76
78	89
41	64
34	63
51	65
56	74
60	68
44	69
39	75
70	72
64	67
56	83
52	68
45	70
31	80
80	78
42	61
62	67
54	80
34	74
68	68
42	67
78	70
51	76
44	75
79	79
60	71
73	73
64	62
73	83
47	75
33	70
51	66
70	82
45	76
62	73
52	71
51	71
61	64
61	72
58	62
68	71
48	69
71	71
74	85
23	69
60	70
43	62
45	69
56	66
44	71
61	67
43	82
71	68
64	68
37	65
43	77
56	70
36	70
55	72
31	82
88	82
63	81
39	73
47	68
51	70
60	67
81	72
70	69
49	68
76	79
73	73
53	72
35	68
41	60
75	80
32	69
52	71
64	75
64	77
77	80
36	78
55	78
28	67
61	64
59	82
48	76
36	58
49	66
63	68
75	76
33	60
44	75
66	74
28	73
42	78
73	85
37	69
57	63
23	78
59	66
62	70
31	73
26	75
63	69
35	62
36	79
64	76
75	78
26	71
31	61
62	73
66	71
26	72
75	70
52	75
52	80
80	80
60	74
65	72
60	72
46	61
69	67
28	70
41	81
67	77
38	74
67	65
44	71
57	75
46	68
55	65
43	71
41	69
57	80
62	69
65	74
27	68
49	74
45	73
42	66
59	70
33	74
72	73
61	68
45	67
38	66
38	61
34	59
78	76
53	78
50	72
49	78
62	66
38	60
81	81
53	70
52	65
50	65
49	63
80	81
56	75
38	66
44	64
66	70
65	74
59	72
65	77
58	58
30	68
48	61
55	73
58	65
73	69
39	64
61	68
34	59
70	72
71	81
46	74
49	66
31	62
61	68
34	62
48	64
56	60
66	70
33	74
36	69
39	68
44	73
69	82
48	65
39	63
51	69
60	77
64	72
48	68
74	82
41	73
42	78
30	75
56	72
64	70
64	66
44	68
26	71
43	74
42	61
65	75
74	73
32	70
65	70
53	72
22	59
69	71
69	70
53	69
38	73
52	83
43	66
38	72
62	57
57	69
72	72
64	89
70	63
56	66
55	76
55	63
49	64
28	64
64	81
57	74
71	66
58	62
51	70
57	66
41	71
30	80
33	61
37	65
59	69
55	64
67	69
51	66
42	65
58	73
54	69
52	70
56	63
48	72
44	70
58	73
39	69
80	70
66	67
29	59
63	78
25	72
32	70
56	71
43	64
23	73
65	74
42	70
47	65
24	77
58	73
73	72
35	64
55	61
36	62
44	73
64	65
25	63
49	64
35	75
51	72
44	76
19	70
49	55
54	82
58	65
43	65
35	69
47	67
59	75
39	60
77	75
73	73
64	75
43	65
28	55
43	65
30	76
49	69
55	80
31	72
50	72
35	62
44	74
32	67
57	70
42	66
46	79
71	72
60	68
55	67
55	70
52	70
56	73
48	65
66	70
63	79
56	74
31	68
38	71
47	79
45	62
75	84
44	78
41	67
43	78
33	60
60	78
51	78
63	68
54	63
57	67
35	75
59	67
44	68
77	87
44	76
37	67
45	71
52	66
23	72
25	66
40	74
47	74
49	60
34	65
33	72
33	75
52	61
43	57
28	64
59	54
73	73
65	73
50	67
28	73
42	64
42	73
54	69
30	82
25	60
78	78
74	70
65	73
55	77
73	82
71	76
67	78
43	66
64	80
43	78
37	74
70	72
65	82
62	74
63	75
51	62
35	71
72	67
43	72
63	67
70	68
50	75
67	67
44	67
49	68
28	63
46	72
46	76
57	74
62	75
57	65
42	73
74	69
45	78
48	77
47	74
63	79
50	62
73	69
65	74
60	68
30	76
54	79
45	64
40	69
50	69
58	79
36	86
57	68
28	72
27	66
78	81
42	61
54	68
70	68
47	76
51	78
51	59
41	67
28	87
49	68
40	74
60	71
68	83
31	58
80	71
39	69
36	68
57	63
40	70
58	64
69	69
73	74
54	76
65	73
44	70
39	60
66	75
39	79
49	70
56	71
65	65
56	61
32	80
62	74
56	82
57	66
47	83
39	57
48	77
49	75
41	69
47	69
32	68
60	77
58	70
65	70
55	78
57	68
60	72
20	68
58	68
58	68
39	67
56	67
54	70
50	74
53	71
63	64
58	73
82	78
60	81
64	67
45	69
80	79
53	74
50	67
61	67
35	74
66	71
45	70
35	64
46	74
60	64
38	68
68	72
48	72
35	76
57	77
56	67
56	70
64	80
36	75
71	71
69	68
33	70
44	74
52	72
23	63
33	76
46	67
58	72
57	71
51	69
59	66
51	77
36	76
63	74
86	77
49	79
46	64
50	69
61	74
34	69
55	79
54	70
69	64
51	61
42	59
24	70
68	61
52	79
50	67
71	70
42	62
67	76
41	71
39	70
62	66
82	78
63	73
53	66
67	84
20	66
35	64
39	70
24	73
63	77
41	60
51	77
38	72
36	63
42	65
40	57
50	82
70	73
77	76
62	70
30	67
67	75
62	68
50	66
41	60
69	65
59	64
62	64
68	78
63	72
77	73
61	73
43	67
30	75
49	77
31	72
70	78
69	66
44	62
45	70
60	65
43	67
48	71
50	65
58	80
57	72
27	62
36	73
78	74
70	80
56	65
51	68
77	86
35	60
58	79
71	66
59	76
47	73
68	73
31	70
68	63
54	79
63	84
71	67
61	76
57	58
50	65
49	74
31	56
38	67
68	71
48	63
34	76
38	69
46	65
23	65
38	76
84	87
65	72
72	73
38	78
35	70
36	52
65	71
49	64
39	64
52	72
25	75
47	77
61	80
85	89
29	73
56	78
75	83
56	73
82	77
44	79
45	75
38	84
65	71
55	62
56	85
55	61
27	69
54	78
44	64
67	82
63	68
54	64
41	71
42	64
61	80
62	67
31	72
65	86
30	73
58	72
60	68
66	67
35	70
60	60
83	82
74	78
42	72
45	72
53	78
44	72
23	64
78	72
39	73
40	69
48	65
64	76
66	71
67	67
69	69
53	81
48	76
28	62
66	82
39	70
52	68
51	70
68	77
58	68
26	65
50	64
50	73
45	80
73	68
38	78
49	67
42	65
84	78
72	81
44	71
63	74
38	68
64	68
52	77
57	74
50	66
53	69
70	81
31	82
65	85
51	69
53	62
62	74
68	71
49	76
25	73
65	70
52	63
38	81
52	78
60	71
67	81
73	73
31	80
59	72
31	63
33	81
50	70
22	75
65	77
23	65
28	70
28	74
39	80
56	62
49	66
55	72
55	70
66	73
31	70
33	77
49	66
62	85
77	81
22	86
55	67
66	78
21	67
63	77
38	69
73	71
59	69
71	72
52	63
38	73
40	70
44	71
49	71
60	73
73	74
61	70
35	65
42	74
63	71
39	60
72	72
32	76
61	73
55	71
65	66
50	75
51	77
53	80
51	69
49	64
56	63
38	65
44	84
63	75
67	74
55	69
56	77
39	80
73	72
44	73
54	70
41	71
22	65
63	81
58	71
59	60
45	68
25	69
27	65
52	68
48	71
72	84
63	67
39	73
46	69
35	66
57	71
55	67
56	67
75	86
40	62
50	74
64	70
53	65
47	64
59	80
33	59
42	76
33	67
60	75
72	72
43	65
53	57
50	67
69	79
63	75
32	69
54	76
41	65
88	85
36	67
55	74
53	57
45	82
50	68
32	76
70	73
64	84
31	74
77	78
70	69
62	83
49	70
61	71
62	79
59	69
65	72
29	71
38	65
60	83
44	72
72	72
39	73
40	73
44	77
62	73
29	65
36	78
42	71
74	79
38	70
54	69
48	78
35	79
60	71
64	79
69	75
46	72
40	77
53	68
25	66
43	60
70	71
54	74
33	72
66	68
62	67
28	77
28	75
63	72
58	76
55	66
32	68
40	72
35	71
62	77
48	76
29	63
48	63
43	77
41	70
68	73
47	79
72	81
44	66
58	73
58	76
28	80
66	69
60	66
78	75
56	68
68	75
39	81
70	75
58	67
42	71
42	67
31	67
61	79
53	73
42	65
48	66
24	69
52	72
39	63
23	62
36	75
47	81
22	60
40	78
67	70
73	85
56	59
61	78
42	68
64	70
32	74
42	62
31	72
58	67
63	66
73	79
40	67
37	71
69	78
32	77
24	72
44	60
30	75
58	74
58	70
74	80
24	76
58	72
59	75
32	76
62	78
25	79
55	68
43	65
39	76
52	67
52	62
76	70
39	80
57	78
50	79
40	63
66	68
68	79
50	74
51	68
54	83
30	63
47	60
57	76
53	76
36	66
38	57
61	74
50	72
53	80
65	72
40	67
54	78
51	70
25	74
56	66
65	81
58	68
25	71
60	77
56	64
65	69
55	78
52	74
62	74
49	74
49	77
46	71
77	76
69	78
52	68
69	87
41	59
54	69
65	69
70	77
53	64
82	69
65	79
66	75
32	71
47	79
60	80
23	74
41	70
59	64
30	63
59	67
59	63
44	66
78	80
72	83
55	72
48	62
57	83
76	85
39	74
35	70
61	69
71	70
53	65
50	66
59	82
41	67
56	72
44	68
71	78
68	78
66	82
44	60
35	59
57	68
50	71
57	59
25	63
70	78
78	71
30	77
41	53
59	76
63	67
63	73
58	69
29	66
34	71
50	60
28	76
89	84
20	75
42	60
44	72
30	62
46	81
55	70
42	71
35	60
38	65
58	76
38	66
35	70
37	71
28	66
65	60
38	75
38	63
32	81
54	63
55	59
44	73
27	73
41	72
54	75
50	68
38	68
28	76
26	63
37	87
68	82
26	72
37	73
21	58
59	67
84	77
28	70
43	69
36	62
24	65
46	74
69	69
56	67
49	68
63	63
80	77
50	75
58	67
60	77
56	71
36	72
39	54
65	71
34	60
31	73
73	76
36	78
51	69
67	78
42	56
54	69
63	61
74	82
68	70
48	73
79	79
59	71
51	61
54	65
42	65
58	77
57	68
82	78
68	71
42	70
65	60
44	71
65	70
66	78
27	60
61	60
49	71
54	72
57	66
70	77
44	73
89	81
47	68
36	71
64	63
51	80
49	71
50	64
36	50
58	75
62	71
48	78
76	78
62	63
50	74
45	68
29	72
37	74
62	71
42	72
20	80
49	67
65	65
22	76
70	72
38	73
57	73
56	66
39	76
64	66
63	67
65	69
33	65
47	64
30	72
65	76
52	75
33	64
33	63
37	66
72	82
28	73
48	62
33	70
51	59
69	83
44	70
54	66
36	72
31	71
61	60
71	72
45	78
52	61
56	64
40	68
30	54
62	64
51	76
45	71
70	82
59	71
69	73
48	68
45	68
51	72
68	77
73	79
58	69
51	62
48	71
56	74
51	60
37	78
57	75
62	79
50	74
58	66
50	68
48	69
58	86
36	77
48	75
70	83
61	70
57	73
27	72
65	80
53	53
37	62
56	70
72	71
63	80
80	77
78	78
56	70
40	71
45	63
66	83
32	78
64	76
36	62
61	68
65	73
64	65
54	65
67	78
57	78
67	76
24	68
57	79
54	82
51	84
75	77
69	68
58	60
83	88
57	68
31	64
40	59
51	69
73	68
53	66
57	67
29	75
70	82
47	69
74	88
73	65
48	66
50	67
75	77
64	67
28	68
36	64
60	76
50	78
34	74
35	77
45	70
64	76
59	77
27	60
64	68
42	70
47	66
64	72
48	68
31	64
73	71
30	71
66	65
38	65
44	71
54	74
57	75
77	86
50	78
74	66
58	71
58	60
68	66
46	63
63	74
43	74
75	85
41	66
35	68
70	70
55	80
52	71
70	70
37	58
48	67
44	72
64	73
57	65
52	72
62	78
78	76
38	64
26	64
57	71
75	76
65	69
24	76
54	64
49	74
48	65
51	74
28	67
39	59
48	83
59	66
74	71
45	53
55	75
61	72
63	69
29	71
42	78
62	76
73	67
32	73
48	68
28	77
54	70
40	68
39	70
40	78
67	78
46	62
46	77
48	63
35	72
32	66
57	54
34	75
61	76
63	69
24	66
81	73
43	69
63	70
56	68
22	57
76	75
71	74
40	65
55	69
73	67
27	73
52	60
49	70
68	81
43	72
29	75
78	69
84	84
66	72
42	62
63	62
29	78
64	66
62	77
71	72
55	62
49	63
48	63
58	67
57	75
54	64
52	72
51	64
43	74
31	78
61	64
21	65
32	67
26	68
65	82
49	73
36	75
50	62
63	61
58	67
73	79
42	76
42	62
64	61
56	73
61	65
84	72
58	77
64	76
77	74
38	71
61	73
59	69
67	61
39	63
54	70
65	71
50	73
28	64
53	69
53	64
63	64
60	67
80	88
20	64
23	68
25	68
62	72
30	62
75	72
27	70
38	63
34	55
59	84
50	64
49	81
60	74
67	75
39	68
75	75
34	55
71	71
59	59
51	62
47	67
59	71
34	66
42	70
82	77
48	74
56	83
54	71
74	74
41	82
26	75
70	71
26	72
61	79
42	75
30	72
29	70
21	61
47	74
62	64
65	83
36	67
40	71
67	66
34	55
57	65
50	67
77	75
60	76
23	80
50	61
58	70
53	77
32	72
56	71
42	76
64	78
76	73
43	65
65	79
41	78
58	66
57	78
74	83
57	78
45	70
60	68
55	72
69	67
67	84
75	81
37	78
42	58
65	80
41	70
70	72
34	67
55	77
58	79
41	80
58	80
73	84
46	78
38	71
34	64
38	70
68	71
54	72
58	87
71	75
59	72
57	80
26	70
44	78
50	67
65	74
79	75
55	70
62	81
25	68
52	66
31	63
38	71
20	64
76	78
47	77
62	70
68	78
42	75
66	61
40	73
58	72
49	72
42	68
35	73
65	63
46	73
47	70
71	80
86	88
73	82
56	71
44	74
44	72
35	73
72	76
76	82
55	79
78	89
49	56
46	71
54	66
64	74
38	71
37	70
50	61
45	66
54	74
63	75
46	68
45	72
39	73
28	67
33	77
47	73
45	63
79	76
44	72
49	67
41	62
58	74
50	63
34	75
42	62
54	68
52	60
39	69
74	73
56	75
42	62
34	76
35	65
60	62
52	75
72	75
44	60
48	74
49	79
40	65
32	76
59	73
58	74
62	71
49	64
65	68
65	73
32	63
63	68
32	53
44	69
71	79
62	73
29	62
35	74
35	82
35	63
48	69
77	82
56	79
48	73
55	67
67	78
40	71
54	66
57	75
36	76
37	64
62	63
48	66
46	73
52	78
42	61
32	65
69	85
30	72
50	67
35	74
38	73
60	83
47	69
63	69
30	67
64	75
49	69
47	72
60	68
35	78
30	73
59	71
54	62
41	64
63	71
42	77
38	68
53	74
41	61
40	68
29	76
76	68
36	73
53	80
48	61
87	80
38	64
26	61
82	78
64	71
31	71
35	65
37	70
54	67
47	53
50	67
59	74
46	72
65	70
61	78
51	66
37	66
36	68
25	71
34	55
45	73
58	76
47	72
40	76
85	83
62	73
66	66
24	63
20	69
36	63
45	65
55	71
38	64
60	74
44	80
70	79
33	72
63	76
38	72
24	72
70	73
51	73
47	71
50	66
74	87
63	74
75	88
69	69
71	72
52	62
51	76
35	66
50	72
40	68
29	74
64	71
39	79
72	72
46	66
34	70
41	70
71	72
43	64
56	63
58	71
72	70
71	72
61	69
44	67
37	69
70	67
37	71
37	68
76	75
34	68
45	53
48	57
58	70
34	63
69	84
57	69
45	80
35	68
65	61
55	73
56	62
66	69
55	74
52	79
52	72
50	69
61	65
61	61
53	74
62	74
49	80
54	75
52	69
41	77
80	73
47	67
46	71
67	80
66	70
55	63
62	76
55	58
59	77
54	81
58	83
32	74
41	61
63	71
52	78
58	75
80	70
38	62
35	83
49	66
68	75
27	56
54	63
57	78
50	70
47	69
30	70
68	80
54	68
42	79
33	86
72	67
43	77
52	76
62	71
32	68
66	65
24	58
51	73
50	68
62	66
35	70
54	67
46	60
24	68
28	66
45	82
74	78
31	74
58	80
59	72
42	70
64	63
43	76
66	74
47	71
48	76
46	66
40	77
33	79
52	67
45	65
26	76
67	68
70	71
68	84
48	70
68	83
39	77
66	74
77	74
28	68
45	74
60	68
49	69
54	72
48	63
66	63
35	68
26	66
52	79
62	72
66	65
57	71
68	66
32	80
40	59
58	71
36	72
42	76
55	73
50	60
45	68
32	77
28	56
26	67
42	68
60	73
69	73
45	78
47	63
74	74
52	62
62	70
49	66
37	81
52	67
57	67
56	72
50	71
61	68
32	75
69	73
25	68
46	69
40	66
42	70
78	76
42	62
67	77
59	73
36	69
51	69
39	73
44	78
65	65
34	61
65	71
43	64
37	60
45	63
66	74
41	66
36	67
43	74
55	65
63	63
60	73
74	73
65	81
38	66
51	65
44	69
35	73
50	65
56	70
50	80
65	66
60	90
31	54
54	76
71	63
30	69
42	76
62	79
35	57
38	77
81	72
56	76
63	79
69	66
37	71
48	76
39	63
39	70
34	72
49	60
37	63
39	59
65	66
34	73
42	69
62	66
55	58
37	57
63	71
35	70
27	78
24	71
30	66
57	77
30	70
45	70
67	63
25	62
48	66
72	74
49	75
37	74
58	67
40	69
54	75
56	79
22	64
67	74
47	67
55	89
64	74
42	69
30	71
65	70
46	70
59	72
84	85
63	70
55	67
65	70
53	68
46	68
77	75
74	70
36	54
39	54
69	76
37	76
45	74
33	68
59	68
53	72
52	65
37	73
45	74
66	68
22	58
44	61
33	59
36	75
61	66
45	76
46	67
45	58
29	83
38	68
35	68
62	65
53	75
29	73
64	69
39	72
65	67
79	77
63	71
65	72
66	80
49	73
53	55
53	82
53	65
42	61
61	63
59	78
47	77
68	72
45	66
40	78
42	71
26	66
52	78
58	72
74	79
69	69
38	68
41	79
34	70
58	72
35	72
24	72
49	77
48	75
42	76
39	63
49	67
70	74
61	74
52	74
37	76
27	67
45	78
64	68
45	77
42	72
76	72
48	73
46	81
77	67
46	70
52	64
60	74
48	73
58	62
53	77
25	68
66	66
53	63
31	73
75	74
35	65
64	64
47	68
63	78
45	70
45	71
49	68
33	57
58	63
36	59
51	72
21	66
42	73
32	74
49	59
54	71
55	64
56	70
50	67
75	75
55	74
68	77
75	85
39	65
32	72
29	78
57	70
60	69
72	78
46	68
53	71
57	70
42	66
76	76
58	68
40	78
34	62
28	66
54	67
35	70
30	71
47	82
56	62
52	83
27	65
31	71
54	63
66	75
57	61
85	87
48	76
66	84
56	80
40	63
61	68
62	66
38	76
59	75
49	77
40	70
52	67
49	73
29	67
50	75
42	77
52	75
48	75
23	68
35	75
40	71
70	70
29	72
76	72
41	72
60	71
44	75
42	70
40	70
56	69
55	68
64	67
58	71
43	69
69	82
47	69
60	78
73	71
55	74
31	64
66	71
41	75
73	80
51	65
60	72
48	71
41	69
70	74
60	67
50	79
40	68
30	63
71	77
65	85
62	72
26	82
26	64
59	64
30	76
32	73
43	81
43	68
60	66
79	83
55	68
28	72
73	82
62	77
52	59
31	83
62	74
35	57
22	65
38	75
55	64
29	67
59	72
30	63
35	65
55	68
46	65
48	59
52	69
45	63
58	73
42	63
56	71
41	60
64	82
30	77
27	70
34	69
54	65
39	74
43	72
58	63
53	72
54	64
39	73
45	69
44	73
74	72
47	55
61	68
49	71
48	66
64	69
22	70
47	69
42	68
70	71
36	67
53	58
59	80
37	67
45	66
40	78
59	74
29	67
45	55
42	55
38	65
67	71
69	71
50	74
61	72
60	67
50	64
70	73
52	61
38	72
45	67
55	75
52	82
66	66
60	76
62	72
33	70
70	82
51	65
40	66
64	72
53	67
61	69
61	78
43	69
72	82
78	86
47	66
45	77
80	75
68	72
59	78
38	72
68	69
47	65
37	65
44	76
29	74
68	70
61	70
59	72
42	68
60	80
53	75
70	74
46	69
68	82
50	74
44	57
46	76
64	66
37	61
37	70
39	67
64	63
33	70
47	60
73	74
71	75
51	65
49	69
47	81
58	71
22	64
36	66
30	69
40	58
40	63
55	63
40	69
55	80
40	68
69	68
51	73
60	80
39	74
60	72
38	83
68	73
64	66
48	64
57	72
55	66
91	87
37	58
73	79
60	76
42	73
31	77
52	76
42	75
63	77
30	69
68	61
81	81
54	71
34	59
48	66
32	74
60	64
45	81
60	76
58	75
42	69
69	81
76	69
65	69
44	81
49	62
77	79
49	66
44	75
56	79
44	78
45	69
50	69
36	59
33	63
55	64
39	73
49	68
62	65
53	74
28	70
60	75
54	67
62	74
59	72
32	71
58	62
65	72
39	77
48	64
82	87
65	76
58	67
39	72
77	75
57	66
49	71
45	56
45	69
35	67
27	63
57	73
45	77
50	74
76	84
49	66
55	70
62	75
48	75
82	80
53	72
49	69
54	76
35	69
29	75
71	70
36	66
63	69
56	73
55	72
31	73
72	78
69	81
34	68
54	70
42	61
56	61
58	72
51	64
47	70
56	66
76	75
68	78
46	68
77	80
35	67
42	69
60	75
83	85
66	79
48	62
65	69
47	63
60	63
48	83
67	71
40	76
58	71
67	74
63	64
82	90
38	62
59	74
65	71
56	67
54	77
76	75
82	75
60	67
65	73
37	65
21	54
58	77
34	65
77	80
65	70
43	71
55	73
67	70
79	81
50	71
61	65
62	72
64	86
61	59
55	75
73	76
51	66
53	67
62	62
76	90
42	70
46	56
59	75
63	69
31	70
59	70
58	57
38	63
38	76
44	69
30	71
52	74
41	65
59	79
82	82
71	72
64	66
39	70
65	77
48	67
50	72
58	63
46	71
48	77
40	66
23	70
39	76
25	74
57	71
31	68
75	70
51	59
41	71
58	65
76	76
43	58
23	62
77	85
61	71
33	66
26	57
29	69
22	72
46	62
65	74
66	69
57	78
48	66
59	74
62	73
78	81
52	72
75	84
67	84
46	77
52	73
50	81
50	69
70	83
43	68
41	71
66	69
78	78
45	74
43	67
49	83
64	67
50	67
31	70
57	71
53	63
61	77
58	68
43	65
73	68
29	51
45	54
77	82
59	71
68	70
32	67
67	71
51	75
73	70
60	84
57	66
32	66
65	68
60	68
63	75
48	72
31	65
55	75
63	67
73	70
40	77
37	70
68	71
60	67
64	67
43	75
61	72
65	63
39	76
39	82
27	65
60	86
45	58
68	70
33	72
55	63
74	81
55	74
30	62
60	76
65	70
30	73
34	77
43	75
29	66
25	71
32	80
42	76
41	70
31	64
42	68
49	68
32	67
41	72
48	80
56	78
65	70
53	67
40	72
44	70
37	64
72	79
53	67
36	81
61	77
34	78
49	70
67	75
35	72
59	70
35	72
54	70
52	78
55	80
42	67
70	73
41	71
36	72
36	67
74	78
64	68
45	67
45	66
77	74
50	86
75	71
37	72
40	74
37	77
36	58
36	70
34	72
72	73
69	72
39	67
63	65
36	72
44	70
62	77
65	75
35	64
43	73
55	69
54	65
79	78
40	81
46	67
33	67
36	68
57	77
58	72
60	77
33	73
68	78
31	68
29	74
67	75
24	57
31	67
57	78
41	75
56	60
73	77
37	63
61	66
51	83
67	84
53	79
41	57
36	71
67	74
74	89
45	70
78	79
60	68
64	71
64	69
60	66
33	80
39	79
79	73
35	54
39	71
48	74
27	70
67	74
39	72
67	75
64	72
66	84
66	55
60	80
58	68
21	66
51	77
68	64
40	76
60	74
28	76
48	70
54	74
50	75
51	75
68	60
51	80
50	76
42	66
78	73
47	76
43	65
76	73
48	61
50	76
41	74
48	60
31	67
48	82
25	65
38	72
23	72
50	72
50	60
62	79
69	67
62	77
32	58
60	74
80	68
54	77
36	54
44	63
57	75
73	80
59	66
53	71
54	80
59	70
50	68
46	66
40	54
48	68
45	75
31	63
70	68
49	65
56	63
55	62
70	82
48	74
61	74
73	72
49	69
45	67
68	72
45	74
54	77
50	73
35	77
72	84
71	65
84	74
30	58
39	70
38	72
73	80
74	71
46	69
51	78
60	72
40	78
34	75
51	69
72	76
58	69
48	70
51	74
42	73
69	77
62	66
48	70
33	76
40	63
34	67
23	62
36	75
45	74
56	70
65	81
68	66
57	73
35	53
45	73
54	82
57	68
47	82
85	80
45	75
70	73
30	79
71	75
28	72
69	70
79	68
54	79
51	70
59	74
67	70
33	72
28	75
50	67
74	71
50	62
30	72
66	78
61	73
76	84
31	79
23	57
35	70
53	79
33	70
54	88
23	65
25	76
38	65
51	68
34	77
42	70
39	64
64	68
46	64
74	84
52	73
49	82
60	73
49	74
61	78
32	55
44	68
50	77
33	74
66	82
52	64
36	78
41	71
38	78
38	76
53	69
40	62
45	78
53	78
75	79
83	80
58	81
75	68
56	78
72	67
51	77
58	70
63	68
72	81
34	79
51	77
60	76
57	67
49	76
52	76
52	70
54	70
66	68
59	71
40	70
48	72
71	71
36	65
39	63
60	71
30	76
56	64
42	80
27	69
70	79
48	77
42	64
45	67
55	74
43	69
55	69
66	70
26	66
47	72
40	78
56	69
28	64
62	69
29	64
39	75
42	70
67	75
55	64
33	63
41	73
56	79
56	66
73	73
28	54
44	62
38	68
28	68
70	82
55	70
56	75
68	72
25	67
40	67
38	62
66	75
67	83
35	76
55	79
45	74
50	85
58	62
39	73
61	72
52	70
61	65
57	87
70	70
30	72
51	70
66	68
44	61
28	78
25	77
52	80
31	64
50	72
58	84
42	77
77	82
70	79
52	65
46	85
69	70
66	80
48	75
39	78
85	83
74	80
60	78
49	73
42	75
58	73
29	73
48	70
56	63
43	66
37	77
53	54
45	80
65	66
33	77
54	75
59	66
54	75
65	64
31	63
70	72
38	55
46	68
51	59
38	58
39	75
39	69
49	78
36	56
58	76
62	75
42	79
30	70
29	57
41	75
70	67
68	67
30	73
69	71
59	68
67	74
23	65
65	73
39	67
28	70
44	56
74	76
57	72
44	78
46	69
39	71
42	73
51	69
48	61
65	72
35	69
56	79
38	65
65	74
49	74
77	81
48	67
64	77
22	70
42	63
49	73
44	60
33	55
48	67
58	71
42	73
32	68
47	72
24	74
75	92
30	64
27	61
46	68
58	77
68	74
44	67
31	60
65	70
55	77
71	71
68	72
48	71
55	65
63	73
60	74
46	55
81	69
38	65
59	72
40	84
60	72
33	76
69	66
57	76
61	77
48	67
77	74
63	69
49	63
25	66
75	82
38	59
46	69
48	67
41	70
73	72
28	71
24	74
70	68
35	65
72	81
70	81
35	67
40	61
64	74
39	73
44	65
47	73
67	74
68	59
66	63
45	82
65	67
59	75
66	78
36	62
82	74
67	71
60	67
58	59
66	72
41	76
49	77
60	79
67	81
31	82
64	66
29	85
39	61
52	70
61	68
64	71
40	73
54	78
38	63
53	66
56	69
42	71
26	62
55	67
58	81
56	64
63	67
63	75
53	77
55	69
60	72
62	62
38	68
57	71
30	74
29	71
73	72
34	71
62	66
27	69
58	69
85	78
31	73
62	79
60	69
54	64
68	78
68	72
44	74
61	64
54	74
61	72
69	72
58	71
55	76
58	65
46	58
47	65
33	64
55	70
31	70
45	77
26	63
39	69
71	79
70	75
29	64
50	69
50	73
55	72
26	64
60	65
34	59
44	73
62	68
69	79
44	73
56	76
77	77
53	68
70	69
52	62
59	75
43	75
58	81
53	76
62	66
45	70
53	82
40	69
47	60
70	69
56	66
82	68
60	75
42	62
69	70
71	71
29	57
23	74
28	77
61	75
67	75
36	69
45	73
30	71
49	74
24	69
67	65
76	81
36	64
58	67
46	75
38	72
42	66
62	68
34	74
27	70
68	74
42	58
31	66
64	75
63	73
49	71
54	79
28	54
35	65
24	72
51	71
53	76
27	72
80	74
74	76
38	73
45	71
42	68
74	71
54	73
67	66
56	70
45	74
57	62
28	70
51	77
65	68
59	75
59	62
67	67
69	82
36	61
67	74
42	78
55	62
70	80
65	74
48	73
33	69
44	75
71	69
61	69
77	70
27	68
32	63
45	78
25	65
56	67
58	77
33	74
42	69
28	82
37	65
84	79
58	76
57	75
47	68
57	75
59	82
54	67
41	66
60	75
46	77
35	67
59	80
62	65
23	68
54	67
27	71
42	68
70	72
50	71
45	76
83	81
71	71
61	65
24	60
31	69
55	68
42	65
48	63
58	74
58	74
63	77
30	77
80	82
23	61
53	69
73	72
72	87
60	86
70	69
43	69
60	82
42	74
26	70
72	68
42	80
54	73
29	69
30	80
48	81
53	65
52	55
29	74
42	71
47	86
63	63
59	62
68	83
57	88
42	77
62	80
80	81
36	72
76	68
45	69
65	70
70	77
76	75
63	73
59	66
58	65
55	72
55	70
60	71
50	78
50	65
45	62
75	71
46	68
45	74
39	63
71	73
51	69
63	71
52	61
56	73
32	66
77	86
62	69
29	61
36	75
41	76
60	75
72	68
62	75
64	83
49	72
51	65
43	71
55	72
37	70
31	72
55	68
37	69
58	71
50	75
53	62
54	76
44	72
64	83
67	80
74	83
58	78
59	69
47	61
77	79
47	68
43	81
57	66
52	76
38	65
67	80
34	76
48	65
50	69
62	61
45	68
69	84
25	77
45	71
64	70
36	71
60	81
26	61
59	75
57	68
54	74
69	75
45	62
53	70
41	76
57	66
82	86
49	70
72	75
48	72
48	70
37	65
64	71
47	59
50	65
51	74
62	67
26	68
54	66
61	72
57	66
68	74
29	67
36	73
76	73
23	61
77	68
58	61
57	64
85	78
35	68
61	58
47	64
36	74
60	67
49	70
40	70
65	78
62	71
75	70
48	76
35	75
36	65
55	66
31	69
32	58
57	67
38	71
29	73
75	83
50	78
47	75
54	73
47	68
44	68
34	68
49	65
38	69
26	73
78	72
59	70
41	74
31	74
67	80
30	63
84	81
49	77
36	67
71	83
44	73
54	72
60	75
88	86
55	76
53	80
52	78
57	67
72	69
65	64
47	76
37	62
37	65
57	70
73	66
38	65
64	71
38	72
44	64
42	66
60	70
70	69
65	68
59	75
36	74
36	66
22	79
43	65
47	66
65	65
33	60
25	70
54	73
46	71
72	85
58	74
56	73
43	68
51	69
60	84
55	67
53	67
51	73
40	66
53	74
60	82
55	68
55	78
53	65
32	67
82	74
42	81
60	69
42	62
59	70
43	69
73	72
46	71
63	67
65	85
58	81
52	73
39	66
77	73
72	82
44	64
40	51
55	63
36	80
48	78
55	73
43	52
79	71
44	71
32	75
30	61
56	65
60	69
60	76
28	69
55	72
58	68
54	73
68	74
79	68
58	73
66	72
47	74
30	71
60	73
69	78
69	82
40	71
58	72
47	65
40	67
48	64
42	60
30	73
69	85
64	83
69	74
43	68
46	73
74	84
23	75
36	68
32	67
42	69
65	79
68	80
52	68
69	70
47	72
44	81
39	67
59	64
41	64
62	82
40	57
34	70
45	65
56	63
51	77
38	71
37	69
59	81
44	73
70	80
75	77
47	65
56	61
33	66
62	65
58	71
43	58
32	68
54	68
32	62
60	71
57	72
47	73
47	73
41	78
31	68
77	75
53	81
82	76
70	77
69	66
38	69
57	64
33	61
47	63
40	74
68	76
50	72
70	69
34	60
60	67
52	80
48	68
44	68
80	86
68	68
62	72
52	63
21	76
26	60
63	69
46	75
61	69
62	71
52	64
51	64
51	74
33	76
64	78
52	77
72	73
59	67
75	86
59	75
87	74
59	70
45	70
58	73
38	79
51	67
66	68
56	76
55	68
45	78
26	65
43	71
63	70
56	66
77	74
39	74
31	69
22	76
51	62
45	71
63	70
34	74
56	65
59	72
23	55
46	73
35	69
47	75
58	66
31	71
75	71
37	65
55	67
65	75
47	60
71	82
52	69
65	67
40	71
66	67
65	66
49	65
59	72
56	70
40	72
68	69
56	73
48	74
38	73
58	76
40	74
48	70
42	71
77	83
40	78
66	80
70	66
46	74
58	77
23	62
62	78
59	65
45	73
52	81
63	74
46	67
28	70
66	69
44	79
53	66
61	69
30	68
50	70
58	69
45	70
35	69
58	71
42	72
62	77
50	78
44	62
38	71
63	74
54	66
28	76
54	80
81	83
84	84
32	60
44	66
42	63
66	82
31	63
41	66
61	71
31	72
60	65
50	78
50	74
54	63
55	75
54	73
21	82
48	64
70	71
30	78
31	64
30	78
69	87
65	63
37	65
56	69
63	68
54	74
64	70
89	85
50	57
51	77
31	73
82	78
58	68
52	67
45	75
64	81
62	73
72	70
49	72
66	79
65	70
48	78
37	70
40	73
37	69
44	68
72	67
71	64
42	73
58	72
56	72
42	52
43	70
38	70
68	81
54	70
59	68
39	69
41	56
54	63
28	78
48	75
34	65
65	65
69	87
38	67
38	67
35	70
45	66
39	68
42	72
67	77
49	65
47	84
31	68
50	74
67	75
66	70
43	66
28	73
39	67
59	67
23	76
41	60
45	77
58	84
78	78
66	67
45	70
32	67
31	58
33	76
48	74
62	64
39	64
46	76
43	57
51	72
35	70
35	73
52	76
72	72
63	79
47	63
27	69
58	69
76	87
42	64
62	71
73	80
61	71
43	71
33	73
72	74
64	75
81	77
53	74
41	64
62	75
74	75
38	65
43	66
46	82
26	65
54	78
41	69
30	75
40	78
64	79
26	76
49	74
52	76
60	65
40	62
39	60
34	74
35	55
62	71
58	69
45	57
54	79
67	67
52	62
70	82
70	70
45	79
57	78
42	58
33	76
76	75
60	74
51	68
53	64
30	69
53	79
39	62
63	66
55	70
32	61
37	70
47	71
62	68
34	72
44	69
80	75
30	65
50	79
42	59
48	64
45	58
47	65
51	81
25	72
73	77
75	75
56	76
40	63
42	76
66	74
69	71
63	72
72	80
65	78
44	70
59	71
59	75
40	77
53	73
54	70
46	76
48	78
58	66
48	77
37	67
67	64
52	65
60	74
68	73
52	82
43	76
54	83
28	73
62	70
44	74
40	71
33	73
61	68
70	74
56	67
48	71
45	75
44	69
38	67
22	84
74	80
73	71
78	80
57	70
51	71
61	80
55	73
64	68
26	71
82	77
32	73
50	80
38	63
60	74
65	78
21	63
45	75
53	73
31	70
44	65
58	74
65	72
75	73
51	81
68	67
79	71
63	73
28	72
38	67
41	81
60	67
36	69
43	81
56	61
64	78
68	71
70	73
51	78
54	73
56	74
63	70
59	77
46	76
60	77
47	66
50	62
38	58
71	77
51	78
57	62
82	81
45	61
50	65
34	85
41	70
74	76
63	68
68	66
42	76
49	83
66	75
33	68
41	81
61	64
60	74
45	71
48	81
30	55
58	76
38	59
51	72
52	55
70	68
49	65
55	79
33	79
64	72
42	69
70	74
64	65
57	73
60	68
41	67
57	63
58	72
47	68
67	66
45	75
56	78
52	65
68	68
30	69
52	67
58	64
67	71
78	81
52	67
67	68
52	68
48	70
60	80
58	76
63	83
56	67
67	74
43	68
58	57
41	72
48	74
50	78
35	74
54	72
48	73
33	68
73	67
34	74
35	69
39	83
48	69
69	77
58	70
56	68
27	72
44	72
50	72
58	70
60	77
59	75
48	71
23	74
42	69
26	74
54	65
39	65
23	68
70	67
47	65
51	75
48	75
37	54
21	65
50	79
68	83
60	70
40	68
62	69
75	81
46	66
57	74
46	73
61	69
65	81
79	80
42	60
44	71
65	69
29	68
66	69
51	77
52	68
41	69
63	68
84	77
55	67
48	64
52	69
43	65
65	81
52	73
72	84
84	76
50	70
69	81
42	63
61	74
44	69
60	71
38	63
60	72
38	58
51	58
63	65
57	74
37	61
57	87
47	81
57	65
44	59
53	57
32	52
69	79
67	71
31	71
48	80
45	68
42	68
66	67
65	73
68	65
55	65
68	73
47	72
68	77
30	81
79	87
74	66
58	73
54	76
46	64
59	71
48	66
49	68
33	75
60	70
57	71
54	64
54	74
42	70
62	76
37	61
56	86
51	71
31	67
64	76
70	75
54	70
52	64
59	79
40	71
42	74
56	69
66	78
56	76
60	67
42	67
56	75
33	85
52	74
22	69
55	75
39	73
44	78
43	71
65	72
71	81
48	74
53	76
50	77
58	72
43	71
57	75
46	67
81	80
53	73
45	77
47	74
58	70
48	72
26	62
44	62
71	65
34	64
72	74
23	73
70	77
43	67
72	88
65	81
60	66
53	71
21	69
53	70
58	70
45	67
56	69
54	80
69	75
55	65
75	77
63	74
53	76
65	69
47	76
54	69
58	73
59	83
20	66
48	69
71	73
76	73
40	59
78	82
42	63
53	77
77	71
23	70
75	73
43	75
80	76
72	85
26	68
65	71
36	63
41	59
37	68
54	71
63	77
37	77
55	71
50	71
29	81
51	73
62	70
36	65
20	67
55	77
48	63
29	75
46	74
49	75
30	66
23	71
42	79
56	74
55	65
57	72
63	83
42	74
45	76
48	75
34	69
56	69
61	75
29	72
26	62
70	69
61	77
50	78
60	70
42	73
52	72
44	68
27	53
40	65
48	67
53	73
57	72
62	79
29	70
27	78
49	77
44	68
67	81
53	66
35	68
45	68
65	65
41	76
53	73
43	67
43	73
75	74
33	68
53	75
55	69
44	64
65	63
51	69
26	70
65	70
44	67
75	76
73	89
27	74
44	75
43	70
57	63
39	71
66	65
34	73
62	63
67	70
33	69
43	58
36	69
51	67
58	69
47	78
62	83
48	79
61	77
73	68
26	79
70	83
59	66
29	79
45	72
33	75
23	73
53	76
62	73
45	72
35	68
46	74
77	58
45	72
32	79
35	75
46	68
22	67
32	65
40	75
84	79
50	59
39	62
59	71
53	69
22	66
32	57
65	66
50	67
44	70
61	71
69	75
27	58
72	67
30	73
50	65
76	87
57	77
56	80
69	71
69	84
71	81
56	75
48	69
39	58
66	73
39	68
56	64
52	71
53	68
51	69
74	80
50	71
54	71
56	74
66	66
61	83
31	75
43	71
57	70
35	79
64	75
49	76
80	79
49	68
37	83
51	76
47	76
57	66
43	68
51	67
68	78
55	71
66	81
42	74
69	62
33	66
60	73
36	80
65	75
33	75
62	73
56	67
40	84
39	74
42	60
53	67
46	71
53	73
61	66
75	79
38	54
24	62
56	71
42	71
40	69
80	88
30	74
51	62
52	81
66	81
49	70
37	65
61	77
57	71
68	83
31	71
50	60
31	64
52	76
59	80
67	74
64	86
66	79
37	60
54	77
47	79
35	79
57	69
66	72
50	68
36	53
60	80
63	65
35	71
28	84
44	74
63	65
59	69
40	66
58	65
39	64
34	81
54	69
49	75
69	70
30	63
33	68
63	75
32	72
35	74
58	73
54	74
50	65
71	88
40	69
22	56
27	64
36	84
33	65
43	61
33	72
58	74
36	74
50	69
34	78
46	77
59	76
64	71
29	74
53	80
33	62
60	66
65	72
70	72
59	68
69	76
52	65
43	60
56	70
25	57
65	80
33	78
38	55
65	83
35	82
46	71
80	69
72	77
52	75
60	80
46	70
58	67
34	68
45	82
82	84
45	70
57	66
47	64
44	76
60	74
68	77
45	62
71	78
65	76
53	61
48	71
55	72
44	68
50	74
51	66
39	77
30	58
64	74
23	69
62	66
24	71
38	82
74	72
39	68
63	65
68	79
45	63
22	76
33	72
64	71
66	75
54	72
38	75
66	83
63	75
53	69
31	60
36	65
24	68
67	74
60	65
65	69
40	75
36	69
48	76
61	71
37	67
43	73
82	77
67	76
74	80
65	60
56	72
53	74
62	67
45	67
70	78
47	72
47	67
28	65
56	72
70	67
42	69
76	80
58	62
31	79
35	81
47	76
55	67
49	64
65	77
50	68
54	68
61	81
34	70
48	74
48	65
40	62
56	79
59	56
63	83
89	86
53	71
58	68
48	64
46	60
47	67
62	64
49	75
32	68
22	70
46	71
64	74
59	82
36	82
66	78
62	85
51	67
67	68
35	63
51	65
50	65
80	77
37	71
57	63
26	79
65	81
46	72
55	64
47	83
65	77
55	63
52	73
41	61
56	70
35	63
54	75
45	71
41	72
59	73
20	67
38	69
42	72
41	76
52	86
60	67
52	72
70	69
64	74
32	72
68	79
62	63
58	76
73	82
82	85
46	67
53	74
63	71
61	70
55	63
65	86
32	73
68	80
34	76
33	76
57	77
35	68
70	68
65	58
64	74
60	70
63	68
49	72
68	70
28	75
44	66
59	66
68	83
69	70
70	76
55	70
40	70
33	67
29	71
61	65
60	70
25	64
82	78
59	68
40	75
30	71
34	70
47	67
34	69
50	66
65	85
50	67
