1.2	62.0
0.1	75.7
0.2	68.4
0.2	65.4
6.6	49.2
0.1	72.9
0.4	73.6
13.4	51.1
0.6	69.0
0.3	68.3
0.1	76.2
0.4	65.9
0.1	72.7
1.5	56.5
2.3	62.8
0.1	75.0
0.1	67.2
0.1	81.0
0.1	78.0
0.1	73.8
0.1	73.4
0.8	71.1
0.1	73.0
0.1	73.0
11.6	54.1
0.1	67.4
0.1	81.9
0.1	77.6
0.1	83.0
3.1	58.9
0.1	73.4
0.1	63.3
0.5	63.3
20.6	51.7
0.1	81.0
0.5	72.5
0.1	78.7
0.1	75.6
0.1	67.8
7.4	52.8
1.7	61.8
0.1	78.1
0.1	75.1
0.1	74.1
0.1	72.6
0.1	67.8
0.1	72.4
3.1	61.3
11.0	58.0
0.3	65.0
0.1	76.6
0.1	81.0
0.1	75.0
0.1	75.0
0.1	77.7
0.1	74.8
0.1	72.0
6.8	58.0
0.1	65.8
0.2	69.8
0.1	75.6
0.1	74.8
0.1	81.8
0.5	65.4
0.1	79.5
0.1	78.2
0.1	81.0
0.1	69.1
0.1	73.5
0.1	83.0
0.1	77.6
0.1	68.4
0.9	67.0
5.5	55.3
0.1	74.4
0.4	69.2
0.1	81.7
0.1	72.6
0.5	63.9
0.1	72.9
0.1	74.0
0.2	72.1
0.3	72.8
0.1	73.6
4.8	52.0
13.7	52.9
0.9	72.5
0.1	79.4
0.1	71.0
0.9	72.7
2.2	57.8
0.1	66.3
0.1	78.6
0.1	72.0
2.5	49.6
6.2	63.0
15.7	52.4
0.1	71.4
0.1	71.9
0.3	65.0
0.1	81.9
0.1	66.3
0.7	67.5
0.1	72.3
0.1	73.1
0.1	73.4
0.1	61.8
0.2	69.5
0.1	79.0
0.1	73.9
0.2	67.3
4.3	63.0
0.1	84.0
0.1	75.3
0.1	81.3
1.6	64.3
0.1	72.8
0.2	71.0
21.3	57.3
0.1	64.1
0.1	71.0
0.5	73.0
0.1	76.0
0.1	71.7
0.1	75.8
0.5	66.6
0.1	64.9
0.1	64.5
29.5	53.8
0.1	62.0
0.2	68.0
0.1	71.6
1.1	61.8
0.4	77.0
0.1	76.7
1.8	65.0
0.1	74.2
0.1	71.6
0.1	72.4
1.3	66.0
0.1	72.1
0.1	57.3
5.9	56.7
0.1	65.8
0.2	73.3
1.7	71.0
7.1	55.3
0.1	73.5
0.1	66.8
0.1	76.6
0.1	78.9
0.3	74.2
0.1	68.3
1.9	69.0
34.8	44.5
8.0	58.4
0.1	74.5
10.8	54.0
0.1	66.8
0.1	71.7
0.3	71.2
0.3	72.0
0.4	72.8
0.1	71.6
0.1	74.9
2.1	56.5
0.1	80.0
0.1	63.9
16.2	58.0
0.1	78.9
0.1	69.6
1.9	56.8
0.1	67.7
1.5	64.0
0.1	79.6
6.2	61.1
1.6	59.4
0.1	76.3
1.9	73.5
0.1	68.1
0.1	69.9
0.1	64.6
0.9	58.2
0.1	65.0
3.8	57.4
0.4	74.0
10.9	65.0
46.4	48.4
0.1	71.8
0.1	74.3
0.1	78.8
0.5	67.9
4.1	51.2
0.1	71.0
0.7	65.0
5.4	49.2
1.6	48.1
0.1	75.5
17.0	49.3
0.1	66.9
0.1	68.0
0.1	73.7
0.1	77.8
0.3	64.4
0.8	69.0
0.1	62.9
0.1	77.8
1.1	58.9
21.6	53.6
0.1	72.4
0.1	79.1
0.5	75.0
0.1	86.0
0.2	68.3
0.1	74.7
0.1	60.0
0.2	73.9
0.1	73.9
0.1	73.8
0.4	64.3
1.8	59.7
0.1	75.0
0.3	68.1
8.7	53.2
0.1	67.9
0.1	72.7
0.1	69.9
0.1	72.6
0.1	79.3
2.5	72.0
0.1	76.5
0.1	73.2
0.1	76.4
0.1	72.2
0.3	67.3
49.1	46.0
0.1	73.2
0.1	73.0
0.1	73.4
0.1	68.3
0.3	65.5
0.1	77.0
0.5	69.5
0.4	73.0
0.1	78.8
38.8	47.8
0.1	67.0
0.1	65.3
0.1	77.0
0.1	75.0
0.1	74.2
0.1	54.8
0.1	79.2
0.4	72.5
0.1	88.0
0.1	79.1
0.1	58.8
0.1	71.1
2.0	69.7
0.1	65.1
1.4	58.7
0.1	72.8
4.3	53.4
0.1	72.4
0.1	73.5
0.9	62.1
22.4	46.0
0.1	69.0
0.1	79.4
0.1	76.3
0.1	71.8
0.8	71.8
1.0	57.5
1.9	53.6
0.1	72.8
30.3	44.6
0.1	62.8
0.1	72.4
0.1	81.2
0.1	72.1
0.5	66.2
0.1	81.0
0.1	71.1
0.1	86.0
0.1	74.2
0.1	68.6
0.6	68.9
0.1	76.0
0.1	80.0
0.1	74.9
7.0	62.3
0.4	69.0
0.2	73.7
0.2	66.4
43.5	46.0
0.1	78.1
0.1	75.3
0.1	78.1
0.1	78.0
0.1	72.8
0.1	73.9
