8.353074798	12.0
152.5448405	1.0
162.8088054	17.0
4.259752532	44.0
43.48359197	24.0
2.548922758	22.0
302.1057507	5.0
154.8705998	6.0
33.74786198	56.0
219.0239836	0.0
41.82275719	1.0
48.02859441	1.0
23.76370075	85.0
9.585584394	91.0
63.78723633	23.0
179.4777293	127.0
5.381782562	201.0
5451.701225	4.0
913.699529	0.0
194.1732658	1.0
297.5913833	4.0
0.27564826	21.0
503.1115947	1.0
8.49409518	1.0
39.55677502	108.0
25.31155956	0.0
578.7417172	2.0
94.17819458	1.0
3189.754439	0.0
78.71123825	62.0
715.9709092	4.0
2.19888585	8.0
76.60442169	45.0
629.8425643	3.0
579.1331637	2.0
321.1953005	15.0
1562.520827	0.0
1802.017593	0.0
38.05462002	231.0
73.03276195	93.0
67.73374413	243.0
950.8027925	0.0
645.9583816	1.0
65.56659662	4.0
91.71154052	1.0
11.1516268	8.0
832.9552058	36.0
187.4960097	2.0
1038.885632	62.0
625.5081805	20.0
167.3280168	1.0
7584.078579	3.0
5.660754839	268.0
367.9285652	8.0
2813.985285	1.0
64.85616718	3.0
21.2543002	0.0
184.3649102	45.0
385.325164	8.0
375.6835376	6.0
1033.039737	40.0
10.22840118	66.0
5219.668802	2.0
17.48293752	65.0
283.3300258	0.0
122.1823517	1.0
6333.177967	2.0
62.08343533	0.0
26.99312143	1.0
278.0687051	0.0
287.2084529	1.0
81.28883085	7.0
217.4345257	6.0
100.8987451	82.0
774.4396617	1.0
41.50845637	18.0
409.4109292	1.0
434.7940679	0.0
2.793843188	87.0
264.7842196	5.0
421.2956602	54.0
20.68037294	4.0
84.17527008	11.0
113.2436346	15.0
133.1230872	817.0
9.728005297	54.0
203.7134882	6.0
5992.588029	0.0
336.3213326	0.0
664.5585242	8.0
29.74734049	44.0
22.31624272	2.0
1002.833273	1.0
32.75626853	1.0
191.6537407	121.0
719.5535161	4.0
53.30858081	44.0
477.1341814	21.0
615.4030781	4.0
145.5965445	1.0
8875.786493	1.0
3.43334364	237.0
7.883791474	8.0
689.9440223	0.0
531.9808176	18.0
983.2518091	2.0
47.30421873	2.0
569.9527122	0.0
2247.035692	0.0
630.0540723	1.0
43.34099958	12.0
56.58984221	89.0
7423.228774	0.0
998.3498049	49.0
72.8001211	3.0
10.8139134	0.0
1109.969508	0.0
440.6027042	3.0
45.96380839	73.0
11.07543331	0.0
471.8626525	0.0
99.08095375	0.0
21.82252494	39.0
227.296617	4.0
623.9100503	2.0
56.88416481	16.0
111.7392134	0.0
98.68367951	2.0
709.3170967	84.0
93.35872844	1.0
84.62302524	30.0
287.4671305	0.0
18.99961966	14.0
443.3248254	14.0
91.13971812	0.0
17.46405901	1.0
32.78235828	25.0
40.49128897	0.0
1423.802386	0.0
55.12187071	12.0
479.9234077	0.0
1.388647732	118.0
53.30782696	7.0
4.24926073	0.0
0.108055973	0.0
28.80831098	8.0
39.44666715	38.0
116.2585943	10.0
59.18845152	37.0
206.8868182	0.0
5068.214488	1.0
18.09317114	9.0
29.5207994	0.0
195.9824626	59.0
57.90369752	6.0
116.202964	119.0
191.7267589	4.0
5.743393664	98.0
11.69704463	90.0
17.46057369	608.0
218.5716179	4.0
469.3904193	2.0
411.5645653	16.0
373.2605532	0.0
96.16653429	12.0
7.106997355	39.0
665.7356115	1.0
112.541157	10.0
67.33378735	117.0
199.9341033	1.0
300.1621026	0.0
31.14187566	34.0
31.25834616	0.0
12.05551997	15.0
3119.349824	0.0
547.0386679	3.0
5.064688968	9.0
220.4916851	2.0
16.97511622	1.0
45.65007798	1.0
337.2942846	0.0
351.8603267	9.0
5.883760536	95.0
71.27962362	83.0
41.96145465	21.0
1389.772683	0.0
353.2438029	3.0
25.21683318	4.0
47.81704183	2.0
620.9518909	0.0
3410.284431	4.0
244.0391949	1.0
43.57328908	80.0
291.0170765	0.0
96.03725103	40.0
6.416252787	893.0
5.347717533	40.0
187.610955	11.0
121.879331	55.0
38.58376645	3.0
24.24947846	1.0
412.4323974	4.0
364.9752287	0.0
3.5096369	2000.0
365.799896	0.0
30.59320769	459.0
8246.130437	0.0
62.56273841	14.0
56.93670561	4.0
27.44252286	4.0
177.4925143	2.0
396.6270975	1.0
4509.234803	0.0
119.4571154	23.0
430.7175861	24.0
69.9675435	2.0
71.6850913	12.0
171.6596026	392.0
1111.191325	61.0
1.020071763	32.0
41.91052416	13.0
45.71354264	0.0
190.5453646	167.0
44.52614001	155.0
198.2563794	74.0
404.3879434	1.0
62.65945432	161.0
81.7274712	12.0
2785.139364	1.0
44.79247812	9.0
1199.319976	2.0
359.9760397	3.0
630.3883564	0.0
21.4653132	0.0
40.13342094	28.0
372.1651473	4.0
302.7045411	3.0
20.21822828	1.0
766.4454884	1.0
64.39203443	0.0
19.83672308	12.0
152.6368899	5.0
1187.949491	0.0
15.25518816	5.0
1346.246697	0.0
250.8916484	4.0
105.7306982	84.0
18.21661422	0.0
9.469371264	26.0
79.41502672	3.0
97.76637062	5.0
10.42496	122.0
6012.92584	3.0
286.8907303	0.0
4506.255963	2.0
1934.398154	2.0
79.67936736	102.0
15.2357274	1.0
289.7418649	8.0
0.66751505	461.0
94.25737917	39.0
153.5045263	0.0
1.747440948	37.0
16.49232317	0.0
224.3212014	1.0
17.35739784	9.0
5.670640102	62.0
21.90075232	0.0
31.50582204	3.0
2331.532804	1.0
601.7608115	0.0
3.349816965	0.0
90.46018236	74.0
60.21211141	101.0
183.6592186	23.0
8.7174087	43.0
56.431387	3.0
23.37167228	5.0
8649.674911	2.0
456.3404657	1.0
63.04032682	0.0
405.4475981	2.0
246.5686008	6.0
2267.252192	0.0
379.5139945	4.0
63.42140024	32.0
418.9206608	0.0
86.9255399	0.0
250.9343317	1.0
805.3956346	1.0
145.318282	3.0
353.6690328	5.0
69.43934508	12.0
57.73359864	1600.0
0.0	39.0
3557.455507	0.0
635.4849381	0.0
2377.010299	1.0
4238.540035	4.0
471.8307668	0.0
9.444875415	1.0
