18.4	1797.0
20.1	691.0
21.3	1550.0
13.6	1373.0
20.8	1074.0
17.9	1141.0
21.8	218.0
16.4	917.0
15.8	844.0
22.5	589.0
21.6	324.0
20.2	611.0
23.8	371.0
23.4	1920.0
20.7	994.0
16.3	491.0
19.4	477.0
12.1	746.0
15.9	926.0
22.3	600.0
24.8	266.0
11.9	1461.0
9.7	375.0
23.1	113.0
13.0	1092.0
7.8	1073.0
22.9	732.0
19.7	745.0
21.7	211.0
12.0	264.0
22.2	189.0
14.1	2270.0
18.1	1665.0
19.0	644.0
22.2	250.0
22.1	1500.0
23.5	214.0
14.3	766.0
20.3	1841.0
13.3	2182.0
21.8	1003.0
21.3	870.0
15.5	1119.0
13.2	1250.0
21.1	265.0
22.9	2405.0
23.9	157.0
24.4	1611.0
21.6	381.0
23.2	156.0
22.1	254.0
21.8	315.0
17.1	1406.0
17.8	766.0
20.3	512.0
23.0	355.0
22.9	1558.0
18.4	1638.0
24.2	978.0
19.5	647.0
18.1	1266.0
25.1	1375.0
22.9	61.0
16.0	1603.0
14.7	1095.0
15.0	927.0
9.1	583.0
17.2	566.0
21.1	747.0
13.0	1943.0
23.3	1163.0
18.4	175.0
19.4	232.0
22.2	2598.0
20.5	2830.0
12.6	1050.0
22.6	83.0
10.2	1217.0
16.0	352.0
20.6	1783.0
21.6	1772.0
20.1	526.0
21.8	568.0
8.9	596.0
14.0	2431.0
13.2	2460.0
19.7	908.0
17.7	1557.0
22.7	173.0
15.7	2357.0
21.3	1856.0
14.6	1589.0
21.1	582.0
18.2	860.0
10.2	1056.0
18.7	862.0
13.3	214.0
18.9	426.0
18.3	1015.0
23.9	1330.0
20.7	946.0
9.9	892.0
23.0	1296.0
7.9	1741.0
17.8	1941.0
16.0	779.0
19.9	1078.0
11.8	2353.0
19.9	473.0
23.2	299.0
11.7	918.0
24.1	39.0
20.0	846.0
17.0	1615.0
11.8	1075.0
25.5	196.0
22.2	1002.0
21.3	929.0
11.1	1058.0
17.3	1928.0
12.5	1237.0
7.7	2514.0
21.7	1285.0
19.4	1091.0
24.3	1790.0
12.5	273.0
14.6	3404.0
24.1	253.0
22.5	773.0
24.5	1811.0
20.0	38.0
21.0	787.0
21.8	960.0
23.3	1851.0
15.0	1668.0
23.8	2300.0
22.0	698.0
24.7	1020.0
20.6	695.0
16.6	268.0
20.8	627.0
12.7	1107.0
22.8	724.0
9.1	902.0
14.8	1886.0
18.9	792.0
15.9	1674.0
21.2	712.0
20.7	848.0
6.8	1322.0
10.8	1629.0
12.8	1027.0
12.7	1917.0
20.7	575.0
23.8	1247.0
22.0	1306.0
20.0	645.0
16.2	308.0
17.2	828.0
12.8	799.0
21.3	148.0
19.8	9.0
23.2	1412.0
15.4	783.0
24.3	401.0
11.0	437.0
21.3	308.0
20.6	1076.0
12.1	545.0
21.8	381.0
18.5	849.0
18.3	1261.0
20.2	136.0
21.3	2028.0
13.8	847.0
21.1	2364.0
25.1	763.0
23.5	1039.0
22.6	243.0
23.8	1763.0
17.5	2262.0
17.3	1293.0
16.8	1995.0
22.3	544.0
21.5	1038.0
22.6	2274.0
14.0	1269.0
22.4	1052.0
18.8	1234.0
17.1	1406.0
14.7	2351.0
15.9	223.0
14.3	2288.0
23.3	159.0
19.8	828.0
20.8	1059.0
6.1	1648.0
17.0	2476.0
22.1	1994.0
16.7	413.0
23.9	733.0
21.8	307.0
24.0	31.0
23.0	168.0
8.1	1203.0
10.3	1248.0
23.4	565.0
13.3	162.0
17.0	1083.0
19.6	1356.0
20.9	1624.0
13.1	1268.0
16.0	392.0
13.5	1058.0
20.1	104.0
19.5	1888.0
8.6	659.0
23.4	1924.0
22.1	658.0
24.1	222.0
15.2	794.0
14.7	1088.0
15.2	791.0
22.1	741.0
15.9	709.0
21.2	553.0
22.3	569.0
19.7	720.0
14.1	1111.0
22.9	1041.0
20.5	1239.0
16.8	873.0
24.3	1524.0
20.7	2011.0
21.8	327.0
23.0	639.0
16.8	734.0
19.2	1995.0
19.9	39.0
8.2	2338.0
15.7	2649.0
21.2	1719.0
19.8	1697.0
21.5	345.0
16.7	1247.0
17.3	993.0
22.5	2122.0
15.0	3556.0
22.2	636.0
16.9	725.0
22.6	327.0
23.4	481.0
18.8	772.0
14.5	746.0
6.4	2173.0
23.3	2036.0
23.8	212.0
20.2	519.0
13.3	1985.0
14.2	609.0
23.8	236.0
19.0	924.0
25.1	1709.0
21.9	1865.0
23.3	1033.0
11.7	1191.0
13.9	314.0
14.0	369.0
23.5	1337.0
22.4	1277.0
17.8	785.0
19.7	694.0
11.9	1921.0
20.6	17.0
17.7	569.0
13.1	332.0
18.5	720.0
15.2	2314.0
15.6	2404.0
25.0	675.0
9.5	2131.0
22.1	754.0
16.4	1819.0
21.6	41.0
23.1	1387.0
21.0	663.0
21.3	278.0
23.3	517.0
22.4	511.0
18.6	162.0
14.6	150.0
12.7	1152.0
23.5	1289.0
21.2	1225.0
18.3	1704.0
15.9	246.0
21.3	1113.0
26.3	468.0
11.8	1446.0
14.0	206.0
23.3	1847.0
23.2	2398.0
22.7	557.0
6.8	818.0
23.4	310.0
13.2	1934.0
18.6	1254.0
13.6	1478.0
15.9	2479.0
17.0	539.0
19.2	665.0
14.3	1395.0
18.4	687.0
13.1	174.0
22.2	1132.0
12.6	2026.0
20.4	2415.0
16.9	1401.0
12.7	2891.0
23.0	959.0
21.1	1029.0
22.5	944.0
16.5	945.0
24.0	1394.0
20.5	569.0
11.4	1093.0
20.9	684.0
13.8	959.0
20.4	1789.0
18.0	238.0
22.1	149.0
23.0	474.0
22.0	400.0
22.4	991.0
14.7	1399.0
16.5	1635.0
18.8	209.0
21.7	673.0
9.1	1064.0
15.5	1039.0
22.6	2328.0
17.3	1437.0
20.7	581.0
14.5	1200.0
11.5	1666.0
20.8	2326.0
18.3	520.0
22.6	1062.0
16.3	436.0
19.3	306.0
15.7	193.0
21.4	836.0
12.7	1344.0
21.5	1828.0
13.3	1031.0
14.1	1055.0
21.8	805.0
22.7	10.0
13.4	2008.0
25.3	2183.0
21.9	971.0
11.9	2615.0
10.3	172.0
8.5	622.0
13.1	997.0
13.5	1398.0
20.2	1495.0
21.4	329.0
20.7	871.0
21.5	402.0
23.7	74.0
21.2	1198.0
19.0	818.0
24.6	905.0
20.5	1351.0
21.1	1530.0
22.4	275.0
15.3	988.0
21.4	883.0
24.4	1371.0
21.1	257.0
24.1	903.0
14.2	1002.0
21.8	1105.0
9.4	253.0
22.4	233.0
18.6	338.0
24.8	309.0
14.8	1016.0
19.8	1663.0
24.1	1628.0
16.1	547.0
21.6	692.0
17.9	2043.0
19.7	690.0
19.1	861.0
14.0	1230.0
20.0	256.0
16.4	45.0
17.5	2080.0
21.8	628.0
5.8	1556.0
21.1	876.0
19.1	360.0
23.0	703.0
21.7	1660.0
12.8	475.0
22.7	635.0
22.8	561.0
21.1	234.0
19.0	1678.0
19.0	1031.0
19.2	316.0
14.8	1266.0
18.3	720.0
21.5	919.0
14.6	1583.0
17.4	186.0
19.3	1068.0
18.5	2456.0
22.7	735.0
18.3	243.0
10.6	717.0
22.7	619.0
20.0	578.0
10.6	1440.0
13.2	698.0
12.4	1557.0
15.9	2282.0
11.2	719.0
16.2	381.0
10.4	902.0
15.2	299.0
14.5	1579.0
18.9	1145.0
22.6	1344.0
15.2	2276.0
24.1	1767.0
22.5	671.0
21.0	9.0
7.6	977.0
9.1	1274.0
16.5	1075.0
20.4	346.0
21.7	1560.0
20.5	387.0
23.2	501.0
21.4	252.0
21.0	982.0
21.1	791.0
16.4	3221.0
23.1	267.0
22.8	787.0
20.5	713.0
10.8	1069.0
20.5	1182.0
22.7	2115.0
13.8	1220.0
24.8	443.0
20.0	733.0
14.4	2430.0
23.9	71.0
19.6	568.0
16.6	1979.0
22.1	1094.0
23.8	1983.0
22.0	484.0
22.6	926.0
10.0	2163.0
19.4	2122.0
22.4	709.0
22.5	122.0
16.4	2435.0
23.2	1297.0
19.9	11.0
23.7	1657.0
20.6	722.0
20.9	672.0
10.2	1008.0
16.1	336.0
21.1	784.0
23.9	1155.0
21.2	17.0
18.9	1315.0
21.3	703.0
21.1	944.0
13.4	1276.0
12.3	1783.0
14.1	740.0
15.3	1318.0
20.8	26.0
20.6	526.0
18.7	417.0
16.4	2440.0
15.9	260.0
20.7	862.0
15.1	524.0
12.1	1702.0
18.6	363.0
11.4	989.0
20.7	2016.0
21.4	535.0
15.6	576.0
22.1	1097.0
21.3	672.0
9.1	742.0
9.9	381.0
22.3	605.0
10.7	898.0
11.4	1109.0
18.4	1175.0
13.9	1042.0
22.0	580.0
23.0	1066.0
15.0	1100.0
19.1	140.0
19.6	985.0
16.4	2664.0
12.9	2355.0
23.0	199.0
20.6	620.0
20.1	170.0
11.6	2797.0
16.2	1837.0
19.1	492.0
20.3	1039.0
22.8	716.0
17.0	394.0
25.7	1337.0
9.7	277.0
21.0	1695.0
23.0	1915.0
20.2	1209.0
16.3	202.0
21.7	670.0
20.5	2103.0
21.1	372.0
20.4	2225.0
18.8	1253.0
19.6	638.0
20.2	47.0
12.7	1363.0
21.4	673.0
14.4	1681.0
23.5	285.0
20.5	1666.0
20.0	376.0
9.2	2238.0
21.9	631.0
22.8	760.0
14.1	416.0
24.7	741.0
21.4	892.0
21.3	3080.0
21.5	149.0
20.0	425.0
14.7	268.0
13.3	2290.0
15.8	944.0
19.1	104.0
9.5	417.0
11.7	342.0
20.7	1591.0
24.9	1273.0
20.1	174.0
20.2	2692.0
13.4	2130.0
21.2	803.0
21.1	1001.0
13.3	2328.0
18.7	286.0
20.6	591.0
21.0	594.0
19.2	980.0
13.5	1726.0
13.1	2788.0
22.5	783.0
21.2	683.0
22.2	334.0
24.3	644.0
15.8	1647.0
19.2	600.0
21.1	1142.0
21.5	853.0
12.5	1213.0
20.0	24.0
9.8	460.0
18.6	1173.0
19.1	587.0
20.2	609.0
15.1	1747.0
13.1	969.0
20.5	721.0
19.2	700.0
15.7	289.0
24.6	1180.0
14.9	2378.0
14.1	1544.0
23.1	976.0
24.0	929.0
19.6	2186.0
13.5	562.0
23.4	649.0
16.2	953.0
19.4	48.0
19.5	623.0
7.0	1535.0
16.4	714.0
19.8	1731.0
20.4	1552.0
16.1	1856.0
16.6	732.0
20.8	137.0
18.7	532.0
15.5	385.0
19.2	842.0
18.0	1070.0
18.9	264.0
23.0	1318.0
15.8	311.0
24.3	188.0
11.4	842.0
21.5	687.0
22.9	619.0
15.6	264.0
19.9	344.0
23.7	96.0
20.4	740.0
14.5	2387.0
21.9	808.0
21.7	1762.0
10.1	1208.0
21.1	16.0
23.5	939.0
20.3	763.0
11.5	1112.0
14.0	2266.0
19.4	678.0
19.5	652.0
23.2	1834.0
23.0	72.0
9.9	277.0
20.5	382.0
20.7	1655.0
18.0	99.0
22.3	632.0
17.2	1620.0
15.8	575.0
18.7	1163.0
14.4	2557.0
19.8	2017.0
22.2	961.0
20.2	534.0
20.4	1931.0
21.5	872.0
18.6	100.0
12.0	375.0
19.3	1344.0
21.5	575.0
21.8	1011.0
20.6	928.0
13.6	1467.0
13.5	1709.0
17.0	2331.0
20.5	672.0
21.5	1782.0
13.9	421.0
20.3	1184.0
16.7	1596.0
20.7	2162.0
24.0	80.0
16.8	1935.0
21.3	1240.0
13.8	554.0
19.0	962.0
24.6	606.0
17.6	154.0
19.1	695.0
16.3	454.0
13.7	1991.0
21.1	533.0
14.6	1616.0
13.0	1573.0
10.8	194.0
19.6	858.0
20.1	25.0
18.6	253.0
24.5	746.0
18.9	49.0
16.2	1590.0
13.0	1317.0
20.5	1014.0
11.7	992.0
16.4	383.0
22.7	1171.0
23.8	1377.0
14.9	1934.0
21.1	697.0
24.4	466.0
12.8	2040.0
22.0	346.0
24.2	903.0
18.9	2628.0
20.9	273.0
22.9	659.0
20.4	830.0
25.5	1289.0
5.6	2103.0
23.2	25.0
11.5	1693.0
15.0	1249.0
15.8	525.0
15.3	2272.0
21.2	1462.0
16.9	2797.0
23.1	203.0
21.1	1025.0
14.7	1116.0
9.7	946.0
12.7	2495.0
20.4	26.0
14.2	2127.0
21.7	1061.0
21.3	231.0
11.1	1330.0
12.9	216.0
17.0	2008.0
21.6	1808.0
21.1	153.0
23.2	2320.0
19.0	193.0
15.5	1940.0
9.1	1087.0
15.9	1346.0
16.5	1737.0
23.1	2214.0
25.0	863.0
24.5	758.0
16.3	839.0
21.2	1235.0
13.2	1235.0
25.1	699.0
20.1	997.0
20.5	876.0
21.8	1249.0
12.6	2094.0
20.2	594.0
20.5	1544.0
21.8	1354.0
16.0	1401.0
19.3	281.0
15.1	616.0
21.7	945.0
20.2	688.0
20.4	636.0
22.3	64.0
24.8	909.0
21.4	613.0
22.1	655.0
19.6	1955.0
13.3	1184.0
21.4	999.0
23.2	484.0
21.2	563.0
24.6	707.0
20.1	133.0
22.5	2965.0
7.9	2337.0
20.4	522.0
12.0	971.0
14.0	943.0
13.1	282.0
24.0	747.0
22.7	1782.0
22.4	428.0
10.8	974.0
23.9	76.0
14.6	2176.0
15.4	982.0
21.5	1473.0
21.0	1039.0
12.2	1079.0
23.2	227.0
24.0	1935.0
22.0	690.0
19.2	551.0
13.2	2183.0
20.6	1875.0
21.6	1317.0
8.9	938.0
15.4	2556.0
19.8	808.0
25.4	843.0
22.3	209.0
16.9	794.0
21.2	874.0
16.2	602.0
20.9	803.0
22.3	868.0
20.9	688.0
17.2	1869.0
24.9	223.0
24.4	422.0
19.3	68.0
21.0	1702.0
21.3	2174.0
13.9	1394.0
23.2	657.0
16.0	2055.0
23.0	2051.0
19.7	1546.0
23.0	600.0
19.8	1482.0
22.6	653.0
15.3	2166.0
12.6	942.0
20.9	15.0
22.0	1005.0
22.0	208.0
22.3	276.0
25.1	647.0
22.3	1507.0
20.1	2362.0
18.3	808.0
21.5	1247.0
16.0	191.0
22.1	1058.0
21.0	1934.0
23.0	1607.0
13.5	591.0
20.2	2339.0
19.9	568.0
19.9	825.0
25.1	533.0
21.4	2169.0
21.1	497.0
18.6	1329.0
18.0	235.0
22.9	2039.0
19.6	247.0
21.1	948.0
23.0	345.0
22.1	403.0
23.9	1537.0
18.4	982.0
20.3	58.0
24.5	592.0
11.9	1009.0
16.1	1290.0
21.0	13.0
20.0	699.0
14.3	2309.0
22.6	1893.0
14.5	926.0
21.5	362.0
18.7	110.0
17.5	2046.0
19.8	798.0
14.6	2383.0
21.8	73.0
20.9	644.0
14.4	1806.0
21.5	715.0
20.3	763.0
19.4	652.0
5.0	2025.0
24.7	1507.0
21.8	1027.0
20.0	623.0
22.3	783.0
22.8	1278.0
19.4	49.0
18.3	110.0
19.6	19.0
21.4	1688.0
22.5	676.0
23.5	84.0
22.2	266.0
19.3	676.0
9.6	1147.0
20.5	1293.0
13.2	1215.0
22.0	304.0
24.3	126.0
10.7	2155.0
23.4	498.0
13.2	2300.0
18.2	1402.0
11.7	1466.0
21.6	1697.0
13.7	2297.0
23.8	1822.0
15.7	2020.0
20.5	865.0
20.4	521.0
11.6	820.0
26.8	1208.0
7.8	938.0
18.9	1084.0
11.8	1121.0
24.8	1367.0
16.4	1407.0
13.4	397.0
9.7	518.0
21.2	586.0
15.6	912.0
20.4	1035.0
22.3	770.0
23.0	706.0
14.6	795.0
12.6	2070.0
20.6	30.0
20.7	695.0
20.5	865.0
22.2	109.0
19.1	2419.0
20.1	688.0
12.6	2237.0
17.6	657.0
19.9	933.0
21.6	1682.0
20.7	28.0
8.3	3365.0
14.5	285.0
15.2	1674.0
25.0	974.0
22.9	916.0
12.1	1284.0
7.7	1243.0
13.0	1466.0
21.0	658.0
16.3	883.0
15.2	387.0
16.6	2497.0
20.2	270.0
23.6	215.0
10.0	1152.0
19.1	185.0
21.0	470.0
21.7	600.0
15.5	1934.0
13.2	672.0
18.5	583.0
24.8	1956.0
15.6	2055.0
14.9	1252.0
15.4	1314.0
16.3	2278.0
21.3	405.0
14.8	2809.0
21.3	759.0
14.8	922.0
15.4	2127.0
23.3	651.0
14.3	1657.0
23.3	712.0
11.9	1249.0
23.4	1836.0
21.2	831.0
22.8	2416.0
23.3	160.0
24.5	654.0
23.1	152.0
23.0	1847.0
20.8	327.0
22.2	700.0
21.0	704.0
24.3	507.0
20.8	1277.0
15.5	1292.0
24.8	1211.0
14.3	937.0
21.0	2594.0
19.4	1588.0
21.8	223.0
22.4	1105.0
21.0	688.0
13.2	1193.0
21.2	266.0
13.6	1283.0
24.3	593.0
20.6	1887.0
23.1	982.0
12.8	1148.0
21.2	1903.0
23.0	19.0
19.1	376.0
23.5	2931.0
14.6	803.0
21.1	1156.0
22.2	355.0
18.9	3172.0
22.0	653.0
9.5	228.0
20.1	584.0
20.5	700.0
21.2	697.0
19.0	2487.0
23.7	1591.0
21.8	218.0
21.5	133.0
12.8	138.0
12.0	2115.0
20.2	1468.0
23.0	322.0
18.4	579.0
21.2	347.0
14.8	744.0
26.1	559.0
14.3	1073.0
21.3	2057.0
19.5	1084.0
11.9	3088.0
12.8	1177.0
24.0	613.0
14.9	2505.0
11.4	1003.0
12.1	2515.0
23.1	1034.0
21.0	909.0
20.2	1223.0
9.9	560.0
21.5	2640.0
20.4	586.0
21.3	1169.0
18.6	61.0
16.3	776.0
25.0	428.0
16.0	1153.0
17.3	561.0
15.5	2114.0
15.0	161.0
16.3	275.0
24.9	260.0
24.5	189.0
23.9	187.0
15.6	967.0
20.8	1157.0
25.1	992.0
22.7	1972.0
18.5	273.0
24.4	561.0
19.1	1646.0
19.6	417.0
20.1	1030.0
18.0	381.0
25.2	313.0
23.3	1511.0
19.1	352.0
20.1	84.0
18.7	675.0
12.8	1004.0
23.8	1783.0
19.5	381.0
17.1	929.0
19.8	670.0
24.8	459.0
11.1	232.0
20.5	837.0
19.9	29.0
18.2	1592.0
15.1	1047.0
22.9	24.0
24.5	827.0
20.5	1158.0
21.8	1086.0
9.6	1166.0
13.8	1064.0
18.0	1049.0
22.3	1836.0
23.1	1870.0
17.0	2481.0
20.2	2274.0
21.8	818.0
21.4	2023.0
14.6	987.0
21.9	301.0
20.7	263.0
23.9	1826.0
13.5	351.0
11.1	1416.0
22.5	1355.0
12.5	2984.0
21.6	699.0
19.8	913.0
21.0	263.0
20.2	483.0
22.7	938.0
19.5	826.0
16.1	2145.0
21.8	1350.0
26.1	797.0
22.0	739.0
20.1	827.0
18.8	668.0
19.2	719.0
22.0	691.0
22.0	1311.0
21.6	2273.0
20.4	711.0
12.5	862.0
23.8	920.0
23.1	920.0
20.8	27.0
19.1	164.0
24.9	656.0
13.6	925.0
15.9	403.0
16.7	735.0
22.2	499.0
10.6	1071.0
25.1	546.0
14.1	766.0
18.5	965.0
15.7	868.0
25.0	850.0
12.3	1191.0
9.3	1116.0
18.0	2372.0
16.3	535.0
14.9	1274.0
21.1	1142.0
19.2	622.0
24.8	1693.0
20.5	1062.0
17.5	2175.0
15.6	1099.0
14.3	915.0
16.0	217.0
16.7	2246.0
21.5	1971.0
18.4	545.0
15.9	324.0
18.6	424.0
20.0	1162.0
20.1	1241.0
19.4	788.0
19.8	267.0
21.7	281.0
22.7	1945.0
19.0	542.0
21.6	766.0
20.9	920.0
16.8	1624.0
22.8	429.0
20.9	630.0
15.1	938.0
20.5	1450.0
20.9	65.0
13.5	657.0
16.7	2330.0
11.9	1671.0
24.4	1465.0
21.2	865.0
15.1	1152.0
22.8	1517.0
14.6	1070.0
24.1	646.0
22.1	615.0
20.0	211.0
22.7	714.0
15.0	296.0
22.4	657.0
14.0	301.0
20.6	670.0
23.9	708.0
19.1	1288.0
13.3	1861.0
16.9	1807.0
20.5	627.0
15.9	681.0
19.7	786.0
15.8	1717.0
21.2	2135.0
24.0	2367.0
15.6	1550.0
22.2	1008.0
10.8	1076.0
10.2	787.0
15.6	365.0
16.3	1280.0
25.9	1553.0
23.7	346.0
13.2	1442.0
16.2	1491.0
15.9	273.0
15.9	2162.0
18.9	94.0
20.7	328.0
23.6	1097.0
21.8	199.0
17.9	258.0
15.5	2163.0
13.0	1434.0
8.4	540.0
12.2	619.0
20.2	368.0
20.0	721.0
27.2	1117.0
16.3	1056.0
21.5	547.0
23.2	834.0
23.5	306.0
15.4	723.0
16.3	1029.0
18.8	2153.0
19.9	768.0
13.5	1497.0
25.2	1535.0
26.8	314.0
17.7	2200.0
13.4	366.0
25.2	1565.0
14.3	1100.0
13.3	306.0
20.3	355.0
17.0	2288.0
12.1	1442.0
21.4	402.0
15.2	1445.0
11.2	353.0
10.9	867.0
10.7	1271.0
18.4	1993.0
18.4	1486.0
22.8	1899.0
15.8	558.0
22.9	1358.0
13.3	262.0
13.2	1202.0
20.7	1040.0
21.2	1224.0
15.7	453.0
19.6	2602.0
23.0	1306.0
12.8	1401.0
16.6	3238.0
19.8	297.0
21.5	443.0
20.4	103.0
18.3	1212.0
12.1	1074.0
22.9	644.0
20.0	1536.0
24.6	1286.0
22.8	749.0
7.2	2349.0
10.9	1165.0
20.2	499.0
16.4	978.0
9.0	934.0
20.7	2637.0
22.4	600.0
8.2	1085.0
20.0	652.0
24.7	942.0
20.3	476.0
21.6	953.0
17.3	215.0
14.9	1965.0
21.3	1571.0
19.6	1300.0
23.9	776.0
10.0	764.0
19.6	1821.0
23.7	639.0
22.1	2884.0
23.3	1879.0
20.3	476.0
20.8	201.0
21.2	266.0
20.8	65.0
9.8	317.0
18.4	632.0
10.2	299.0
11.6	475.0
20.5	643.0
6.4	2251.0
20.1	54.0
8.5	423.0
19.3	1243.0
15.3	2088.0
21.2	1107.0
19.7	244.0
19.4	513.0
11.1	1421.0
21.0	1820.0
21.3	941.0
20.7	1433.0
15.3	986.0
10.3	1490.0
22.4	698.0
11.9	959.0
13.4	1035.0
22.8	1113.0
12.0	1634.0
17.0	225.0
18.4	912.0
25.3	1046.0
23.8	1111.0
21.4	796.0
20.1	818.0
20.8	629.0
23.7	774.0
21.3	57.0
19.3	1556.0
8.9	2732.0
13.9	2333.0
18.8	2274.0
22.3	1684.0
9.6	339.0
23.0	1587.0
14.2	353.0
24.4	1480.0
22.0	1466.0
21.7	901.0
7.8	1134.0
20.4	668.0
10.0	2508.0
20.1	596.0
18.7	304.0
16.5	1912.0
13.9	1714.0
22.5	649.0
10.3	1593.0
24.8	1868.0
22.0	598.0
15.1	1449.0
20.3	381.0
24.8	1079.0
11.4	1120.0
7.7	2246.0
13.7	218.0
14.0	1462.0
10.7	294.0
16.3	2101.0
7.4	2460.0
21.6	286.0
20.5	1447.0
15.2	1416.0
15.4	2104.0
11.8	1053.0
21.4	234.0
16.2	1400.0
9.2	2287.0
24.0	2367.0
17.6	902.0
13.4	1483.0
15.9	611.0
22.9	1298.0
15.5	2161.0
11.3	2375.0
23.3	614.0
13.8	1258.0
19.8	22.0
15.2	3196.0
20.6	1947.0
13.6	742.0
25.3	632.0
22.3	1007.0
21.7	25.0
25.0	162.0
12.8	733.0
14.7	527.0
9.0	351.0
18.8	585.0
18.1	1130.0
24.9	295.0
20.1	286.0
13.9	486.0
23.0	602.0
19.6	708.0
19.9	1807.0
17.0	1285.0
22.5	832.0
24.3	231.0
16.2	304.0
13.8	2267.0
24.4	60.0
15.3	206.0
22.8	966.0
23.9	1063.0
12.5	2404.0
14.3	1181.0
21.3	460.0
10.6	1307.0
20.3	260.0
20.4	1995.0
14.8	2000.0
23.8	724.0
10.0	1005.0
21.1	959.0
22.5	238.0
13.5	1700.0
22.0	778.0
22.4	550.0
21.3	547.0
12.8	963.0
24.4	1654.0
20.5	2241.0
20.7	222.0
19.1	626.0
10.5	970.0
24.8	571.0
21.6	123.0
19.5	898.0
21.7	1038.0
22.6	354.0
25.5	1850.0
18.8	769.0
11.0	769.0
22.7	872.0
16.6	2429.0
17.0	1394.0
24.6	983.0
26.0	614.0
12.8	2322.0
19.6	1554.0
22.0	1044.0
20.8	827.0
17.7	771.0
8.2	1399.0
22.3	995.0
16.5	1216.0
21.4	443.0
20.6	670.0
12.3	313.0
16.6	606.0
20.2	1935.0
10.3	1704.0
18.6	916.0
20.5	762.0
21.7	200.0
22.0	643.0
21.6	487.0
22.5	1310.0
15.0	645.0
19.8	44.0
12.6	1219.0
14.2	2328.0
24.1	858.0
14.0	1240.0
15.7	2238.0
16.4	238.0
24.3	509.0
15.3	2348.0
17.7	71.0
21.9	455.0
20.4	554.0
15.9	249.0
23.5	1881.0
21.6	274.0
19.3	1017.0
22.4	971.0
16.3	2436.0
21.2	18.0
8.0	1707.0
12.7	331.0
20.6	11.0
8.8	1229.0
21.9	945.0
24.3	1994.0
19.9	1070.0
24.5	334.0
20.3	2372.0
24.9	461.0
19.4	1596.0
23.2	1439.0
11.3	1525.0
20.3	944.0
20.9	666.0
24.8	925.0
11.6	2337.0
24.0	303.0
21.5	1069.0
21.2	51.0
23.5	934.0
22.0	545.0
24.7	581.0
23.3	960.0
21.2	1635.0
17.0	782.0
11.4	857.0
13.8	1979.0
10.9	844.0
22.7	1823.0
25.3	969.0
22.5	467.0
19.8	866.0
23.9	875.0
22.4	62.0
18.1	174.0
22.4	45.0
19.6	318.0
19.4	560.0
12.9	2235.0
9.3	1505.0
21.7	2114.0
19.9	2091.0
22.5	585.0
21.0	931.0
22.2	535.0
8.0	831.0
16.5	1444.0
19.8	780.0
19.6	95.0
21.8	944.0
21.7	828.0
20.6	845.0
21.1	1156.0
17.9	682.0
14.3	1137.0
19.4	1732.0
13.9	1118.0
16.1	755.0
23.1	1291.0
25.2	706.0
9.4	267.0
20.5	996.0
22.5	583.0
17.5	2741.0
26.0	231.0
23.6	1437.0
21.5	740.0
20.2	233.0
15.3	255.0
20.6	540.0
21.7	2188.0
6.4	1396.0
22.5	1291.0
12.6	3380.0
15.4	1939.0
20.8	292.0
13.2	1129.0
23.2	842.0
19.0	168.0
22.4	490.0
21.5	727.0
21.7	393.0
22.8	252.0
22.7	662.0
24.4	647.0
15.2	710.0
12.8	2811.0
20.8	634.0
14.3	1721.0
21.5	937.0
13.7	403.0
21.2	837.0
21.1	822.0
11.8	312.0
20.9	304.0
18.8	1011.0
23.8	818.0
21.8	555.0
19.8	1061.0
25.4	151.0
16.0	769.0
25.6	740.0
20.9	1869.0
21.3	289.0
19.3	310.0
21.8	977.0
16.1	900.0
16.3	1066.0
21.9	1603.0
19.8	1425.0
22.9	1169.0
15.1	968.0
20.2	40.0
20.0	1246.0
13.9	2367.0
20.5	9.0
18.4	1404.0
21.2	1630.0
21.6	231.0
25.6	409.0
21.1	1641.0
19.3	992.0
19.7	71.0
20.1	729.0
21.2	715.0
11.2	1111.0
19.0	652.0
12.6	1471.0
18.6	827.0
23.3	1870.0
23.8	1605.0
20.6	215.0
9.7	648.0
19.9	909.0
21.5	1177.0
21.7	619.0
15.5	592.0
19.9	1469.0
13.7	2232.0
19.5	1117.0
23.6	771.0
21.5	173.0
15.2	998.0
25.0	219.0
18.9	713.0
20.9	14.0
21.0	1005.0
15.3	2096.0
17.0	470.0
9.1	244.0
19.3	1330.0
13.9	1224.0
16.1	1146.0
13.8	2348.0
21.3	910.0
21.9	768.0
25.8	628.0
23.3	850.0
22.3	657.0
16.5	2779.0
6.7	1393.0
21.9	939.0
10.9	832.0
23.1	681.0
13.6	483.0
12.7	1246.0
22.0	640.0
22.3	921.0
9.0	1253.0
18.9	1582.0
21.6	1030.0
22.0	886.0
20.9	75.0
22.9	1923.0
23.3	499.0
12.7	1191.0
21.5	17.0
16.2	1672.0
14.3	451.0
14.2	1030.0
18.2	575.0
21.6	227.0
22.8	839.0
21.6	1356.0
19.2	527.0
20.9	20.0
19.7	1112.0
20.7	345.0
16.2	164.0
19.5	2636.0
25.5	236.0
21.3	585.0
21.3	1112.0
21.5	1708.0
22.6	56.0
12.3	3227.0
16.1	1263.0
23.5	99.0
21.4	1232.0
24.9	634.0
13.2	143.0
23.4	73.0
12.4	2190.0
14.9	2273.0
21.1	563.0
23.2	42.0
20.4	128.0
14.0	3418.0
21.1	218.0
23.2	306.0
24.8	1664.0
11.2	1036.0
15.4	1422.0
13.9	2579.0
23.3	22.0
21.5	701.0
20.4	794.0
20.5	901.0
24.2	752.0
18.8	1357.0
22.0	128.0
18.4	582.0
19.5	3113.0
21.4	1999.0
26.6	309.0
22.2	862.0
19.9	2099.0
15.3	1024.0
21.1	549.0
14.6	1171.0
8.7	410.0
13.0	316.0
15.4	1475.0
15.4	1295.0
21.8	867.0
21.4	537.0
11.1	1020.0
24.5	218.0
21.9	1321.0
22.8	349.0
18.6	188.0
14.7	1381.0
11.2	754.0
22.9	861.0
20.3	1346.0
21.0	477.0
24.7	1127.0
21.1	2326.0
9.8	2146.0
9.8	1991.0
11.9	2441.0
21.5	306.0
22.8	977.0
25.3	322.0
20.2	584.0
16.8	72.0
13.8	1732.0
16.6	2289.0
14.2	375.0
16.3	1252.0
18.6	438.0
20.1	1707.0
22.3	377.0
22.5	1352.0
14.9	2377.0
22.7	1006.0
20.6	822.0
20.3	719.0
11.9	1196.0
22.4	791.0
20.1	1275.0
20.6	372.0
23.6	991.0
22.3	2092.0
23.7	1075.0
15.4	1342.0
20.1	2368.0
10.9	807.0
20.3	1329.0
22.2	2264.0
18.5	199.0
22.5	622.0
20.0	468.0
16.5	735.0
22.2	1193.0
19.3	993.0
21.1	655.0
15.1	1543.0
21.6	855.0
17.3	369.0
20.6	778.0
17.6	1516.0
20.4	878.0
20.9	1191.0
13.2	2283.0
19.3	1238.0
22.4	677.0
23.7	1731.0
22.2	241.0
17.0	1384.0
21.9	1980.0
22.7	1948.0
11.6	2346.0
20.7	813.0
21.3	16.0
21.9	208.0
22.7	498.0
22.9	1898.0
21.5	933.0
12.7	1646.0
19.0	2288.0
20.1	289.0
19.4	2029.0
23.6	214.0
18.2	1015.0
10.7	1144.0
14.7	144.0
19.2	1391.0
19.7	40.0
19.8	438.0
12.1	760.0
9.9	1969.0
25.1	248.0
17.8	764.0
23.5	1279.0
14.1	1328.0
22.0	224.0
21.8	1423.0
21.2	1940.0
13.7	265.0
20.0	27.0
23.2	2313.0
19.9	2087.0
18.3	1231.0
17.0	384.0
13.1	1787.0
20.0	10.0
14.3	1014.0
23.0	3016.0
23.0	1924.0
18.6	2063.0
20.4	1195.0
21.0	766.0
14.5	2474.0
25.3	1547.0
10.5	1918.0
15.5	715.0
16.3	288.0
21.8	2202.0
16.9	727.0
18.5	1801.0
18.3	1006.0
21.0	1728.0
10.6	673.0
11.8	572.0
21.1	60.0
22.6	1381.0
25.4	671.0
19.7	797.0
20.2	722.0
15.1	1158.0
23.8	792.0
20.9	266.0
16.2	1979.0
12.3	1529.0
13.9	972.0
18.4	187.0
10.0	2505.0
19.4	1168.0
10.4	1094.0
12.7	1517.0
17.9	348.0
20.6	890.0
7.0	2493.0
16.8	1323.0
15.6	670.0
8.6	1072.0
22.6	381.0
22.2	881.0
23.1	198.0
21.7	292.0
22.2	1426.0
11.1	324.0
20.4	612.0
17.7	810.0
22.0	1340.0
20.2	1325.0
18.8	895.0
14.2	1360.0
16.0	914.0
24.7	619.0
23.9	240.0
22.5	645.0
15.8	1210.0
22.1	781.0
19.3	254.0
20.6	761.0
19.6	1117.0
11.2	791.0
13.2	1754.0
11.5	1062.0
24.7	594.0
20.3	877.0
12.1	2123.0
12.0	536.0
23.8	537.0
20.1	1213.0
19.8	436.0
18.5	59.0
23.0	2048.0
12.7	1204.0
16.5	2140.0
19.5	701.0
23.3	1811.0
19.8	625.0
19.6	655.0
19.4	37.0
13.8	1256.0
14.3	1834.0
14.3	1473.0
21.8	578.0
19.7	980.0
20.0	710.0
14.2	1025.0
22.3	608.0
8.9	1073.0
21.9	245.0
20.6	810.0
17.0	2519.0
14.4	1071.0
21.5	1478.0
19.0	2084.0
12.3	1488.0
22.1	1103.0
21.6	1125.0
19.4	1686.0
16.5	2256.0
20.2	435.0
19.4	826.0
18.5	847.0
12.3	276.0
21.5	887.0
20.2	784.0
21.5	676.0
22.5	373.0
21.8	671.0
14.3	2873.0
24.6	853.0
21.7	316.0
18.6	816.0
12.4	786.0
11.6	677.0
16.9	1479.0
22.9	1165.0
15.2	317.0
19.0	1685.0
25.8	1095.0
12.4	1752.0
6.8	1334.0
19.0	696.0
20.2	28.0
21.7	1078.0
21.8	266.0
15.2	1184.0
15.6	732.0
22.3	30.0
20.2	217.0
20.6	1209.0
22.6	1143.0
19.1	1362.0
19.4	456.0
20.1	1202.0
20.2	672.0
16.6	1108.0
18.9	173.0
23.0	600.0
20.1	214.0
23.4	212.0
21.0	482.0
19.0	2215.0
24.7	1548.0
14.6	1442.0
21.9	1022.0
23.3	908.0
21.5	820.0
20.9	641.0
19.8	326.0
20.2	703.0
19.8	769.0
13.7	1399.0
19.0	1016.0
16.4	554.0
11.7	952.0
15.7	2317.0
13.1	448.0
15.5	1276.0
16.0	336.0
19.2	1308.0
19.0	382.0
18.7	760.0
13.1	483.0
11.8	1602.0
19.7	284.0
19.8	334.0
19.4	839.0
16.6	878.0
18.9	152.0
20.5	1241.0
20.6	853.0
19.7	776.0
10.6	193.0
16.0	1551.0
16.4	2481.0
21.1	591.0
14.5	1890.0
22.3	193.0
23.9	484.0
21.1	2770.0
20.2	1889.0
11.2	2149.0
21.9	665.0
21.1	104.0
22.0	278.0
14.7	2525.0
24.8	1698.0
12.3	1033.0
22.8	1175.0
9.2	684.0
17.5	2022.0
15.4	1764.0
25.1	569.0
22.2	540.0
19.7	552.0
13.3	1170.0
22.9	405.0
21.8	636.0
14.6	1117.0
25.3	489.0
23.6	718.0
20.7	1552.0
16.0	716.0
20.7	782.0
16.1	1600.0
18.8	1990.0
22.9	676.0
20.0	1618.0
10.8	567.0
21.8	648.0
18.1	1932.0
24.5	122.0
20.0	957.0
18.6	68.0
14.5	2370.0
16.5	2286.0
20.2	261.0
21.6	1615.0
22.3	2245.0
16.7	418.0
22.1	403.0
19.7	2528.0
25.0	875.0
16.4	2474.0
23.5	81.0
22.8	1665.0
22.1	1595.0
19.1	938.0
22.7	2305.0
25.1	340.0
15.8	1629.0
24.6	295.0
16.1	3309.0
20.2	2281.0
18.4	1088.0
19.7	53.0
15.9	1251.0
20.2	126.0
23.0	1421.0
17.4	719.0
23.1	1936.0
16.4	262.0
24.7	700.0
15.1	2352.0
10.7	904.0
12.2	1427.0
14.2	290.0
23.0	83.0
15.6	2235.0
13.3	792.0
19.6	491.0
14.2	1156.0
24.4	1613.0
20.5	2309.0
20.6	1202.0
20.5	196.0
21.8	725.0
21.6	441.0
22.2	642.0
21.4	824.0
24.4	292.0
24.4	1065.0
16.2	1209.0
25.1	258.0
19.2	2115.0
12.7	776.0
20.1	859.0
25.2	183.0
23.4	1968.0
21.7	2153.0
21.6	1471.0
12.3	304.0
20.1	1944.0
15.9	965.0
25.2	1136.0
18.3	492.0
21.8	1209.0
19.8	956.0
20.8	985.0
17.5	154.0
19.3	561.0
19.8	2347.0
21.9	531.0
23.2	1144.0
21.8	610.0
22.2	901.0
22.7	964.0
22.3	696.0
20.8	456.0
17.1	760.0
19.9	1579.0
19.6	1202.0
23.4	1105.0
24.3	1088.0
22.7	639.0
23.2	57.0
19.0	2836.0
22.4	624.0
21.4	1797.0
21.8	372.0
23.6	666.0
24.0	1301.0
18.8	1274.0
20.4	1251.0
22.2	443.0
9.6	1374.0
24.1	1494.0
25.0	230.0
18.9	255.0
15.2	1354.0
21.8	1013.0
16.3	870.0
12.5	1458.0
26.1	1441.0
11.4	771.0
22.0	356.0
12.9	1744.0
15.4	715.0
11.7	396.0
15.0	1563.0
21.9	411.0
23.5	2069.0
25.5	1500.0
23.9	240.0
25.2	461.0
15.2	1342.0
21.2	1021.0
25.1	707.0
16.3	2179.0
22.1	906.0
11.3	970.0
14.2	963.0
17.8	325.0
22.7	1705.0
15.2	2451.0
15.7	822.0
21.1	2289.0
15.0	475.0
21.7	530.0
19.7	695.0
19.8	1006.0
21.6	415.0
21.3	1068.0
25.0	1182.0
9.8	1834.0
18.7	1717.0
22.0	267.0
13.8	1197.0
15.2	2475.0
22.8	44.0
22.2	1365.0
23.6	2058.0
14.5	1430.0
13.7	717.0
21.7	2114.0
20.9	332.0
15.1	1456.0
19.7	1432.0
23.2	805.0
20.0	727.0
14.3	1102.0
17.0	2002.0
24.2	1411.0
19.4	310.0
21.2	562.0
21.9	741.0
22.3	1046.0
24.8	455.0
22.0	681.0
0.0	1044.0
21.0	1308.0
21.8	475.0
23.8	1158.0
22.1	171.0
25.3	1657.0
19.7	886.0
11.5	555.0
18.3	1937.0
18.7	1052.0
21.9	726.0
18.7	290.0
18.4	1959.0
22.4	763.0
23.2	2112.0
15.4	425.0
16.6	763.0
16.9	2337.0
23.3	346.0
22.8	1106.0
19.2	490.0
22.4	469.0
17.1	3384.0
20.4	23.0
10.5	2066.0
15.6	340.0
20.6	1896.0
22.5	794.0
18.5	785.0
24.5	327.0
22.7	407.0
22.9	283.0
14.1	1087.0
22.2	59.0
24.5	1929.0
16.0	2962.0
18.8	565.0
16.4	1002.0
23.6	846.0
24.6	614.0
19.4	745.0
21.9	526.0
22.7	1773.0
14.2	2223.0
