123.383675	12.0
522.951116	1.0
1674.98771	17.0
317.89198	44.0
446.4434494	24.0
31.122378	22.0
1932.85829	5.0
1173.26212	6.0
274.819723	56.0
3364.423711	0.0
494.358832	1.0
326.281212	1.0
477.182746	85.0
78.377632	91.0
563.491487	23.0
3739.11936	127.0
126.928834	201.0
34879.72633	4.0
7863.1629	0.0
2964.47734	1.0
5593.822995	4.0
27.564826	21.0
3528.1318	1.0
63.38877	1.0
519.7999346	108.0
88.874858	0.0
3736.228	2.0
388.363689	1.0
26917.75898	0.0
498.172394	62.0
3679.19275	4.0
174.51475	8.0
412.739341	45.0
5351.253732	3.0
3416.71483	2.0
2893.651356	15.0
25324.48666	0.0
14638.6482	0.0
484.155471	231.0
952.1872484	93.0
341.39992	243.0
14672.8826	0.0
6871.897677	1.0
971.356987	4.0
1175.788981	1.0
97.649972	8.0
7384.354661	36.0
1325.99724	2.0
7362.76139	62.0
5323.473877	20.0
1152.39681	1.0
41785.55691	3.0
456.512487	268.0
4657.32361	8.0
18784.9485	1.0
414.15177	3.0
154.68923	0.0
1463.213573	45.0
4439.23	8.0
2965.142365	6.0
8959.581416	40.0
672.92113	66.0
35849.37364	2.0
987.7365832	65.0
3818.46396	0.0
1242.95373	1.0
36189.58838	2.0
3651.966784	0.0
279.142931	1.0
2187.79469	0.0
2327.4591	1.0
1578.4239	7.0
1828.717626	6.0
1182.869227	82.0
5411.87744	1.0
277.83438	18.0
3661.994	1.0
3453.487434	0.0
247.24276	87.0
2213.91488	5.0
4316.553895	54.0
157.145691	4.0
1451.29776	11.0
625.65544	15.0
2327.3267	817.0
458.8681744	54.0
1311.741714	6.0
38242.4252	0.0
3861.32414	0.0
5451.6696	8.0
438.7513346	44.0
265.353659	2.0
4697.11135	1.0
622.7427477	1.0
3529.53482	121.0
5191.58381	4.0
713.63562	44.0
2472.197831	21.0
4676.315183	4.0
1247.61392	1.0
51874.848	1.0
78.92744	237.0
635.789635	8.0
2594.74999	0.0
3386.256	18.0
8297.483621	2.0
769.1742883	2.0
4344.15177	0.0
15835.34667	0.0
5339.441291	1.0
738.3475227	12.0
967.34773	89.0
46657.629	0.0
7986.798439	49.0
473.34279	3.0
81.86157	0.0
11326.21947	0.0
2835.281237	3.0
337.2253	73.0
796.7937634	0.0
2965.82434	0.0
833.31332	0.0
452.74948	39.0
1657.889256	4.0
4916.54886	2.0
785.6928841	16.0
1214.556667	0.0
998.8226671	2.0
5414.634326	84.0
765.8632358	1.0
592.1835216	30.0
2571.262348	0.0
1366.879112	14.0
2825.5247	14.0
633.79498	0.0
198.455216	1.0
1672.5693	25.0
263.27236	0.0
11984.86857	0.0
697.7451989	12.0
5116.45424	0.0
25.2941299	118.0
543.957418	7.0
154.518572	0.0
8.376432	0.0
188.783165	8.0
287.931877	38.0
1577.457182	10.0
1849.63911	37.0
1355.74586	0.0
36967.28292	1.0
321.942547	9.0
1272.44825	0.0
1312.67557	59.0
862.9463118	6.0
594.9972557	119.0
2819.511161	4.0
419.2258149	98.0
138.91977	90.0
959.372181	608.0
1175.116225	4.0
3474.392445	2.0
2754.7829	16.0
3297.35471	0.0
576.883829	12.0
61.799977	39.0
4438.23741	1.0
1229.958	10.0
369.1545359	117.0
2152.1432	1.0
2182.99711	0.0
231.1943256	34.0
276.1338	0.0
77.5773486	15.0
22538.6548	0.0
6346.15624	3.0
276.75896	9.0
12599.52486	2.0
482.24762	1.0
3126.71767	1.0
1886.433359	0.0
3771.278957	9.0
348.151511	95.0
584.25921	83.0
487.9238913	21.0
16683.94578	0.0
6741.293948	3.0
1637.4567	4.0
691.997711	2.0
3488.493769	0.0
22465.64184	4.0
2178.921383	1.0
896.5697341	80.0
3352.731296	0.0
773.8698713	40.0
87.8938738	893.0
45.128418	40.0
1276.265	11.0
691.3178164	55.0
849.8626972	3.0
1276.28834	1.0
4492.72764	4.0
3954.22783	0.0
77.819	2000.0
3933.332215	0.0
711.4699463	459.0
48735.99549	0.0
631.9468526	14.0
369.239336	4.0
223.83787	4.0
1286.17764	2.0
4682.728424	1.0
48538.58776	0.0
1377.8214	23.0
4463.394675	24.0
621.93372	2.0
575.32176	12.0
1753.4178	392.0
11224.1548	61.0
11.631377	32.0
327.42597	13.0
2968.41186	0.0
3113.48635	167.0
315.788227	155.0
2129.499242	74.0
5334.93329	1.0
757.6717572	161.0
1177.629268	12.0
22551.73574	1.0
282.4242	9.0
7937.259931	2.0
3225.591754	3.0
4611.47298	0.0
1192.5174	0.0
546.776852	28.0
2873.862141	4.0
1526.497938	3.0
1643.758397	1.0
6843.263289	1.0
3658.63832	0.0
337.359236	12.0
1668.162731	5.0
12323.1275	0.0
116.2743	5.0
8289.69641	0.0
3349.68823	4.0
1194.697155	84.0
1493.1651	0.0
213.755559	26.0
821.251569	3.0
1259.87591	5.0
114.56	122.0
34696.6292	3.0
3312.825985	0.0
31959.26215	2.0
14676.769	2.0
553.32894	102.0
169.28586	1.0
3681.5993	8.0
14.142268	461.0
757.695974	39.0
1338.31322	0.0
15.57434	37.0
184.68447	0.0
3218.381655	1.0
482.14994	9.0
28.3673842	62.0
1469.849149	0.0
251.2426	3.0
11938.212	1.0
7578.85153	0.0
248.13459	0.0
575.4464527	74.0
487.942556	101.0
2834.2472	23.0
444.76575	43.0
474.2133361	3.0
445.17471	5.0
47447.4762	2.0
3893.68998	1.0
1129.754961	0.0
2651.71745	2.0
5842.85784	6.0
14965.361	0.0
3194.562243	4.0
1332.382358	32.0
3595.8855	0.0
7558.7426	0.0
2611.17931	1.0
8763.826274	1.0
8754.113376	3.0
2238.4116	5.0
522.493191	12.0
1345.77153	1600.0
547.3588785	39.0
24517.26745	0.0
6682.281158	0.0
8199.414621	1.0
23718.7467	4.0
3547.59975	0.0
153.57521	1.0
