3.28	62.0
11.15	75.7
6.83	68.4
5.72	65.4
3.9	49.2
3.24	72.9
8.45	73.6
1.87	51.1
5.3	69.0
3.98	68.3
5.34	76.2
6.6	65.9
8.27	72.7
6.35	56.5
7.91	62.8
7.3	75.0
2.79	67.2
1.6	81.0
5.83	78.0
1.5	73.8
3.29	73.4
3.4	71.1
8.7	73.0
5.55	73.0
4.36	54.1
7.83	67.4
9.56	81.9
7.12	77.6
9.18	83.0
4.51	58.9
8.42	73.4
3.51	63.3
4.86	63.3
5.62	51.7
8.45	81.0
3.55	72.5
6.37	78.7
6.25	75.6
2.68	67.8
4.75	52.8
6.86	61.8
5.77	78.1
7.82	75.1
3.99	74.1
6.26	72.6
4.42	67.8
5.45	72.4
8.84	61.3
8.5	58.0
5.21	65.0
9.14	76.6
11.25	81.0
4.89	75.0
5.9	75.0
9.98	77.7
6.54	74.8
5.31	72.0
4.41	58.0
1.99	65.8
7.81	69.8
6.39	75.6
4.98	74.8
9.42	81.8
1.92	65.4
7.23	79.5
7.6	78.2
9.57	81.0
4.23	69.1
6.12	73.5
8.3	83.0
8.12	77.6
7.86	68.4
6.41	67.0
5.28	55.3
1.9	74.4
6.79	69.2
7.36	81.7
5.7	72.6
1.83	63.9
5.4	72.9
4.95	74.0
6.7	72.1
3.38	72.8
6.76	73.6
3.47	52.0
1.5	52.9
7.81	72.5
1.53	79.4
3.78	71.0
4.6	72.7
4.55	57.8
4.7	66.3
7.74	78.6
6.25	72.0
3.39	49.6
7.89	63.0
5.37	52.4
5.91	71.4
5.47	71.9
5.28	65.0
9.2	81.9
1.98	66.3
5.59	67.5
6.52	72.3
5.82	73.1
5.83	73.4
5.82	61.8
5.85	69.5
8.83	79.0
8.42	73.9
6.4	67.3
3.97	63.0
11.17	84.0
6.4	75.3
11.2	81.3
1.4	64.3
6.55	72.8
7.19	71.0
8.7	57.3
8.12	64.1
4.71	71.0
5.81	73.0
3.82	76.0
9.65	71.7
7.48	75.8
5.95	66.6
1.6	64.9
5.9	64.5
7.77	53.8
6.91	62.0
6.43	68.0
4.47	71.6
4.18	61.8
6.64	77.0
7.93	76.7
5.83	65.0
5.61	74.2
4.75	71.6
7.9	72.4
4.21	66.0
4.47	72.1
8.7	57.3
6.7	56.7
4.56	65.8
5.29	73.3
6.63	71.0
6.83	55.3
4.11	73.5
4.13	66.8
8.25	76.6
9.24	78.9
5.87	74.2
7.47	68.3
5.33	69.0
6.3	44.5
11.2	58.4
3.43	74.5
5.38	54.0
3.21	66.8
4.6	71.7
6.11	71.2
6.91	72.0
4.72	72.8
6.46	71.6
6.85	74.9
4.73	56.5
1.17	80.0
4.16	63.9
6.87	58.0
7.13	78.9
8.0	69.6
8.82	56.8
3.87	67.7
6.42	64.0
1.44	79.6
5.64	61.1
2.97	59.4
6.88	76.3
4.7	73.5
6.89	68.1
3.87	69.9
4.7	64.6
6.36	58.2
8.16	65.0
5.37	57.4
5.29	74.0
2.76	65.0
5.26	48.4
6.94	71.8
9.52	74.3
9.77	78.8
5.17	67.9
2.95	51.2
6.0	71.0
5.35	65.0
4.11	49.2
1.32	48.1
6.55	75.5
7.56	49.3
0.92	66.9
6.13	68.0
5.5	73.7
6.0	77.8
4.28	64.4
4.45	69.0
2.91	62.9
7.48	77.8
3.98	58.9
8.47	53.6
8.88	72.4
6.97	79.1
5.3	75.0
8.76	86.0
5.34	68.3
5.12	74.7
4.32	60.0
3.81	73.9
4.66	73.9
8.27	73.8
4.62	64.3
11.87	59.7
8.5	75.0
2.74	68.1
9.36	53.2
4.37	67.9
1.86	72.7
3.6	69.9
4.92	72.6
9.36	79.3
5.9	72.0
8.5	76.5
9.1	73.2
9.58	76.4
3.91	72.2
5.11	67.3
6.8	46.0
6.58	73.2
5.25	73.0
7.24	73.4
3.61	68.3
5.89	65.5
4.33	77.0
5.31	69.5
5.39	73.0
7.95	78.8
4.64	47.8
3.91	67.0
1.52	65.3
5.6	77.0
6.2	75.0
4.6	74.2
8.2	54.8
1.52	79.2
4.83	72.5
8.71	88.0
7.21	79.1
9.2	58.8
6.7	71.1
4.26	69.7
3.2	65.1
4.95	58.7
5.2	72.8
9.84	53.4
3.59	72.4
4.56	73.5
3.24	62.1
8.2	46.0
3.28	69.0
7.91	79.4
8.63	76.3
4.62	71.8
4.86	71.8
7.17	57.5
6.34	53.6
5.86	72.8
6.44	44.6
4.92	62.8
3.4	72.4
11.2	81.2
7.8	72.1
5.24	66.2
8.12	81.0
5.33	71.1
7.68	86.0
5.57	74.2
4.18	68.6
6.78	68.9
6.37	76.0
7.44	80.0
7.19	74.9
3.41	62.3
8.17	69.0
5.3	73.7
4.28	66.4
7.1	46.0
1.6	78.1
6.9	75.3
9.66	78.1
1.1	78.0
4.59	72.8
8.6	73.9
