27.94	19107.7796
32.78	36021.0112
20.52	14571.8908
33.535	34617.84065
24.605	21259.37795
44.88	39722.7462
36.3	47403.88
36.08	42211.1382
27.06	17043.3414
31.68	34672.1472
27.36	24393.6224
26.4	19539.243
31.4	34166.273
30.875	46718.16325
20.9	21195.818
39.05	40932.4295
20.13	18767.7377
24.32	24869.8368
24.89	21659.9301
28.49	18328.2381
36.08	37133.8982
35.97	42124.5153
20.045	19798.05455
32.8	52590.82939
39.4	38344.566
28.025	20234.85475
38.095	58571.07448
36.85	36149.4835
39.9	48173.361
40.565	45702.02235
31.16	43578.9394
21.85	15359.1045
31.3	47291.055
28.31	17468.9839
38.95	42983.4585
30.8	35491.64
32.49	36898.73308
32.56	40941.2854
35.6	35585.576
45.54	42112.2356
27.74	20984.0936
34.1	40182.246
40.565	48549.17835
19.95	22412.6485
46.2	45863.205
35.2	44423.803
37.62	37165.1638
34.7	36397.576
32.775	40003.33225
30.36	62592.87309
17.955	15006.57945
28.88	17748.5062
24.795	17904.52705
22.88	23244.7902
31.73	33732.6867
35.2	38709.176
29.925	22462.04375
37.8	39241.442
17.765	32734.1863
37.05	46255.1125
29.15	18246.4955
35.86	46599.1084
23.37	19964.7463
31.13	34806.4677
22.42	14711.7438
36.96	49577.6624
35.625	37465.34375
36.765	47896.79135
19.095	16776.30405
28.5	35147.52848
22.6	18608.262
25.9	19199.944
42.9	47462.894
33.8	47928.03
24.75	16577.7795
26.695	28101.33305
31.02	35595.5898
33.88	46889.2612
32.9	36085.219
25.84	23807.2406
34.21	44260.7499
42.13	48675.5177
52.58	44501.3982
24.42	21223.6758
42.24	38792.6856
18.3	19023.26
33.63	43921.1837
30.0	22144.032
35.53	42111.6647
29.8	25309.489
31.35	39556.4945
33.63	37607.5277
36.385	48517.56315
29.7	19933.458
21.85	16115.3045
26.7	22478.6
34.2	39047.285
34.4	36197.699
28.975	27218.43725
26.03	16450.8947
26.125	23401.30575
27.7	16297.846
42.13	39611.7577
36.48	42760.5022
26.07	38245.59327
38.39	40419.0191
34.105	43254.41795
26.695	26109.32905
34.105	39983.42595
31.73	36189.1017
38.94	44202.6536
41.8	47269.854
31.4	34838.873
33.11	40974.1649
35.09	47055.5321
34.96	44641.1974
32.7	34472.841
25.27	21771.3423
23.655	25678.77845
26.41	20149.3229
36.3	38711.0
30.21	43943.8761
31.825	41097.16175
27.6	24520.264
40.92	48673.5588
38.06	44400.4064
28.12	22331.5668
22.99	17361.7661
40.15	38126.2465
26.885	29330.98315
34.43	37742.5757
28.69	20745.9891
28.025	17560.37975
37.07	37484.4493
24.42	19361.9988
36.67	38511.6283
33.5	37079.372
37.07	39871.7043
22.895	35069.37452
26.6	21348.706
25.85	24180.9335
24.6	17496.306
35.3	40103.89
19.3	15820.699
28.12	21472.4788
21.755	16657.71745
30.685	33475.81715
27.9	16884.924
29.81	19350.3689
28.31	28868.6639
30.9	39727.614
34.485	60021.39897
28.38	19521.9682
30.495	40720.55105
36.955	36219.40545
38.17	36307.7983
22.895	16138.76205
29.81	27533.9129
28.0	23568.272
40.37	43896.3763
27.36	17178.6824
29.92	30942.1918
26.885	21774.32215
31.92	37701.8768
25.6	23306.547
28.3	17081.08
30.78	37270.1512
28.025	20773.62775
47.6	46113.511
24.7	21880.82
35.75	40273.6455
42.35	46151.1245
31.35	46130.5265
28.31	32787.45859
27.8	37829.7242
33.33	36124.5737
25.41	21978.6769
36.86	46661.4424
34.2	42856.838
41.895	43753.33705
21.66	14283.4594
28.5	18310.742
35.53	36950.2567
33.11	34439.8559
24.4	18259.216
29.83	30184.9367
38.39	41949.2441
29.83	18648.4217
21.7	13844.506
25.175	15518.18025
20.045	16420.49455
24.42	26125.67477
34.8	34779.615
32.775	39125.33225
35.75	38282.7495
27.28	18223.4512
31.79	43813.8661
37.7	48824.45
35.5	44585.45587
34.96	41034.2214
23.655	21677.28345
35.3	36837.467
23.21	22218.1149
17.29	12829.4551
32.015	45710.20785
26.29	27808.7251
31.065	34254.05335
25.7	17942.106
22.22	19444.2658
30.78	39597.4072
32.3	41919.097
21.565	13747.87235
25.3	18972.495
33.4	38415.474
36.4	51194.55914
24.13	15817.9857
28.215	24915.22085
21.8	20167.33603
47.41	63770.42801
26.98	28950.4692
28.31	18033.9679
25.3	24667.419
27.74	29523.1656
17.195	14455.64405
36.67	39774.2763
36.955	47496.49445
26.84	17085.2676
23.76	26926.5144
38.06	42560.4304
23.98	17663.1442
32.45	45008.9555
22.61	24873.3849
30.2	33900.653
43.89	46200.9851
30.02	33307.5508
42.75	40904.1995
34.9	34828.654
19.8	17179.522
32.2	47305.305
28.3	21082.16
29.07	17352.6803
25.555	20296.86345
28.93	19719.6947
34.6	41661.602
30.8	41999.52
31.68	34303.1672
30.495	39725.51805
30.2	38998.546
30.4	33907.548
23.845	24106.91255
31.92	33750.2918
36.19	41676.0811
24.64	19515.5416
20.235	19594.80965
24.13	23887.6627
27.3	16232.847
22.895	21098.55405
35.53	55135.40209
24.795	23967.38305
27.645	24535.69855
27.83	23065.4207
22.99	27037.9141
27.1	19040.876
25.1	25382.297
30.685	42303.69215
41.14	48970.2476
36.63	42969.8527
29.07	29141.3603
34.8	39836.519
27.835	20009.63365
34.39	38746.3551
30.25	32548.3405
23.655	18765.87545
38.06	48885.13561
