1250.0	128.144
1600.0	129.134
2000.0	128.244
2500.0	128.354
3150.0	127.834
4000.0	125.824
5000.0	124.304
6300.0	122.044
8000.0	118.024
10000.0	118.134
12500.0	117.624
16000.0	114.984
20000.0	114.474
315.0	119.54
400.0	121.66
500.0	123.78
630.0	126.16
800.0	127.53
1000.0	128.29
1250.0	127.91
1600.0	126.79
2000.0	126.54
2500.0	126.54
3150.0	125.16
4000.0	123.41
5000.0	122.41
6300.0	118.41
315.0	121.055
400.0	123.565
500.0	126.195
630.0	128.705
800.0	130.205
1000.0	130.435
1250.0	129.395
1600.0	127.095
2000.0	125.305
2500.0	125.025
3150.0	124.625
4000.0	123.465
5000.0	122.175
6300.0	117.465
315.0	120.595
400.0	123.635
500.0	126.675
630.0	129.465
800.0	130.725
1000.0	130.595
1250.0	128.805
1600.0	125.625
2000.0	123.455
2500.0	123.445
3150.0	123.445
4000.0	122.035
5000.0	120.505
6300.0	116.815
400.0	125.116
500.0	126.486
630.0	127.356
800.0	128.216
1000.0	128.956
1250.0	128.816
1600.0	127.796
2000.0	126.896
2500.0	127.006
3150.0	126.116
4000.0	124.086
5000.0	122.816
6300.0	120.786
8000.0	115.996
10000.0	113.086
400.0	122.292
500.0	124.692
630.0	126.842
800.0	128.492
1000.0	129.002
1250.0	128.762
1600.0	126.752
2000.0	124.612
2500.0	123.862
3150.0	123.742
4000.0	122.232
5000.0	120.472
6300.0	118.712
315.0	120.137
400.0	122.147
500.0	125.157
630.0	127.417
800.0	129.037
1000.0	129.147
1250.0	128.257
1600.0	125.837
2000.0	122.797
2500.0	121.397
3150.0	121.627
4000.0	120.227
5000.0	118.827
6300.0	116.417
315.0	120.147
400.0	123.417
500.0	126.677
630.0	129.057
800.0	130.307
1000.0	130.307
1250.0	128.677
1600.0	125.797
2000.0	123.037
2500.0	121.407
3150.0	121.527
4000.0	120.527
5000.0	118.267
6300.0	115.137
500.0	126.758
630.0	129.038
800.0	130.688
1000.0	131.708
1250.0	131.718
1600.0	129.468
2000.0	126.218
2500.0	124.338
3150.0	124.108
4000.0	121.728
5000.0	121.118
6300.0	118.618
8000.0	112.848
10000.0	113.108
12500.0	114.258
16000.0	112.768
20000.0	109.638
400.0	123.274
500.0	127.314
630.0	129.964
800.0	131.864
1000.0	132.134
1250.0	131.264
1600.0	128.264
2000.0	124.254
2500.0	122.384
3150.0	122.394
4000.0	120.654
5000.0	120.034
6300.0	117.154
8000.0	112.524
315.0	122.229
400.0	123.879
500.0	127.039
630.0	129.579
800.0	130.469
1000.0	129.969
1250.0	128.339
1600.0	125.319
2000.0	121.659
2500.0	119.649
3150.0	120.419
4000.0	119.159
5000.0	117.649
6300.0	114.249
8000.0	113.129
250.0	120.189
315.0	123.609
400.0	126.149
500.0	128.939
630.0	130.349
800.0	130.869
1000.0	129.869
1250.0	128.119
1600.0	125.229
2000.0	122.089
2500.0	120.209
3150.0	120.229
4000.0	118.859
5000.0	115.969
6300.0	112.699
400.0	127.7
500.0	129.88
630.0	131.8
800.0	133.48
1000.0	134.0
1250.0	133.38
1600.0	130.46
2000.0	125.89
2500.0	123.74
3150.0	123.12
4000.0	120.33
5000.0	118.05
6300.0	116.92
8000.0	114.9
10000.0	111.35
250.0	127.011
315.0	129.691
400.0	131.221
500.0	132.251
630.0	132.011
800.0	129.491
1000.0	125.581
1250.0	125.721
1600.0	123.081
2000.0	117.911
2500.0	116.151
3150.0	118.441
4000.0	115.801
5000.0	115.311
6300.0	112.541
200.0	138.758
250.0	139.918
315.0	139.808
400.0	139.438
500.0	136.798
630.0	133.768
800.0	130.748
1000.0	126.838
1250.0	127.358
1600.0	125.728
2000.0	122.708
2500.0	122.088
3150.0	120.458
4000.0	119.208
5000.0	115.298
6300.0	115.818
200.0	135.234
250.0	136.384
315.0	136.284
400.0	135.924
500.0	133.174
630.0	130.934
800.0	128.444
1000.0	125.194
1250.0	125.724
1600.0	123.354
2000.0	120.354
2500.0	118.994
3150.0	117.134
4000.0	117.284
5000.0	113.144
6300.0	111.534
200.0	130.989
250.0	131.889
315.0	132.149
400.0	132.039
500.0	130.299
630.0	128.929
800.0	126.299
1000.0	122.539
1250.0	123.189
1600.0	121.059
2000.0	117.809
2500.0	116.559
3150.0	114.309
4000.0	114.079
5000.0	111.959
6300.0	110.839
200.0	128.679
250.0	130.089
315.0	130.239
400.0	130.269
500.0	128.169
630.0	126.189
800.0	123.209
1000.0	119.099
1250.0	120.509
1600.0	119.039
2000.0	115.309
2500.0	114.709
3150.0	113.229
4000.0	112.639
5000.0	111.029
6300.0	110.689
