60.56543564829541	416.7629720725272
26.331416367191736	404.4971749283285
41.97916667342076	416.7542282232744
32.61942916338609	503.9811794879341
54.53275476042545	769.7191973765867
34.73752143482579	529.3746297163332
46.10216169589223	543.765898022886
48.41983695452127	472.0120335529185
50.703651602299296	527.4837267398416
32.853193230095684	396.4016458281423
32.16246478875571	504.0732229672449
50.74318012715561	365.7321016201031
44.347700645568914	629.9144349231638
40.22630852676869	485.9456564391398
29.20263678724152	514.5301428927775
18.100782950214462	362.2781969363016
34.43881253239219	471.1752464032162
49.02277173786647	365.2271351228451
35.885733928839976	227.55273522908897
47.82130001531459	459.9428096242572
36.793323744428086	422.7441310458938
26.92630217769036	292.4524279411968
52.30222175650788	540.4010755071471
52.34751914044795	531.093582826246
27.44864628026605	498.0406220185644
48.39663864431189	308.5011716483426
38.92735234189058	384.3992508839043
32.20907260623299	317.9676584136232
21.56206416519254	456.6104158607696
22.23988245951598	417.04386214504416
28.69796275326076	517.5234756901832
43.243402100148685	426.2129741341988
34.46910183085868	327.02864385840184
42.63550811954785	467.8687453977284
54.31366781831184	379.80348160210747
41.94051943605874	398.8527461812331
43.01700008901736	333.42758541093906
34.504597254044654	389.1340813095618
40.39447048240739	384.68784483125705
54.53260663321034	335.7459823720473
35.22589293807199	379.6036491293015
57.98725018351312	606.2893516169939
35.444604739761296	586.1233059282742
25.94432980821358	430.2160410947439
35.38830267965381	323.1054219852461
41.70463770996571	403.9827918663535
40.47493468251643	549.7503398239212
25.51408585366456	376.8686495580485
34.71702953337021	335.56550363053725
34.29648633586319	416.7396110711104
42.43530204186344	389.300372718814
40.91752484448373	312.340823326033
24.48487750941071	376.62401584381865
40.23903043284955	364.3299747000969
26.739523139179617	420.3312284652764
56.55407113088295	524.3787093365071
18.4761645539082	484.1446449929028
42.55383755674317	545.248645114786
48.62223511886977	529.0902687943064
43.131321400131554	525.0244685884782
30.177059657453206	346.430067936159
37.11451304124295	295.9734567799658
48.61636124497944	291.7469748671975
31.10759171771676	543.6681413569829
30.42849085104957	276.6512340837727
57.04105516255491	189.44406139344505
17.617687666750278	356.25940987609056
44.63184795267585	416.47192742265537
40.45491476330752	328.6556790093324
40.04229858994152	334.1830050090737
40.4977368718096	214.3454184248172
43.4005129456889	475.6195916565878
37.12552480599644	506.3116182105944
39.22556539274007	356.1166768508336
50.90980425185967	552.991698550906
45.950294658355645	300.7529812678399
18.694335201927995	570.8361214128124
37.55919526325799	493.64444427923
40.75955267916088	605.4741827834926
56.536172684922846	486.3006372646499
44.9406391897552	488.52256704842944
47.5792184992362	444.5350967833094
44.58386703551484	425.4359547099247
59.04136589573007	443.5577495672903
54.10459145203504	491.68522047615016
45.86165800392784	650.7658342931222
23.1265565288929	288.4318382468972
47.71920154836676	471.70642118804295
50.96469233810883	434.65847893878765
39.353113949674814	530.5968132142004
40.15618333949603	406.8962998746255
37.6893052254232	369.3571298765793
42.71495310825648	340.3233566389262
42.792678382165256	291.90891590030844
21.48157268425341	412.3130365634544
49.94447375508908	357.69433313502464
44.63206292099123	407.51240378846165
44.73038282160215	520.6359148834525
46.4648953772577	325.8545443150492
40.7857702971915	332.0313718639857
25.847328080758125	431.9393079964389
25.03470744909921	352.0689003279773
33.89142360194934	480.8046525330755
41.94842340270138	359.8056848491432
49.619871890718414	446.6253048660322
40.79597862376036	538.2789493100306
48.46770775216494	501.3223242032603
34.74120324104796	408.46340320014247
46.81359510442948	517.2792034865415
23.88432640897172	287.6179671548336
43.5845361820962	201.58563883370635
37.90686180420639	308.9044226036682
47.12712028861331	366.9196213105796
31.147513138757773	525.3591181080217
32.880267727410775	294.9612541487176
55.781180575621846	455.2991804773112
54.24495821246948	538.1906826871106
42.27034478864889	383.1112708225857
42.42882013150275	506.2591477136754
34.53958201183279	478.441046348476
46.687416555925125	362.8768610490088
30.34335196476792	366.0336407511929
47.682072166317376	367.159335242281
40.98067539538945	360.24946191510725
36.11653061698841	333.69111510059645
53.52202678867144	595.4940131178251
39.55106969877463	534.1413820823911
44.16446038101453	434.80350038944806
28.589914902472614	437.2696570637815
32.904201452508275	480.5621430162208
39.929550145194455	474.720827902505
39.64992389993764	368.6417584596668
46.17005949576698	432.0129515394611
57.96360822926964	563.8057223717803
30.33843276629583	312.6793828994814
39.00905699758731	255.4498384520928
36.23699275075004	265.6081800298565
40.72874098015515	307.35265788041164
56.29642131112799	490.20990537866265
51.16833775529955	546.4089796759431
43.12378210466572	605.0560047350381
56.43378155804534	380.4633195529575
43.06981072686238	380.16285912411695
28.569806879262718	329.08316128387065
33.68422270834669	289.08024470775183
45.91442151751855	391.71663696649983
49.73101561015072	422.7160196032524
24.542702133092668	277.6450312545641
36.33492979631948	483.67343837863336
24.821262533191906	383.58547527336543
50.57814180820796	458.2652656956159
29.33765068100775	436.62300701324665
22.523634901717383	444.8442793388451
38.987192812984674	482.32011044747225
30.42431044984788	232.57744186034583
45.0826863967459	331.577452898587
54.66540859278603	406.6352697487361
36.78757233882088	345.8326935846046
35.76401418271823	304.71606319084543
32.719229021446786	362.10466721921296
58.688178405438535	429.5555769708649
35.84033072052641	441.80398027699874
37.049100857620935	261.85775698597706
31.270389095462995	370.8881732366128
31.54846041573841	422.462276440785
42.76600765511181	441.7935117098896
48.595848723435566	241.0582053333808
31.639378478999756	424.9043719704273
29.60193468973116	458.85121235139417
48.28229690184623	474.928968013564
25.94436946143713	335.33599162591304
32.87779236350949	482.9627964925373
31.51571365809185	312.54466374884635
50.59936384046622	501.7088385672309
49.00533077331592	507.73048734895343
33.54427927964605	272.54196752147914
51.95480650825479	240.2471262743884
50.23709546106981	395.8513779723492
32.44208499841637	324.6241268818844
56.69069525826331	294.88927157768893
46.92722755116859	351.7974804462676
40.382379949600285	429.5458922305804
50.12637409644071	455.4692759704641
40.30031479164082	477.37686819312745
50.11463035408356	603.9689380731772
31.99961435602353	356.18779030592106
45.55512646342248	467.9865239028522
38.832340842047536	394.0124976823625
39.4759554942253	485.1913390296785
55.33727709916499	459.88745433146033
25.00984039541599	566.6332913296234
38.49162288433305	223.6069643036528
44.54740912141134	347.82201027544966
49.78889558556779	418.5206934568851
52.11943985386401	513.143049169499
21.538121377619063	465.4921881123277
28.977078501635766	303.47975993708616
29.95945403157989	426.2690648753616
28.04706236400755	398.0053147979712
30.54253939303219	499.8362508783383
47.10549102297785	449.771527096583
48.49102110743144	443.28589065976695
46.227112239002686	658.8557150773605
60.42076040143744	451.9010956104415
37.26006918170696	532.3087305343496
47.31870704288296	424.0412731364443
46.95202900083999	426.57738028332017
35.06877177600228	426.0085604291272
28.2776624656336	359.3458864382037
42.51473608940512	406.0098671928406
34.10667768572638	393.36314066699214
47.3463754545933	481.482399318012
44.2548993324023	552.0809586568881
24.568817720571296	391.7434762544718
41.5776143929377	381.23348168443096
30.10042207447986	447.0907003898995
50.57368305378225	411.5134583607386
34.85217325085258	484.3630170191338
46.90472686121513	507.8354475150553
11.45373337095609	165.49676981585998
38.04609648822976	398.6766351401918
39.9443970635193	358.589151115073
41.95481731553291	461.1574635938635
51.59074064955898	366.2767831067756
24.96919698240182	323.5444928877191
50.0713333647316	303.0952236572935
36.29417237599217	529.5383508573175
52.59233239786799	511.188463539907
44.92986458514459	394.1846106365462
39.60980480622456	500.73450506340566
46.934789119139936	525.5717564809142
48.76169167191233	509.63186990716446
46.25508016831036	404.33500709111706
37.4382024750462	447.141113964418
69.85259002603411	462.7029038402652
46.78946987762233	273.6788545703978
49.45869643684146	558.6752471045307
30.17696419622685	307.6894435411866
33.094589476837406	263.66683771208534
31.956842403400078	304.49709635263616
44.281862478105765	279.1188026125299
38.6268903421112	433.18295039064327
32.19800870882537	477.60754857824736
29.13945417881914	422.6985977331808
39.93478684770542	473.3240691644592
24.51039474946525	274.8612433721054
50.53891552295883	418.8665912313358
45.82571318808805	330.4677842646017
39.88907996051398	542.0325291567136
43.16358321536145	332.7439281081362
34.06188591931295	335.17661693242025
49.976320769202445	467.63189505807713
37.77279299223393	533.2130394709493
38.55095420918569	439.05463566649263
26.578722515148847	385.5618195256633
41.680153405325285	545.1237904053532
55.32367724678116	331.04749995386584
57.586204841951336	499.2073847856388
34.517997018332274	568.9649438904364
45.48883835317365	498.2574476608184
45.51476275239524	610.0965140643756
46.06723059136183	406.3427346297104
43.67619840209711	383.41557633276574
51.35620147182944	667.3642346596571
36.79702195463358	419.6200451218153
50.90861670603698	382.2682850734529
26.18955396846225	388.10691242564
48.728243510056345	345.705921570793
29.486900883606555	384.8826506018157
44.75430682526624	323.2034304541633
40.02287936143504	300.1715927201333
33.646376111743706	313.4420759061474
28.517367112473817	384.8854470459556
34.942532957380635	372.8939602263521
38.745457399971	393.1232289246735
38.96568775709716	410.1938904941509
51.038773433162575	444.7106680898979
40.43514668643466	353.9182201945536
36.28142117721335	344.1755205058044
20.63247297497535	465.3128867876473
29.943986243105343	243.9891576639726
48.87290837266743	440.3961836470312
45.22142545933936	438.59102210188246
43.958197810959234	384.1083537308341
44.283166923752376	450.247985473391
42.03235954586031	350.40012223913004
46.92857584237437	485.8620223181092
60.93197932209945	438.1485054163643
47.77407352764512	567.1268351978084
33.31654805153198	467.0093462710877
30.95931710264	551.0424409688736
44.72002270919275	436.8659408214202
41.81426620113972	304.09348198725786
47.4990023942371	357.1444541827246
34.70667887551629	479.136342253065
37.86543220649562	269.1533995287515
34.16400673653995	252.70484646618107
37.27455278638191	449.9314032687674
49.15390275560162	417.5937459109493
42.25264117247549	523.2161355443448
39.35811822891503	354.9701807858298
41.40359869848047	508.0900488455553
47.59712295484168	453.07789064674176
29.788375424397	320.0710697468565
44.29340822801734	376.3478123071884
38.86519354117859	494.7402901878536
46.80220360476691	353.8110722399546
31.83782755458035	316.2341220066268
29.24687606950762	476.787200672046
52.20821298813048	608.7558599072003
16.080437956869762	440.9432074055389
53.99594645145793	495.4752145984901
37.033925409302014	354.5468072461777
54.87246155335927	489.1974577862196
31.679386951501435	550.3031888919181
41.76820872139398	491.6583284002503
40.44358797515607	298.7738687356789
33.64442158595597	453.12735585381984
56.284685547723214	512.7258259485741
39.64174421293537	420.8690508173505
47.03427916787309	555.0725802408743
14.70439922305697	446.3256239534013
13.642522609831222	383.8226872780254
47.44185710315035	582.7782303712142
54.769344261182745	676.7703353444272
44.751677464953815	331.106885053015
47.31955502509846	661.5293327223828
25.230750724680988	397.14395826287495
32.82983850872064	423.0649326451685
42.24339656778083	443.10560685765336
30.87189080703487	374.6347230160362
43.30851304615578	393.4011726450832
41.761898225026926	473.663736361827
36.491505699235255	598.5820697279918
43.67649292991422	449.3278510966276
34.97025229448657	366.4159915738615
33.67119725115208	469.48763783550135
26.82868080053415	431.5071763195559
34.68545448640785	571.1569247790666
55.280313593878326	450.03161439951896
48.94647187573872	367.43703686950187
51.00821398422605	648.4930196800191
52.395840064415616	475.5842906073232
48.9206759973172	492.58111961885015
11.67844401889431	410.5567353295334
29.02697472367156	411.979018854095
45.47264797377967	272.5097501641087
38.77291066404276	396.67621121707487
34.47079162632698	326.28890535991485
31.754858384723263	487.1020004574046
55.54160420714774	349.9209764438849
33.29884799545767	421.44685016488825
38.1547464234415	363.90260052556505
65.11556551584424	365.3129442342017
48.49611988516213	395.1042768053889
38.020622710153184	313.34656310295776
39.52629297455564	297.35678666217416
42.806364044901365	432.61059220419264
35.51775383699851	339.5264365493892
41.75211418908512	478.08474404443655
30.36241073789389	306.8100020458296
35.68874430424901	355.9971590939867
30.74575373940413	441.94385879723495
50.71543152234886	466.8395760853693
30.20278775283193	590.399952328692
19.50058721422522	406.9288787325797
26.282568707364945	328.2986765933033
32.9097904236951	448.597621313588
45.22250636017779	239.6580195461592
46.12468794013602	411.5905675618342
44.734718990352285	586.4733564247924
53.40461051790348	550.211790547986
34.10107682244392	388.1568653971843
32.367138958214184	489.6955388568708
43.883120054234496	504.5397957027103
24.64427876792894	315.6879781900338
52.72353500106768	378.53891272925216
35.34194430881837	278.2923872068576
35.2873625929748	506.8143347546658
35.21162543991596	551.9612634290969
34.19351697446049	337.4079726160256
56.99957374576381	474.148123558292
23.84113212589527	356.6529963669451
53.764964500195376	344.0374556538297
53.03278037316064	414.5059906144492
45.02784426895194	464.1208319304724
39.26027136405622	449.82048910310806
37.060330523358175	278.4034110693478
46.04120889588518	498.34706364388217
20.92192442122609	265.8821549367888
50.71929865211797	637.3081475461731
38.51030690232703	445.0422897382354
45.70612997219531	356.89021901389106
31.38296929743742	411.5308764731263
44.87560297086719	479.5111749093744
59.95667489783965	378.06138682552967
44.20191542894992	435.3150230267358
54.43632003468814	570.7021439709853
27.064923747959043	372.5133720497855
46.29529584221811	434.7339420836082
56.31856899089109	421.0446625587281
28.28345652682438	277.1967783099902
42.29074688205703	450.35928483988187
48.431053323232405	372.1814019723586
41.78694716810475	477.0780572982566
38.95657207013108	381.3411921063004
26.006938251980586	300.77412594758925
35.43879172525812	354.0046240229462
38.7048275313656	546.237961871784
53.86349397262843	423.6283895115104
37.81954104607626	462.6725665504456
30.47683619261203	456.15315835553577
41.97292265631207	542.5475279923185
42.24234744535292	394.28929859222814
30.1446039927907	509.2136721677652
33.10272225935826	442.382672475386
28.38216156087636	384.5703615692343
43.81309612264785	512.0316074544215
43.72105472606863	445.9902614640774
37.97019362604343	418.3672462499164
24.62415203550825	396.7934265084224
23.687241845390545	363.0230360513548
48.79417041137403	531.8931855427769
40.6934433703625	539.4084829975004
49.68184660532861	615.2681743337059
35.16438516153463	478.9631424965373
27.00783636554176	384.6167404248115
45.51885971822154	415.0273943375758
37.70200369424806	432.2166764878309
51.83493666889928	360.2840571818596
34.762686972285785	569.2270760477433
39.66387435296287	344.1457395896431
49.29409984790816	302.4940447823191
29.68044757905565	359.58652119921743
36.11756946478461	493.06105703615697
37.569388011191336	486.59784679578246
41.23547695955583	411.57322302655
38.63004510557542	410.74640948779466
41.48089419798277	295.3709526623585
31.695555934434346	258.20907631932124
31.52366071380915	486.4811480222951
38.27198262603535	386.9569693433481
49.96858773465808	500.90552526334886
47.65878279480615	675.4808696946741
43.63115627744524	334.4246160756879
25.77025074738327	354.0465005632292
29.83316871423503	367.51956787261815
35.212414284783115	297.7605387561918
29.0979159320057	184.63234799855775
43.07403569719688	333.1993167306697
45.522999376795234	481.3106709664496
37.00161803725119	480.5669626414237
51.277802506338986	273.5410102999673
28.937064875883657	549.4458098366127
30.516519957757996	247.801980913458
43.8737148063299	435.69127528446137
32.80890548550814	341.1520502571279
34.66399693560833	508.2678631660157
37.08241367741463	407.42412834093966
33.077496707341034	410.4087381527016
32.00059493298066	222.39778470016657
44.996851103029336	534.880412104794
31.122304884614596	303.6879983721882
35.83374694384538	389.8392852890504
34.5044286409142	613.2173322773765
49.863765059059375	462.24309259544
32.17996507488963	571.6429989082295
50.826910538870735	488.8531524454212
50.88769654216672	431.5258718208953
36.38537233306014	335.3306374123636
45.14883596076372	526.2874463244497
45.540577711159074	395.2443358789674
54.22369861698508	405.88646658912535
45.913492417584	334.13824715613566
30.357999285767555	412.3565166363912
56.85014278708509	450.572087818004
42.11283692279473	446.8519096706041
32.18843621868886	406.39938806342377
36.7593182479103	462.9531410953879
10.0	378.9598148107866
36.48585764286268	296.05230500152703
48.54525227066616	650.1524727125001
37.69599285794233	418.27999528517387
54.50927548279212	430.3985170244197
45.16946515748371	520.3172921428936
34.533199154127345	357.14064798700747
46.8205206571262	465.2583370751552
45.008315910042114	554.2842232740655
31.2152619865794	191.270775728538
62.71449745422796	456.2887034935196
21.406632283399425	329.1761193073842
19.81512135611362	610.9631749880621
32.27340554729176	308.76783216336486
28.159694417774404	324.11456709596365
30.78140186874687	459.9015913138928
41.43388467342251	516.3342843126743
26.877808065685937	565.8867483069663
34.30167071761241	461.3609543678528
43.79153118726124	493.80069117431015
42.873289044030095	469.6312360036505
52.29214784297051	483.3984414857932
21.59922255494247	364.2804074904398
39.38924328647624	395.6182313423949
16.838561370311233	501.1338646217212
48.19925252635234	404.5885639090938
44.19705608357266	496.2059527055008
42.49308595641729	544.0601952664148
59.91553302204734	440.5039773097352
39.08600442490886	394.5916516839706
24.57198484790354	532.0984144268184
38.89334631442671	509.4725147480533
20.906439124927072	452.1620685211736
33.275144039936634	381.97078583439446
49.113627221747215	436.2190031477896
36.15057111589919	389.8833777965973
53.84532047593906	392.6030854386119
28.83475560051341	415.98479909956006
36.39960731243017	509.4840230319376
24.052440418366675	366.8495457624576
30.266211619729653	259.2130055633757
41.58053489920132	486.899131758576
32.64696539318048	445.6136103852834
43.23185482458206	555.1101570181952
38.18550930752483	557.5869206897402
37.15124506630329	575.7488364755072
61.84096733380456	438.2150240197066
40.27313379851439	476.1866217976491
49.45211534611484	441.4245918731331
40.86110868258978	428.04561547684335
46.83569323200477	526.3174124600282
18.46657080128756	270.41361370332544
42.57752540142751	494.9513128504303
44.49218721285034	461.2112331686545
42.21558473624211	566.1997499922887
30.302562803653256	335.8941198624351
48.93697689389111	349.88630655755554
41.05753791271481	436.1809614033843
27.29938911287968	524.5438283107046
49.567031863856585	361.6063053872568
35.757636666019565	251.74019042420804
36.12869350210485	256.80384544821254
51.53900734255747	446.6659153710468
50.0163182520856	441.1058302319362
54.36335405705979	271.2038364551454
44.82066727335386	362.2251404312005
55.2100622715938	442.85078689341134
45.26536683672308	571.4759236378093
46.92918623031611	435.3580773887129
42.26684248494597	630.5814942730943
41.83834516322504	409.3450400147003
39.36475425384645	503.6220491752596
48.301918118626105	365.0267183948689
46.98828420202535	526.4364195462855
45.15294321624467	431.1330097166991
40.2538842054241	496.1801735480981
60.4206965292788	543.0989000527437
38.77942867878723	437.2343449538384
42.99647687837348	402.5644699287892
46.897078052451945	518.578537623387
38.57853463059454	586.767683687126
44.87305237044995	412.6667744148439
49.18454443942414	489.4772276227217
42.10668465203111	351.8986846221467
20.919978628766923	441.307003255262
51.460301441420654	534.8215907929751
57.120402840178926	415.3759641745093
28.85953549838007	492.7940433644213
30.01939372685587	490.69739616546514
37.132057642617305	364.4032695936045
45.972282182533846	398.69123013360735
20.7232742065439	431.0442941858972
46.686548047579066	492.6013495228998
44.57686586053552	500.50374952212286
33.707366063072115	303.6295500276564
59.114190871397234	395.3393199358435
58.13407698515423	465.3303841268644
30.298757396203563	274.74632266706544
21.20075614860955	533.8470004551114
40.18401630783438	563.1446299397281
45.4090851856099	509.5748651060477
20.488981359613756	397.484909356504
31.07212484508116	272.68308155583696
21.820207746128453	297.0778089110996
33.322204435311136	462.5153247725842
31.815713340579983	284.13731399262593
54.974316831796266	352.7771565045033
45.32006198821943	413.97086983875937
23.389165844328275	303.1835826456499
48.53975976552224	366.7274738539375
44.08652811480671	473.4946399117744
44.97743089091394	355.4480876312122
57.54933071647241	583.7674690843562
48.69154592496896	345.935905732695
34.74369066014616	300.7361833300129
31.049301577233955	326.34074354991026
55.23238621712258	401.7680611076525
44.00481386506328	555.9046751407682
45.70507208354516	324.8609245092705
26.807528054012327	402.16446610803655
39.86162253905763	707.4988642835426
29.29808437105668	430.61849358933046
35.03067974882022	463.0486905179853
21.78913930705504	405.5315431468575
52.18194711754256	488.1677020316658
37.53616597485452	330.62309253575205
33.878330828451794	393.1994229566568
39.119087559709264	477.6799618162307
48.58014195302145	357.71198019055913
51.80128173741528	373.0692413819203
42.53165238037981	511.5393546622376
27.154157343000307	356.42382833871807
35.02429161614793	322.11178851238986
33.914102767603	346.9685514065325
36.686916168166775	281.29191279311965
44.91207665411997	486.0221600665501
28.9513720693748	486.0596982273876
39.606927123723686	409.4317896286227
45.8431416643531	498.4915991868168
34.64664912983777	509.8785149446988
31.61414201552769	395.2339269082189
50.58728529883879	377.8589351692149
32.38644730191059	474.1065888486386
40.07880184694728	213.54165562447497
40.99886954409213	372.2457623923891
37.99647422205836	557.7858428912818
32.57515767461616	257.2704122206031
36.991402528591735	346.47366151477405
71.52056734512085	461.7090639468963
33.934966117842606	381.1391288441596
44.60271624982304	521.2614745912986
60.46862195719558	463.3581448671986
29.08299123860686	349.08085808189014
53.55572935710348	361.6086042668656
57.473631979155584	391.5972571793702
28.880329742258365	441.2194307856958
31.20717217588012	434.7952061352748
52.28980502489062	465.17454104940896
42.85803286794733	546.6063669647679
30.574419942081235	553.9883966879145
33.0180032538895	524.6063787836426
48.86191188584796	393.9837667851791
48.85231482988991	575.4707076751299
21.636402162296022	272.09103296096663
29.91445315923792	540.7909186896417
53.93454527524432	599.6574475737996
48.141517621182665	356.13186955123314
57.95211355912322	466.9481523501741
36.34494063014734	282.4497506086723
25.64090476131472	360.6787079890275
40.45222708999982	398.5666912569545
40.511979018810855	486.9732618353246
19.782013600380527	454.80853692989
31.21676922820261	318.23876022154434
52.63706677654669	448.0142089042448
31.38912089826429	356.1599516640904
56.25958915362063	420.9445324725002
18.943530581596757	355.38930817989336
30.25878153783632	425.4230784184548
45.92567273847331	344.58925999454783
43.11308673442885	498.81776989893706
41.60018225852788	550.6642874876973
35.37060487974742	344.91588510656084
36.94380888931687	641.7438015340459
59.53259137526568	508.8671549227566
57.61188124867374	492.005584620782
37.82982949575629	460.0746763753246
40.12828643543685	331.1136827042168
23.6952675628486	178.8577272870817
26.414259847425257	513.2992554110322
33.92124739324182	265.63168057312674
39.08293975854874	517.4680733753358
33.85676855903706	433.23304973617047
41.435879365051605	505.0987523870523
38.5005928092089	507.75866685329913
49.6030479628147	555.1689557317238
43.891591956679285	323.8280840270482
38.678634110984525	558.9479585175899
35.18234028906525	416.7105619846416
27.07374652847737	255.98506366999848
33.932997052347034	345.6951576316266
35.117261575484555	462.7147015351719
59.87061111699441	517.6681498297442
33.931348221428244	338.1727805170343
34.19946758629957	466.2546312508527
42.57198970355928	393.8623133233772
29.73630792334108	253.70152324236147
60.750650393485415	466.4893508456593
56.734520902985366	358.4006351437152
39.06363811260829	341.3977146031297
20.37374308327421	385.7224442885141
45.96441137581753	463.4980810659568
32.647989652367535	426.0243412937214
44.39501230620226	506.1739297039943
45.58139514518506	417.5298992769775
51.49672018878747	422.1359116153648
52.79518669760159	337.54183011586554
37.98508466052482	277.90780458847803
47.21562505126143	297.9963009171431
43.50370216386338	590.941382296321
35.024275016907865	447.1199799022887
58.48608833296412	366.7112534563298
28.103333409096383	326.4889477210132
37.78486737047877	389.6845123640885
34.352259958290574	438.4208306476251
51.059004243573085	387.0566503676664
38.67830644355628	376.5648681915698
34.68785705392401	441.7241538080799
38.406377678540935	490.9732740499641
22.136245346453133	471.5035740274149
51.88596823087008	401.0455332129112
35.540562861388395	425.1334765752157
47.662429750405096	210.31533377891373
34.19983667346315	443.1716969118622
39.51911492669228	322.5344046168509
36.11479224816991	472.22377916482543
39.44079551477787	523.6883838737238
45.533889830744265	364.83734393134097
49.495945713644886	487.47724134711285
42.20541427013867	451.5581319330592
26.26597111030251	415.394076728228
55.09131013404551	517.4468239256216
15.121913434649205	447.8868435907818
44.10550085327617	503.8727698480869
54.28857707813568	474.09433581663006
48.90383163519786	428.1311701019179
29.39394933603399	281.87845524066006
29.841211730100216	411.1256505212794
32.30003933802543	367.809907124517
38.6993970644638	416.6025838461026
30.836790809265803	468.0582289197936
40.07178466907942	313.67328567974465
35.354189218843814	426.8248434080825
36.29491901409971	342.149445461177
45.50797572273663	416.1632677497046
61.24771403016962	517.6155975646985
56.67224111551137	627.7418180125167
41.64294765370569	456.77805738398047
25.673287102603474	360.5556837724259
44.08607307701767	631.6415909840927
49.51549770574043	417.3911168716578
46.08905356254632	326.3190952905217
24.6495975246764	469.044278985957
37.61889563687946	443.5870102710315
35.90691525904279	455.9009077056451
12.956083683972247	494.20164479623
46.46006187114551	457.1867555939323
36.57450799142235	537.6202508900204
46.95402474550298	282.78623924016534
35.08097552493795	374.37325553481895
53.705361439967135	484.928176884762
33.97179344216038	498.6271137611624
22.577783073647247	484.96103566716255
42.6477531097798	347.9745550126896
38.5297457656915	263.0152742435957
24.32140574634544	414.3116527206499
44.09762795959497	296.3135813666137
37.36551783917751	407.4421540151373
36.92191528861116	422.0532128211455
35.8209045423411	411.6281483496685
42.43123458512893	439.0531300705945
48.8750396741406	374.6684520777735
39.49795382958255	400.72331696956695
29.759714091136203	473.3854059291394
56.95722877810866	334.74243577756647
27.82717307779521	465.1884207944443
28.26120035591028	348.74353686318216
37.70609255931972	360.9300797597323
45.3762990294988	387.8225128895137
30.188344688603184	532.6175689062529
47.31380252574992	442.5919615875572
37.69475374819749	383.6190192998196
18.22934953557145	385.8241134799496
47.04506539824723	378.6414348779876
52.94985584816956	417.6248874337219
26.22382499245763	344.29995499811866
48.90247500836509	525.310784109603
62.12531039397242	451.5154727570514
32.211629571795655	412.151795551418
59.54157433750287	512.7396345165912
58.70965175371782	316.13638319442504
33.923536546265275	314.06611619486546
43.361449630262285	289.0149127386113
44.82687887209213	339.92952146032826
43.700611152689554	348.4982857224207
47.978437798957664	463.7463246376908
29.0783636728191	367.8472782394538
32.93107432012651	517.640649511711
37.51471381925551	458.0314114980889
36.149781882871366	367.3938420130639
50.81766727672829	430.594270299961
31.317072681236336	369.3724796461311
41.45521197768241	442.20671328410526
36.67139595617489	376.1566021982518
30.52107282731013	491.4786248800385
30.736188700184616	386.46570314610335
43.338599665685344	548.424329331724
45.90422061251464	459.377066925532
26.672226025203503	398.4017710864784
21.16849791941416	463.9690322293643
35.4269834491321	416.6037947344976
48.929538701087694	504.4359316624975
36.02804683854012	386.3702917347522
41.44887833096891	457.8435873807903
39.46893198303089	286.9142779032807
39.10765845778551	306.14615720968004
51.44293068559939	536.5229057144636
35.86394466578356	198.4209204560911
40.28457581183159	363.1163542080891
35.205070326007565	372.7857066399629
28.72503901046961	594.4989227343113
54.8911310832829	708.7345315161463
31.669439429992416	235.70234987409827
41.45836470215384	470.7289769671318
29.10366962657612	428.2088747944747
27.623375776727023	328.9367470167616
31.681777917695552	384.3718879321581
33.88614752611372	572.5526478606811
29.97782981073275	499.6597509033313
28.21959132623619	335.44522805532
44.19609972024118	557.8184798389163
46.833289928110695	405.1748594787746
39.54487754698758	417.1507746247983
39.76447849125762	439.6953689262469
23.934228992613207	179.4834419681486
32.226285151540935	491.47249738003
43.89614177370904	447.7087530464732
79.26237706436326	667.9241445025539
39.42482246994537	412.3565199247779
44.96199187363317	342.46142224838314
39.38996028144616	464.875813954227
45.107920885275945	504.39054317193126
33.87763265492249	442.5594389202759
39.68941067129098	445.3007832757162
25.15943335075665	319.9553937889416
29.02631681028933	202.2227791942609
37.59334825469787	328.1195777214612
47.760279138434754	500.05669603372434
21.79396699451483	267.00229178964264
43.40589216400497	314.3327790073658
43.01107339191742	455.4696732137453
36.96649932522866	469.71436147526936
46.68340488718081	489.88277018884247
39.06613141100052	297.8002926222749
24.02400830404568	265.20915912377507
48.91303686869755	448.24230287252
46.92855755817811	664.7416303218645
30.12126659099251	509.4048958906008
40.01325688734407	521.4416738439575
46.02118320392484	430.67145045780535
44.18398220888684	385.2406336941772
37.57301252174718	450.7998974804012
48.58451116656666	405.328414376773
41.56693728246525	533.0421360090186
33.13720864244915	532.6551203809078
32.23500859507	288.6152070786091
48.33333911780307	451.6948176710739
54.72670675750982	649.6775203143204
44.41307151699246	547.788145997052
42.31842092134848	367.4562116054151
42.41321934916781	356.27480534287287
46.82069490062632	369.77322360438455
33.94139179241107	323.1810889860112
39.2433439567417	477.1665270204058
44.20699631018479	456.14569071188527
40.84168230185696	331.7774929215793
30.83725899436275	401.89046058315046
26.841841835724928	321.8308586428629
34.49884717063461	311.6197695070501
49.32434870954667	298.3520115421004
44.62483624066854	461.8694681050375
35.881766310363425	425.1342976891591
19.129729813979317	314.48418633306915
21.68317752793974	286.9792025208724
24.69538590256623	501.56291458941394
51.21857856230471	429.0433231087245
36.36883338844434	323.8064038772514
43.47561613803552	339.2756438809504
33.91773492555241	401.2714795149079
50.3630289207248	394.5447825549156
42.76581505591049	303.07825720799497
45.83544303011888	435.1850515453121
39.94403981170954	408.6869817437206
51.46440870400728	509.0288264194061
45.346290861224354	322.70794985181635
50.29457481598357	340.7399054023786
32.92374105177974	388.5350898448739
43.437878815498856	414.5901796311717
34.84781606191757	403.8509777731045
41.91577396194089	460.2594288690727
30.994096474639385	478.26292676551856
48.90198411124787	493.1019382393389
37.640300127890285	264.9585155113253
39.38235800139872	434.6264685414202
53.93181257934906	490.93905621601806
28.828135382929972	369.2505514360065
25.931849905024617	340.71442965316425
59.72542176789808	424.49420317277225
36.21992100981783	571.8726751416511
51.7171791471616	480.8407465686992
48.0212845861812	393.27759158875153
58.55503314794263	378.2112516943651
16.283406391411077	452.9947616150464
30.953856250062337	451.83409287656906
47.57495149337485	310.3975780557552
37.87791030098848	424.67421578389656
26.34044288799465	408.5227435070816
33.50234773151733	499.88078830117576
40.97670376748336	409.1798233857661
41.03438129308106	446.2574435229546
55.03419828428999	497.67973444805807
48.95355430762599	425.142544253468
36.60877720729961	203.03724361357044
27.03883335750105	457.83216197022057
50.26986263319732	536.8254627320721
26.341758445845613	281.92346736227125
31.536402801130272	372.1996942372445
40.469349020603694	366.7754450411167
36.99534051279296	285.20969880693104
51.90548594343596	607.4621627250149
27.20969263780213	461.82192909959065
32.53076714929833	260.4292360686135
36.12638035447189	178.9744369636876
24.728321434103524	469.6847972226947
39.571766186884254	416.5049600834883
32.60628592540964	519.6748581976179
44.69267589808526	480.26808951237655
48.46882103884914	463.43026264550775
26.14012057601002	430.50151298898953
37.72523740046592	331.1439841831459
46.78931290059278	579.4043462873626
30.083033365596897	439.0463315525065
52.37438134684139	465.5459541055917
52.44679580736786	418.3481080476832
21.302583003045797	352.77555263121843
52.18970789793663	407.13356620248
45.85299436516338	411.5448806756615
43.4670997760492	538.1876815293906
30.319542414897548	350.88921047232674
48.447743757817	515.3722474425053
38.7234531848181	526.0342607926264
43.22974503617668	463.9308713729389
31.90619178917246	291.40778143797576
36.6592276902006	436.1071804459041
32.27431251243759	307.8387319178553
10.70551309997732	342.2717974793853
48.407344821295496	520.9691981668849
37.00323351993213	336.0770307544805
59.87275999230808	279.39743390507545
45.79857285295133	466.62801172244417
30.399537047205364	293.6228405281184
34.220792231672895	623.7807186614556
56.49480894323921	495.4863574363424
40.188190497405984	361.6652761205212
32.82081109252398	255.2203281108561
62.18780233448134	359.4238694281468
34.04465064816141	505.0222622649396
47.32492102779802	542.6965212203864
25.837729442073545	241.07544560039764
42.22289855800854	362.2112229071793
41.6805980596682	370.55607209378
41.07444374340893	392.52438478765146
28.032113535736883	439.0963231971687
35.413613638989155	525.3240325395433
46.33326826071239	437.8097367326164
40.344410117058416	286.7487236009391
25.258678679578946	361.6757466115779
53.55442801105496	343.78094932628204
32.16234334413603	493.3384840975667
53.2579664754219	479.2424675105148
49.040175547613146	245.24490475333408
46.51136241823657	419.31957570697625
34.6783143687281	401.7883767607279
50.05924511796417	492.5970286718959
31.1924591039727	278.7006253967015
29.61456179156028	269.1284688193242
52.57149216862573	424.0834268760333
38.12670981593625	479.33054701667913
56.29166364900945	361.8903920696039
41.71839339793532	418.2187285159652
38.25645742097164	406.4696991507664
17.816522399489187	296.34048731044186
29.44910631823305	417.2131370876298
31.760645130280004	339.8471748676255
26.042107978075148	321.5376754884955
38.03719348612063	414.0464629346471
43.95420985388038	571.9627710222909
44.57772866151886	428.1307749795789
35.42151613817511	225.10865259254348
28.466494894040405	367.4242506808724
48.39349114231602	466.7609388903377
38.37876024520141	456.31074971416666
14.677539147803143	395.4796949402678
28.181258745791983	354.4387891611092
51.373145423647294	453.58141092934017
41.41257140087463	447.32123718318303
43.60164183945767	385.5409376467864
11.60921340514573	412.2884788034808
16.130701298043274	480.4411520784654
40.78143062969647	511.6126084994208
37.0251779912615	357.0804682794648
35.08846252857895	254.85918089693973
31.65718189965375	379.7674861812294
43.27821172843085	438.1505296808338
30.372674347153875	411.7561107522153
26.055049311407384	456.6924334248431
43.979270499468086	352.6759077988932
64.85189916678891	409.6214949020309
17.80699627252465	198.4926071657064
42.09534230262794	228.4522050680432
55.62888768508198	457.6404820502653
66.93033663980496	428.2044980322533
38.59624941094663	341.59433064033027
20.80326843802344	491.3964617035117
40.72278965384289	332.130229175008
35.40909689781008	354.2115346092447
31.39614989220498	374.5614852158623
42.97244273380124	417.3083992187812
33.92527712379693	519.6948783737141
68.14654444472552	659.977341322883
36.698799060335496	466.2697356916399
33.39678860526553	387.94790728642175
32.69043724284526	533.7822179953371
37.91531789459592	344.8971924246584
51.94762861876938	387.6496899262172
34.153822693428005	355.2178378916217
28.739460390889494	543.4921177071046
29.498592603978544	300.6080284661889
53.3057490403904	446.2007286049212
31.09682151980128	404.0900132335965
45.44220352340347	567.3749497240156
38.396399189551694	409.0532912964852
41.4098269961206	593.8749179669734
28.928431831975484	471.5522798234116
40.93372374276651	266.4181191464034
29.742473163597225	378.7131973930023
41.90423889925058	203.12630541380685
39.21769340941482	430.4295526383553
38.884911728570565	627.8138048235052
39.68560829625224	396.6175915288463
24.77640813782109	342.1243271977248
30.334121090146848	383.9756983118375
21.19989966092236	426.0168744260947
33.331512830484364	288.4589898402104
29.803356613078844	387.1544995251528
31.432279061732075	443.3642130210278
46.51521991339506	464.3098071247329
37.48461113955504	545.334496034177
42.83751023661501	459.94049314787
40.712537499108926	328.91147842545666
28.76505966760402	472.1348009715655
35.903134073705026	612.9733841558283
37.95528779013878	372.6373936359902
44.82248952680657	397.41472217601233
42.6348721533106	525.0418436009145
45.62880860174355	488.0112144386002
32.53421653459761	415.0653863885988
39.191215021345386	501.3963918975248
30.15006874182985	350.05324176962296
43.514799003522015	400.0399620926074
28.2054033549222	326.15414173069746
48.721970000729776	669.2952395738258
48.970661968871326	473.9847992515941
54.816634024625984	294.6367607058232
59.20367502144261	497.55266186660833
46.55403829850237	419.61707146438033
27.905230645811947	344.9013856919497
32.90211007766465	298.5143596671384
34.36052511941757	390.6295625596286
22.92642042407053	485.74943746995353
39.30467713757731	314.43487739386444
27.978504739239117	339.76898735590146
34.98215807188468	410.6976103627412
45.75205016106566	507.4558708184177
26.343825958098503	427.3424504796585
43.64140296054661	452.91820032147007
40.5166097685108	390.6859204376792
39.16562030209639	665.0292640254937
42.314459225255725	442.63071974316966
51.81891092959962	493.8290017299012
38.48700779767478	504.4135911171303
54.18531345148037	435.20739572149466
33.626922529712054	312.08039885057747
37.75681029121896	248.5768661684692
42.90897057590006	406.48799743917976
46.961679971592886	337.2672079291823
30.04184605209771	278.59777126488194
55.63413358832108	495.9175921371976
31.971755560491577	313.1515993811768
52.05994516546816	469.8717680975818
42.30070759191402	558.4233746517136
58.8768765734019	325.7361871518068
29.29147581315561	502.4050083970799
23.619709425639837	402.46425210230257
48.132051867479774	402.4725544904463
32.71538378319657	393.32274460727234
17.944339429009307	380.5227163232446
24.83357450579209	364.8055154914483
41.77750106268032	553.8874613407154
29.57422305329424	287.4361163976105
40.838266279293606	366.1370173092219
51.24353359870503	337.2532915510567
35.875861817835194	368.4522759501255
47.00700612120583	259.5118381631974
32.668438028900034	289.9719205958469
30.15345215152737	387.4507121205075
38.68527404328332	286.5031174997744
26.430644303004247	372.2479178467509
50.68379333694016	480.47958110691246
52.84095793948117	607.3856250757619
36.743889478514966	354.5407281308269
54.62195938717637	377.71494485681296
30.066413004180493	375.7302667270265
35.17172409193082	438.8755324731312
60.97939339132431	482.8877609896174
52.55403609459896	513.3702468888457
30.048515181466207	280.75901710683786
22.54292567140348	422.6466714436039
35.98204973058366	282.23278105166605
47.21479323757343	404.7268927491073
28.463077186601417	362.7419021647358
46.97903272539028	344.2342432295096
39.40173856470096	423.5279547312234
29.59806280184102	423.197138076768
48.48174212666668	427.5802350854122
53.119837385739466	471.3901927287177
41.11372601840053	488.2541183143541
49.21801501977252	451.6400712127498
33.72686554048697	355.6641274854863
34.755518637373484	321.5482498804825
49.901662389592886	608.576266430956
40.58022734808395	422.22507830828897
46.57763176150374	428.6403285146226
21.420985486017127	301.07989364963726
35.33504620771802	312.9945176076605
35.15826048751263	418.9170683474308
55.19283923641769	421.355981105729
31.627375689503	255.60159970178785
36.06947242938599	419.07636453160217
43.61417317273103	404.8552357724504
51.72756845267445	417.9181453523936
30.754358856219	403.3733433393135
31.361170394102334	522.0325685446695
36.04319288243736	363.4187049440245
45.74071220894001	494.603029990852
53.03507931934759	229.96258988923523
27.929783521427844	249.44397000735344
40.73196991001694	533.2263388980483
41.98680009547407	408.0574143316411
56.087808557343735	555.6670607822223
48.29732417879175	332.1468304844556
39.0337632998511	433.7688256720012
33.72266093915494	400.01844300137367
41.90635591265024	350.39887770130974
43.59475797547125	396.69286331393744
29.43442357239747	448.48821224683286
24.29118542874088	414.79314293419367
46.03094684948834	564.2114475731152
59.41217436463749	482.6934994252834
55.58789184496894	482.8501481142095
51.69589992427774	413.80662776651593
53.56583385827982	363.3281924495458
40.86697699414397	459.7127533685682
31.65676954508418	239.6792324245844
24.881165804367864	331.8684644433199
36.63613054588864	422.3075563155041
35.45452281256556	309.9253022683903
44.93560204334292	478.1229240898132
40.72036861283745	421.9769791647634
27.116923825364623	528.439576129184
13.968629121727012	302.0133992874264
10.930117806783583	288.25187501081297
49.788580507817954	333.97620133094733
54.52616745486179	447.099612402514
51.92735165416414	388.49514063755805
44.46872500802698	346.8678829917361
28.699306609596423	286.9005960629515
48.39468504518405	466.35350600165975
48.18777643754861	311.8107366708326
38.60602799336766	468.6077577820651
33.75654610286776	574.9384200947937
43.73348559711398	440.24110738837936
32.106614942803255	378.2655861973715
48.56702480242556	364.31699412564114
45.22514105265758	222.6264451399781
28.977302595441444	608.8287017855791
37.21037069668191	505.9850892029114
60.49812095785926	460.94027836687104
51.91899334413573	228.6914595416268
50.235306441853446	551.8496866595946
58.97767016745977	634.1173946507154
42.127397758576606	449.42149800631006
44.70044187368202	370.2716919048754
22.141335080658887	452.6361475008577
42.92192728326373	404.81722543542566
37.69133626155231	488.9788559823579
37.653794300425865	542.8326503183548
19.74192126888623	325.4815182572271
19.637794971440638	445.1870992737351
36.8176247225738	318.8276498663573
45.69760357198647	558.0041739994208
22.96128413173281	222.81160321334505
48.26047171441506	613.8546899244268
43.868085206892026	401.5022870497099
52.788658133133936	492.09904521494457
28.69384665062473	473.93854795948215
20.217747506251897	390.9508722297834
37.56616020624982	417.152669997001
39.35815838711181	398.0278098132685
45.82026567084727	349.755992724402
41.94107630953358	284.7976694924463
34.67274501783096	356.3312281232924
37.15844902071203	337.4584385899767
37.50928155346959	510.35255434203145
48.55555659020712	410.7950127241688
48.50079332417553	462.2199406491632
37.88333018068823	446.92596087584
50.6977145498385	348.21640513659645
28.52308610184333	391.98622698093806
39.36876986888752	280.81939265200634
39.56523050186138	310.9123880289218
33.73684723816993	561.421168706463
37.82868925053798	428.8568864933894
60.12270445700765	504.008254848748
52.00531658473872	420.22838062936
19.15887060501412	360.12750505792627
54.64177238752438	405.88318954828793
36.70552213652908	335.359913424894
52.35811620006939	375.4625829379145
58.90440685155782	530.5245751647266
26.12131449544198	400.75365019831054
28.774551937555863	380.3250488397598
49.58385819842042	561.0772829838235
38.76267319900244	376.89362234169806
53.62562852712452	511.8527807740022
34.1509234658223	478.8239047173216
47.1587274469096	360.4346482339684
26.64518430900109	418.4924661300163
45.82737583173864	453.5973969953294
24.140166877620416	432.3822077172
39.68796511060916	502.0247899215762
36.27680947062077	366.661401344434
13.692698631709366	422.6207204557999
37.200066981255205	412.3375205874709
27.77104980444436	277.109519646698
29.08066099604687	370.776818000044
45.987943895619104	397.8045513496572
41.784766638853895	604.1236108148156
28.67215048732255	398.2364586953596
35.95602576816039	406.91417729714817
47.12322159580162	358.7327127774938
42.04389031602977	317.2169463156521
31.6307929620372	345.28461069962674
52.74875041278722	506.7326028150042
51.78512689798423	512.8263024298994
36.50560672783044	557.3411429078602
31.917342783590737	355.99724644184414
49.75312458477979	459.4528561652871
39.328217099506446	339.1415232887905
27.41495089324665	337.78479893101604
41.43048769878952	516.8240127699262
45.72006278300473	502.1027716990321
28.963301714696307	364.7168286168206
40.54934110999849	450.29836917617945
47.39653151724672	440.1668710895679
26.73527871688917	439.8938347379124
21.23447293958126	379.9089362252863
21.96137207437635	390.82812363477353
43.79767636040896	439.0359388387711
46.6470274533311	323.48095080103815
38.40954789599949	414.4342983643286
50.47317706621448	304.8413110582416
33.49976065593102	438.5930631465645
57.38851351853332	311.1014194174971
31.74589470021045	404.6458155525746
45.56553124533758	532.9621195595314
49.42788514140076	251.3174202616795
46.188862980231534	465.8466271901978
33.95255335461788	305.80026940580046
63.49075786700757	533.6277011363451
31.021699335743705	298.4774716822836
40.77480518518863	432.56695769488215
53.183023248526695	408.1099799442191
43.03818595604876	260.5959395458046
52.17959152305559	397.4119320224403
52.49618905296667	311.75253890322983
35.12797078805073	514.9519600449588
22.289314469119088	315.14826839857875
52.528426344274834	409.4598535429731
38.83770956878042	404.55472212938565
35.355957376906126	576.9655104303469
47.931756882186775	529.7612019675939
43.8632331781156	484.7335207949159
47.83390509282596	449.7512850464916
37.6049807797825	401.19962652486186
61.69936588080543	644.7007755034355
49.51449277058087	396.46241649010585
26.7754204325643	337.62469061721555
30.35294574249285	228.1563154127794
25.948101531964248	469.1740288180585
36.86470313827602	489.3485767974489
45.15628088443957	518.7106522493651
18.038721789000537	262.7176363755776
33.858774349916835	187.97353455482005
44.64369863546574	370.8785463693662
19.135223416289158	300.8424300694357
36.419706202530136	391.9970079859376
56.786746733725664	419.5597943983676
43.216785413765	337.8086070778081
40.03375506597161	460.3228933476706
46.40479795200824	349.4307200033892
20.314957865619466	463.7824230628565
17.53110666015395	540.7830008839829
39.42609296998457	183.5539847415786
26.31684961167189	495.1238963040487
43.957988487097474	504.9467157364175
50.450884740847535	452.6824499498823
30.903165830181663	446.3915388649858
59.45195074276933	453.4771314447335
43.29508735573009	567.1601300749882
41.02484642158208	397.1761637267312
40.006828189574826	434.9806446909093
26.489256337919787	307.84886748021376
36.84913268805892	346.9724874532053
35.22354417395995	477.1529435802109
40.49308331520223	424.9074223607345
45.68103205128647	337.58776718966624
31.372242359568794	411.9301607422203
71.09918556005361	516.1184133660353
32.04442932059118	507.18800333809605
45.14254756017835	495.47756287962943
43.6873314731752	464.3947854759977
39.05541285557997	303.73960615019433
52.49504900706159	359.6662615767393
34.64198536947702	422.9820796541854
55.94442391749197	572.8307127843897
31.36506395035066	431.7014642338264
51.39555536025469	372.05579995831295
44.71542380418206	600.7029645997578
72.43092969594733	418.3521269952489
48.20344012612456	337.78221554093045
32.07476552884788	503.53227868183546
58.493621413863806	322.8416252346103
34.82307427130785	337.6827748349534
28.00302471634692	421.9683993150344
47.63860351633423	291.89076215434807
33.4791111140694	462.0125854164038
32.37480760853402	444.33668621853406
42.076033514006255	428.4551125007591
43.61661061247017	420.3669592386487
44.49473912832307	360.6948546937385
41.26267736234068	297.8924217492953
30.141961913321733	391.69270694528393
19.349169537436797	430.6241082379049
38.17431025620459	356.1820264960155
40.85209449633901	345.5366147456226
32.15238091872297	423.5744484963856
45.02744807490814	538.3552934617105
22.2376476710168	351.2280905557433
45.345056484805504	447.3531311334498
37.05757494363542	481.64241197728006
39.1940025070324	293.061446386858
44.86036289417637	411.1411567625461
45.0066572138121	357.74535391575125
52.95871781863014	379.5500620734735
52.23568882418628	445.1201779613252
38.44740951175251	400.206128806882
36.02320306385396	401.6307290060605
47.50579167521766	460.01118624059615
34.02489805308358	551.1658110882634
32.43236022984074	390.6879874392604
38.14154247807253	369.8712734076021
49.13771621385585	547.2433082264494
40.8199555641356	372.327169496581
46.95537757565778	483.3308471605029
44.79827035366833	501.49418933703424
30.757668557316958	609.2319851806596
42.96575545140762	450.55795019726247
28.46667596794255	377.1238934615904
31.485935657396865	377.191359577477
27.43493105720744	431.5316213171547
50.63940987560856	450.89753279039
37.84390421431978	377.8363966075925
32.76009668257391	494.1841311694031
32.66967004476011	308.865324826334
30.354622050898087	363.9546666389461
50.01824853681937	527.8167412688048
50.651719657143865	359.19734461748897
35.696906800453576	312.4289851798079
54.03369970125191	451.4091918163452
39.04535752910927	493.2179732521879
37.45044206446302	339.31452057016264
42.52240396426677	417.03275615114
35.04121827989851	253.83812017019
58.32557043479201	350.4393488027972
41.85688580418739	493.88228772729815
12.524951572747652	406.6256435218221
40.34713748752562	385.905005344165
38.34368589682368	540.3856639198252
47.60846654311478	355.285940400992
44.2097294438939	398.9537938067986
42.430047220544	426.79524307631215
45.01782736167545	327.83018268921626
10.088640290992767	381.8238775764574
31.49464721252956	491.34175339283183
41.99423985986767	407.0403732379263
40.8568716140336	469.8619747731788
46.95863839093785	355.80070584958725
58.0930634973311	432.3831044436645
44.24066861518451	337.0382215162356
51.91707497107065	460.8484446295446
42.77358461964676	441.4951642566501
40.72680524329341	703.4108983638112
46.64927162301741	407.7793040834401
33.21356938705897	468.6322492989568
30.7048913980759	235.2094300589268
56.744924333475375	459.8262348360879
27.004187630724022	505.6563659214522
48.59587886979802	256.24879764213176
36.42970799193391	338.77555114279943
52.46891715534719	375.0805176909461
36.0798736008087	377.955357259136
63.079162506161104	450.7328983261047
50.35443416416945	355.81852573814393
34.753375929331966	261.2715160920208
43.07612668189197	290.0501253755949
48.69156064389273	489.10772965861565
43.90695920928144	473.1691211802431
49.78422112028035	359.59722574873354
45.53040085852359	368.5384721275391
30.824971789857365	240.8977949478196
26.473297141564657	348.7029706450391
37.026239207568935	414.1326372707421
36.52697711042157	236.8087379170491
39.51102816525894	368.04026545440144
24.021278655051624	190.35670467095875
55.98538112096341	464.1453428245219
46.65416823691778	403.3390069136816
42.94224129013494	450.33824101105256
28.691115646740844	493.5115522954802
38.20906714983844	395.2764409929054
53.414759155308815	447.54223267340353
41.45063745959381	405.2333896482461
37.32358909101207	308.8326103610614
44.57805609925785	275.3608925522768
50.53985771182876	529.9922647909399
35.86534838876724	384.0956638985239
42.25761523111754	506.87343359915087
39.43411511100104	315.3358095684229
35.488411415910015	497.14676028923554
29.083748278408976	439.5150875307003
28.206308783673823	481.6690534259555
39.51347648429549	426.78465244703136
18.99973492348376	427.7194931581716
42.61250531233856	192.4636777473271
51.79725208360711	568.2752538145304
48.45802872562928	336.5328731249912
56.40614563488288	528.0376032554165
31.232262187881556	346.6893667439242
44.37313187038961	394.9897122865833
50.81984809249942	376.7936046044418
26.42482460158065	500.8538492069532
28.05477060233965	492.40591555721807
47.54733298067809	369.4012286162476
42.24216404290793	641.0432821910398
37.84332362452368	382.9599720940637
46.256309336460006	529.0586735143326
40.8589300629333	489.333479587682
15.73607929464792	406.16006860802185
50.213832954293984	244.164079346656
40.34027411072232	536.0656362508214
38.49679539728128	419.5089317244871
42.07267329398944	290.1381020215475
41.54493665595251	314.1268049136508
30.510834791751627	367.7097168713086
44.73632076811455	465.4132863448284
29.04480611154437	414.8536151812196
34.62354242220184	327.3304895842341
54.484992298929264	427.5053155064708
36.896922946150966	469.2402017898144
46.659242520544616	380.74410513552726
43.379575282321184	455.26039560848335
40.32407013340136	360.3355016140264
35.14694164632132	432.5934517828698
34.14072326682245	483.27730081139873
27.58239424518376	310.1809068170473
31.217367471765336	368.2203377499672
31.43148134872201	326.65624836221826
33.22435347664345	467.5296022264211
25.763173631160768	343.1390975759275
42.12574030632215	296.9523829054634
41.390603986534174	302.9948044306369
28.238266634452195	322.93743378111805
51.12688374989925	514.586748102269
31.869856277398704	320.0495850669171
32.63229864052378	407.2864934866358
37.63444712781054	413.9823831519413
24.369656934287462	224.22013407854467
34.107283482106936	478.56567244337447
45.21279905013815	443.6321103053406
32.90558997572453	376.3980707645522
27.355015930450342	308.472169656964
43.79639648385965	378.92771594631824
46.05606232631313	491.4089681433705
30.33753680246746	300.3283327719245
43.16155957182778	449.328893285202
26.328621935397543	209.46899996377425
36.53573493993101	513.9052360321496
30.59601083515647	322.27618608807023
32.41504665299931	382.06160790412906
46.620518347584735	550.4911293024282
42.70057358391422	471.0123413444175
40.60085994615164	413.19113504387775
45.72390311175676	651.5994503708072
15.067291796699225	298.02498854376165
34.7396515733242	275.69160485349033
33.04305122802936	273.9256964796738
54.94938227453236	466.1641180766667
20.245122287828625	320.0779935525439
29.226239230152416	470.5553854848937
29.14849473442202	313.4298236800029
45.72057441714144	372.8401729879586
41.31065186215849	390.3358434169516
33.42165446147863	496.88441684561343
53.11167497802624	306.099578487659
44.18205755887972	342.33624912968685
44.17680752239401	288.97237751472994
36.57121138442436	497.8565471401816
39.6771938895053	517.0495811445019
46.87065795858916	354.11560663758934
44.94705653775033	396.6086009511146
45.3629090951719	297.98055447629275
57.388996637975794	509.2766811079719
52.30874513154735	462.3144470037368
64.11676675578421	351.48008910665686
49.75816719344709	428.8146135279534
33.05399630836855	369.1777040967345
33.03228181570425	334.5398420395967
56.383597322709406	431.18380546696267
58.29620201716087	526.7486711381471
33.23004861541469	484.6425149388871
44.53508712554468	365.2674497035596
50.36087651046256	432.7337866825714
44.63288530118106	488.5547692480336
41.91897735873036	438.5788802138748
26.275344521158992	389.2919588395573
35.86384334370357	519.3406509365328
49.37915537510655	482.4076792476041
27.96799144610856	448.58553982246406
52.00261749738829	494.31777237252174
47.78936503512114	421.4286891205277
31.03357772684792	389.5451990869317
27.1283643141575	487.6743423217139
37.21116605849244	280.758110231448
36.38689438032709	391.33510792582535
26.27140548518936	349.3298369060957
45.43479378670093	322.430245270435
35.848997110366305	396.2377869933573
47.83589664798607	329.12050350896584
44.44773807831595	579.1038026777526
42.52568845996623	424.6604640342828
60.86047049537114	448.440270362704
50.305805856240575	581.8993951145394
38.13103841838015	576.2541493019179
42.81009250281807	532.3248577881332
43.24458604352517	399.7945754544177
29.674760964724605	391.00917539002575
42.2899639245934	484.3295881588704
24.85529690819233	472.3651442966123
24.806539245231576	444.2222800346648
44.21546083536561	461.8934632392291
39.46095150994261	554.6916142750013
42.98158465990526	432.9304112364002
58.56647436561955	381.813813341022
24.571967817571004	319.1945530059115
22.188415855343667	146.15696915632435
45.08608373233442	604.4195866925808
38.76271053725164	514.9440566827193
29.07878799651433	434.7926690914261
45.583364232117056	619.8008692832931
37.9747577293517	437.39225342371634
35.847862320947286	428.86396649866566
43.48595119860981	481.35755425418336
44.91505647246784	396.8971053945041
34.75432986232949	370.7066196694712
38.184968378643326	496.35281586063553
52.37653757511998	440.1287810480275
58.57702343537733	413.1622477138882
27.609472974733578	209.0313233220301
50.7684814465768	375.5311888802908
50.8005605913931	390.68727076335057
44.24393937861012	580.5268416959966
36.100762934405545	545.0562481634524
29.70628491817929	266.3306533121113
34.3939236315269	357.14237733873966
52.79464931657751	503.31484944570536
56.14778790709852	415.94441889814425
44.66670981966081	335.9121029119645
45.19902139528752	411.9729275584285
44.48635764514528	339.0869767373958
40.07063158628176	439.63045173495726
50.17661466843502	391.255407786768
39.22778954776955	395.7610191841116
47.35621997245747	225.28691451525123
44.51225319318508	461.99123995719145
32.70397530192591	335.5363994587543
18.67404373845164	411.86410070285024
33.70115447636189	430.5982964924536
31.43501762590801	280.8755273939089
59.35154040060229	471.463853790376
36.48078682183491	340.6865645196455
33.62412457924036	340.84192093607163
35.569559788715175	248.37584107536017
27.67476685231491	320.8334562843611
50.61370964873134	575.1246753667856
27.42131844091112	557.8199578691465
32.47564762646965	461.5496869084754
21.30183660467836	233.51309983492143
37.85932302272138	415.9638316260375
41.95024984028127	365.3569256999634
39.05175768719128	501.4034029523067
35.452052826223074	338.9749528374258
35.42366750662385	482.058844861378
49.55300558237753	371.13629190049954
32.842400108892484	439.9239993226456
20.31076857583917	303.8752557509381
44.66545311450127	347.0177815267122
28.99845767028305	257.8003210148027
36.02442234508278	340.7351792176449
30.480815399777644	388.0123766915013
34.51712703509399	468.643081612425
37.65592199683678	456.5944413885552
55.30195198863351	435.5944024926389
27.625733617774276	517.6953934458148
32.25385029981418	330.52842470017123
41.35338347892291	509.6441938287005
44.12998912137797	496.8187775167446
23.173413058773143	403.0479185589832
45.73744421004413	502.415618598534
32.09100618332447	384.9497068287887
44.80744579767984	274.59156582210016
33.65714152310597	281.33968133377806
34.42576946891679	486.269204606306
48.745170741325225	400.9411495507373
24.34351968394404	348.5084941882396
39.80126364631688	292.0858353935246
26.114574461687887	554.7199293545731
54.558223221467664	517.2406203344655
23.271060986884255	257.358098567876
37.81346722564964	394.8918516265815
48.87655425873836	385.9104948647701
42.69294752580734	436.1306843228805
38.16849528946705	404.6739572013054
39.07055793386412	385.6040718002743
58.18061922557825	362.8818079507879
31.53149033874635	254.932360845035
39.39596270803092	357.1452850349152
30.838080845187577	340.1125836744415
37.629880299873726	341.86692164257806
51.53590343316925	500.4292299632357
41.82501030599214	527.2189910114938
60.95843501809159	465.8346340367541
41.8125116260205	429.6234497660689
33.82358323066303	436.1504776411418
38.23225836884218	537.9294212133768
27.19544428997533	468.6057756105297
45.05965553455865	246.24109550220425
29.85240506814148	425.3026413922341
45.348173363459104	458.6181472900389
33.41751587666152	294.3044633942627
23.60515837474566	443.02340185687166
43.27879524159357	718.5327391393984
26.028818148870087	388.40245957544494
39.206115755942974	446.0566978738258
41.31927966771957	279.4901524062869
27.23695583461664	319.6353436528439
43.88375729230168	315.2240740231157
29.01379574822188	449.4095834721051
49.4118186641997	450.337643488716
57.8179890877106	563.5434072193048
36.729826823902286	542.3856836715548
37.15615350393491	405.8543446990548
50.35249334723753	465.4263261390448
42.95279940620868	315.2137346696404
34.608772968510216	310.72385362390986
36.12300083591439	427.00754042139465
60.52972024501664	450.4707627504078
49.96118214911129	390.1334356358228
41.81062742771083	532.3721531576149
32.40296882519713	372.7929213274634
46.08246191684969	425.7956142758812
47.79349003905333	325.77233385472914
48.34751326324882	441.4114853710241
23.108169620327384	396.3932048336328
35.19166210488021	273.4600872013464
21.09989828817057	329.1716659427362
22.48171193248281	438.0494849267128
24.688924974442777	355.9187489117043
35.12294627051256	486.0459427545777
40.0855608082435	415.8649213438861
39.62429355020519	356.0066705161188
41.39887232839127	395.9081624641423
52.75390737999015	498.7191803358413
50.38378851019317	509.3284605571964
43.341764172448976	430.05720924252427
34.69029102188036	262.74166642107787
44.32959825360696	397.18044310549305
36.307228607537965	535.5873451099285
31.8759765106258	574.5398545993437
40.03695671847847	419.8517060968656
43.496500472996935	413.3184499389278
53.51072892413139	439.874995343671
42.39404500535377	509.7944676524799
42.57975981221181	492.64583349544057
29.415593663583472	440.0556212110678
47.5656467491314	349.8985272823807
45.71179406219208	421.1938681203937
37.40199859232487	445.15048223165314
30.63493625210404	333.87259961395523
44.920188479928	464.6229756515461
33.617172734715055	393.5892910379133
36.25177943378194	323.6828290714822
38.24621544101309	444.7127087802286
37.202398315041656	351.7705769278597
49.2427013953783	404.8255253147941
44.80908092748896	494.29763592290647
43.60647891435795	423.4429643503632
48.20158186755484	552.6232082239741
33.82746813453077	420.4535746650584
52.67651511187974	454.528213163883
38.094968940021886	290.8566196875871
32.95271564389116	294.80077722676884
42.88728003009836	363.5683932229346
46.98688813517043	487.1254863293754
51.86734620177331	325.2097859102188
52.96063061781396	241.17396709125453
39.31876574832047	314.33706395807803
47.5109945450731	185.22888986102345
45.5174079991092	494.3659966009399
32.140139673650175	420.2984982136167
41.85175536829914	468.0196528824612
43.42337834489621	457.88485207219424
49.33128072341069	389.6811670415471
49.32191564260385	304.10577125533865
41.56972960968434	388.1058467564447
28.42883381286729	538.4862987600068
43.83435031403644	447.20348888712135
35.28875348182122	449.8543883485471
44.04212865277332	445.9646892460445
28.804538716168317	300.978701148447
38.655032155982674	326.5490850621216
32.71727797593387	419.8829717726188
42.12093353074175	522.3908309384761
46.71531171729053	588.4814416865488
45.13614464231096	420.34683004880674
27.068584562413523	452.9675720632458
34.907866374008655	385.3770880091473
57.24696649761108	431.6600902430547
25.503547803014698	447.7695576920032
46.220699903060485	488.7081629253004
38.22082124195602	473.3281395892006
53.25432109095078	563.0555570949778
46.032475005713934	345.6378817910115
35.002698238483696	475.9886172077597
43.48341739246127	320.68231541774475
38.441018220633325	488.9014486173316
35.8850685543782	394.712058959376
37.43659321627508	596.5805758634386
43.440539215634665	391.78426117157136
40.58984221589597	382.4053716122276
44.79441518086064	242.3249440565897
41.23078201656181	633.6358263904116
32.201470537783614	319.11023430740454
42.185340424109455	524.3788353406186
40.85318142565024	412.3965244399951
24.35197228637945	245.6331739109653
35.9189916083978	551.2969126993187
28.130066116942555	497.1358048665829
55.9058207261785	312.8017633968719
40.52258490497484	404.4996517403855
57.031726099180375	492.61363954252346
41.75536229578598	323.28688256038083
42.00459631413729	423.5105527885144
15.019389825070604	371.9812110578444
31.71803727034765	359.10582736755885
39.31365953914531	341.97883932186505
33.46101611674423	543.967367063273
25.66848185475288	300.2697356657051
31.94828248257124	381.2781762162858
39.66074774072092	280.0749327770639
20.87745024580223	516.3468094509593
60.1527511046064	446.4090773194093
22.687986965550746	227.12182351848213
39.13930307209107	475.7273007904583
57.49583904205421	469.91028314844857
25.33214809384323	487.0409942063583
51.59381043300522	419.5922623867023
27.542826235536157	377.7593987143614
43.18521004798875	303.22991874182804
32.65826201221504	434.2797932804152
18.30322582274298	364.1522192129944
41.96131459023907	425.6438940094855
45.731278132412	415.6241310599113
33.67244970114961	445.79079072720185
56.76393027208204	382.46878658026327
51.97246923645228	391.3676622343424
50.74333004770244	426.4116858097746
29.410924129433997	464.4536510106656
35.672261164116115	315.23704408055085
34.13468730436065	425.21997327879984
60.67906338163552	525.7576105127303
29.894017800710863	458.3688482391863
43.11652856004778	524.7478256271389
44.35975389500046	299.8289592193244
30.49089270312768	339.1253641768862
43.49800024567907	548.9154050767514
41.893283072923744	260.7236598289546
42.502002062516944	418.005781898264
49.41310580767483	400.29343170158
42.96576938530305	382.8713301881456
38.86871947484259	489.0410027218391
25.20555776860276	401.3807590602589
39.12564671222819	410.4343324857098
30.755340118704456	432.4810914483535
47.89056687375519	371.3283157197356
44.99864123740372	377.1230250333412
39.26052434391608	479.0302722685645
47.90371896051711	405.5160773675191
62.816518365388426	487.9671969937575
45.0024046943657	366.66337708130607
33.69975020466106	379.03220286421663
52.769653860881874	468.26404080687234
41.84710474781083	451.9365957165959
29.80304680291143	368.5081973559951
51.17398815902461	364.45952374190347
37.11961126077924	378.8818632878918
36.5909212265392	395.8528855886357
58.07196643637885	539.9707831160603
52.06608154863915	334.82103880789947
36.0377032189824	452.0004872031886
31.536840225342644	524.6413313155346
24.230035178090027	600.1260188961011
41.34296497247793	594.435283121147
26.51952888059833	426.2414376770519
32.683682610914715	302.475571101889
42.25307922040942	426.1633788373428
61.65056067806603	519.6793965447979
46.06850593215671	457.22789289565776
57.19040612841821	273.3561806252999
27.306695034533007	232.6908261396016
44.8387665118804	456.2068772536464
43.2910677871013	519.1357742090654
23.45112563771704	248.1040007314797
34.64683287432341	301.72393601563766
31.680450825055487	324.30808735156546
34.98597853114363	426.1369265105325
54.51001438131336	442.1175507645773
34.835703561124284	375.02398831706034
36.77971845507942	531.0715817568688
42.95624488747095	354.8503299796328
44.25843658629829	602.5485332889212
38.847757674478025	440.3614246535804
44.914294527202	492.1397802907855
20.32930296412848	320.10103129531615
42.06361771325451	344.2190291041334
30.73301691152689	348.9891525184861
46.85507738790204	378.6454518651493
33.50173114502564	338.59644501124006
49.13473732017407	457.5313962971365
43.38023481101708	631.190506287954
40.25210867540082	503.192706916758
53.46225756202748	385.3561934668455
57.025146581296056	519.6296293654749
20.50438282245633	409.78904191081335
29.96042627918501	368.2095436096781
19.244119909214668	454.122887389735
35.36838637914601	256.0965337815732
35.95638007309977	330.8129473510848
22.0610750213211	338.678665694008
45.859042011646494	507.7193804459839
54.20504287271064	451.7229135464873
37.16861103256233	334.7160465654321
32.78262446662747	373.46511747808455
37.70451344639653	401.51417386629817
31.75387749565239	462.0809249619279
29.233208725289863	266.2961264650678
30.64403701237574	287.439337746359
38.24436054500784	118.27004405314196
30.9224381985308	348.12755836426425
60.88442772869925	436.39391060050696
33.9601937403077	451.08775292235794
41.57127918990941	482.7432580972601
23.433767923222263	256.8099353968036
50.70610559979186	540.3572340996448
32.87826135823956	468.5985189927525
36.12900297525599	354.4631390443692
41.49363482271189	358.7478882248425
28.45637331767016	443.1724736566211
48.81407528923571	213.24268874246917
41.0940847183297	446.3541879326074
57.34936575836808	456.003048656252
51.80640912452144	619.2214816374079
41.26177903661967	557.3268609339261
44.62060893251896	335.0969909729582
46.80230208417629	493.3865619020334
24.385067775581405	386.5759273875704
49.50015828669645	368.05990184170633
38.74825571616836	356.2668824197103
64.26716486345522	351.9697168932632
34.01562419418953	591.6291102941268
42.15396505456288	526.5256945095728
59.625871905307946	456.1185115203288
48.76455645502936	449.6863242596259
44.58168114788699	450.7602061503654
42.16683118964286	419.16579457241295
50.48707126416564	347.00119288123835
34.71022291935985	292.49103945453965
19.22188180143803	376.4234668151464
33.74322712503788	407.3233279240376
42.58661147855389	430.058589643778
42.23153054747697	320.8055954484534
48.484308822052846	520.8883623793292
45.646059258936006	469.03912179728025
51.01322957735762	529.4173367178906
45.114995753618615	446.8785694832272
34.86803635486604	392.5065533439674
40.18016872044446	360.3674219977985
52.906444609225474	440.0996182970077
39.28400748141933	470.7952888423244
42.33848025789598	441.3453298505917
24.526960110616344	418.31243129152887
39.37360422672765	307.91181361810163
43.88978729352184	376.23070720192607
41.6048962397348	538.4844679671414
45.055892418358745	385.37731208132095
31.95033519147439	548.2314119442558
55.73019725214856	363.3674726194464
37.811337482643744	328.61907957012994
46.38660168643102	444.60842413481896
48.760467925297945	368.9500626405356
46.79142775438196	507.46099641044
35.87002177856566	380.47049304108896
51.27908993253569	512.7880490530587
46.19711445966136	437.2116233953852
50.51947617722919	404.0070414926659
37.41145599630168	299.2763011432726
48.38940500469612	244.41164382949316
56.56208252057296	540.3428352024937
36.692107756724425	353.1074370461378
36.594012930901386	389.86183020281504
44.50603412862539	262.8672562013424
22.237536665335483	330.54288733734177
47.56788679986982	452.3048180327097
44.25444864184172	469.2423013161669
49.57791614472906	343.6681870534873
38.393688804745054	423.0937914466434
43.93797298216251	519.072938153888
37.93388720303953	293.4654845266479
45.53149156379209	512.4460074882585
34.10887867218873	537.0389941445532
52.300005727191504	431.6936764645639
36.97819413017378	538.3059860365092
44.200944904518416	429.038508885
36.27324416048025	352.46463541391364
43.326075103241976	451.3877043500691
45.04483256383017	317.7829433316622
37.77525103221735	406.0716003379256
43.215932113392384	446.20236342781857
45.33359244705449	387.0863862749568
37.94140569119659	420.0060785726377
36.304730711666416	356.1638551008665
16.09695632530562	221.21148606486187
23.314007411218046	431.9878087225681
21.103507079038472	351.19992470177687
40.41325632270618	522.9093445983444
61.96223142152799	405.00518827384417
63.036387521047885	513.2658227243145
35.83805595114746	362.7897511383272
45.95490897639257	415.8369935148512
43.5250496835688	422.0861276521319
52.83816859853562	217.36620696024264
28.78756259905608	376.7587096547351
34.517312050749226	335.7294776651959
34.11133173261304	270.6659446918688
33.11114457424594	513.4624374301333
34.10105243537109	237.02189195967884
46.50450092536139	492.0754597390704
48.11396554491592	314.004968099778
47.640297815728594	312.3008663280083
42.32786742940164	341.54181224445347
43.70211889941741	305.1084834271694
49.00398588395064	462.04393754060186
40.46002747253274	503.01695830224577
30.813134885139057	481.0172444540368
63.638724946193605	398.58888373337896
33.92645566787789	419.24427207737057
47.21135362545581	327.94761146505823
42.6402008133367	426.2863616433174
39.01154798760694	444.3472808534664
53.88337778208448	362.027263822457
47.426824183597226	525.4027745719887
39.46879346982455	318.9292172343196
37.58502554129221	393.6834931224222
31.74346317197858	216.04157763732195
29.861040477074624	402.8943263760114
37.57318723187967	496.1872241979144
17.69531980875541	366.2568193712255
50.97300187543709	327.7539895342879
34.490181964617506	351.89720161459377
36.40370327547538	398.9655131608397
38.4975701120174	207.89101378952165
34.806036281738734	516.6582103069204
32.4171793111241	420.2469684441676
35.63235762761782	516.8419256940891
34.18217966607946	363.5357457354998
49.778155496862006	548.6722371749015
54.01598592946429	341.3957537106816
36.17182810387031	290.9752800518549
40.771564962177166	472.7425670302465
38.99524279428295	454.5656587508407
39.379959906339685	464.4043666178962
36.00100937868863	181.5719604695037
36.07528893939127	384.9884363800816
19.365968475205456	455.51585339044505
52.718924219386565	378.2622219078764
43.385528762859146	435.3263010487581
34.0337094138827	181.09738088752837
34.494480682915125	401.73370441222914
40.1249932190725	514.761180034517
30.41221543813225	272.8223528921023
31.04653677636976	331.997359194936
31.550585614065035	280.92770497354
42.34024454353148	525.6446627869199
36.82649507757465	414.5225647834067
69.49094425308725	609.8235520068705
38.168033812796125	405.9484027546788
34.38442253669375	391.3977516395888
46.33661024774059	468.14132754035273
34.07644044347946	316.6946459200737
47.424589135926205	483.8150060268167
43.3868731792169	392.6670177388495
44.81866061718492	453.9701729401405
34.41698246053969	245.15776871744995
43.55668948563229	235.57371031383704
15.116726465870103	251.9610329252407
39.97596159081146	472.04244692408594
39.16282040150788	551.4065394637253
57.5547569831549	476.7155100128
32.8395656372416	275.6320291813065
41.89479821221081	378.2395653749381
34.02332316745143	633.0489335053607
32.8116761239127	364.1545162486416
30.9932861748752	385.84640501875214
36.433268658201285	391.3943740442866
42.92715482141853	485.1699693407341
34.28253958043938	593.1035417128297
24.17823236653873	185.82469466843332
46.549755842216896	672.8567542658848
43.794053976051096	360.7400420423598
53.31339061988403	328.7887674913045
28.435841832561437	207.66757680480845
39.35922235851283	348.4888563884701
53.814540786904864	354.3238888944123
19.17901296811013	478.21544868970926
27.450773319977078	354.2050007654027
26.474913105592776	429.3237363850833
53.28640828248231	556.3928312961398
42.43657223702714	379.5652961538988
47.93818467143816	452.8559956903616
42.60280506582886	454.7216770951649
51.73442276632445	421.6431058139177
35.82633186394916	517.0504806271014
40.327969954115865	271.9234323958308
44.96873590507597	313.0682978465052
33.779651944456184	341.4687594162165
41.72254386411038	531.62422710084
31.133190777165428	266.5751162234653
35.49987142004186	411.6605723608386
54.473056993918064	341.39065599224705
43.35058029084117	394.9981686520114
48.89037122279892	549.9218407158749
47.68839675968897	356.769874575337
45.03252064749505	387.30559313037065
54.96710407445981	421.08883280160336
31.201856464979457	304.0681322002012
26.50423788448468	390.29087398991066
46.81362326575305	473.2515696119161
44.55904195170703	600.3950773507701
24.1641161021242	411.8072979422086
24.828263033283207	517.3338831509351
28.107675349228707	388.2211168444346
36.915172115441806	178.1874939877994
39.08155235665045	441.28014055008094
38.93662997468685	454.22192511155566
50.75343401956898	427.5614453491072
20.88359449348243	336.9893615537632
47.45005312877281	320.8151996720642
45.00143033113884	476.445786048434
21.581022270421425	373.8957517623696
38.03533416571903	514.6693751397487
43.07676653401114	459.0859977729634
34.20875890364253	531.0028559374673
39.37808983000689	345.7667727217054
22.068935474654232	387.0161220313657
20.04468219548261	415.2538519259673
44.08052846836756	410.619865567677
35.82569618010568	443.8006543488728
49.96570510579447	448.20479954247554
41.13140457053023	415.9363214812855
40.37937835447602	556.3260840135459
44.44198327290672	342.7851573784244
43.82988984740928	261.701541051603
34.619522415098615	388.91728765411847
26.613942002767512	318.9138061504992
66.20793091029975	485.0107074675245
36.63745261318928	468.3793882809111
36.97954500510136	244.01367189277133
37.283448896739465	441.6978130757453
32.33343412216652	391.1237726532856
38.05730868021481	447.7667516087154
49.9558151400203	491.5882078651346
39.20932658135444	347.3586549933296
45.06240989305926	676.3557984231959
59.23445794824953	541.5864353688546
28.058105989077102	531.683900797591
62.72434720446881	426.74225172164114
34.03025713278926	481.9228719347362
42.04758882401784	523.4220284816764
44.43002130447376	481.6841447388574
26.09778074846537	315.4399105983874
38.05302703883319	559.5867143183755
51.94109403047372	445.5166051183027
41.99810433718714	506.0904993843273
45.48319627554498	323.3981442792765
43.20785725932684	634.3493721990357
26.668716452221936	294.3786964017136
23.9972889549629	555.9504043365006
38.89187439720912	448.68451033044414
42.078025073533134	488.89146522041216
48.81146720813369	417.8299994037721
50.09471788595969	340.2831722840981
43.63970630852738	426.5121651373682
43.24057028221561	450.86643519621714
52.23083067095325	543.3543733132
39.50970659161963	483.7174486035949
52.000789564268615	390.9805408436576
49.85449685615218	303.3895168540439
38.4184615562768	467.6037003130478
43.22082310766986	383.1032337956916
55.16394055253573	549.0781962441687
51.94592220513731	503.8337567304456
43.93307050005323	437.0230605979916
50.581183250871504	642.2257632674992
30.818730165834253	398.2985267471662
36.06470144030271	340.0783158530977
38.482855664227706	379.9606092561164
27.71556168734237	542.878312984293
36.63447410121827	331.15241131413416
30.061373251651467	285.2378107600306
35.8777925497553	468.1948476000401
42.66818396295402	363.1270486202615
42.65616993172534	562.1999827486933
44.96400117733941	547.5655044637668
37.37340479683832	513.945550964311
55.89838978180684	433.0707843528752
47.75155494034783	593.2566554920943
24.67299440110069	509.28569245434255
24.99778138553064	318.94342534152014
44.72630345843406	501.7962750064864
41.75286778933924	282.7879670362771
47.060789138151314	374.2579478259439
48.451579711843216	537.6101802863719
41.86416169744047	470.13096204501073
39.77699716281947	539.2607536759857
41.1053531747394	479.9846754412896
36.40231354210914	270.9348137126736
30.62074423463601	366.5873918543273
42.16775563762629	401.9030486305837
44.32262950634156	556.1624593127206
40.176132519336576	389.550083569636
37.313542466902575	552.4476117825967
63.20040722017259	463.5867107394163
39.54588782067762	452.77638033409545
34.61158143807262	416.75178445581935
36.30792799552554	407.8959915758759
40.95344199441308	613.269028252868
45.14062552424776	465.1374317564536
39.996863273882255	436.7917991429716
30.246339727217503	437.80243615477735
68.68403055666768	418.88315104130777
44.93654847643151	435.23818651270375
39.90711438432184	441.0762353341102
31.55675962816929	273.89706148672974
43.09998983165555	379.9078927577105
28.488462634471308	397.93632068595286
29.57955587756897	209.10770081373124
43.17453261250175	450.5693598941575
24.810891749099323	257.44478320940044
57.19377906207296	436.7107276749646
51.628385775349855	385.7540717480336
42.23270835920261	412.1257964749038
19.925431392549903	339.6640474910856
45.53251219984784	667.9407518417437
53.2893331953541	492.9402716937966
29.503445010900588	399.2510556031122
42.60442263333556	392.7467325026208
41.59462506804129	484.9412079679794
55.886269280435954	382.5731267128256
21.6885512166165	432.8793666728916
38.0307819200311	451.8164064534196
39.02084753557096	409.8291128249746
47.82873734948573	333.61999131497925
50.97152711753696	457.2955493218231
50.251091525817735	388.659771709146
58.97288694773111	472.06144713267366
24.513817011362534	449.04325585155726
28.24405394375148	328.0527265811068
47.14609790636618	391.83708184612186
42.02328796422802	459.5243020017722
18.71265905585188	320.53505192840805
43.13184473864981	355.31560858475746
44.57280404615241	357.411439096756
30.544931200572687	234.20088263432507
46.40542935074774	440.4058547868095
36.64862218828548	365.3177512230668
50.41724664058852	193.683651496752
51.70198709196604	385.6434408934609
47.59514887486108	347.3061052490186
59.92515353168118	448.4827527299052
27.07737304894381	316.1627841986929
35.48050628088122	318.51029737095774
42.88723662825024	378.6012436024358
36.73303786813636	471.7154209195008
33.25065981209448	378.7533194215254
42.16624975404619	376.5043984450616
43.195246707829554	439.4286955300768
54.350873992222354	504.2638554914754
44.21586610614456	608.6339645442691
34.44453220513133	338.52167535094884
39.77721020816287	365.4454394720344
48.72315380028451	438.16880512516326
53.69701107654185	257.7318376242373
31.88999136371155	364.5089519106965
52.20282896417717	348.79979080828866
43.67481665474304	456.6449589735231
59.48342644789813	447.2921103146209
18.792998473649337	459.317327852725
31.84624371683879	389.9643547794511
56.77377087805489	458.9475122026416
34.3923909302014	455.020289420868
42.14713183170527	221.3411299030891
48.1079864559171	370.3398676717852
28.88419750486449	471.3407035012009
42.78348634644669	370.4359977391845
28.32220448732065	448.5726632850141
50.729780477660114	333.1295917410285
40.79801484058733	417.7614769860338
31.18931663338708	232.6791280791745
56.99435983008709	403.9379290687325
26.44552496887711	385.642226370188
35.483405238403776	503.4068616561929
34.901933068091175	306.1519350147527
36.16028728047648	309.98160806108007
44.14865500361911	338.6297698336598
26.632745611240694	415.88308463409726
50.07443973195198	547.5884229453792
48.15501022444263	512.9189294412355
38.356647941146086	384.5527534905354
26.28326302769534	516.6396521667732
43.11109991143195	491.4823298033658
55.37931918412553	305.5543409316353
42.620668090867255	324.16159016945323
48.232799156777055	585.7940452393481
28.623143295751834	442.5012483693212
17.831811606459354	503.7737357292457
28.48985916380493	486.36841381827975
35.05034519631927	448.6495056329449
39.40584818727506	491.38889575827847
37.20189657622994	364.9748413360209
35.96924010934969	408.39722697229706
42.869558543017085	476.9218699610813
18.727725796485046	355.8291979633845
